49700
133878
126338
131455
88405
140060
142007
99393
86469
162873
135210
273628
160042
30290
176318
88517
253049
95206
217195
131557
445002
153798
225154
208904
41918
147945
122162
198458
168471
90386
121771
326522
175317
87541
109266
146408
490138
245073
71261
40190
313485
281066
153483
180723
112503
148810
90307
105956
96114
215968
286825
308503
62208
80650
178982
96121
135394
167832
289730
58200
432539
154641
298970
130176
153623
87900
124951
90651
373992
198076
234622
179186
112380
149808
174126
247404
32978
628844
81518
213397
342716
26111
433745
197698
71330
97611
103434
111720
357619
77525
162507
51122
224479
31956
75637
52242
96465
61717
101541
215869
55781
261193
195733
253669
84725
114259
54140
175056
119485
346547
206656
125466
148819
53670
250403
153782
132745
426541
94187
96435
115961
121607
170945
98289
198324
258472
68053
148296
66713
205905
41662
373931
181682
76002
205799
77381
325055
74862
161369
302110
102797
276756
102278
183006
334362
115104
89167
65945
133406
46257
60289
32076
115108
69760
94843
148108
49510
166867
607461
44238
408111
60527
46627
141142
164032
104566
333471
54751
67772
152500
221686
69432
117977
147275
248101
160466
191269
158528
126449
119085
105926
72810
103641
267259
84928
56748
61795
291893
90107
66945
67514
107475
551048
816635
150730
161369
59006
80215
71925
172912
133414
293401
37807
111195
72846
73374
32086
92822
45620
162656
77620
71872
396732
201621
31105
180023
152846
310705
114822
65007
342804
557879
301508
48733
378071
238397
202905
66509
61876
155296
164228
69447
168480
142541
430109
54580
193813
110134
239444
60153
94940
102671
175742
523371
781890
170365
41851
56081
295126
137254
84126
398989
152445
241158
89283
97629
108616
102081
87252
141811
115835
91048
83407
92500
145546
477447
61775
108734
261236
109837
124005
69573
147255
325137
228151
51491
270079
60609
120791
126745
112276
80324
43989
172829
80245
83873
81691
134442
382301
55423
112620
72877
65077
81356
76415
100058
169513
284612
29535
69837
158650
66107
188640
178872
282715
126861
46243
100639
111152
442808
134585
58789
198061
243177
84491
167397
168594
384758
95743
45357
42101
43692
78211
175272
71669
48666
116655
85333
38332
336408
50370
83309
195199
75947
11265
161918
103195
119020
128847
91936
78837
76334
99901
163336
272571
105423
223632
51258
88265
186328
144380
192739
97407
473625
112279
256917
300069
88936
186106
180203
143788
221449
212751
38014
319738
107921
148394
198316
90763
31241
388185
25477
327347
53328
125602
212939
248700
84324
150486
370515
133546
300606
229831
62821
250115
424417
91189
381324
101942
451412
139774
60998
187450
239760
204378
86722
47845
264933
111561
132936
160428
80732
211213
170598
104942
147690
135942
81852
111441
175122
187168
236859
70752
59926
134016
75683
271719
52234
42672
136089
216819
46588
107367
217762
272960
133752
80505
35076
252125
179994
57362
129398
189330
40905
123734
325559
65162
128265
425619
72179
55678
223260
76896
167359
93577
319302
138107
40948
354285
61549
101597
123728
152219
222575
70962
58443
276675
122231
74529
186908
104602
110076
582894
269550
20683
163609
93669
235724
230178
143243
155224
127146
152104
110010
194695
193167
85593
41686
141047
61218
197986
186096
211316
87443
36424
83800
261402
102236
268683
168379
140056
52023
134582
145105
128282
206062
335913
168377
197085
118858
