48592
369706
239450
23446
1852650
20844
3041830
709298
1474650
21043
346935
224898
35298
601016
38003
42449
19167
9956
15544
52497
37402
30807
471229
20695
31778
28085
443661
32340
2011346
1817885
37570
35708
316100
41689
24847
17963
35776
18340
33161
37914
36681
507132
993242
501021
1108352
24542
32797
257795
34702
354743
23907
173021
1867049
1333205
31904
54328
38180
1133576
1217707
173736
152864
43051
19854
495692
11737
38569
39133
331736
1536261
35256
24752
1491745
41931
30976
38297
258310
13581
128723
17165
21613
35197
20902
487977
35441
40394
41882
29896
25627
30960
41801
26017
42600
30355
483404
29936
460599
6983
37088
3589173
39755
