44213
13642
71128
19991
67432
40458
40873
27201
284592
51990
36624
197853
21116
24229
30915
357947
24159
16572
30655
28231
17983
17335
57632
11998
27918
77432
120179
35005
32771
27503
35091
113064
102949
21069
21917
26522
48859
143892
23036
21305
24096
33389
99529
177158
327935
17843
10616
33861
34756
280869
28774
32460
18916
15956
388601
28794
25970
24039
11272
23482
12668
23665
11274
29262
110093
12287
45691
26526
44880
186684
61038
44830
15173
20436
31126
16377
18444
17608
21745
34284
36819
259447
36569
32173
96843
24311
9906
39597
12277
8426
33314
521858
8725
7368
10527
43573
27507
63434
24934
36906
337617
30903
26427
27130
19729
686736
35146
24743
13705
32545
40421
26754
33835
11817
17122
11259
16104
11620
36909
10955
203073
25138
21570
35015
48987
59912
23631
27461
10211
25743
31731
10285
20977
39798
20866
10901
24000
23848
121712
44027
27071
90681
251123
69083
18345
15134
43873
31627
18732
27024
16987
35502
14671
28995
88823
29862
42861
21959
16921
15144
9524
11678
22147
376755
110995
9136
50069
31929
25618
41015
12201
22025
32720
253605
156656
48919
22228
18169
132462
182228
25982
128508
16584
21741
11033
15269
44069
30655
14058
15258
46499
604942
22830
7762
601217
17110
17064
43120
259950
14856
22239
21231
47369
234345
9192
15150
33899
39310
60749
64842
131245
19196
382789
18318
24331
10916
20035
11379
14094
36783
27888
100918
8031
28096
19521
62239
15983
20306
33661
10596
44060
10997
66412
24416
223303
300587
31280
11531
183486
21282
20799
12387
19373
81531
129043
26516
35622
32802
349028
15126
476027
32000
425762
42376
61129
30820
10295
35121
50831
20747
143854
34647
21555
25595
5262
30795
20950
18160
842242
16669
26349
23294
21374
17389
236411
26596
21920
10883
15343
42027
27191
293854
32245
17283
77556
27866
21398
155342
182939
28684
17100
29809
18039
17055
175166
25184
7862
34334
267061
11235
31554
8692
15539
35749
31792
27865
19744
10578
38729
15964
98614
331613
7402
27811
32346
85835
111147
44989
26236
24032
555895
60662
25199
30452
10861
38888
25397
34724
31791
29145
54648
27454
278245
8644
525557
23906
24637
217250
84735
21418
38291
51162
32364
11057
222044
9618
29439
32322
12302
19083
30330
23304
24968
22059
39989
38411
36324
19904
30336
38933
12246
52432
73430
11317
361998
15909
28937
511363
21520
26431
31544
34152
39494
9052
28320
56418
22707
52042
182586
15106
26107
21702
38587
84306
18719
25169
33738
32529
11274
35481
11014
29389
21981
8971
18666
127861
29008
258061
15038
26749
220409
221477
356915
54850
35383
707142
51898
12576
19615
75923
15331
88502
10760
21280
81472
19200
25617
44728
31673
18347
119086
80151
356622
51656
25691
24081
25831
23992
104192
139556
21355
21266
28474
151013
38901
34036
18307
41700
36177
29152
14046
31180
8327
27793
56044
17894
364787
8926
15087
22322
7795
34705
46286
31230
361993
33154
31982
44436
12578
18136
122269
15938
38844
249244
111754
26364
7457
21354
591146
17910
18844
42000
24250
181592
98408
24552
30884
38868
24273
6373
26031
26021
25656
288486
15379
53622
158017
29156
29155
12287
25478
101040
22827
23839
39581
267923
33480
46336
11306
10561
