178748
90926
108013
50355
20285
223564
176712
47160
52573
45237
117970
28160
78927
102972
80104
100727
45005
67847
122684
52254
180865
148530
230563
112237
263038
136372
66496
39826
44385
96037
65140
142236
69046
64001
69996
63468
109227
80371
110802
76768
113935
58724
65928
226431
35745
177908
137360
68827
63861
104900
128043
215128
58784
122408
62150
80540
50494
248360
73577
72869
162610
38820
135737
27638
82768
90449
47790
46434
105656
110483
91121
42940
52723
90061
21173
85943
131692
49226
75545
40081
118433
99842
110615
150578
56213
98415
71654
77870
69258
76213
125674
76042
42768
106169
53860
147589
45220
217078
49931
118522
