639800
23303
42660
25389
22971
15009
27711
38808
622936
9607
37712
44325
30326
40490
125722
225512
1017752
15901
41775
24713
31510
19895
355889
20180
80502
340880
217937
30561
24665
19057
32572
37263
39281
16785
14656
20757
111076
35831
22730
11153
378026
256004
128182
25360
30093
25586
16056
30241
46233
35547
264689
39942
22243
9592
24582
53475
957863
37016
26469
33471
27581
627021
600184
41725
17783
24173
380811
30074
13050
35685
711801
28313
338335
37799
5206
35357
19840
31289
5251
26616
646713
215069
20608
35831
31581
14884
14578
19922
8091
22213
15924
136075
30298
91202
30551
1081637
13436
31569
390508
39436
15202
27082
35309
35356
15278
23309
33678
147030
24441
34013
25415
32982
33779
12507
2050655
34733
27811
135589
269978
49245
20768
30753
47348
35292
240159
20231
308569
86199
362706
1129080
26201
8566
46881
9061
1200680
29442
34862
35611
18608
174281
21011
18830
34898
1550721
28056
96802
24621
16726
317565
16431
29041
89095
94060
222467
390616
141725
27331
35417
148075
33891
22651
1253908
339476
23911
9954
392972
1020793
11927
98652
263268
34348
38680
52038
307246
17929
487330
31407
29783
9937
18676
376882
140500
21328
36304
26649
29907
41289
685113
715863
32313
24952
35843
69749
9179
46886
456949
18749
26260
793186
970264
53232
14746
15114
67357
39085
13562
25161
752742
15138
708758
69869
37147
42624
38845
11352
37800
17556
31200
22184
12362
54066
202146
8471
25967
90108
7970
13984
81732
46533
30614
512892
10667
35934
38531
35846
29991
16496
35602
40772
29027
362369
30353
181466
12508
40226
22318
8051
862326
39718
103899
9183
23474
14385
40556
238635
455151
25215
17405
9153
27414
380724
707338
14626
13047
824622
68388
22627
12194
43836
13365
11839
36320
11426
613056
15509
9119
1075513
32679
18770
325873
24167
467312
39881
27779
210838
206025
42296
31027
10512
757334
15225
31571
481680
614620
88748
252433
26871
34893
43549
33154
28791
37729
33615
672582
85559
597132
23823
20580
33187
56145
23790
32969
219653
407897
31566
14333
17779
26191
32746
16571
28538
29644
30932
42307
435298
241166
24086
40902
242253
36128
14132
635848
14584
35128
201932
27777
25425
30234
23760
11678
27325
33333
49955
23784
28806
216468
22552
24070
15546
22510
461860
253544
34033
15900
84485
150436
23097
41615
23554
461249
529992
13425
28304
41235
132121
9853
23577
30038
21040
150656
1140361
27249
31553
61863
15612
27722
40866
195474
44932
596293
18069
37994
21681
36811
29385
199608
30404
28579
33322
28970
37814
475921
17271
20248
45879
671545
27817
132659
24100
11588
37460
40668
30218
85518
22459
19868
25414
27567
334282
33768
33058
35651
337255
38838
29300
30778
1154729
20627
333083
27548
613880
13490
6564
18492
562696
252180
172270
34906
32422
15167
51788
13203
24699
31119
30012
61165
20566
238061
16601
47061
21733
11660
21560
10688
409872
23730
30311
20673
15363
557919
107644
8247
28023
27234
179592
262543
32723
26139
23454
52770
28517
35977
11076
30407
36887
490291
95270
20977
22618
29171
436663
41899
731609
38349
667117
39103
32309
32780
43737
33163
56204
33196
32915
289617
403087
31593
60110
562434
11676
20217
35490
16986
15294
23304
22929
219710
25513
29231
44707
714876
