1005253
31949
873562
42393
437728
979367
715710
36340
24484
22066
192192
285651
40266
29566
26920
6310490
27688
421059
9004
2732549
63867
35962
43824
468087
343668
44854
60614
40650
31826
48756
1518663
37040
33712
1247494
36499
410607
493951
582797
22940
1075637
49480
2461945
17054
24987
1062948
29630
45959
42885
381546
5173147
17712
565239
301518
11826
26316
15802
51491
1549583
1111676
748444
16290
89343
43812
986692
1153313
19854
27867
278281
33099
632344
36792
31633
32908
44255
26506
55731
25827
1201585
30554
38936
18312
20149
2592909
39147
35672
433562
41396
292533
20072
769434
921884
47235
16950
32576
31419
35018
588102
40310
49640
171371
