71737
138513
147277
76271
46489
62469
56437
31073
27062
55629
139715
68170
29435
32361
62154
73327
57476
50513
71743
28222
41779
78777
87217
48642
59919
46812
60061
52076
28369
42111
44442
40374
83772
45918
44374
44471
53557
70901
89531
40428
29682
65924
43317
110047
85946
104080
85157
73152
36994
118957
41258
46153
21637
61124
48732
81303
41177
35470
32748
38108
48532
117287
48604
59379
34682
59170
26466
99725
34356
64566
50202
65026
50944
59344
41617
28331
121004
104222
28784
84460
35256
62783
40696
89838
74055
61738
95037
53884
159373
101671
121911
45661
73002
34808
50276
136099
38081
74964
103800
68792
