322888
139032
217311
111537
194531
144720
300256
254437
42730
72324
110976
214856
44217
338160
117196
55878
493901
267019
92436
65105
95341
185926
261038
129852
229151
318612
443844
151605
57432
109417
637105
366910
287660
66618
105680
139228
129030
55620
102435
113791
37307
206915
267892
436023
166039
87240
95684
84197
101677
542998
83773
163203
376389
357815
258281
71331
153711
380411
107228
136051
208748
136170
166179
31971
202951
176435
46547
271858
91113
232339
292840
92393
75533
80120
461835
134130
255412
101960
112094
144528
203997
126215
129038
213225
250357
409612
231496
33202
106071
169169
207386
139277
486850
290153
107650
44195
144797
155225
258993
79521
