239681
259035
48485
246012
51376
181072
30510
1474546
22770
27502
16200
40431
32344
38047
27566
38390
888770
26273
28558
650827
185336
569437
31160
19003
21754
251847
29702
1201964
21913
28541
648461
1549254
679806
23347
16124
25436
14026
43466
43689
27290
17753
35747
94174
181304
39090
442472
31450
22591
22179
37060
26597
15962
14017
39352
311280
29941
30123
403923
429587
20253
17928
19654
16295
1860642
42687
34321
34116
718035
1294762
184216
21026
37222
42946
320471
13343
41732
15044
22480
244544
13744
21424
36079
2117529
531597
341845
13224
22739
1188478
27677
44286
36591
39635
27159
30508
43368
42762
21896
31083
22450
176802
