50076
123360
396634
217944
67462
113367
79599
72254
138535
27172
82211
51403
174480
119166
184420
211484
189091
121737
215449
58315
165809
283567
23197
103118
45672
86307
22807
101863
79247
74628
152855
82436
169934
76516
222998
128315
217559
183603
292893
258845
341062
73759
79731
85340
79504
431130
139285
69417
522669
160418
72751
115245
159348
396002
148284
759711
124781
39406
212138
171458
56800
85462
54200
181553
61573
240444
45422
78989
46673
172417
189442
89285
119942
65148
316501
148559
345013
469368
315973
82447
61330
53655
79815
167640
262037
186648
92633
119592
144155
523006
103443
269850
67344
251130
219148
157034
167635
109347
172902
66347
256190
84697
91867
107163
193885
169002
66984
56694
29183
340955
228388
189247
100756
331737
213917
178297
215372
124775
100000
85069
150849
99537
38151
142028
35149
47418
387083
157814
155877
138667
112210
91894
79111
68081
100139
110324
97874
32866
69715
45401
138192
57151
95386
140523
97346
544524
100878
364577
202655
225540
637866
190929
81040
55512
147953
250479
130476
53959
48030
153778
151400
108739
122052
46218
183824
90122
70131
93712
130760
583602
66994
177991
331397
435792
318276
147839
239567
111806
57208
80297
183089
90665
134497
259668
128719
56468
74689
210425
56430
208444
155564
79319
277339
197139
249893
106044
84804
107538
860662
159200
91376
60901
33737
81787
81304
55358
124629
145715
259330
543329
124196
116345
164117
47560
115849
52098
73426
402763
275373
237993
183613
113307
112743
347160
75895
214669
116523
112591
317646
79949
152598
222221
80627
345385
523843
109677
53490
67986
179702
181326
58814
182338
151410
106480
455378
483871
68266
179620
93233
72763
308741
108525
253902
156470
179351
575687
188439
52316
107893
183744
71524
153817
56070
201624
255725
143520
158629
338362
151432
132530
137533
110735
41317
95607
280571
85148
117814
222091
57804
24888
108242
236177
36943
345286
210980
127508
170421
231059
225634
148231
124641
142936
185695
79733
380136
71015
152173
236611
111782
213832
114730
309271
128182
85167
125228
206823
175379
60131
360834
70493
54071
216907
157138
50039
198142
78195
366603
161924
73814
169675
63923
269132
287981
43224
380179
48979
100316
107860
99849
96956
134133
222409
112267
337233
132454
126496
184502
31924
98479
169455
336957
90943
89398
105316
211025
100324
152485
103975
341915
228433
100101
41147
100873
141726
84036
253896
95483
397625
633191
35809
99361
114754
227093
143674
228994
383137
206536
213299
47497
38550
530282
129136
159573
62644
208711
160066
35811
348773
90623
68683
95744
190157
259626
41728
84160
41981
126397
139332
198213
288080
197102
105176
76585
102781
272024
46284
41153
175906
35925
79142
261827
78231
38330
218562
300367
133838
138401
110980
130302
185497
175047
108503
303837
130819
602431
300657
217925
234794
141281
232972
268258
243562
238419
33087
155022
189554
242393
89729
75606
150828
71667
114628
98658
172680
46824
175024
40287
274211
51338
52071
99507
263015
35525
42791
91889
88317
124621
168227
172851
92919
210663
111230
234637
264136
335893
45466
72563
74247
63393
161612
61630
443866
179564
139389
41864
202609
89584
166431
130119
70334
427835
136612
41179
75137
54733
55142
390661
97063
191544
117726
160276
155490
176248
33650
80517
153816
152045
54313
93772
158059
126152
174265
101929
204393
108642
221838
56532
211813
154952
608972
