9428
167367
10345
27647
592276
539608
34181
655613
35302
463716
38672
235739
33573
14026
33945
24560
41656
34132
239119
21431
36742
31868
34332
20165
23032
316655
101598
22818
43930
28176
157542
65880
795762
42134
31973
8300
191705
887695
287295
18129
22828
36562
28494
30860
734766
12507
33696
15606
417539
276844
23794
1248826
195875
16964
829237
562210
125371
360598
147791
31113
17458
36969
16658
30066
705622
24531
10067
18688
21122
19902
1145978
15786
78731
24666
152055
18637
89702
33702
19683
396918
32639
29090
17581
26496
28563
21941
38484
39631
282442
29033
50271
12828
19798
28254
18798
22152
594363
19613
54927
34219
40938
36323
813673
27384
38212
39324
33460
23449
35657
37610
9426
32096
39895
39084
568312
23723
27133
40358
30494
23174
37551
14574
360840
44153
20641
271725
25772
28828
26999
341142
40722
25936
36185
31070
8687
447479
40154
21575
15621
16807
112954
1068390
797339
36735
37295
1642132
31761
29442
213060
144385
253696
1663586
29310
529740
47170
24407
34026
115247
20369
426424
24016
20123
22655
15474
16106
1319566
14979
30927
29828
14339
707807
684889
30242
32681
45557
371501
31902
10875
31557
16451
14177
23562
13237
315994
31266
38454
26070
17338
48362
26127
52794
27091
594638
14294
11098
30680
25756
17951
56208
19509
17461
26518
20547
33857
26051
131549
25629
14815
30161
25164
28282
380169
17095
24891
440850
25747
43678
52183
134300
385131
31259
483540
32021
18736
196596
31868
44046
36610
431683
36245
43068
12693
495979
244143
28395
35298
433874
996849
46205
17143
19184
99858
1107496
1892248
243871
1068895
251767
135093
25729
400960
41026
31147
34982
34640
10200
37713
39601
192413
25488
25114
125793
24507
36869
22070
18708
391753
41877
25139
40077
31519
32255
7965
28960
151274
35704
19046
30319
1691773
14421
16871
282364
26591
17797
24425
477807
37402
30660
594557
15600
199323
30574
400967
16638
33362
33696
980888
581446
29493
28821
24274
43675
1434747
734999
37042
464023
229989
120897
101390
11695
40302
16545
34279
15045
31106
26001
42670
108585
9242
24766
18301
31809
13857
18660
30638
504865
45885
27117
280484
355687
43736
35644
60930
10138
25429
8083
17882
360156
26203
23293
20031
326325
18481
1368654
603665
12694
310148
36939
500969
587456
49578
672971
18540
460341
12895
17067
44196
23075
37715
46941
28195
27842
91927
19261
10568
24370
42305
33618
860595
35211
283221
932150
15287
21336
29740
39441
23441
18790
529893
46379
32799
30265
37392
26296
25925
26841
17548
25764
35302
35407
22010
22978
67633
360136
19071
14604
35966
1798424
34866
494754
31516
39467
19843
247341
36940
81973
31158
189743
483037
37846
18011
14480
24361
105068
12403
31197
71431
26698
35971
141051
10721
100038
23053
31828
242741
482499
1736140
45664
18714
30897
33221
26783
