439546
21694
1273433
40412
53635
25832
28347
13708
672502
1093874
26273
31069
43501
755238
23875
46098
22830
14936
586860
22756
10853
20833
25259
57288
31421
40795
33365
21526
36750
582702
50342
925149
46347
1502825
1271938
736503
43362
1430443
28277
25999
17153
36057
220761
26626
16482
1696725
47737
3795245
10465
23795
14476
17096
782569
1927163
34694
25124
1338995
2247622
850888
39157
2248056
275306
68688
44560
34899
37902
34961
19012
21825
30611
1688741
47470
483044
1089248
27651
44608
3292695
38332
30372
42069
25529
13638
74022
42335
24655
24727
30055
37882
24208
35015
851111
27990
3872504
19950
16954
30435
45815
16450
23004
11745
