17447
35936
33597
16336
29129
16353
529964
336332
28233
68171
202879
8105
89223
357834
164501
6195
37546
144108
28028
411563
20667
28070
27712
23429
163729
46894
120316
26544
30264
26059
46885
126170
57934
20339
42622
29692
109950
27482
40787
57924
19120
11932
45036
38256
32206
10536
29893
236444
11503
31887
15649
109547
16670
32537
602773
12934
103061
258850
665163
23080
9624
32663
641427
34180
27061
25002
20328
43749
9602
219846
42719
37892
32924
18213
35325
21107
33099
20112
577258
7881
37471
27109
22619
48654
20537
39329
26516
210754
503086
142100
1130606
221598
13284
14734
42979
683924
33766
29704
27500
28624
