45771
112018
70044
70343
187546
70693
635915
185343
514424
36835
230317
108564
142858
120334
104842
128680
142338
463120
70395
135943
165415
68263
517235
115495
50545
309234
210467
47116
26760
374409
200432
165001
112280
194366
60934
73342
56374
133324
218361
244548
173708
91398
59509
81946
178086
471172
244942
214148
372908
242902
268214
157112
125786
141810
121713
23014
85980
54779
293968
171264
142545
76065
245604
157388
51087
82369
101991
207225
84301
102932
362294
227225
45089
158664
315907
166874
256277
324107
391147
130325
115495
288808
327883
159118
151388
294155
168168
46943
95126
139059
263919
82870
98515
287334
41438
178015
663022
148505
371993
238472
103596
39549
15224
135087
123283
114845
485540
132629
107942
76029
116912
83788
47603
131390
277107
56653
201601
485301
90513
82679
45850
188449
219637
151734
343104
142612
283580
209120
317253
396535
528794
64120
260498
73648
52841
31938
106352
67875
123548
160569
57494
106291
82840
78542
130958
163013
112780
239489
89488
354866
170885
66200
58532
61538
129763
117520
317352
82827
104788
327134
48660
269295
49118
77120
52051
196227
142153
221046
92164
124214
56508
247898
202541
132584
112032
285016
114998
435186
315011
366012
109686
118298
229853
132551
89859
69265
43611
277563
312447
92203
262668
296458
179857
293150
166450
25164
105281
71554
83477
270512
128168
396227
166406
89675
62280
177348
118378
113277
278073
338026
113741
81321
174064
113711
107130
205117
108601
190740
177436
352866
49424
619079
68133
82775
122610
183639
103395
210834
170814
127545
213351
430152
364300
157353
208574
151107
189203
259019
208597
46474
209642
61432
161479
53240
100937
273079
310233
56712
93795
338911
278263
27236
93807
291927
159475
57934
273634
134282
247165
234541
44671
155308
64813
298709
45399
188936
505238
100424
106838
80817
249542
75063
31303
108444
94582
64637
92460
134858
147517
27925
285211
67187
76350
115544
97964
141175
49910
347492
57723
162059
112050
137171
93049
146360
285300
45428
76757
146523
297196
190335
165069
406099
66626
57706
75378
89663
105020
206287
158740
294618
37102
181825
50377
217413
69336
81692
66066
87317
247447
574981
49039
71208
155919
165973
191249
121666
205181
166515
173959
44762
224812
34647
98235
133275
66252
52328
242858
222547
315157
120166
377092
147026
382014
100595
130941
198935
352641
341077
195992
116038
44936
93052
343683
233491
123026
62893
313897
100003
199266
270402
405152
114166
171481
139214
330389
84516
40273
46177
100061
95758
154540
87026
99087
74125
217778
126337
63377
48047
63156
153342
136586
138411
84834
165361
236094
86475
122556
125088
135269
197462
153110
35928
53620
256197
133401
155994
140989
45339
421553
91980
154801
201147
397093
158988
162117
214868
132573
158569
483799
77182
206478
314937
108075
107765
121376
114078
119328
185454
341425
107430
334411
136819
43679
89258
289819
184909
293900
62104
396629
129086
33470
138510
46599
120446
212550
84339
105575
96579
51399
79380
41245
80773
126834
368720
53639
461775
210840
26250
225400
350512
164268
116701
352614
326574
205871
124797
117663
89682
99316
159355
54848
48520
146001
374652
156182
32033
87492
43870
108790
116515
47599
89029
172334
137093
47314
141295
57603
39096
123137
43341
89034
123731
242387
153056
57454
90627
287774
69098
171383
114023
44899
474432
164322
50474
74198
175212
59552
38302
192656
187323
