44443
4155821
1267847
1496019
27988
21444
4298550
62973
27565
30016
26519
60860
35437
1901918
889529
49615
31781
188495
1546086
866706
42415
31454
38021
45371
1659406
241542
38853
34763
986626
421216
31822
24832
38555
27433
30255
638503
59093
1345876
35491
23922
24026
872743
4433933
42877
16224
29421
53502
19962
26968
36967
418039
16495
13099
12704
590001
35808
1422034
34535
1974558
20680
33589
53025
30840
29707
41409
36348
17819
288506
4674100
36810
44198
37627
38895
1420070
31173
1704458
54412
42820
31963
37402
190723
16963
23733
1818249
30142
2941730
34929
16537
1043463
529461
29884
787577
39389
21292
4124264
47724
326858
811699
32544
3409628
