951179
40425
23942
27170
298346
780349
24732
3519044
30580
14136
25124
40021
149231
4331382
37617
48879
45996
22107
39043
37371
319374
32859
437888
1260760
46063
1051136
25752
2203358
31907
11176
32382
681938
95572
14238
22659
540033
46303
33486
37692
554092
4005260
300844
35084
428698
56957
36831
25446
728462
2363839
25856
589391
592037
41289
53953
23858
2000032
23817
31781
17985
39389
27610
32238
42932
12745
46890
47519
45950
18052
779270
1244456
19887
135800
53050
16843
29129
23551
1015037
39925
37160
37499
803482
79701
62085
44019
36708
258199
1478996
37419
24933
35560
25935
16344
2300570
43981
37443
29304
42337
688910
16028
45333
