17600
37416
25306
2410168
1901765
420001
45478
38199
23585
41653
2464625
33225
753599
1019845
1997692
40355
45339
368453
1235003
21927
2407945
42236
2163760
2118252
568722
51399
90389
36997
19358
26369
29804
49184
17153
48396
41895
48603
12282
40827
42965
284401
10291605
3169895
24849
22859
207129
1484896
648668
55687
5417619
32990
2623565
42410
22287
43634
13220
4278113
67210
3879927
26562
34466
15998
56204
973504
49855
32479
45282
27836
49618
830335
2349674
20592
2154089
28324
24448
39229
29540
65438
46772
618241
2142120
1501107
38894
52853
48124
45396
240176
36251
44725
18446
1570279
31644
33261
42344
40634
52030
40296
23791
45193
42665
1354994
33530
43005
1319002
20263
51673
50833
51636
37692
46762
699866
