26133
33195
2942974
1370981
2883991
51800
5405245
33167
37782
3099635
973546
34864
48011
47686
506194
45820
50268
46465
54622
17093
55986
1573055
41758
18982
499188
47529
1939761
30533
44840
18314
1834089
40112
31036
52169
530177
50568
16078
2704561
3308118
44459
38727
46772
45185
24734
19770
43134
12679
22324
37159
39376
45356
60996
9028194
1349010
60421
27785
335219
42857
57142
543092
2623874
2873710
47035
34698
2733151
40278
49578
30735
751682
20123
26026
29881
958514
39680
34025
35543
24291
3111677
57362
16092
61698
36625
18997
20786
48687
