75402
2253765
34234
72183
58343
51729
13939232
30332
61059
93446
59933
3089647
1719167
74012
46779
1666011
3056482
89838
8122633
29052
75796
5238777
65601
19729
18420
54515
50793
479517
1310624
56542
1056589
3026347
86155
67752
56688
1419997
15354187
6822448
58189
66037
37739
695097
52454
74930
53864
33405
3640471
1990196
676139
5057540
1888305
2711849
65416
9689799
56401
51281
51437
29135
8465597
3857685
29974
6853091
35381
560976
36340
53342
4393860
70643
63966
76990
3129641
2970393
55030
65885
5163198
6651551
58926
7726073
22438
10207421
69041
72758
76134
3508870
8834013
58653
84928
4868872
58208
51993
10377481
66510
36642
61515
28318
