23701
52465
13117
119472
80395
25959
29849
21183
67343
31631
25318
24528
18468
17301
45986
8413
9739
20345
44640
36523
39599
5816
96984
79077
5330
13905
89974
33649
41004
49006
55563
29932
95431
55759
63270
30980
19516
96977
36769
7525
17166
15787
90480
76262
26017
73834
36469
36510
42995
23388
10932
12830
18448
54018
44143
42664
15759
29692
43078
42750
31605
44194
48672
29942
49996
22254
4094
96876
88220
28327
22994
24515
18723
84017
9709
29668
38354
7829
50311
7820
29881
21639
55642
66335
66634
11486
29584
33608
13416
10127
12186
67822
21124
18119
9815
43245
38282
25626
13421
98645
20466
15128
46209
56264
76147
16799
22560
6406
28029
17071
36651
34717
53239
22632
59824
56435
28890
64702
25605
15419
15050
23661
41566
11622
24240
44494
54520
23565
32271
13604
48595
26304
97466
7136
44002
9490
14998
20431
11433
32599
9494
23954
16770
123728
92269
31697
11271
30087
20211
41588
44882
15063
37383
8241
8217
95230
18236
55094
27493
101816
24985
27122
13782
27362
42030
11526
8770
18262
12798
10122
29598
55385
46268
14100
32544
20756
32812
46887
33960
32228
44932
21260
31957
7587
18646
24421
31001
77949
33269
12034
17801
15485
18313
26907
27257
36344
16712
42686
40256
45413
7016
45291
61702
43221
24716
12076
37551
43079
164539
62907
41981
16145
51567
43114
24038
13041
7962
81134
74778
62971
31468
6937
5734
13717
9376
188050
25797
9405
27508
16457
7393
52937
39325
44411
27707
24510
13451
11678
21420
70275
31510
9667
13152
26419
37544
10382
16260
18822
10889
24433
25688
13426
11882
41883
42384
90626
46332
11762
27105
24201
57166
58577
25759
39023
84449
5686
19527
48665
16939
13035
40908
14650
15865
58084
32574
13338
9682
24920
65511
65626
52003
21458
32954
25689
22817
45866
23550
14996
27405
14003
69209
51043
14172
23803
28686
39294
30647
33833
10322
19893
26434
32106
15522
10904
86017
64421
15735
35715
21705
50710
38045
68658
24103
38087
29764
13726
92749
56228
49532
36101
99892
57472
7738
14077
21041
22449
26681
36361
27412
9397
33255
41082
19542
33930
59853
65096
65251
12576
15690
51514
59030
13326
36158
115417
36564
31610
37866
15110
27121
54197
45134
34062
161041
20991
34600
18293
55366
7563
7980
9180
35666
18809
17524
16644
43604
37172
150896
20508
9895
21820
23787
15572
25089
9700
23577
46876
33163
60681
14745
25764
10999
20134
27707
80894
56630
51529
48814
52741
45307
10466
24494
19984
49515
38840
17538
17693
38065
12883
11567
79061
30731
74865
29285
23415
7519
14183
37628
17050
10967
45143
33358
49915
20378
12586
23323
32174
9417
36799
27607
10693
18613
39135
27073
16946
58696
35816
5516
16735
33267
14980
93501
15731
87676
24968
22270
26736
14464
24609
48735
100414
19988
24216
18251
7834
43109
54664
11526
18012
22053
13683
13435
15661
12653
18607
22430
32763
20845
70444
28282
18676
18227
65269
55263
46476
10732
7258
15447
15446
30366
56766
16416
13288
24727
24313
21998
61935
11522
10848
38812
5835
37703
9863
24625
12740
45522
88156
81811
89020
43888
13606
9167
104543
98630
12339
19191
14894
53406
89238
84765
24415
17585
81259
26332
71399
7095
31726
16855
38351
10829
11770
40215
29435
11571
30724
19188
17731
46531
38442
14012
24183
20024
11649
34053
51993
12623
24727
24619
18864
33846
28490
67093
9204
31002
46975
73969
126906
29020
27469
43009
71480
10913
126523
41271
38307
42731
22488
16888
37392
24663
8957
8655
66352
32855
22894
25151
54676
17987
36346
45825
50989
24988
71287
21475
41157
19467
42460
9995
23479
88510
24439
16050
16459
21419
15571
135186
9181
72668
15880
54031
25661
15566
19419
13555
89701
83222
6229
58769
42257
23402
8739
51930
23626
13816
24934
15017
10928
15034
17977
14151
11787
33292
20952
13941
57195
28803
16247
55505
32428
49207
13566
68442
81763
33439
24142
39810
27085
15362
15508
151028
29725
58349
17378
46077
20562
36270
19808
34663
85401
59783
63686
17620
28572
52985
34034
44347
71635
62408
76119
13994
25429
12755
49232
25027
20123
47955
42809
58714
38128
145741
67484
64853
34300
31727
31639
57165
20578
40506
16652
30065
20778
30929
7073
29093
29215
17105
38738
46053
16654
21069
16670
17907
10734
54137
52352
74484
16517
7626
8686
13396
40144
41356
32909
17184
25208
7035
33110
34186
17239
21029
64546
27194
7396
30210
80909
14903
18862
45136
35658
8509
12601
77958
43536
16416
58152
86352
48817
20583
65511
41945
54605
15794
13237
15386
67443
8823
64535
8957
17184
8224
35952
40247
70084
30375
30783
34738
81144
17706
17271
14081
40011
68330
11875
122735
115882
60941
65162
61503
17822
22294
29422
46558
39569
91613
28841
53416
56824
86243
24337
38869
5478
36386
36022
28483
37031
9920
15624
14739
21687
8446
39127
23806
39961
34226
11978
7217
51357
22934
49724
31500
21679
8321
11864
39311
8805
21755
18803
30802
44171
44133
44788
20368
86403
19966
53425
11876
84104
33855
19334
20466
42933
14325
29141
6553
4821
24507
35110
27650
91219
24953
46590
7859
5561
29048
74503
56809
13251
51174
52680
22652
17459
51365
8077
27939
39911
12615
36803
9897
94301
21474
18342
35353
40278
9403
18032
23467
67576
147359
25985
32175
8114
30373
49176
77907
52416
125945
38128
39313
60834
77575
14474
26136
18349
61413
10563
28530
21157
40262
58732
30576
37785
51921
12796
128618
42576
54848
37438
38268
22551
106338
34453
8071
33767
8187
23787
22975
25164
21163
26834
67392
17047
42830
13899
55147
20989
39053
39534
24253
9506
14293
37546
43122
3202
116063
49924
157104
11088
14527
21580
59434
23451
40785
12083
92057
14695
66039
16547
11170
14169
44410
31846
34008
28949
27691
27152
40325
74588
96083
11073
29081
21145
18086
29023
97588
25504
76625
66584
19088
16099
14304
60216
13589
25251
16990
38047
42809
34963
11900
46318
16726
43565
40325
58966
19724
12035
56893
7998
54720
35905
20924
40827
66160
10273
21220
10823
18798
34014
20516
82251
25174
51245
42723
14026
14328
49783
25925
40758
53648
11557
29194
88677
22406
18762
19393
12816
24518
8704
11683
13912
15604
20254
35923
44721
42868
63430
13637
20534
27290
40684
47636
63260
6141
53493
7335
12871
9952
13150
12380
18976
48865
66766
18122
7143
24135
32374
26833
55224
11891
22899
11574
30818
