4556
6259
12981
83348
8636
75470
5548
11892
2398
6863
8579
12171
7917
5414
6855
6056
397477
5109
5375
95831
6580
66697
5480
7672
21847
9480
7803
5810
9815
4701
7852
84175
8314
4370
5967
4399
34106
13004
100503
6791
5413
4513
9118
10405
6970
9020
3740
7209
11223
33995
202111
3937
113306
6655
8265
9574
7127
91124
34208
91601
71620
4828
9825
11574
128864
10161
10698
7831
7305
74242
10879
2405
8549
7633
3093
18053
2577
63755
181695
13237
12580
23723
6705
55605
23984
8142
7702
93520
6692
2608
4213
6114
3001
4625
2868
12068
9879
3692
6393
9438
13549
5906
45226
6794
9722
6370
5459
9426
9352
9394
3706
149231
51043
4832
4906
91636
129826
4494
10911
239247
4117
11250
8719
208686
60800
150649
12317
4408
9085
25066
6751
8052
36052
8235
6087
5038
7452
4810
7318
58026
9193
4399
9299
7366
51323
9355
9003
11630
4359
10849
241391
7025
6427
9047
156803
91583
295013
79187
6326
11292
5570
6451
15964
11093
8857
7551
109223
137580
150739
72961
7918
8035
13088
34218
4319
6523
6162
3974
10735
3488
22425
10446
6254
122301
7620
9275
2791
7253
1335
147464
8490
6568
100827
4569
37751
8099
18532
8770
5154
4940
8023
9222
12027
25436
59829
60106
28285
8423
3932
10712
7505
4084
6151
10808
8428
184054
12700
64493
78471
196165
8535
9897
70176
9550
52340
5117
4914
14967
11154
12099
30566
6222
33153
4291
87145
139722
4061
3097
123430
3161
45142
142030
4669
50286
5064
6707
3131
5223
12232
3361
112511
19528
16133
232311
6074
9045
113953
31915
6239
88791
3001
57610
43112
5428
6709
182005
11536
41207
12436
6069
4382
16693
22241
4928
5086
12092
45584
5052
13819
7162
5299
7218
7023
215242
6396
15925
7041
9055
56139
119224
9662
6160
7473
221352
32169
7357
5769
4766
9041
7350
79598
213940
4592
104743
27945
8774
54534
5891
7084
10649
11661
24584
4962
6240
6021
10128
198644
84980
65514
6513
134099
4983
7128
109358
2749
7521
10988
50347
5666
109194
114387
8949
6319
197469
108589
2044
14392
9874
9478
43183
11641
135255
113101
15670
5575
41253
8570
52263
3251
7447
7824
6387
173968
9137
10107
3628
258367
8539
4800
5149
5449
8149
117626
25836
83850
19679
6437
6192
9962
128291
163356
14356
5460
83260
425021
4018
52988
155659
34601
2762
42561
103369
48774
243331
60893
11583
5008
1548
7290
3887
9166
1772
229768
10549
10044
5371
10373
90031
9462
4067
65714
16046
7514
81533
6832
51208
27288
8948
8027
201664
26535
8793
7991
7886
60411
6921
7270
7552
9872
10479
9533
4028
249690
49801
5901
362624
4775
35023
2867
6565
159291
153507
9933
4837
8957
8369
7466
10852
11851
2827
6457
8823
11351
7767
10696
9683
5553
210899
4587
4609
5158
9294
3685
7365
113090
2160
3586
45452
10350
118748
10111
4745
10655
174989
79057
4009
20427
38572
210969
11646
6143
47500
6137
5341
6238
59517
7880
8799
4931
9793
12584
171558
8207
5056
4704
9824
6250
11560
8745
4010
5314
10670
11268
190359
235500
6344
9049
332917
394616
5859
180916
3679
5209
8981
2553
7611
10099
9422
58175
154973
7166
7989
9952
206881
18487
4494
10008
4743
35526
196123
127229
76872
8616
37250
11219
30902
6710
9960
10432
8686
99302
13738
2616
5571
3908
192860
59025
3716
5519
4849
86892
40656
6674
6401
7279
121662
180020
4959
4419
257554
313937
7785
8489
8233
4514
34682
11730
12673
4181
5392
9603
11945
7309
119952
8223
82557
10568
9924
21571
8634
5747
6949
3795
4511
8180
4615
4945
11638
26292
3566
9663
3408
8080
3727
6060
3274
74384
6659
34058
4753
188227
8338
6254
6021
7709
7992
9136
102292
16469
16748
8762
8543
5014
112304
9425
24886
4597
82774
11023
6664
8172
11020
7172
111417
6498
273833
4515
6123
6351
5598
5419
6563
7529
8632
10006
7461
6537
12363
13922
6632
12247
15960
12396
9047
15542
5213
81186
103681
2906
7995
34601
8009
41606
55733
10789
3633
304437
29528
6205
6547
4069
3012
4085
13172
141637
10511
4371
9815
8792
107481
5019
55532
9903
12860
4386
38148
8215
8509
5720
83231
6675
4802
75998
47786
9133
18612
11791
264240
37073
31063
4013
11485
10500
44191
9230
86090
23650
4946
31277
34955
161220
7791
228334
10224
7895
53668
123620
26457
4664
6793
12241
9263
4408
5799
10363
6489
12657
6804
3990
4578
71044
6710
3241
124187
9630
10119
8053
330387
3070
10736
137135
4329
6583
9632
5414
4349
2127
4960
4262
4793
37065
86876
36513
9096
168914
38341
56691
4556
12199
3585
11737
14705
6459
12827
3734
2926
5707
3785
4385
310528
14512
85174
6117
2332
190099
3894
11305
3180
7600
8199
10947
10917
8326
35689
8529
8111
5340
3422
7074
5398
88279
7434
42952
213941
13309
27638
6728
3661
3656
9202
66147
18513
13384
190639
50413
70020
4388
42523
4852
280504
62539
32810
9328
5115
11091
5410
9838
117668
86327
134143
11861
4589
6006
36300
11470
6968
32549
6441
50417
4777
183234
12034
10030
3727
10706
5101
132452
11608
2842
138249
5519
4497
10926
11653
9935
8688
12335
7681
8764
4056
73149
8054
9941
40623
5552
6445
11651
8430
9003
31770
6732
10646
12090
9145
5399
200675
7654
8784
36555
5181
4054
23706
5669
7488
9657
6268
10059
7760
3672
76768
1967
6315
8012
8497
10218
114868
10195
29353
5391
6977
5694
9892
57647
3623
5681
216407
9287
4219
91099
7585
145758
24223
6693
9269
7050
273229
101176
10396
8384
15054
8003
2628
39273
23123
8678
108966
15466
10418
5104
6414
3587
4679
47009
7042
3607
5502
9329
9912
9387
9314
6255
25150
141493
9328
50784
4818
17827
4892
11988
3719
139985
48093
76443
43532
11097
51564
10976
6219
11520
5168
6448
8661
7567
15408
8291
9890
8837
9525
10264
8677
8382
48492
6995
5460
8594
87827
112454
110045
5733
6158
44926
3810
6993
2959
9987
5564
8842
8882
39433
4806
13684
12007
2549
9545
4579
7350
8297
5814
12922
9071
132339
227417
40541
10270
10317
5305
75137
319723
7862
10630
7742
4906
52817
35335
2800
29170
4814
2734
9259
8171
8877
5796
24770
3440
57938
54741
64781
31093
127120
3700
