9773
5545
230116
158881
10263
9812
8035
6922
87293
6775
8513
157245
61899
11669
75366
6391
4943
2657
9357
4626
15815
6858
4558
22169
98259
15931
4846
99946
23200
3355
2488
4844
88466
10280
8439
6832
30495
38333
2233
7404
48420
175972
9977
4256
42923
7622
1649
8492
104804
214284
11155
5333
37596
10594
13137
3327
39209
8300
5792
6652
9576
5237
91968
6090
6577
196371
116933
7669
32845
117373
22759
10161
5621
99347
14908
4350
7801
88104
9187
9916
9443
104309
18721
19340
8209
2825
92157
11912
117986
3081
20334
3214
9880
152230
18200
8238
7004
7965
6941
7904
7126
6073
4672
118145
41438
6306
7337
7196
7716
131209
61981
93645
9598
3501
7670
47462
5904
4735
6531
9521
11185
185326
4770
5446
8148
10242
5719
7756
2760
8003
164970
5690
3464
2597
12056
9358
8793
48630
7643
2756
38844
7851
5471
11446
7458
6946
4176
32172
113625
19679
10043
69710
237215
11556
10784
12362
133471
6946
4218
44184
5572
2255
8626
11248
8569
4871
3440
7148
4363
11981
6431
6778
9957
3355
3275
4451
7941
35146
12151
5803
17461
5964
8849
40101
2983
5319
8461
7447
2433
45533
130875
5666
6532
6672
117378
44682
90456
42988
8277
28884
9115
11334
12052
132681
9500
8295
9630
51785
5126
5230
9650
44757
5556
10700
24536
7195
44913
7304
11874
8866
59839
3385
42282
16022
3531
36467
9761
27549
5537
7796
6957
2395
9038
1643
10530
5425
126130
6350
6718
9154
186531
5546
10178
5760
210363
7701
7224
11568
3000
9008
6960
79895
20904
29490
19164
8620
21432
5413
6783
9568
12171
3672
51044
14427
4784
6026
6218
245571
11355
6696
8907
8333
7311
6197
7984
24453
6557
10923
2053
48473
7330
7248
6442
5454
5303
7576
9817
95291
157643
74291
22004
6708
4165
4336
9688
7752
10775
24788
4499
20887
7846
6908
60410
8548
5801
7486
8174
39981
79724
8960
2462
23948
2303
7237
7550
11613
82650
86403
47938
2099
9077
6605
9824
6724
11710
7948
6879
6084
7791
4143
6101
3286
9837
8319
7280
9880
8757
314514
12581
4173
8360
7152
3652
65604
20515
5449
12403
5776
6177
6295
222733
9630
74443
1180
7125
6678
6513
7211
207317
9724
7639
10226
11184
7460
5646
237886
17492
6356
10961
7867
6837
33112
28771
5375
9422
53537
5356
6380
232741
10054
15054
4091
49705
6702
6593
7826
11121
36090
7333
231984
9336
23818
7529
55083
85438
6207
7418
3907
5745
6987
12422
6508
3633
27752
7162
22380
14988
7464
80441
25471
9445
128020
231151
22751
18853
15755
156410
2870
11051
7500
6377
75327
9687
4308
4889
9635
4593
33054
146058
8727
4003
6695
9688
12529
3085
5111
44840
9502
112342
9914
8307
23323
3458
5729
36602
6317
10352
3896
10017
6873
13411
30993
6495
2786
4026
82618
6180
6996
7868
4454
9267
219312
11898
9356
4052
7397
10298
139642
6110
5793
8638
22701
6439
12242
8699
9266
7398
4911
1156
4749
10765
4378
6570
11855
5098
6042
5499
7296
36007
5411
194215
161469
6448
61378
4670
11027
4707
16707
9036
2990
9536
22936
8791
6421
6893
4100
52858
57408
5256
6569
28837
7522
9113
8438
3194
3893
4625
8189
4347
3206
8083
22558
3477
10563
256824
5391
8252
1862
92136
7892
4582
8661
7627
7013
6144
7629
33448
9154
6606
127757
4355
40143
9912
7294
6092
7252
17193
66092
7703
6965
3563
52632
9119
8601
6146
120985
7282
136354
10121
5027
136913
6831
5494
6558
55687
9130
6825
10105
5185
8937
9543
7986
8362
4728
104566
8588
3191
207095
97823
6244
6199
59487
85921
8886
3643
6988
1464
39585
9518
6718
51841
9852
3594
4177
2350
6873
3278
101057
24414
6653
3590
27342
5676
3595
19927
6703
188104
4888
7534
79221
4172
114944
3281
33240
72294
10362
10751
511615
7856
4327
9851
30303
59037
34677
7794
78152
123222
8393
137101
10062
5564
8695
2396
6578
7399
5992
9468
4554
2779
7756
45027
51647
3784
9676
5320
5469
6103
7068
5457
5321
91017
65407
5090
3438
5297
7525
5252
8455
54772
11790
5178
7178
4287
24816
5463
57772
3370
7096
3305
6323
5091
7176
34360
6671
2452
7013
5492
7521
11867
8743
6528
40661
3927
12344
17770
10701
8929
3088
26239
4925
24198
121700
6817
103446
8503
7683
9296
166959
8039
5237
8848
8616
6843
5190
4600
9046
10415
48341
7062
6944
43447
44306
185850
5548
2591
2808
3964
51269
200239
3439
72305
66573
137352
5490
9090
10286
2444
30853
16016
12237
28124
11264
8306
3568
5776
2230
87704
7697
5343
10019
3352
6659
6907
1386
10888
196178
4831
8144
7278
161613
3025
8161
13069
4236
209623
4238
12674
1964
9579
31841
9070
95099
84871
5740
3901
1994
13180
7985
8285
8258
2256
2368
6407
68961
2765
9108
4499
127396
61624
5888
38051
6913
10033
110649
6006
3700
28032
7026
146746
10314
2174
5984
44893
6613
4469
169962
28161
7472
7026
6707
4841
6396
7799
3349
9752
16531
51481
10612
11146
8200
3769
6068
9815
78264
3244
5360
8544
48410
11810
6755
9596
12772
4291
5979
5347
5929
49076
134599
5278
10579
7648
28082
39613
55580
9350
3961
8265
6646
4338
84285
9785
65524
5022
9930
38030
152556
127001
103620
197368
108121
34717
8365
5021
4442
50441
3902
6995
9435
25560
7011
3775
4065
10661
11121
21283
4428
9311
7162
7851
2169
6926
45798
10358
158622
5039
3760
4354
163612
24500
44612
109543
2428
162123
3810
15093
7086
11342
227598
9285
4570
10927
3536
5959
7232
68246
8828
7432
3831
7505
10345
6233
30061
8150
55079
5014
7326
126450
139242
5872
52136
3872
5230
8538
2951
123488
3304
8741
3302
5049
10531
45043
335049
4650
9864
4902
8167
10636
11315
11456
9037
6992
87408
9230
9544
7624
12167
9164
3874
9189
15662
4832
9309
30349
12459
4755
188419
5568
4137
6605
71293
9498
165628
43880
10415
5004
6949
157349
7226
136719
124167
11111
11451
9003
123748
7585
5299
91923
10501
1899
66161
80159
2063
8985
4340
70608
230863
59026
12393
8261
4803
150707
61058
115493
6997
52795
36006
4533
5942
7045
93251
2345
8837
4382
7335
7052
7831
94105
2180
4803
13431
