7150
6366
7847
16791
8764
7183
11780
6250
9329
6789
9096
6844
6695
9337
10081
7506
3887
5626
5959
6270
10847
11069
5993
7215
6640
9442
6453
5072
12085
7892
3362
6859
9967
5541
8304
4924
7052
3497
4622
11024
6909
7780
3609
17291
10229
4096
6958
15333
6788
12003
9542
7350
5721
5844
8832
5127
7742
5824
7985
4432
5507
4367
6801
7465
9022
11048
8202
12039
7960
8156
9016
11116
5173
5699
10373
11346
18050
5650
6363
10276
33208
6018
7767
4257
5293
15339
4079
5923
6828
6966
12359
8471
8440
13969
5241
4203
11391
4693
8331
8779
11840
9265
8060
7140
10969
8950
5554
8536
5933
8698
6414
6917
4990
7871
6182
6719
11244
7557
8493
4020
5195
16225
6801
6620
6514
5857
6267
10686
8528
11855
12435
4417
4087
5717
6980
8891
11106
49532
15990
13955
13721
4059
4546
6287
4297
7330
8416
9409
3583
8836
6918
9809
8962
9461
7906
5416
12203
4560
5370
21797
5166
20273
5555
7777
25878
7706
7572
10044
6002
7531
18078
13853
8846
6825
6332
9054
5209
11096
6137
7327
9587
6012
12247
7209
6005
5255
5422
7016
7221
4409
8075
5971
4749
6629
7739
10498
11780
5989
6897
15797
5781
6917
6012
9270
11494
9827
6855
4258
10573
3570
7656
6682
6573
6240
9302
17639
5589
10177
7272
5474
3303
10737
16830
8502
5165
4903
9637
9592
7029
12359
11320
6938
5049
4665
38428
5508
7158
6388
10768
10201
4503
16628
7082
6813
6216
6975
7237
6660
3967
9522
10087
7023
6469
5563
8615
5051
6488
5741
5897
10526
6826
9298
6395
6605
10906
8334
5725
6622
6493
7941
9237
17699
6124
6973
9274
4989
7734
9438
5335
3851
21632
6303
8038
4807
4916
5637
7521
8854
4199
5441
7356
9083
9419
14755
6419
3321
5578
20020
3748
8805
8189
8116
3831
5213
6920
5242
4382
6977
5284
11692
11785
5848
5737
3514
8869
6184
12464
20287
6219
5515
6084
4881
14753
5571
5633
9328
8442
9846
5529
5768
6076
10808
4083
11778
4827
4185
5582
7679
3375
10354
3700
12085
3390
9366
3725
6884
6212
8164
6537
7232
19391
4224
7301
5167
11229
5209
5072
8800
5643
9799
11817
10740
16627
6873
13921
6319
8345
6182
20431
4160
5556
6836
8685
5726
9893
9860
10703
6366
4915
7572
12658
11035
4432
7930
6223
8666
9426
5731
13635
7876
7505
5549
5284
6793
3420
5890
6561
5362
6596
7141
5713
7358
5330
8227
4415
7036
4523
6755
5843
9002
3306
8135
3752
5415
7618
8591
4261
12368
4736
6449
3853
9001
10353
8804
6809
9615
7990
5481
5109
6144
5537
13839
9851
6793
7541
4387
5663
8500
9304
6503
20771
7415
7816
6675
14587
8139
6268
4953
7424
5296
12191
11212
5316
6046
9565
6395
12750
3868
4025
6952
4589
12789
7756
5816
9319
5598
7024
5748
10717
8768
5757
7632
13843
5110
9381
7899
3342
6034
8782
4001
4966
5823
10124
13234
3739
12614
6499
12747
4648
17468
4618
4992
12076
5118
9856
18415
7160
17456
10036
5708
6213
7996
31093
14460
4043
6128
6229
5054
4043
5539
8470
4019
4781
7333
11127
13483
5497
5050
11521
7649
7134
13112
6863
5490
6516
4349
9693
5990
10922
10347
12777
8286
7436
4036
12833
5382
5335
7420
6320
9832
16151
19426
16082
7098
11700
13129
7783
5877
11228
5727
9455
4186
4639
9287
4891
12504
14038
12366
8258
7921
10180
12940
8999
4098
5167
6862
6065
7127
5018
5123
14292
5493
8512
11802
7153
9617
5463
5086
5893
5614
6302
4261
8240
7379
3063
11815
12889
7740
14001
13320
6129
5857
9363
5266
3753
8052
7912
9303
5145
28520
23416
7681
6330
19548
5345
11590
6925
14726
3009
10941
7343
6110
16013
14105
5558
5040
6202
5283
12665
10446
5410
10999
10637
21117
5202
7834
5602
5845
7876
10647
10624
13354
6571
8025
10972
12250
11693
5953
10710
7349
5892
5601
10098
10525
6723
6298
9783
5572
12356
3941
16123
9322
5851
4517
8487
5878
5163
9514
6238
11036
5543
3986
14266
8382
8373
7124
8894
10174
8085
4470
6007
4995
3466
9744
4566
12027
6090
6362
16820
7016
12239
5060
3455
6953
6764
7686
5045
6559
8563
6155
4958
9192
8633
16314
4943
4351
10117
8627
5788
10871
9811
7649
11432
5438
7137
4667
6299
33905
4191
7667
8348
11760
9084
9624
8567
4619
15997
3146
6657
4651
11209
21720
5240
8478
8576
8109
8620
10475
5911
6402
9607
19714
7151
6167
4437
5772
5474
12900
14669
7710
14724
8939
7669
4592
7724
8547
6519
5467
20341
8494
9129
8245
8309
13628
6023
5612
5039
4325
6558
4105
5286
5124
5171
12151
4522
10043
6459
10735
6144
5307
9684
7582
5383
6421
6468
8232
6482
15985
5935
5700
4791
5940
8561
6892
4898
6561
7939
10690
7092
6730
9792
4486
4020
9916
6911
6523
7919
8441
6766
7754
10061
7586
6288
3548
7149
9454
8615
4426
10413
4138
7657
9285
5703
11822
4891
3839
6903
6360
10968
8573
6286
7924
5257
6309
3561
16954
10033
6488
5870
4300
13969
2556
13376
7912
11969
7207
15636
15365
7216
10788
3763
4926
4074
4521
11251
5811
9766
5561
8608
4835
15568
5453
8525
5199
13155
11340
4253
11186
8390
11240
5041
5488
7488
10384
6572
8984
8028
3716
6779
5130
5716
7296
9917
7031
7065
12323
4014
4801
13046
7105
15095
5784
7530
10135
3443
7990
6173
13690
5610
9127
7145
4624
5184
7239
5308
7553
10184
6836
10820
8329
6446
13276
5019
5116
9713
22659
9933
4825
9400
6675
21745
4255
6782
5469
9954
5720
5170
5788
16179
8542
5547
6838
15167
7090
5294
7323
11016
5376
4677
5570
6562
6408
23266
6879
4745
9668
6098
13197
8607
15749
3822
7222
6053
6794
6889
2830
6962
4872
18518
34580
25830
7231
7580
17023
6706
2894
6562
7318
18938
12638
7407
5931
7177
6573
5535
9019
3359
6281
9740
8041
10402
5191
7084
5422
6262
8498
7310
4449
5852
10177
6852
4540
7382
12212
8429
6484
6390
10053
24261
16787
6018
8444
6124
4717
5231
5773
15347
5059
6834
21384
