30696
10974
17628
35763
14285
9793
26714
13427
43431
29856
23560
48939
27409
27262
36568
28024
21061
34226
18212
17030
15136
21688
52435
15147
10224
65220
12568
18592
36157
34092
26985
8976
31110
76574
238812
62481
15995
11060
84573
22146
64890
25040
44009
57735
89436
14742
11143
23836
28789
37040
16073
83383
27843
74975
24022
27331
11779
34674
6656
26296
56250
10692
17531
17843
10100
15198
68915
31634
29603
28801
53662
35979
17078
31571
29750
55749
16744
54210
25347
65420
78520
31857
12631
55787
23475
8863
27563
18334
23147
18796
30504
12293
13020
12905
23061
7888
7136
28077
27678
14537
55407
11745
14144
31938
32653
48854
10750
33729
39664
37416
33182
12785
6102
15883
26696
38963
19850
15327
38534
13627
18129
15482
25776
39800
49465
15777
16562
31781
14140
35414
71923
23848
9031
36645
23007
32262
31751
23727
27664
33484
17107
30797
36119
14862
95428
21386
12884
29424
38571
37804
37665
20536
106904
99604
28655
12156
24582
71382
16255
67317
21709
16218
34918
9296
33976
14621
14356
75937
29112
13043
3871
19969
6414
92649
37822
31643
23578
54937
83567
35911
10959
8764
21491
48381
31376
29688
31389
36183
21377
45071
26055
14955
9959
27695
9943
8821
12537
34537
24700
37203
31281
45417
76429
37853
30094
18808
50165
21857
7220
71536
20439
76275
55459
23251
24512
41270
28772
24124
10291
73329
27080
14880
39968
8407
54394
21660
13588
18696
10161
14978
73629
8010
81438
10508
65579
18818
53526
25109
43936
24178
13915
14846
10825
87093
11600
37513
16056
38137
21246
62078
29780
13331
45530
6462
22898
20559
47356
99262
16800
26875
15488
11835
85873
58136
17613
17067
51872
15465
60177
10287
11699
14379
11585
20793
54507
15481
35906
110113
21939
24069
32260
13733
23114
6065
22696
34131
26552
12120
23953
16762
11486
45544
45079
45661
47896
67981
53003
21971
12608
19492
94328
41117
25397
49117
39050
26432
27894
7195
23770
45472
32758
22954
14335
14325
21098
18423
6899
20322
33836
19943
21086
35660
16649
56922
16206
37222
22134
33975
21183
11426
45660
15662
71121
21662
20745
18289
21282
31918
14763
40637
43151
20097
10018
21286
27147
19675
31350
21768
16955
37813
14019
73817
34737
9521
7228
24335
21408
15265
23409
18771
44293
10571
13865
60260
73894
84843
13080
10254
10778
74069
26322
9660
20388
43744
24145
85545
23302
13644
18445
37310
17225
26415
36929
62202
19502
31590
56053
41772
30181
12485
45376
46348
16390
55161
19094
21471
45725
26989
28974
50067
10928
56431
17173
15295
18484
25596
22525
9905
43087
57027
26782
68031
17953
12486
35021
9161
22620
15119
76820
72154
26835
37666
49641
33835
29148
24168
12310
23334
73306
17881
11024
15217
19825
31774
46071
40025
20792
62110
57238
73336
57737
22563
25142
36202
19785
13103
41331
19379
8236
35056
10676
10317
56260
19459
16615
17184
57981
24090
15517
52841
34082
55107
26984
21763
10291
44259
37691
17065
33011
115740
34357
31125
39405
28301
17876
23388
39363
31295
26671
12120
35944
26701
66394
54099
22436
101929
91995
38516
16087
12537
38879
19216
29079
27948
15856
35994
18822
15436
15699
67806
56680
57293
49493
8696
23647
12072
37929
22296
61720
24807
26124
12072
10976
27894
16014
37743
43837
11467
16553
37442
7631
18440
15222
26456
11178
37062
11825
35547
10336
27674
22984
86851
8429
24254
17463
11120
17571
54306
32769
53536
29882
47706
15309
27102
7854
75779
33768
31873
6654
42614
18478
23275
23146
33676
17983
12190
19658
43098
25602
17388
37099
19702
19438
90804
47930
45069
18541
7770
36677
28959
68362
26946
11500
15774
133432
12957
96015
15348
60297
32773
76293
44969
29837
25110
18711
29121
27923
32090
28435
45400
21459
48945
35748
12374
11501
28141
18010
10453
24800
32151
45803
55112
43841
8690
11659
20778
19596
65649
23138
54040
51841
24093
44488
63469
42075
28680
23881
16205
12455
52336
30852
22180
23692
19307
13532
24069
21413
44730
37039
29488
22954
30398
37573
35980
50643
61842
34114
14656
8336
56474
13146
24769
19879
70523
63907
42176
7846
73350
9927
23709
44047
26817
19484
36383
31939
16092
45673
32641
25581
62920
33748
35834
22076
16231
12409
18854
36167
16994
16677
20120
13765
28547
16656
66199
21458
23292
21759
45531
14685
37275
37788
18332
20471
30561
62864
38162
13832
21163
61704
12060
15936
24411
58716
44792
15692
28389
109683
69725
20213
16238
24006
42243
18044
16290
19714
86273
43751
10499
44879
31886
34134
10585
59870
17612
28081
30038
40426
12332
23317
41905
22002
38959
34740
22933
36113
17150
21852
108941
77942
21587
17272
19612
13095
14147
28196
4547
53951
24147
6103
25784
45775
94086
51643
52195
20618
32478
50262
19011
15852
48067
22821
17217
26956
10700
24105
28640
41690
8934
67660
10156
15945
32538
31474
138126
15630
40053
18306
39795
12718
27671
34685
42057
56855
56226
19186
34656
11978
22489
19603
28436
21674
41367
13859
15870
14984
12812
25416
28928
15849
20277
30581
15156
22702
24129
56657
6974
28623
18780
38326
11732
51585
38502
35785
21949
26344
62650
10692
33540
6395
55994
56993
22354
53409
134878
53095
24792
18022
5706
13754
43172
14791
50015
25074
72856
27885
46988
35233
50852
20353
22113
33778
10424
45713
49097
10970
17020
15230
17874
5183
24421
12795
54449
18562
74395
26921
17403
15228
33957
7827
24016
36990
17260
39883
23537
16239
32805
30371
31590
14018
19183
23463
38903
31183
10674
160921
27874
56731
8239
39067
22698
80761
53840
59755
12155
17806
60757
16362
6862
25740
30384
30803
58739
7620
17900
55256
34174
25386
33093
14741
89426
10662
33162
28854
10136
4256
44475
22148
22687
24645
38687
35768
115684
24610
81782
5910
17732
34289
36319
45876
12371
24937
31503
22549
99453
31632
22303
55493
27125
19389
6986
42783
10492
9749
47020
10564
40325
15937
15534
48847
41669
30169
34324
49346
45602
13569
20132
26671
20203
108898
7208
23848
30762
71592
10816
21465
31401
10754
51539
19492
7882
26805
30231
16707
24335
43634
12438
35176
35771
14255
24201
19859
32819
49944
54374
29384
17307
22903
19187
33276
45316
51379
48536
27248
48535
11139
11920
78713
17967
48800
11043
13158
19961
69532
25554
18410
21833
40005
22149
55016
18356
56465
39798
16708
54106
22915
26187
48789
37492
32044
6377
