6392
23835
51593
37565
126521
32609
23480
13234
14056
64881
59686
64637
36867
19004
60719
62448
13102
5944
58181
46117
5578
8998
75277
60348
52368
20428
22784
95448
79934
12427
31913
8342
10721
29697
90867
6044
29874
24157
30416
20763
37152
25966
13434
30864
46291
8094
17295
12166
43968
48457
22306
22120
23446
15978
65095
55715
5218
52476
18087
43274
21537
40340
78521
7114
14382
13807
16620
27037
29867
24470
24947
112256
23885
13972
19961
58618
9907
35822
12091
12968
10629
7994
21990
81077
21004
11947
50547
5803
96903
53177
24328
9352
26243
14060
86011
44382
10145
36558
11345
30297
17318
41573
54359
6499
21888
33846
17618
13069
20632
20558
24143
27461
31088
71106
13192
29018
23808
30271
11297
5988
64098
11145
14114
24872
17358
60489
44786
9275
43733
114675
10654
43293
54476
12968
55240
23745
25606
26590
14047
18337
16922
20009
15810
18273
30734
50118
37844
29646
13795
9566
20068
48617
23599
42257
107762
26477
18683
52375
13636
87806
46407
27478
15924
67619
36011
8194
47514
35414
51030
43582
71664
19533
38864
127766
22015
34509
22594
10920
51961
52898
84822
21079
35291
34583
103512
57999
64853
27477
108270
19987
56011
25047
97470
24390
47566
31969
70045
67441
13997
76459
55626
42525
23666
46606
44935
70929
11249
22836
23655
29042
58777
115086
21287
38408
15072
77151
19443
6382
14569
20864
23134
22180
40626
90168
42369
13947
21168
20334
38297
48363
20837
74290
27676
42506
10004
31514
32794
25532
23771
36605
22013
63401
43988
25068
12407
35356
41283
74165
37454
42090
76389
18083
17505
92625
75608
61434
22272
26497
21077
45985
13054
11210
8725
38266
51054
41223
14065
20941
13955
36161
40063
6921
8965
46215
156047
80718
36233
95672
17358
18217
7395
44069
84144
21501
33371
82432
39909
14128
36224
33441
12822
19496
11489
5128
13871
24983
19706
22146
5685
13454
42971
60195
43076
61133
71282
26990
15050
33365
25175
21645
19169
14568
37859
11330
125007
44196
104806
23846
57499
17587
40032
24781
55901
114713
53441
37311
57813
40827
23339
25950
61041
27535
60651
38694
13756
64641
11138
32828
10816
33795
23561
19207
91799
9953
23987
20905
11400
61753
14809
30793
21531
5992
17681
63371
12660
41032
40805
45145
16816
53722
19122
45024
26750
35578
33232
22762
44695
42956
63618
79348
36334
101201
24161
45184
49232
17333
82451
38187
16402
72471
104536
57497
64846
91149
9305
27186
11644
7472
44948
71295
20445
45426
13805
48324
15853
44129
3657
54852
24867
23117
107359
13997
73042
42972
39070
11837
68135
27889
48288
50083
5868
56885
37375
11196
106929
79589
24818
54981
47581
118453
21399
83351
34035
49366
28528
28022
24593
21917
16062
89812
16748
62034
42109
20945
26237
22087
62500
34247
65782
25178
75822
30017
49380
20132
33040
21997
101574
23790
25084
27283
20652
26669
10209
27958
25091
18550
10656
75594
52171
46432
23524
67201
67101
13154
58362
95481
16098
45800
22208
14181
45004
37578
16979
58492
31131
30427
48688
35297
26042
11528
30692
31230
23043
46835
116832
20103
24123
14727
31907
28026
12268
12469
18177
46355
36814
54481
104076
98347
34452
76899
16356
29266
22050
33489
42253
18700
41362
15171
106326
49873
6623
66981
57686
31354
16726
17543
30431
49464
23106
59875
9520
68436
7036
20984
33084
19388
38499
34615
18430
45386
18182
59650
33443
10135
205539
55080
40419
38335
59087
14243
21618
38244
40988
40305
37277
23114
35769
26332
23382
25317
46073
20160
38607
22598
20745
68736
37015
21068
62709
29906
22968
12429
27154
20924
25302
71579
56670
16852
41861
67599
62296
24303
95184
13930
61864
31023
20942
22497
44569
36272
13107
12652
54556
11159
72464
23096
28565
43593
14599
39585
27280
18304
21050
24676
11864
12404
69187
29085
52603
53411
11786
18187
20409
12020
33094
36513
14619
27145
20299
29804
30444
59581
90248
16795
20165
47020
53175
9071
56238
20929
9191
14512
38752
39229
22881
13602
90760
17228
63723
33476
57215
40181
39909
18586
59709
53324
40905
20172
18461
25793
4589
36390
70350
25337
29380
14443
11994
20808
23654
32886
25481
16947
25061
19375
82339
14312
18334
8434
67616
17315
15622
53004
9982
18856
28892
40226
35444
70005
75456
34839
10704
45090
41892
13041
8065
18855
9260
8845
72537
90746
50274
89912
9324
25251
22664
19734
59438
115147
24904
20733
12427
11992
15858
61686
42897
65222
14854
51400
49184
50047
24982
44760
19459
20013
43148
40546
8572
33316
34166
55253
41011
24783
17853
156120
28482
12756
6477
50309
19573
33385
10857
12795
11487
40309
41853
64937
95347
90609
46153
26283
22844
22564
21951
51171
6093
85123
21105
15545
37818
72353
37932
12946
26419
21429
13451
115569
119502
35808
60301
12056
37833
13053
9561
11396
15745
12967
67375
19539
19829
33031
79136
30998
39028
10679
23854
99970
24908
15774
19682
33296
9212
12542
28354
57506
24294
9636
26942
59118
6728
19516
77762
18193
102969
60900
26682
22187
22646
39035
67513
40587
16328
115898
46410
39838
27756
9899
16190
23402
9112
27911
32971
39554
23294
46753
5985
41381
60616
19122
36067
65054
17514
70634
101085
33732
64574
21801
37589
43927
37486
23014
34511
60079
31018
6992
87629
22725
51191
98982
13452
39494
110971
23550
52411
24070
17847
14619
16027
70148
21684
37848
22754
22665
42372
51141
52680
22899
27203
78425
4522
35066
31117
24142
14580
20501
11246
11760
13577
7076
15290
26334
64782
32770
41892
56721
77457
29334
30969
17845
11296
16061
13792
43607
7448
45488
29285
28271
7966
42944
29868
20939
123157
28260
78000
56617
17832
12427
30920
56168
11015
40244
71927
30666
57849
6402
21590
60752
17378
27003
9475
149292
37507
22283
63620
48879
22914
21009
75113
29890
19976
10832
11762
31804
44909
30493
11147
39591
24455
9929
22509
74626
48592
21466
19965
20845
25824
28486
21039
11476
41823
48784
8398
53931
88574
46582
15993
37691
67316
19987
30615
6388
54939
90726
49001
13211
28710
25221
10515
30784
36176
37827
26537
47944
18104
15636
127927
34732
12297
64706
104593
17713
127955
30264
66068
6152
22343
47077
80539
72258
59404
60632
81491
42060
13684
78643
29840
103987
17611
30821
14689
16735
31051
29513
22510
45092
23607
32732
26470
11681
31456
86993
65825
14127
18243
6801
4166
23614
36801
27705
12233
24029
