58637
48600
18371
55691
95225
77622
21644
21542
5761
29709
90418
54976
31679
41034
7427
107683
14486
50276
133011
44298
22562
52470
14853
12884
42723
19393
7935
30160
34632
219774
28491
11381
22835
41311
14821
24774
29518
28971
15976
25915
8196
10405
16721
31684
8266
13300
34179
49038
41768
13448
45272
38121
25830
8623
9406
33445
21480
15986
19283
62778
45285
13447
6897
27849
27508
36544
35263
17103
58691
29673
38692
15724
32514
31958
8768
70739
32000
58429
14407
28428
5243
8346
25364
68135
36593
36465
13381
14886
15329
13070
13859
16890
32026
50277
36077
18625
32425
26114
11881
42433
85926
85571
120085
19528
55394
57868
6427
29825
18207
21555
60687
56173
80916
57579
92970
57709
44254
11086
35024
31335
18251
26133
138680
49092
31097
66940
42173
46922
19965
47309
56529
44266
14272
36392
52973
21100
44792
84143
24529
70045
17713
42519
57468
19709
9300
49767
25781
90411
13336
5327
20143
55031
20297
22235
15594
97651
15186
86689
40564
36713
8245
27468
22830
51494
43354
12413
30796
91279
14125
18787
24246
55995
9503
35607
31755
49582
30668
39777
74519
69821
56808
9781
68406
18243
26448
13447
23315
38262
20650
35165
12067
24841
43187
39176
63300
13286
36210
32101
26817
21066
47848
30774
80669
45074
15699
44521
17258
34405
34044
10597
11362
31225
14263
43667
50055
29316
37686
30173
25342
52167
25656
13647
11007
5222
35756
22491
32818
43507
74887
27085
52309
26975
21214
20504
24389
30378
10679
24279
17704
23360
6816
59721
52481
12739
9828
16333
11433
29879
80305
21582
66149
46777
8242
66710
84553
31888
5945
20330
21184
11499
27724
53018
37451
40714
17962
28816
19037
11344
50534
16856
17888
14432
9505
61178
26307
15329
34281
26946
48234
140210
18568
27331
21617
60461
32545
10299
62802
59215
22529
13065
48781
44786
99244
74129
18179
44107
10421
13437
18017
13429
30700
72220
54656
30870
39533
17366
37078
79417
46591
7933
14612
29180
47357
24367
113877
29261
192620
20931
48228
45027
43184
16436
102930
79800
24866
7696
51666
39837
24561
16509
8045
20432
52792
54862
48684
20886
22450
49664
22047
80589
27681
51743
23134
35456
17521
32834
60425
5421
18367
20119
14339
43473
21702
13679
17469
40556
28112
48921
8252
37973
11556
29415
30886
11677
10089
37386
25645
32429
34626
12034
140287
38617
106249
21423
53761
11261
16516
11362
56889
4432
9736
34305
33706
25022
19438
24955
54988
10430
49582
47330
9705
26792
75089
4442
32366
37990
15136
49052
41075
40776
15521
23376
16629
38045
34213
39342
28234
22666
27009
28235
85343
32772
12640
28731
39898
74272
79913
19560
65002
60674
11555
9049
14367
24316
13422
29596
33172
134674
99371
22538
24485
16507
32282
62077
41988
17541
23486
46423
24151
36337
22034
50126
63963
20511
55308
7629
61220
44899
154769
6966
8213
18874
26474
56078
35108
16680
25492
61761
26136
16075
60976
17636
26516
32734
69094
15006
64755
27958
28527
19008
44144
35214
16647
24377
24777
8715
43947
92331
17373
93152
14280
19603
36554
87433
25304
8221
107704
4702
34207
11009
55403
50115
25888
54125
140317
40374
23607
28299
28116
59203
9143
30846
13998
6866
16773
50312
17007
40317
23180
29983
30225
12951
16950
22623
25572
69161
41052
56274
21753
9015
54930
34470
99661
4148
31580
21084
9854
43335
132963
45781
10685
9582
17534
49270
13860
50850
33140
15318
35480
14610
37593
20630
99594
22534
52112
35329
5327
105486
76124
47201
46384
31196
12641
20877
26564
16178
142594
31173
52378
7482
11986
49164
30927
28367
40131
35765
8039
17205
63594
37978
39659
19698
37137
5456
78745
35911
16670
45131
44670
32178
18219
49345
11212
7997
38995
20018
12460
9356
38453
31502
13957
14368
16510
17137
156777
16880
15902
31080
32655
75249
31069
9401
10110
18116
29460
7175
63813
45702
14455
32459
16740
34517
31707
49270
27368
20957
41801
32920
89481
84616
56090
23641
34054
10021
68293
8989
16072
31273
105485
63336
11017
41948
6061
18696
9951
10943
34729
33107
13850
15055
39476
51041
10132
28447
21253
10239
10786
21160
108342
48746
49048
12633
17934
33449
43560
45914
64503
28821
7731
36091
51676
20119
26768
27086
112541
13774
11784
12534
11723
42901
47720
20528
22713
65311
36497
35237
66038
18759
7672
27245
71651
17409
78131
33638
32242
15966
70021
90040
73852
23921
24570
28897
42303
5783
73286
79234
33235
19523
117154
45499
35789
44815
28360
204825
21540
46041
14166
34762
25827
74573
46083
34426
12792
44996
36923
11844
39772
85218
10275
17068
46818
20547
42602
6788
16652
55344
9225
8913
9414
22499
113967
34861
29787
3953
20231
36676
20832
11479
52798
50342
29044
18985
80462
15146
20183
16685
28162
18026
66791
10488
24172
13043
7554
63636
13239
20774
20744
16471
47124
56046
34534
40142
46710
9233
23956
60511
24010
34609
35177
10516
16924
11845
18276
16514
53138
26216
39080
11161
18493
38998
16692
33315
13502
22824
37107
16148
17683
30579
64646
58720
14501
73318
44608
19007
60786
30066
15943
20456
20360
34745
87547
27692
32867
43253
28699
9819
35807
64219
21007
4700
22962
45935
32295
38833
37104
16332
24507
31941
35432
58145
63344
5828
47208
17339
14459
17981
45750
24059
14026
26212
39458
24509
21481
55145
18222
43464
30661
21797
44945
54160
6970
18352
59999
7171
12759
94870
32400
13013
23625
20734
26591
11720
44415
63964
97454
16402
42498
6800
59735
38235
22940
30997
6926
11325
81013
17750
9028
6404
22020
22417
35390
8750
76016
13060
77047
29324
15472
29097
9233
132724
9755
17221
10109
26327
9587
59016
29147
12394
25568
14321
12085
48658
27402
17504
13776
73836
30698
10045
40597
14656
18213
103036
40096
40847
21204
44073
17603
25722
19968
84053
32635
9869
49304
56820
19412
14770
14550
27110
29613
16926
78134
48214
46293
65120
14620
43331
13215
21897
12158
27607
77754
10108
80272
109034
15289
23512
46651
77378
26164
35143
13419
29289
17410
67262
6989
80630
9889
201576
82506
45056
18165
29297
17826
41115
58339
25220
52950
11175
20061
12144
7681
28188
12410
18583
77229
35356
9900
41020
26138
46646
10532
41897
40862
15987
49266
24138
15568
14499
90939
35434
60980
16301
106746
15851
37792
44405
14019
3554
18508
90145
6341
19131
22645
11394
36434
31781
10216
14976
9808
32530
