17510
55774
11878
16446
14914
17710
38463
26351
32042
51559
13898
35157
17545
9913
17262
28441
53687
10612
12191
21752
50688
18465
24659
18132
12785
14401
6180
54285
22736
18811
21642
15367
19834
14513
10847
26182
23938
12556
17791
12987
13614
5588
9465
29373
11642
16927
5906
20670
21901
11822
32180
12278
35544
9300
36589
22936
18617
31161
26362
12307
43640
34542
40225
8979
22738
30014
25921
12312
12948
14789
38669
8541
12000
20626
54833
17486
35070
24395
11183
5707
20435
29570
19951
33972
14721
31714
16346
20935
29499
52669
21335
17722
21012
11122
20435
20470
23125
15312
11192
16256
8863
19085
80957
31065
9306
24850
25586
41509
17765
19052
10341
20658
57093
20838
18224
9105
18485
13527
15068
17801
9009
9515
27220
17311
6215
20095
18569
29126
8652
25226
9917
18388
23889
13260
90481
12394
44803
15139
16407
38180
31105
22422
28685
13794
16759
10216
14782
22103
11497
11351
24110
19112
18010
19235
11352
9563
8779
13247
9103
10898
58720
10382
26516
12729
14238
18274
17710
30508
15098
13295
17887
25707
26921
40603
18252
24527
27124
16156
34340
27811
32120
25707
20372
39396
13491
23412
23720
19234
25139
16932
10222
16420
81431
23120
9293
9142
24428
12150
19826
22881
9401
13748
25919
34287
29889
29965
20746
31540
21160
18349
16235
13582
37491
16573
17256
9819
12119
13356
29145
6803
13893
21328
14563
10403
44576
13039
22407
23674
30228
31452
8854
17852
12058
11980
26069
13915
25000
23419
13398
19944
5821
8224
30300
11507
9774
15590
21948
29869
27793
19756
40723
8989
17323
15182
15156
13763
46213
14478
25087
14305
9529
7514
15967
22022
9389
30894
34365
18686
12957
13795
35143
23472
8374
17159
33893
13018
27308
29151
8729
31709
42181
11455
12563
9949
37800
13858
17960
27470
31674
14482
25930
6249
19319
8149
17773
33388
28915
29340
10155
8173
26015
57013
27149
14715
40009
38462
40293
11636
6810
23664
36680
20989
6330
16078
24433
30280
13268
30331
67426
17211
18227
7658
15224
25815
19812
15525
10194
23592
33456
13655
13794
27240
11737
43956
10902
21196
22892
19863
9580
26670
17001
12625
14567
13420
29695
28227
16546
17138
22199
19991
10267
42891
22402
9984
38673
23704
15024
22063
22586
12125
8496
11023
9230
8239
19440
25510
16322
14894
24953
20115
15500
11185
15929
19611
32195
13068
21571
25130
27839
8858
8460
17675
29049
38156
20080
14352
27767
4385
22055
24212
6789
5123
41589
21644
13603
10707
47465
13506
25944
32745
13418
8631
13387
11851
24471
14344
32887
7813
27912
22653
13313
16431
14160
13979
17875
19422
19953
25432
11103
36197
19974
12874
55898
9792
27895
18546
18433
32448
8409
20672
15478
19131
47965
27411
39106
13982
24248
15231
19600
12792
16944
12537
23507
29329
11904
22928
13474
21058
7321
19754
32602
15031
33506
57617
24740
12354
22271
22628
14489
17855
44423
30316
17461
26056
4332
23043
40435
7420
20512
36788
19027
35361
7111
15022
21155
15732
41996
41858
13864
12549
13658
29790
26098
12309
10843
54069
60717
20344
45165
9608
28208
25766
11142
24004
18264
21593
16607
38013
33394
12841
11495
15635
20223
15146
23488
12323
52462
50843
19018
32877
37658
26638
36825
32136
14583
10855
30473
30487
11254
23364
18689
17750
17341
23528
19368
13799
18669
22758
51111
21304
12722
33525
15191
17986
15719
15206
8809
42120
5938
13792
18389
6276
48185
15645
23034
40394
11931
35728
48031
16481
22128
19143
19863
14543
13201
14795
12184
13347
13204
9810
8051
19106
14047
50364
13678
11985
87855
25276
21500
54433
10701
15610
10602
5453
43723
43918
11744
12487
91377
12341
34286
8719
21707
23830
51915
8224
8963
33816
35136
14587
20214
13251
15266
26248
23410
6170
22001
12277
28012
12082
13441
31894
15167
18388
14634
8037
22615
18395
21845
7362
41093
17651
8993
35172
38223
16403
23980
72470
32773
23559
11437
35744
26042
19699
12832
36133
12300
42435
11766
7827
13240
35411
16594
48350
6434
10865
25043
11339
22795
12422
23656
11281
30118
16508
8162
13670
10865
14125
8612
18108
13629
31198
7296
42849
12634
30528
38163
3481
36244
30221
10246
54314
8342
16247
19765
25356
26654
17894
17013
35741
17596
20791
20668
5711
11864
19301
25371
10957
33945
17152
19780
15539
8524
17453
14383
29970
17955
30842
35744
6799
10434
17462
6946
9873
26815
13703
10971
28783
16467
18715
21624
21368
15890
24900
46609
60234
14038
38695
20147
36199
11924
39148
18845
27613
35391
16387
16211
13554
11336
10381
10930
9229
32286
10646
22419
15912
16083
14911
21255
41441
21869
16230
11870
28445
8168
34764
17029
11876
10450
14634
17049
23343
33227
24002
15145
8674
10630
21870
22044
28272
53682
25862
13925
13965
7304
8210
20588
27985
38808
14627
13323
22188
41112
21591
9320
30956
23487
36739
21179
51929
10626
19583
11571
10328
15775
10800
20466
9449
7034
36647
25693
5602
15597
33030
9945
8922
16569
15498
22151
28575
17778
14278
16702
13043
11928
24424
11536
9225
19216
24453
50254
14401
9843
7318
16581
24473
20014
21907
49269
22342
15142
16967
22247
15757
40438
22086
28606
15352
9598
16008
29361
30824
21877
16243
68309
15343
18048
57733
10428
26304
52487
26404
18972
23354
11962
43838
23054
15288
8748
35318
10457
19025
18201
19648
35139
7466
13580
13339
22409
15090
39572
49284
21186
26864
13437
13829
24282
55604
17939
16157
10999
17212
20328
17949
15947
16891
18003
9629
19491
18976
27050
19936
8558
22546
18043
13281
5849
17516
12939
19005
23670
22981
10333
16531
11293
9710
21815
11446
19924
36502
19742
9134
23739
35431
19612
19927
5730
16616
19404
29886
7099
10317
9445
9476
10905
9796
23488
17437
56197
38683
25832
15708
38310
24736
23875
21867
43856
10608
15586
22836
13693
14295
45587
9448
29679
14829
22588
27102
37458
6618
24580
13322
17996
14054
20651
50065
18932
19818
69664
24372
8758
13510
14316
12643
12163
26064
11644
8004
27405
13129
23347
6814
10922
14311
16758
11892
19084
40160
9952
21949
19975
21020
10117
8487
11294
25822
34278
13033
11701
11531
42002
18016
32257
20952
14797
13723
17040
13256
14052
18097
11233
42882
10185
10541
46448
30612
10760
14271
22901
7139
24067
6004
21979
11792
17466
12110
13003
5565
5188
47696
