16178
8912
10234
26010
13954
10118
32851
9097
20677
21865
11031
11432
17323
38634
17808
8098
11323
18232
12139
20343
10687
10727
8218
20433
7575
12776
9661
11378
34659
7736
9744
11814
25417
14453
20449
9835
7986
15073
10780
13625
32455
15300
11816
11780
9731
21757
8417
16355
9659
31072
16067
12138
7828
7127
13071
13602
22909
6577
11324
10118
11267
15809
11782
17162
23020
19303
8420
18685
13073
12689
24195
13700
20923
16297
13346
14701
23508
10299
19765
11898
16641
16184
11851
10188
15806
20695
20861
9363
18078
9129
16776
29312
14463
6688
9281
11986
11687
17536
16769
9354
12453
10379
19258
13610
25057
9950
6122
18762
14038
14601
6573
31831
8098
16423
23064
11878
11278
15873
26027
9371
6828
22667
12504
37092
29686
9950
44393
6919
7010
17991
10833
8348
10752
11620
12253
10015
22398
4386
6794
13895
35012
11175
12486
23961
22023
9316
10467
12717
12722
12099
8809
8881
12422
18236
50419
34921
15335
15149
14040
30891
8285
20297
4846
18164
9217
16693
5759
8907
16189
29482
20588
21285
7020
10112
11979
12219
8743
10225
7606
10241
5662
24383
7937
11162
5481
18714
19222
22631
9164
21614
10860
10951
12979
13638
17524
10327
22207
27474
14325
9055
10638
20385
17405
12187
29300
9095
15478
8034
11750
29089
8002
11442
7826
21848
12704
33689
9964
12030
19050
7801
13858
9267
8041
9425
9726
4467
11910
9533
20087
13038
5029
10747
10230
6758
29393
11999
15023
21088
7104
6279
15248
9112
8947
4288
7424
20969
20301
11241
18789
11158
40187
8870
16452
20275
11404
11895
13280
9879
7492
15504
6046
18381
10423
17014
13845
19899
16532
12948
5377
9481
14791
14038
14362
12415
10192
29482
13201
16087
7633
16024
13680
18436
20100
16510
16389
7868
26445
8764
5900
12381
11326
17368
18352
4859
11948
13827
14625
24573
14005
7213
35472
12846
22454
19163
8405
11386
5379
16089
14776
16333
11865
15783
14065
21826
16059
14238
5301
11941
29994
12998
28655
18177
12738
11489
15821
11886
10593
18411
11473
11673
23579
12023
6826
12377
9283
17340
21087
6034
13763
15064
13847
23108
21336
13082
12395
12989
7133
12760
19640
14185
10933
18966
8011
13755
7662
17951
9275
17884
10405
8854
28239
11935
7289
10258
14646
21394
21736
16570
20469
22613
11455
8790
17992
37104
11646
11865
9734
24193
11285
6451
5794
4030
12013
8375
10383
12465
21075
16428
10341
7804
11897
19679
11458
15268
13593
14595
8529
18720
20718
22156
15581
13508
16524
9279
38652
34806
12034
5241
10573
21897
19527
16902
5194
13328
9479
9780
8802
13300
7138
12247
18954
8027
31369
9808
8019
18718
9045
16357
9465
26106
19634
19741
18998
15104
17545
14983
20095
14594
10215
23276
9035
43506
7520
12483
14638
4629
11462
12572
18866
10521
6370
19444
6978
11512
8485
19716
16722
6762
16882
4579
13652
8897
9176
11380
10570
17223
11714
13885
14278
6981
13702
12117
11194
21746
12006
16109
18136
15507
22540
10884
19456
9554
13792
15912
17726
16512
17859
12334
11241
6277
17632
18097
11545
8914
14003
4535
13004
36289
7512
5180
15903
7667
11185
13279
12605
23813
14452
22290
18830
5252
21335
9883
17542
19687
14767
28989
11815
15027
7117
7432
16933
32091
22621
15466
11421
26167
11542
12118
12069
7977
4334
11631
8592
10880
11281
11497
20942
13333
18406
12250
13804
11351
18846
13943
17100
8766
11730
10678
9075
13968
15503
10846
14082
19536
64159
7214
24374
7802
28722
11763
12838
8376
12188
11631
8305
13263
38936
9753
9302
11339
9561
15130
10892
15534
8852
8665
23309
22045
24850
16175
12969
9439
21542
7172
19044
16406
9906
13314
11610
10017
24793
10123
15571
15382
19075
15040
26398
14243
6134
19580
20824
7798
15265
14870
16789
15632
9496
30709
8799
5719
20771
12412
18991
10254
12583
24368
26263
8777
12327
5845
6896
11189
8746
15462
17195
42009
18281
24121
16266
10769
3509
9621
16306
12863
11200
21085
9146
15971
9390
9875
9360
27662
6600
11642
11397
22781
32014
17369
9089
10149
5882
7063
24625
24725
18351
4844
11398
19867
18455
13169
13276
21141
10081
7392
19528
14705
13571
11441
29116
26048
12258
7509
13226
34567
5275
11246
15933
31040
8797
11058
14083
25555
7138
8473
30604
47804
10367
17583
16898
16481
13827
11540
19279
20102
19471
7607
14008
12204
14131
16661
22961
15198
12386
13104
17307
13588
12150
25012
9412
17058
13030
17485
6723
8371
16748
14464
7896
16160
7116
35233
19873
9645
14926
13760
9386
13923
16796
17066
13197
19145
18645
8418
33672
7359
9958
29649
10693
13719
10632
11851
6950
22004
12635
9646
10956
17492
18487
6051
14234
8457
36110
17109
10085
16865
20774
20189
6558
19370
13461
27401
13250
14919
9784
8906
21446
9345
23351
12059
8072
14643
10311
7624
15232
13811
18274
9551
10976
21093
10469
12303
20225
8463
6982
11545
23091
10983
9829
9387
11603
27064
36064
16413
9186
6920
10444
8224
20624
16974
29342
14305
12474
12652
23658
5000
18539
16363
10756
21509
15010
35658
27217
18070
19252
9104
7681
15536
15873
12393
16258
17797
4553
8115
6544
46998
16281
28640
8779
7652
4840
18717
6251
6628
13057
25825
12983
18555
8257
9429
18170
14061
11597
18924
26054
10109
6314
14613
10564
9703
10590
39024
25520
7423
13893
18580
7315
27378
10087
17338
17629
10365
14317
12275
13442
6857
8715
9580
20299
20750
15123
12517
10630
10954
15852
12202
13036
28607
6148
16315
10771
14478
10444
11718
12575
8121
17356
6886
9844
14664
25477
8437
21702
13243
14966
11755
19723
17364
5873
19761
10094
11881
4373
11340
13450
8583
26012
32380
9621
12046
14572
5989
10998
16546
24289
19226
8628
14169
34217
9049
12887
10445
14937
16721
17320
10528
10037
21877
8956
11804
16096
19270
8508
12443
16796
8480
5552
13040
28272
31410
12870
14147
17544
10856
19086
10791
22125
8113
10820
16971
13621
20635
20672
6659
6368
18252
12907
8909
14005
21152
9105
10688
9743
9211
6571
17661
8379
6275
14767
12374
11310
26049
8343
13688
13609
17082
24568
26851
23760
34598
8858
19232
16513
48339
13919
10095
21500
17759
13427
5314
25780
11176
9022
38525
9784
8651
15192
17159
13498
7646
25147
6750
