15794
42224
7561
11118
15225
14943
29637
13941
6293
6569
20697
22257
12915
33222
35526
14410
18083
17679
11422
31182
15842
22735
8908
21326
22134
17724
34914
32180
18412
18559
13501
28421
4283
30906
14384
13328
17564
9199
10879
9814
32910
11666
11777
8240
23088
23172
15531
31862
22902
28923
6235
12489
40760
9923
17043
26456
16247
32171
27403
22290
4203
27702
18733
11074
9039
3613
12399
11002
22816
10206
20808
8586
18347
14586
24921
38948
21618
13419
25946
12107
12941
8325
14163
19967
6563
30593
17001
11869
19255
22904
20784
13159
8630
18353
9375
10766
14719
9555
12994
19319
9215
11936
80257
9780
15031
15655
20088
14372
31516
40207
50594
13433
13781
12352
7152
27281
5816
9512
14533
22576
39936
15582
14038
9887
23474
31663
27300
12158
32668
9450
30425
5929
26368
25219
17981
35400
16306
12989
29168
10360
10396
12588
29190
20329
19119
9726
21291
11854
13181
23025
11938
25712
11969
14977
28761
23442
24499
15000
9980
11433
12030
13466
20632
16353
19146
8368
8480
35088
60742
12062
29430
25912
11299
8955
19958
35398
26828
16602
7348
6530
15277
8739
7584
12135
5525
21289
39606
14389
8389
8941
17397
24307
10059
11244
19996
9512
9536
15147
10008
20723
13374
20966
12826
10932
33533
24081
19280
17556
8548
12470
20771
14766
8926
14518
13654
11136
13364
16870
7644
13367
10436
7812
22631
15924
11564
9814
6497
14183
15170
27929
10166
18840
18528
14951
12771
11136
15204
12773
21201
75757
18253
16844
18360
10464
18085
12761
18415
11420
14523
6360
16484
10465
35031
11694
6107
30531
25054
27548
18961
23193
10056
11678
14265
12818
19258
30535
13290
10217
11509
11686
12573
21924
17534
16803
11960
20731
10263
40210
26755
7574
20576
11459
8229
9257
12172
23689
9179
12958
21475
16763
9867
6147
21392
18435
11280
19927
21570
18087
12859
20001
14797
10529
9830
25296
24219
10919
13495
7054
9455
9368
15453
14722
20940
18308
10323
11271
29379
25839
8500
35133
13083
11983
16105
14426
17685
9571
21125
30830
54201
12408
7728
8250
13660
8246
14083
12832
5788
10613
9923
10834
45403
16010
17127
16709
13161
27065
16307
6199
41643
8402
16366
36972
14054
12846
11405
14213
12436
27834
56309
27409
23763
18730
29830
8125
10091
27648
11354
32139
26578
12746
10699
7451
16559
11514
26663
17279
33577
23957
12549
13539
22469
10094
15826
10116
20774
19915
12941
44940
24602
12713
12711
10560
12905
29384
21310
11879
7910
16484
14477
6844
36358
13440
9906
15833
15700
36374
15940
9756
19488
32937
19559
18394
13718
15495
8758
28850
23657
19825
9205
14850
6744
59387
17629
6682
11166
14540
21513
30763
19613
14096
25950
22825
8283
13238
13990
13352
41657
9903
20994
19863
18391
22779
8094
5794
10778
22987
9106
14759
11045
46380
24867
6851
7831
37241
44736
8833
26686
15337
26404
6370
19322
18603
11354
16528
9443
19556
13929
5521
22544
17845
22240
6729
34272
14160
27348
27636
13067
10953
