45267
28168
34632
16509
32918
41579
19502
59615
9060
52889
11866
35254
10710
7477
47266
61368
21172
61230
41019
10412
36006
11678
22687
7748
42283
17555
8917
19095
32856
22143
21570
5937
68014
37648
63553
10272
14181
25370
9680
29455
14286
23436
17181
47561
18008
16016
77605
94830
12655
16377
70116
19788
41279
13104
29230
26882
57703
29940
96245
22242
76506
12125
30220
20931
9510
30201
19484
65283
38862
26149
17484
8955
18574
79921
20042
51568
38970
14217
43376
43559
97797
29558
11629
15045
28703
36442
75631
61872
28316
71189
108571
74930
46316
5579
15624
31722
10509
45395
20271
18762
20714
26438
38595
11188
10848
17927
42282
9128
50263
34720
29145
23859
30465
26868
40926
46375
77534
30438
11478
13065
18368
42289
44954
28170
15808
26037
39267
20030
19547
35655
30619
14914
25743
34987
6211
51255
25378
19952
9612
37821
115863
64365
25949
94040
20838
26547
27485
28240
10803
73804
17398
46144
42634
62771
31057
17977
97686
56459
56664
10271
23199
12864
36788
166702
14264
12264
81900
17669
21740
83177
31467
13340
19055
21299
138543
16434
43976
86497
12943
34869
29106
88751
12310
30459
44813
67709
16788
60891
13135
8945
19276
7444
12427
38075
8452
49045
34975
103156
80382
7905
60119
41614
38221
53296
24945
6818
58718
52745
15082
16006
35406
15635
43148
47756
40332
9783
31927
81196
63476
15529
39556
22620
19361
32481
26698
16229
66327
5810
21864
10639
22673
28725
18888
21402
22951
15851
11151
33235
10103
23574
96778
17524
8612
24294
16276
62855
20118
30754
61334
15442
24285
124394
78993
10128
16356
10924
48455
42638
100409
79561
18657
76631
20823
9416
44711
88930
21156
8980
58125
22089
72511
28608
18563
24108
14294
11988
12471
58695
52175
14260
16835
75531
15891
31289
101181
52190
24849
33848
10560
27765
15923
31847
17257
41778
101322
26442
72315
42673
19188
93173
27982
47255
30534
19373
14675
26531
28009
49489
70846
25931
69347
10378
73733
68957
36119
34099
68713
17798
40166
24260
69007
14713
14222
8688
8530
27494
24695
18055
15696
25552
11028
24132
24439
95344
55047
47445
16212
22680
90596
11269
14640
15721
24265
36094
29815
10675
40924
87791
22618
28794
30509
51283
23696
19459
105146
24595
56249
26116
35618
7910
24329
5429
18272
16253
32541
76771
59024
18681
13077
49465
12201
51268
9950
23517
21803
87220
39505
15398
51767
35887
12919
31647
58332
18465
40088
10279
79468
30514
8368
52411
71571
15905
18645
26399
14971
5881
21844
14828
33986
30242
105891
19819
18479
37136
6592
85753
10715
19201
64695
25679
12297
6504
18773
24200
29424
11030
28950
98109
98760
20673
19492
14959
29962
14828
9122
50659
14840
158285
64218
18146
26303
6080
72305
5345
42715
14577
30080
18558
117044
24678
18807
19176
30910
19226
57982
22690
39684
36918
27860
26314
80148
29854
42626
30303
28022
49793
16559
101411
48866
23979
23376
18344
61234
35869
53296
30006
48670
10587
15683
68007
42866
22262
34982
17713
109163
8308
24004
56211
11438
9654
24337
26819
17742
20452
3709
28223
20622
31233
22735
83200
27249
17845
66288
22639
114654
42854
28039
54517
76063
19568
13453
49880
36211
19639
59210
20506
9499
15127
28927
67187
61013
43799
13464
26635
14499
38712
21850
31394
10007
123023
33423
23020
22361
12120
15748
32820
4329
20859
15314
13304
64757
34710
30273
22998
32854
68484
14925
21513
27628
20798
16428
47823
25655
31511
45464
40364
16755
17336
4013
12679
19608
16122
23032
222834
44667
408068
16805
16680
47182
72481
16504
11157
16408
10881
3954
20946
134246
10500
43050
27330
16378
11349
48250
71883
72675
23104
21713
41285
39964
10752
42957
28622
89646
8851
55219
45448
84626
20463
84066
32646
16485
52443
40160
63255
17032
20504
10204
33503
102583
37028
40471
12379
29435
32607
11877
35614
25642
9232
23100
50888
84437
14658
64836
51260
19178
53769
17855
52835
14436
7003
66446
28945
19193
29134
43014
46163
66377
33497
92786
27805
15018
52980
22509
14052
55324
17010
29502
112196
17350
49264
20635
72012
72115
27840
29207
30241
32198
56533
10252
40911
32284
17242
85168
66375
32328
7646
39073
48932
71796
34099
21091
22380
32538
9818
68504
41311
67653
37926
15750
18523
35598
80219
39600
39312
29080
20695
69528
33589
31282
25899
13282
16235
79232
50222
45306
34478
28849
13246
42821
24878
74556
13317
36751
15585
32109
96404
39476
35806
24517
18503
46809
17322
9787
8682
12317
100423
36728
30550
43123
45261
62875
87194
41696
19065
68854
87320
68170
97534
35860
40375
21125
40729
27522
40573
27933
14478
38520
26004
24844
7147
72739
64155
8979
51793
6389
41765
32883
8680
47460
29891
152461
35687
13273
13893
49969
80666
5568
45769
28619
23465
28747
91528
15916
67028
44945
13399
28677
31887
34414
85903
13987
24372
85778
7138
15633
60670
23716
14668
80962
26977
11594
27087
50616
19895
35393
15864
22348
25728
12267
52460
38990
20656
44512
27309
12644
25562
15154
37664
9053
51051
33498
5563
18782
12732
69416
47049
78631
24164
22093
59424
16506
14213
42374
21631
20701
24222
82156
27473
33977
26078
32011
42236
11640
54364
75446
45775
24535
10467
44803
22655
34291
22601
22549
82077
17897
22547
38347
49645
37312
16043
16077
15211
42032
43483
39720
16546
33747
10157
30739
30332
21719
17830
42573
34995
29738
32825
9973
50936
55697
116292
27119
39347
25101
29015
57341
34365
55015
34404
31328
22183
10265
43481
9812
28689
12993
25174
12150
33134
12760
42052
27547
106307
40229
17781
22785
19969
47632
10891
9951
27222
11076
14980
41036
31502
9226
9563
13090
29011
9364
36316
21520
10004
21066
21976
11927
45395
97438
12710
11609
32633
25874
34539
50037
134228
51655
12707
9610
39427
46836
59611
7201
134265
77263
18676
42297
38842
20986
13378
30610
87095
53138
28710
26324
24068
34625
31374
43496
53476
14661
8722
24803
11473
18898
91890
41857
46347
27155
26962
85894
66121
33430
20545
26348
7483
62182
30940
13485
33367
22564
28028
21204
18178
28373
31969
59017
13696
15942
75817
60443
43108
18178
25402
45466
69082
50820
70954
29173
22495
120854
28043
17328
13790
26749
36962
19419
33676
8857
10367
23301
104960
6980
10897
14400
44605
25413
61533
18643
15399
59086
35551
27065
26112
61638
40318
101097
5513
86106
7566
10728
78500
