32990
7672
18891
16401
46568
21595
49367
95900
23742
45529
13114
11586
22335
6543
47978
21613
36045
18171
46970
129493
36284
22510
49448
75818
67196
19073
57196
25630
163535
22247
3908
31329
44302
18755
67001
36526
119588
21652
58553
51940
38213
23724
28299
27956
41852
15164
98932
19668
14062
30146
26938
24530
104741
48206
17024
11576
41454
9124
40571
42250
13458
16910
74972
35314
25105
27289
67062
62951
41834
25143
81690
43178
31716
56436
95394
47670
33338
72145
32848
23363
42344
13950
26309
100780
100413
9789
106080
77088
16022
42278
20828
121803
17693
55448
43571
19130
46886
18101
46255
13453
21707
11058
69225
16671
27021
63854
15795
21095
29057
29222
67790
23933
23837
20980
121062
14297
27045
29515
29885
7505
8433
25700
27857
21156
17015
49802
46659
60275
49907
22791
38428
22335
16052
40953
37988
35566
29271
21810
16492
20065
50871
28404
65912
9394
33792
24217
17218
81846
40946
44140
49288
36346
15159
31425
71668
77067
15514
11234
32409
17461
11042
69941
62947
30373
9561
61649
8960
46469
153049
17190
32212
39337
57718
37999
51207
15699
13349
21348
24863
24354
16204
22754
54819
14542
6879
59254
71621
23881
35186
112485
47693
12179
13862
18547
82186
28607
143278
28236
35065
40699
34599
28791
59214
36894
35772
19447
51279
27383
11132
34184
74579
66273
47447
7706
14520
17191
10081
22538
14981
4326
5084
54678
9166
18086
8869
26049
73208
29998
27166
17298
5873
15093
19244
32532
6774
57138
10760
75929
13174
7324
63644
31767
33613
42648
41302
108893
14945
22071
21002
40104
23148
94838
57018
11242
7220
5565
34649
32225
32820
17410
54215
24342
23329
37320
69449
55229
28794
46973
57683
49229
29752
18643
23711
36889
108125
8578
91913
14920
20444
64195
49347
18972
31659
13717
21791
34337
82752
39098
23582
57081
65614
14922
25787
10457
45814
30209
34251
13519
10510
105309
47203
25106
59593
42267
22755
19469
77233
20751
16367
27028
19092
27527
19318
72261
28286
16951
6374
17259
12391
40279
42066
52565
25390
24438
45248
14269
27843
59996
32718
6837
35410
47731
50145
83323
14780
67125
28096
15904
8808
14957
31031
28830
14523
31273
27122
50292
31419
27122
37823
63186
7501
30223
7510
8910
18142
30005
14252
16694
14306
25990
29797
55083
10583
23496
20590
30594
53283
14376
31464
18341
13985
22314
47817
90169
82182
55628
20598
9487
38214
82076
34344
102744
72246
16150
41812
64281
84436
58074
56212
18262
40550
36307
68158
16567
16772
22138
43578
32564
27571
57211
25898
20914
46612
25677
29696
15170
48638
44961
26865
27238
12448
19915
14624
28980
50881
18342
19381
17576
31302
23441
29119
14670
38930
32528
72440
39120
70263
10763
62788
77114
118095
34727
29632
12697
21171
15180
46147
11576
39692
13966
32110
5160
70989
40915
28116
46572
47816
23729
4660
89044
53873
18494
58999
8326
74558
36765
20948
67057
10381
43533
23044
88392
20665
74255
13805
11433
12627
69956
90798
60508
18009
11915
33655
87337
46874
5409
58157
68317
8207
22739
34356
18542
103621
41426
59720
32278
20424
14177
49426
53643
37587
171036
40248
48950
19196
49358
23281
26425
51290
17296
14490
46236
24783
26709
62478
29913
12303
87348
119395
11361
60740
5718
45495
63180
40497
53169
14210
90291
27937
24047
12026
6987
14553
35450
28513
47411
31762
61885
18110
26718
58506
56230
21968
119541
23875
32880
21589
38916
144290
38588
15477
15774
34202
18186
82991
56267
30388
28776
18362
66125
17161
20433
27358
52594
25465
62788
19704
13870
16890
27800
23731
76162
15935
20857
18470
19592
20408
16315
72165
76695
50951
112654
50578
12068
52976
15574
28448
3922
20281
47163
20979
11984
10019
58654
28077
23857
47702
6794
26923
15003
59321
35774
19732
20762
10126
22465
30616
37656
60893
29572
62301
145876
16400
6485
76360
139934
39593
16807
33885
27285
12175
14537
24506
17325
90915
18662
25422
51532
9943
67788
17868
17133
27637
29856
25487
11310
11555
97610
38235
23480
44889
17338
69847
8909
14055
11938
135991
39472
19689
16184
161761
28192
15881
45574
48098
68214
56372
39299
85468
22854
17614
32819
20468
6712
18063
17601
27103
28101
14311
43794
66490
14913
32568
16243
11785
47771
18376
67553
30844
73104
11249
18954
10219
60192
15133
23809
55855
11019
43604
18534
75452
20950
22411
33013
52066
52944
21715
11416
36021
23805
52930
8993
43825
34858
73481
38506
26181
13885
44046
42939
16728
7867
22193
11977
19128
49814
9085
44997
36429
40471
10860
19006
71270
43603
49476
94582
38321
58639
25512
16513
32644
23983
24611
4724
12201
29465
39217
117162
36031
10889
23988
12493
19309
27622
24369
38663
10549
53933
29739
51838
72269
42384
8185
29272
24620
30557
15845
40483
9271
34494
36084
98375
33030
12772
39660
34182
85047
76349
19249
37628
35635
13139
12862
35677
24535
25569
39970
56575
49566
16660
37392
21968
16211
24337
40707
22762
42407
15445
16702
19521
8098
23222
7127
27903
21605
23897
34263
47939
38687
25139
69175
31613
14118
50783
67676
32680
43608
28407
47015
38154
29366
47872
74666
25675
12620
9851
40713
32470
11668
18704
19337
42836
18824
42789
68665
15310
78253
30494
39834
84957
17687
15571
13631
59281
7386
68341
22246
42720
26250
16777
8863
27529
8674
18979
79783
56238
24382
16954
58083
72844
80570
7888
16527
34724
62874
103809
23851
37347
13462
29964
11591
24721
11962
75648
38759
36063
12071
61203
15934
46770
56902
66404
124442
9478
121061
18499
34585
8255
12326
44458
11548
64128
77677
22578
21857
17109
112373
34343
31133
76102
64946
75719
29596
40560
41397
11080
32242
58185
153106
58158
22946
26238
13696
22194
69158
8158
19621
19484
104157
45548
66205
88913
75533
48262
96811
30389
122362
49950
30462
76782
46579
103187
56009
37711
10233
32453
25542
11298
69451
9415
30565
25132
15289
50742
27545
81199
58582
25456
36479
33448
41125
34345
18236
6861
40955
31888
31891
27313
123620
24988
56988
18404
123077
31602
50825
22278
10024
65676
10824
64515
20680
47678
17150
15762
23641
92475
47032
24971
18228
96416
32258
10823
23686
75674
38845
86207
20995
33724
22975
63250
31927
25326
25960
24696
26130
35904
37638
29749
23362
80087
20244
42409
23371
36448
31045
14295
59564
23801
34815
42630
12779
49445
33145
26615
84432
43579
38689
31711
82296
17088
