15318
6830
3931
14721
46503
5802
7229
4588
10020
10868
11386
5811
9316
8321
5911
6246
7354
6891
5999
5902
3422
5779
4108
8683
12039
4842
4787
4216
6412
9308
6761
5065
6646
3735
7633
10365
6488
11592
6984
6981
5443
4327
19543
17385
14923
9077
11582
7482
7985
8636
4057
7765
8251
6460
7021
8199
13189
9663
4622
8998
12762
6091
5498
9211
7763
4622
12038
6412
4239
3562
6525
5310
5607
10289
4260
4857
22398
12038
10193
4501
5631
6469
3264
13245
4846
5725
7182
6560
7752
13762
7464
9464
4405
4730
5667
9509
5865
4298
6385
9060
4468
8817
4694
8033
2740
5212
18978
5839
5895
6246
13467
12910
9080
10210
5531
5561
7984
3917
9776
16902
5061
6508
10782
25208
8225
21219
4756
6894
11730
5324
17563
11257
16981
7582
4038
26911
3849
8245
4637
5117
18225
4451
5726
4944
4453
13401
5333
7874
6051
17465
7273
10691
6019
10705
6448
3511
22352
9138
12040
9804
4966
11632
11749
4566
9474
10074
12782
4378
4793
4322
13790
5671
10778
10986
10316
11647
4325
2324
10558
4258
10724
5025
7181
9922
5782
4577
7935
6531
11655
5630
6060
5025
9034
15296
6766
3833
8806
9367
3588
8968
7387
16463
4634
24992
5136
14681
12189
40475
23103
7110
7103
4452
9029
7236
16088
13624
14999
12151
5863
11398
6208
7472
35931
8457
9410
3837
8586
7764
9995
8571
8287
6921
6572
4295
5933
7942
4862
6833
8630
11565
10097
8659
19610
14937
4387
5811
15736
5797
6142
3383
7477
9140
4336
5117
4238
7759
7995
11672
10313
7644
21282
4831
6698
6967
4523
3229
22892
10753
9855
5076
5968
6697
7249
3512
5355
4833
29096
4353
5327
4998
8105
6887
7167
5330
5064
5540
7849
5406
8436
9239
5144
4162
16764
10686
3377
4748
7328
11668
19501
7315
4440
7476
3625
5996
8928
8813
8454
13223
20311
11664
8785
16790
3788
5726
18521
6233
12498
4723
4294
13389
3930
21450
3126
8563
8435
15747
7571
20691
10820
8943
7810
27723
8374
5720
29950
6666
13774
6810
7269
36191
6059
7231
4207
26457
10379
7065
3151
4745
14722
7969
10465
4925
7204
17968
3623
11703
8561
7752
3812
6369
10253
8256
12317
8798
4795
4209
4909
5641
7859
7894
6056
19941
3220
11400
9536
6066
7251
14393
11589
10058
7491
6908
2694
14510
7092
10623
4965
4823
5838
6727
4156
5279
6832
22878
7113
7653
7948
3787
7146
10105
7668
18188
7217
3154
15396
7751
23342
10381
5183
4813
7023
8703
8962
10551
4738
2743
21920
24183
4796
5394
7493
8843
4224
12822
4334
27566
6409
7434
6835
6363
5834
5372
5057
4485
5014
11218
27396
7670
6356
11454
5513
5238
5697
7627
5667
5078
4595
12337
5705
11117
5506
6305
5673
5614
5159
4464
8278
11586
7986
49941
5782
4287
2799
14267
18162
6283
4207
9568
7245
3371
3398
9691
9409
4594
6101
8134
4166
18243
4744
5091
7597
9772
6926
8501
9456
3055
7520
8884
29906
2678
5992
4814
14199
5381
4001
5607
5777
4874
3922
15836
6209
5788
5735
10523
3239
20367
4837
23754
4653
5517
4422
4832
5116
7521
7433
12671
3459
5937
6911
5842
6273
5037
8383
4278
4700
6560
4647
9266
12530
12938
4686
4771
3345
10967
12494
15768
6583
33290
19814
5976
13874
6086
8868
7774
4587
5333
9898
22270
5063
3583
8914
5083
9355
8935
12109
7072
10937
12060
4037
3287
7982
4979
4806
4026
10085
6578
3418
5146
12443
4280
16679
10456
19210
11200
5471
4281
5386
6731
6419
3773
5760
6664
6631
27342
6550
2794
9077
10066
6433
7462
4054
5086
19527
3448
4421
7513
5575
8817
4299
9716
10261
19709
7943
7680
6303
8190
8801
6023
7624
18238
9584
4158
19472
14432
4904
3190
6671
5726
8167
8541
42042
4889
11570
4784
4293
6184
7471
4894
8966
7279
5227
5440
4529
3560
4079
9517
14102
22049
4094
4420
7720
4771
3804
10821
5397
11353
7818
5935
4743
13754
11382
7850
4419
18059
4302
22370
7372
6429
4076
60601
4022
5515
9248
2846
4643
4393
14502
5523
9700
9659
7513
5823
6476
13500
3415
9398
26155
7349
7269
5570
15192
8068
7920
6831
5003
5620
3692
6405
11997
9606
9439
19999
21060
4811
8490
12124
4943
14095
8451
10192
10593
12198
9894
4160
6574
16449
4643
7085
5326
4528
5442
4983
7551
8491
4748
20849
6145
11484
3191
14109
4240
5060
5274
12282
11743
6801
5071
8929
3613
10947
6258
8988
4722
10063
4938
5347
4036
3815
12652
7241
9656
10665
8073
24919
5280
3847
5368
3689
29116
7496
8945
4386
4759
5823
4732
6783
10453
6289
14428
6448
5096
12824
5990
9232
8216
15961
6209
4942
10404
9508
6307
12269
7077
10494
9482
5375
3095
8509
6545
6664
13706
4873
4020
5500
5984
4482
6179
17594
4489
7760
7913
12015
12931
6584
8288
9544
23035
10792
18598
6490
10183
9200
7499
6545
7561
19204
4145
7280
4490
3340
7467
5483
7039
5519
8792
8089
4741
13201
4536
11868
5645
19020
7351
5338
13568
6990
3500
39327
7575
8362
8006
5371
5660
4687
4465
7164
3759
17701
5020
7620
4533
15391
11718
3539
4405
2941
9662
3632
7657
5828
18704
3550
5275
5981
6299
7216
5410
7249
4337
4940
13285
2451
37229
4533
5567
8988
3561
6598
7407
3189
8445
4403
4930
16759
7279
6422
4722
3435
6408
6680
4702
5654
5535
12687
6452
6558
17932
5383
15025
5620
4995
3852
4845
6273
5929
4696
7131
7608
7430
5932
18904
12370
13534
10795
5244
6366
24916
6598
16572
5642
7462
2750
14100
8157
7698
9789
9857
9503
5782
3364
5148
7057
6889
10200
11887
32568
20407
28855
3770
9526
4911
18175
7441
4956
3956
5710
19900
4466
2717
7186
9797
6356
6493
13929
8903
3470
5361
3759
13806
5076
10096
50611
4817
10680
8776
5670
4910
19340
4612
3426
11244
6978
12909
8580
7840
5797
6469
14951
4397
10588
7084
6789
7034
5885
4424
5020
6689
11388
10853
6301
7263
8311
3870
3809
9321
4934
7239
5524
15627
4568
5200
4052
5853
9538
14057
12893
24987
10611
5535
8127
