8516
8238
19525
6650
9178
5892
9363
11687
11536
22238
7551
14589
17623
10185
18564
10227
9056
10259
9553
10007
8018
8327
11857
9997
5706
9817
8097
12463
8133
13471
10403
8267
16337
4243
13418
11757
8371
3398
13980
14582
5779
14103
9026
11152
10152
8792
6408
10673
9221
14391
8353
7789
10349
9373
10007
7192
12513
12692
16751
5304
10165
12063
11672
15375
19278
6184
10954
7662
7202
12695
10282
4566
11263
14636
11632
9422
11517
6908
8527
11549
12172
5583
8102
9535
11641
6286
4828
13049
15996
14534
6533
8646
9279
5858
14155
7504
6502
7733
13010
8082
8658
5687
5358
9287
3998
13949
12897
6168
8646
11957
6620
18988
5242
10530
7915
9868
7616
9401
11617
6538
7672
9780
14738
9232
10897
7479
8819
7654
9645
8027
9153
9817
7901
9672
8680
5289
10055
14785
9458
7977
8772
13431
7354
12114
12072
8590
7250
6308
6544
12535
10324
9907
4345
6309
8277
7810
17593
4106
14731
11681
7789
20189
8868
5385
8113
7903
6427
11069
10548
16103
7502
11810
18300
3977
7969
12093
8155
11145
9115
15922
8041
13591
11050
4121
19668
8570
6987
10610
5630
6763
6715
9491
6517
9158
16647
5908
21690
5385
12460
12026
4085
6571
11237
5932
9345
11854
5750
7965
21374
8870
6406
20715
4988
8070
5932
9571
5462
12523
5352
11337
11051
8440
9707
7191
6318
5344
6752
3990
11796
7198
21133
14841
18572
6580
6723
11069
6104
9768
13842
8564
18691
17961
10901
9314
10872
9467
11910
7957
17647
14256
13618
6830
10761
7075
9815
10480
13135
14781
9044
9949
16603
10784
10481
7942
11362
8598
16599
10426
10266
9759
11491
5632
8462
5025
19550
14560
14120
13929
8011
14077
5786
10852
7081
10073
11208
11981
7813
8071
5938
8427
8405
8173
9354
6272
8891
8125
7837
7889
9203
11582
7654
12350
6715
13738
9215
9003
7901
9278
9653
9919
10551
11690
7233
14145
7816
5365
8438
8767
6124
7161
8920
9422
10221
11782
8876
11809
9290
13660
13329
11213
12957
11482
21771
10514
13303
6329
8126
5780
6732
11762
9063
5146
6273
17173
13133
7659
7466
10059
9758
7480
7782
10570
7102
16436
12386
10795
13796
8911
13152
10545
14151
13723
11721
12024
7485
9790
8652
13380
11644
14830
17316
19390
20811
19213
8506
11069
14659
10663
3824
11526
14429
4331
5875
6780
7746
23571
10320
7553
10350
15227
9333
13933
9442
4263
11969
8786
8553
7539
9832
5410
4818
12460
5314
9719
9262
6980
9281
9035
12857
17175
14510
7907
18999
12064
6393
22124
15356
4921
15350
10000
7408
14939
6471
10370
5221
5842
4714
11518
6276
8714
7778
20255
6069
8315
17837
12696
9891
12586
5648
3833
17944
9104
10524
7595
10547
7612
3585
7557
12897
15786
8439
9175
6970
7813
21207
17470
11597
6578
8625
10460
6904
7522
11506
4860
25074
7280
7396
9817
11266
12412
8714
19659
5244
11341
19485
7655
5980
10691
11706
12014
5996
14817
7211
8159
8343
5212
16935
18352
7131
15015
9186
8083
8112
7873
15117
7671
9239
7441
13767
7642
9203
6959
4342
5518
5503
7113
13270
9166
10001
5541
6898
7064
7285
16330
7741
7565
4660
6431
8183
6613
18088
6276
12107
9452
11532
8188
14322
17209
12496
9901
6385
12106
16580
5224
7337
7972
6354
5512
7986
15690
10910
12521
16431
6027
13335
8602
9336
7629
6981
8332
6627
19625
8020
10437
10525
8606
12095
9818
6294
4496
14503
8743
11901
8079
11453
13752
12324
10358
8254
6458
6247
14706
9693
7071
6829
13577
7716
6893
10071
6084
11775
6852
11404
8263
9656
7705
9875
8840
5669
10752
9470
8592
5421
3663
13309
8077
9614
14375
5058
5514
8784
12518
7787
10038
11368
11538
9980
9360
7427
6154
7870
4753
7717
8492
7554
8570
8048
9327
4961
7196
8383
5860
7431
5362
8225
9244
6740
5680
6529
5090
12049
15794
26903
6141
17364
8392
8331
7383
10123
8114
14998
11783
16185
5361
13693
4803
9347
9932
15483
7308
12117
13039
9479
10959
10535
10002
9838
10673
9434
14434
10729
6130
9347
8310
5471
19449
8599
12671
10443
5848
10406
4596
8563
10678
7580
7504
16533
7155
7056
9418
8416
17628
13912
17858
10160
16036
10458
9814
14522
4857
4959
13588
9696
10393
10785
15447
9529
13497
9753
11245
13327
12369
6044
7206
12869
8488
7227
8723
10752
8131
11937
9141
8485
17036
9310
11641
9115
7363
7787
17071
11082
10469
10803
4468
12695
3941
20590
6323
11232
14194
14971
17585
5615
6758
25876
15375
6654
25296
7301
16461
18063
9377
11475
10535
7475
10415
9950
8232
8001
3803
15198
10677
8529
13666
21673
12008
6984
7702
9072
11156
14712
8955
25100
4883
13954
11303
6970
9561
8471
11068
6429
13630
12833
12324
15973
7811
10118
7243
8427
13599
11486
5968
10668
15706
8194
11336
12797
6979
20780
13337
5779
8411
10059
7536
19295
7161
12995
5778
11182
8660
5170
9231
8061
12412
16528
9892
12186
5734
16358
19213
6417
11845
17176
9647
8601
6098
6891
7471
7295
18669
9645
12397
7812
11162
12823
9165
10300
9053
9002
8448
14739
9162
13234
14344
26858
17089
9205
8056
11305
12496
8887
12343
6631
7550
10194
10560
13313
4464
4400
16144
3907
19884
6641
11158
8531
9011
11779
5520
16473
6504
10671
8559
22896
8695
5969
10160
7833
15035
11683
5811
17755
12691
6240
9199
9417
14406
7709
11591
9126
21420
18910
10289
15365
5079
15053
12690
16695
11732
9890
12595
3853
7975
21410
10993
6518
11977
6355
8611
9739
17781
6846
11374
6079
16348
14218
8057
7092
11135
12871
14082
12493
7940
5628
11125
5197
4126
7540
12256
12907
14191
10897
9836
14199
9745
12130
11503
3903
9292
10469
8001
8863
16745
9384
14212
8199
8047
14956
7891
14329
7254
13212
14775
8418
12455
8516
20417
11528
8246
17905
6217
12367
8796
13456
8246
9789
21539
6343
7708
8624
15780
5683
15457
12065
5686
10345
8384
8112
6645
11294
8140
6273
13266
13613
6730
10575
5724
7751
24674
8312
12686
34651
7570
14327
9548
4358
12043
22890
11304
7862
14558
7953
6687
6552
11699
8747
17919
15372
10107
11580
10954
