40565
66531
30489
40032
63378
8902
45855
21442
112133
14196
92100
36087
45196
86315
22623
7310
20989
14278
52137
17226
32156
26786
55894
22310
47001
77264
13730
32378
103129
33978
40677
22587
103867
32567
73007
87313
11168
39621
30844
21217
17843
25910
36358
31977
21222
22572
18403
30952
12915
13103
25997
36575
15929
60837
28821
78309
10207
16260
37838
5677
14268
54409
116204
44901
48826
75482
24647
6533
10991
6784
24764
42546
14155
28325
42976
29964
22013
38042
60650
53325
16812
27730
40334
20238
10700
43608
11175
24383
94490
28154
46556
12982
22084
28324
69002
24513
18957
19745
19127
31367
13924
47187
26213
71955
7646
53931
46680
32818
34460
14820
15385
45100
11103
75258
138876
59535
16495
27512
44420
60184
11578
39449
23891
12952
25605
29091
19901
6935
10053
30523
67346
33137
15055
20981
15346
33837
72244
26294
41193
5609
27328
32828
18024
24283
32318
21656
36817
34848
13447
23548
7816
15222
11761
39945
64843
18611
69305
45147
76196
18850
39532
8143
8011
7706
22446
17027
38447
44129
46316
9292
18137
10375
22647
21908
9417
52148
18887
27579
45621
70079
10643
19709
22612
44217
17572
39940
4763
58414
60880
15163
9620
29426
36494
43505
34046
19361
13119
42902
18613
42624
27473
70063
22533
19187
9205
15155
46796
7304
69430
55768
60846
30634
52601
45627
21107
52729
32423
21608
24819
50511
34969
17875
142290
17957
26189
45232
25566
54194
48171
11484
22609
23418
25285
8138
30515
7600
38752
9543
48112
25023
16250
8334
32642
48931
25111
10881
52437
10114
25930
97691
6820
17666
48786
15778
10583
62853
32903
39300
20040
15833
48591
26826
48121
52744
13113
64326
34933
35189
38222
84208
11722
75691
21518
48269
37937
41878
48048
36138
17885
67838
68069
25216
9419
10903
24890
18861
15193
42086
39490
27580
36498
35696
38192
7493
24820
10247
62974
9200
73715
65522
148994
15325
93818
20558
22111
25212
52348
21300
61319
34072
11892
65601
6597
34364
26685
22630
8955
111638
160065
14194
28339
18932
123294
7146
52764
59519
30001
12062
29099
61188
7869
5715
42212
28768
47370
58922
57818
32537
34085
42684
64502
22555
85079
33491
17528
37355
40702
51520
48626
52917
10172
17320
15584
21248
25404
27200
31036
26995
11192
42122
35292
39991
10197
19414
35818
53071
55862
28003
36326
58230
70873
70734
12742
7899
33167
65786
54971
13141
21909
16769
38933
75733
30065
26355
31203
8603
29770
44421
16708
9923
31889
53872
75350
9815
32009
12246
92594
35912
24653
43942
30504
41395
54279
7936
21801
40848
79955
91129
51933
30088
37585
58445
20468
27426
48371
34902
18632
35414
29966
27494
18602
48347
8643
13098
22812
14325
120846
25903
61189
31919
19655
11584
9176
50600
105721
55465
23762
62727
24407
53465
8790
25155
20162
59920
48871
14272
32843
25944
29934
53190
40193
11866
27755
37248
21609
13746
25324
91032
24719
36732
26234
60269
7356
38449
15516
23625
10914
27243
15169
28033
15304
31503
38563
36838
36824
18842
13973
27492
46502
24981
31366
49807
49799
30215
23233
28883
4800
59529
31106
40463
53537
13051
27655
123392
13050
18453
28530
14239
32591
55181
9267
16140
66432
17223
22585
79452
20019
62547
24559
20514
26060
19054
18137
18979
107881
33518
9160
23424
29090
43360
19307
54341
12638
16283
44537
66188
15035
121780
15781
23920
124099
51205
62615
43564
15116
25955
66826
47200
30800
39631
49316
39229
6807
41761
7476
60830
48501
21121
49250
15232
12279
58945
96813
58484
30496
16029
34797
14571
51201
55708
40442
20348
16276
23768
29512
9632
24343
33939
41881
7507
29431
23893
20461
82394
47141
22336
33138
20994
70274
14622
12526
20208
47372
88349
143300
48593
37433
24525
17949
105802
85086
8064
66304
11695
7596
12666
45405
46353
54573
70889
17287
13789
61777
26735
23711
16632
29777
13284
11757
17888
31651
12035
10493
106043
19631
43168
16979
10791
54723
35508
8799
15697
34907
49586
167248
21860
15052
38899
17846
12298
10024
90805
15878
21076
22198
73632
15710
193723
16873
12863
24052
55241
79308
20730
9687
25585
11301
33749
34480
34762
11563
20446
124369
70544
34582
25660
69345
26287
15738
11463
46820
26881
8730
45353
19301
32747
12400
12589
69892
17387
21272
34191
33463
66929
22123
87110
13317
15221
47986
33619
16901
12596
19025
86104
17031
14952
12327
6675
5879
42547
19410
44195
11030
9932
30606
14251
20518
66100
14811
19187
24353
15142
17430
26546
10396
39817
36420
26691
43898
16945
