6473
22292
3102
4376
20195
6263
11878
6636
4196
13438
9551
6767
11053
9360
13485
9145
8737
6124
21647
7064
9629
6361
8958
7110
8361
6511
5057
8044
6538
6487
17672
8399
6851
12728
6693
10733
7463
4836
8432
7691
5995
6675
13331
8073
6642
9273
18035
15399
10004
7696
8127
10958
8316
14987
6512
16077
7005
7512
15777
4080
6097
6595
9643
9842
9428
7874
6344
7492
15713
7680
11859
8111
11319
5982
8737
9965
6416
4954
6816
4208
5093
9000
9054
4961
7425
6647
16650
7590
6363
7557
8989
8931
4939
6757
14105
7045
6193
10856
6845
8176
14304
5306
7343
8612
7414
7954
7786
15533
13035
11700
10215
9018
8122
9583
9802
8989
6193
12741
9674
4993
7561
11067
7986
8199
6491
4263
5166
8154
8203
10844
12157
7212
9390
18066
9937
8337
4441
5179
8642
7699
6049
11906
5864
11117
9846
7362
10330
6873
3738
7354
12930
11433
10117
4066
10997
7970
10956
14752
5147
8692
6060
12400
9314
11777
18083
7394
4173
11317
7480
14079
6029
7470
6889
5823
5383
6791
6137
5614
11270
9313
9450
8430
13933
10011
6345
6032
8834
7116
8654
6031
11071
6348
19815
5621
8808
7033
8844
6179
11343
3854
9726
5922
9322
7783
8202
6721
11043
9677
8936
9360
11331
8311
7095
11815
8720
12487
9649
8662
5380
3873
13082
9792
15638
8785
5150
10941
13718
9117
7525
16564
10040
4306
9823
14056
7569
14034
11647
7414
6254
7893
7243
5564
10849
9514
9913
8152
7887
9869
5372
6785
8338
18010
6502
6494
17069
8210
22400
10842
10283
7692
15161
6044
9372
7558
6292
10536
9214
5364
5019
4829
8781
7415
5729
10019
6639
9486
4050
5753
13960
12060
9127
6112
8051
6080
5839
5254
6497
7350
10800
11778
3659
11363
7513
8673
6433
12491
7463
8378
8806
4826
10171
6113
4374
19295
8155
16362
6269
8722
6931
11665
8937
15125
6744
5807
10962
21307
5297
13897
6472
6668
11299
5393
8121
9792
8128
3204
4894
5132
13242
5897
11885
4128
4977
14443
6909
6441
10977
13573
7450
3943
6656
16657
7755
8655
10095
5661
4021
7964
6321
5926
24972
9141
7851
11244
11013
5950
8203
12634
7138
9370
13302
11857
12936
9569
5371
15431
10484
7696
8448
6180
8103
5802
7403
5795
7707
19019
5958
19494
7659
10137
5628
14045
8503
9788
8812
3310
5967
12798
7011
8538
9114
8819
6673
7136
7074
15480
9061
10186
4457
11379
11437
10267
12121
5597
8724
9154
8790
8602
5957
8884
4201
6245
5320
10083
6675
5866
4908
13994
8379
5403
7124
6852
5110
15732
8455
17605
6065
4895
7540
5467
4779
2578
6286
12734
10469
13861
10881
15875
11778
6170
5458
21440
8169
9011
10949
6472
8310
10860
9524
16145
16375
6100
11108
12259
10583
10042
9730
4431
4708
9181
5018
10709
8315
6578
6498
15214
7115
12073
5893
9222
5532
8358
5065
6217
11070
6130
7927
10387
4787
7003
7409
18005
7728
5764
6524
3145
7279
16248
9210
12503
9142
9266
7302
10873
9651
11574
4743
6419
8721
5166
13851
9865
7605
10891
7661
6422
3600
6305
7081
9402
8990
5768
4475
18628
7079
6876
23288
7988
11300
13884
7695
5746
8617
9547
9085
6567
9746
12998
6848
14201
5863
6616
9176
4976
7760
4234
17658
10916
10714
7405
7135
10870
8877
4612
9685
5294
6599
10707
5875
5249
11133
6393
6980
12218
26710
16591
24332
4872
6147
5545
5904
8820
4534
4783
7529
7720
8351
5747
5701
8874
9301
11277
5318
12141
11864
10169
5272
10348
10329
9473
8098
7364
10388
10138
11403
5985
5480
9547
16739
12831
12867
4236
3347
8661
8524
8368
11991
5497
13404
6767
9012
6896
7975
6744
7762
8888
11700
5892
9917
8516
8890
11006
7013
5565
13808
9226
4276
5279
5037
7809
5928
6779
7541
12258
15406
10182
4619
7906
6732
6025
9058
8123
8083
4526
12480
7987
7425
11406
8385
10724
9518
6422
9934
5601
17332
11797
5143
13196
8541
11524
13143
21200
6589
10726
10027
18675
9137
6776
9993
8421
6833
9989
7170
10393
5227
12173
6336
8284
8013
6811
9189
6527
4382
5410
7475
9749
9431
6448
6648
6907
8156
4234
7026
8798
8693
6370
3675
4725
6954
9055
4401
6211
19621
6599
11621
6226
9137
10253
4905
6763
8985
7333
3333
7317
4788
13243
10541
4966
15967
12273
6114
10144
3795
4586
11779
9881
11229
5116
9221
9311
7455
16374
10207
6604
10155
9361
13759
9470
11726
10326
10470
6119
14579
8850
12485
6457
7080
5412
15943
7160
4658
3659
5610
11937
4819
8825
8871
4492
12215
3285
7783
9415
7930
9074
8071
13982
9145
2903
21464
5995
6248
11680
9000
6138
7667
5307
9650
5654
5789
5399
11545
10854
7894
10434
16353
8028
8996
18565
6190
14199
10213
6068
9769
12726
7916
9528
6637
7831
8524
7707
5211
5490
5886
9455
13855
9378
7599
20210
6878
6365
9973
6771
4574
15713
6372
8227
12188
10755
10392
9568
11978
9065
13156
6445
13537
13243
8043
6029
9535
8032
8819
8366
9412
6758
9094
8490
10533
10065
20469
6199
13755
8769
3820
14337
10385
7277
7104
14052
10716
8570
8590
7565
8424
10713
5728
3657
7970
11723
4844
6616
6257
6929
7407
10084
8817
5062
7420
6513
7539
13381
3734
15949
13205
8660
21206
8709
4889
13973
7000
8516
10629
9307
4209
5338
5390
12127
11507
11524
7500
11467
10151
10613
11735
11528
9246
13573
8783
7946
5519
3654
4748
5834
21425
12406
6855
7394
14694
13970
9094
8474
15748
7489
11031
7076
7221
7092
6024
8051
8448
8507
8250
6510
3677
3795
18638
5119
9346
8681
7531
10063
2907
8002
7380
11513
9256
11511
3948
14116
7337
6099
6258
11493
6596
8733
3838
5877
9736
4422
7153
9826
12191
9117
7166
9290
7619
8408
9268
11157
7260
9263
6340
7368
16195
12577
3690
3924
9048
25117
6376
9871
9590
11617
13213
6873
11507
10500
6977
8534
9566
8972
7440
9104
10313
5139
11121
9804
11416
4285
7879
11639
16840
5420
3784
2782
13604
8683
7063
8426
14158
9667
10478
7092
5433
8587
19509
7557
6897
12160
8068
13845
