10811
7208
15387
14708
24636
52845
34002
14874
23071
88740
27216
42075
69816
15336
11786
11482
31715
30336
16111
37413
12049
29440
51421
13981
11887
26933
45141
18314
87779
40667
18768
13799
20112
13581
11681
28271
9010
46087
24528
14246
7975
58425
10387
22390
58832
10580
94998
24560
38445
13075
6566
15923
8790
45377
24210
23871
18591
59239
45636
13168
93131
28585
49202
92993
18150
55687
18780
16957
19329
31760
35577
57135
21032
20417
25082
7126
14914
49954
19766
11122
22412
28756
85408
18805
19806
25304
6729
18049
17464
44018
58475
13286
16113
12481
20157
15552
7885
18909
22033
14390
54879
31929
33426
37485
17443
24345
39985
9915
37249
12890
14903
24381
24066
95051
91709
20041
60634
13050
12842
16245
19688
26413
21584
12900
22153
16976
46980
39469
38018
7017
15775
24127
17625
56395
12096
12427
16761
9731
26330
8063
20220
16951
17010
34580
24908
35942
37966
37082
32919
44138
31154
23163
55433
34100
19808
15988
13209
10026
6150
29088
13168
20474
27312
42039
36826
13199
6499
16753
56189
43479
11536
68773
23740
36898
13682
13788
39963
46832
23742
21005
65485
27518
25810
34580
10222
29590
16768
16020
20744
30278
7464
19566
30086
30843
44137
16074
18109
31277
31869
56919
29274
17391
63347
16062
9613
11816
21999
15240
13428
79333
13981
29365
14202
7886
41090
57352
17637
5375
25346
54147
10875
22108
26490
39086
20431
27658
17767
11246
14446
18010
45757
51637
25218
25427
36321
32723
19187
47118
21208
42937
51702
20543
22186
27913
36647
18728
17756
32882
41550
12749
30477
55087
43951
24768
17641
73736
14217
22331
24636
16654
24993
15821
37197
13994
18959
15527
29084
52167
10302
15065
14342
6435
21047
24183
9194
51007
32543
38831
37769
34728
26732
8221
10538
33680
9378
39796
22097
54156
11793
29281
27393
36454
33232
21852
47369
7989
19072
49155
25499
21830
65024
12710
36888
56271
11743
22750
32970
9237
24666
10888
40316
12614
23666
38207
27133
70396
45425
10358
14246
13503
35263
29270
21221
19632
41961
10848
18790
14421
30244
31061
10011
14700
24734
28274
19107
27119
29187
45240
16958
21050
7801
8964
17490
32222
20157
39447
14788
20750
24342
24995
29843
37989
6943
27879
41675
15253
20602
22213
18842
32093
14159
13570
29951
64841
41610
19366
21801
132445
26153
16834
20327
59393
59727
29349
40709
62349
19718
24907
36608
12038
52198
38760
22393
29443
27257
9266
21042
7588
60998
29352
26043
37441
27580
21214
14278
29007
20163
21882
9333
88937
18106
9918
8643
11927
53448
15252
22282
20013
14370
25692
15813
46132
14981
26894
22967
47076
18813
19490
7974
19871
24502
33203
8082
14873
20501
127847
45624
47641
43194
17327
17765
30386
23449
38230
55598
24910
14765
30968
36821
7663
29488
42365
12722
29416
57777
15523
21810
5197
33533
20283
19051
40862
41001
16872
28387
59148
68756
23517
47460
10350
36584
11007
29187
15292
18525
106964
43061
17676
16787
18472
32856
27408
26641
134405
7496
64239
20251
51352
17862
31773
11079
16916
12890
14928
17174
11404
60365
8749
22341
8750
92848
7209
33681
11323
42521
13490
25821
9087
16598
11073
42595
28158
15306
17691
18797
20878
11153
29265
12481
9288
12467
47756
31343
14183
17971
18090
10196
32906
14083
12082
7091
25173
40876
28332
34954
14786
11812
17345
9461
20787
35929
18509
27587
49894
5929
12714
25124
36208
45538
8552
25685
82302
42524
29666
14565
23068
67825
9950
12113
20695
19996
9677
27046
13024
10638
62795
27420
41621
11857
18975
37011
15494
32231
27769
19191
42228
9920
18043
73596
23063
35958
17242
23829
21022
15513
20388
27533
11019
25255
14272
9795
25069
50441
17138
7483
45274
31487
32524
48397
14278
27665
11215
18061
69564
21429
16532
5989
22670
46392
41913
77135
88441
6056
6389
29809
28621
14137
33064
51659
9222
25152
16896
29469
16235
13553
11954
35067
9468
14557
34508
49507
13460
28581
44477
47311
65801
32692
17538
16158
41352
14914
26245
8527
63007
16224
40293
29292
28369
9375
34642
35943
8635
10024
31422
20744
9844
21065
18692
35156
37917
60215
21372
15982
13450
76132
17961
11331
25362
36883
12521
23711
30026
23101
33741
15127
35195
25588
17136
17697
38677
19589
23351
27502
24768
84248
40483
11762
27735
21316
23731
21852
33432
22066
9939
25485
16216
32494
18363
54482
8974
66545
39910
24455
17113
10202
27257
10232
9601
19359
29036
18233
53319
30315
24078
37899
26171
14887
19183
39458
31259
12173
34601
33998
19279
19708
23570
41558
16371
24296
57951
40876
7915
16130
48798
26569
15586
18539
22994
48373
10918
22748
22453
4458
15201
30712
18668
5452
32456
19909
20357
49207
69232
15065
20889
14532
13922
14208
28547
11516
11764
26470
7895
30178
67799
11865
32244
16162
21462
26328
18347
52750
15123
21283
44883
26420
40479
26632
57376
116823
38688
12413
20041
23393
104642
45833
20489
29512
7174
7744
17903
23156
22163
10552
51703
17517
7154
31079
43490
18508
24097
18886
18598
15146
16790
13460
33986
6883
42366
20305
27188
21755
80165
28525
29583
33426
32386
11297
23020
54545
28732
39379
34993
25082
22979
54015
45558
18670
18515
18713
13174
25414
26507
25684
76513
27877
41776
34140
10316
55151
13406
4822
24861
26341
13920
36454
37830
40772
10737
39760
26431
13410
19501
31488
63712
25279
20227
21438
27163
90740
13303
18215
64104
13111
22561
11242
26851
15395
22688
14214
64288
23250
24508
29128
15515
37309
9839
34692
7522
20285
15319
49716
6348
9815
28446
20758
33920
37927
63500
39767
19796
15278
6171
13176
36345
10414
76812
26966
12067
23388
15684
42245
12156
32774
36170
9357
8398
28035
32766
23141
19731
26715
12023
42692
4085
7566
37534
29166
13030
41168
19466
50003
36937
12136
10465
30199
23216
23519
41258
10984
11620
23092
42615
17766
20476
19127
20546
19725
40873
27670
17009
10423
21044
27586
14491
34267
15933
32279
12612
38087
14801
28010
55267
41658
24685
12079
15882
20540
24484
14550
22109
15821
31710
22619
39613
26947
14077
67598
26270
48393
17157
19266
12165
29599
35598
11871
18755
61319
17642
11873
34401
27681
23748
26366
43142
17398
19944
14492
18335
11741
47948
43102
20013
62406
27973
10981
51692
17815
8860
66163
11138
17698
19523
27036
20653
24858
25976
10550
15751
15397
10603
