14802
2782
6500
10416
20287
5369
8180
3252
5347
4721
108582
8828
2448
3019
3635
4863
8852
5670
9327
7031
3312
9220
8152
4572
5553
7516
4077
6242
4737
7953
7165
15480
12489
8865
4244
7029
8743
6101
9496
11132
7655
8860
6766
4889
37076
5799
6161
9468
24221
6688
13632
7867
12108
4833
10323
3986
5257
27049
6315
4657
4175
5500
10375
5923
9487
10031
17802
3707
17222
6522
7069
19699
8836
28587
4415
4648
18181
6450
4107
4917
8422
4526
4655
9248
9527
7100
10311
4631
7050
13123
4397
2501
7690
42803
5832
8851
8434
5598
14420
9844
7041
22398
2771
7959
4605
6888
5836
6436
19507
27379
33206
3927
3040
7810
7455
4772
5707
3673
3581
13795
4149
6188
9705
22971
8934
4970
22107
5386
4096
7633
4844
4419
4500
4243
10599
5802
8312
10650
10192
4165
4303
4938
8499
20265
10204
4465
5123
9671
5131
5411
5516
6168
3882
15236
16354
4428
6359
5574
3616
5649
20223
8955
9690
7022
9101
3913
6229
4133
33514
4058
4574
6301
3970
5578
3531
7401
10830
6458
8096
19325
5823
4124
28483
5327
10565
4736
8419
11778
5534
4245
5495
47559
16778
8564
2510
6129
8802
4708
8110
14294
6788
25006
7172
9327
7852
3195
27506
4391
5369
4874
3013
9991
21325
2594
10717
7883
22389
13070
16598
5493
4068
8885
3855
7885
4045
7384
8307
13876
8887
7044
8727
7661
5913
10235
8861
7463
6819
2957
39929
5438
5434
5319
27245
14624
10691
7801
3426
7020
4005
7369
3660
6252
11935
5080
8585
4124
13613
9953
8440
9275
3706
10718
5794
11850
7859
5453
6626
12442
4822
8721
4320
4123
4736
4834
9293
5825
11953
7769
5941
5104
4708
8125
3854
3567
6049
6522
3970
4224
16345
5674
23021
7617
14345
5680
8250
9943
5198
4002
5996
5874
6545
2951
5811
18468
25911
24400
11448
2903
5132
5604
20856
19891
6617
4778
3354
9609
11392
2755
14316
12662
10766
33912
10765
7281
19027
4148
4978
3989
17421
4503
3875
5969
9197
5637
11688
6581
4881
8115
12697
7347
3675
6476
5930
4236
13723
11204
4387
4363
4485
4359
8262
3716
4927
3781
57711
3078
5631
14164
5483
6880
8024
10080
16839
4118
6307
7539
7729
10743
8820
4416
4802
4866
6754
4496
5065
7497
8678
5073
3646
9455
11573
3519
38427
3812
13044
22960
7301
4350
5976
8608
6270
3938
12428
10625
3916
17770
8961
7779
10191
4447
8872
17576
9259
5310
5636
6700
16365
5837
11058
8249
7220
7166
6826
4972
4964
4963
4246
8717
9205
10122
4762
12703
4139
6781
13989
8703
4404
7141
3111
11348
9622
11281
7340
7521
4747
3769
8669
4885
10935
9255
6398
5918
4475
5954
28783
7417
4075
8016
16087
5129
7963
9964
4657
4391
23002
6544
5577
2967
17263
6539
6408
6268
3804
4949
4770
9189
7227
12556
24923
13966
3140
4765
11792
3942
3041
4599
7280
13974
11027
10395
6234
6943
6944
5525
7255
7857
4235
7077
6641
7163
8959
4976
38120
6302
6376
8724
10875
4459
7100
11320
7651
6827
8899
2401
9552
13935
8374
9654
4569
10227
4419
15129
5374
5790
9243
5307
4290
10001
3598
9229
6122
14491
8767
10801
3818
4632
5954
5214
4063
25693
3888
10630
8044
11449
8525
4728
7184
8836
7041
8311
6988
4854
9191
6055
10313
5863
2423
12005
3873
4717
5133
9166
4316
6987
2712
4151
5946
7934
10878
9214
9551
4955
5548
4591
11176
16288
9511
5905
25021
7633
24894
9790
5289
7965
10253
23265
25735
4228
5732
9831
5792
6431
6775
3614
4071
14302
3946
30666
4130
8529
3368
9470
10926
3032
3686
4380
13246
12305
6451
29226
5390
8694
3184
4830
4771
6743
3950
3271
4725
4433
3669
7187
7259
6324
11596
13061
3181
9796
7812
6211
9154
7017
3286
3034
9713
8189
17910
3865
2051
9073
9385
8442
7872
12587
3949
5329
13168
15811
5260
8052
19100
4941
10161
6451
3340
12118
9592
5105
4743
7619
3699
13809
6933
11279
11686
9867
18937
5188
31375
7925
12486
4095
4289
5616
5536
9237
5473
34611
8454
7750
32835
2560
7415
8080
8395
3205
10982
6184
4437
6528
3397
10865
6691
8923
4629
5661
4375
5819
13937
6117
11029
5126
6672
3918
3162
5499
9009
3506
21989
6355
10580
5978
10512
7937
5009
3337
10790
6358
11040
9367
5275
18074
3955
4632
6863
4663
9762
12697
5582
7359
11886
5402
4900
5288
22437
4049
3403
3877
9186
5488
5689
38054
4099
5271
6138
11062
22967
8263
5196
5951
5146
4511
8404
8479
25299
4269
3127
7524
5126
4116
5521
4146
11343
3797
17764
7410
4539
2266
9179
4082
5118
3574
5180
2678
62186
10399
9633
31400
3994
6963
9812
8099
5462
8732
13283
5463
6757
5180
5748
5769
18447
5152
53193
3529
5394
6398
4578
4258
7434
8049
6914
34703
12379
10628
5331
7965
6923
5298
8025
11258
4770
6766
7303
3966
12181
17662
5141
11452
4947
4934
25837
3600
11668
10097
91942
9229
3901
6560
4251
7672
16352
9084
8442
4003
4007
4032
3754
6339
3518
5426
10028
3873
8455
3042
5515
3567
7760
3970
42542
3333
2721
2861
3979
9055
22650
6409
11727
5683
15860
10936
15114
8505
5023
12209
4666
13522
7491
4424
8413
3686
6135
8675
5885
5732
4289
4384
35233
3388
5023
14995
6466
6428
4206
6806
3981
7557
4782
8534
7959
40187
24096
4365
5924
6497
18799
10977
18605
5315
2948
15288
4296
5053
3990
8661
12430
4633
5372
6854
3884
8120
9291
6606
3868
6547
11252
7682
25096
5113
5548
6963
12291
3637
25472
4426
4471
5115
14963
29954
13512
3999
5651
5114
5327
6045
14437
5511
14576
4399
14599
5064
8348
7396
2022
53741
4324
22074
4235
9924
7908
6046
6493
3064
6047
4600
12280
5397
49898
3848
4185
5398
19161
6340
18265
3815
6237
16666
7930
5135
7729
3751
9458
10752
19060
8020
43839
5620
5076
6157
18409
7357
10126
11803
20233
4022
13209
13626
36543
4438
19652
3073
2486
3192
10094
4046
12234
6386
6359
19580
4103
9904
3321
6936
6320
6206
5677
4188
7716
3547
51635
6427
