23557
112963
48315
11505
26029
13021
17148
33507
33385
6467
15001
27502
31347
34608
3608
55221
34154
11044
48886
14415
17462
10812
26620
92900
16142
7040
39944
80882
46192
12141
35890
14897
33487
39616
17260
22993
28226
66919
12453
29459
21934
75981
23192
54449
20016
33859
7428
25523
19720
69318
7674
59959
118301
7262
41254
63642
55894
76116
42420
16817
20045
13361
9942
9946
13951
88955
31391
24860
14069
29624
25576
15942
11597
77616
65643
27953
58372
14645
9501
13912
9669
163738
17142
43808
18141
9985
47366
27513
51760
50947
55427
7988
69545
27444
37295
25420
11330
29963
77920
47426
14349
37174
22997
37747
16208
12643
16924
16656
86158
16265
95199
20595
44055
26782
50214
77646
45708
68647
14388
24880
93203
33912
12148
14869
28170
46775
12314
61207
38943
54234
47516
25568
47026
10606
52060
9435
63918
52323
15362
15796
47156
16676
23583
20159
15853
28675
29008
62845
20549
64701
98110
14162
92595
6537
71511
38002
9506
62952
72471
12580
23784
9404
21621
31908
60289
42507
23630
6181
12651
29160
36661
14728
28239
42582
14266
35091
10213
24008
27359
45609
10499
30131
13517
20867
37912
10079
14934
47406
26404
20564
20078
81749
82858
16432
15955
107422
21641
22595
23514
68684
34772
23592
90557
47726
58372
14372
16464
9660
16080
8218
13692
66923
12850
48650
33657
51039
84866
12355
66360
30907
34884
29638
19977
6853
46988
39323
9468
14851
26921
32647
14534
9654
25349
55697
16219
8677
10041
69310
27831
38414
17954
21396
12152
17743
26213
42614
31238
11001
42174
10124
21527
90130
13269
14440
96958
29533
50758
28671
27806
9206
30224
37757
25405
7126
16707
35902
69993
52412
31471
56000
30327
23832
33295
11698
34674
42829
24109
37532
63209
7233
101465
67921
12825
26310
33160
124187
12637
28923
83245
17584
41957
56087
62619
110909
62649
64827
19010
45355
50695
10687
8355
53831
67831
123468
25668
86688
17984
48041
45165
15600
19355
24381
34050
36733
49613
40959
30672
32446
42653
14090
14021
72043
42001
19968
31467
40203
30430
65067
31203
48263
22031
45978
28620
25260
73318
33161
54077
9011
61919
83549
89677
81420
132445
9564
69264
13274
56573
18551
13710
19020
13975
28284
102479
21078
9158
38589
19844
14395
22222
21341
19516
22461
6990
13367
93158
28134
40333
86486
26187
31595
15958
33013
23451
45869
107706
39356
19336
21883
53129
60206
17659
26864
43150
77118
19463
139113
12353
71300
9314
38853
9187
24625
26322
14773
10582
7482
19717
41567
5593
13815
102527
28355
30474
48082
62387
99187
12959
18415
17392
65394
22627
20314
30276
49428
72034
31241
16287
19454
89092
42052
26319
13824
15581
11032
7617
69163
29089
36721
16317
42916
36883
37871
42234
24361
8314
79355
105870
47042
24076
43769
14064
59927
11587
65959
68844
61079
52932
61555
67538
13096
76588
27151
9019
52032
32125
10866
46198
13965
28217
26840
49358
34634
17995
10264
12481
25992
19683
73185
12390
32515
118926
52901
34631
49357
45927
12398
22047
26516
19768
26036
10437
9153
92569
149608
61308
21886
38472
42799
33318
25149
68168
149039
16072
23896
19538
46680
76140
8388
15879
12639
41644
10643
33567
30783
22353
22127
43760
21366
42671
14533
35840
25112
27899
37567
25126
37099
121464
92931
110160
35218
31053
31987
15368
11926
17627
11604
141028
33495
209065
17706
25504
42422
60061
32783
39253
45932
33778
16620
31062
29091
12932
19112
66142
77821
30225
17959
33236
38755
25527
36726
24772
10853
45032
32551
71720
8003
20496
18300
85859
15094
17981
64587
87626
50081
19736
14955
50048
8891
14795
6763
12850
44782
40921
14760
30250
8227
27479
52964
22860
23546
18946
19044
12041
12037
35163
124495
23958
25055
163100
58207
15621
16337
55826
49036
39576
53957
23235
64724
66170
21402
29666
76375
8146
49214
12341
19095
64182
66856
89890
40332
33102
89960
22469
31638
9428
99001
20129
86074
15342
16269
27730
35146
37591
78661
51323
31699
17420
18020
11048
27369
31134
43102
35832
24566
15775
43853
13568
48608
20473
22954
11284
15178
26581
18371
42298
30364
25510
62747
45626
57613
22022
61591
20303
22120
17243
20901
32011
112041
38230
16891
35006
13233
14024
13453
112856
28931
44775
63799
17568
15627
9436
29261
54724
19491
31985
40123
12145
54096
57700
55846
46471
23537
31903
9955
31587
11189
14496
69730
8725
14068
18752
69253
40146
14029
13684
16397
56949
32102
58861
94091
8015
23676
11677
24339
9503
10960
15193
77544
58067
60057
41565
28151
40054
18913
64439
37291
42590
34389
5245
8821
17201
24232
26875
65190
13898
115935
23627
108282
93547
44920
69183
44723
29938
9539
8025
25671
23912
12798
20008
25975
86074
54714
14044
30424
38370
7160
34500
11956
18474
42272
38058
30418
89205
27935
25278
69066
31989
33271
18739
21691
20300
15217
79206
11432
17247
13089
22464
12538
8044
24616
39005
50205
32158
83199
51930
29335
7441
42840
38095
140952
23613
27029
120571
43074
69126
29396
21444
34775
24757
16043
16132
28822
97347
90162
94716
11726
48177
35291
32170
20700
104999
117831
74994
73067
8776
19666
6731
52711
19864
35265
26938
19137
22055
16722
53423
36855
26138
18384
16303
12783
78880
12007
9677
12284
14789
18799
25433
18729
23422
8035
18911
45547
51874
14393
9822
36718
77659
6126
31114
66900
44223
15474
28207
15685
31581
27915
26297
9306
65272
34399
49834
103535
11333
14170
14841
114951
30555
34920
21444
15997
39684
126933
116125
38495
47976
17126
11918
36814
26886
11819
44500
36298
28619
58452
70655
12550
12307
15152
11513
24856
21208
8283
46903
63554
17794
15606
19079
36426
63209
48156
47881
17929
49861
29031
32763
7347
62978
9617
80738
18802
16845
42709
21409
32637
70412
50423
15890
15329
22125
20751
29496
15381
41617
4135
7364
108394
43237
20819
41920
18705
12573
12485
29938
22295
21753
12841
33428
14642
13271
15933
72612
39384
47320
21999
25631
17549
53238
61495
21059
35869
16567
22448
39835
20308
19372
57794
90595
17569
33429
55961
24677
19827
23577
36276
12557
26892
17029
54448
86760
7884
30592
53808
18102
24107
24884
18478
18414
13528
48149
18153
25900
34377
26388
58599
10395
34575
14442
25046
20420
7489
13074
87018
9962
62606
9832
40202
17488
82268
42850
83609
20368
30968
18394
5466
45569
27306
6471
90187
8429
115278
