11304
8711
98136
50329
11846
22674
39659
5741
46959
30509
17137
50683
35863
24485
15391
47113
13168
60217
28888
31272
18631
60948
36235
69637
87157
9123
34259
68315
12266
17017
18020
47212
7398
23615
34489
24044
19783
108897
45875
80087
6110
23665
15176
39609
22750
11754
15990
59702
23080
24917
30874
44154
17130
18267
29576
41947
19588
70976
44977
17303
21352
68921
39815
59618
60129
6172
34409
68436
49707
35800
17387
16574
22059
50471
15994
50238
24240
39787
34634
40234
30765
20391
22348
9767
6183
30256
25678
18395
8343
48908
37335
26069
13607
21384
15386
21661
18943
25407
9633
17027
48631
4847
67523
27303
72263
63608
105537
26665
67875
21068
24081
93285
20572
12674
17973
48193
28168
7335
16595
50766
23720
26871
30867
51925
15557
46532
8504
18965
12683
32067
63653
12857
26654
19197
43433
13698
26939
93427
33298
12640
61722
91877
57428
97778
100051
23967
16090
41455
20271
44384
24248
20275
8208
42086
16806
16555
25459
19337
58995
13465
35640
34612
102190
9606
25055
15692
31959
55004
34855
12995
41897
30106
9301
28106
34738
75810
30461
48418
43660
23608
10074
19365
16344
68835
33929
45644
34407
12008
214252
16213
19960
40509
40590
109583
22682
29848
96805
37522
17583
63027
4535
28412
96808
3415
12133
27658
56716
82363
61034
78132
17366
49822
9860
23429
27984
77014
22010
28256
20932
35185
17755
54303
38653
31569
17294
35238
8578
10269
17250
91819
43332
12216
30118
28512
36049
36511
30204
38616
14484
32422
42515
23362
111425
34838
13869
30497
28992
80411
17965
17517
8409
22395
14118
11146
8624
38394
40238
48472
5803
78491
20762
42438
50823
30308
81794
6329
65055
48438
48044
27726
5245
60492
11224
18609
63875
41318
15094
59178
27223
136882
58101
39573
12912
16331
35551
55817
74204
26721
32897
53626
8090
53087
35411
20883
21925
5198
53782
14648
58607
16454
28228
31949
32684
72311
39071
45407
43695
30972
116358
15048
10537
13797
21614
12619
12847
12364
49212
28288
26286
14774
33195
10719
17501
57056
90910
6806
60947
8159
22163
104905
26059
40567
18772
31976
37355
78857
10334
24182
89646
19824
77912
15815
33345
16362
7771
15652
43569
22858
24343
39732
28303
30239
14100
80668
10362
50619
33800
45096
45316
54975
22235
16914
79939
36216
7036
110957
28381
8203
35824
35527
67912
24159
41848
24121
31665
16694
24123
13772
32182
27639
20662
64472
26049
15787
23215
67350
62959
50227
95758
12783
56109
53441
14018
32218
18332
87182
26746
78595
10577
162129
53256
54286
17268
12992
102762
32641
43068
29718
12609
33443
21459
66837
21624
15302
12506
18574
19177
57756
113522
20590
28419
31972
10845
24165
14766
82328
25371
20243
20004
6840
9780
20873
50912
9983
29297
93125
9274
15161
29972
50179
41665
15234
46952
66916
26991
61139
9288
24023
15337
11548
7961
12794
21313
27235
8034
18624
57506
36942
19084
33890
20916
29281
30485
17890
25860
17908
84929
37261
60046
167792
19148
8679
42735
34900
24652
53471
73745
14534
48557
82516
6269
14352
25828
23397
46976
69175
10237
14695
24035
9502
39078
19178
102392
101064
35005
12272
26074
30858
33945
25556
7369
17136
24732
87735
80373
36305
34348
8264
27984
10337
17621
16562
59303
15517
53174
18374
6668
6622
14549
6488
24366
57077
70128
61989
14948
20865
48493
10167
15018
22833
6818
32641
18679
51447
16786
6854
53784
5209
9855
38332
57196
26825
19495
83437
14192
5899
29901
90098
20686
40480
29364
48726
14298
15102
92470
15369
53909
14502
11402
6537
16283
55449
31274
15172
55657
43423
52462
37214
173033
39898
46959
70904
23396
11129
11141
6186
29117
24942
53670
118422
41181
21605
44207
14717
17687
25006
16746
14555
16825
36997
17599
55240
68977
19645
36436
20417
59474
50542
65050
58973
14356
38369
50184
31431
20314
21320
56228
18262
35366
25470
26278
22925
73076
42835
8881
49963
10173
10247
18142
44333
36338
145784
61329
40841
30747
19400
3862
43466
58450
13568
38800
126526
19445
33176
19548
16804
49405
22766
17329
33042
45352
11560
28496
49258
37424
10307
102104
68073
64757
14411
11184
60179
17479
52941
10403
61129
50342
14371
41497
17853
41011
69508
48776
94885
21972
17718
26949
38156
23605
37480
9579
29503
12202
16312
29027
19648
12175
45652
43687
21644
21130
27235
29631
51850
18838
30277
21802
60921
7885
25823
28074
17100
57466
23804
52149
32871
25271
18998
27367
94657
19196
5772
82993
18377
15917
10093
45837
74437
12394
7373
21673
57808
22857
53555
35398
24983
45284
30965
48503
18634
49048
51080
31517
30147
12644
13663
17645
21895
36260
51804
20337
16584
29341
15100
32114
25029
85188
14914
45579
21780
21406
13564
45005
7353
43998
102622
4717
35609
23574
62645
18922
60892
47078
11469
47598
53256
57853
14138
49033
44955
17377
32760
14163
118523
36378
10384
53729
16418
24989
4114
42515
42858
77633
16566
53257
13109
45586
10466
41282
90338
15792
41068
80973
14126
66293
13732
17688
21497
160225
47634
19748
72634
126237
22932
7762
40658
38245
17473
9963
39693
63359
24829
9039
30637
37466
23418
25696
10796
11786
49143
35733
10117
31334
55789
20238
94338
15713
10841
84591
6686
12132
31017
34587
40723
66519
43478
11572
137993
18838
16691
41105
32279
52564
23449
18851
40040
38331
31653
51186
34520
51458
17229
52618
65670
8521
70544
25137
57428
29009
44505
33099
80568
31999
26178
24117
42911
18022
46905
59830
47593
34789
17489
13372
39226
123307
98529
9351
13306
23619
94882
16416
11980
17463
17217
19729
158098
8375
27067
26008
22165
54366
8767
9543
14348
31549
63479
54152
9991
49055
34055
56668
56041
62229
22515
12546
50320
51116
40129
54771
11941
117732
33909
49522
34701
36872
9256
34179
64893
85084
17122
17131
24327
37248
19656
37964
28409
46267
10363
16121
21766
57354
34769
19701
17457
23837
40481
10976
85328
22805
29837
10754
35924
16902
53685
54269
23405
80734
78675
16190
42500
23586
42760
60068
25653
86458
44345
42699
29650
85648
20813
35298
8920
30347
51747
9395
10802
72843
94583
15092
34133
92142
14689
17622
16638
16125
43992
25730
36120
79099
17911
14567
44957
25278
46710
8165
21204
122198
51529
25557
24589
8985
59137
81021
56282
11955
30229
12509
10613
89619
22121
86941
15231
31584
22322
80361
18647
52772
17827
18617
13913
