9889
18464
20959
18422
14723
9476
11788
8196
12704
11370
8102
8148
9376
22675
9691
4507
15501
12070
9442
9630
9501
6505
23617
9356
21524
15623
16775
6157
14877
18157
8767
23919
6842
26072
14053
11121
15805
12931
4054
16978
16629
10020
12424
7923
15672
8347
24249
17038
15974
9975
6822
18088
18592
7648
21038
10600
6981
7195
12017
12418
11118
19910
12830
14344
21765
20141
13601
13262
9858
13632
13759
11988
6951
16164
6888
22520
6479
7698
13319
11219
9434
15125
12827
34848
8896
8614
17754
16190
22346
12923
8168
14499
20106
11279
8265
12467
7666
11162
11089
12157
16958
10745
15464
9130
10253
11514
9245
7163
7382
9591
15199
11511
13691
10365
11500
10300
7610
15331
6492
12807
13745
6529
11657
11313
10729
10612
10764
12508
11242
12289
8730
9729
6558
5109
7892
4850
15955
8624
8878
4155
13462
15444
13526
10606
17992
12578
13482
10365
33355
10587
15272
5947
4524
20773
5014
23033
12781
8263
13670
6060
12126
15328
12245
10727
18494
8796
16657
10249
13615
14551
9715
8061
13322
10581
16167
17518
11843
11244
10140
5677
12407
15057
5520
9665
12227
6768
11576
12050
15037
5562
6920
20877
8512
9441
18324
5444
4698
9900
11930
15195
20496
6754
9326
11622
25989
10001
5798
10039
17472
12607
11586
9496
14080
10413
15129
9522
6247
19678
11916
17374
10215
11622
7053
11587
12759
11233
6300
12739
11435
6775
12632
17394
11215
11612
10145
9398
11985
11976
6095
14454
7960
9223
17251
20961
18476
14104
16613
9039
27223
13702
21969
10736
9964
13936
8057
16654
13018
6582
11643
8540
10480
8617
16069
5584
25283
14282
16839
12937
19027
15957
11094
9646
13327
6257
14758
7941
5987
7501
13670
16213
10291
10360
7906
16270
16817
13350
10624
19529
17471
12913
18783
12934
14960
4437
8208
7570
15911
9118
10794
4076
12713
6812
13544
8708
8170
15186
24567
8937
20686
12112
28521
17409
20477
5946
12688
7985
9735
10465
18799
23708
14241
37448
19369
8441
24318
7331
4266
7591
16538
13938
13501
8151
9645
10379
8126
14791
17808
21237
22069
9251
7829
15539
12982
6759
9504
14494
18757
8944
33384
12623
11757
13393
8942
9538
11706
8843
12043
8521
12565
4606
10828
14481
15560
20263
13439
7745
12382
14705
9662
9343
15734
13248
8566
12524
10251
14307
10903
7768
8163
7222
8908
5066
5227
11954
13177
13418
7558
15210
16256
10424
6585
20379
19483
10907
11379
6697
12989
15188
10134
10204
28635
9756
13915
13150
10127
7159
14646
6400
9574
7051
6806
5855
13540
9011
7277
6805
9881
9281
17232
8400
21679
8320
6903
11432
10864
5489
11725
14494
10973
14418
10884
10445
22493
17552
8069
11538
14027
12050
11625
7176
8815
11615
12263
18132
17605
13840
15137
9855
5802
10025
17354
16866
19480
10359
8185
7432
17048
12250
20590
20865
8857
7959
10581
12890
14109
6625
6341
8021
13482
6345
14352
11811
11535
10226
12572
20577
6639
7600
10380
10435
9923
18881
6610
18277
24632
12624
9960
13231
11479
13926
18352
17215
6686
6659
12153
6669
10950
13046
12495
15209
25729
8233
7957
17383
24309
8724
7494
11987
17771
12623
14507
10570
8573
10294
21242
11333
20777
6655
9033
13898
16229
11455
8102
14306
16863
5687
7473
8426
14194
26104
6335
8515
8952
9772
5618
8940
5967
7897
10836
13513
24546
6271
8470
22289
7060
11544
17105
9149
15986
13271
27451
10526
9290
7917
10659
5382
8786
14236
9185
10208
11469
6181
10964
12692
18499
9798
9021
14320
20344
8993
10823
6735
13654
6323
10100
18809
11437
12375
9711
9513
8389
10256
18994
19689
8711
7824
8314
20702
14945
11817
26067
20921
15187
14312
9549
12236
9564
7881
5163
17128
12680
12587
7154
9484
7151
12123
11668
10317
14593
7247
15666
11721
9182
7731
15509
25752
35272
7240
9016
10330
22235
17951
21591
10574
8449
13280
13624
8183
11584
10626
12050
10057
14811
14451
10335
8001
24182
6108
7875
5632
8019
23633
8000
8981
9220
20777
16995
8211
16218
7778
8717
12663
12430
8914
6222
8995
9084
10671
13753
18020
18758
12440
12276
12883
12590
11758
9952
17983
30614
10070
13990
27157
16486
12687
7960
11852
6675
16083
6352
7686
21477
10333
10978
5321
14983
12991
15742
13177
6536
12650
6692
5906
23708
14256
7460
11781
7797
16267
13034
8381
7420
13300
4142
5688
15851
34224
9057
10422
20112
6375
13022
9101
23362
5229
9479
13005
19838
20470
5703
7315
9676
10640
17852
14079
13169
5017
14183
18574
10226
7196
10724
7824
20840
8763
22118
7251
11111
5083
14203
8278
10332
13191
14302
13456
20528
12446
7128
7757
7853
12393
14256
11946
6973
7458
15811
14745
18319
10156
8138
6213
11571
7731
16213
5659
7607
18535
9929
9747
13081
17034
12470
6979
7764
8925
9668
4391
11244
12079
7606
17699
7689
16042
14428
12889
10024
14652
10387
19323
18499
11143
6112
6061
10128
7761
11337
8466
7353
8311
8623
20894
17147
8331
13014
17737
14728
9186
24279
10391
9869
18677
12721
6864
12364
5552
11534
8597
7346
7714
8766
12156
7457
11420
10487
18403
13881
8790
25770
14967
25477
8687
13017
8889
4782
14322
8836
6276
22921
19070
10355
13992
14294
7672
23112
12338
10501
9334
19269
13719
12489
11846
9840
13117
6248
6870
7906
5933
10142
9417
14569
10265
6808
5133
9988
9853
10438
12151
26408
5678
13650
7949
7727
15197
15066
10123
9997
13038
5817
12371
12232
10205
10919
5774
15563
13541
9103
11088
13191
5392
15884
20051
10565
28442
8086
8889
10743
9217
8637
14701
4911
8312
9434
7437
7999
13554
22661
8963
11521
4788
10549
11578
14383
6522
16227
8617
12794
12374
21964
15202
12505
8389
14517
15511
7120
29800
13455
7567
10561
18304
12425
12126
8021
12032
25287
20142
11413
10805
17487
18719
9075
8037
13860
12383
11912
15942
19076
9498
6003
13774
10054
6952
6586
5133
19052
5335
12421
13149
13554
11090
16427
15359
10325
12055
16867
6049
13459
13699
13440
9530
9107
11679
6137
8994
14313
14273
10735
19876
7258
9498
20995
11481
10884
14434
10756
6698
9139
18941
8797
12559
9449
16221
14072
9982
8853
7389
5242
11464
13007
11565
30251
9319
