10530
2992
7395
34831
110476
10229
48814
16886
4331
6294
9777
113202
8092
112802
5199
49189
9123
6372
3982
8249
10223
39351
6007
10280
8447
161851
20880
18328
378960
84828
6402
10815
6537
4873
8188
5731
9685
6930
92606
37665
6642
5693
34262
12753
125471
44679
8945
19778
7404
4778
7581
10044
9288
8226
122070
121455
53906
7752
5510
8613
89183
5266
4963
10176
4353
5667
197658
185145
2524
4357
6085
134749
4555
8330
11309
6101
7403
107568
103935
8442
12221
8668
3903
66649
8284
82131
8306
7557
115602
9283
174384
52679
9303
155105
5077
6006
101268
25498
10521
305547
10911
8051
11902
232996
139967
13030
5749
10698
39519
39785
5835
8919
13407
74667
9553
8123
358588
11936
8824
6948
5431
8634
10852
108658
9731
152477
5403
12018
7788
220074
11384
9584
5071
4244
11943
11959
127091
145502
5538
2849
8871
49157
5899
138645
5098
3905
9082
14793
12517
8883
7844
4878
8448
13477
8138
70411
11058
11161
5582
3460
110565
4524
10421
8878
9654
6229
4119
9660
5098
8032
2592
12973
7253
7553
7652
109338
11387
5213
141597
4446
9567
6607
8730
235384
9552
174982
4021
7561
7795
30639
10043
260681
13049
5867
8033
13857
122633
10635
9507
665490
402957
26628
9885
8531
28728
165324
9845
10134
6648
15945
14712
7161
12102
42546
84257
7581
6123
7182
5658
51607
7296
11152
9048
12027
121456
10321
36184
10761
11090
4084
8785
2811
5976
2491
9282
22048
7625
100114
5731
2894
6891
11771
62354
13981
69720
5488
8451
12494
77448
8049
11619
366321
2884
10138
37289
5560
233898
6781
5157
5439
8952
6300
7405
10053
8443
143899
7875
80253
3571
5446
10475
73167
114645
59725
58301
74172
8462
203832
26145
9531
6159
128921
8742
5875
6299
41429
7991
197949
241938
7180
5828
8795
133227
5307
9258
6976
77088
152980
9242
2698
8313
11079
9740
11973
88758
2950
11132
9445
6601
11039
11723
180488
4344
11631
6639
221252
6280
33780
10526
1906
88713
6850
150437
115182
3410
7645
166610
12394
11631
11060
128326
12338
124660
11178
9204
8782
8182
5704
9125
9555
9190
92544
12620
122324
34010
11870
4600
148550
5755
55600
267984
10992
6352
120078
8760
7825
70108
12803
8516
34058
12501
5766
134944
23814
10158
11059
6538
14758
88299
7215
4134
6623
6411
10100
262606
7712
220869
10889
13088
5623
9301
8343
312333
8039
12214
10010
72508
109883
11128
9345
513464
11028
8382
9289
6823
4361
11099
9702
5288
2237
11247
107134
6987
556342
429657
9432
11000
9749
8650
163878
21289
3820
285173
5221
63289
7674
4827
148307
23313
27490
3103
12088
6800
5645
13698
107571
209424
5300
9950
4710
2618
3770
87365
10805
53982
173049
8497
3514
4580
8881
10002
106526
36405
4227
4156
6198
4539
10412
13353
5332
34004
4070
94766
132398
4833
10613
125549
8581
5784
8353
43169
1718
71588
3208
5713
11718
161475
10889
10738
6355
7599
9717
13850
201380
287037
5576
105478
36832
8768
35552
384784
4434
6593
10298
11360
6934
5665
157661
131644
6515
6065
7633
4532
5847
7174
6317
7202
2408
10905
3524
35971
131524
11116
3846
232948
6099
36116
10235
184137
130465
2839
3403
94548
7768
173892
11005
150437
8257
106919
3846
11168
6218
5575
24304
3617
5406
14893
12839
8015
2885
9847
12431
6632
219359
3162
2007
68940
12377
4933
8291
2931
6364
5473
8174
217213
12500
8603
129548
7770
72694
273709
9263
9495
119251
3117
8053
54251
8562
3869
153847
11706
9832
11062
12443
11057
38611
180365
7778
8089
8656
42107
9417
9654
132007
3762
35108
4395
9324
10843
9498
31577
9416
163549
8109
4898
9183
5551
6747
263852
12105
8520
242529
7245
5640
95926
691291
6403
15530
15150
214472
2792
184135
4996
175503
203440
76681
157272
9743
9761
8519
101645
9189
10257
5102
16862
3788
5853
9041
2290
4789
8773
5148
7598
8286
43641
4169
41043
9159
9030
12706
8769
7900
2843
47272
3782
6040
4817
36422
85508
4464
11053
6427
8484
6164
9379
170096
10336
5293
5620
185770
8354
110238
45087
6018
10726
11228
7041
11345
6676
8433
6656
38034
10496
107175
286488
5499
7392
9158
319331
12459
7489
120464
12500
4711
7544
14304
11161
2247
6180
145922
77636
11299
10341
103915
12273
180888
4705
4426
6292
8222
75846
6955
10871
5650
115081
5625
168941
7068
2648
65122
5685
5481
7067
5558
9086
10456
82933
3524
148582
5446
5692
129770
6508
11074
10821
3824
28205
2890
8196
6511
29362
8047
9494
147676
8648
6474
110938
10319
8917
164415
174353
5153
5660
209492
181414
263722
8629
142033
4262
23578
192431
7722
76955
25235
303158
396059
10155
8031
3103
240772
5706
8708
120239
3169
6273
40448
8427
10763
86863
18154
4192
202108
9394
39473
22816
8050
6519
9077
9592
15270
333111
4304
11634
10505
145588
6492
9716
4427
40677
4877
12604
10733
40627
8364
7938
230149
11155
8507
11880
43015
8881
6405
238873
13451
13283
10096
106188
11178
6040
9797
5688
11770
53114
161186
7498
5495
7118
4449
4650
9839
8984
7263
2124
80380
65936
5460
3355
3680
91973
6123
10202
41027
178285
10637
6653
8455
55799
6997
9658
11312
7581
7916
8100
10892
46873
8636
14392
7200
10839
1011952
6348
101595
11444
9797
10952
12266
172729
7621
11259
10380
7685
4692
2065
191380
10427
5715
9329
10249
33812
9158
36111
12580
6722
5986
9165
78061
5812
28773
3375
7581
10543
6700
9907
9829
16787
4921
134606
8576
9079
304732
7647
6184
7796
9526
10327
214366
8478
117277
5341
12557
2466
8492
76999
3964
15293
4484
10055
2685
4721
112296
45596
5927
14027
8169
12677
5774
14410
9870
37682
31522
12556
4950
21271
7354
357429
8039
7330
7045
88389
11760
55325
10266
9055
12667
9168
6788
29934
9206
124434
99663
6181
70605
10240
7183
10171
8234
13996
7378
3903
8164
9164
7790
10674
11339
12450
4483
37024
129635
6243
25029
5563
31365
9141
8558
8784
11065
225129
102526
5692
9899
5845
3846
9207
6561
13048
5363
7821
13265
11666
402536
7087
162507
3371
6797
11540
8336
10667
4763
10519
36538
333286
158249
3005
10067
8965
8470
8008
3784
5902
7916
10040
8165
8299
10673
8252
51803
8655
11481
12428
4423
