11798
11606
12952
113732
10741
8039
6375
10385
10954
7857
55308
39048
12176
347848
9152
7132
7140
12762
342643
6517
201086
239420
6433
131061
121111
11955
10208
5581
8653
5297
8492
8214
5106
12244
9700
3728
13803
93724
11800
7134
204959
11169
6839
7627
61078
5541
19074
80711
222040
11430
10279
5870
13198
9929
121289
42907
12019
4662
6930
8233
135947
6566
4825
11138
83272
12682
11112
7900
143964
8956
10239
9946
3636
12633
11837
6389
3441
485036
10549
9766
14999
10111
2714
12242
59722
12693
17738
49737
65651
11437
535901
10404
6279
8792
21521
5379
99770
123812
6667
7836
25922
8108
9708
2322
206389
5198
7459
7231
159185
9521
7390
11665
8051
8608
8415
2595
5579
5478
6559
2020
13002
8225
8302
51635
61474
7898
10878
53831
48104
44795
10009
171034
12000
286429
9217
33828
10535
12095
10840
9918
11282
98413
11471
169971
9002
437103
10011
4526
8030
4950
5358
167694
7231
205407
70144
131621
8846
2813
9381
7008
7918
7996
14970
3990
284774
295781
15527
4294
7042
8068
18228
6444
278760
7483
10966
599348
7037
6149
4649
72024
161203
8623
7203
7517
7394
4954
12479
8940
8852
3928
8608
8649
16650
11011
4716
638991
12852
433207
9948
7148
6685
232191
11101
60020
80933
6624
325930
9892
49531
13048
30124
7156
5516
180970
9315
10431
210834
8746
134551
6921
11321
68802
5098
11946
6664
63130
9921
7359
10768
34681
80306
45703
12561
7323
232406
4549
72133
7420
122651
204017
2124
3546
290311
8303
14547
6834
4321
25537
8694
10161
9050
9929
6054
6630
8112
11559
377721
10555
6811
72306
8769
28155
8470
8683
6149
101313
10355
8867
12625
10863
6313
2283
7277
6713
13754
62213
4196
11069
6991
8688
13880
10759
11027
176551
11819
7742
8198
5547
314929
124677
340023
8407
390229
11744
7093
56552
9890
10526
318708
8075
20525
3480
11544
4459
10866
3684
8026
13780
525943
46056
220129
203093
8218
7650
3810
11567
10282
8304
191277
3033
159485
9347
40509
9737
11921
2501
39568
101601
30694
10029
114686
3086
250159
12820
236083
75988
5356
125837
8704
10241
138515
64387
48146
7109
7500
6000
74005
12856
306545
119909
6934
8511
65705
10374
13403
42594
4483
10275
299524
140999
469687
11190
160305
7989
235903
4626
4138
14565
10378
4125
133602
45866
4605
121445
6162
405102
6006
9042
82238
9089
9719
5967
6229
6298
190411
11429
155738
438061
80209
346257
9569
10888
84344
7353
7963
6722
9204
3872
73264
8024
22560
9435
3922
250991
3806
7528
92092
11043
39970
9106
329861
10810
7692
7744
57825
8020
273105
135601
103429
168633
208420
242844
29333
9333
123468
6702
12679
3255
8852
8811
326838
5684
490765
11587
46821
76746
49826
124673
11510
133965
10252
3582
6548
2531
3922
231364
80803
37221
31478
66140
28680
9996
26913
396104
6031
11030
5139
10697
110912
20239
37732
13413
231887
8156
42710
12245
7437
6074
37250
14462
4758
123771
5351
13409
54880
11507
5999
8710
9420
6156
49084
1558
14119
6584
10735
10877
116657
47205
6742
6822
11891
36494
9348
118523
74214
31926
11869
10816
222810
3436
10228
3974
9062
5775
2885
8599
107879
6469
6799
14568
8597
108482
11941
65015
286748
9677
6722
85487
8436
7242
21200
352913
8880
7538
279683
43453
4864
146083
9077
147014
133769
5988
5820
11838
6751
180919
7358
13821
171911
12058
36022
5430
53154
4936
3369
11139
548505
14880
92520
2937
9741
8918
10408
6539
10998
4262
5282
10450
7538
5581
9238
8391
5179
54864
141730
11206
13330
588456
172527
135702
3766
209067
7759
7131
5959
8737
6592
274908
3239
8530
11450
40461
8983
11578
2060
9329
9067
4499
9314
8435
8870
201369
508320
149426
159735
5996
18187
6396
12421
8015
14818
7434
7295
10229
35383
20028
12051
125453
5528
11446
3006
76342
2821
10371
4188
9710
11430
465111
6993
8537
39333
9346
9163
28033
248588
352409
231909
9151
1380
277247
11211
65880
333447
233830
8053
68986
104555
4464
10656
3516
9528
13383
8779
12103
59603
10798
7689
59474
347515
8049
8075
8149
129201
4976
103289
5126
7009
144204
9836
13896
202398
86722
7845
9913
23276
54481
7125
13051
7381
8667
8314
26953
4546
6215
312063
199118
3029
8643
12051
34647
9298
36090
12145
11649
5778
4109
226488
9913
10306
236398
7730
9938
25906
10374
220154
78837
11059
9435
7443
191014
30707
6528
1517
3699
8061
5922
99570
4946
7045
12084
17602
143201
7514
55184
38848
9381
73256
2298
4190
220534
350801
7540
9336
153036
11118
8595
10553
99674
12603
92095
3151
133785
37924
3974
175702
45310
6002
10747
27153
136143
4915
9730
3904
90890
10333
8011
13723
9234
173994
8996
213120
10145
6280
9838
245409
9157
42178
89903
7461
10091
5389
304317
138653
9899
13968
7074
12830
358760
2840
10914
165788
49823
567730
11980
4429
85334
14952
55657
244087
295095
10554
24825
3818
76704
140859
5612
6738
9776
6248
100726
5916
10146
3839
2551
6318
63074
70125
4016
2307
3867
7742
38773
25571
119370
12193
16567
7490
6921
10121
73010
3498
178509
130982
9278
638308
13399
8544
4922
8225
5957
258212
12125
8640
131400
90272
7647
5824
9122
15440
8634
11663
8858
8225
70393
7561
7752
7052
3051
9188
3836
13916
137238
9736
8844
7328
2480
23792
8384
72487
310376
10607
7846
19202
8952
5658
7872
9364
8028
9230
6828
7256
205284
3451
322584
137888
48107
61087
7871
69300
63796
4008
759201
4892
8844
11254
10222
8501
824660
2938
165676
9612
5901
320633
5009
18675
7301
8502
8096
5450
45923
2749
3832
11615
5537
192080
668927
4129
7640
7536
9547
98671
75973
45196
7496
6096
280805
81857
67610
4177
10699
4035
30714
5013
6610
45953
8610
625594
10606
9078
9195
3432
209296
222049
338007
8816
61634
344420
7942
7379
14077
6789
7056
8323
4158
170786
276141
5521
3653
13789
10178
8995
3957
5499
10723
10696
5708
50106
8864
449540
70276
241839
3730
51135
109407
88661
4873
8660
15501
339065
26802
8285
8122
8989
46839
5457
33564
142179
8368
10307
137948
191616
153753
11709
11659
13829
8920
190015
114771
8348
11608
33205
8503
9201
73126
130011
470595
30315
9579
39366
7123
4398
34909
8386
5271
5568
322994
7641
4313
12600
3508
