9701
90855
7216
10896
10413
6944
54538
10313
7008
9892
62286
10189
9165
7145
33688
5074
8909
306093
5543
391254
9952
433537
112815
693163
181328
40571
472088
10656
6620
12823
4735
111882
136207
9206
7138
249680
5697
12947
72224
11487
11037
5595
4804
79312
8873
11701
459183
281208
3830
6388
9624
8144
12344
8467
6375
7989
12853
177549
10561
184312
7862
48652
9523
4736
8675
445633
10549
9186
62013
11934
1268
4076
111118
12484
126465
53862
37078
7599
8667
99675
8542
8312
5061
10355
12048
14289
74589
10397
7507
6799
9583
12605
10210
3461
7889
10229
10372
5748
68616
204093
11668
104375
10741
72571
9385
7841
322914
4351
11262
13949
9828
8155
322308
163503
11156
8388
78179
13799
117777
128787
8857
11006
82933
8307
119932
6378
11637
5439
58426
7061
6329
2523
7686
6736
10268
274260
12275
9607
256184
7448
275726
459300
6556
9938
12598
9909
7327
46009
143894
8006
13838
8537
6894
13231
4802
7406
9376
4356
1956
9079
77933
9666
5387
72631
4846
84586
202703
89731
3868
7784
125013
9502
4840
573512
275455
117256
6143
5873
6223
9717
9265
11013
683517
7034
12171
2684
269497
11150
186955
3996
4656
9133
10294
7806
8032
168022
186410
5817
7949
57518
124464
9998
130032
60953
194699
6798
5815
9447
8415
10770
5417
8969
460341
7619
5229
9604
11262
13446
5775
4887
56440
5554
201453
6889
116659
6426
180405
10863
267584
9943
29195
12112
10498
150546
9000
10577
194585
9088
7273
123318
4443
3912
4225
8115
276133
4443
7452
44094
8272
9566
9146
93794
12451
8268
13817
3116
6536
2654
5657
9088
181663
10281
8776
152891
12172
10734
8428
9475
9286
46743
8630
47076
11331
6884
11300
107427
9633
8691
684993
7817
134904
9552
374335
7559
79816
137333
17068
8034
15383
56159
9032
13015
58839
7693
8462
524644
10558
152029
104231
75234
4820
425560
9711
7738
9646
6124
11826
144945
14412
65766
9290
2760
10209
191235
5442
10601
4272
11024
15819
5814
12010
10891
5740
11989
87745
128106
6362
111172
5759
41913
5981
45169
9090
7162
6454
464463
6943
7891
62358
385761
6971
10996
10976
148570
4122
7356
190891
13352
4965
10506
14125
116739
8617
13684
13026
5212
11969
5520
5538
13509
132767
356510
446767
11338
5890
142145
6512
63679
5692
7978
8446
7553
225484
5389
5241
8004
9400
8060
7059
9070
113014
3550
10683
9643
11614
8711
193873
4126
5143
12939
10357
19805
9886
6497
8589
10734
188823
10644
8665
327474
5533
8066
4202
14529
8370
12083
4953
4865
7079
4773
2771
6522
9380
104453
168149
54889
6185
2756
11106
103683
4249
11955
3194
10902
61309
313884
5329
10820
10242
11350
8650
7681
136704
8695
13335
5987
1649
4099
9847
95724
10485
9897
9793
10096
6522
9332
9244
5683
11602
11202
11016
11324
108342
5933
8344
11211
9798
11286
52891
244932
87881
5746
351991
11125
10381
4282
345746
5704
15260
10922
102514
6135
10067
6943
8823
125120
4935
193133
8829
107548
8532
10284
13227
6247
70253
8159
8646
4995
3612
9955
4956
12854
8767
11505
256044
7534
9465
6930
10047
6609
4768
13610
27932
199597
6197
25178
6975
387416
30774
5941
12509
14046
11965
416706
82934
8787
7164
5029
18326
6596
2389
8487
77581
5825
13191
8488
6397
7189
309252
10873
12464
17420
223904
611459
194783
3061
6971
11142
97564
44894
8149
94480
7470
10823
9790
10266
88092
3330
9557
10513
9137
157434
115044
5811
159377
111096
127781
386606
5688
100376
4093
11367
10948
11121
11390
6556
11378
5466
59776
10393
9255
4245
7368
9418
133690
5779
8379
231073
1090835
224427
113440
79040
491245
7718
14324
4949
13729
124817
9424
79693
9111
8812
22196
7044
138848
6231
157422
13392
404346
7350
7341
117680
5694
65765
4004
4373
76081
677055
11310
8721
17575
11579
9199
9831
5036
11883
12645
124694
56119
6259
40497
7408
7573
12774
203059
56022
7519
5651
13188
100809
2803
52132
11779
5754
178038
9130
6481
11114
16734
11369
7960
41907
70356
55665
10020
362377
9804
55362
551471
9311
7681
417868
5761
7994
11298
99560
234547
12389
12392
244026
5525
151915
92812
6854
8220
5828
7644
129913
4511
8151
236052
484280
8366
6479
5058
8619
13237
4142
4687
5728
5609
109822
4778
4264
10007
67934
7352
8737
350001
4857
8259
10574
229321
9011
11186
167062
4648
6996
97196
7259
523630
8552
4385
10170
413765
205920
5258
10408
15149
36470
11810
10205
9872
8072
8704
4200
4209
12471
146899
10281
287583
42246
189586
8804
48731
6623
13255
116522
5828
10502
8499
12123
13552
14819
156454
145651
4035
250231
50669
10275
118209
815611
284080
442888
56353
11150
11700
218998
157073
302846
70286
84046
7831
7233
9184
10286
423539
5045
4466
13624
6392
32386
90219
10223
152488
14763
7187
3765
2713
75079
700054
303590
10559
4857
4874
374231
233032
65034
97716
9314
926536
6511
7279
14159
7730
6842
6953
119609
6935
7965
2671
4116
51856
74222
126599
6622
6488
5439
9072
7445
8058
6438
4571
509135
9320
4592
8188
15275
8925
9988
60552
5183
151981
4192
45360
82222
4631
9314
8578
80952
7675
12330
140087
8594
9873
5644
135130
394169
129635
156493
305605
6139
69205
89644
8931
2056
8358
12120
13471
3924
9472
7547
183074
9283
9053
5389
120461
239808
9217
29828
7649
4915
5765
86836
11217
8239
436600
8792
18116
550103
12841
12253
12858
11783
129064
6252
9309
93549
11897
10633
8860
32761
188712
26635
8070
8905
7753
6604
10228
8736
10916
3904
205857
8558
6289
8444
4137
10207
11441
4826
5371
7208
8865
10136
4521
10600
3186
11031
4378
8140
153317
11924
8446
11173
59086
10541
159000
8109
9801
4265
9746
7256
79859
127620
9359
29462
8181
9129
238723
146785
12919
115567
11527
9196
13580
286779
11054
10133
14029
8652
6590
95776
11697
645208
9359
9489
8121
5508
11233
5937
8523
6742
5962
15070
6773
9338
9412
10644
66997
9240
7936
10438
5954
9424
207014
8008
14363
9409
7549
297042
7135
10155
164836
10376
4841
7620
10113
3452
6605
102434
112108
7357
9391
455530
13115
8811
10525
7714
11270
6596
7138
13661
8846
8928
14240
9220
4982
16160
10319
254022
6526
3704
107102
8328
4809
159304
87944
128824
4966
41814
