5879
209824
84040
121230
173144
5051
9806
7919
9819
480163
6266
518187
96882
16323
9439
6340
16933
77491
3732
89299
5695
209898
9680
11053
7344
42489
7418
9083
6581
474189
6988
272259
205426
4461
67967
4086
12913
15349
10314
9974
5535
241915
13503
37294
8751
11065
6334
12379
9559
38986
7078
8802
11327
5480
609313
5350
5835
9616
13221
94321
10566
11704
409829
144595
12047
4159
10028
31741
9794
9623
299441
76364
10306
45537
10669
158699
11853
5138
13467
5636
6357
81769
2049
159285
1078190
6856
541087
150837
12152
13247
109647
182492
8208
9869
9861
12321
78026
114869
5216
421682
10753
6060
10651
72980
10549
51818
147460
106948
10675
175293
9533
856157
12031
13548
5975
4802
8532
3890
201190
10930
10740
10566
4833
9501
113010
4869
7382
11651
9582
504701
179600
6904
5194
9495
5012
146407
328003
11863
6145
495160
305400
3503
6843
9339
7816
10056
70619
8805
12592
12621
7292
220798
43725
11487
91579
235352
9088
3760
6808
11761
8316
15594
7418
197692
744616
367619
12400
110543
112304
13869
8350
12803
9595
895980
9693
11944
12172
19939
6916
9925
3800
4086
130500
2922
13029
277631
65624
10610
49274
62339
116502
474629
103756
326138
7745
7206
156525
5286
104141
12489
15068
7667
2188
118011
12700
90719
13018
6687
443100
8033
76096
545174
349237
5667
329229
6625
1068958
93807
8305
147636
12114
99664
7070
5280
6267
11945
13005
5553
11617
363069
9987
13068
13565
101378
196397
187222
8384
7344
11788
10575
11383
5320
5454
10212
12197
99103
144966
120750
10486
877004
348541
6535
5532
70036
148881
444032
11025
204423
350152
5029
279331
13239
91065
515282
280136
99603
14920
6682
53289
9798
13217
199971
261699
3446
62545
205720
214352
166668
5845
7496
12996
5375
128858
89212
508148
526276
392173
11003
6176
585813
103193
147253
785922
15482
6184
6946
9080
157509
6744
14771
389072
176181
11915
14046
14073
3594
7025
370581
5472
10006
103164
492502
9092
12520
9270
667825
10609
500896
8077
392072
5986
3794
12330
199234
23261
14603
5101
7152
11933
329524
521803
232734
58795
6311
6469
7430
8332
6002
152519
11980
445111
15102
13067
6830
6731
6665
6686
54680
20316
5246
466126
186706
23615
13596
39836
497043
290719
12955
34596
448802
124534
77069
6215
24937
361388
12940
10880
10418
262838
6082
9972
116226
8415
13922
11526
8655
5719
8628
6758
10296
38086
11549
8703
8590
8514
5449
10304
7204
45905
4046
10847
15446
94121
503536
9859
9565
14211
1130892
8005
568759
260918
16585
205942
15758
262140
9643
113146
10805
5647
60112
180338
9421
4358
9245
6558
80306
177940
4819
6145
102378
190122
13059
9315
13218
1219188
38428
7272
285184
10881
8782
483259
10846
231042
36858
9080
7724
9564
4419
6292
8933
126333
231712
195193
3279
12253
11832
10090
14087
10655
536680
4739
8559
461768
129150
38251
8841
266208
158079
642415
8478
13452
12133
6941
6800
13956
8498
81920
10381
13995
113831
108539
10504
13517
4497
13025
7858
14638
13803
739170
12577
11277
8658
5573
8968
201560
10545
10367
7786
3865
9550
808723
62393
82651
106715
7753
14796
5476
10413
8903
259755
24019
5727
145357
9763
9580
10495
4998
6917
8374
280626
7587
14023
9961
159087
7766
99302
4315
4267
8514
10837
4253
10857
8032
607318
119451
357556
506279
12835
600041
9363
4471
11742
61354
352906
415160
282705
55712
262235
14269
10864
10723
68891
15523
332933
5891
12245
10448
10588
7356
8472
254442
7849
308523
8802
57016
269631
70275
35093
8698
51452
10459
516213
8524
10059
114158
10305
10681
11806
7655
304341
36041
105374
6009
173247
8906
339309
80234
9588
7975
10243
17560
8989
11138
12041
48141
7745
8891
2688
4992
9904
2480
252945
12434
5791
8684
354906
5464
10827
13407
44288
11990
350344
15091
134888
3822
5423
6399
109115
30234
164055
5922
115107
9448
94597
8977
114367
251736
114000
457688
11462
8752
12319
346778
6250
5393
8331
362266
11786
387679
12107
10899
8064
14487
144239
12725
5095
7306
7776
8429
9408
9516
81967
7806
6940
759364
5816
8053
8664
10877
9355
12758
6916
310579
12187
24255
96052
11098
4084
11574
191915
5461
7406
14817
10531
88058
7527
13059
859312
12032
7010
12334
3465
227436
7565
7651
93223
111684
316066
7359
4694
224849
9849
8224
4378
296657
14629
308675
7925
111227
11722
12114
9132
7376
8234
5594
75906
186956
12876
595536
14032
8301
7179
14362
391883
6821
11663
14697
8453
12654
9818
297900
16335
11418
88286
6116
385674
6909
3840
10343
12190
88460
11056
3808
24805
11838
100040
8203
6600
13495
7515
303167
235362
7001
5230
10651
6291
9616
6732
6061
12395
8842
5453
103787
6316
207359
152783
2747
10633
81956
890487
69211
7204
8933
5312
73742
13332
65537
7272
9176
60637
63975
8303
12892
87647
17437
528760
359107
9073
96812
9565
7943
222437
17589
8620
11094
51097
12331
670211
11915
9700
276826
194951
9267
366689
93242
12973
7034
100753
505026
35937
7811
10284
17140
4341
425770
5699
10929
64981
258909
8233
8137
15080
6463
273369
1135056
3609
5234
10363
67988
260523
361046
10410
213675
10631
10330
305294
14940
14474
8686
12229
13107
212196
16923
11422
11309
72207
9343
4239
3492
6165
10973
12086
6308
2588
9060
91217
9561
7240
112528
8615
8835
80095
11032
10564
107880
5718
6284
10648
4229
9928
7637
7717
237425
13411
319731
56060
8193
6160
13080
3517
432703
13320
80505
138444
88465
11865
11814
163624
10009
5921
6812
9987
13843
16391
15012
214639
4564
105048
33257
13606
5567
11344
5715
4860
13443
11403
9556
52395
13972
8327
101243
6994
665753
4505
8608
11542
6349
6879
10963
11973
14643
133318
5391
8070
165975
448690
9234
456295
8343
23765
10215
10262
8328
12992
68221
209753
9638
45075
9349
572130
2733
7311
9580
208538
13483
64978
88341
509067
12042
6319
8968
102421
12642
148892
4791
4232
10734
4613
11880
247468
6390
6560
11216
241763
8618
7030
148398
373170
8679
9163
7097
10624
5313
9105
309069
5070
45295
276365
23454
7918
164043
467065
7418
163037
6046
52083
8423
279320
8388
7044
12852
7044
9147
6275
96852
5675
14675
8201
5457
10839
5082
10448
10315
25780
141974
8147
242823
5085
8785
124481
13170
9477
12389
6231
10570
10220
13204
5293
13355
8152
