192029
105540
569970
9728
15999
4919
7863
15489
221370
199382
12326
9108
148522
6735
6582
14895
8700
10021
7822
14999
264097
118209
259330
12376
10710
94617
6384
15547
241319
11433
11550
5560
10814
9188
106039
13467
9868
220092
7917
164103
80581
223437
162758
9000
325306
308210
12487
337299
3060
4963
12926
10201
14438
9085
69927
406213
475489
148578
11876
8013
16183
6764
5949
25801
294721
4712
9490
218046
10436
9620
110386
9629
11556
12692
10527
368901
9304
11515
3024
3846
6471
335265
6446
47822
13256
122607
93660
9477
15878
7545
6458
8472
221260
11745
9790
43158
7221
190177
6137
496454
10203
378902
1188796
9010
5550
5635
474656
7023
11440
6982
15238
5434
202205
319185
219326
13396
8741
14708
8782
3164
130661
8259
138782
2737
9104
11892
9128
12685
10647
10781
11694
90310
51983
10912
2928
13532
12157
14073
5838
11313
55132
11969
14302
6527
14764
9308
11050
2920
8281
439603
8756
257931
9565
5034
14603
310853
251648
9277
6138
8914
234087
9511
65871
11438
12877
7123
14225
114901
11400
7944
366930
480769
10410
8807
525619
85689
6210
14548
9638
12888
14356
10936
12978
12313
392319
10328
69747
627739
12563
5640
20684
16390
297335
5561
9394
4402
14301
7101
6555
468953
479654
46009
116954
10709
86308
8807
60618
12245
10574
9109
137501
74229
11962
6454
9327
321240
11898
12920
173366
389900
5994
7710
7526
9672
233776
682230
617359
5705
290438
134247
15025
9182
11217
12496
9384
4829
18345
107451
8824
6479
8653
11768
146182
10023
4334
94146
47365
7990
104961
6988
9582
895591
6353
74047
10087
5714
199132
13306
12607
9101
185991
6412
9338
70308
9751
12047
678141
10565
12942
10347
8744
10154
7223
9363
8535
13213
11966
11428
305951
5551
16685
16442
1414
425044
332983
601819
475486
13009
4793
81928
5642
10848
14942
12814
11763
15660
804487
8679
8585
259333
716848
256451
9467
8013
8126
11802
186827
5272
500250
11287
10530
10203
12856
11329
9070
9139
4555
334551
12789
9195
4604
9070
11650
6289
8182
52169
728878
8708
5982
6862
11916
5429
179679
9602
5539
10688
8146
787246
322611
558167
11300
213069
148260
9920
8636
13126
484650
58985
12940
314265
14430
8567
12426
269749
8077
15938
8979
4480
14229
14811
5819
10669
10633
8377
264745
10014
91508
13077
9430
653304
5069
241867
10517
8125
12570
39237
16661
619651
39089
242578
9910
45374
8373
7023
163921
494740
10679
4595
12681
3309
10392
13082
14093
5280
15862
281306
6577
4488
65182
4578
10944
13996
2984
162805
819174
9552
359350
7390
273139
160015
5419
12070
7807
8809
212461
11935
8872
12569
7815
50767
16160
281694
127789
10646
11360
9880
148252
188735
11006
9444
4360
5439
127314
3428
25062
97531
5859
45207
136620
11485
5601
337858
12044
10421
10562
55543
168822
118766
101645
265474
263191
131025
10287
13551
9361
6712
8274
8519
13715
54013
9173
177194
83190
831654
27469
413115
51021
8459
13511
33036
35744
9072
9672
3738
10368
7409
113473
81138
13302
16769
511801
83785
12339
245260
9325
10706
3196
10820
156298
2663
158135
19984
77294
974527
8888
8171
4357
738248
10595
5556
15396
10141
10452
11329
9456
234546
7482
622840
10804
125971
12531
232206
12642
10630
376193
131815
106094
12504
224786
11414
3820
4253
10801
4589
544509
24918
9673
10679
12254
8789
6964
157269
10754
15134
6387
9834
8146
183426
283942
953123
8461
4093
11869
14482
162522
5709
7147
9316
334456
13361
46555
13153
6539
9832
123753
12046
6849
7924
3820
10046
11357
7509
10847
13506
276460
285714
10476
14370
5496
513207
11534
506154
8112
8060
10799
4796
97122
9029
14287
95838
12051
282349
10821
101109
7132
6990
12633
15601
15086
67723
13428
6565
98803
278479
8210
9032
184819
9374
8634
135271
427850
8273
167649
320521
6799
8417
7400
12607
13140
9024
479583
4411
26246
199958
186576
8085
3471
362599
5348
8639
193598
5783
497295
9609
35624
14254
9104
9540
286670
8636
4792
8807
303126
10086
9946
895001
9802
251408
122527
509305
6568
569053
406719
7265
11943
9087
7005
29143
11729
408763
8570
316087
4966
12679
9075
549811
24377
11419
8644
8751
3276
15333
8724
8808
7771
249094
7365
10523
3781
9457
13217
7526
10150
6547
3710
112722
1314396
8446
365526
7723
9166
213182
8784
10564
8706
24478
15183
269675
21740
441291
217688
10502
134916
14706
9487
2827
243214
13386
5674
295825
6649
7331
192089
12572
5556
62535
9478
3147
10057
12332
6639
11373
11268
8465
4987
12032
8316
137419
74875
12251
13166
4714
8407
5828
7476
10189
8835
14832
16078
12993
148514
7385
574534
12201
5747
14820
11519
355229
612051
6484
127613
8842
41833
11050
140872
6491
206872
179216
80311
7597
7977
6840
3171
72860
11554
119419
212613
7885
10312
7665
8533
9728
6688
174788
8900
10155
594527
14399
91870
3879
10086
9662
43311
235623
7703
112180
10821
4802
3483
6376
14790
9125
230385
10621
12266
8138
211985
10173
7137
3814
14374
204504
3929
6912
11922
7388
8089
5435
7589
4633
2806
9450
9786
14407
11085
15121
224099
11714
12916
171531
52374
12783
4430
6867
133716
4815
6825
62422
10688
11304
7829
9869
63579
166076
9337
12749
11571
158017
363738
9297
553196
3161
11875
9401
15964
11243
5660
7990
143646
11254
891251
53890
8593
6777
41760
323536
3094
80810
259960
7207
6808
80775
494432
56248
126778
7622
13277
9605
440654
3962
10123
487302
11622
250526
5116
26764
203616
2879
7432
10442
416442
343115
5857
9943
12209
11630
44974
4510
9167
16003
9669
9584
404465
12302
8087
8392
16059
14780
4249
6326
8676
55666
7360
10373
504637
7313
10020
12761
11129
6609
9318
10285
10635
5672
11058
7705
1062932
66825
3793
411626
75773
10873
10779
18707
184251
6396
253415
5947
8087
5535
101678
5345
7688
6642
10704
7407
13661
7700
7947
166081
15984
370139
11376
7387
11690
5129
6610
1167373
5551
9773
8381
3872
15355
106966
11473
112923
9985
7573
5697
10718
3554
2996
19457
11548
13594
241978
9786
11163
372647
9930
9325
5395
65889
6726
11945
9226
106915
22105
175409
11199
113636
12816
8488
3856
12411
266826
12481
55191
14091
46559
202978
5131
11714
11298
7524
13429
7154
9148
5090
5508
189014
251445
305308
14425
12612
94202
8294
24915
88352
11135
