354669
12286
9890
3966
9012
6181
13537
15310
141517
22627
10256
10746
90479
10028
7588
252961
13960
11053
156177
12959
10656
4716
285135
9220
8001
11365
249264
11796
6713
7579
9984
6009
4653
9921
6649
9651
7160
12961
8684
18330
8154
12141
10253
12839
10925
162959
6827
142374
57580
12006
10850
8814
615476
8786
12370
13026
9553
8022
14935
12131
10574
10630
97630
7628
102087
140460
8762
510135
14497
225177
5394
142334
8184
396992
6384
14996
130668
3334
9925
291195
12526
121490
30782
11394
18975
6700
3915
12288
7665
12095
10211
8501
90481
84002
14252
162574
418797
104761
6152
10683
9121
9421
8982
6495
159198
10897
7050
9794
9877
344877
11010
203851
180582
14281
10834
14124
103311
11587
13128
10363
15399
370933
10936
443523
8440
96647
7864
609729
7666
11987
9999
127149
58577
5744
160182
9703
744578
14213
159233
7020
7297
648914
95510
12164
118950
4668
10159
18482
9090
330771
7361
37328
10804
3767
12610
81349
10234
4810
7092
10205
16019
8907
9999
8849
194316
7920
86158
340905
17697
8679
326733
2644
11847
8960
13471
102794
390106
106252
42007
2647
100094
7242
8171
44327
368635
318576
12299
60020
12257
14532
10858
619022
10779
11822
557276
366528
10622
5490
13459
5798
729442
3604
149245
70515
121465
10142
4854
533301
9743
6854
12092
9929
8748
10257
145086
115475
166591
274554
15425
9757
222849
124267
17298
8582
15856
13932
6560
6657
173302
11668
65477
7206
110160
8932
10408
127591
13054
14309
12597
12604
7864
5972
6882
10747
11284
9866
191717
403301
217703
184526
5763
6977
8145
13694
14175
76186
15926
119321
10760
8282
441964
381840
147853
10510
12365
343684
139541
11884
1453121
8879
133016
109587
6145
4762
12530
13774
10419
9232
12723
4197
14153
64956
16704
3030
200944
89373
134887
14018
90566
17721
116390
8830
113552
4543
8930
348472
9605
9138
33779
260589
8912
7403
9985
13708
10279
14946
5939
590130
234026
13351
243809
8020
40329
498713
7318
203954
15994
10791
11259
44623
6248
548495
524719
10013
8716
164334
12039
12766
8829
485405
4709
10976
316159
12933
241902
623754
16734
8924
9897
289703
3212
174689
576160
10619
17101
11094
82142
10787
10147
253916
6765
301622
7623
83761
14630
8499
12525
14676
15207
411086
2725
512266
10650
12946
167536
8529
160170
9996
12578
767780
816064
12266
113625
11370
12757
17593
158511
10883
8610
8582
12140
11386
8782
595533
10227
169500
304578
6349
111262
86083
412378
9084
194353
12031
6639
38660
425879
298454
4895
9658
59832
77708
8858
12037
5003
44538
8055
748267
7621
7937
10134
442864
45212
6486
177073
10380
11335
243145
14893
7405
246693
12574
215679
10332
40748
132988
297203
5890
7904
6598
13448
13596
89702
9968
12446
9246
10023
10852
7264
4350
655066
48433
88921
40764
15440
8146
232385
13778
145338
38510
121316
6306
11213
200619
11799
6010
345968
11913
13041
9418
38040
10317
723299
6995
333624
10758
16092
10972
13851
7610
11763
9517
295938
8929
149302
108130
10785
4538
5342
9349
7414
8951
9515
350444
13698
163146
198865
827552
12029
343945
45695
11012
9282
5874
355665
321664
16546
2732
16209
6138
13461
320074
184340
413493
220048
8707
466474
108018
11434
289042
9360
110057
10668
3746
9832
61852
63137
96447
9643
255821
248142
4146
7538
30431
302062
8543
13175
72350
222383
10851
10258
10554
475441
495273
90686
111431
17219
7072
10124
8560
10537
10507
3982
13541
6461
49065
6922
5749
3512
9073
124060
14409
12697
6398
8935
12994
141746
5944
7762
7674
590996
615968
45336
788416
6293
420945
9549
10454
279499
9515
13849
5535
46339
9042
10358
10893
154344
10453
13259
13902
14684
79447
9434
12380
9692
11445
11200
11541
96822
6160
12028
5446
257886
9975
60819
161119
8355
6853
9273
11099
372624
7262
8878
114695
118701
5100
9679
4529
4186
9768
13307
11888
668792
40153
12333
108746
9142
212962
10152
12810
17967
7618
10590
305874
89543
124458
105251
5219
12524
4978
134459
318481
9897
12452
232361
8839
10113
186238
564370
7156
671535
134601
76759
4642
15296
85053
8489
10051
10612
775806
9412
13548
11226
12360
9967
40783
7821
14935
289260
582774
5824
5902
333473
6265
63246
12437
10665
10194
244147
2818
6571
16066
10597
5033
9487
16657
14315
7088
251979
9365
7215
122798
10338
7062
399065
166628
3517
15352
13572
466318
7508
7779
87688
170335
8204
5365
7634
10119
6903
119370
7715
196476
14668
313801
58692
6263
14448
175410
108841
44368
11512
7246
291105
11905
388254
4333
8133
393377
11595
9626
10880
9651
178137
10703
6042
955787
5824
479129
10915
7067
8511
933059
12788
5839
13513
12456
10202
10438
251700
42713
89550
10106
11208
135637
3209
255093
60142
374927
3455
11533
2985
165665
8499
317365
7195
12674
14631
5267
14487
12726
3491
14566
278359
7889
191051
10482
10485
11303
9140
6268
7243
11261
200010
8464
359872
18821
8477
913456
9717
158486
29826
13177
411669
523890
61749
6111
7510
9457
13601
13059
9553
5270
10524
75250
6684
186566
13506
6463
10504
6923
8487
12125
331605
74214
11865
327971
13904
476808
8223
12231
12405
7761
6666
168909
9763
190428
15164
139190
11272
467204
11624
12891
12267
11792
820133
10294
6106
78034
361223
8781
7942
134276
11407
137788
12885
11094
7069
7119
456728
14753
8959
12754
9747
212592
13031
249276
4941
7124
2941
17018
395134
13469
12416
5952
5269
7070
8098
3199
98734
19533
4592
15028
148111
4711
5952
130707
168310
63239
3721
8934
2111
318475
409609
7083
10100
7987
15143
10087
12359
5154
11710
7103
13308
480451
11751
9568
26877
6118
5746
14034
9400
15705
7136
12855
12458
120810
11551
7800
9552
2001991
328687
13994
7506
7297
717201
102446
5111
12927
214444
13409
40005
6947
10257
8639
208783
9116
188913
12912
120484
5874
6464
144554
11677
12952
223600
10498
14301
180717
8909
16214
4018
26358
190191
362331
90144
116505
11205
9418
139024
14359
12720
530395
600779
10051
8904
12992
9145
6346
5098
10625
52771
11971
17571
9795
2280735
411265
10655
7195
108050
13541
10680
18747
408097
102307
17931
404663
208201
11977
459972
16239
9215
457634
66134
172835
4997
11174
12101
10062
9719
14096
223857
9643
285152
5557
5932
16271
10836
10602
4092
406129
63836
4090
10194
59978
90307
6377
9356
14939
132709
204130
