6684
100655
436714
226787
11838
11127
57772
6308
7666
113229
171317
13688
68944
239870
12123
219164
77054
12954
8703
205554
17546
36327
5310
13090
274489
13442
8474
13200
11830
579754
288964
8108
10275
111569
14639
8751
14368
12341
165915
9074
253541
268383
7920
10503
14041
17705
4599
419651
20805
10432
7992
431158
205441
10840
202366
13592
9725
73247
82810
10246
2910
348832
33340
4641
735090
209577
157894
14849
9308
185518
197013
243062
237240
15196
14962
130038
87875
12294
16728
14870
133073
11760
13527
12786
12762
2754
6896
9275
6844
9446
130628
13620
15689
14996
378306
15316
9226
86780
2114
9132
524311
188267
5047
182803
7297
305123
8997
6481
14684
81892
6242
10489
12681
6564
7053
5608
15563
146717
3964
8514
2371
7095
7854
9862
6287
13079
3518
7436
5973
10941
88003
6556
12971
263576
278430
183830
459065
153416
8411
9944
3759
78827
17439
9792
220490
176828
9907
8209
88452
281235
281247
8619
7823
212852
249647
11504
14339
11408
137177
328693
25740
13304
17442
752711
10337
11843
133838
10482
276879
365204
13249
13845
288898
15552
118267
5975
13154
243267
84214
135917
217176
80528
225520
9898
9978
8642
297976
1024086
243347
15855
12620
8993
363246
15709
5926
9497
14121
763596
115978
13964
5984
533823
417205
703072
7511
52104
76390
12285
13717
13251
187603
17082
7885
447382
140079
18639
13169
420042
323831
267614
8749
176717
8983
5625
144820
15194
10634
8805
206468
721445
99034
16475
5330
45172
12827
281585
9453
9636
5693
81275
13490
259275
8819
13284
30403
213881
83251
9625
3853
333515
14452
10967
14045
6164
527826
10731
4599
3679
1151025
7470
9721
7413
181621
294963
151589
12384
9383
10613
147209
90703
592202
7587
665486
8509
642583
948331
10840
128155
7647
11468
12606
702595
12202
17486
264853
220164
3479
98679
9132
3590
13708
308754
457625
366425
802212
1375832
11555
5675
8646
14838
128491
12029
122850
15063
85597
14375
7644
89271
3019
14361
766100
5767
230550
11782
19214
411233
11506
8957
374497
10410
440306
13884
318777
3619
7555
4193
13906
9548
5870
10252
226683
6118
939959
4931
13221
4754
711353
119539
7637
451020
8446
134844
8222
4700
3485
10589
11640
33402
14770
411466
6578
9307
8975
8361
344048
37090
160160
12579
10630
132137
8699
5378
239231
163824
6018
757358
15710
7576
15159
17519
11099
10371
336146
7180
12013
11025
186843
12053
230435
7748
696301
6062
8544
12105
522239
8611
12561
13995
155205
9460
7478
116412
13133
7637
907585
16933
14748
6348
3661
356153
10345
434085
5728
7783
7716
12011
6779
39330
13991
11716
9147
14547
12178
8260
12808
1025410
14198
5796
300138
556898
652989
7218
410985
10835
8402
12437
160572
299686
53755
468519
7920
15839
6430
17144
467157
15407
8933
15659
98648
5098
5351
129408
8672
7613
7445
13119
320949
6210
24344
96231
7510
6961
618162
10768
167319
7989
8575
10227
7631
6431
1011260
11325
17466
3280
12945
9247
11252
13486
260286
8355
195617
16301
91948
477543
30257
13185
127400
5375
13609
15093
9729
11757
8372
171962
15212
223629
10208
7340
12590
7870
8519
9634
14073
6537
7498
4812
13021
7285
319441
70600
7986
8951
12687
5328
5354
14272
7402
12500
12223
9035
8011
15999
11625
12374
92475
247664
9946
3884
140109
9201
11646
6082
9618
4953
45378
5443
5922
252798
348995
320100
338747
14021
14135
7828
9182
5640
404868
13018
13315
301529
106028
9149
7833
280630
8083
525812
7452
11826
121449
12806
14090
14945
76647
9263
12374
7844
9112
4587
9280
3848
43785
12767
3878
12114
261060
4869
14098
15408
9463
174602
10450
5329
8575
211459
224357
132979
12758
4419
107390
543187
309512
261743
3980
109352
11444
13935
13682
9767
7359
4882
6809
330961
7007
13457
11998
14755
16650
10494
5646
11985
89159
9262
93024
7401
1179996
32581
666826
340655
31019
211300
4412
14314
129542
12395
4170
12257
13681
196399
335387
526739
10528
5688
12251
8079
513158
368972
4349
13604
11675
13666
725480
13238
9678
584915
610436
8642
236741
440620
5601
359769
179167
9085
12453
5315
4608
5329
9972
67886
4007
10208
9654
257371
12279
52670
185441
10381
40575
7632
10536
89417
6299
439078
709415
9481
13366
58073
8656
14352
11094
397297
102721
1281621
5394
8510
7839
416193
16588
137839
13078
65056
295092
10758
5937
321902
132292
6075
7677
176944
5650
10847
6274
12231
12492
8334
6345
10191
256422
7102
133984
321526
128860
54864
445230
4495
67519
116853
2929
210409
14283
12152
10145
3573
311833
7010
8741
560455
10996
43334
13688
17703
110585
170259
10540
422999
38642
8549
431288
5672
6934
9416
718038
223601
11263
178258
113482
10285
9770
67143
7655
67113
10944
498457
18294
15992
10581
10316
11917
12948
9090
4431
106459
9346
14221
11490
6207
8099
11660
12384
3102
85850
11711
10295
28837
13660
10960
3586
157708
2580
5055
3934
6155
11810
67173
498941
6633
786786
10639
7583
456231
6378
170634
144928
807727
133728
305062
750713
3095
348018
130498
12815
10822
12138
174851
7544
383717
6816
8638
275537
4528
360949
6544
10645
10257
379541
232213
10627
12572
130820
9318
9379
10142
63059
12585
133238
228183
524387
7393
12164
5980
302133
7462
169794
8230
8500
13209
9654
278896
9897
9496
10497
607810
56113
11788
267529
5770
7643
5333
7864
30045
10646
11024
7884
5399
521787
14407
8908
19200
13904
6754
7188
394750
5299
13537
64535
18530
12532
34209
133313
13420
1503281
108979
12235
959376
32997
130069
254115
14678
238080
11034
3920
10700
588810
11108
7406
12665
186984
20178
15981
56719
10227
27935
9255
36143
28085
365120
7714
132509
9870
156158
12357
89413
48944
578564
4250
10802
203192
3767
12766
10600
114065
10197
17645
198032
775525
309729
9621
4246
11168
9605
110175
8224
8446
6401
10369
11116
14493
12349
316695
1549513
10870
6129
12801
7313
5953
155894
14486
11332
424015
756545
11126
12286
6274
8950
13682
13205
13274
105869
246295
9015
181371
120379
278581
13079
8828
9819
115221
194352
12656
441379
14740
9312
405925
480504
11825
5283
161209
274860
305372
11903
70317
11802
6877
14008
14040
306915
12239
13262
7215
12944
19465
242031
9445
5509
7119
11034
235721
452589
13723
3432
8348
69186
216235
8255
7053
13233
159406
5775
9761
7129
9424
117024
9478
8429
9922
5884
3817
5319
9762
5422
282635
