299109
222225
5700
16421
13719
12080
17910
193263
14735
1079080
13213
5662
42420
309248
11751
4740
8141
5727
8081
13433
287040
10157
13005
8000
13580
11165
105333
4533
252450
9269
5312
14582
11459
1064425
13840
8471
681750
1248785
8255
6361
7151
82261
253083
10054
9340
265945
86920
10481
12996
6192
622970
152603
8681
535902
104808
108750
199723
2015729
6142
534483
314820
79651
11964
392149
16738
5711
12110
12363
8387
61544
191335
7230
232098
105686
83055
143207
1900015
13544
16459
8301
188875
16810
11829
572402
3089
175825
171473
9268
10283
209930
1463162
6681
3237
10298
13882
95282
7050
1223800
7095
11363
714171
127291
16913
353176
1303980
5299
70543
7624
12346
15454
66397
210348
14742
13756
15389
9534
11433
871939
8584
566569
11668
14809
5788
17234
487388
9128
7807
9862
6190
12135
12049
7146
8237
8603
7986
9598
11912
8320
12499
16279
11034
4291
11391
8697
167987
2509
9307
896326
15444
13895
161949
7295
59095
7109
10441
34657
10201
15308
5174
150236
69679
141396
278436
11216
13080
11158
17570
11899
8784
9491
7440
8480
14634
9008
11168
6329
8514
479179
11172
13083
254440
72658
7602
14281
588173
449325
11287
9786
13528
12557
77785
13811
363782
252326
14111
7444
132498
11097
145651
5872
14097
543719
7871
15517
12326
13345
19047
10758
7215
3644
197734
5102
218062
146876
12342
9307
7006
6549
1586054
11206
5702
12825
13118
6992
10771
5769
492993
5198
15207
412577
11165
5057
9293
132939
6593
3832
7305
12623
13065
14431
14141
9185
9377
10253
169228
185567
167954
804357
461794
391422
7762
64800
80502
8077
108115
11494
304189
631516
1500296
15291
13613
12373
9235
6359
7440
84412
13274
951213
68153
84551
4636
9352
11708
266249
219036
82524
12926
30746
270663
10588
9622
9070
207942
13433
13551
699644
7376
1009317
15591
5471
4468
11340
121792
295203
163759
959074
115902
13322
6902
8178
231050
5509
11287
13327
10600
132723
7132
3931
837997
11765
178614
413868
303334
12334
7515
13328
139753
39638
16349
7420
10157
13730
8876
560301
351975
6645
9375
16995
8282
861943
181317
189809
167338
161527
15726
93530
11985
10730
8776
16822
7268
5915
164384
11482
11980
436589
10428
127123
307800
11465
14322
13397
11497
5327
183552
65559
85539
7791
12233
135846
8560
10176
17798
16868
12124
8504
7747
146010
9097
8867
89653
15840
11843
9279
12612
87069
205358
12929
11795
3888
11722
213033
6252
11753
122174
10528
12169
270475
444050
7321
12170
1072680
5342
4580
9738
6318
455301
8582
208164
14119
613274
10330
479708
18209
9702
9309
13343
289621
653630
12464
111262
11248
76378
14694
12586
579299
13541
5435
367284
4771
8492
15106
245747
964720
93642
13019
10198
475320
217375
162399
14038
219497
14121
14252
182433
7494
9354
9972
9947
9871
12540
162125
11932
14587
4899
6969
138144
13202
10265
116271
130238
116364
10997
7763
10942
8455
11270
10065
7561
8386
189132
3891
125994
7519
8842
250875
947017
16258
100302
11788
7940
15172
689107
12521
11973
403621
2793
7630
10535
185917
15488
12209
12871
8069
12519
13407
5558
788878
12182
6504
8586
266605
7931
7731
8471
404727
8439
8620
10401
6338
236094
13074
10024
14608
219298
564315
10061
5910
10196
13609
124304
7919
12453
60215
14469
282176
2462966
8021
14012
876417
5286
8101
404452
11474
11288
11484
8912
56177
5570
4418
10631
11742
3903
476135
11506
31912
3049
6802
10958
14158
48911
420614
9483
176942
512127
2776
282417
7994
11143
7957
14693
176450
525558
9243
11282
7402
7307
388946
8374
6967
516046
427506
8796
9057
12267
13561
16414
7530
7604
12920
14444
663109
95801
13326
16179
10232
10426
127137
9405
11034
114682
12348
16058
7565
7297
9988
324438
701776
10627
15762
4568
278480
502458
86344
11645
90531
5160
285113
4369
245597
49200
4634
9545
94875
479150
7207
364971
13966
1233957
11453
263888
336210
209875
11040
109503
3941
9802
15289
4789
7566
6985
366633
4254
10281
7299
5545
11930
16280
4683
625335
239878
5637
11655
15148
8448
14142
13818
7669
76571
117282
10592
4762
322307
57798
7651
13587
411410
10628
524442
14190
244161
506834
11425
26938
9264
8772
17425
9529
6811
8393
9783
78683
27980
9208
6842
8230
526166
248910
10377
7301
9495
467319
10301
3986
15078
9312
19265
18001
11897
11997
424120
13253
11802
4363
14182
479489
5629
11969
180156
53671
6610
13386
8833
9608
254572
12039
8996
7640
15313
130369
19362
88188
730817
7617
7836
10221
11598
9931
10804
13697
396247
15016
200395
9143
14913
81719
83350
9808
10753
6685
11582
85591
6084
12370
11061
13784
10693
6566
9495
28089
498764
11798
10590
684226
14152
765913
10654
11593
200014
435410
147315
1739577
7192
11077
16706
4408
476788
316602
119171
8213
12516
320781
10868
9953
14870
106691
480737
6297
288055
306316
304171
10833
121620
188111
11041
718556
399719
10189
180719
857410
149120
10385
1035147
472155
257205
13217
12194
10247
18863
370506
860121
8818
16361
17377
23497
9354
299442
10278
12725
12841
7652
11260
10488
7944
59961
1062090
3475
467014
8181
94795
10372
7475
12534
59108
144354
8374
40106
611152
9948
9558
7371
1981419
554984
222258
11871
16167
269596
7975
13392
10559
456165
7793
400452
160362
15970
8166
9376
5192
7061
8451
12063
9993
14242
6308
6000
171313
99749
229354
86350
58863
5486
4855
13322
9590
5679
9475
4394
3501
5478
12795
312703
7677
14085
476549
6500
7747
12601
6671
311339
324132
3765
3967
10102
8283
7221
358573
6320
6522
292197
14183
98332
179326
13718
11627
11398
5683
13643
11049
12211
13886
1180001
7192
85444
16031
15848
19985
6362
7696
4177
16009
9852
7229
15462
18836
15658
11017
559589
16927
753008
5949
155075
17021
6980
14815
9263
5960
6687
12342
11365
9807
10975
7846
385335
10770
6149
282434
943078
117701
610339
9376
120720
9885
450328
195384
41705
70318
4894
5904
101903
20691
6256
15014
11120
344621
8145
4671
186474
14989
4465
8429
6465
12901
7749
179900
79600
214408
228660
8019
7062
12978
162456
103674
328502
155915
12870
12949
9833
229616
13636
12277
152014
13452
7932
6353
13934
9539
124145
155531
9743
140933
15636
248834
13252
29630
678395
12100
9705
90883
5046
12123
165041
161008
15717
358660
14523
15909
46134
14579
4741
153609
4632
177074
10726
213597
434593
230966
634937
871751
141682
11935
