7970
66762
12682
448893
15994
20278
287003
560268
5731
262031
11939
47506
334963
17443
134351
14214
19819
10797
15776
548522
17528
13715
17844
572860
9366
6823
8859
366793
7183
17767
252918
425399
12611
7676
1348593
19133
16178
9355
13488
925280
83457
297224
1301865
20168
13281
437857
328715
13010
16411
21937
22651
15524
5201
7637
24052
1214460
22216
129875
13940
276656
316787
949433
16982
13017
20602
11120
348413
371507
481207
376774
17931
19372
7635
9516
567027
6001
202349
77835
9064
10483
12857
7303
738711
911993
16974
490090
495063
16801
17270
17968
13792
7314
355846
13245
472419
12693
18374
18051
15081
88559
14939
704659
266756
9094
14339
248157
123167
114610
11654
12583
273408
18341
9062
12057
220821
691359
397447
19874
745561
1688036
16655
107793
48627
8763
6444
77337
8200
18624
6822
14755
405990
102011
46590
17312
5553
16594
7598
12834
6675
16944
13940
5245
12666
12135
8358
142634
450208
115644
9035
20117
17296
14381
705028
7591
97229
17493
15978
18144
605853
11138
6734
388270
12855
13354
1123888
16544
566233
13760
19107
21584
290833
322220
8671
6518
9911
14034
16503
54874
18981
9145
11001
20331
15195
10561
11709
22422
536601
16852
24036
1346141
14531
12266
1252662
11281
17732
50441
13374
7974
7207
459531
9517
383946
17152
14829
120180
965984
23207
14260
14800
16788
13554
18298
674774
23848
9697
16834
15742
395087
265504
17855
207501
18798
18388
19569
485310
7708
10142
1249071
7434
6686
169227
18754
23279
17164
17684
16310
12206
6976
15950
6351
9772
12554
301708
22905
18897
608838
301361
7748
19456
22421
21387
328966
19490
8303
589290
10493
689251
709005
8316
196434
22301
19147
14735
824631
329686
10071
397733
110320
414727
18820
12792
11475
17776
17909
19971
1048994
51356
479276
8160
498155
7568
17875
12606
25805
23046
19323
17015
14999
13279
14229
18965
1522714
187844
19600
132577
18528
456427
16509
4957
16688
17688
21290
685123
15023
20465
22972
21835
339638
10472
15491
705880
17350
112893
989118
19282
14418
14880
440382
119050
283337
15511
354877
8817
65787
15167
10679
565226
19266
8562
19824
455330
18330
12532
18856
9032
20667
272331
224851
13033
236015
10627
21146
22114
12111
150799
400639
323346
10819
10271
18605
13006
17169
19093
16873
925883
25898
54823
15843
13337
12468
4279
11862
19268
19522
120887
17445
456987
14074
5067
152964
8829
13254
13666
962513
978688
15877
6810
1938739
20895
7267
1127420
8682
17607
205822
7282
14730
227429
274448
24496
18966
213945
160874
495326
9052
356915
5940
10208
15466
122845
13347
1087738
7780
434152
10277
5763
381949
15927
9611
552198
19617
16351
12920
10562
635066
11053
395652
7885
11544
197561
20091
456164
575876
14664
191232
16041
18950
54101
211574
101297
19642
403192
500108
10821
626269
5834
7801
3314
354681
16845
17971
212377
20555
12813
12479
19306
20368
18861
417951
15556
645420
269604
17921
19064
828414
6468
17484
564305
13095
17893
18547
12821
15834
13413
9655
9417
67672
11345
10712
10452
13055
3960
10069
15991
185651
8807
8380
25517
10318
478329
674612
15363
8147
1186037
270202
12270
12544
238491
809801
616486
5555
6876
391010
67433
194538
12927
7527
71820
23989
12688
12344
21572
267446
2077577
106083
113379
12174
251416
519544
16309
293691
17161
14012
4604
16211
5444
1284379
12330
129707
11289
175362
16002
8118
1134265
14036
25587
9286
11028
11093
196678
5350
15208
22415
8611
13040
2133577
17839
19562
8971
11047
22679
19040
10982
208587
13336
11792
18882
23362
15020
16134
155429
584827
17880
7999
14804
9978
360605
5309
18158
16801
11843
12775
132974
11105
483751
17028
13815
15420
13858
17430
9710
97607
308240
14833
16546
9628
14809
18075
15523
1446010
65828
20264
109657
287877
18160
488211
402542
8457
139295
25513
7226
71812
8534
87774
420051
12780
326067
16304
17630
251345
272427
20913
11873
13397
8502
14726
16832
481447
6048
9509
15269
526686
13871
9757
16212
202144
21316
13098
10374
8823
283305
548012
15788
19025
22797
162413
8765
14008
8824
12051
10660
296162
16053
52825
19315
7842
11939
104442
18191
12001
13491
405218
9830
13005
1791024
15705
14458
25006
16554
10894
21332
16115
8898
17312
775750
492795
78345
12836
16152
14608
6613
320548
295550
145155
510866
21842
7536
578675
13515
735083
136969
217300
12347
44967
619331
675717
10929
17904
5045
158271
524079
12355
799063
39549
245164
372349
18730
15962
207005
18756
1223198
19996
758826
389702
666492
11949
318183
55310
10528
100465
41176
23568
22710
19196
396635
6495
18100
9505
12434
190715
19048
18425
585068
174690
7285
626994
15590
6939
8964
24249
16338
20501
13266
7758
15798
12994
188028
304918
8231
10015
13090
557404
85046
53748
11319
10259
21123
498504
11640
4018
6431
91224
21712
9516
17359
58263
9398
26928
876859
11019
7494
17363
9575
17742
8848
749971
20554
511577
12668
647525
21777
18631
18346
11887
191996
7128
22080
8110
650688
410437
133612
18410
17105
21338
18882
10569
14545
281720
11844
19808
15897
14515
137108
16631
18888
29867
320643
14026
212287
115419
15885
906284
19669
16973
1655325
915172
894969
10206
15010
444752
4566
731403
146520
19991
188567
313757
24643
12592
1989920
11177
6156
12945
569240
13967
18772
10006
19317
232055
1212281
11601
53376
15909
299423
13195
227525
376289
7513
304147
24931
11817
13453
20310
573956
15884
16632
24229
18823
19808
19348
7122
17731
1318451
14401
1645066
16581
9250
7169
162980
12495
937279
29952
7193
121248
1124065
882288
745635
15546
16717
13734
12733
21779
11760
228434
14339
252856
368088
106112
18829
788491
14740
632285
454665
19068
17925
285143
22326
293042
184071
540997
455040
20968
13724
13100
19462
20203
16572
216437
15808
140447
10176
21893
441552
11946
1125455
205992
16399
6523
16931
11528
11503
970413
12166
11536
12655
534887
10375
1079890
238002
2239004
13856
16141
21381
1071046
5612
59772
75599
525886
6275
20145
15817
893884
115885
302193
80768
17573
7253
9783
10950
22859
8001
935379
11392
22037
41771
398455
13187
88702
874134
167448
1022722
9072
20256
12078
12374
1511131
17000
411707
9135
1144679
17030
19127
9909
13382
859124
14365
19478
470861
13239
644323
16779
6092
6934
18472
162615
22948
402762
6204
31574
10764
277812
20010
162508
424081
9506
23042
8514
23670
1318126
50547
275152
7271
7641
20790
551945
16623
14602
10719
457738
16593
1035080
8363
306579
14387
16731
96401
15820
9100
185573
96845
1642595
13988
