335096
849387
16952
19332
12618
15353
16136
15487
7824
12109
17115
120846
15310
21100
793708
353828
7207
21276
17621
184393
18577
7863
13754
18284
998523
7611
9655
12292
278557
1096950
465522
14009
21155
467944
280921
18305
8474
7091
59414
12978
14530
373323
15630
12051
5982
14158
21869
11902
7784
582458
268556
11064
20481
20070
385929
53545
12987
476730
6354
181056
16727
891631
13389
10455
807965
6582
86660
18250
192529
175906
361119
17404
9938
6066
10471
102179
20336
14783
276726
16104
281934
13728
99982
21718
10538
20272
427063
377531
357578
1665939
20246
11966
21386
22433
98038
8330
18004
909402
957051
137765
5218
8966
22635
6555
13940
275848
5265
14278
13054
9527
31848
162912
15079
16633
227620
16061
17843
344935
17190
6099
304372
299734
11950
13625
170576
7911
6466
21144
4281
21836
46315
14845
164521
742652
11379
7913
10726
7945
21228
10455
18332
344821
12846
2989
6663
14211
17125
13614
206769
23444
627194
310095
19568
674021
231819
362231
7160
16184
290877
14028
6262
11275
9186
12690
512503
18382
68841
1264861
7423
15315
19742
8922
57898
474772
1003555
345354
656958
198217
17310
332204
20286
382061
16449
18277
14621
22578
24830
10331
21368
15605
566663
11471
21413
18477
835356
20433
150109
15648
19559
24596
16191
19821
16403
341733
11634
147624
19948
19198
15949
9968
9737
275540
16320
15062
399372
11754
15323
18315
12954
210960
12105
375731
7617
12231
284954
3214
19126
26459
62963
409223
10003
22604
19492
6299
11199
285723
14225
15347
246805
13252
10977
17348
133169
12524
9309
1123929
1021434
14233
10497
8534
14767
9269
11775
173942
266363
21423
1164563
15949
194691
185416
277788
17473
17622
13986
17091
81939
815677
13293
16505
15659
10638
15323
9067
408739
10167
15148
15381
384139
19827
18542
5583
8233
12734
696374
14673
15012
16486
154651
14523
16105
772794
18052
21390
22215
17699
100275
472783
22560
83873
452413
16516
303932
873326
220487
13065
303741
16059
14971
12090
177448
12547
16452
865031
12425
17098
12885
21780
18128
19848
19863
630599
557889
10180
209450
398556
13676
14889
15158
375433
18569
16309
19726
621469
9238
16267
11607
274310
12537
74385
216469
13481
13345
22631
19309
9953
17853
10990
12109
63132
12538
16882
11148
76829
4834
271077
10542
8037
15947
18803
6417
7593
121386
9229
15806
16611
290021
49435
15089
16634
752186
102653
14524
179584
16874
754189
12665
6920
11121
304734
211100
22185
11053
18071
16344
11358
175548
134956
22965
9356
11135
21115
83989
14166
13925
479827
19249
14112
257221
11417
846512
13790
12555
5415
13099
18436
14868
13337
18005
17418
16909
1560193
14235
211935
107898
22795
17832
15686
839012
15700
15014
11565
651191
17382
12239
12159
84513
10716
475891
3783
980591
22609
11672
174011
14773
217546
543068
9031
16229
8451
6464
23515
14968
13599
12286
233274
18236
14848
11533
12175
13549
32651
12773
146190
15405
677714
13656
17777
13756
17365
20682
18169
205212
357877
13651
6312
17332
7647
246248
5720
452809
195835
11964
804868
16401
19870
10831
20182
10429
16490
15818
1434062
12857
14801
7742
7280
160435
71857
1164327
18062
10964
14783
16458
26790
327604
16023
6252
9291
14950
10444
15920
408261
13986
8582
272818
136515
21606
409218
206035
9565
19984
231302
16600
16851
305395
12753
16701
6023
22471
8289
1477634
49642
11294
111592
191863
8515
11596
105361
8783
12622
9611
19474
17374
324923
14019
16303
928279
11221
1130394
13991
11856
19683
13857
13269
221482
13074
110790
10807
14058
235377
13670
12778
8693
321139
23395
426735
19238
9471
14818
11815
271846
7977
15052
15346
8291
17894
20849
18409
13720
344771
331031
11870
814425
9722
12960
13303
47777
6264
13678
20254
41029
16911
77124
1087330
15322
144125
7227
6824
16614
119063
16573
372147
9468
142973
517558
329047
74365
13589
82071
741170
400913
419692
16029
1231272
348802
12570
394274
17852
9608
10823
15440
16176
8680
224800
30458
292243
13898
4195
162950
207586
16439
20866
17458
265744
13973
6203
11388
11670
120234
15065
10485
7565
443594
19657
173196
5315
15335
17831
175712
700526
251828
224232
142201
10939
356786
17973
16154
12485
410194
17759
9685
8547
18448
6456
32107
139321
14656
173418
413830
16740
14182
19213
415241
26969
15617
1181198
9723
92429
9346
7121
10809
16823
7171
15501
23544
6965
25340
746646
664640
3094
11421
6469
17084
19073
18679
315496
14262
10015
8679
811162
152497
12991
17361
99423
520108
263663
232086
463002
11928
207294
15231
8324
233735
254401
19041
20342
8649
174360
13208
630630
13455
191191
13469
7584
11822
6643
15041
1164670
1149324
346460
15889
741982
14352
18580
1980181
568597
1703656
34673
449632
947369
16289
18662
9899
7963
1532688
890163
534362
11985
16045
6972
170070
5459
23721
126783
430835
10449
8106
15503
1020204
12069
7136
13128
547164
9137
427173
123517
559282
11769
1225375
556185
58302
17527
8908
172460
97399
16930
23140
13636
1007465
4801
194440
15338
6383
78716
178653
12979
12836
919118
10491
418116
18286
19922
102344
10672
16845
13504
16475
82821
12066
171490
4055
11406
20784
16382
12711
10820
217783
14157
832759
15588
19192
14613
11062
279492
25676
12352
11720
19670
18942
13193
22533
14278
8852
12316
11971
23115
613106
15831
21884
11763
12572
58800
18141
37552
66381
20635
15849
17508
631688
2224196
782552
157886
7350
6428
12760
14409
17881
22897
555107
10190
17064
1115568
9880
374041
6094
572240
429613
17844
98369
14048
540479
20495
19928
9532
5060
6546
9269
52391
435174
6103
14656
10969
9772
14677
22735
16530
16555
19691
9160
13380
10083
1163131
16997
13559
2861
1404764
8317
799073
9006
18704
6204
585404
370262
560427
19893
10469
1007050
17854
15205
22314
14100
20321
63748
19093
152261
14311
696789
19972
12166
892080
15122
15288
11583
12011
10586
14896
353946
10202
571589
487604
7351
12428
12522
103279
7568
4802509
12086
13096
17500
14362
21622
481828
15755
13908
226863
13258
823861
12212
17848
366215
175331
14062
23858
16934
24974
656420
13988
13060
15896
17779
19090
594139
82235
21531
13322
7951
9162
19201
228737
369542
15662
248494
96917
9431
839655
15399
21990
189978
284416
555146
909950
16666
15842
334427
238117
53177
8367
15795
17486
17406
10419
236332
455022
29103
7372
9321
19647
146519
11576
23036
484850
5239
400450
20210
19320
12154
5680
7956
10099
9716
18870
733106
727777
13956
19644
15145
180378
808732
309058
11753
148659
