14600
21669
28127
21176
100351
22001
6592
37960
503355
22337
24323
10840
351601
141804
301058
11065
156284
398972
17746
13705
14734
248316
16752
17582
6756
16461
13661
385917
146554
613271
307693
275153
1707175
15448
11469
6643
296841
25134
340423
983744
21042
307758
19372
7642
814179
14702
145612
12003
60367
12145
11377
18740
539308
428107
14491
15630
15162
5935
220551
18217
9909
18882
13570
25704
21818
129888
14050
19818
12847
10570
21624
820357
1342284
13578
18801
337607
11494
164758
9732
19363
21708
22085
331470
14203
22585
22102
1656018
658558
20449
20684
18163
842132
14944
14139
20985
801820
904764
19057
19530
7361
19114
147401
3276554
18393
989763
18237
535409
9002
260359
1090140
17922
25181
18210
16389
148370
9988
12447
9164
20092
17389
17143
92710
19651
22388
7369
19741
12196
1084096
24986
11921
15305
500385
278447
21586
19728
9596
974675
1350189
726312
19569
18250
759799
21059
11651
12277
151665
20864
22472
5182
376988
766280
586436
14096
403552
495202
24812
21888
24798
11255
20001
17890
20241
24371
919698
8265
123529
257701
24629
25046
15747
17258
125517
26023
11941
13668
12146
262883
149412
15961
15550
16468
22804
14286
28497
9012
6137
14884
16948
20298
260954
27873
19600
95822
13999
13153
17274
20862
11763
18003
11428
453605
17060
24479
20228
13854
16915
22677
467979
15627
16628
13457
7633
158812
296169
18161
6497
20965
122303
1748352
19704
18686
17807
65918
4549
13467
338338
289638
14964
20144
13979
13478
6467
23685
10891
138394
258762
20591
23094
102415
919214
7204
24389
17394
18778
13700
25126
19679
26183
7656
562494
19041
18751
22668
190653
12714
12096
19793
15909
25345
27273
376209
12559
688773
25412
17953
57947
77070
145703
17005
8922
16187
8963
13082
11512
14310
13599
13524
20781
10536
19000
7305
19852
616636
21744
7826
755902
733061
226776
22657
11369
711287
16496
18408
346471
508240
6934
12176
27488
12460
356869
14476
24497
387779
10716
9453
225076
9724
25957
14133
17143
12557
20937
585973
6748
21609
10832
13364
78132
682062
12075
1631145
8291
18830
45242
15816
431576
197768
20572
11322
8158
1013951
16769
16942
314534
543816
299771
17076
11575
26972
22774
24183
334944
306236
47292
55288
17100
15628
16360
15002
15596
1015155
23072
815532
17559
1656850
18449
15544
1059682
27273
16049
27285
300696
17278
5446
7312
350194
400740
489164
16963
6417
9852
15199
16564
542679
23653
20957
19407
32663
24375
14501
14802
81299
12957
14694
8955
13185
265183
8328
479728
15016
397852
291467
746111
23278
15649
1054831
18759
18984
1732965
182805
799455
658123
23562
1864965
11161
1575091
165314
8253
22175
261534
341679
8808
282166
406790
21671
23533
185653
1033557
16455
354242
19829
11348
8108
9464
557749
19547
19961
9710
12547
20159
17365
13351
378523
18369
357788
449404
91326
23691
18714
100481
1174312
15903
9280
15271
19965
907246
1551640
12748
533408
11777
24656
11296
181123
8198
10883
8622
12356
22114
545160
1224103
21644
19556
782606
320479
21625
16262
8838
13848
18725
14958
15273
24937
17678
14392
19701
22378
15354
522841
1219092
16437
263100
13331
634997
15301
15735
9675
20332
15181
891130
21403
7053
8165
13490
19395
15324
329005
12957
9160
21195
15713
18432
15215
960336
6894
78830
14055
12755
15307
98549
19146
745938
25743
19057
11496
20106
19803
21675
14503
23290
25614
117360
6586
21470
4450
438903
25070
15524
13925
24075
534226
11517
15477
16938
20981
14572
21478
21265
16762
16596
200920
110516
20258
9523
936237
23534
331633
1235053
19174
350321
31559
511351
714729
488772
19402
11115
13888
15887
16560
279284
10463
10733
19560
252111
21696
610058
2911572
12522
23136
942058
15088
11444
508949
64259
19437
1082043
157414
18397
22133
21488
16762
6871
1354276
11239
23579
13083
19935
19928
14933
5638
266805
5873
16974
12263
11813
12429
14924
150598
8741
103734
97403
18818
21260
11610
170472
178243
15472
900928
24641
20501
22187
206311
179204
149358
18012
16331
84345
10779
10804
21425
19119
369567
11181
25283
817305
1411520
19914
8851
13255
26669
11880
150631
19023
19638
22114
18282
166126
15175
21820
9329
22419
12557
142182
13894
7536
10474
1354138
23437
15296
9724
18857
1748121
216308
645978
18545
17708
2693129
1337883
5105
394449
354459
45738
113511
24928
10981
13088
152810
127162
6789
22165
7923
8828
21349
10293
15889
17754
14854
289583
524717
14828
12441
15787
62932
18009
20515
19902
104771
16779
16453
26108
20558
22394
1119568
112610
18424
13136
64650
7858
14314
12166
18422
18955
542803
20123
266291
35661
20270
9026
113945
723163
12470
14225
13437
19234
23469
16717
21579
13866
19846
15098
1300865
735348
18204
300674
1151806
196557
142098
6153
20069
8862
14473
113235
19724
18618
794958
30401
24867
10570
25633
7786
23881
622484
12796
282777
7308
30493
12053
13562
18258
134322
13713
19160
14518
581130
539042
17407
355197
22743
15569
419677
25667
15805
25800
12879
18347
23111
7937
817322
324758
24309
15080
12862
13993
5017
677397
17125
13679
12177
7129
1383519
173465
1059426
541795
29103
18234
804345
15884
14819
11921
16604
14192
17422
6363
15928
366559
99256
13637
24296
9084
15694
12550
24088
18656
14809
18840
20221
14247
1095748
164931
382930
223727
8131
854447
9503
22356
12318
11760
20141
6436
479266
24568
16890
172356
14023
22298
23687
97938
20369
429183
13080
18734
640449
543691
547882
16511
19379
23270
6534
101741
12243
15617
117475
186803
485322
16223
10462
199053
1497314
551502
22853
9016
89318
91788
17863
21897
949031
17342
174321
19271
16410
19273
616939
768473
28568
21952
82535
705385
357405
24606
933698
12242
748587
12408
5061
18323
13248
20920
98019
251323
5547
17392
12880
23291
16066
22166
16852
14337
17492
565240
641761
24677
547382
117986
27639
23467
15371
8998
24214
21148
20674
10993
12734
18640
15845
26144
8776
19372
19137
7263
14028
12984
21908
16117
436982
842336
5815
11739
10374
283430
1291819
22854
9327
15426
20620
49230
6960
15229
26742
18626
19526
21591
47124
23299
183361
1038775
139296
498638
554080
13228
642924
19908
20989
13595
14824
54895
863309
255136
19923
15930
1152771
634434
8550
3415
154346
17446
18803
17377
47005
331606
12963
8813
100530
18860
18824
635862
12938
407403
7583
346015
173428
16406
118323
748596
8966
50035
731363
27086
30154
136249
28811
240726
777683
735599
18299
28677
8901
401631
51175
21594
441685
18750
16904
528475
20230
12287
9993
23296
57306
636179
23172
16899
