8615
18762
10538
1012652
22004
14129
427780
16699
10192
1138117
599830
767510
19377
16218
11790
24490
8590
20399
17633
13077
27990
546503
22498
21055
21168
521431
492878
18719
18609
8321
19155
16930
692167
1125131
301213
27966
36364
808758
9606
73337
30110
715875
1222634
396731
17097
11406
90105
356461
14988
843457
22132
13357
78053
21527
462531
17567
23730
19866
288881
30253
13530
24860
374411
309242
151311
13267
320688
52607
582465
7579
18098
23832
23569
27567
20502
18457
11234
237865
247872
17548
586873
19851
21419
14562
16651
18026
234435
13173
14193
37572
10026
12111
14784
14655
31004
773225
791127
10724
64314
18165
132501
851609
275609
114401
24294
1159127
20488
22114
24982
17333
976270
231612
21452
19509
271394
23397
23457
25887
17444
11885
22540
10059
651153
15824
11621
14454
15692
114677
21096
12350
19862
559023
741471
7097
20043
19925
281520
658806
16314
1243800
13880
16564
20676
13358
29597
1654287
10140
12290
18882
303394
9728
10824
11338
405294
12887
19466
221501
21715
11633
30758
16648
127143
20374
11593
14373
1176538
16344
24168
11740
373891
12520
4280
18456
524812
168430
14783
51751
833060
16790
460995
850809
19718
21477
313440
16433
7544
18515
10805
10579
1600822
7690
15394
333228
9668
123996
6185
21572
310883
18514
1623571
1798876
133787
15648
6411
303994
1021190
22580
140056
16560
364915
18116
9611
20350
21634
12352
22162
12551
9813
9626
12178
14980
231123
13967
16194
17013
321131
14823
16163
264464
784006
82259
328505
20912
17877
10383
16023
11194
16535
23579
295744
288663
77915
11655
11840
19523
360140
848176
9950
28072
9280
26318
13106
816182
16697
9227
869071
382684
152637
234146
15644
8237
11666
17675
10691
19563
19838
359231
21365
19963
668602
18598
22995
20634
20993
14294
15038
20973
1062564
7482
285452
300582
15479
17452
17286
545009
19015
24524
15621
17675
30442
13016
22606
653936
17212
8962
545504
3727
10739
19102
19446
24459
21750
8172
23309
17351
31289
90760
14997
165427
105941
131948
8351
20854
408069
68275
21238
563234
23622
1365102
14200
337109
19290
23497
801509
134178
12688
15907
91419
20379
15523
699039
14187
13079
9961
237509
6551
15875
90232
17954
27978
259310
16741
12152
13374
17843
7522
12112
351712
313135
728193
689530
15995
23051
279350
593138
227750
12763
19754
9274
7031
27236
1324877
20368
14286
20864
26963
222540
724787
9776
15721
55104
20254
334464
1310325
334552
12405
17590
19201
325446
826770
498023
1168855
21221
18055
14715
485129
347664
14717
16050
12016
9515
8274
208167
66530
535883
14900
504437
21784
108709
4163
383630
2276178
391658
210816
18483
384481
15590
14208
6676
16105
409894
8375
19239
6550
25040
793153
9249
17810
813891
354551
28716
18828
12849
783112
14849
24108
5112
25240
948989
185229
143162
291491
40630
16265
13006
59479
5547
906829
21666
739604
459860
15784
19541
25201
143315
14975
20248
95039
17491
215025
1585000
348313
15531
76234
9115
11556
22174
251969
15889
188003
890979
725517
20611
10567
18910
21654
970006
12614
16534
58705
1561616
514645
15054
238483
21346
15739
15300
8567
14687
19511
95019
422465
47184
11671
12010
218880
23165
20848
161748
735716
833645
18429
612975
15081
682649
11272
16086
755244
8071
150805
258627
19142
27349
23361
2632592
16372
21149
20041
198373
17529
22121
22246
108901
25141
732172
149941
25126
15021
433990
2185282
1742280
9311
19155
924281
14520
11569
13638
23633
24152
13315
12191
133595
20596
22287
15416
27813
89420
17949
267866
1007640
170769
12969
18953
13855
315971
16363
21597
17266
18960
19514
15313
23338
110954
1579361
5837
5978
330949
61437
734372
727543
17041
508990
1081463
20172
83351
312417
14457
26227
10005
17899
27086
12500
18709
15145
438909
24362
298084
709627
10228
10024
17756
12629
25606
10611
378016
6718
12561
22466
14818
393883
217581
5788
19548
19531
21569
16080
217271
10433
223221
10864
15986
67013
402022
17242
15507
495970
21696
12056
1111682
2366886
18361
677757
18090
19962
769867
367010
292728
548093
755867
16339
8173
13303
19568
23885
310547
59698
19795
12830
820303
872442
24140
1020761
231951
76456
18243
887844
20444
22826
27816
6964
19042
13127
19920
16905
9320
7376
15385
13758
12572
24467
229889
16698
13188
7885
426825
12154
23122
35040
20549
18307
92845
9342
31043
16795
11381
7312
120255
332741
14661
23913
13165
338619
15848
19233
14061
29925
23360
517229
364911
84949
348904
16273
141582
26580
101437
14028
20112
15580
106949
214172
16879
8087
15154
18660
8365
1888628
19428
119156
296470
5924
19815
19682
170305
1126949
17970
21934
19148
17644
27937
13628
12487
16548
12922
368302
14305
16133
342387
24570
179963
22740
365147
454284
18461
596145
20192
12486
10297
10787
295869
18891
21002
15759
17335
299141
55069
21501
456078
14887
642140
182768
11992
478100
177858
1072338
17151
19613
950571
12941
17020
11319
18742
14678
94890
654456
13535
2538124
17568
637418
10283
21612
13206
32878
12745
6787
820312
22219
22332
1466067
7979
1151731
22192
232469
29384
27013
168468
25098
7090
14090
22525
26655
20832
11292
18206
12597
15770
19848
12045
19165
10263
16000
14944
11177
632429
332485
18715
20941
18465
10104
12857
29406
134449
545076
19752
17859
2028198
23336
15516
1683346
27898
17258
130489
18998
543937
456945
1534111
439345
10718
13104
25352
30435
17583
85570
17791
22110
13797
4787
1442265
743519
11042
15551
6086
15405
14909
15794
23267
15956
11098
21651
196836
10535
100131
6487
15200
24882
11313
1517638
394847
18634
166578
231038
162187
24802
19960
114799
68234
310141
337805
14854
295827
22158
21066
14976
11561
574283
661591
7559
19839
1064880
459448
751526
18612
256308
977666
2439363
134294
21891
1259883
21710
20895
8774
18768
22074
572736
636649
16830
15993
330637
907558
26814
436255
9161
25562
461257
22957
24501
162602
32504
20324
20401
11098
98821
7626
17929
14747
14740
559618
10808
18878
19673
15757
23675
19339
468312
334009
1247287
154372
10762
18034
6979
146347
17614
1420332
14871
29331
22084
21880
6086
357925
72898
14472
22484
18341
7975
1573087
17449
19593
13932
21289
18349
493836
22814
904931
10242
22653
11418
16986
490964
16620
9741
109467
18041
14441
20546
10949
23253
18993
102840
17325
1090566
18133
349838
23729
22456
12788
21606
293768
19593
10893
864923
7217
30992
18792
21074
15803
19867
20268
371070
21337
22036
11930
13707
10393
261341
18154
12021
6426
175399
46096
17900
349589
403019
25571
6470
100207
166650
17437
912269
15548
20808
941217
