8991
9870
7638
3691
4266
3181
8898
3886
7983
7594
4689
3708
8478
7782
3112
9414
9928
3387
7381
5160
6601
5118
9887
7052
4664
6578
6494
8738
8330
6697
3378
3601
8027
9458
9406
8612
8137
7473
9497
7291
7013
3924
7755
8359
8568
9489
7580
4539
5568
2938
6982
6861
5706
7369
6292
8486
6369
9912
6483
8313
7775
2430
3053
5825
2907
7714
5023
4868
7733
3952
9402
7824
9709
6563
6243
7586
3656
6581
9362
5926
9427
6082
3831
9258
8342
7465
6300
6481
8989
9592
5539
7069
2272
2993
7174
9243
6219
3841
9849
4360
3500
2343
7359
6329
7024
2434
9292
5141
5799
9721
6547
8514
6597
4586
3649
9008
4360
8455
7743
7676
2130
3586
9397
7368
4547
4352
4765
6032
8406
9757
5508
8380
7171
6137
8155
5775
4598
5164
3443
5278
5381
4228
8528
6219
7930
3085
6766
4133
6308
7534
7140
9811
7410
6532
9868
8396
3216
6143
5142
5900
9588
5540
8214
6554
7764
8177
6803
8265
5958
9618
8655
6143
4498
8848
5219
4137
8292
9289
5203
6964
7681
8948
7199
2530
3124
7456
7974
6180
4230
9408
7599
9320
7580
9914
8357
8521
7617
6759
4539
7248
4569
6607
9724
7172
8678
7325
6462
2742
3183
9779
5086
8637
7727
9240
8220
9328
9788
3820
7878
7543
4682
9493
6877
5156
8654
6881
4233
2728
4040
7128
9632
3452
2802
7769
9531
4761
5833
5238
8490
7284
8774
5521
9260
6202
4481
3271
6056
8663
6709
5994
3845
7091
2892
8837
3809
9781
8939
8203
9864
7327
4283
7288
6804
3983
9656
6387
7450
3473
6251
5585
2423
9264
9718
7560
9161
2212
2771
6696
8875
8432
3842
6649
4950
7429
3274
8836
7721
5393
5183
4797
6949
5546
7516
5722
7715
8770
4923
3789
5758
6783
4653
3799
3061
3810
5498
7610
6200
8878
6929
5846
6944
3191
6272
5626
4544
9372
7029
4900
9076
6285
4119
4440
4092
5372
4404
9614
7292
7370
8357
7197
8657
7163
7818
9408
5932
8298
7430
4469
8725
5400
7986
5878
2595
4230
7703
3098
7436
3121
6836
5160
7230
5471
7358
6336
2970
9097
7827
6389
3707
8095
9102
5618
6439
6967
6540
8848
3359
4062
7163
2957
1896
3858
4217
4688
5833
6994
6717
8962
6901
8923
6588
5789
6391
8103
6707
7368
9828
8007
5757
3689
6453
4538
7717
8345
9802
5904
5938
6533
2190
5820
4532
2988
6168
3296
7607
2770
3325
7665
9909
8173
7911
9217
3942
3073
8967
9711
4716
9229
3803
3853
7145
4655
4511
9319
5148
6746
3243
7874
9907
3848
6670
4226
2136
9088
6981
7316
6203
3385
6895
8427
6080
5500
4694
6085
6482
5984
9148
4045
6254
8071
9271
7730
4444
5138
7961
2254
8882
5441
7663
5556
9164
4973
7935
4119
4676
8161
9276
5987
2242
2884
6532
3677
5297
5969
5195
8059
8802
6870
7724
4966
9966
5556
3965
5311
5446
7138
7697
7344
6318
9813
9368
8166
4958
8054
2629
9331
7524
4572
7513
7985
2996
9470
4567
6801
7901
7961
2887
9374
5645
6382
2768
4352
7506
7640
1854
7095
6357
7048
5897
7206
6284
3796
4524
6556
7814
7985
9801
5880
7831
4886
6157
9680
5629
8983
6369
5226
6821
7087
4850
4756
8001
5292
5724
3759
9469
2045
3190
6763
7045
4683
8236
5550
5673
7543
6098
7395
9890
6065
6010
5648
5961
7009
4249
8241
7110
4839
8898
5251
7924
6782
7779
1636
9853
4018
7752
7825
6602
8300
9967
2586
7698
8631
9338
7909
7747
7632
3320
7517
5781
2591
9699
4346
9051
7733
3554
4461
8994
9451
4826
8298
6581
7195
8493
6900
6332
4217
5399
8875
9850
7171
7894
9975
8842
9731
4179
2244
9855
7524
7610
4656
5059
5902
9463
9510
7730
9614
6295
4641
5686
5407
6598
5817
6300
7035
5092
5271
5762
3080
8266
7131
3856
5993
3196
8422
2599
1930
6210
8998
6693
8694
9018
5555
7251
6302
6581
3751
9108
5610
4983
5975
8248
3853
7700
3399
5573
3430
9489
2300
8465
4943
4010
6898
8443
6668
6501
2513
8840
8516
9834
5588
4702
7831
8261
6773
3894
8348
3131
6218
9871
5819
8854
6890
4695
9049
7099
3749
4672
7315
1542
4986
3243
7059
5624
3480
6149
8318
6195
2368
7875
7416
8736
8186
6748
7801
9404
8708
4270
9806
7823
7145
4042
9900
8161
8972
4988
7715
4972
5837
6159
8224
4249
2696
9028
8476
6444
9970
8805
8075
5852
7715
9156
3924
4016
7720
5579
6214
6331
9070
9018
7716
5707
3698
7998
2832
4401
6447
7452
4166
8496
6130
7021
2017
8688
5778
9019
2381
2177
9200
5428
2751
8761
8503
9575
7004
2304
7041
7244
9329
9092
8279
6680
8255
3618
8869
8793
8490
8809
9541
9552
9162
5434
4278
7926
7213
4549
7233
9989
3815
4049
8938
8829
5874
5341
4793
6545
8884
6776
3586
2776
7653
7773
3650
6919
7531
5013
3677
3682
8670
2385
5813
4998
7090
3668
6769
5834
7873
9427
5959
6675
5507
9633
5673
6086
3658
9773
7203
6412
5836
8712
7820
6957
7030
3689
5214
4573
7063
5162
5242
8988
3367
9256
8215
3044
9213
4724
3233
6992
7771
7620
7891
6661
5416
7855
4038
6182
4190
6666
8490
7112
1919
8983
6646
6201
7066
4890
2565
2715
2246
9996
3763
8290
8455
9381
9331
5513
5021
6816
7458
9607
5324
9450
9971
7685
3729
8822
4970
9463
8499
7613
7438
4095
8736
7773
2187
8158
7417
5535
8610
5533
6707
5421
6471
4463
4008
5299
6400
5716
7734
3222
5141
7701
8093
7687
3909
6351
7887
7249
6042
5492
7522
9552
5315
4025
8728
1837
5898
5864
3135
4400
9327
6609
4920
5590
5046
5073
5428
7918
3020
3441
5197
7155
9601
2783
4622
9647
5049
8535
9239
6070
4977
5567
8917
6070
4840
9890
5670
8719
1942
7540
8662
4231
6696
6541
1639
5052
4963
9477
3851
8601
2795
6292
6570
5589
6825
5008
7255
5330
7637
5052
9175
9783
6667
4791
5317
4207
5365
8736
8060
1793
5276
6655
7754
9407
7770
7435
5563
5533
8603
5374
6851
8014
5720
4575
3240
6748
4474
9593
6903
9544
9397
2341
9249
9757
4416
6726
7842
7325
4526
6919
4268
9143
6406
8533
6096
3945
2476
7148
1555
9777
7023
6955
4557
8456
5329
8086
8456
2564
8160
2807
9449
5053
7559
3873
6562
6233
8890
8576
5692
8153
8464
9057
6631
5759
5828
4020
4726
9642
3546
4869
7808
9635
8683
6134
8798
8757
8733
5976
3596
2344
7800
5338
5195
6684
7306
3937
6716
7898
3605
8182
8653
5923
6978
7144
9181
9684
7130
8969
8161
4915
2540
9660
9482
7127
8066
9305
3974
4622
5769
8045
4876
3248
6442
9599
2547
7129
5576
8036
7492
9405
4987
9835
2366
8579
9411
7607
2050
4866
8303
8517
6205
5473
4188
8410
6386
4713
5147
7329
8995
9238
8446
7488
3210
9788
7597
9167
7339
5925
7940
3919
7102
6138
3476
6040
4957
7898
8591
6954
5758
9758
5291
6154
7669
4312
9845
9958
5071
8119
8534
7417
5348
2023
5983
7305
3554
7500
9964
8090
7088
6326
4732
6746
2995
9179
8484
4101
6719
2817
7817
8752
3113
7942
4251
5868
4965
9705
9403
3244
4212
8968
8034
6894
4879
5242
6205
5261
9518
4651
8818
2807
8015
8352
5052
4332
7166
5440
8299
7289
7711
8009
6417
4840
6409
4325
7550
7741
4149
6256
7813
1628
3323
2507
8133
9872
5097
5406
6774
2897
7711
4928
7948
4045
8246
3054
8218
8764
7994
7491
3301
9948
4961
7998
8083
4598
4124
5002
4522
5916
5632
3678
4702
2317
7515
4346
9343
8808
8355
8713
6661
6183
3354
4696
8606
9661
6701
7600
9415
7503
5727
8484
6689
5894
4299
4196
7813
7063
6625
9876
2821
9038
8786
5264
5562
7915
6076
8819
3825
7236
5025
6669
7881
8855
9265
8256
7096
5266
9377
4721
4647
7633
7821
4988
7388
8362
3606
4054
6488
7502
6420
4051
8866
4787
3425
5542
9564
4143
9915
8274
8464
9548
3827
8013
7156
5939
6451
8755
8296
5304
4775
5808
9750
8791
4218
5740
7248
3371
5059
9128
6441
8667
9644
8575
5913
6187
5755
6485
8723
9623
5238
3282
6580
6805
4985
8891
2102
3354
4266
9720
3986
5057
4263
7062
7268
5536
9372
8323
8886
5204
6651
9932
1117
6592
6737
9221
4220
8415
5551
6316
8138
5099
9157
5537
9752
4156
7219
5000
7190
9533
8861
8799
2370
5988
3640
9364
8637
6265
4490
4919
7214
2941
5442
3620
3803
8750
5899
4819
8013
8312
7470
6127
6144
7930
7737
7069
4566
6905
4943
4647
5667
9183
7269
5571
8405
9572
9661
5559
6423
9720
5583
4240
4533
7007
7434
5968
6251
9679
6412
3835
9797
5198
6075
7055
3948
5475
6631
8929
5761
4162
4731
6391
2968
2813
5348
7549
8913
4588
5742
4171
6421
8119
7168
5375
3402
6260
6160
3380
6587
8610
4507
7978
4515
7016
6866
7118
2937
8196
5161
3831
5882
5766
7764
6637
9518
8329
7486
3892
9372
6169
8241
6161
8844
6860
5744
7510
8017
6817
8206
5890
9969
5627
5770
5475
1949
7509
8368
3505
5381
2127
8234
3110
5449
7939
7716
8472
9430
7104
5579
4947
3287
6229
5482
5888
7182
7874
5155
5258
9573
8808
9613
4378
4824
3200
8088
8225
1941
5721
9554
2580
8145
6808
3459
8112
7929
8205
8405
6247
8743
5330
1882
7444
2061
6470
9940
4820
8076
5556
6681
3782
7274
6032
6756
7343
9970
8547
5241
7735
2294
7550
9127
4998
8075
6361
2785
8505
5431
4640
4426
4489
6699
3175
6875
8027
7177
4123
8358
3374
9001
2902
5067
6802
6379
3519
9706
8872
8743
7667
5944
4347
4164
7259
3879
7321
6191
2315
8933
4593
6983
9456
9457
9392
6778
5624
6453
8148
6577
3361
5596
9337
8863
5681
7846
7928
4908
4147
8579
7689
5898
7775
2607
8236
5464
4598
4769
8223
7304
9879
1246
9403
8285
6576
8793
9270
8919
8877
6895
7954
9951
7977
6876
9162
4050
7032
7379
5141
3922
5738
5669
9314
5490
7071
7741
7520
5837
6889
7282
4974
8091
5153
4200
7723
3880
8159
4998
5310
5595
5511
9166
4635
2829
9032
4336
6117
9989
8945
6108
9512
4295
7109
5647
5708
9876
7531
7439
9285
6360
9479
3040
4593
4476
5819
9059
3425
4746
3613
9492
6514
5713
7128
7257
3896
9263
9931
8014
7004
6509
8338
5867
9323
7032
3254
7197
9365
8538
5231
5607
7546
4744
4714
9053
4185
2538
6694
7796
9907
6589
7958
4043
4223
5091
9190
8394
7186
4837
2360
5206
4232
4464
5783
2956
5853
3605
8429
8767
1374
5120
4932
8478
5340
4988
1806
6157
9312
8380
7926
5058
3875
4824
6820
2972
8188
5124
6528
3346
9510
6116
8534
7955
8112
4916
3884
8786
2872
5033
8524
6174
8163
8615
7950
6536
7459
4707
7155
4696
8140
8751
8088
3206
2568
6236
4289
5259
5655
3155
9642
5180
5338
8743
7281
2790
5127
9633
8503
6280
9991
4134
5883
6970
7140
6505
4211
4033
3220
1511
8350
8553
4450
4023
9288
2538
4238
8447
8635
2387
4693
7320
7145
5497
7196
5527
6514
2670
9422
9842
5597
6339
4894
1807
2563
5715
3978
4765
5147
6614
3198
2951
4766
8296
9411
9491
5994
8360
2274
8185
4290
8409
6708
9988
4752
6243
5915
4329
6990
1901
7451
7508
8790
3104
5312
8206
8024
7653
6425
8405
7396
7617
6657
5163
9956
8484
4838
7620
6477
6092
6524
9062
8674
6128
7777
6083
6020
1817
1535
3823
5167
5946
5930
5897
8611
7728
9268
2568
4302
7982
4737
5137
7111
7251
8598
6432
6166
2844
5862
6912
4053
1903
8154
6890
5131
4317
6477
7700
6392
3795
6865
8192
5121
4992
5204
5739
8356
9380
6751
9149
9927
3821
7599
8202
7060
9583
7740
8517
3825
6256
8343
6074
4309
4321
2658
9236
2175
5969
1916
5841
4838
3985
7318
7937
9373
3386
4573
6409
9702
7586
9331
5319
6541
8105
8039
7336
8820
8125
5842
6864
7789
8733
7572
9766
8549
6507
3141
5757
6885
4722
5261
7680
9325
7921
6855
7766
8474
4045
8639
6414
3955
7869
7824
6884
9715
7671
9384
7524
7175
5304
8172
9860
6135
8754
7427
7716
7181
8554
6944
6761
7976
5782
7515
7164
6094
7943
4900
1861
6493
3315
4680
9072
4885
6863
5201
8103
9218
4467
7140
1568
5684
7962
6453
5594
6497
5745
8730
8020
4437
8322
6025
5120
7612
9366
5391
7582
8395
5211
8371
7333
9283
7185
4468
6128
8693
3594
9570
3923
2550
4467
6202
6303
9541
8563
9934
5223
6836
4865
5467
8668
7443
3193
8041
8889
8235
8040
1601
9275
8068
7291
4395
6805
7289
8452
7803
5252
6494
9672
7086
5911
6253
8073
7430
6331
6021
9703
5068
4015
7021
3162
6380
7900
7048
4807
9618
2640
6106
2086
1222
8777
4951
4618
6266
8240
4855
6706
1838
7356
7863
2725
7150
5521
6376
7759
9814
7909
9001
4926
7286
5524
9674
5787
3122
5403
6173
8980
8977
5841
7672
5361
2994
5445
8136
4215
7650
5510
7830
4988
8033
6134
5704
5819
8722
6895
4554
7261
8453
7441
7292
5915
7515
4502
4688
4475
4255
1678
8119
7303
9323
9068
8208
6176
9327
5448
8751
4614
5319
3379
7981
7002
8357
5343
5369
9797
1969
9018
3159
8908
3655
5219
9080
1590
6980
8634
6939
4718
6824
8610
7725
6643
8678
9709
6047
7557
4482
8973
8085
5840
4333
2671
3948
7389
8253
3244
8041
5931
5480
3614
5167
8064
8144
9933
4161
5013
6104
9655
6457
6318
5681
6323
8939
8039
7853
7376
3826
5456
4271
5507
8192
4633
2928
9996
3560
6610
7014
5015
5140
8669
7650
6819
7544
8210
5102
7751
9055
9399
2413
7176
5674
5684
6895
8638
6173
2729
5160
7623
5818
7009
8266
7477
5500
7105
8288
3018
3536
5857
6309
3737
5190
4579
7144
8926
7166
9193
5442
6496
9685
5563
3394
5694
6199
7662
8013
2837
6859
4336
5688
6062
7627
6831
3918
3168
7972
3156
7866
4798
3758
9647
6972
3998
9421
8045
7462
2819
3185
7863
6805
8420
4183
9765
9949
4033
5438
5728
6274
5437
7058
5080
7752
3350
4820
6535
7896
8258
6197
3775
5426
8576
4647
5236
6792
6804
9656
8511
7818
5931
4815
3564
4405
8133
7346
7784
4726
7083
8653
4244
6682
5415
8959
3216
9028
6831
6502
5765
9012
4640
8528
5269
5938
7273
7204
6704
6735
4965
4651
6505
7120
8322
4400
5104
8680
5415
7158
4501
9476
7623
2934
5227
6730
4264
7206
3835
5339
5452
5328
9791
6610
8529
7546
7157
6864
9508
6360
9671
8655
8751
5582
8715
5138
2627
2202
8014
4144
6818
9503
6261
7903
6555
6545
9529
9423
7860
4262
3049
3163
6404
9314
9093
7923
4342
6827
9163
6430
2505
6746
4890
3806
8599
8650
7764
8175
6933
5543
9038
4998
5485
1306
3154
8519
9136
3870
8653
2753
5478
9076
7609
8591
5165
6420
3878
7614
8204
3490
8009
5134
7750
1942
3737
5456
7782
7065
6500
4177
8964
6901
8967
2164
7423
9479
5386
3249
8331
4760
8585
6372
6886
8042
4352
9448
4052
7767
2988
4200
7189
4681
4216
9408
7431
5905
8354
9209
8738
8549
5847
2332
7237
6600
5253
7908
9909
3864
5683
5199
7298
9382
9140
9321
7555
6979
8389
5037
7679
7070
9608
9146
3152
5651
6467
4214
2561
6863
4871
5118
5911
9211
8974
3318
4721
9930
8162
6091
3392
1579
9946
7648
9715
8340
7663
6468
9467
6961
6597
5544
8411
2843
7797
9043
6286
6477
8771
5522
3524
5597
3483
4893
8825
8194
2496
8579
3935
4961
6650
5139
1963
2042
7349
8795
6409
3576
6870
9209
6247
2485
2387
8207
6211
9231
9557
8922
4298
7972
6515
9545
6276
4733
5616
2802
8125
3227
7345
3413
6820
8202
7625
4440
5485
9509
5921
6556
9108
9968
8682
5514
7983
7752
5929
7431
5508
8114
7302
8763
2080
7924
6552
9843
6909
5834
8472
8355
6029
4522
5926
9541
8900
4989
6343
3471
3410
9192
5123
730
7349
5796
4430
9741
5106
3152
3934
3009
8310
6118
5022
4566
6651
6860
3913
8904
3867
3834
8943
3516
7284
8980
6449
6071
4727
7713
5424
7327
5586
7334
3864
7488
1911
4148
9567
8444
8234
9875
8435
7691
9302
7546
6566
4904
4865
4157
9011
5150
4006
8736
8070
4842
6563
7616
5877
3687
5417
9403
9839
7103
6615
3221
9259
5759
5647
2260
9732
8346
7381
7064
5589
4663
7369
4123
5567
6952
4363
7273
1894
7554
4949
7568
3869
8838
7974
7159
8440
6507
5391
8364
6087
7624
9538
7901
9757
6133
6322
3982
4264
7665
5559
8318
4922
5602
7967
5913
9988
9489
4122
6831
5421
9831
7150
6047
9635
6851
7682
5127
5239
2309
7027
4324
6584
8611
1463
6639
2847
3907
8089
3703
8356
4652
7504
6681
4063
6520
6280
7983
2855
7202
9701
9574
4652
7492
7674
6931
5324
9794
7910
6381
2708
7847
8923
8325
6624
7955
6833
8236
4958
4482
3017
7064
8675
9275
8102
7300
6656
9420
2529
8397
5705
5951
2001
6590
8522
5647
5162
4556
8019
9251
8240
5664
5532
6161
3111
5691
5501
6170
5583
4922
7117
7134
8566
5523
3581
5453
5933
6082
7492
8776
6209
6203
7449
2194
6861
5364
5160
8175
6829
4828
4562
8550
8211
6922
8528
7396
4596
4365
8033
2583
6687
4317
6418
8065
2717
4748
8379
7621
7224
8555
7918
6132
8101
5930
3056
9370
6568
9309
6836
7906
2299
8254
5472
7773
8068
9309
3925
7300
8212
3437
7437
5040
5584
8391
4517
3412
3332
5484
4121
9242
4099
3737
2455
9439
5771
4078
9637
3361
3110
6367
8696
5782
6578
5241
8325
6096
5654
7761
1934
5996
4054
5748
5761
6586
4999
6091
7180
5579
7366
2375
8873
5113
8545
4283
7517
6465
6686
3376
6861
8922
7521
9801
7044
8209
7404
8299
5889
8079
9366
9623
9816
9570
8842
2375
3797
9822
5863
9280
9068
7748
5753
4603
4586
5137
7567
7567
7492
5673
5284
3379
3866
4183
3747
4440
8024
3509
6195
9239
4312
3790
7068
9469
7304
8293
2712
5593
6634
7776
6366
3546
5501
9701
3417
5060
7424
5680
8323
5921
4897
7078
5712
9234
7381
3590
9903
8739
7920
5375
1906
3518
3342
8798
4323
4502
1973
6765
8261
6346
3734
2608
8560
3677
2595
6735
7918
7257
3986
6646
3091
8386
5974
5832
3990
9848
7661
5350
2720
4109
5781
6609
8481
6542
3028
2520
2719
2879
6699
3313
5645
6160
4615
8055
5922
2255
4804
7155
7655
8272
5406
6979
9229
9543
6640
7951
2245
5013
8733
2805
6572
6471
6638
9682
8732
8106
7985
6726
8660
7742
7959
6796
8599
9030
4947
7787
7521
8733
4078
8558
7353
4055
5401
6851
7811
3475
4931
5225
4431
9652
6809
4086
7609
4682
3154
6419
2176
4340
8287
5842
2310
3279
3590
9292
3897
9632
8330
1830
8214
3817
8852
9274
5225
5791
9298
6901
8611
8774
5812
4939
4842
6747
6661
3767
9075
7046
6821
7779
6041
3270
6769
8951
7678
5877
3502
6880
5676
7526
5455
2068
6472
7635
8641
8864
4354
5104
5686
5934
8657
6713
6065
4009
7343
4053
2515
1221
4011
7954
8862
3219
8156
6678
4170
9737
3643
7417
4714
2489
8565
5456
4513
4517
6856
7838
7760
5508
3914
1023
7899
7745
9956
5854
2594
6093
4843
9833
6526
9886
7257
8388
6945
7047
5376
8773
5845
6308
5640
5584
8500
9763
6988
6276
4873
7287
8510
3691
2318
7767
7652
7893
7877
8072
9763
6857
8553
8840
8052
4300
8796
8289
9985
5411
5674
6327
4939
8019
7805
4810
5045
8328
3276
4781
3513
9042
7999
6822
8605
7208
5042
8966
7611
7638
7024
6015
6387
6270
7370
7317
7557
2913
9850
4028
8415
6138
8142
4334
4989
6434
9795
3378
7267
3640
7313
6909
7943
5696
3788
9982
8661
9553
4864
6935
5397
6487
5723
7026
5764
9005
2987
2728
6921
3931
4771
6721
3471
5363
7360
3099
8728
6221
9438
8087
4472
6819
4244
6874
2747
4262
3054
8920
2259
9305
8585
7849
8779
3903
6954
5750
6999
4932
5701
9874
7310
9822
8034
6836
8271
3493
7864
3726
8968
4980
8135
7266
4177
4933
2554
9055
4288
7694
4663
5489
3280
2519
8379
9900
2496
6446
4892
6628
7826
5680
2932
2839
6776
8626
9198
8610
6568
8372
9701
7234
6812
3498
6658
6285
9862
3449
7547
7190
7308
7282
3791
7555
2300
9083
6006
9040
8596
7731
6580
1771
4644
8195
4410
2841
4465
2235
8290
7062
3550
2173
5439
8858
5660
5478
4376
8912
6363
7303
6830
9069
6013
8293
5471
7118
2981
7687
4009
1760
6685
7444
9940
6887
4628
3413
6135
6901
6764
9312
2783
8080
6684
8881
8503
4050
8647
9530
9727
6860
7185
9213
3686
8173
3890
6917
7974
3204
8765
3234
7483
9059
6662
8499
7204
4785
7494
8843
9147
7789
3460
6880
6184
7586
1793
3077
4492
9590
6026
5881
5812
5124
4019
9580
6168
9426
7287
6579
6158
7131
5284
4919
6293
4574
5483
6629
1451
9329
4327
7298
7692
9314
8867
9990
8879
5463
7520
3570
6551
5516
9394
5460
6795
2942
7258
5459
9679
6518
9260
5923
4887
6124
6958
7109
3932
4599
3531
9056
6525
5985
3244
8460
9015
7890
8158
9244
4928
4910
3626
9288
8618
7122
6901
4410
4978
6709
8230
8804
5831
6983
7011
7660
4806
8162
4921
7569
7070
7774
3242
3710
5380
8186
9208
7700
7726
9772
2856
5124
6769
7543
9441
8552
4689
4091
9363
2922
4407
7838
9396
9982
4061
3654
4290
6796
9308
9385
5475
9801
3984
7479
3890
5088
3878
8529
5383
5902
6600
4034
2952
8031
6811
6551
6876
6738
7557
9005
7181
8452
7594
8160
4578
8056
5848
7908
7927
5568
5251
8630
8593
9666
2780
4062
5796
6958
2901
8916
9445
7305
6947
5936
8670
9186
9048
7170
4992
9871
5014
7547
9785
4474
8377
7731
6030
4513
9056
7245
7890
7833
6154
5093
8780
5067
4448
6751
8362
9429
6132
7939
5504
6522
6109
7437
4966
7237
6537
4433
3948
5198
5466
9886
4849
9178
4155
8773
7634
8998
7836
3808
7145
9134
9915
4556
7495
7293
4588
5081
8025
2597
7183
4044
7694
8321
8994
9289
5662
7323
9351
2867
8446
3344
6795
6264
7623
1856
8220
6894
5346
4211
7515
5742
2776
4347
6638
8003
8151
4294
9457
8836
9889
8296
2545
7447
2555
3680
5338
4074
7154
2943
5482
9489
3959
6841
8846
7777
6028
4452
7744
1334
4880
2597
6184
5194
4225
3277
9709
7551
9747
3214
7181
9794
5176
3199
4019
5848
5686
2225
8417
7558
9507
8354
5722
5443
9362
3525
4573
8719
5161
7204
8066
6227
5480
8990
9088
3566
3467
8657
7268
8000
8377
3730
9079
7825
9745
4075
5970
9888
9031
8787
1800
5704
9543
9252
8644
5524
4978
5923
5114
9249
3294
3057
2564
7193
8106
7317
6171
6976
6443
5836
9246
6770
5792
6800
6618
6680
6670
7125
4510
3235
4610
7078
4778
6314
3409
7454
7867
9137
4005
2382
7023
8165
8607
9120
3596
9031
6602
3859
3883
5352
5511
8983
7063
6917
4021
5305
9026
5330
6472
6712
9847
7621
3904
6149
6181
8665
5724
8809
4600
7583
7198
7222
8205
9330
7490
4385
1378
6750
6632
6529
7940
9520
5826
4054
3110
9748
4063
6236
7213
4791
8172
7537
8184
5601
4603
7001
7345
9148
9049
5420
8167
8204
6498
4722
6574
4978
4513
8529
4133
8764
6820
6101
3220
4368
7269
8161
9383
5482
2671
6370
6631
1505
8023
8425
7603
7338
9930
3656
5929
7880
2481
9356
8257
9739
6126
5810
8120
4161
6874
6513
6123
7627
8441
8001
8747
6184
9584
3811
7535
7496
6691
8884
8456
2283
5532
4808
3464
2395
7322
7776
6119
6656
3800
9907
7016
5771
9565
7752
6970
3169
6281
8611
6917
3503
9138
9092
8577
4487
9643
9455
3226
3324
6063
7975
4345
6792
9475
5472
5873
9732
3765
5009
6918
2769
8365
4991
7515
6061
6301
6918
8293
5715
9608
3958
6554
6643
2672
5631
9310
2802
4327
8535
6636
6479
8585
6871
4509
6780
7933
7800
5057
3195
3578
5400
9373
9799
5378
7349
6208
2895
5227
7960
5811
6292
3672
7819
6667
7767
4097
5744
9162
8373
7804
2933
6996
6932
3361
7986
6736
4395
5600
9239
3873
8756
7237
9373
7265
7024
6169
4258
8964
7414
4955
9018
2325
8441
2692
3131
5976
6565
7731
7235
9523
5260
3637
9119
8328
1720
9613
8541
9805
7450
9212
8144
9531
8882
1959
7622
8526
6206
5061
8717
8637
7739
3437
9619
8060
9453
5660
3819
9252
3445
9178
7764
5516
5263
5259
7012
6854
4933
6361
3114
9876
4846
8555
7397
7567
7755
5834
6391
3446
3583
2353
7265
6987
8909
7909
5332
4980
3292
9675
9874
8218
6902
5521
4653
8372
4381
5878
4510
4792
2290
9915
7152
5920
7887
5326
7323
3771
7204
2575
8582
5256
4898
5353
3757
7108
5332
8768
4757
5862
7030
9911
4985
2914
5759
7581
9347
6888
2611
1219
5623
8790
4255
8429
2158
6035
8293
3029
8337
9491
6414
3481
7299
5976
3754
8924
3972
7038
3928
8808
6915
7228
7114
9416
4217
6236
8936
3062
6693
4743
8084
2914
7099
3252
1112
9293
8494
6708
8779
7510
4433
7746
5198
7556
2406
4000
2173
7183
5527
9648
6935
8425
8932
8594
3081
8333
6634
5078
3621
3825
7349
4462
4386
6211
9431
6034
9294
5891
8334
7597
4013
5737
5045
6220
6255
9404
8196
1260
3992
4319
3677
2703
8770
1672
9665
6857
5784
6844
3956
3698
4705
5915
6892
6595
3118
8204
4472
8777
9139
2811
4638
7470
3774
7644
4224
4830
3856
8175
9727
4573
4530
6035
7953
5345
9475
2135
6636
5359
7329
6962
3289
5573
8787
6705
8542
4243
8147
9214
8916
2024
8441
9729
4452
4176
2098
7743
9276
2018
4642
1780
3340
7624
4819
9170
4733
6643
3685
4191
3628
3256
2665
9599
5486
6972
5998
4830
6175
3101
7028
5561
8742
5270
5002
3705
7820
2951
7961
5974
6049
4805
7382
7555
5535
4349
7384
2074
8981
6494
2806
3445
3674
7163
9870
6125
5566
6462
7504
9591
8865
5159
6328
3840
9029
5994
3574
4695
8359
9048
5782
3240
8102
4881
9651
9662
8302
7885
8156
9270
4266
3997
2628
5650
7666
4988
6870
9315
5823
6931
5148
4891
4525
4924
5537
6151
8461
4769
7904
5540
5556
7963
7621
4772
7617
8615
5822
8367
9451
4551
6048
6210
6579
7777
7411
9131
3117
8622
8921
6777
6295
9806
2893
9699
5603
6624
6749
6371
6725
4013
3537
8463
5777
8693
7529
6200
3494
7043
9436
6389
9991
8782
7651
8554
7430
8045
5085
2276
5190
6862
6982
5263
4693
4641
7901
7151
5063
9307
2511
4527
8804
4230
9184
7617
7513
7894
6174
8868
9497
7784
5175
6640
4627
5423
8789
3398
5549
7329
2764
5538
4702
4727
5938
4426
3056
8882
5020
3639
7129
8765
3949
7729
6648
2187
8167
3117
4545
8654
6369
7070
6211
5763
4688
7517
6695
7704
9683
9133
7014
5243
8452
9858
6949
9413
8576
6732
6514
7527
7169
5074
3010
7484
8321
8911
3297
7737
6242
8563
4945
8998
7347
7006
5531
8118
5739
4609
7469
8557
2828
6330
7555
6170
6687
5897
8359
9075
8114
6845
9118
3944
4310
7738
3039
6517
5066
7380
6825
8224
5620
7543
8792
9610
9883
5915
3524
8503
7420
3071
8519
7557
5971
7943
8052
8419
5160
8679
8509
4704
5181
3098
4903
9487
8681
3250
5193
2915
6097
3030
3782
4880
8881
5370
5925
9150
3937
2342
6220
4043
7810
2007
6233
8395
4246
3847
7136
3285
7202
4242
9123
6965
6570
6511
8950
7396
5627
7109
7451
5328
4561
4445
6337
3986
6268
5046
4885
4885
5910
3989
7543
9414
8517
4301
6386
8381
6635
9371
6677
6834
7660
7577
9507
7574
6897
4765
7946
5852
3505
8783
8807
8214
7527
9813
1589
7218
5009
5754
6213
7270
8648
8913
2627
4704
5852
8620
2325
6580
7065
6055
2180
7277
5351
4511
7257
2682
5611
8516
5980
7671
5581
8008
6374
6301
7953
9877
5962
7453
8936
4724
7774
8332
8621
8190
4379
5628
5013
4057
6056
8079
9705
6496
5800
6041
8822
6832
6164
8217
3531
6833
9981
7223
8775
9270
2681
9668
9511
5455
3074
9431
7470
4979
4508
7562
6793
3938
6638
8707
5410
9935
5405
5352
6691
5648
7142
3577
9769
7661
3199
6611
6427
8678
9267
7756
3900
5012
8462
3914
3688
7587
4461
7232
6714
2430
7270
7039
8623
4653
5675
4701
9779
5077
5590
9718
7779
3537
5896
7850
5890
7723
4706
3942
3113
6198
9137
2198
6699
9386
6310
8325
3366
6355
7899
8310
7581
9301
7646
5871
7606
8450
2643
5343
4163
8819
9431
9891
7223
5112
6855
8047
5738
6819
4201
4214
8918
5884
4569
9102
2459
8303
8972
4106
5689
2123
3204
3835
7873
6341
3514
6445
6657
8192
2929
2503
7588
5019
5140
5968
5610
7005
4866
3945
1603
5624
7662
9613
8007
5297
9822
3301
9851
5990
6245
8702
8490
8608
3687
5187
7651
4703
2499
8235
8835
3355
4531
5965
5942
6890
4427
9462
4893
7757
3354
3932
2218
8884
5204
9676
3222
5691
5949
4084
7641
2810
6544
8489
5292
7551
5074
2429
3854
5221
5722
5020
9120
6657
4446
8177
9190
3602
6385
9929
9748
7651
9921
8530
8210
3894
8108
3630
7131
8349
5997
7394
4688
8065
6770
8840
8948
3705
6912
8843
8370
8748
9134
6360
4786
6621
8603
4566
9236
6144
5766
6617
5555
5254
4202
4699
4535
4915
9895
7297
6587
7498
3030
8549
9646
4135
8345
5378
9094
9693
7879
2474
9459
9661
2818
2795
6113
6304
7287
7984
3588
8902
6972
7300
5481
4887
9163
7250
4055
4892
9721
6958
7933
8508
9220
8320
3990
5960
5663
9528
8015
7871
7961
6517
5183
8562
7566
7602
5094
8190
3788
6077
8089
7071
4185
6505
9062
6192
5839
1639
9199
4441
2655
7934
7017
6903
7089
4629
8049
8548
3909
9052
9457
9635
4879
4576
7504
6585
7534
6243
6010
7292
8229
3138
1876
8470
6403
9587
6933
5944
6307
6808
2918
4957
7426
6985
1403
2884
9829
6013
5306
5282
8769
9679
9011
7231
4526
9921
8539
6018
4595
5581
8816
7096
1885
8439
3372
5707
7825
5803
7643
9138
6898
3060
8083
9519
3079
7935
7356
6965
5830
6608
6535
5950
4003
8664
3072
7653
8276
3446
7652
5444
7346
9683
6003
9770
4556
9431
5400
7757
2105
3730
7827
5553
3707
5935
6285
3714
9799
7810
9238
6643
5145
9195
7842
6989
2385
6166
7467
9110
4709
2239
7599
6500
5391
1159
6900
8135
6879
6885
2881
6851
4457
9926
8159
8179
3310
8596
6963
3045
8047
8956
8562
7633
5558
8214
5515
8442
9963
9321
7389
6548
4643
6084
9101
9884
3612
5370
2023
9960
7672
7329
6123
4273
8185
1680
6910
4627
5949
8798
7653
6061
7803
9773
4670
9352
4315
5526
7135
1859
9266
7698
5036
6070
4547
4241
7950
5457
6847
4198
5056
9801
9178
6695
5768
4910
1941
5198
4992
2530
4321
6885
7923
8232
6010
7456
3376
5063
3604
7746
5083
7816
6648
8143
7031
9116
9829
9987
5539
7439
6842
6596
8676
7493
7662
5315
7557
8395
5555
7451
7072
3108
8435
6030
8204
3050
5381
4618
4792
3406
1967
7049
8884
9066
4257
5016
8912
7127
6392
4471
6062
7396
8793
6720
7754
5234
3920
5922
3669
5855
7061
6152
7247
3575
8193
7353
5664
4697
5607
4171
8779
2994
4790
7663
8379
7917
3149
3943
9625
6777
6207
9567
3390
3521
7977
6161
9315
7095
2470
9667
3265
8181
8256
5936
7750
4341
1822
6269
6119
7827
7830
3033
9668
2376
3800
5920
8012
7283
5659
5335
5045
9204
6079
6161
4708
5248
5518
7231
7357
2777
7122
6691
5496
8384
5992
8320
5852
3868
7997
7835
8512
7025
5548
7565
6092
7601
5337
6060
3124
6748
3584
5886
8228
7082
6696
4040
4296
3424
2070
4959
6657
8232
5806
5602
7129
5716
2384
4670
9636
3175
6833
7191
4097
6713
6390
7397
3126
4508
8350
6082
5921
9971
6971
9222
8034
5187
8580
6526
4084
9465
8547
8001
4860
7428
5778
8970
7638
5096
4947
6190
9267
5165
5591
7691
7312
8867
8956
5018
6903
3619
5933
5982
1986
5003
9393
7663
4599
5217
8681
8110
6764
7148
4223
6629
6592
7389
4059
5873
3895
3332
6850
8197
4547
5394
8939
5345
2813
2516
4822
4707
5061
4405
5655
2947
4342
6857
5889
4317
8878
7887
7280
3224
8194
4415
7911
3336
5490
6789
9247
2590
5550
5216
7512
4399
6216
9273
9496
5833
7486
7646
6497
6543
4494
7444
3822
6782
8035
6285
5248
5637
4979
6956
3881
8692
2626
9768
9230
8520
8221
3583
8990
7621
6902
7669
9523
5717
4607
8025
3989
7838
2436
5683
8729
6000
5573
7348
6989
5303
7232
8312
9070
4116
6129
7661
4702
7499
7562
6882
4351
7423
8618
8148
3336
6044
3996
6249
7575
7639
5398
6675
3423
3974
3587
7099
4409
8342
6516
5177
4532
5519
5521
7057
7623
4119
4775
7865
9258
9920
7666
5591
5935
8946
9100
5407
9532
6859
9905
9406
3436
6806
8092
7345
4955
7856
9597
6724
8012
3433
6423
4760
9529
6069
7745
5325
6577
3563
2647
4888
2954
6803
6381
3990
8574
9919
6986
5602
4532
5514
6942
4166
9334
5969
8437
5715
4050
6460
5706
3633
9024
8544
6884
9501
7330
6792
7660
5342
4427
6640
4739
7223
6641
4632
4963
3442
4869
8140
9701
6771
6545
3558
9245
4615
6027
9699
6073
6257
8399
7822
7530
8012
4676
6657
6910
7329
9463
8248
1267
8935
9074
5818
7792
4226
2398
8574
6229
7599
4461
5186
7727
6402
6916
3109
7302
9447
6205
6738
7031
8460
7601
8020
5389
4389
7857
3878
2605
3170
4663
3339
8449
3930
3281
9095
8512
8274
6118
6652
7158
9727
7803
4602
4887
5127
3306
8203
4828
2738
3586
3175
3063
8126
9101
5815
5201
5090
7786
8804
8518
3893
1429
2434
7277
5185
7080
9189
8690
8927
6771
2170
6160
5935
9282
8255
7561
9080
8306
5472
9191
5639
7239
8596
5238
8113
4826
2427
6290
5274
3976
7796
8105
5466
3158
2631
7512
7925
2693
