2470
1005
2773
1145
1538
3365
1468
2989
1231
2554
1157
1506
1422
1957
3227
1634
1126
3876
3174
1887
1282
1600
2155
2409
1700
1464
1095
912
1413
1852
1935
2017
1283
1512
1443
1964
1692
1707
972
2038
2745
1459
4254
1991
1449
2030
2637
1509
2265
2994
837
1941
2467
1481
1287
1450
1555
1763
1572
3212
1960
2312
4003
3171
4185
1155
2291
4757
1759
2234
2178
3654
1178
3305
3162
1638
2540
2731
2112
1151
1308
1954
1518
1847
2836
754
2677
2270
1166
2728
5591
1628
2163
3184
3272
2921
3533
3645
2725
1398
1393
2053
3490
1419
2749
2887
3126
3653
2287
1597
1969
2151
4280
1626
1934
2917
4381
5749
5820
3620
1526
1279
1403
1140
2207
1209
2676
1380
1059
1381
3851
3570
7519
1437
2102
4606
844
2869
1436
1882
4515
3038
3029
2277
4146
2006
5751
3824
5869
6523
13019
1647
3563
2496
3160
1302
1095
2445
4025
2244
1704
1215
1924
1716
2024
1438
2200
1784
1772
1447
2301
2962
3866
3258
1457
1271
2041
887
1614
1021
1431
938
4289
2870
2493
2371
1915
932
2233
1780
2625
3173
1194
2421
1813
3009
4136
5059
1671
2625
1084
1288
1150
2730
4193
4766
1622
3587
1638
1396
1920
1749
1228
1615
1639
2333
1815
2620
1005
1076
1408
3459
1746
2916
3045
2160
2839
4412
2622
1739
1543
1123
2011
2298
2274
2306
1787
1347
2027
2335
1592
1252
1517
1541
941
3107
3623
1247
1075
2920
1212
1725
1884
2521
1911
1670
1891
1476
2610
3506
4829
3370
2762
1654
1255
2266
3566
917
2842
938
1010
1638
1409
1588
1589
2144
2298
2462
1701
1516
1750
1813
1720
644
1646
2626
914
1270
1523
2520
1678
2687
2708
2106
1815
2493
1804
2370
1436
1770
3914
1464
969
1651
1599
1903
1377
1435
2736
2228
7969
2431
945
2497
2391
1435
1931
1721
848
1575
1692
1363
1107
2653
1976
1919
2500
1854
1618
1177
3005
1169
2493
1255
2941
8985
1749
1616
5410
641
1123
4341
1986
1901
1996
1468
1995
1601
1847
3129
839
2561
2610
1282
1680
2306
1583
3509
4169
1341
2546
1906
1105
1729
2086
1106
1514
2707
1146
6100
2795
2232
1329
1395
1798
1764
6911
1800
2273
1985
1802
1460
2498
2074
3435
2120
4299
2055
3940
3710
2560
2596
2538
1265
1863
2452
2600
1368
611
3159
2203
4355
1547
3697
2656
1504
1281
3155
1568
1360
1372
1229
2227
2278
1624
1757
2136
1376
2937
1300
1682
1422
2742
1804
2534
1221
2086
5042
2102
1704
1454
1950
1761
1441
1473
1045
1781
3178
811
1901
3312
3080
3323
3450
7375
1734
2572
2345
2983
2271
2062
2511
3266
1375
1571
2278
2278
1071
1944
3221
1534
1529
1523
1515
2262
1513
3177
1800
1469
1458
2254
1575
2274
2568
2461
2021
1956
1501
1406
905
2369
1716
1340
1560
1700
2474
2660
1591
2231
3329
1166
1331
895
1967
2944
748
1604
1419
2372
4947
2625
1013
1244
1914
2143
1894
2642
1720
1750
1137
3995
1738
1071
2930
883
1534
2033
2630
1874
1731
2824
2858
2316
6124
1338
2162
1827
950
1839
1950
4096
927
963
3295
1004
1908
1881
2292
1025
1904
2749
1148
3610
2001
1301
947
1495
1178
2687
3964
1420
3774
3221
3834
1618
1259
1573
4455
1792
1440
1459
2301
1986
2953
1582
3305
1509
2355
1893
1323
2620
1287
1199
2425
4336
1271
1396
1737
2156
2300
1473
2681
863
2930
1162
2413
1364
1848
2483
1701
1387
1683
3192
4362
1066
1939
1766
1672
700
5216
5184
4009
1706
2309
949
1459
2706
2827
1479
1525
3760
1359
3140
735
1521
3078
2126
1220
2317
1374
1623
1355
2944
1840
1094
1478
1462
685
2630
1617
2085
1005
1222
6685
1039
1686
1555
1255
2825
1165
2711
2203
2951
2205
2712
2664
1300
2435
1411
2039
1278
1536
1936
912
1210
1349
1716
1565
1564
1590
1890
2724
1075
1268
3696
2200
2101
1462
3772
786
1695
918
1330
3791
6421
1516
1645
802
2054
3881
2099
2642
1396
1872
1288
1172
2013
1126
1236
1924
2722
2303
1823
2180
948
1866
1351
2170
1247
1948
1484
1579
1204
1393
3392
881
1844
1163
1339
1849
1578
2491
1772
4791
2315
2611
1612
1489
1786
1243
1448
927
2811
1258
2384
1971
1985
1360
2340
3043
1893
2286
1528
3520
1601
3395
2195
1627
1762
2175
2043
2780
4755
1784
2865
1445
1619
2414
1135
1710
5521
3430
3145
2480
2037
3634
3373
4315
2890
2382
2500
1785
2225
2805
1320
3673
2263
1352
2905
3041
1705
3143
1801
1179
1308
1388
1388
2414
1273
3777
2255
5347
1878
3392
1391
1598
1316
1274
1840
2232
6054
2139
3372
675
881
3092
1059
1521
1547
1305
766
1386
1276
1314
2361
1972
1703
1518
1382
3041
1418
1946
1356
2820
1605
2383
5177
1752
3778
2305
2014
2346
1320
566
3699
3317
1473
2013
2148
991
1767
1805
2201
782
1877
1693
1717
1260
2062
934
2279
1396
1929
2172
1608
3040
1684
2839
1982
2348
1542
1627
2087
3185
1948
1648
3049
1145
2213
1801
2469
4477
1299
1531
1566
1425
2083
1623
1513
966
1113
2515
1929
1217
2294
2287
3648
1963
1525
2326
1088
1064
2291
1419
2083
3489
1537
2184
674
2322
2889
6516
1063
4451
1680
721
2972
2168
1603
1768
1246
3019
1050
3846
2838
1074
2177
4250
917
907
1160
5726
1090
2965
2913
2238
5207
3889
1849
1930
1890
1435
2079
2324
1764
2524
1284
2183
1787
1970
6659
1871
918
3237
1914
1705
1387
1987
1528
2010
1759
1532
2551
1878
2054
3171
2589
1594
4438
1590
1831
1398
4071
2484
1911
2067
2238
2356
2603
1779
1912
2490
1229
2644
2938
1836
1046
1380
1749
2826
1798
2128
1951
1631
3077
4069
2621
2611
5558
4993
2993
2357
2950
2879
1228
3737
2448
1532
2605
1134
2038
2365
1738
2816
4498
1326
2717
4374
1655
1268
1275
1966
2037
2971
5425
1519
1102
1006
2253
1219
1868
1203
4505
5340
1167
8253
2372
2284
1590
1573
1373
1283
2271
1304
2176
1255
3176
3550
1247
3219
1204
1299
4152
1485
2851
1552
2949
2171
2522
1662
931
2985
1206
1254
2298
1097
2866
830
2132
3639
1810
1825
1755
1691
1571
1792
1473
2198
2434
3401
3277
5352
1524
1203
1122
1476
2506
1559
2123
2983
4164
5640
3620
5685
2041
1340
1052
2966
2159
1849
2228
1072
1762
1846
1243
3471
1703
4952
4563
2047
1351
1969
3485
1322
1476
1433
1135
882
3650
2098
1576
2269
969
1984
1933
1786
1153
939
2091
1681
1559
4340
1437
981
1764
2398
1647
1800
1252
5739
1777
2248
1482
921
6451
2136
1688
2943
2419
3155
1171
1645
2562
2318
1161
2399
4685
1326
1777
2083
2550
2325
2221
1257
2365
4033
1887
1953
1512
1689
2011
2190
3264
1987
1523
941
2105
1609
2029
3273
2566
3203
1285
2803
850
1045
1775
2190
1795
2219
3993
3139
662
2319
1527
1980
3343
2338
1535
2560
732
1654
1326
2340
1611
1580
1711
1744
1336
1862
3682
1790
1319
1534
2228
1938
1503
2865
1581
1669
1955
1391
1652
914
2415
1019
1529
2865
1932
1102
1027
1495
1930
1218
2391
2135
2453
1131
1768
2305
2779
1521
2595
3636
1633
2561
1514
1921
1542
1165
1956
4011
979
1289
2452
1202
2133
1321
2308
1543
2460
1778
1710
1263
2521
2791
2100
3702
1766
2419
1122
2115
3335
1504
2343
2156
3235
829
1603
1226
1552
2193
1509
4433
2501
3361
1812
1000
2687
1723
1551
1115
2567
1805
2178
2090
1475
2119
1744
1957
1837
1287
1685
1477
2106
1452
2373
1392
2254
1643
1521
2645
3008
2468
1556
1189
1459
2491
3783
1782
1948
1453
2248
1576
2876
1532
1146
3721
2232
1741
1666
3141
2739
2793
2469
4483
2726
1204
2800
3451
1235
4124
4146
1809
1883
2949
2099
1441
1961
3400
2494
1421
3043
1771
1199
2436
1806
3508
3918
1683
2634
2682
1500
2637
2051
930
1655
4737
1881
3070
2661
2703
2493
2721
1392
2967
3648
2142
2344
2269
1025
787
1997
1423
889
1092
2576
1727
892
2348
1456
1990
1401
3647
4426
1219
1860
4836
4647
729
1498
1045
2188
1912
1104
1837
3684
1934
1290
1733
4559
5175
1907
1720
2111
2049
3093
1221
2836
1848
2436
1186
3184
2375
2202
1597
1279
2395
2893
1085
1598
2874
1576
1172
1207
2232
2493
3370
2204
1241
1871
2441
981
2020
1155
1741
2658
3016
4974
1501
1547
1741
1359
1483
1173
2242
1738
2062
1658
1891
1554
1616
2336
5425
3361
894
2473
2268
2037
2302
1924
1757
1010
3206
1791
1484
1111
4769
2566
1128
4418
1604
1111
1031
3678
1800
2491
1783
965
1434
2466
1799
2836
1499
2460
2494
3394
4089
2750
1581
1613
2465
1319
3183
2636
951
2646
2831
2180
3114
3847
2013
914
1400
2381
1726
2131
2148
1325
888
1360
2119
2142
1125
2922
1060
1494
2932
1350
1275
1418
1555
1127
3412
1179
2022
1389
2228
2598
2771
2460
966
2036
2035
2587
1611
1769
1272
3681
1742
2188
2750
1781
3653
1260
1579
1994
1539
1412
1515
2192
2730
1305
3390
4157
3504
1483
1753
1990
1431
1575
2921
2180
2615
2243
1642
3753
2415
4047
1909
2330
1783
1159
1476
3226
1300
1506
2786
2184
3551
2554
2935
1133
1287
1010
3575
1794
2995
2342
1278
1151
2642
1667
1356
1044
1779
2427
2261
1820
2022
918
1767
1267
1838
1515
1232
1972
1302
4481
822
1286
1305
2088
3933
1352
1763
2454
1482
3970
2299
2549
2887
1655
1980
4095
2525
1684
3534
1693
2902
1568
1646
1694
1782
1168
1568
1732
1882
3161
2029
2142
2498
2031
6924
2720
2050
3176
1719
2175
1964
5152
956
2494
1567
1465
2237
2002
4600
3024
1903
3047
2674
1024
1917
2593
1231
1451
2416
1650
5478
2089
1150
812
1192
2277
2132
1849
1561
4331
1645
3134
4596
1601
2267
1055
2403
885
1457
1342
3114
1815
1100
2459
2007
1811
4350
4166
4922
1949
2294
1870
1422
2112
2585
1640
2336
1362
1064
1877
1350
3195
1531
1430
1365
1582
1828
1194
1146
1341
1654
1354
1575
3822
1217
4066
1928
1764
1173
2373
1913
1360
3853
1315
1730
2934
1652
1467
2337
2041
1253
1721
2400
1630
1822
2421
3008
1454
5298
1765
1023
1636
1868
2404
2479
3008
2048
1429
3287
2084
718
5914
5026
1723
2327
4854
1761
5481
1473
2553
1725
2162
1644
1192
2643
1315
2421
1747
1968
1519
2479
1831
1411
2597
1646
1316
977
3158
1829
3537
2873
3373
1942
1447
1445
2233
2702
1718
1241
1434
2022
1899
2301
1302
1770
2944
1626
2130
2565
1735
1930
1701
4905
5896
2164
2407
1900
1357
1692
3445
2279
5163
2798
990
1161
2513
2284
3057
3007
1743
1455
2425
2630
2243
3162
1429
770
2938
2946
2330
2620
2074
1794
3094
1817
1615
1232
2075
2816
1269
766
1184
1755
2300
2603
949
1440
689
1933
1017
1289
1151
938
1451
1903
2440
2814
2778
1261
4720
1409
3386
2256
3056
1158
992
1867
2756
2775
2103
1481
1149
1567
2113
1153
1445
2404
1559
1259
1058
3999
1854
2166
2511
1842
1614
2944
2066
2447
1359
4262
2742
1098
1181
1269
1093
1429
1062
2545
1795
3417
4978
2062
4683
3330
1905
1691
1309
1806
1698
1082
1255
1189
2154
1686
1270
6018
1158
2136
1879
2177
2784
1123
4838
3174
1659
1884
2106
773
2161
1107
1702
1910
1608
2135
999
1724
2132
1552
2468
8365
1441
1755
1333
1802
1341
1555
1779
2313
1949
1382
2447
1582
1197
1347
1064
2427
1360
1646
1720
1018
1146
1463
1885
2200
2409
1039
2011
4557
2717
1844
3118
2071
1248
1500
1966
1167
1950
1433
3265
1769
1292
2259
1508
2825
1806
1649
1926
3996
1590
2877
2153
1093
3401
6438
1901
1269
1892
922
1684
2322
2064
1584
3372
1181
3986
1475
2909
3248
1160
4714
1247
2574
6141
1955
5354
1560
545
1463
2605
1859
1091
2014
1995
1480
1416
1090
1157
2800
1209
1401
1447
1129
2538
1636
1942
1259
1499
1016
1844
2410
2137
2954
1004
3755
1371
2159
3192
2217
3894
1355
3425
3810
4136
1365
1313
1796
2371
2133
1560
1541
1501
1069
2052
1398
2462
4279
2309
977
1923
2284
2137
2515
2104
1487
2961
1712
2196
1653
1883
1220
1273
2106
2409
2195
755
1087
1446
871
1949
3744
2208
1176
1235
995
3433
1720
2772
2468
2266
1710
2730
1530
2688
2062
1703
1063
1776
1261
1944
1433
1479
949
2066
1198
2598
2231
2551
1364
3623
737
870
1219
1934
1902
1217
2192
1631
2586
3619
2544
3097
1781
2363
1376
2260
1317
3899
2512
1799
1479
993
1463
2613
1416
2391
2898
2169
1158
2788
1469
2086
957
2276
1553
3165
1131
2922
3068
1244
3163
3342
1398
3986
1322
1437
1847
3684
2504
3346
1926
2020
2007
2365
3133
1601
2740
2300
1829
3218
860
2256
3383
1386
1465
2695
1283
1790
1002
1364
1970
1447
988
3020
4323
4776
1674
2270
2134
1449
2009
1609
1873
5688
2029
1945
1339
1944
1357
1829
3300
2571
1761
2510
1989
1355
2651
1619
2327
2465
1458
1295
1962
1643
3244
1382
1399
2936
1762
2991
1947
1342
1684
4265
5435
3205
4828
1647
1397
1891
4892
1682
1581
2880
1559
2408
957
2336
1183
1914
2505
3057
1080
4898
2517
2242
1782
2481
2053
993
1707
1395
2097
3171
2760
1190
1721
2859
1739
5163
2829
2378
1824
2379
1674
1363
3820
1757
3437
3654
1518
3843
1359
2888
1701
1467
3964
1026
3693
2879
2589
2308
1904
2032
2828
2228
2781
1625
3783
3496
1424
1342
1433
2058
3857
3004
2489
2952
3788
1190
1771
2348
1454
2911
2294
1650
2688
1035
2513
1412
1814
1428
3239
2968
3096
1526
1228
2017
3381
1436
2593
1103
2389
2902
1154
1727
3864
1932
2448
3817
2068
1322
1280
985
2680
1419
1081
2058
2141
943
5644
3395
2072
2352
2039
3384
1780
1106
2469
2496
2698
3986
1652
1255
1132
2154
1135
1416
1473
2438
845
1515
2951
1739
1935
3683
1517
2917
970
1806
2005
3839
1693
1475
2244
1305
1361
1159
1925
1832
2420
1073
4779
2738
1040
1079
1859
1012
1303
1910
2826
1473
2214
1662
3104
2794
1617
1843
2822
2276
2307
3179
2227
1323
1564
1517
2542
1109
3107
744
1390
2850
955
2537
1394
2181
1572
1975
2269
2707
2547
2534
1122
5498
1957
1429
1837
2985
2180
2042
2548
1993
2232
1100
857
1720
1438
2303
2033
3272
2915
2374
1633
1611
2040
2058
2402
4995
1337
1923
2282
2613
1251
4045
2917
1538
2635
1935
1646
2140
1398
1525
2189
4994
2151
4323
1674
2303
1579
1363
1176
2038
3177
3906
1631
1793
2280
1453
1789
4565
1867
2501
2996
4314
1245
3402
2018
1745
2194
3087
3286
1412
1580
4756
1620
1125
1734
2467
1379
1381
1403
1680
1749
2028
1215
1475
2444
2139
1306
2330
966
1391
811
1570
2628
1988
4242
1986
2062
4560
975
3142
7001
5246
1162
897
2979
2646
2065
1334
1531
7063
1926
987
2007
1837
2408
2832
1145
1006
1537
3327
1437
978
2403
1980
1442
1540
1204
950
5674
1431
4393
1574
1635
2587
2955
958
1175
2023
2475
1872
2493
854
1277
908
2875
1187
2076
2069
5110
1863
1219
1545
2398
1482
1402
1386
2529
2836
2541
2806
1407
2558
6341
1349
1438
2055
1899
1708
4174
1151
3462
1921
1254
3322
1839
4014
2545
1980
2360
1372
1921
2293
2256
2129
1129
6100
1960
1647
1930
1959
3034
2735
2598
1473
2144
1789
1534
2544
1735
1836
1386
2008
1368
1450
3308
2290
2398
1689
2408
2022
1517
981
3166
2444
3094
1791
2206
3120
1947
1757
4245
1617
1208
2938
3359
1755
1042
2936
2536
2597
3618
2108
2406
2596
2891
1457
3340
1238
3922
1607
1234
1074
1670
5154
2233
876
1772
2108
2246
3867
2605
2489
1738
1157
2154
1610
2250
2100
2609
3224
3252
2594
1512
913
2086
1514
1921
1655
1897
3064
4127
1078
3589
2538
2267
3613
1305
2172
2982
1504
1961
1481
2316
1439
5986
5049
2127
1618
1419
2343
2368
1833
3372
1230
1669
2657
787
1602
2561
1465
1767
2340
3137
1758
2323
1864
1016
1603
1993
2049
2054
1571
1946
2330
2883
3415
2955
1049
1026
4472
3156
2794
5372
1099
2106
2481
2206
2181
3336
4789
1024
2349
1790
2923
1594
1985
1152
1394
2285
1582
1705
2174
2038
1774
1693
2661
743
1206
1668
2825
881
1429
1915
2978
826
894
1491
1417
2416
3767
1610
1306
1150
1689
1495
1522
2475
2193
2440
1972
3465
1746
1547
1911
1114
1123
2713
1643
2416
1780
2324
3608
1935
2063
1960
940
3166
1246
2030
1579
5529
1956
4377
1756
4263
1211
2085
766
2303
1734
2543
4114
1346
1554
1274
633
2092
4237
2325
1385
1989
1747
3908
1438
1769
3123
1268
3091
2012
1782
2064
2472
948
1398
4242
3472
4267
2526
1871
1482
1473
3548
2522
1979
3767
3074
1828
1695
1784
1639
1442
1744
2770
1386
7130
1729
1304
1370
2025
4124
1094
1308
2264
973
1417
3084
1641
1034
2263
2430
1291
3486
2795
833
2752
2457
1888
1335
2549
1615
1435
1832
799
2057
1465
3635
2453
902
4201
1456
1988
2236
1588
909
2247
2983
2930
2147
1868
3704
2325
1497
6229
1816
1308
1816
1876
2240
1759
1616
1712
1982
703
2198
1638
1021
1034
1491
2621
3595
4112
2366
5652
1062
2038
2407
2540
2159
1929
2882
2282
1338
1943
769
1527
4407
1542
2127
2121
4000
3354
715
1394
964
2184
2068
755
2177
4194
2149
2137
1332
2181
1394
1770
2389
2549
1493
3214
2103
2035
1046
1206
1242
3069
1931
1224
2355
6245
2925
2364
3064
1139
3046
1487
789
2874
2355
3713
2209
1654
1209
6001
4362
2705
3225
1856
1395
777
1137
4161
1111
1132
1712
1693
4753
2522
1562
1678
1536
3048
1950
6693
1541
1427
1874
3667
2067
5781
1377
2495
3016
894
3294
1086
964
1616
1474
3285
5646
1896
1713
2327
1340
1943
2532
2810
2619
2743
2970
1920
1049
3525
1099
1160
1756
1917
1966
4028
2499
1564
1790
2994
2215
1917
1598
1595
3497
1664
3783
2192
1146
1379
2830
2197
2407
1532
4751
2164
1819
3692
2190
2017
2081
2176
985
2150
3164
1559
2721
1509
753
1073
1644
2255
2305
1282
1047
1931
1861
2726
5564
2132
1890
2533
790
1753
2019
2393
2596
2163
4067
1038
1617
2073
1620
2299
1252
5632
4074
1189
1466
2569
1181
1231
3196
3937
2105
2783
2614
2357
1214
1450
1554
2902
2435
2535
1193
2575
2519
1204
3155
1407
3392
2047
1575
1149
1542
3930
2092
1752
1706
889
1580
1281
2633
4379
2602
1205
2102
1668
1197
2016
3038
1711
2084
2959
1741
1773
2563
1467
2061
1799
1232
2057
2910
4286
2213
2080
2020
1160
3000
1216
1170
3535
1610
3304
2139
3013
2310
2257
2117
1668
2369
2347
2829
1683
1303
2469
2958
5259
3010
3120
2353
1389
1371
1240
3091
3926
1515
1538
749
3009
1761
1232
1259
1867
2593
2052
1307
2757
1365
4911
1027
1688
2712
3440
2263
1984
949
3482
2619
4572
983
1037
1694
1694
1358
2167
1098
1860
1592
2101
1971
1708
1986
1756
2512
1720
2229
3342
3361
1788
1206
2178
2835
1880
4732
4096
1276
3555
1511
2190
2057
1223
1930
1196
1400
2347
1836
1601
1644
4283
1848
2393
2046
2021
1531
1394
3258
2577
1210
2555
760
1544
1655
3171
1765
1597
1462
1388
2031
2264
1754
2970
1127
5856
1346
4863
1821
1277
2713
2744
2382
3856
3557
1354
2006
1550
3029
955
1535
2104
2598
1971
2094
1513
3673
1824
1955
1282
2773
983
1817
1410
1352
3091
1635
2573
1040
1429
4282
1283
2224
1229
2100
1854
1645
3319
1675
1208
835
2357
1098
2576
1490
1756
1305
1693
2014
2145
1932
1538
915
4221
2018
1780
1132
2022
2951
4000
1937
944
1701
1801
1525
2854
2810
1631
2026
7114
1249
1846
4444
2898
2062
2029
1059
4034
1347
2541
1400
2335
2260
1490
3402
2045
5997
3619
3284
902
1837
2485
1129
2308
1462
2031
1924
2143
4437
1873
922
2175
4691
2794
2501
2301
1016
1696
1932
859
1304
1930
1721
3315
4178
1798
2104
1656
1814
2314
1518
1797
1775
4857
1697
2008
3208
1552
1555
2823
3031
1907
4637
2677
2268
2484
2326
1256
3009
1711
2133
1480
1453
1444
2316
1114
2216
936
1764
3304
1952
1159
2294
1576
1547
1388
2503
3852
1376
3856
2683
1606
1488
1448
2539
3221
2890
2254
3139
1927
2082
2821
945
3520
2061
2660
1394
2665
1135
1449
1517
1714
1872
1632
2092
2903
2239
2522
1584
696
3277
1624
1776
3271
1053
3312
677
1949
1599
1538
2127
2363
3805
1632
2703
1720
853
2083
2528
2317
955
1672
1095
3800
2071
1326
1087
1855
1390
2817
1966
2808
1752
1132
3097
4062
2771
2171
3968
1266
1361
1068
1917
1187
2716
3009
4293
3290
5971
1937
2153
2907
5275
1967
3582
2308
2606
2563
1490
1720
1641
2044
2077
1347
2197
2351
1866
3764
2171
2021
1017
3478
1942
1693
3631
1869
1929
4071
1680
1666
2248
908
1228
1407
2535
3041
978
2608
2155
1990
833
5622
2370
1044
1089
3250
2989
2002
4164
3576
3199
2419
2358
1910
1371
1348
2281
2603
2021
4053
2080
3085
652
2383
2756
1415
2097
1486
1655
2651
3029
2014
1806
3574
893
1084
1981
3033
1199
1604
2704
1886
2023
1707
1584
1493
1532
3912
1711
1554
2895
2000
6288
1502
1839
2266
851
2205
922
1446
1926
4559
862
2200
3026
1044
2462
1835
1416
2074
6461
2088
1553
3002
2944
2333
1314
2112
1724
2299
2633
1505
1635
1500
4102
2754
1007
1745
1704
1552
2990
3892
1660
1688
1404
2387
3025
1647
1655
2725
1817
1481
1891
2570
1725
2496
1508
2175
1198
1158
1857
1039
3760
3641
1841
2745
2227
1938
3339
2473
1986
2034
3784
1275
1357
2362
1479
2704
1830
2935
5511
2155
2227
858
1381
2701
2386
1226
2115
5068
3292
2162
1386
2436
4432
1100
885
3200
3761
2164
918
3247
2454
2625
1589
1295
2304
2249
1197
1959
1490
1592
2138
2344
2116
1453
3080
1839
2470
2475
1782
1693
2084
1097
9466
7279
1354
1777
1808
1826
872
4000
2131
2175
1682
1538
3045
2210
4797
2313
1513
1513
1224
816
2094
1692
1365
1462
1681
4198
1390
1324
2446
1448
1620
1465
2693
3011
1289
1424
1931
3255
2491
1988
1516
3843
4144
2228
1732
3733
1353
1930
2324
3291
1303
1583
3491
1777
1602
2020
2047
1281
1810
1819
1082
1190
1377
1499
2174
1550
3358
1237
2439
1030
1303
1519
4442
1951
1512
2334
2607
740
988
1103
1629
1580
2150
2159
2724
2296
1998
2941
1635
3208
2767
2639
946
2200
3409
3558
1793
1328
3786
2215
1304
3259
2307
4615
1200
2033
2801
1339
1095
1465
1463
1521
1699
3158
2229
1074
1692
2574
3509
962
1070
2731
885
2122
4468
2466
1780
1315
1272
1613
3334
1611
1074
1387
1180
1636
1788
2480
1053
1661
1898
2552
2250
1821
1473
1246
2210
2218
6216
5012
1648
1611
2804
1459
1413
1744
1044
2021
4435
1314
3352
1408
1965
796
1955
2136
6123
1993
2127
1545
2100
2372
3061
1991
1255
1515
3032
2030
2885
3190
2192
2951
1347
3898
1916
1773
1473
2858
1628
1362
2280
3334
1355
2830
2507
1174
5426
1172
1338
1989
2796
1316
8086
2617
1662
2111
9069
1172
850
11052
1451
1271
1769
1660
1461
4036
839
3850
2161
2225
1977
2054
3693
1402
2340
1849
1091
4539
1492
3805
5409
1083
2620
2213
1742
1478
2135
1347
1179
1114
2151
4779
1889
1823
1431
1285
1343
991
1161
4466
1766
2745
4212
1478
2488
3652
2105
1926
1355
2101
1459
1976
3042
2048
1538
4793
3374
2219
2255
2517
1253
1611
2701
3438
2469
3673
1276
1709
1823
1679
2730
2532
1170
7654
1898
2974
3355
3094
1588
2020
1542
793
1859
2687
1358
1615
3090
3032
2556
1935
1754
2374
2145
2683
2554
1842
1858
2272
1550
1203
1273
1855
803
2545
1784
1279
1463
3346
1552
1899
1443
5136
2215
1799
1570
919
2044
2574
1339
2138
1645
2827
1257
1777
1667
3448
3134
985
1401
2429
1616
869
4323
2101
1611
1157
2687
1286
1757
996
1081
1777
2466
779
1474
740
1811
1627
1277
2254
2147
1522
3824
1026
2200
2353
3132
2435
2522
2320
1130
1952
2439
3468
1441
2464
1313
2055
1200
1860
2823
3063
1385
3796
1091
1497
3736
1326
820
1104
1431
1362
2214
3513
1984
1595
2040
1497
2496
1372
2437
4015
1150
1500
2597
2053
4154
1998
5229
1637
1132
3246
2134
1037
1959
1270
2729
1816
2286
1815
1042
2460
2413
1604
1192
2172
1601
1245
3560
2804
1234
2283
1946
1908
1418
2758
850
1567
910
1574
2047
2135
2246
1615
1665
2882
1401
1738
2140
1227
2680
3553
3259
2794
5955
1605
2099
2327
1716
2900
1710
3311
7526
3077
2605
2921
1820
1390
1197
3155
1098
1787
1114
1776
2972
3275
1616
3254
2766
1299
1141
1467
2281
2029
1874
916
2361
6692
2511
1937
1140
1562
1323
1169
4950
1109
3159
2423
3485
1201
1365
2828
2487
1715
2573
2121
1077
1947
1807
3372
1751
2453
1430
2621
2947
2836
2184
1550
1394
1331
976
4142
1801
1274
4178
2826
2613
1749
1230
1939
1625
2416
1690
2272
1664
2052
1742
2268
2116
3359
1602
2052
1921
3545
1769
818
3232
2618
1211
1336
2510
1233
2512
1661
3791
1516
1877
2256
943
1375
1479
1876
2026
1975
1584
2873
1422
1931
2410
3057
2971
1878
2377
1867
1641
1464
1934
534
1854
2345
2747
1837
1555
1945
1238
2691
1190
4819
4085
2201
2007
1108
1910
2459
1629
1705
3942
2846
2528
1671
1118
1828
1518
2087
1559
1419
3286
1893
2300
2331
1372
3012
4334
1637
1945
2281
2174
1937
2704
2499
2029
865
2821
2578
880
2352
1511
1585
1349
2880
1399
2175
1769
3039
3118
890
1773
1369
3287
1447
1180
1966
2579
2505
1571
1687
1907
1256
1129
1906
983
2005
2451
1219
872
1519
2782
3258
1309
2165
1827
2328
1733
2313
2013
1384
2012
3870
4533
1210
1651
998
2152
4164
2683
1228
1499
2005
2257
1808
1920
3626
2468
819
1511
2937
1262
2351
1251
2222
1444
2257
1079
2431
983
979
1295
2370
4276
1827
2001
1703
2601
2353
2198
1391
2214
1186
1358
2712
1862
2648
1872
1008
1377
1582
1066
2069
957
1731
3064
2060
1782
1603
2917
2919
1885
1749
1582
1870
1889
2236
1728
3176
2913
1423
1189
1558
2688
1773
1898
1878
1972
1465
4072
1095
1503
1183
2059
1742
2006
2259
2672
1583
1390
2755
3846
1747
2516
1716
1417
2494
2138
1249
2687
1703
2520
2381
2920
1078
1364
1701
3005
1430
1426
980
1842
3628
1833
1199
1762
3089
1215
3027
988
1244
3509
1669
1006
2495
3014
3317
2577
2094
4146
3193
1186
1792
1883
1590
2188
2256
5254
5395
3410
2613
2398
2729
2239
1153
1858
2112
2694
1250
1503
2574
2361
4287
3118
2378
4233
944
3824
1327
1864
1929
1571
6081
1652
1577
2276
3176
1175
4007
2101
1809
3974
2928
2314
1614
1148
840
1172
1169
1790
983
1747
1379
1338
1465
2008
1629
2182
2553
2728
5226
2233
2501
2661
2937
2208
1790
1056
1804
1884
2245
2216
1652
3063
2065
1802
1317
3287
1219
2291
1768
1691
1321
1685
5509
2164
1883
2466
1284
1035
1188
1736
1533
2349
1186
1395
1116
3569
1140
2221
1359
1586
1022
1755
741
1094
2269
1665
1318
1966
5321
2251
1151
2248
2808
1691
1322
2304
1835
7641
3516
1523
2537
1033
2769
1515
1596
1867
1720
1572
1547
1274
980
2112
2726
3023
5936
1535
4079
3295
2445
1025
1811
2307
1396
3872
1877
2519
1147
1917
1024
1354
1466
3699
2939
2967
1883
1780
3055
2453
1452
2975
2632
3870
1700
2384
2687
1782
3376
1940
1245
2346
795
2458
1196
3809
1561
3316
2116
2285
2561
2345
1450
1959
3206
920
2252
1717
2859
946
2248
1631
1385
2146
2669
2790
3480
1065
2587
1574
1847
2886
2931
1439
1223
1252
2414
2619
2247
1513
2086
1699
1239
1116
1599
1183
2665
2764
1827
2575
1073
2575
3084
3053
1960
1288
1749
1510
2039
1481
1309
6623
2165
5024
2855
3625
3573
2223
1859
1798
1579
2141
2407
2040
2419
1718
2166
2244
2610
856
1782
1781
2625
1645
1694
2156
1975
1930
1495
2053
2127
1215
901
1163
1707
1687
1045
5888
2843
2554
3221
2331
2623
2772
1889
2739
2016
1812
2108
1037
1740
3949
1358
2417
981
1790
1476
1723
1492
1664
878
1698
1549
2355
2781
1953
1660
1207
2265
2095
1136
2613
2361
1398
1618
3610
2245
2037
1214
1289
3133
2560
778
2281
2042
2265
2068
1639
2888
1085
3120
1506
1587
2062
1497
1729
792
2307
1901
911
1811
1606
1769
2397
1059
1728
2090
1302
1200
2814
2240
993
2135
2401
1745
1227
2172
3057
1244
2565
4085
1523
2862
2825
3327
1873
1797
1637
4710
4122
2370
2724
1613
1762
950
1151
1562
1318
1936
1538
1977
1779
1312
2328
1563
1061
1498
1938
1561
1690
2054
2221
2045
2091
1862
1362
1717
2521
2512
2545
1679
3916
1190
3425
2724
4087
2215
1436
1763
3030
1069
2685
1450
1338
928
1329
2632
2747
5161
2938
1608
1613
2485
3309
3683
1228
5022
2606
2542
1559
2272
2172
2277
2173
951
1051
3826
1786
1257
1382
1073
2777
887
2253
1188
2332
4131
1830
2270
2616
1755
745
1869
6246
1798
3555
2730
4012
1873
897
1577
1848
1632
1202
2164
3322
5601
2038
5269
1471
1319
2668
2104
2188
2454
1347
1923
1138
3063
2056
912
2852
3240
1628
1651
2656
1285
1679
9583
1764
1295
4247
2977
4321
1206
4127
2224
1527
1379
1098
3188
1704
2801
2052
1234
1611
2021
1614
1983
5760
1655
1882
1808
2127
2925
1801
1144
2603
1528
1965
2779
1561
1421
1758
1455
2114
4526
2672
1929
676
1932
1276
2557
1253
1142
3210
1554
1064
1301
1659
2146
1729
1504
2778
3854
1981
1923
2157
1009
1298
1299
1933
1365
5163
822
1722
2371
1442
4176
4657
1705
6166
5783
1499
2219
4421
6192
1645
1550
3119
2096
3786
1949
4242
5355
2383
1967
1947
1568
2274
2033
3095
3632
2686
1871
1055
3094
2927
2597
2439
1670
2149
1591
1437
1924
3350
1432
2289
2302
4428
1395
1695
1974
2881
1090
2075
1586
1110
2121
2566
2876
2586
3920
1434
2134
3004
825
1069
1837
2170
2411
1657
2352
3547
2833
1188
2160
1571
1631
1406
1429
2176
1974
2260
1168
1717
1169
1264
2116
1514
1510
2227
2404
3599
1821
2915
2623
1081
1170
4620
2066
1027
2456
2341
2169
1413
3250
4019
3391
1393
1235
3447
1889
1789
2140
1138
1164
2592
1916
1932
1332
1352
1410
1566
3056
3054
1365
2611
6105
988
1608
5209
1120
1993
4162
2402
1512
1747
1192
3214
1824
3459
1372
1380
2119
1483
1544
1492
2084
2034
1795
1330
1711
2811
2304
2418
2030
2414
1668
1425
2079
2561
2552
2642
3711
2001
1704
1821
2837
1843
2360
1695
1347
2522
3299
2940
3941
3792
1631
1850
1637
1427
1740
3415
1807
993
1524
3616
1798
3975
1690
2204
1493
2681
1621
1830
3236
946
1544
2105
1788
2231
1031
2001
3877
1040
2416
1628
3501
1397
2460
3203
5309
1760
2163
2809
3969
2490
1237
3882
902
1766
2073
1306
2303
1162
1804
1287
1578
2208
2688
1178
1886
1577
2191
3772
1893
1185
891
962
2917
1276
1724
1086
2579
1612
1322
817
2840
2854
2089
2475
1800
1800
1597
5436
1732
1018
2433
1926
4615
1650
1197
2292
1146
2071
4530
1646
3599
2981
2321
2264
1472
947
2148
1763
4023
1223
3287
1942
1266
1757
1415
2765
5340
1666
1594
1511
2587
1325
2361
3870
2216
2423
2177
1906
980
1338
2754
1116
2764
3098
2300
2150
1237
2259
1719
2059
2123
3175
1738
2293
2962
1647
3832
1474
676
1643
2161
2366
1596
1250
5398
2808
11191
1648
1823
1717
1418
1332
2127
3171
953
2763
2074
1601
1219
3093
1802
2780
2951
1712
1543
2606
2739
1738
1613
1815
2179
1444
2017
1158
1687
5473
2053
1435
1211
2660
1838
2041
2015
1513
1275
2826
604
2364
1299
2693
4811
1352
959
1744
2389
2973
2177
2350
2508
3456
708
1091
1054
1624
2355
3065
1476
1740
1241
1948
2443
2633
2274
2473
1571
1808
3838
1642
1897
1558
1968
1470
1650
1545
1153
2315
1022
3241
2750
2225
1334
1551
3372
5184
2065
5090
1821
2113
1858
2940
1810
2121
1893
1964
1546
3070
1800
1486
1985
2922
4065
958
3810
3211
3913
1900
1666
1665
922
1279
1354
2499
1219
1549
2507
1151
2001
2147
2763
715
1147
1820
2433
792
1228
1748
3513
1800
1644
3014
1842
2967
1855
1105
1787
1768
1038
2460
1530
2345
2781
2167
1389
1618
2372
943
1528
1641
1136
2246
1572
967
1279
3630
1259
1218
2454
1262
1867
1826
2481
2477
2559
2110
2134
1589
1302
1044
1983
2313
3289
1069
567
1943
1314
1487
1699
1211
1977
4642
4395
2770
2836
1847
1605
3181
2372
2291
1649
1889
950
1097
1739
1762
1351
1655
2216
1546
2138
1611
1225
2152
3108
1834
1781
1891
2901
1653
2425
2513
1500
1360
1514
2723
4071
1714
1416
2812
7889
2307
1601
1173
1918
1427
1937
1773
787
1587
1851
1553
1521
1480
915
1940
1130
2748
2606
1157
2609
2136
1557
2693
1787
1249
2393
2908
2306
2306
1650
4078
2327
1596
2951
1982
2974
3363
1769
2017
2186
2277
2239
1331
2585
1118
1602
3540
1040
1794
2249
1774
1158
2521
1676
2266
2330
1001
952
1800
2772
1905
1214
1853
2567
2142
2301
2439
2100
1632
2866
1349
1292
1236
3769
2135
3893
1476
1747
4779
1821
1173
1041
2966
2847
2992
2260
3599
3565
3893
1237
2678
890
1428
5349
1514
3884
953
1765
1156
2143
1765
1428
1932
4203
2706
1107
1427
2206
2120
1798
564
2171
1794
1888
1412
3508
2830
3562
2178
1543
4174
6927
2055
3104
3259
1634
1827
1694
2536
2394
2928
1818
880
2013
1546
2449
2420
3319
2112
1884
4051
5293
3177
3085
1637
1531
3560
1963
1480
2932
1345
4201
3152
2355
2830
1523
2662
2609
2048
2014
3406
1732
2113
3943
1684
2429
2201
1542
2281
3193
1888
3511
1555
3763
869
2093
1709
3827
1581
1417
1393
1122
3279
1906
2663
1515
1564
1894
1954
2453
1705
6064
1627
1226
1559
1380
1777
2512
1942
2376
1105
1961
3098
2030
1613
3443
2359
1814
2325
2001
1402
1921
3366
1702
4149
715
1528
2252
1647
1195
3740
1669
1542
2769
1435
1401
1213
2160
1276
1173
2985
5460
1457
1893
1369
1338
1002
5309
2886
3447
680
908
1026
2711
1421
1140
1636
1409
1647
3126
2425
964
2093
2393
1327
3139
2388
1091
1606
2200
1470
1954
2649
1228
3867
1550
5147
2017
1493
1054
1375
2059
1844
3127
2112
3523
2424
1505
902
2324
1780
1407
1060
1626
2522
2397
2189
1423
1879
2089
1252
711
2633
1960
1875
1909
1969
825
2057
3093
1458
3531
1430
2061
1148
1708
2569
2962
1963
1516
2101
2148
1553
2830
1455
2649
2011
1199
963
1457
1946
4927
2393
2985
2626
1523
3248
2870
1206
4065
2623
3701
900
1355
1525
2331
2811
2582
1818
2493
3054
1229
1413
1858
1735
1290
948
1471
1237
1112
2298
3465
2163
3418
1195
2847
1508
2627
4609
1183
2092
1692
2309
3204
1483
3476
1056
2396
1963
2450
3525
1000
1768
2355
1880
1853
2444
1325
1630
2939
1572
2345
968
3626
972
5184
2313
2196
2133
2139
3085
3370
2325
2511
1663
1920
2382
674
1309
1102
1604
1743
1729
1589
966
2535
4623
1444
2399
778
1467
1619
1421
2698
1942
1541
1202
2909
1853
2513
1499
3114
2384
4673
2719
1608
1191
1727
2527
2805
3922
2780
3270
3169
1482
1890
2733
1584
3199
2355
2017
1582
987
3178
1785
1145
2379
1983
2851
2370
3098
1584
1785
1211
2518
2696
3764
1241
1747
1818
1219
2800
2718
2987
991
3892
2535
2010
1338
1591
2857
1735
1646
1889
1199
972
3297
2510
1979
1604
1927
1267
1778
1988
1849
978
1247
2557
1154
1939
5740
1760
1636
1954
1816
1550
1225
1538
1870
3619
3259
3173
2279
1892
3069
2304
1056
2506
3595
1735
4332
2658
2812
2220
1446
1349
2394
1967
7670
1573
2224
1356
1778
1395
2195
1923
1062
2607
2744
1731
1469
1401
1803
1766
1410
1316
1759
2892
2243
1336
2429
1977
2207
2314
4028
1045
1482
3108
2838
1722
1706
3204
1250
1770
3143
1526
1947
2698
3997
5655
2377
2929
2278
3179
3057
1626
2552
1407
1954
3153
4156
2342
2641
1549
3977
2090
979
2194
2724
917
1023
1115
2142
906
1554
1543
2370
1482
1734
1557
1498
1769
2613
898
1838
894
1091
2322
2913
1671
1704
1337
4767
1549
2535
1654
3608
1908
3001
1453
1123
1806
1361
4005
1943
1804
3328
5582
1173
3446
2549
2775
2432
3638
1456
1871
1035
909
2539
2861
737
856
1985
1658
1309
1485
2294
1671
1923
1632
5532
1944
2529
1316
3889
2525
3234
1074
1752
1096
894
1298
2934
2232
2599
2028
2369
2136
1649
2118
1780
1976
2503
1478
1583
1364
1696
1205
4077
1593
1317
1939
1055
5249
2158
1922
3065
1500
1159
2934
3151
1658
3024
2320
4731
2240
2108
2296
1773
1555
1717
1853
1841
3682
2436
1577
2273
1485
1820
1283
1113
3893
1797
2004
7425
1908
2229
2720
1673
1669
2290
1604
1149
1422
1677
1458
2844
1875
2009
1187
2808
2394
1286
2810
3213
1595
4988
2333
2310
2332
2258
2104
1671
2554
2445
2203
1363
1167
2653
2472
3278
1068
3969
1040
1035
2536
1741
2509
1036
2049
1614
1058
1311
624
2669
1496
1777
2024
1093
2523
1569
1537
2547
1178
4039
1901
2988
1464
3076
1834
1191
999
1404
1604
2264
3925
1840
1197
1276
3899
1619
6370
1819
1528
3208
2706
1484
1771
2046
2985
1320
900
1281
1628
960
1323
3474
2612
1561
2075
4850
1518
3059
1424
2205
1755
3116
1699
1388
2365
2162
1978
2724
3311
1018
2862
1860
1176
1417
1280
1335
2845
2448
1848
2538
1666
1466
1693
2344
1384
1638
3335
2076
1080
4975
2110
2414
1369
3275
951
1938
1728
3709
885
2842
1058
2727
1037
3079
1297
2117
1694
983
2011
3034
1394
3251
5303
3620
2606
1484
1943
1515
832
2170
3834
2227
1896
2179
2126
1546
1709
4396
1892
2120
1820
1673
2757
1124
1510
2357
4692
3131
2360
1241
2001
2045
2549
3036
3719
1035
2026
2676
4642
1517
1782
1528
2027
1371
1305
2672
1168
1063
2468
2037
2451
2935
2297
2158
1272
4661
1563
3955
1554
1918
1275
2110
1624
3919
2867
2476
999
1238
1563
1720
1319
1904
2240
1916
1703
2088
2058
2325
1492
1731
1343
1341
2163
2010
1671
1944
2808
4208
1512
2353
1311
1262
1151
2860
4701
1643
2007
1974
2444
1860
1662
4257
1841
1450
1170
3879
2914
2500
2197
2110
976
1494
1312
1295
1255
3412
2461
2222
1719
1127
4669
1596
1486
4630
1313
2167
2861
3589
2759
1589
1659
1280
1347
1344
2392
1884
1398
2323
1411
2236
4025
2380
1954
1763
2611
1294
3071
1302
1294
1617
2429
4928
516
2820
4707
1463
1473
1752
1512
3648
4331
1542
1142
1766
1051
1888
1775
4169
1390
4797
1961
1529
2123
1646
2561
3556
2430
3013
2310
1217
1398
1253
2122
3983
1298
1688
2352
1745
2372
3252
1255
2460
1504
1922
2383
5086
1237
1567
2219
1511
7843
2748
841
2828
2200
2746
1125
1078
1340
3078
1837
1639
1722
3737
2325
3453
1537
2269
1798
2587
2214
2401
1904
1818
1944
2602
2450
3050
1885
2907
1425
1353
2737
2787
1538
1368
1975
1543
3283
2702
1422
1850
1204
2325
901
1846
1859
2061
2886
2518
1343
1940
1899
1148
1263
1947
1804
2956
2564
1499
3945
2132
2336
1438
2389
1465
2937
2029
1681
3384
1563
1185
3252
1416
3667
3597
2118
1739
2562
1595
1151
1655
1742
2758
1831
2219
956
973
2162
2071
2579
1482
1259
1040
3187
1362
2708
1551
3483
5248
5267
1745
4809
2652
2054
1307
1838
3169
1904
2589
2380
1442
3140
7699
1780
3485
2167
6613
2482
8757
2273
3466
1707
4112
1618
2327
4138
1793
2217
3101
5296
1417
3576
1135
1636
832
527
1817
997
1436
2668
2026
1161
1915
1479
1881
2518
1206
3245
2213
950
2128
1156
2354
1913
6780
3204
3041
3225
2001
2133
1237
2487
1357
1459
5639
3158
1308
1314
2749
1581
2173
2252
1548
2238
2521
2998
1201
1192
1533
1246
1146
2559
1380
2760
3298
2511
1930
1308
1704
1343
1847
2011
1862
1099
1367
2148
3333
1937
1050
1395
3371
1393
4649
1194
1359
1192
4140
1563
2368
2226
3719
2187
4229
1444
1393
3071
2142
1997
1316
3512
1039
3190
2780
2004
1174
2036
1249
2007
1719
2347
2222
1746
2570
952
1239
4379
3890
1647
4501
1773
1294
1241
4817
2207
4171
1863
3957
2190
2269
4515
2292
1652
2040
2392
1378
3311
4039
1856
3229
3097
1558
1354
2522
2198
2449
2514
1922
3515
1028
1914
2716
1410
2206
2570
4003
1491
1613
2602
2029
2634
1642
2131
1644
1848
1668
1663
2963
1466
2169
2077
2381
1134
1519
2148
3394
1867
1277
1509
1096
1431
2288
1389
1589
2153
2935
1100
2180
2279
617
2667
2335
1167
1278
1717
1969
2551
2179
1433
1453
2801
2736
1211
3023
2112
3332
2049
1644
1736
1351
1202
1605
1618
2743
5376
3534
1059
2158
1236
1434
1062
2201
1869
1856
3315
1444
1704
1902
3390
1718
3853
3255
2149
3153
3907
1085
1097
2554
1481
2581
3963
2410
2255
3780
1250
866
1857
3003
2251
1475
1020
1496
1868
936
1463
1680
1309
1242
2329
1637
2063
2647
1576
1121
2513
2107
2244
3179
1390
2235
1678
2454
1949
1951
1389
1144
1037
1835
2546
4181
1735
2015
2963
1680
1397
884
1530
1910
2882
1373
1658
2409
1820
1889
3264
1894
3416
1812
4044
1451
1804
1064
3338
1221
1596
2013
1539
1594
1688
3334
1873
4075
1668
1276
1318
1954
3290
1106
872
1349
1706
1536
1156
2365
2289
1462
4243
1191
2888
1965
1765
942
1487
2198
1217
1885
1989
2056
3740
2821
1984
1934
1422
1529
2216
4277
1642
1454
2062
1738
3927
818
739
2081
1439
2786
2662
5201
612
1196
2016
2438
1388
1620
1407
1097
1238
2004
2003
3698
2201
1331
2702
1392
2880
1180
1472
2303
1378
2524
2701
1493
1776
1524
1374
965
1589
3295
2172
2629
1473
2325
3552
2052
2053
5513
1023
2464
1610
2339
3693
2200
2388
3046
1278
1942
1880
2300
2342
2358
1573
3325
2378
2534
1381
1853
1338
2669
2047
2108
1954
1517
977
3081
2057
3348
2867
3998
934
1965
2372
1732
1141
2435
3004
2465
7234
4034
4893
2865
1122
1777
1734
3024
2175
1821
4251
1838
1669
1309
1078
1367
1700
1175
2383
3961
1339
2197
1312
5424
3402
1457
1495
1628
1203
2581
1573
5642
2139
2444
894
1137
1564
1521
1575
2179
2437
2312
2456
3374
1992
2124
3188
1230
2003
1843
5826
7334
1173
1656
3562
5386
1663
1894
2723
2918
2420
1420
857
4396
1921
1250
2648
7022
4473
1649
922
796
1095
1072
478
2728
2063
1216
2273
1731
2785
1563
2283
1601
3358
987
3919
1621
1369
2894
1956
1988
5129
1247
1358
4447
2564
2101
2032
3495
3707
916
1072
5025
2473
2643
2215
2475
2769
2349
4749
1812
1366
1191
2045
2216
1437
3020
2234
2079
1506
4771
1522
1298
1542
2591
1667
2325
1590
1422
1701
1635
1629
3503
2167
1359
1050
1694
874
741
2602
916
2130
1446
1450
1681
2160
1895
1177
1693
1987
1207
1551
3312
1465
989
1558
4442
1147
2213
1579
2850
6638
1958
1342
1866
2430
2037
1045
2263
3784
2026
3173
1484
3062
2620
2772
1433
2323
1741
968
1391
1911
1577
1455
2133
814
1525
2206
1467
1693
1638
2569
1822
3022
3131
2155
1603
1948
1902
2293
3373
1940
2097
2466
1613
2642
1494
1292
1403
2140
2263
3974
1676
1643
783
1516
4863
1836
969
2255
1675
1945
3209
2837
2187
1718
1278
3608
2190
2874
4154
1629
1982
2157
2264
1122
1275
1818
1573
1071
5940
1291
1913
5311
2270
2913
1017
2490
3000
3132
2790
2209
2660
4141
2306
1182
3264
2396
1267
2316
772
2098
5751
3086
1529
2402
1679
1390
2684
2094
2471
1105
1367
1301
2074
2060
1994
1529
4219
1237
2591
6141
2288
1536
1355
1651
1538
1552
2400
1679
2453
2754
2348
1600
1884
1439
3580
3148
3477
2280
1180
2411
2080
1227
2587
2116
5228
1817
1705
2270
1674
1956
4102
3833
2078
3747
2640
4949
1041
1389
1867
1882
3268
2306
3825
1740
1208
1417
1239
1043
1917
2083
3537
2373
1212
2039
1273
1759
4044
1461
3465
3547
1424
4025
2196
2017
1771
2980
989
2256
2243
1583
2675
4056
4065
1820
1125
3520
1630
2295
1737
1942
1530
1741
1469
994
1218
1705
1861
959
3208
1401
1005
1809
2089
3020
2672
2097
2290
2217
2493
2569
1946
1020
1807
4694
2184
2839
2752
1940
1640
3457
3737
1690
1690
896
1565
1274
2581
2458
2147
2147
612
2200
2073
2351
1860
1533
2090
2168
3255
2440
1277
1262
1952
1723
1272
1229
665
1429
969
2265
1333
1691
1554
1586
1318
2002
1394
1205
2549
821
986
1682
2546
1546
3485
1259
1458
2304
2676
1217
1720
3411
1507
1968
1323
1915
3026
1378
991
2426
2887
1313
2049
1428
1408
1896
4453
3873
2337
1982
1429
799
2364
2911
902
1642
2808
2207
4279
1758
1418
836
2227
1847
2728
2400
1726
3005
1403
2632
2051
4778
1053
2228
1623
1414
1368
1393
2074
3579
1232
2932
2833
1686
1388
1785
2134
1672
1345
1272
1002
2201
1680
1378
1270
1713
2157
2143
3815
2105
1824
3035
1521
2383
1513
1404
1362
1912
2864
4771
1429
1722
2499
1599
1224
3240
2648
3670
2371
2889
7151
1676
1528
2707
1293
2303
3357
2450
2878
1185
3023
1592
2277
1264
1230
1154
1946
2130
1307
2368
2103
1325
1573
2819
2174
1910
1936
4461
1526
1278
1441
2474
1701
2066
1165
1656
1918
4921
2514
1286
1389
2355
2442
2138
2644
2444
2666
1336
906
2248
1693
2218
1534
1784
2864
4867
2791
1635
2701
3960
3701
1455
1697
3473
1700
3513
1663
1404
2148
1082
1044
1471
3630
2132
1451
1444
3829
1838
4018
2301
1870
2548
2023
1416
3130
1456
2741
1451
1106
939
1359
1438
2264
1600
3367
1188
645
2142
2045
687
1649
1319
2551
932
1768
1649
2159
2006
1947
1802
1477
2860
2400
2989
2282
3343
1648
1848
2462
2964
1465
1956
2084
1722
1155
1228
1613
2129
2652
2972
1339
1007
2377
1760
1971
2050
2720
2030
1899
1534
1506
2603
1717
1292
1635
1526
1275
3090
4538
2242
1532
1476
2232
1769
1404
2036
1216
2267
2249
1603
2744
876
2024
3484
930
3803
1966
5146
1516
1081
1090
2268
1783
1046
1615
1555
1204
1370
4028
4361
3637
1768
1702
2717
3286
1268
1153
2538
2411
1872
1865
3545
2976
2783
1990
2190
3375
1122
3699
842
1109
893
1963
4989
2293
2135
2551
2075
1349
1681
2090
1687
1660
2289
1991
1332
2374
1887
1078
2738
1715
2262
2341
2320
1880
1216
2489
1087
1174
1521
4676
1792
2193
2386
1480
3214
1665
3447
1887
3469
1741
2167
3109
2252
2602
1509
738
1458
1879
2359
1625
1408
3806
3346
1254
3622
2262
2325
2363
1911
2613
1017
1969
2508
2126
2415
941
2804
3887
2181
1340
3734
1443
3730
1744
6852
1828
1638
2305
2914
3748
2791
2078
1555
1342
4158
1274
1744
1193
1514
3108
2641
1116
1566
1835
2436
4590
2046
1909
1481
2503
1630
2421
2337
1001
1176
2623
1068
1088
709
1157
530
3069
1208
1922
1685
1278
3454
1210
1598
3203
1940
3085
3178
1484
2384
2278
1454
1919
1293
1421
3710
1231
3356
2136
2981
1272
2901
979
2259
2684
2416
4456
2658
1299
1839
889
1459
1384
4047
2612
2610
1727
2038
2615
1577
1691
1447
1750
1056
1313
3939
1503
883
2174
1646
1448
1298
2113
1485
2759
2099
1593
1393
2216
4003
3758
5833
2257
1030
3012
4109
2593
1922
2244
2166
1390
2302
2784
1463
2052
2208
3487
2159
2713
2901
2843
2242
2103
2146
1082
1984
1349
1751
1396
2461
4624
3704
1540
2974
1449
1034
2302
3741
945
2023
737
1461
1162
1749
1627
2528
961
2051
1357
1216
2399
1679
1874
2447
1966
1769
10155
1366
1458
2665
1687
1896
1522
1714
1706
1557
2711
1190
1939
1824
1139
978
2590
2966
1925
1960
1780
1881
1634
2811
5179
1510
3337
5198
1121
1320
1088
2176
2064
2599
3475
1903
1196
5168
821
1452
886
2268
1150
2126
1866
1203
2073
2576
2725
1576
2297
1978
2019
1149
1110
2696
2201
2202
1366
3393
3162
1179
1803
1210
1119
2722
1977
2596
1382
2029
3286
1542
1402
847
2134
3595
1741
2259
3355
1627
1764
2951
1603
1729
3339
1602
1859
1494
2021
5415
1108
1126
1439
1743
1385
3599
1929
4126
2522
2318
1905
1265
1386
4670
1716
2228
2007
4104
1995
1375
2060
1479
2511
1504
6133
2198
2989
1159
1619
1514
939
1066
3251
1971
844
1265
3151
1563
1508
4222
2566
1694
1828
1858
1668
1745
1534
4275
2374
2033
4803
2065
1910
1936
1626
1806
716
2018
2449
983
2127
2000
3719
1478
1376
1592
2609
3013
1730
1476
2273
1244
4909
960
4764
3234
1261
1820
1342
3919
806
1682
2027
1002
3507
1867
1739
1749
1638
3765
2598
2247
1991
1249
1520
2821
2057
1831
984
1388
2647
1138
2042
2505
1449
1953
3256
1106
2154
1103
1013
1154
3069
1919
1354
1627
1556
3279
2255
903
1697
1232
2715
1720
2990
1878
2316
1952
1141
1935
2869
1331
1076
3804
2401
1140
1327
1336
2314
2481
3870
1252
2052
1370
2366
3180
1652
1310
1740
1466
2323
1087
1654
1586
2568
1773
1683
1931
1073
1651
2303
3938
2917
3556
2034
1163
2716
2273
3071
2225
1302
1129
2011
1492
2676
5311
6553
2930
2335
1956
1377
2288
1810
1766
1713
1213
2245
2356
2835
2192
932
1980
1762
4155
1946
1530
1357
1815
1389
2733
4007
2950
3872
997
1394
1614
1995
1398
3846
1121
2189
2087
2269
1786
2988
1204
1004
1951
1320
1901
1232
1645
2183
1081
1987
1775
1780
2953
1902
1155
2569
2298
3374
1550
2506
2699
1339
2018
1432
1010
1910
2323
1733
3079
2105
2338
3077
3087
2332
1953
1298
1760
1015
1917
2540
2045
1515
2646
4447
2236
3241
1272
3450
1980
2151
2953
3956
3374
1954
1462
1242
1899
1442
2352
2694
1559
2603
1380
1159
1186
1824
2000
2006
3574
2427
2431
4509
3097
936
1443
2779
1260
1427
2724
2444
1646
2255
1461
1161
1777
5005
6624
1300
4555
1143
2335
1009
2820
2129
2713
2359
2558
4132
2001
1686
1564
1759
2923
1667
3764
3638
5196
1424
1646
962
2243
3680
1904
1620
2046
3660
1074
1941
985
1629
1567
2250
2530
1155
1701
2108
1319
1899
3041
1915
3995
1282
3051
2000
5182
2209
2403
1333
2528
1102
1621
2793
3555
1131
3074
3092
1520
993
2914
1236
2631
1439
1573
2195
3264
2323
975
2221
1357
1934
1933
1445
2249
1417
1655
1641
1869
2888
2176
1149
2358
1667
1430
1847
2708
1854
2730
1331
1163
2407
1537
2256
1703
1551
1266
1702
885
2438
1453
2921
2056
2434
1194
1532
1307
1874
1904
6063
2259
2216
8364
2024
1185
1529
2605
1839
1604
2578
2419
1272
1446
1434
2487
4232
1640
1606
1516
858
1032
2979
1606
1657
1994
2522
2309
3069
2347
4365
1229
1517
1897
1211
1291
1524
1556
2555
2204
1031
1173
1283
2514
1786
3795
1511
1544
1981
1043
1396
2307
2237
3869
1559
2468
3651
1585
1091
1642
2054
1778
1996
1427
3911
1702
2674
2821
3573
1813
4161
2085
2620
2265
1452
829
2049
3239
1625
892
3348
2272
4010
1527
2505
2881
3921
1258
1289
2741
2330
1316
2113
1808
1107
1352
2636
2497
4277
1371
2375
1860
1726
2228
1691
1519
2036
2278
2309
2959
2278
2881
1915
1170
2089
2522
1445
3159
2248
3307
3589
3335
3341
1820
1463
1426
1463
1580
2588
2038
1665
842
1676
3263
1206
1856
1902
2427
2899
2497
1323
3330
963
2447
1768
1920
3708
2658
3308
1689
4879
3267
2501
1863
2093
3773
745
1445
2752
2249
3761
1556
1386
1797
3271
2491
1492
990
1393
1301
1807
1709
2822
893
2821
1763
2449
1065
2006
2226
1239
1797
5127
2796
1450
2039
1712
1988
3471
2959
1760
1705
2019
1263
1294
5064
845
6548
1966
3701
2697
3014
1380
754
1431
1065
2190
1296
896
1437
2213
3277
1232
1710
1318
671
2416
2750
2082
1342
1493
2791
1839
1192
1039
1996
1651
2035
2364
2838
2027
2785
1828
1849
1181
6816
1770
1498
2256
2775
1957
2509
2066
1889
1731
2007
2086
2689
2759
1917
1466
6428
5137
1292
1197
2259
1129
1637
2575
1027
2488
1627
1269
1652
3634
2385
1468
3408
3089
1465
2644
1479
1878
1722
1507
2331
2175
2455
1924
1862
2357
1214
1498
1904
3273
2448
3217
919
1531
3046
2557
1497
3831
1723
1832
2810
1515
1641
1294
1528
1371
3545
2426
3777
1966
2443
1111
1634
3278
2028
1920
2700
1040
1707
3039
1126
928
951
2163
1909
3417
1895
5406
1506
1401
1552
5085
1311
2183
2897
4956
1589
2686
1865
1219
2901
1656
979
985
2513
1821
1065
2647
911
5328
4194
3059
1521
2054
1768
1052
1441
1308
2483
2364
2099
518
1610
1548
2298
1378
1793
2933
2101
2142
2468
1191
2978
1373
1645
2877
3748
1493
3044
1583
1202
2215
2168
2937
1485
1987
1530
2182
3230
1468
1329
967
1257
1732
1619
1379
2008
1248
2040
3085
1114
907
1254
5269
850
1361
2647
1814
1509
1134
2881
1707
2463
1568
3384
2480
1786
3700
991
1925
1995
2048
1235
3805
1701
2312
3675
2621
1875
1271
1591
2201
2733
1537
1521
2149
2183
1523
1338
1008
2305
1600
1363
3381
1969
1439
2192
2560
2071
2995
2685
1507
1357
1406
2240
2320
2157
1694
2352
2238
2199
2694
3692
3384
2672
1169
1638
1246
1234
1981
1156
2271
2661
2234
1492
1271
1786
2212
1988
4270
2429
1758
5837
2456
1612
1219
1365
1914
3207
3573
2381
1198
2582
3727
2150
1996
917
3361
2811
3447
2361
2277
2567
3817
798
1764
1672
2327
2183
778
2937
3434
2793
7175
991
1774
2494
1547
3055
3084
2955
3196
2033
2031
3772
1477
1377
1455
1905
1999
2137
2436
1251
1821
1577
1243
3553
2629
718
993
1814
2719
2178
2555
5080
2625
1147
4798
1138
3206
1961
2306
1451
1775
2130
1917
1655
5150
1494
1497
2372
1972
1677
970
1258
1418
1890
3584
1598
828
1018
3557
954
1867
2446
818
2597
2028
930
1486
2328
1249
988
1691
1985
1442
1714
2485
1075
3036
2217
1753
1473
4772
1167
2665
1908
2909
2725
1898
3648
1406
1438
1585
1502
2607
1729
1521
3152
1888
988
2514
2451
2199
2549
1746
3925
1746
3055
2702
1546
1988
2125
2272
2586
1395
1615
1551
3785
3385
1901
5066
2092
1138
1239
1276
1903
2394
2021
1075
5229
1192
2169
3270
3738
2089
2146
2015
3818
1929
2141
1915
1732
1751
898
1447
1723
1966
1965
2249
875
4511
3468
1513
909
1327
1199
1540
1586
1988
5429
3281
1564
1505
1432
1525
862
1689
2067
1775
3172
1342
2847
1094
1367
1489
1965
2810
2115
1273
886
1284
1630
4179
2176
1348
4913
3765
3663
5043
2218
1513
1786
432
2080
2558
2523
2348
2725
3183
1950
3722
1151
1742
3369
1270
3539
1018
2605
1501
1696
1976
1450
2307
3795
3887
2076
1601
2127
816
2692
1209
1561
1793
3068
1937
2278
1100
1456
1191
1551
2510
3976
2243
1165
3471
1761
1845
1729
2012
1665
2179
1710
1342
1150
1331
1927
4019
2489
2623
984
2009
793
3054
4066
3614
1565
1023
2240
2868
1465
2396
1469
1534
2414
2575
2990
1194
1868
1260
2026
1525
1433
1661
1524
3142
2423
3555
1425
2111
1400
876
2074
2130
2557
2121
1931
1711
1320
3183
1280
1451
3147
2870
1484
2594
1624
1430
3013
2882
995
1377
1499
1630
1166
2686
1435
1200
3790
2023
1792
3135
1857
2761
2891
1564
4638
5555
2194
1696
1186
2129
985
3116
2339
1741
1524
1949
1645
2159
1139
1247
1606
1392
3575
1290
3324
1532
2083
1949
2097
5978
1272
2362
2143
3260
1928
1320
1313
2087
3660
2607
3190
3000
2373
2687
2221
2427
1381
2542
2774
1759
3797
1272
1055
2386
1545
2478
2326
1186
2925
3017
1774
1419
1446
857
806
1059
4351
3571
1474
2173
1637
923
891
1245
2062
2614
2401
955
1699
1210
942
2161
1361
1755
1270
2430
816
2429
1576
1090
2442
1181
1977
2646
2552
2288
1369
1794
1719
2478
2083
1886
2552
1592
1463
3696
2336
2608
4087
2813
2696
2727
1826
2852
2791
7418
2274
2110
3225
2073
1231
2780
2261
1385
1057
1337
2372
4015
1659
2977
2067
3989
3132
2464
2638
3295
3772
3214
2125
1876
1415
2007
2700
1522
1941
2099
1498
7215
1632
926
2468
1773
1794
4058
5754
1683
1511
1598
2304
2533
1517
1587
3737
3789
2843
1615
3722
1846
3821
2084
2192
3803
3390
2474
1590
5061
3162
1644
1461
4736
1572
2492
1371
2312
1137
1140
1404
1772
2946
2454
1907
1846
1626
2153
2128
3007
1648
1969
2097
4180
1461
2132
2512
4156
632
1029
2804
1700
2682
2979
2232
2734
1021
3468
1961
2245
1196
4730
1863
2978
1642
743
6802
1010
1728
2432
2094
6786
1295
2594
2320
2215
2281
1696
1413
1699
2164
2009
995
1325
1675
2165
1730
1526
3871
854
3646
3442
1381
1103
2620
1218
2024
1283
3316
1044
1046
1325
2170
1703
1008
1541
870
2984
1862
2534
1939
6681
1693
3502
3891
1585
1437
1193
1444
2075
3251
1615
1330
1353
1967
3806
2296
1480
2063
1546
1345
1304
2327
1999
1680
1933
3546
1723
3186
1341
1818
2126
3390
2463
1158
1788
1773
2647
1718
1451
2636
1598
2127
2226
2411
1728
1137
5308
2786
3939
1644
2178
2921
2068
1773
2147
2321
2861
1782
5675
2548
1575
1871
2399
4669
1201
2382
3465
7991
1388
3237
2252
1341
2392
2286
1378
1487
4030
968
1573
2611
1597
876
1471
2098
1396
1910
1810
1978
5638
1505
2085
2354
2759
1639
4056
2953
2338
1270
1929
2603
1469
1334
1473
1609
1911
4346
2675
3712
1889
1005
1638
1165
1116
1905
2161
1915
1693
2131
2506
1880
2443
2065
2734
1401
1092
3355
3058
2065
1590
1774
3086
886
1613
1807
1482
1398
2289
2129
1444
1368
1911
1956
1465
1328
1808
1145
1197
2068
1906
2696
1044
1352
908
972
3087
1922
1883
2291
3447
1438
1309
1166
1039
1490
2110
1572
1105
2180
1163
1586
3879
2074
1159
2170
1950
1546
1924
1196
1444
1524
1611
2229
1731
875
1573
1157
1556
2300
2446
1980
1592
8207
7155
2051
1335
2916
1225
2197
3343
1034
