2963
916
1299
3165
2030
3025
9648
1817
6292
578
1037
2618
1495
2398
691
2005
925
8561
5603
996
1449
2025
17549
1327
2236
685
5613
2928
1832
8408
1118
1959
1046
13479
2104
1440
1410
1721
1558
2305
990
3034
2132
1503
3224
9441
2769
2285
5869
3103
1252
2153
1647
1754
9924
1525
2368
2792
1333
1655
2087
2836
1663
1530
5926
3610
636
2869
1311
1577
6812
2122
1442
1191
740
2425
2163
849
2367
2183
602
1298
1835
1477
1207
1438
1786
1361
2088
1738
2324
2084
3249
2137
1943
2739
1589
2918
1230
2255
1010
4207
7245
1667
1054
1580
3030
3692
2391
4886
664
2877
1703
3707
8337
7367
1443
1140
1474
7345
6329
1580
2579
5045
1424
3361
1838
4474
957
1445
6951
997
873
8304
15847
3288
1931
1687
776
1858
1078
777
936
1907
1666
3018
864
1881
1547
793
1052
1685
2627
1928
1313
2294
1583
4497
1906
2002
2207
2512
709
1132
1699
1684
4084
1162
2069
9410
2747
2659
1162
12001
1439
888
2726
3755
2345
735
555
1642
2004
7849
989
1493
13042
6081
1141
1741
5051
2682
715
1843
2661
1958
2077
1435
933
844
1415
1559
10962
949
1127
1153
852
1563
2603
3880
1333
1058
1399
2264
2069
1961
1311
646
1597
5006
2676
1019
3106
1935
2675
5064
1489
1325
1305
540
2223
1637
1416
1538
1788
1919
1341
507
10846
1049
1805
1530
1956
6225
5851
1556
1524
832
9209
10439
1364
1863
1779
2029
1673
723
1866
1740
1124
1578
672
2064
3196
1517
1501
1891
3002
886
2751
1501
3188
575
13578
813
1187
1194
1718
14350
1805
2167
1843
3310
2465
1391
1466
854
1184
2169
4572
1858
1698
12745
1703
7501
2125
2008
8235
768
3253
987
18906
1216
9561
4189
2300
1424
1224
2470
1028
4987
1690
21869
2458
1210
14538
818
1117
2545
1895
1024
1626
1319
2633
1647
1068
2321
2281
3664
1930
2204
26679
3289
4124
1069
1934
2900
5819
1206
1761
882
2300
1386
7899
1692
1820
10734
3032
7360
2011
732
2872
2201
2927
1352
1312
1789
5177
2265
1520
1832
4630
3167
1665
1817
1080
948
635
761
1747
11994
1884
623
1913
1875
1224
2721
658
840
3973
2766
1837
1728
1525
1133
591
841
2846
2921
1746
2807
1148
6748
1803
1218
684
2246
5116
1240
2731
2068
1212
1999
1204
2026
2106
679
5837
5825
15743
2130
1809
862
1690
769
1426
1976
10283
1413
4679
2613
1177
1714
571
537
2391
2835
1796
1293
955
694
2296
2019
1196
4165
1555
1797
10749
1575
1966
1971
2668
893
1119
2740
3472
2513
4798
5971
3419
1511
2057
6511
3631
1743
1576
3861
5081
3466
3489
476
960
2700
886
2086
6098
5143
740
4585
1714
4401
2296
457
1832
1471
768
2376
4175
2240
4053
21916
1708
4486
1493
2194
1433
1411
4054
1343
1823
2350
1702
557
8087
797
4025
3302
860
5617
1797
11795
1167
1730
1141
1002
565
4041
1761
2319
1759
1184
2237
1145
2895
1140
590
1888
6630
1064
552
1878
2095
1342
3294
1845
1611
1813
1674
1613
1577
1203
6499
1556
14188
1780
1818
902
962
1600
1813
1113
1518
1985
3846
5300
1199
1701
660
4112
1345
1917
1591
936
10624
16543
2159
1110
5806
922
1966
945
751
1364
2382
11573
1681
2595
2877
1927
2049
6864
2647
896
3248
1128
3680
2012
8726
1659
1889
2087
1167
1734
1672
492
5337
2593
3327
3909
3972
2207
1639
1478
2051
1219
1410
528
1404
968
1102
2847
2695
579
2945
2730
2755
2657
879
2316
3830
4728
2298
1176
910
4486
6151
6332
4331
2878
876
1161
1245
2646
5503
1256
989
674
1703
941
2801
7628
1842
1606
1804
1405
812
3733
1980
1694
7940
3340
1816
2226
11649
1998
1931
1673
1855
1603
2849
1160
2887
3222
4567
12540
813
2492
689
10281
645
1183
1380
16957
3220
7962
4705
1097
1220
5241
1788
3177
2061
2671
1706
884
10511
553
4459
513
1815
708
850
1293
8403
6553
1239
2016
1860
832
2637
1707
2485
6115
6424
1265
1856
1311
750
1374
2181
2575
1255
2384
1128
890
1531
5873
5022
1093
1023
1454
1275
1390
4631
1478
801
1412
2769
13465
1126
640
1475
5666
2173
8242
2096
1184
991
942
2193
922
1882
948
1254
1903
1437
1326
1293
1264
1614
2256
1873
2537
925
1579
1679
1028
2252
1365
1520
3434
763
2695
1337
864
1685
2297
1275
1716
1712
1073
3014
1455
1857
519
18050
4384
990
1824
3378
2735
993
1068
1888
1810
1602
648
2114
1450
1397
1424
1903
2400
10461
2817
3655
3114
1416
1026
588
3806
1568
3522
1339
14477
865
1485
1889
1332
2061
1675
1501
2014
3404
2007
2012
1117
1816
3832
2133
1023
2444
2303
4793
9690
1816
2687
1015
799
5310
1929
10166
10428
5169
3321
1828
2902
1048
7864
900
1952
2464
2226
2383
5739
3229
4403
1259
1109
850
13584
3029
856
5601
1483
1317
8089
2511
2032
1138
7041
1549
14063
576
1697
989
1803
1970
1854
1783
10884
4428
1653
2674
8283
2188
6006
2840
2256
1895
2472
1258
1036
1541
2412
1520
5906
4545
6509
2358
1075
1032
1351
3817
1095
2075
939
1048
1627
1671
1781
945
2279
758
1524
895
957
1275
3162
4008
10101
10062
958
1065
1028
2091
2348
14857
2572
2412
1982
3490
774
653
6543
1556
1953
1641
1406
2109
2750
2136
2402
2098
693
2625
2295
8419
4100
2563
2214
1000
5552
1517
3286
8078
678
2667
1643
584
2302
1148
1608
1744
648
1665
838
891
1967
1422
1146
2175
1794
1624
2356
2306
5093
719
1681
9592
977
3401
910
811
4174
24435
2160
1779
6180
539
1482
1878
2554
5225
1012
10404
2093
2540
2307
1581
1124
14411
1985
1042
2497
1266
11882
5704
1220
1972
3332
13925
1064
3003
3041
2512
1424
15493
2989
1642
760
634
3641
1702
950
1395
3003
1782
847
1165
2726
7532
1232
2182
1258
2891
2002
1189
2181
2425
2615
2092
2210
1745
1565
2974
3569
1390
6058
3048
1977
1186
1300
1302
1871
1475
11176
1057
2021
2658
3712
1181
6043
3694
1332
2429
2705
1264
2588
1089
1291
3068
588
1531
3185
1745
1047
1442
1855
638
1813
874
2570
2629
4272
957
5839
847
420
1051
1435
1158
803
14566
932
1461
1347
16656
4387
8045
1061
1195
3354
1084
927
3671
942
790
3694
7765
995
1956
13550
2595
3277
1908
2518
1093
5056
424
2429
1511
1586
2538
1625
2004
8078
870
2218
957
3324
13510
1736
2719
957
781
2253
2195
1607
3128
3340
1624
2439
3160
1128
1009
1118
1451
1282
8128
849
1661
1061
789
1403
3251
1385
6791
2110
1777
1911
941
3126
1677
1312
3233
739
4949
2703
760
1730
920
509
2058
1887
1668
2683
2642
1942
848
805
2475
4565
2949
1156
2369
3137
10879
1702
1430
8365
1187
2017
1174
1710
1273
4877
1309
4700
1540
1811
3017
8297
1090
3008
2449
3569
1567
1561
1090
1575
3053
2382
15576
555
1094
2696
902
7169
1738
2308
1216
1625
1813
827
8014
5374
842
1158
2119
2712
1383
6561
3370
1208
2313
1173
1105
831
12447
1609
2328
2923
1318
1711
2100
1270
1134
1436
1529
3852
2232
4708
9647
2366
2264
2922
3709
3084
1573
1821
2017
1731
1143
2373
1559
2627
1139
4422
1882
1981
1103
2419
2762
1474
3123
1377
1816
1095
2390
630
934
906
2037
2787
3770
1554
1985
5227
1311
2081
1542
669
1794
843
1749
1066
2682
1116
1704
1436
4011
2187
1730
3014
9676
1112
4443
5902
1314
8747
1577
1848
2207
1028
7386
688
1136
2416
6434
1271
9256
1697
2222
6689
2036
8429
713
1371
1529
1609
1615
3592
1255
9863
6273
3263
2419
1405
2278
1537
1874
2093
1782
2353
919
1570
2155
930
3103
1335
4223
980
1830
1730
1927
1419
4361
1413
481
1595
1596
1825
2016
2862
2526
1303
4939
2402
2148
1766
575
2310
522
1412
2228
1848
9885
1580
3430
810
656
1468
1293
2008
1773
1008
1575
1889
3685
5418
1157
1721
3925
3260
1704
1554
2627
10002
916
3602
1790
1900
3710
1694
3752
1491
1095
2387
766
2391
1071
1337
2887
1022
4023
2207
1497
1480
570
2117
2282
1335
1654
827
2774
5642
6218
2377
3458
3396
1125
2340
1880
1563
880
889
2430
1489
2054
1083
919
10261
5548
14513
1041
4228
1213
2140
3683
6579
2901
2113
2306
1046
2947
1973
1820
6024
9004
5651
1890
1352
4480
2490
944
2120
873
2604
2064
926
7473
2344
847
2565
1509
1337
2948
1721
6853
1157
4665
2741
2828
11088
918
6026
6232
1380
1434
2135
2411
2336
2845
1311
1451
9123
1838
5491
3072
1380
14093
749
8858
1746
2408
2667
1029
887
1175
782
770
1912
2243
3524
2618
2575
711
1142
2135
1166
3731
7854
2452
6695
871
1208
2114
1294
3079
2318
2097
2474
3043
2306
1745
3002
14099
1648
1252
2756
4334
1271
6052
985
2098
3905
1884
1567
3177
4452
901
12632
1536
2267
1920
1296
2660
7174
2033
2375
2169
871
1550
2712
842
526
691
1208
545
1498
3538
1466
1179
1398
3176
1589
4454
3030
801
3599
838
2988
2761
1115
2225
2845
1284
793
1420
1786
2604
986
749
1395
883
4446
773
1507
2708
1480
2283
907
6392
1653
2123
853
1042
2208
2985
1062
651
810
1584
7014
3102
1852
1456
2692
1582
1655
1643
3247
2009
698
3538
6791
1189
1413
1266
1662
1040
807
2878
2809
873
1025
2987
1196
2239
9724
2670
7469
5979
3939
2755
1115
1634
852
919
3129
1826
1427
951
3171
1719
986
1600
765
2364
2060
1510
11485
2213
1568
9296
1604
1007
1324
1572
1472
769
1157
947
1791
2767
1075
728
2004
2180
371
2705
3143
8668
3931
1926
897
3661
1889
1806
963
3620
1198
822
2093
1317
1333
1583
1590
894
2844
1461
2911
4249
4666
1760
865
1173
1083
1278
2008
1509
1275
1097
2933
2352
3264
1583
1066
5861
710
2274
1972
2208
3711
9953
2096
5424
1690
3044
2251
1642
13326
1687
2092
2822
3564
1474
4056
674
790
6148
1020
1832
713
1708
5724
1742
396
1925
3777
1385
5472
900
4857
2369
921
1408
1561
4773
1850
8668
2456
1268
2018
16492
5330
1212
972
843
2001
2270
1351
4890
1567
1928
2606
2190
2273
1821
796
1345
1194
1976
1130
804
6542
1014
1079
2585
1470
1010
973
2910
2084
1189
703
2170
2782
1186
3627
3210
1500
986
1516
927
618
11154
2635
2071
1716
1969
2598
409
7399
6020
1724
1551
832
8663
1208
4751
1022
6463
3079
2226
1633
2115
768
922
1932
1280
2193
2917
2030
981
647
1213
876
2910
1493
1823
6455
797
3329
2079
2534
1648
2564
1417
1680
2763
637
1789
3858
4025
1375
8765
1296
2048
1174
2130
1378
13818
2036
1793
851
1690
3664
2375
789
848
600
654
2005
1808
2169
4419
623
1871
1596
842
7845
932
1099
1472
1778
1620
1956
4631
3211
3418
16822
1405
5294
2408
2406
1507
1559
1592
4591
968
2552
1474
1811
2506
940
3819
1339
1245
892
753
2551
2665
8614
12631
2127
14800
1833
2839
2019
652
654
4197
1915
800
2384
2012
2760
1011
1770
1095
2947
976
1121
853
1525
1379
4293
1362
1190
1489
1608
2448
653
531
2412
1299
2661
4603
1140
17883
3187
1572
1143
815
3950
1636
1773
780
3920
3110
1063
1003
1681
551
2081
998
2909
724
2769
5518
4581
4246
2535
2187
3718
3634
3374
1406
1523
946
1896
868
863
1660
1895
2071
2191
2053
1775
2480
5826
2328
581
1105
4851
1451
2250
6332
11640
1796
2048
2315
689
1408
2498
1030
2053
1592
2169
1635
1343
1588
2015
3695
1156
2138
1527
1073
6281
2391
1664
4185
1373
1211
3407
1139
1134
837
1506
1696
3156
2283
2384
2311
1155
1562
1021
2982
2321
1136
2403
1170
2650
1947
1822
4603
2164
1670
1935
8539
789
6318
4790
2231
2012
2903
1141
1338
13367
1205
1640
2176
1804
1290
1831
2581
1362
801
959
1208
980
3496
1444
2732
1749
624
945
1541
1688
2263
2262
2359
882
21915
2947
5667
2780
1615
2914
1086
6132
1757
7423
1564
1924
4006
2441
1692
976
4005
2377
665
5261
1270
3297
1433
1938
876
1419
805
919
24540
1312
1586
1931
5565
1050
836
2018
2139
1851
1759
2248
7403
4763
1811
1634
2687
1498
13779
1927
3011
3792
2120
1361
1134
1612
7804
2329
1072
1530
1370
762
1828
4700
1321
1198
1196
2323
3655
574
5170
12469
2422
2307
5881
1092
6490
926
1863
1493
2852
7741
2506
2504
2019
926
766
2021
2721
1153
2018
606
725
1253
733
2391
633
2201
935
1737
1468
1045
1580
1490
2149
2401
1531
1305
1710
1891
1208
1217
4072
2258
602
2668
2297
1225
2031
519
1126
1962
1875
7305
2784
1847
1789
1717
3053
1107
10689
2033
5421
1733
8560
695
2543
1884
671
1459
3398
695
1086
5834
1250
4780
2574
660
2238
1340
6177
1818
1094
1290
2263
4075
584
1187
6085
1274
733
1999
1755
689
1958
831
1947
1679
1397
2255
2283
8641
2491
2032
6093
6330
2320
2231
5039
1328
870
1781
2188
3646
2320
1387
2608
1577
2385
1898
2777
1753
959
2324
1740
1618
711
1008
1018
1806
2654
1980
1917
1007
3046
1120
6025
10488
1207
1046
3147
4479
2616
10691
3194
1144
723
5924
6709
1770
1388
962
2987
3152
1946
819
1621
715
1432
3958
2248
5846
6718
7242
1510
6056
1605
5047
2849
1515
675
2983
11520
18228
6855
2412
4075
905
7501
1479
1651
2712
1866
1958
1002
1211
1605
997
2042
803
1720
532
2573
888
1590
2495
1218
1365
1177
735
653
2300
761
1404
3303
1656
1573
1908
904
2245
1585
2553
897
854
1034
3238
1792
1472
4522
2434
8523
1980
1182
1901
6517
3374
979
2311
1507
906
1557
744
4384
1406
781
1410
706
5461
2524
1168
718
1162
2212
2797
4695
1326
1666
2577
672
1417
2743
1411
1004
1135
731
1507
1613
1608
1037
1096
4937
1371
1193
1330
6527
1304
1088
915
5598
2925
1002
2847
2126
2460
1017
2789
1325
11747
5193
979
6603
9822
1609
2452
3094
6130
1388
3101
2145
2005
628
724
2163
2049
1668
7727
2327
2087
998
1045
2633
9568
538
3317
750
2512
672
12632
1097
1950
839
1342
738
775
3965
688
1416
2705
1941
1360
1999
4022
2549
592
1095
5650
2238
2694
1269
2244
2017
1642
698
559
1952
1220
2568
1642
1234
2311
1343
1164
5317
787
11177
2015
10704
830
1544
3706
5422
885
13813
2190
2147
12589
2619
3325
6014
1157
1096
6307
1590
2476
767
1759
3023
1453
1334
3094
2663
2392
605
1142
1929
1026
4904
1114
1383
977
1504
1373
1495
2384
2820
1046
621
1956
10046
1179
10252
1181
1961
8986
1640
2448
4640
1384
1635
911
2885
1460
1598
1120
4115
17233
947
1635
3706
2252
2323
804
1309
669
2193
4803
1063
2286
1882
13205
2112
15308
507
11142
1906
13367
4246
852
747
17292
1879
1563
1956
886
1369
2006
2211
1719
1998
1015
1233
1198
1054
4045
710
788
1526
1433
3029
4812
2204
498
2457
2767
6625
1372
6061
882
759
3776
1988
1127
1269
2153
3001
7318
3135
2753
1168
3726
1917
2680
18614
29629
1088
1255
830
5026
2216
815
4196
3517
1469
1029
623
1813
2178
8573
3535
1386
1042
1340
4667
5985
1870
8293
539
1504
1938
2385
792
1438
1898
891
1239
1326
2734
3617
5352
664
1208
1858
1583
7569
9561
586
1942
3119
1783
9050
3803
1008
7072
2062
1001
1228
6303
1912
1017
1903
842
963
4592
3224
760
1812
4140
9352
1637
3027
3090
2067
11818
5928
2429
8372
1860
966
1414
1185
1485
1843
5616
2427
3354
2711
1024
779
1427
1085
701
1747
776
2886
2888
698
1144
1141
5613
1373
1627
2571
2013
1693
3515
1416
2292
2453
1425
3101
1582
687
1507
1702
873
1467
923
789
2100
1899
2092
2928
1107
1534
8005
1805
4684
6972
1560
1075
13816
8109
6846
9900
928
1446
534
1232
3065
2974
1362
5945
1572
8918
5337
3212
1438
1677
4075
9209
1082
2321
1146
2595
1279
11481
708
1888
914
1063
760
6495
1773
2748
1474
884
1096
1950
4620
1131
1149
4197
793
1142
1395
1370
1672
1847
1833
746
1195
1380
6453
1745
5238
2358
5869
1085
1562
1490
1575
1736
7387
973
1115
4236
1156
3391
2983
1906
559
1999
575
3081
2581
1232
2212
10772
6584
735
1691
2216
1325
1534
971
1872
1443
5848
587
2874
2490
4867
754
823
2853
2897
1251
490
1397
2404
2921
1712
1660
2110
1356
1738
3522
1382
2113
1087
1443
1162
2038
2166
3214
2397
5386
1265
9681
7329
3258
866
9752
2899
3122
977
977
2247
1265
2182
2187
6771
697
2340
2228
9844
1934
1830
3640
1919
1290
653
951
1471
1801
3044
1323
1032
3827
9593
2360
884
8100
7398
3462
1833
1083
1207
1930
1147
2486
1367
1282
5834
6489
5605
1520
3547
1778
2471
1698
7453
1513
715
1000
2764
1907
2737
3587
2070
1196
1545
5425
4812
2011
1652
2133
1506
2206
2733
713
2441
2120
985
2147
691
888
1511
533
5754
2664
1091
2926
1474
1341
1395
2735
575
4790
11877
723
10189
3460
2992
2656
727
1254
3890
1514
991
2339
1403
2475
686
845
5428
673
746
6427
3674
6910
726
775
861
4729
1953
14314
1511
1763
2085
9048
2429
3438
1063
994
801
1835
3460
3571
2318
1563
1870
2186
2701
3537
1486
1985
2141
1272
2143
1344
3022
606
887
2246
7058
903
1011
2018
2226
3838
1760
21424
5557
1881
19120
1028
6707
7061
1985
875
4403
1815
4252
1132
1584
1207
650
5655
2397
5095
7459
1520
3227
5120
994
1817
2712
1592
2350
4080
7865
2101
621
529
2094
1716
2582
4337
9366
2969
4552
1116
1201
2202
1447
2804
1619
4696
1250
793
847
696
6892
14545
2471
931
3016
710
3419
986
1350
590
2459
891
3409
2356
2690
3455
1419
1308
1190
2050
4980
4938
438
1910
4417
1012
14575
1876
4277
1857
908
1038
2370
1031
4981
2080
1005
2239
967
1120
495
2534
6113
2215
739
1951
1269
1650
5168
2382
4830
1917
925
913
1545
2907
7162
1279
5428
1217
1508
948
2059
3315
3435
692
1681
1511
7866
925
2512
1330
2378
2773
2112
4735
1138
2180
690
1796
1448
12326
1331
1228
1580
1185
709
719
964
2758
7374
1476
2653
14405
2402
587
1076
2027
5039
838
710
10026
5840
1203
1462
2847
5524
3332
1564
2111
1558
1776
1401
1092
1755
1013
1058
2607
5021
2440
12657
1684
1733
811
1598
2476
2257
2573
1929
2263
9804
2201
689
1682
723
1725
2078
10759
1982
1294
1336
784
2458
2147
2444
7123
626
943
1282
1095
3479
730
2124
1315
2207
1332
1611
2405
1508
2670
1902
2074
8797
2321
2501
1163
2793
494
886
907
1925
2006
4256
1652
1805
1839
1810
864
10652
1248
1907
1550
1828
2029
1515
1747
3698
1185
1830
609
1505
2620
537
2396
2924
2096
2224
1070
4257
1151
3948
5239
1162
1653
2436
1457
1755
4226
2128
497
920
652
2466
941
1906
13870
1697
3923
1226
6499
1948
818
1582
2653
583
1108
3518
3156
1600
2297
1920
943
841
983
920
892
899
1267
1076
1272
1197
1027
1490
2669
7297
8417
1142
9772
1590
1607
1893
1434
6559
7516
1551
1712
2072
1360
435
1524
1366
691
1917
2553
1453
2528
2183
2207
2123
1130
2544
814
1227
6714
2044
705
811
1468
1713
1205
3782
2295
2411
602
4322
3603
19284
26064
686
1890
2520
1684
13440
1492
5644
1401
872
2178
2093
1031
967
6667
1564
2174
1606
765
5423
609
3034
1830
586
1454
2688
579
5163
958
1721
2301
1165
5763
3348
1160
2051
1445
1164
2962
1748
2087
17100
1418
3511
866
1628
3428
1764
2711
1588
4754
5261
1133
1045
1640
1767
10762
1229
3306
1563
903
8699
854
5516
3092
4601
581
2924
2030
3488
1402
1907
5606
785
2170
1172
1774
1331
1079
1993
1428
2022
2913
753
4368
1864
1710
1252
2796
1582
1256
4435
666
1559
1106
1124
3919
5584
1846
1329
1976
1641
1820
1972
1775
1320
2616
2969
3392
1250
8638
1939
2092
7888
3012
2032
7463
644
2503
11287
4414
12113
1242
1151
2445
880
8464
3626
5442
797
2723
3560
583
1696
1037
706
2482
1771
1836
1502
2166
9282
1297
2874
810
3558
1630
8151
1131
2612
1762
777
1876
839
620
5299
2054
11987
3233
904
2063
1208
1863
873
5238
3524
2021
3241
14303
2072
2385
633
816
2607
4007
947
7792
1626
7616
4641
515
1919
482
2379
1959
2916
1238
2695
2509
2922
2720
2512
2391
1951
2084
1808
3636
1156
3010
1734
6568
1220
4112
13369
3258
1982
1572
3363
2353
1727
2059
2172
1648
1848
5461
556
17217
758
1111
1801
4337
943
5133
1950
2159
6659
1907
5913
1901
1699
1259
1580
1388
1362
5746
1290
5832
17384
1618
1948
2148
1858
30023
638
10298
2429
784
5374
1328
2178
1878
2259
1548
2105
885
2327
2680
1232
2437
1218
923
1488
1050
2798
926
584
2637
2612
13122
965
3760
15629
843
4444
12623
17127
1325
6301
9637
1101
5371
1533
6238
2253
1702
3410
1895
1844
2312
2768
1198
3538
817
1861
1858
1631
785
1369
2277
1262
1178
6062
3686
4118
3698
1585
1475
1010
3555
3438
2482
4477
4773
3531
1615
926
3279
1089
10904
669
1139
1763
3242
2568
1394
2559
1658
1620
1084
2605
1576
2704
916
2906
1135
2517
1731
1865
3911
1148
3203
1635
7109
13375
3283
1446
1240
1142
818
2384
528
5174
2612
2410
1712
601
693
585
5493
721
1081
3092
2505
1717
3746
2699
2416
1693
1986
1166
2493
1562
7755
588
1350
1448
1481
1929
2504
3626
1220
1960
8512
769
1655
563
763
10109
1490
1980
14498
1161
861
2934
1748
4045
927
9220
827
1970
939
1086
1507
2630
2082
1072
823
2628
1203
2788
883
2675
1056
1865
2137
789
1616
506
1651
11112
672
3039
1654
8952
2045
1788
1187
1259
1096
1557
10764
1644
633
1856
1981
1056
8494
2448
2890
1478
4299
691
1084
1412
1367
10659
6129
845
2593
2362
2334
21399
2552
2585
1513
1495
5910
865
2048
6866
2691
1282
1860
1142
1366
3590
1014
4218
1867
3121
955
942
2901
822
16479
2604
1348
1584
2539
3904
1082
4172
2969
3714
1044
2116
1744
1604
6306
1613
1929
8313
2355
1317
4246
1627
2604
5936
1143
3983
1879
1025
1136
4614
599
2326
2491
1109
1575
760
1449
1515
5377
2179
1189
1974
4399
1134
2244
2865
1457
2221
1578
1097
1664
1899
538
1207
1839
1521
1681
10373
2159
1938
2749
10549
2237
1219
1139
3034
1058
852
1241
2203
1123
4547
2270
1634
2415
2622
1926
2592
4961
1415
1758
4964
1185
13511
1966
10772
3649
1727
2802
690
11939
4891
7044
2651
2302
968
3572
2174
6435
876
1687
1282
1565
1932
1246
2068
600
19620
9564
2570
2196
2970
2411
540
3126
2174
892
1005
1641
4652
2420
1436
803
2369
2447
1219
17960
1880
711
5311
1720
1472
1389
1929
1715
1110
3774
585
1740
1331
2005
4270
1070
6573
1477
2291
2422
1850
3748
681
915
1119
1439
907
1956
2181
1103
7408
2689
9967
1232
870
2084
1181
1913
1630
1650
591
910
4775
1895
6263
8249
5293
3877
4257
5871
2019
682
1311
1991
1171
1623
2721
819
1726
2519
2139
2407
683
2078
1201
744
1294
1822
6523
3975
1378
2746
959
2307
1816
1078
1446
838
988
1742
2853
1261
879
871
868
2508
6589
1093
3203
1942
767
2058
553
4696
1720
730
1893
740
6028
1816
3541
1677
1210
2458
1450
1730
2219
2286
2703
1323
5071
844
2953
1702
2106
1329
4409
1409
1134
7015
1094
1535
4616
2458
12286
1786
1124
2264
1316
1441
17217
1693
822
2272
791
14444
1203
2591
2171
2410
1304
2633
1803
2844
1182
2829
3304
819
1190
2100
3115
2416
3326
2107
953
856
1376
652
1281
2062
3822
1163
1782
2435
1672
3316
8254
1949
1848
2970
3401
5199
956
2596
772
2143
1650
6877
2627
1819
1173
1966
626
1684
1143
667
1865
1041
2369
749
2713
1212
3279
1551
1143
3390
1850
2004
1915
1272
2031
1188
939
804
1395
1701
2116
6474
2556
1331
2986
7439
906
1605
1367
1983
1958
657
8868
3635
3825
1391
4119
1405
1264
2407
1389
1557
1877
1200
8180
877
5168
880
770
2139
3451
822
957
2950
1536
2101
8615
1583
2296
3671
2141
9408
966
1805
9087
591
1994
1838
1130
654
1430
719
975
4190
5051
2777
3047
756
1270
7481
3186
2495
1511
2524
2333
668
5571
1849
2511
4074
2898
1241
1463
1673
1114
1418
1355
1689
696
2897
3807
1016
1282
1808
1445
1403
1234
3936
1103
765
1446
2324
2778
4066
2516
1588
1159
1314
960
4002
2667
977
13372
1234
702
4432
1641
1741
898
2435
4612
2331
2747
6394
2449
2615
2610
1436
2638
2306
1190
766
1472
1599
1154
1931
1484
4356
2581
2364
10019
2386
2514
900
2834
4299
930
979
684
2806
9916
2351
1854
2406
1193
8254
2546
746
694
3564
3566
801
732
2265
2770
2875
2480
8909
13829
2549
737
3559
1452
2304
3024
912
1256
1350
8230
12606
2395
2376
1225
2673
1455
1616
1073
827
4289
1626
5602
3218
972
1627
2269
1324
1098
3360
1017
1814
1442
690
2245
1033
2574
2121
1139
2640
3345
1288
2658
4099
1046
2066
24540
848
1539
2564
15060
20684
3059
1064
3049
1952
1077
1933
2424
1494
4087
2373
586
1036
1199
1701
653
2689
805
8777
9481
907
6401
567
5607
2550
10356
1009
3255
2399
3088
2258
461
1385
9111
6594
2381
1251
2514
1459
1783
2250
1412
5587
12670
1771
7639
3494
2012
2622
1720
1958
1068
603
1141
1521
1651
2154
1838
1325
1141
2611
616
6741
1027
9526
563
2471
603
3308
2348
977
953
4956
1004
2975
943
2670
906
608
625
1959
14751
986
848
5276
1650
1539
1027
1668
3203
2678
920
2939
2702
1035
1024
1933
1210
794
1311
2432
1567
1699
3241
2258
1210
1844
968
1279
1204
1948
1738
835
1681
1363
3767
747
2422
2111
1679
2222
5697
1579
8793
2140
851
1399
1209
1093
3635
966
3003
1515
2095
2091
1156
974
1415
2311
1426
742
608
5871
1966
2491
6158
10396
3707
1051
2402
2313
4932
2292
3763
1576
926
1412
4367
1982
2096
825
1705
3212
1980
3080
1478
10675
1894
835
1031
4228
1800
3245
1482
1930
2946
1329
8579
1011
1724
824
1209
994
2305
1774
976
8352
1177
2044
9161
979
3261
5659
1727
2069
7956
786
3136
9032
2723
934
1441
1499
3156
1610
9192
3217
16342
1481
2726
2646
1717
1272
863
677
664
1328
7997
4500
974
2282
1224
2049
1844
882
1793
1063
635
3363
4795
1443
2369
2169
2038
833
1800
1729
1023
1570
1280
1272
3152
1926
3071
1253
5103
5208
13660
840
4785
2408
1988
2440
1793
1718
672
738
766
1029
2501
2721
1847
3746
1997
2929
683
913
2994
2506
2190
2012
1595
5588
1614
2327
2063
1807
664
1775
889
833
1415
2241
906
8464
1762
3150
3056
1921
926
4810
1150
2265
1385
1599
3089
1335
2512
2524
1401
5520
671
2378
4112
3959
898
996
894
1791
1039
2175
1202
1347
2108
1397
1867
760
6816
3344
995
1989
2494
1834
1802
1708
1581
1968
787
3552
663
2486
5619
2758
1356
2268
9227
601
2756
2072
15867
2533
2728
1421
1970
2797
1616
2911
1037
1524
2455
3008
4311
1833
1893
687
623
1081
774
4501
1169
3451
2747
597
2058
615
1967
736
2394
1284
3042
1178
1751
3167
1172
1616
2502
2455
886
3425
2053
1162
1469
1155
2019
1474
4740
2154
1225
2771
3468
746
1075
1565
3065
2000
4759
3424
7918
1943
1861
2264
1470
2058
1159
2158
4300
1781
1260
2367
1812
1155
2296
4168
1272
1838
2397
3154
3377
2362
1847
4554
845
2679
1541
2375
1706
809
1424
7802
1775
2119
5193
12671
1353
2101
836
18789
2271
1903
1558
3611
1595
7452
1344
892
1275
1623
1584
1009
5061
3104
1535
10060
2652
1020
2841
2965
1885
1877
2797
2082
1499
1232
1571
1635
10052
1513
9054
920
869
4721
1626
1125
956
975
553
1600
817
5493
664
4560
8662
1026
1084
3159
7054
6005
1113
2194
1685
679
2742
1615
4042
4840
1555
5039
1167
6703
672
1396
1937
1048
1329
1558
1494
2578
1928
898
3216
876
2174
3940
4016
1301
4650
526
911
2095
2350
1294
2196
3210
2498
1018
10707
2683
1602
984
8555
927
1391
1383
7239
655
1523
1087
623
3588
11584
916
1986
4817
1710
3191
885
1836
4167
1865
1400
1620
2636
873
1944
1784
2701
2579
1687
718
1984
2187
1070
3891
1382
1067
5736
1018
1090
917
431
1539
13419
7637
1202
2586
10189
1899
2003
2537
3510
1022
7617
1876
781
5159
6448
5166
1959
1841
4216
2074
1637
1702
1184
2573
1580
1766
1032
1984
2153
1254
783
1872
7795
1360
9148
10930
1406
925
1496
511
2385
3371
1033
11326
916
1211
2496
1021
6737
2490
7171
5056
3991
2073
1628
1989
2704
2323
2618
9617
1436
1365
6864
4729
4093
1460
1704
1353
3586
2496
2327
2729
4122
952
1476
7584
1218
3299
2241
1588
4383
6335
2028
1717
2410
1558
1046
3338
1134
1310
1920
881
1400
11951
2266
652
856
4751
1102
1177
2054
2307
1737
9555
742
2139
1259
1973
1406
15477
2587
1167
2397
1460
1894
1903
1065
2591
1696
1644
2188
2383
1760
6129
2237
1871
8150
849
1478
2008
1595
1551
2475
902
2050
2345
2483
13674
2912
1591
2920
2974
4787
2629
1279
1370
2292
2647
1205
1628
1499
4473
1009
1365
2068
1939
562
2776
6644
1661
1763
803
7307
1275
1176
9876
4917
1951
1354
1422
3646
1066
2275
1907
1395
1060
2797
2919
6615
969
1677
2532
11622
1699
862
1743
1236
1684
1286
4951
1056
2380
2715
1118
2429
4879
1923
1071
13452
5128
3809
6652
811
2291
830
5334
1705
801
1744
2703
1396
3266
2752
1033
6856
807
1452
1832
1758
1413
1933
1989
3087
1655
3122
386
701
866
2210
690
4280
1778
5287
1865
1335
2688
1673
1340
1808
682
1442
1906
1769
2298
454
1469
2048
13449
2345
8539
950
1152
1661
865
7683
2635
2231
752
1960
1535
1583
2963
2227
5122
402
1176
1139
1088
1559
1327
727
11701
1965
2315
4472
939
1479
2768
860
4044
1521
1825
1101
9018
2821
962
1007
544
1657
976
1191
3274
1064
1445
2018
4088
947
2579
2210
1045
3838
2235
1542
8052
2498
5863
769
2014
6442
5640
1065
806
931
2561
2662
3002
7469
2123
8615
1982
1444
929
845
1387
1728
1774
2820
3958
2424
1564
2363
2188
1657
1518
1122
2966
4601
2827
846
1330
1225
1903
2736
794
3020
3746
2550
2362
2173
571
2632
2917
3914
887
1932
5433
6239
2916
2685
2122
887
1345
1179
862
2308
7041
3183
11408
1847
789
1683
3920
1804
2041
806
2032
793
1990
920
4103
5284
2042
1510
2454
3315
1464
2187
1396
1462
1756
5234
2028
1639
617
21544
1561
7000
1434
4384
3276
894
2030
14933
2208
5746
1252
1453
1567
945
1268
10117
1104
5087
2155
850
2330
3602
1926
669
1236
3359
2044
2598
1933
1912
5302
2503
9760
1557
1094
1542
1254
784
10141
4815
1106
4752
1829
812
6548
4615
2436
964
16918
1001
1823
3239
3004
4220
1599
4084
1155
1579
2352
2676
781
1037
918
1135
2070
1772
2277
915
1190
919
2000
1067
2301
1377
1072
4033
698
1796
806
782
1998
1027
2156
1487
1200
1587
7161
1026
742
1924
1401
1717
2006
1854
3391
9334
1398
1383
1434
2137
1543
1336
1290
10224
10485
8090
2768
2126
1211
1601
2090
1466
3090
998
4025
1564
782
2512
2352
2136
1388
5110
2454
6117
1051
9911
4050
2507
638
960
1869
3601
2382
6268
3950
2339
1880
2001
7692
887
1279
10009
8781
1336
3338
2458
4319
1025
2839
13811
1597
1046
3129
820
2522
1899
2438
1086
2039
2418
2385
1787
1967
1080
1313
1923
2571
6304
1430
2893
832
1913
2128
3807
764
1627
4098
1015
1069
700
1597
748
867
1220
1523
2139
1191
1561
10923
1214
1349
1970
6975
645
1610
774
2100
1392
990
2188
2758
842
1821
1030
2164
2164
5361
1452
2400
2538
1813
2215
1173
1070
1183
3134
1758
7508
1050
1439
1947
2026
2847
849
1739
2751
1588
1272
1180
2225
2748
1777
1272
2932
1657
669
5822
3225
1212
1540
2191
1439
1313
858
3445
658
1370
1285
1156
3077
824
3101
1330
1375
2148
1459
1135
1921
1604
1707
2414
901
1917
2421
1896
2513
8285
2203
4132
3428
1204
2406
5077
1062
1120
584
1230
2574
1395
2374
1362
1333
5665
568
2039
3503
1538
1972
1442
3174
1754
1117
3767
1068
1725
882
1669
1207
2316
3878
1104
1280
3517
651
3675
2227
2440
6485
901
6981
1679
848
1982
2434
2493
818
749
2009
2404
5951
1571
1798
836
1254
1222
3570
646
811
750
1321
2112
1484
987
925
2613
519
2690
2035
972
1071
10186
1485
9016
2601
1877
798
2017
4771
1400
1028
1955
937
2347
875
1108
1426
2852
1183
886
1355
796
1701
1538
519
558
3864
1300
1862
1679
2590
1683
982
1639
1622
2626
3502
1294
1397
1018
3056
1170
1229
2308
1170
12896
1571
3535
12077
2101
4534
1015
9157
1940
997
2340
3090
1222
10063
2597
2873
2225
1905
720
1183
1775
1319
1288
1516
493
1406
1709
1485
746
4146
1540
1593
1832
2500
745
1480
2862
1825
1445
2792
1013
7885
1106
1434
1592
10258
5282
1389
512
1297
5597
1736
1669
961
1289
2047
1045
1475
1427
8751
1033
2576
1280
1807
1415
2458
5279
994
7021
1166
1349
757
1371
2171
996
1725
697
403
1417
7712
1659
976
2495
2661
1515
1009
3323
1606
1156
681
2601
711
2683
2730
1092
888
13372
893
2304
12330
1332
1293
796
1334
1445
1190
628
1224
7932
952
749
7010
618
1182
5458
582
1508
1907
1656
2375
1515
2834
858
947
1046
982
8863
2433
2347
926
775
2107
720
836
2767
954
2690
9331
514
2110
1989
1681
2374
5309
2010
1231
585
1108
3203
1556
1408
1375
2278
1733
3436
3233
457
1225
2556
2865
1910
1518
647
1853
11577
2503
815
1663
15183
1054
3600
931
1735
3335
9517
2333
1658
8894
2174
1202
1426
1255
5316
2427
1672
1270
1424
1077
1043
1167
2381
3758
1617
1434
1738
5149
8530
1118
4884
5685
1600
872
1138
1120
1774
691
1078
3475
1200
10857
854
2748
4059
1107
1270
2596
4606
2501
4832
1728
1095
11050
813
1574
682
1544
2077
2082
2621
7220
870
1028
5545
2065
4877
1495
1029
2365
1915
1113
2524
962
1164
1149
1538
2323
1384
1819
864
833
1569
2406
2123
2165
1051
2535
680
2706
2747
1892
10665
2655
1725
2050
842
2709
1448
2580
1528
1784
2632
1491
7483
1890
2215
921
1576
3765
1225
1867
1449
1226
2229
639
2918
2357
2065
3850
1266
1092
1407
2456
1776
1821
1628
9437
1633
402
1928
1544
1887
840
3617
4991
1314
2234
5243
5042
936
6151
2559
1875
2058
1373
1070
5044
994
869
868
979
3048
946
2862
1076
4150
1524
1795
929
1274
1339
1544
1202
8767
2043
9809
1499
1960
731
1551
678
2098
3087
1370
3390
5251
3074
734
588
2133
752
1620
3140
3688
5925
5766
2861
6732
4215
1763
1092
1210
1881
3071
5309
2494
1966
3614
1162
3104
3305
5081
2070
3336
7116
463
1966
728
1598
1487
2402
2307
1457
1389
895
3294
1383
1337
1449
1863
1449
1785
1080
4951
1886
7394
1498
2375
2130
642
2031
1100
1447
2668
5315
1708
2300
1799
1335
1931
2291
1274
1421
1236
2268
11356
1209
648
4527
2364
1103
3663
1894
11087
2350
2601
2930
1253
788
1629
1006
3186
2193
1521
1361
753
668
3206
2159
1036
4070
1179
3866
2017
1898
1510
1334
1445
3149
1551
1948
684
1607
1441
2822
3007
2213
4023
3634
11152
815
1197
1501
3054
1761
2858
1375
2853
1093
1734
1509
5442
1237
11388
1924
8939
2333
2781
789
1961
3795
1268
1429
2240
762
1270
1169
2061
1299
1263
1433
1920
3654
2343
2327
2708
3140
2494
1358
1422
2803
1322
1079
2162
1843
1063
1334
1449
634
1780
1595
7294
8371
10898
2129
1924
2427
1574
1594
1948
1911
2694
766
5388
7549
1140
2198
13130
1975
2792
1887
1501
1139
1150
3173
12465
1126
1964
1874
3404
4688
10753
7505
1723
626
2060
1460
1541
1667
2250
1488
8235
1686
2078
2407
2708
3072
2192
3245
3051
997
1946
1696
1683
1871
751
1693
643
10859
951
4617
1287
1122
1259
1045
2186
2772
2168
2678
2291
1449
2163
1472
1677
3425
1953
17028
1149
882
2055
1616
4222
725
2833
6011
2542
1283
2330
2067
585
5975
2204
1610
1073
1705
1081
3397
3894
469
6798
2713
1663
2807
4298
1203
1405
980
2878
1349
1996
9715
1862
786
12338
555
519
941
15741
1112
2316
939
5548
6496
3684
1651
1856
10043
4429
2445
979
2621
1082
5597
1126
4766
1783
1546
877
1290
2675
985
1072
1814
2424
1261
3356
783
1408
1751
2304
1212
1174
3116
413
1109
3972
1704
1666
742
2461
2230
2210
2219
2046
12525
2075
2122
1024
5313
1934
3014
1435
3000
2490
937
2199
2234
1733
13186
2378
799
5698
1568
741
9139
897
1932
1525
2326
1457
1400
1370
1421
1021
890
10901
14614
2866
7642
2565
1193
2429
1539
1258
2148
1498
736
991
3302
1414
632
1995
792
798
5402
4650
566
682
8414
7451
1506
1171
16588
3064
1447
2378
456
1456
1798
1617
3178
1474
1344
1270
561
3867
5048
1875
2282
3969
672
1643
5984
2697
1304
6625
2052
1914
1310
13948
7323
1874
587
1723
1201
2228
3971
852
1806
2460
2134
1504
1724
7625
1372
3274
3797
2126
1310
2411
7354
2058
2694
4239
2043
1312
2218
18491
977
2801
1875
781
3998
2376
1789
3784
2885
2379
811
750
1028
3533
1399
6225
3222
6278
2191
3229
1679
823
2193
682
1767
5296
852
2911
1688
1564
1632
1666
1912
1683
2485
1121
1498
1292
6143
1344
7426
1436
1314
1981
1691
5266
1301
5626
882
1469
1118
7430
1247
854
1164
6039
1426
445
12036
11591
6608
1713
2194
3214
1776
1871
646
1757
7113
1268
2404
1001
1769
10533
3896
902
1206
1566
3649
2661
1216
2021
3629
2284
2037
680
3146
1341
2877
3069
2068
1407
5801
1051
3327
1762
970
1070
1503
628
2032
2908
1418
1404
1176
8304
1237
2323
2159
3274
5557
1453
7733
6755
818
847
2712
1032
623
508
703
1307
1813
914
2335
2971
1213
1504
1842
1127
10972
818
1481
2504
2136
1743
1331
1029
5891
2816
749
3115
1339
1620
8173
927
3724
1508
12596
5006
5128
4808
2533
2914
1097
1893
845
2342
1227
2036
12411
2932
913
527
782
3063
1315
1726
2646
872
2464
2792
2767
3940
3740
6738
1315
725
3567
1052
1098
1066
4018
2829
2300
855
6530
1018
1189
1387
1792
1005
3630
11611
2801
3971
1254
2447
5983
8364
4376
1620
2064
3226
2234
2730
1924
961
2749
1176
855
2520
3843
826
1565
3209
2482
2487
2661
1761
1028
682
1611
813
2706
1379
1109
3038
2035
2553
917
1226
1835
1994
882
3360
1491
1697
2230
1950
4340
2672
2738
1823
1004
1042
2466
2829
1287
2566
7989
857
3173
2774
4384
2955
7950
1502
2589
644
935
1595
1690
2259
714
1440
1504
967
1280
1627
2459
3341
1084
3083
2816
2853
1808
1995
1449
3116
1018
1805
2645
1690
2674
1203
2836
2652
8840
941
1156
2014
4266
600
1597
1424
1473
1232
6841
2785
1747
1724
15257
1485
1228
8545
1231
716
1658
3411
1478
1005
2371
2066
1420
776
8233
2264
6333
741
1118
2505
3358
3672
2142
1869
1512
7137
6510
8259
809
1263
3700
1373
1072
1506
4239
1424
2028
1517
2005
9548
1016
5265
2715
2863
836
2118
2115
4291
2117
2776
1436
770
455
1548
1892
2567
2040
1439
4120
1216
915
3128
688
1420
4133
9344
5965
1600
1845
11720
1025
3785
818
1585
848
1681
2534
1614
824
750
4688
1180
4174
2582
2158
1735
8497
1054
1941
1940
1314
1945
1899
1047
1230
2121
1435
2289
1262
3735
2149
3435
1962
562
1039
5963
1122
1155
3298
2811
2139
1222
804
1729
4898
651
1106
3113
2027
1036
1048
6004
10043
2236
1431
2980
5352
1444
1202
861
1288
3720
2331
2042
3848
2419
1943
2357
2481
2064
1036
590
987
1690
2681
4208
1224
1389
1268
1341
1891
5291
1042
736
1917
1459
1145
1578
2779
6534
1946
1134
3490
1023
5694
1027
1245
2113
2142
3214
2126
1152
1887
3261
1688
1142
521
2404
850
1330
586
1511
949
5631
5379
1973
1088
990
2420
1750
1759
1160
2037
2006
1086
9567
2114
756
1885
4528
706
1010
2258
2528
1652
4482
764
4642
560
1231
808
1424
1113
1751
1139
2919
1873
1058
3051
8610
2450
1707
2999
2517
697
899
1843
9974
2427
1360
1817
898
3138
14086
1156
1482
716
2006
2566
2570
554
2984
867
1996
3972
864
1253
1553
465
2292
1581
988
4117
593
1122
1164
1236
1757
714
2571
10907
1258
2841
3563
3432
3655
4630
1838
828
1912
6315
2287
1178
1711
2439
1086
2029
2525
1538
9094
562
931
899
7209
848
2531
1242
1654
4602
1688
2781
2250
1714
1635
1777
1590
1876
2093
907
2162
1372
1059
986
3013
2131
1815
2378
1862
2123
801
1489
1979
2241
929
906
671
724
1950
842
907
998
3059
1877
2472
1544
2457
1818
1346
7266
2226
870
1898
13975
1531
4211
1075
7997
1341
1416
10037
1121
837
2241
2608
987
2470
914
2942
2056
1423
1377
2214
2357
3780
2194
2002
2976
7711
2076
3254
954
580
2370
2316
4119
2197
1796
1657
4053
2819
1453
1632
1600
1156
10480
3449
1219
4231
11011
2792
1945
1067
643
2824
905
2458
2222
3391
2193
2974
6122
1127
795
1952
1844
6825
8577
2353
2034
3621
4532
929
4595
567
1635
3295
837
1736
861
3933
7718
1191
1744
1585
1198
6208
1368
12406
1820
5778
1987
2904
1506
1985
3920
1846
4084
1217
1030
1317
5464
1207
1619
1198
32236
2105
1188
2728
2831
1353
14901
5289
1429
1528
2192
1807
4506
1993
578
2393
1854
2691
1977
2365
916
5784
1359
2745
2270
10872
998
8393
1011
2000
1335
9760
581
1919
614
1978
1310
1031
2272
1486
1748
2943
9968
3055
2230
9558
451
1782
1734
3514
1971
1444
3751
1229
3790
942
1110
1633
8236
681
1126
1909
496
1744
1017
780
6043
1782
2510
2136
9895
2032
2330
817
1144
2346
1979
1407
665
1773
2069
1709
861
9073
2459
1609
867
889
9067
1164
2347
900
841
1496
4326
16579
3712
5878
650
3642
2948
2995
531
2906
2223
11131
1146
2235
885
1419
997
1476
4385
2712
2095
4391
7694
1856
8637
2699
1823
4347
1238
2586
2132
2634
1663
1418
2385
1331
1757
1378
937
1802
1221
2846
1829
2475
563
4668
2294
20546
1019
575
3403
2720
653
1679
972
2629
1803
2986
1369
1903
1221
22032
2045
10387
1131
4429
390
3854
1279
1450
1906
2027
970
7341
15527
11794
1400
8329
16761
1192
3030
3265
821
2365
1646
825
987
2748
2893
1351
642
2244
1019
3421
8105
1576
1399
4035
3813
780
932
1802
4152
1599
1194
1482
1004
1474
836
579
1605
859
1173
2435
1660
2826
1295
3252
1492
4960
1160
2358
916
1011
9180
2852
1517
933
1902
3047
799
1231
1144
904
1225
3054
1762
1911
2188
1300
3151
1886
12291
1462
2662
1399
1725
1002
8712
829
6060
2795
3099
1420
3441
574
1381
1750
3841
1918
2734
1847
1551
1879
15148
1944
3152
1012
3046
946
1492
2684
1190
5948
979
861
2162
699
1620
2106
2003
1236
1821
8039
1872
1709
2875
1279
4854
2135
1638
1388
2631
709
785
859
797
3369
1648
1857
4896
7834
1949
1160
1732
2079
745
2605
1335
1298
1087
3311
12547
1423
1530
2027
2171
2620
1271
1058
2461
7371
1051
1747
1697
1740
1785
1066
3636
2075
1930
1819
1466
5850
1505
1986
5000
1921
871
16811
1658
2773
712
1241
12214
1115
1884
1241
9855
2380
3010
1257
2073
1759
7338
481
1387
9364
715
1740
2057
788
1949
20311
2926
741
840
2123
645
1980
1170
17507
2936
2680
1690
4898
2448
2897
1712
1740
10539
600
2329
631
19071
800
1239
10823
2972
1405
1270
933
2150
2028
3661
4755
1633
2611
3124
1388
726
2102
2791
2759
2024
651
6544
1541
1685
2058
6068
588
2035
8793
5347
3340
1369
2115
2266
1726
1719
1729
4855
1781
6413
862
1163
3483
1557
3522
6817
1127
1478
6053
1237
10010
3636
5419
6662
957
1312
1898
962
1123
935
2095
6132
2332
2023
6049
3259
2658
1119
2195
1079
1915
1726
11206
19976
991
2532
649
12529
16526
17198
1299
868
1380
2192
2964
1471
960
4106
1707
2533
860
1344
2464
1612
1188
701
898
11235
4372
10617
1177
3345
710
20784
959
1519
1149
3782
8589
1622
1094
4587
759
727
2196
3682
9384
885
2594
3831
4561
2370
2835
3560
981
1892
1452
3154
3113
951
1357
6029
2384
796
2173
1747
1882
1043
6720
2800
962
795
1614
1604
1569
971
1511
1844
5257
1876
2009
927
2321
5515
2286
984
1760
3860
1892
1655
1964
2036
2063
1784
8871
3487
2016
3701
1782
11630
883
1371
1092
5214
1680
3256
3532
2572
648
2372
3150
888
996
949
15917
3340
765
1480
1775
3943
1308
1729
6113
1589
827
1226
1087
3165
1435
2437
1561
3610
1694
2031
2192
9364
2260
3475
1219
2010
2394
2255
2040
8002
1095
26726
705
4380
1287
883
1076
4799
1811
1673
1061
2493
12773
1312
2559
2693
1607
1365
866
669
4476
3208
6051
6273
1175
8717
2927
2631
4127
3805
1102
715
1513
1549
1392
1770
2142
1233
2345
1155
7159
18628
2726
2231
2178
1499
1069
2872
5655
1144
1773
1705
1272
1899
8615
1891
1206
8208
1407
2609
747
2457
663
1577
1390
2071
3594
1347
21914
1322
817
3049
5997
2619
1592
2540
1668
1658
1522
4847
633
1311
941
2286
956
768
2257
2620
1364
2754
966
1411
914
1733
1249
1925
1994
4070
1950
7166
3546
2804
2564
923
973
854
1041
1300
16527
1831
1460
1946
1549
2963
6164
1312
2562
9742
1831
648
8186
20566
2682
4960
996
778
1182
2000
1796
5138
1136
10704
2173
1592
5401
1729
2155
1169
5721
2191
2919
6022
1857
2633
1425
2002
1611
2084
1233
6825
706
905
2403
1507
1754
1629
1102
8558
1211
1732
1937
1325
2416
801
1169
715
5030
2179
2372
2701
2104
3437
2086
798
1982
1001
1363
3737
1014
1267
1529
1549
1716
1299
1835
2653
1331
1583
2355
1590
2587
1487
1617
1322
873
845
1724
2216
1003
1173
988
1398
6342
1453
1397
3658
8931
25687
1791
2122
3106
1337
555
24642
1544
1876
733
1693
1791
1321
4656
2724
1949
2342
2292
896
1237
2466
1191
7230
8132
989
2593
1871
988
2179
1269
1310
702
2575
3133
892
1434
1299
7020
1024
5016
1133
1703
7061
2249
539
1014
1994
8090
1355
1760
2155
1635
5694
2629
1139
3292
2349
2004
1718
1463
1510
1460
1243
3685
3069
12380
6513
1998
8740
4268
767
2296
813
2833
4034
1530
1777
2156
705
3600
1106
545
1743
768
947
876
1575
2239
1999
1086
658
7077
14525
2575
1067
1260
937
649
1273
3024
686
1977
1711
3516
8674
2113
1254
3054
2711
12926
1060
963
1524
3108
3159
1113
556
662
11934
1142
3374
1517
2236
1282
2217
3350
1031
9228
618
649
2794
1753
1686
2528
3833
3403
2517
23263
1241
880
3038
10856
2885
794
1553
1514
662
2738
3502
999
2287
1102
4158
2731
11676
1521
5679
8521
1695
2677
1735
3543
1784
3259
2338
5339
1564
2895
1195
2200
2062
2581
8218
9113
6034
1110
4855
1380
1299
1082
3389
1854
3651
2097
1396
2527
6537
2482
2219
573
1403
1729
2531
948
1092
1348
2700
4604
6425
2354
740
3809
1203
1769
5944
1541
801
2859
1721
1813
1695
11594
3261
740
4409
1342
773
2316
1140
1629
1422
1894
2303
986
1026
2084
1655
1920
1407
2011
1831
2506
622
2275
3402
7427
2247
1543
894
1665
21979
2470
1782
652
2590
1593
1071
8970
2664
2088
1229
1211
5903
1318
1972
785
1178
8214
1906
2168
2423
3832
1040
2725
660
2028
962
1566
10770
1441
1516
1041
1400
1472
9143
1329
9538
1816
1408
747
1795
3442
776
4387
1634
3127
2617
1602
1877
1017
1515
1489
943
2177
2808
1148
7507
3051
8446
1950
1180
493
1461
3903
1806
2237
764
648
1911
581
2144
2669
2397
3097
881
3224
1628
848
783
828
843
1362
1613
2530
3487
1334
8277
1330
2322
1993
2472
1682
1574
1453
1650
1440
2119
2424
1789
4238
1417
1783
4715
5600
1167
1477
688
1439
2378
944
2050
1558
2115
2077
1762
2072
3588
1656
2440
538
1254
1223
18376
1572
562
1818
2500
1670
9195
2292
620
2922
668
1883
1952
1013
1047
3079
1547
10002
813
946
2275
1144
1253
8024
2690
1178
4132
680
9800
3928
1825
5943
12696
678
1494
1142
1320
2260
607
1353
2416
6921
4761
2330
3839
2900
2186
1048
1360
1320
807
2421
679
864
3197
1606
3202
2294
1618
906
3980
1727
643
1646
1326
6885
490
3179
769
1395
1101
2463
1307
741
2085
1717
2868
6695
2313
1741
1036
1752
2044
1720
3957
15105
964
1294
3850
1564
3043
536
1702
1250
2416
1652
1400
2038
898
2001
1328
7390
7624
2427
1897
1748
8172
1345
3313
1900
3383
3113
2141
702
728
1363
8490
708
1107
1509
1249
1304
7681
2833
2255
1380
1725
2468
1110
882
6718
2270
2444
1443
4522
3367
2954
1775
705
983
1929
1402
938
4835
3154
2602
12151
1694
10506
1874
996
876
1390
4031
836
2032
955
2185
2458
6392
1921
1715
1672
668
3218
783
2071
879
831
2307
1694
4136
19027
1627
15058
1295
2223
1668
4186
1843
12443
1178
1287
2247
636
1766
2649
844
2730
567
2443
4441
2105
1649
840
958
1589
1805
1626
9663
2275
5141
1429
2352
1485
10332
8948
1745
1533
2790
1323
1086
2516
2164
1323
3158
7303
686
1455
16180
2398
7741
3170
2466
743
1473
4545
12672
15521
982
3531
936
2470
4622
860
1210
1130
994
874
447
1124
3642
2325
2944
1043
1553
3563
1776
1555
1035
1362
1340
1030
1375
1660
9082
1993
3328
1775
1587
2315
2040
2681
941
1019
863
1753
3214
1684
5616
1801
2606
2603
2312
2217
1033
1373
3366
15964
1939
683
1579
4041
3275
1609
1392
903
3874
3510
2089
1641
1167
1093
2595
1079
2320
18173
875
3545
3482
2456
1806
2241
981
1711
9510
1915
929
4031
2391
741
2365
1132
10540
1666
2873
1104
1342
3324
3532
4091
1301
1941
1764
1578
566
1622
995
1191
2410
7605
1164
728
1203
5026
2857
3119
2693
2412
6168
2192
7480
1003
473
3482
1678
1941
6002
2381
1394
1226
3679
7585
1309
1655
1514
3362
724
2065
6326
2891
2393
1079
1490
2547
1574
1023
1256
2799
2017
3863
1850
3045
1450
1138
1307
2474
1099
2442
1100
2233
944
1060
2119
1618
1576
1746
6718
3823
1290
838
687
1478
2381
2383
4546
2706
4092
3605
7828
2020
1806
2384
5370
1055
1612
1258
6562
2377
2231
2096
1744
11734
2279
1481
6828
3401
575
1919
6355
2476
8279
785
4878
1117
2229
744
5852
3856
2526
1487
1567
1385
2263
550
2220
543
1398
1026
685
2183
697
1646
961
5808
1378
712
18966
1293
2539
3193
1006
947
3187
1489
1625
2068
1592
2133
1800
1315
1060
1246
3125
1354
1800
1186
1808
785
1695
873
1304
1094
2480
1704
3421
1474
1157
760
6506
1041
2067
4244
2054
16875
960
2064
1715
1326
6054
1340
1268
4200
1528
14422
1191
6514
3459
1904
6434
725
1173
2869
7552
2882
1919
986
3070
8403
4272
1329
979
3272
5006
3483
1516
2035
904
1962
1602
2000
1591
2442
661
1121
2793
2441
1436
2578
939
1075
1037
801
4328
1497
2109
883
752
561
5337
2144
1234
909
1435
1788
6239
1525
950
581
2237
1090
781
979
2455
1741
599
2043
3408
2584
2893
1945
1825
1339
1116
684
868
708
1121
7992
2460
1620
1170
2220
1566
12789
4417
22334
2064
722
2766
2162
1540
744
3479
1995
951
623
1022
2470
1131
5759
2695
516
1122
4202
1505
484
2077
2077
2259
21478
1590
1750
2187
2473
822
1290
1087
1779
1857
1913
1113
738
1730
1222
8382
744
1262
1062
1343
7001
1050
1645
2036
2726
1158
3292
3619
1853
4123
2035
3789
1879
1823
1764
1412
1832
4884
1317
3589
2519
2366
461
3758
2964
707
8693
705
3429
1946
2326
830
661
4222
2437
4315
2168
7902
719
732
1198
1914
1816
2205
2803
1968
1482
1238
4185
2513
5518
1693
1523
1082
678
5954
1235
840
5959
1734
3087
1101
3125
4491
7844
636
3319
2590
3299
2336
1288
2039
950
1625
2723
1058
1562
923
2367
3331
3375
2596
1546
2240
1135
2517
2491
1307
2350
879
799
2896
558
2934
2377
1853
2296
6858
799
1953
2144
1453
11171
1623
989
2477
7313
1190
1525
1234
6201
780
2522
13009
1257
1697
1706
891
2794
1929
13017
2270
5073
1298
18743
1269
1934
7856
16990
1430
3103
2534
2974
2339
9408
1780
6888
746
4361
715
1439
1516
3052
1397
4255
558
898
2190
2209
1695
646
14859
1373
1281
3749
19927
2368
2328
1758
2288
22495
1019
1790
1430
9163
1753
1598
1533
2049
2210
2771
1448
1233
1864
930
657
2772
2917
616
818
23846
1976
1341
2508
4379
1028
2666
1701
1333
706
1803
3472
1716
1344
697
2580
1601
1983
1301
1684
1697
1538
1754
1686
593
3242
626
1687
1759
1403
3374
2385
679
2175
1576
13027
3962
1522
2101
2854
2361
2326
981
1095
1938
679
9028
2394
1119
1605
1030
5206
2298
4549
2692
864
3964
2507
6944
2233
1129
11286
2416
2181
13177
1419
592
2186
1139
819
2923
1144
3560
2200
1729
1613
3960
4556
1402
2177
1575
2006
2345
948
2548
1619
2559
961
740
1787
7568
2136
1544
2585
2848
1579
1515
1764
1785
986
3257
1797
1061
3655
1858
3755
1358
1919
1105
2070
2392
5783
1200
2871
1239
1307
2502
1388
965
1894
1766
1903
2471
2274
4158
817
1115
1279
1024
1881
4414
975
562
1688
2800
2003
3081
627
593
778
7637
1609
4573
2725
1329
2486
7860
1385
12294
1508
5972
1956
3514
1267
726
686
15552
2762
2816
901
1780
1123
1078
1605
2204
5292
890
1426
10025
2489
2427
1719
7589
698
1360
669
3331
4910
1184
8939
718
1212
2697
1966
2095
1563
597
1287
2242
470
3035
6262
2180
2990
1097
1849
2098
930
1771
1182
13901
1460
1686
585
4297
1397
1387
8437
2643
991
1946
1717
1705
824
1936
1251
5562
1076
567
884
4007
10858
2098
4528
2820
1519
717
1577
804
8758
1583
1585
2290
4403
1381
2021
2055
2206
1807
7648
1282
1079
1043
2415
2123
4667
1970
2601
1489
966
857
2052
1370
1489
12695
2263
1573
462
1141
3212
658
1206
2178
1905
2026
658
1595
917
1152
2885
1794
745
647
1236
1276
1034
2315
2628
3743
1431
4634
2981
2193
2996
2090
1390
2057
804
1994
1869
2488
2081
1895
2068
2991
1240
1632
1048
1730
8723
1409
4019
3023
1564
6297
925
1145
1239
2342
5507
1103
8250
4168
1717
573
2602
2744
1790
851
1684
612
2144
2010
5518
1471
3111
8308
4858
1179
2019
6496
2645
1784
1618
2499
499
994
2578
9009
665
2071
1468
3191
882
2557
2169
1253
2358
1372
2035
13114
637
2395
849
731
5580
687
2295
2557
1299
5228
1038
1445
1160
2728
1076
1553
1341
1632
3254
768
1174
1761
3766
910
1600
856
1050
2024
1130
1419
1163
911
1958
2287
2647
1228
4273
13168
1142
2442
2646
935
3107
19709
12075
2971
797
2177
3659
2334
7107
786
846
1692
768
2093
2395
1887
2256
2266
1284
3932
1638
11456
747
5238
4903
1101
3496
1464
3115
10839
897
15197
1996
5946
2678
5104
1749
2144
4874
1230
1271
3286
3374
5128
903
1130
6835
924
981
2695
3725
2060
816
3339
1809
2852
1170
1409
1103
1696
1458
2665
1940
1395
11843
4078
726
1811
1048
1654
2842
3215
15246
703
2580
1551
1589
1806
1282
3585
3286
4631
1107
1592
7097
1304
4041
812
2573
2699
1139
4000
4827
2018
631
950
1931
2001
2217
1182
1118
1895
2221
1003
1539
1438
1310
960
1341
3809
10435
2628
15729
3786
11768
2084
1298
941
1542
610
6416
1061
2079
1211
1535
1302
614
2747
26723
1834
23376
2322
3363
1801
803
4739
1731
2059
1350
6641
1376
1595
3622
854
3559
1758
772
3867
1311
6868
1139
2085
4207
3589
2034
1142
1224
2218
1828
1416
942
912
1329
2203
3878
4133
8746
8504
1061
975
3331
1668
3343
1970
1063
12895
1201
1611
2218
435
2196
1286
2269
2442
1899
1408
2029
640
2782
1091
1418
6823
1925
9139
1483
3735
2119
19202
1568
1703
7395
631
8064
2795
1232
1920
746
1452
2275
5684
1221
2414
1618
1624
2782
2197
1404
2889
1663
1528
2524
1491
3171
3163
3400
1756
1627
13627
2176
2702
1939
2700
1199
1827
11139
1308
2230
1179
1052
1516
1509
1622
1081
3624
4031
3282
1506
2436
1894
2517
1586
2615
1158
656
1820
603
5721
1331
14687
1309
844
750
1813
4276
1855
1522
1890
3152
1102
1018
3941
1200
1100
2560
2289
1415
2638
2598
1115
1827
1133
715
6146
1031
1037
775
2430
2962
1058
11096
1377
1047
2807
748
2408
2632
1989
2670
580
1402
764
916
2113
2830
1160
2289
5896
2680
1953
1871
721
1648
2572
1817
2288
642
2382
2244
1996
2237
2708
654
1754
5735
11080
1888
880
1902
8614
2279
2022
4770
486
1992
6544
2527
1274
5511
1366
2949
2139
1306
2044
962
2624
814
1956
2954
1035
3827
3014
2263
2116
963
1197
1044
6147
4541
1398
1707
654
875
2251
1330
544
2758
2481
4654
1748
7636
1108
3097
26291
776
1178
633
16099
1409
949
2091
2135
1033
1042
1007
2342
4589
1968
793
2304
2159
481
2211
2179
671
5540
3454
1731
1913
2280
2425
1861
6878
2725
1831
3374
3489
1692
1541
1346
3234
1746
2067
1309
663
