5714
2781
851
647
1284
811
5665
1341
8686
955
616
3394
1917
2468
1817
2390
5580
1236
2806
918
2087
8106
9283
22695
6621
1270
2122
1462
1850
1311
1899
1244
2088
1255
2238
16578
1915
476
1012
724
1106
19530
1815
2479
4418
1785
2031
3349
1001
13041
1602
1909
2190
1482
1620
929
1530
10287
3041
11623
3377
2340
1526
1672
1503
1009
974
3063
1010
1718
1762
2434
5497
731
2029
1495
2337
1076
745
1826
2911
4736
3339
9927
2296
1411
1666
4722
646
606
2968
1838
710
944
1550
3717
953
1378
1163
4265
1332
1486
796
1579
1615
4162
1328
4461
1687
1606
10939
743
666
4720
1414
6548
4534
986
2187
743
19294
3115
859
7883
2550
1195
880
4178
1936
972
1163
8257
641
1560
762
5005
894
947
2189
6729
1624
5920
1059
1597
3995
3734
5693
2020
1134
1888
1099
1838
2071
2629
2234
14317
2623
3834
6322
2466
1155
764
1371
3654
1440
5526
11525
9526
2845
2802
8151
1046
1173
4330
1595
2557
2213
2308
1960
1526
6732
1552
3139
2133
1671
2467
1233
6535
6520
3199
1884
1347
1719
3784
1705
1061
984
1613
1862
1446
2156
2604
3085
1248
1811
1340
33029
988
1106
3426
2951
5345
1781
7649
1740
2260
2143
2465
2330
1096
2002
2307
2231
2161
2200
8958
1464
10945
1406
1875
3464
1779
1172
1714
2677
4949
1058
878
2055
798
2922
1886
3078
1652
738
941
2668
829
1898
2604
1734
697
2197
5934
5551
1821
1882
2203
680
1414
2214
4664
3963
1249
2239
2331
1041
747
2417
5167
635
3668
1176
4381
2000
4915
863
1518
612
1402
3817
1293
3055
1504
4886
1050
539
2332
2615
1851
2988
1858
2455
7010
2702
6480
9218
1498
21456
1531
2683
6767
2166
1521
2015
1264
9588
1481
1083
1492
1580
2941
7331
6352
951
2299
2604
4760
13899
502
2154
1885
2286
9367
2098
1245
4776
1147
1551
1020
14065
2504
8033
1567
1976
883
870
1966
8266
1591
1983
737
720
3269
733
5172
1213
1608
3805
1396
1082
928
2292
3929
2018
26946
1321
2041
1256
16146
1912
1155
2646
1899
587
3834
2233
908
2637
484
1357
2269
2302
3407
2086
2538
2693
4065
5151
2513
1327
4400
5024
1606
5852
1797
1718
2103
649
2388
2207
501
1014
2510
1812
4820
3177
670
12669
1319
6686
3629
789
1247
899
4146
705
1251
10414
1285
8076
1216
2068
795
3137
903
1266
3127
2280
920
2792
2902
3183
4717
5183
6564
1563
748
13926
2274
2116
1893
1422
15069
2782
1418
4628
14070
1228
904
14312
2016
1211
3252
1740
1738
547
1284
905
2436
11674
1140
5275
1211
5797
829
3095
4054
3341
726
9627
3131
3611
2333
2740
1565
723
5573
3918
4878
1468
1103
3096
1835
1077
819
1598
763
1338
4937
3318
3027
2906
5446
5046
2598
2240
3529
2876
1748
716
2963
4453
4666
5511
8965
3499
4730
11384
1479
1600
2643
7758
2006
1196
718
1657
817
1393
991
2040
719
7171
1976
1933
2623
1704
1154
1334
635
644
1707
571
1401
9833
1656
1306
2408
805
1685
1278
2186
883
1149
890
7978
1774
2263
2531
5422
4615
2146
1673
6156
13104
7530
1482
2122
1645
1032
1134
973
4902
2194
944
1388
954
11489
4388
1241
532
982
2088
3948
2038
2420
1509
5323
773
1264
2443
1827
2102
923
1495
1427
1724
1044
1169
1384
4174
2347
2441
1940
9369
16506
2468
1847
1751
1730
828
14205
2473
2544
627
3215
3655
3158
12710
1210
10883
2417
827
1587
6975
13098
11112
21004
7334
1157
755
1724
1893
2270
1574
9125
2318
1350
6862
687
7270
5106
495
3755
538
4001
768
13676
19782
2006
941
1491
1114
832
15365
520
2006
4978
1062
2337
3103
3682
2824
528
1000
3355
1268
4592
1263
2088
5130
2116
1407
483
3926
1352
3073
1642
1223
4089
3522
1343
20846
956
6828
4071
2771
1168
719
15985
23366
655
17413
1972
1638
3609
2615
3445
2674
1655
1115
6932
1422
9205
2111
13211
3416
1863
1146
2463
2831
1397
776
1853
1921
1942
12000
702
1598
710
1909
1103
1646
1144
1214
1459
604
2309
4619
1332
2771
3076
957
6029
1677
1965
4184
3434
1465
911
1631
1612
2138
1157
4529
2433
1587
1875
6424
2719
1494
622
1387
1729
2171
1720
1330
3405
1822
23204
2559
2374
363
1232
4909
42113
1904
2150
747
1554
2969
1563
2655
1306
1621
3983
2325
2754
2145
1736
2799
804
1147
2325
1267
738
1520
2276
6565
18295
1374
413
2594
1948
23195
1215
6927
1613
1065
2380
1419
1001
1509
1916
12450
1441
2415
17770
1327
9479
1704
1898
1998
4711
908
1359
1168
2730
1851
814
2168
6851
1518
715
753
2281
2672
2713
2331
1595
1032
1299
11941
8444
2442
2140
465
1949
1708
10306
1535
1598
3909
2062
1220
899
8175
2608
4996
938
779
2215
761
6105
2583
442
1814
2667
1050
2644
2059
1374
1465
1627
1063
1208
1942
2310
1047
2413
931
1984
6932
13006
1052
11182
14014
6937
2304
2911
3078
1482
11818
7342
3858
2406
1777
1179
2461
518
1526
1591
4779
7519
3154
3766
592
633
1394
1085
432
1429
1124
3561
4763
902
806
1916
6450
1524
4512
3249
1469
1427
2778
1940
4239
4941
1230
7364
2145
511
1941
1472
787
3209
4655
764
2388
1540
3136
1524
1273
2329
5362
1381
4684
5356
5333
923
2247
2457
7071
5554
569
1095
496
971
1942
11617
1324
2354
4151
3376
5156
1978
2416
7192
3337
3027
1885
1102
795
2680
1470
13284
679
2019
2201
639
922
2906
9215
9477
1566
1852
1302
1888
16780
2182
778
2369
829
1490
1066
1298
1372
1778
12710
1211
974
1258
2550
1721
2826
10222
8567
1085
782
2705
1127
5939
2856
952
1363
7576
1839
5960
10841
1620
560
1602
656
5190
1490
1894
1207
3408
4775
606
2785
2670
1330
955
971
2087
2051
12202
483
2028
10647
15649
1239
1894
14761
2256
898
437
1478
2210
5819
1225
1529
4180
2238
1719
4641
1380
3240
5900
2714
1225
4419
1624
1789
2499
1274
1079
13721
13433
3509
866
2154
10832
3663
570
1022
1592
1768
3089
2558
6771
639
2884
4344
10598
2112
1747
2006
8574
1092
1515
1395
1471
4210
9559
2219
1032
2000
9121
2340
953
1400
2257
1730
2330
1745
634
2878
1349
1505
1359
1506
1849
2907
1909
1773
6572
1518
1822
2312
7326
3459
1039
965
4324
3039
11147
2542
2328
1575
1986
29217
1924
1306
1904
2127
1351
2073
3073
920
2770
2295
1124
4954
948
1742
2569
650
7899
3535
2775
1886
2020
1626
1113
8375
1176
8979
6744
1678
1419
4086
1597
10384
1033
1000
16068
1468
1135
2005
2556
2012
531
826
1740
1649
746
11671
1808
7559
704
908
2525
6024
2069
3010
8524
2019
3699
1940
6028
1796
1061
1136
1063
3477
4020
1855
1965
1748
2304
1874
20076
6936
1924
1015
3912
2413
2844
1344
2032
585
715
7117
5042
940
1017
3120
2226
10120
4711
7090
6289
4192
14638
1366
3843
10046
882
1281
2848
1589
3442
1092
1733
1329
639
2521
2230
6632
2820
2678
3609
12135
1047
1956
2559
1136
3608
3205
8339
1014
674
464
2480
1540
2190
5013
5948
795
13529
1292
764
1990
687
1571
1167
7766
1675
1119
1108
784
9100
2282
2485
1300
2015
883
1243
2034
2587
551
2423
687
1210
1774
5146
3736
1341
1875
1061
2583
7454
2359
348
1838
7737
5363
18982
1830
1542
1771
1105
822
1586
870
2431
1669
2552
9075
1177
1099
495
1088
7134
2590
818
2064
1309
1594
5177
4369
13803
3345
786
628
5453
1908
28649
1102
2726
2765
1508
1781
1983
5064
11326
769
9461
996
2759
925
1599
1960
6409
7289
2116
3755
1461
2180
848
1467
760
9585
1331
1691
1353
1639
395
662
805
3945
12337
963
2533
26993
3600
820
902
1743
1376
615
870
3083
3245
1564
1903
2681
10764
3242
1433
1667
1586
2011
1540
2064
3753
1117
1208
2442
1951
2291
2816
1614
1382
740
1937
3558
3501
1966
1381
2593
6781
2201
605
2839
934
1872
2117
2269
1982
2105
872
1063
4365
1434
2201
5171
831
555
1149
2061
14836
737
1391
1679
2198
1191
1065
13505
1615
4688
1902
1911
12716
1752
2013
1437
7789
508
756
1805
1700
1613
6880
1331
4502
1428
4921
1804
3196
1349
2084
2000
5319
1219
2235
1349
4319
1191
2110
609
1504
3083
571
10165
4973
1564
2262
1036
8389
5377
3391
2381
2379
1679
3638
8362
2202
2793
1285
456
943
542
1568
778
944
1449
2128
3207
1323
2996
2443
2059
1405
1675
723
822
1928
1854
2998
3619
2211
1889
1345
963
1170
1338
832
2889
1169
1317
1001
982
2728
5314
5811
1739
871
12970
897
3117
1732
2202
9374
2158
2779
3254
2072
2309
431
1474
1241
1912
1453
12054
2114
14525
3096
2579
2262
1388
1952
522
1797
2982
1571
648
1108
1703
1312
1645
1627
2210
2221
1189
2829
1807
3608
2705
602
1579
2086
1464
7741
1053
3745
1376
1108
6861
4941
980
1129
2780
2479
2048
2421
765
4987
501
8752
1286
1086
1306
2681
724
2592
1218
2664
1105
1386
11417
4481
995
10205
1839
2455
1226
9481
1131
892
1188
2945
1166
1755
4134
1325
2683
1104
7138
10734
1795
2345
2018
1246
6234
4865
17529
1080
1696
6110
770
6148
1615
21773
631
3763
2495
3099
1293
2212
3042
697
2448
1265
10122
1204
882
1054
1583
4417
2786
865
1565
1681
3460
739
6561
1711
1012
2839
786
585
10504
2004
4692
2127
1278
1262
1975
2338
6078
902
1622
1592
1007
1900
5112
1503
20438
2123
1265
25435
1675
1864
4819
551
2558
7795
4148
1482
2054
1700
8419
1789
1564
1784
1875
1010
18823
11742
647
2365
1520
1455
2885
3185
2444
1278
2299
1424
1213
864
1254
8447
1765
3638
749
2273
2425
914
1386
650
1121
8273
1609
5455
3314
820
3148
5826
1553
963
2732
1552
17718
2151
4932
9573
5760
1126
1623
2360
3584
623
4239
1204
6205
5816
384
2265
474
1503
2389
2446
1624
3273
1071
4593
747
3339
1505
1916
2829
7435
2116
1155
4589
12017
3134
1163
4136
5133
1696
2059
2187
1345
1617
3500
2114
1248
1713
1779
2083
556
7173
752
595
8260
4041
2314
1673
1187
2682
1728
1814
2526
1530
3116
1411
4687
7627
987
2952
634
1178
8075
2231
2699
1611
2357
7288
501
5660
2369
831
8331
784
2842
1784
2317
2849
2105
1557
4773
6063
1779
1330
1541
1550
11165
2183
3114
987
924
955
3637
11596
1369
3788
1726
1081
3021
2818
3182
812
4640
8548
1464
1931
1522
4195
1835
1625
1928
30639
1081
1640
1958
2522
2136
1633
1327
1858
1166
979
1749
4240
1554
2567
9751
3931
2161
4998
1497
3297
588
4259
15989
2782
4912
2984
5079
7140
1692
7446
2577
2697
486
1270
1220
2404
2116
6164
2209
3912
4098
1617
1064
3576
1557
795
2095
1070
2114
2526
2291
901
1148
2034
1538
11127
7604
11694
880
1042
732
690
1305
839
23861
2808
2341
4874
1469
15426
831
5071
878
1127
15889
3400
8612
2513
3619
14349
1836
8780
1695
3109
1637
2440
585
1217
2164
1598
13528
16463
5327
1183
1960
3652
758
2390
813
551
2252
815
5005
12281
1407
947
2704
6140
2897
1172
6005
5679
1970
1923
1567
1554
2958
1677
923
792
6029
4778
2570
795
12099
788
1591
1396
720
1605
506
1678
8128
579
3641
1493
2092
1853
1983
1125
2747
987
2060
5001
2934
1069
2884
1410
978
4602
2512
4961
1685
6039
1388
952
1675
1516
2752
2680
1313
24715
2445
1308
1641
1903
11128
4861
1399
1800
683
4620
2602
15782
2008
5551
1153
1993
2814
1014
2444
34355
4565
1094
5843
20483
1460
3159
8769
1149
2267
2168
9148
1392
2561
2001
3091
1488
1702
1722
16198
1849
1701
1645
3379
2032
1200
2513
2126
4941
1675
1952
1829
6034
936
1900
11971
595
2293
1598
2345
5962
1818
1865
1943
1913
1713
1189
1467
13287
4743
1741
2861
1457
1946
6124
648
3586
6846
680
1282
2153
728
1777
3378
1377
19602
2439
11216
2342
3175
1831
2023
1156
852
949
2336
1061
1393
2003
3157
5185
8550
984
2460
4549
890
1952
1718
1924
2294
2015
2642
1628
1580
3179
1029
1765
2207
25332
22781
2178
938
2669
1946
4939
1071
1443
1337
1848
1477
1206
2943
572
17408
15506
1532
3077
3918
5148
620
5874
1553
924
2775
1933
1279
1884
728
1477
4734
2363
2537
14233
1671
732
7678
2697
1743
1642
1693
1293
1275
1620
614
2872
1903
2140
3438
2037
2957
1945
2587
6624
5368
2069
1555
1927
1361
7197
907
2200
1964
984
2574
3454
1950
1215
660
2155
1797
1962
1503
2240
849
1079
5042
875
17335
1665
3259
33594
2321
1534
2370
1042
1069
12940
1145
1763
1857
4628
1778
8117
3808
2752
603
2069
7403
956
886
2179
10294
3004
1088
4472
1188
2131
962
1784
1621
787
1939
1742
12691
2253
1070
990
1417
10919
2352
1018
2486
10719
1002
2628
663
1825
1465
614
1662
918
1291
2554
6243
2027
4332
2062
1618
1545
2389
1805
5923
927
1679
1327
17715
971
1932
1848
2728
1491
1209
8475
992
2570
3382
2114
2771
3470
1365
14928
2661
1351
1408
1640
813
2099
546
8591
1336
2680
7492
1959
1007
3356
1943
890
1652
4141
1227
1725
1179
2025
1931
1330
1808
2175
946
738
3263
655
1282
2504
2932
787
7862
3172
1870
2496
9453
2954
1871
10861
2337
5394
2351
2219
704
2860
1292
6860
2456
1359
1650
5775
433
1378
1187
657
1279
1618
12972
526
2087
7476
6389
1875
1140
2282
2021
1014
2036
1582
2346
1284
785
539
1138
1788
2262
3337
2011
1857
2919
12914
2848
3031
1458
12951
1176
861
2265
3583
4896
2196
4602
1229
3811
5774
1583
1815
1691
921
4172
1262
3498
880
770
2755
2181
1997
1342
2170
1118
9762
3209
8689
3232
14309
2330
2538
2689
1099
3552
521
1135
1942
2034
551
2149
916
938
5638
1381
1208
1563
799
1899
4962
2417
24008
1656
13990
2180
1060
1717
3110
16126
2509
4104
1787
1557
11667
1183
2925
3121
1101
1430
2489
17171
880
1623
793
1499
1954
901
9724
695
1047
845
19112
1736
2248
2269
1820
1576
1314
923
20863
740
1757
15113
1712
673
2603
3923
1322
8172
2319
14688
2036
8480
1975
3441
3157
2211
1240
2638
3701
1532
749
11409
1351
1169
2190
2994
1363
6047
1844
2495
1338
13936
1273
1815
8979
645
1182
705
1563
2762
3132
1556
3799
1404
1055
17561
646
971
4119
3343
1184
732
10045
3300
8697
5639
4128
12452
1913
449
5144
2026
9431
6382
634
1014
1333
2022
7693
1914
2365
583
1344
1376
944
771
1111
2525
2587
2168
8348
1353
1149
2700
10304
1881
1786
1017
1784
3273
578
2882
1566
2652
3239
1490
7486
11468
3268
816
20634
668
6517
3483
1300
1396
2397
12354
4155
3696
606
1604
3531
970
4169
2218
2309
3866
4481
529
530
8616
1855
1016
5281
565
2824
3680
986
13909
831
1628
7850
2365
1488
7585
25962
2752
2435
696
1937
1268
6922
2829
1231
1130
1879
2706
28723
1669
17732
1026
8180
14394
5315
1855
2441
1808
9912
1861
530
1141
2374
2620
2787
1156
2941
743
3897
1576
1332
2008
11828
658
1640
603
1353
1931
1912
982
5543
1188
3546
936
23882
1492
744
825
2358
6101
660
1141
7555
1615
1322
1269
1704
1909
2691
2930
1427
2873
870
1014
7306
1488
1214
1311
2593
1516
1373
1317
2050
1309
3139
968
1334
851
1815
2023
835
2003
1835
897
959
2586
1858
1033
2197
2422
2223
2172
1735
979
2243
1095
967
2693
1086
1226
909
2193
2038
2050
1358
1452
1112
1178
735
1358
8308
1508
2820
2344
11362
3707
1051
9086
15651
1348
4022
6126
1216
949
1496
2318
1791
2395
631
1448
1904
981
3702
1054
2340
1269
1019
1191
7570
1823
4710
1123
1880
2390
1905
13183
727
20869
1570
966
964
2362
2298
976
5264
643
2125
3514
990
2192
5701
12601
2519
12047
870
1725
2414
2048
934
1567
1353
2197
1363
23549
3454
7200
4419
5183
1721
1974
1959
828
1400
955
2200
1650
8963
2160
2672
1905
1574
1852
1045
2688
1626
642
2677
8917
1311
1283
13094
1689
896
1204
2096
1559
2411
1449
1270
6258
2023
1996
1253
1858
1892
2046
1054
1171
3125
2138
2415
1673
1531
584
939
702
1338
4549
1508
3207
19804
14690
2605
1057
18949
2405
2060
2839
1734
1019
6698
995
7632
3617
779
727
2946
1292
1567
741
12866
2383
1865
1762
2381
2264
2384
911
13757
1344
1645
1782
1530
2114
1127
14682
2774
741
1200
685
2402
2687
1798
757
1862
620
2474
1403
1555
1897
932
2103
943
2222
767
3755
2292
782
1673
1773
1937
2327
1714
2472
1682
1860
3263
1954
1457
14235
2758
1566
2336
6677
880
43227
2608
16142
2035
4337
1964
2049
2756
1616
2868
1009
9112
1260
16483
2714
1657
14106
1158
422
1565
541
3489
535
1973
1557
622
2416
404
4064
1342
3112
3117
2296
896
2325
1870
1292
1443
1716
9723
691
1190
1222
1380
2085
1155
11280
1137
2015
6763
1260
3877
13155
689
1569
1312
8254
2744
1343
2096
1984
1683
9196
21421
2467
3168
6176
2225
2703
20828
1703
1722
2009
1898
1446
3381
1104
3617
1820
5720
3836
4299
18970
1311
1114
19168
1440
9671
1912
1045
1748
2020
2118
4597
1775
24618
980
1391
905
3010
6993
1809
1316
2101
1645
1515
1469
1217
2926
1726
3024
13188
4243
4056
1257
7001
2835
1020
6929
6266
1528
1379
3172
2440
2137
954
2420
1190
2642
2261
2559
971
865
11451
1585
1067
1426
2270
530
3032
2919
2655
981
2118
19277
4906
908
3237
17354
1123
776
1810
2163
600
3112
724
8249
5970
1525
7935
1815
2716
951
2952
1612
1158
6420
2075
2544
2132
3408
1138
1816
1662
2540
2561
6594
1362
1823
500
1306
1575
3933
1294
1274
3913
1956
2489
22930
2077
1205
772
17695
963
1370
5387
8847
564
1485
694
623
18548
2612
9959
2745
8435
974
2128
1130
1842
1980
1553
2419
1283
3054
1315
1313
1179
1203
3368
1682
511
2701
2187
1314
4212
2742
1727
2215
1241
1135
1034
439
1763
2051
2166
1202
5869
1940
2147
1323
3252
1348
1449
1275
3585
3137
1094
17743
2584
3055
1353
2979
1748
1017
2046
1123
1210
1580
1336
878
1625
2422
1373
680
14029
3239
1261
12089
2169
1495
1130
3895
432
16739
3570
1386
10893
2630
1391
2214
812
13324
2110
8015
1793
2353
1667
2074
3578
2279
1843
2244
6672
1160
3719
6265
1818
2927
1699
1337
2007
3129
2356
2551
9960
1992
1283
1208
14704
1495
22609
1734
5496
2356
2036
6261
5186
8013
1443
1314
4799
2203
2064
1946
1338
1068
6564
6531
688
1000
1690
1102
1095
1524
1134
2371
8334
948
1524
1844
1893
3042
5478
2524
1167
1079
2693
1434
21655
1235
13390
2873
5276
8300
7339
6079
16328
1870
26487
16043
869
1920
2789
5010
2114
3416
897
1958
2644
4218
1939
6197
16258
1702
2525
2818
7911
1078
1756
8497
1870
1272
1782
2296
2401
1738
1631
3395
2850
777
6812
2978
1717
1914
571
1344
1336
1213
10203
15582
1378
1227
2655
2673
1387
1928
3600
1534
1060
1238
8021
1763
1751
999
2621
3025
2065
908
2029
1822
2267
1377
10396
7984
2900
2415
1407
16926
2738
1552
2248
2950
2631
5192
7866
1696
2172
823
1493
3082
1006
1727
2905
1649
5610
1427
1033
2019
1602
960
1263
976
1235
1895
1766
1776
1010
17798
607
625
1446
1907
690
13358
1778
5210
2118
1731
1092
2207
1068
6375
967
1404
1697
4361
1804
453
1444
2870
5955
2667
2232
1190
1054
1690
6567
2299
10959
1998
747
5105
2524
887
2885
2103
2068
344
1813
2324
1088
1044
1111
1037
6481
2363
6334
2877
1802
2168
32940
990
13037
13325
8370
1301
7121
8764
711
1325
690
3530
2023
1807
2177
918
1637
2614
3382
947
2707
2247
872
3904
13050
1542
4731
2623
7154
1750
1515
2871
2302
2995
806
1414
1595
4649
6551
7320
1654
6973
1865
1998
1198
1052
2000
1246
10552
2218
2620
15332
2736
12445
2907
2696
26204
1061
2311
5397
12087
1071
1397
1656
1207
6869
587
10922
18477
2640
3817
1148
521
1399
4908
1212
887
1603
2229
1763
4088
2524
906
1153
1790
1059
5269
2925
1173
1965
2308
1893
603
1810
3916
2073
1836
1802
815
1494
1039
893
3820
1581
2511
1504
22465
1867
9034
1256
2957
2139
3409
16583
1793
1702
970
4056
3236
5631
2486
2790
8516
1509
1808
2504
1526
7521
1946
1149
2447
936
1211
10992
1246
10037
8345
817
2324
8493
2316
779
1136
5354
1514
10662
13530
2105
5820
1828
4385
4074
2009
1088
1388
797
4258
8915
1210
1751
8127
509
1844
2209
2023
964
6051
1246
2553
5831
1599
3164
16409
1942
1828
6061
10181
2197
768
926
927
1135
1875
1306
1134
1032
741
2326
2850
1312
7190
2017
901
1892
1626
1841
727
707
2042
3650
1472
1705
2261
1224
7258
1448
969
1924
1427
2077
11529
2022
3391
1757
7763
919
771
12238
993
2641
1843
3645
7403
1756
11987
2635
931
9844
1412
2638
12651
2428
2172
1528
1042
2975
6770
1859
1123
3179
2399
775
920
11744
1853
12248
988
1330
1519
2698
2969
2645
4801
1738
1235
2416
3682
1804
1010
8319
5964
1499
2725
4205
2953
1563
2502
3356
1539
766
3764
685
1633
1771
2671
1618
1296
2091
8586
1414
2521
1944
4126
2214
2397
7103
10658
3297
737
2168
1786
2274
870
1313
5448
1011
1135
546
1551
748
9246
1677
1319
1918
1908
1561
13496
1305
1442
1517
2409
1041
2640
588
3614
1260
1544
1579
22925
825
1848
940
5186
1724
14812
956
2461
1667
4981
1400
1260
1669
1230
2481
1095
9926
1050
1091
1947
2162
13076
1706
3355
2949
1614
2097
1296
1243
828
989
1253
3291
1203
1383
4865
1189
1255
1471
3223
4662
1543
2216
1506
560
1102
1156
776
3215
780
1109
2008
2198
2145
908
1861
1890
969
2119
2915
715
2528
2721
4045
2309
2578
2140
19980
3634
1157
2073
14253
611
1463
584
1311
2143
1458
6073
1302
1200
2617
567
587
13477
1858
1924
2430
2443
1640
1226
2600
1813
1650
4261
12524
963
2027
5330
1066
1213
4567
543
3285
1299
3149
8412
756
3169
1190
1149
1897
2106
2149
565
807
1665
8954
3741
1555
2385
663
1495
1049
2907
1172
985
671
1110
2112
1626
1335
1056
2931
623
1294
2035
1282
1860
3273
1776
1556
1605
3494
962
3022
1959
846
940
2444
979
1563
1491
1351
2087
2776
681
852
1320
990
1721
1271
475
558
3051
2277
9985
1954
4134
1999
840
1434
1123
2826
2065
2896
3510
1509
6373
1370
1575
1855
995
3603
1392
8243
2855
2787
2267
1307
14186
2002
1544
13237
6977
1396
12707
2850
10713
2209
7882
1263
4262
1552
1874
1377
18224
618
1341
856
1783
1101
9315
1474
2947
1291
1257
741
1554
3271
4448
2115
3055
1330
7045
11871
1507
2889
10108
6475
1930
834
1054
2754
2030
2131
1086
1314
3031
1293
772
1426
5250
3143
1344
2544
9802
2050
21155
8289
1662
2661
1119
882
1746
2325
3120
2203
1679
1193
458
6208
4360
1256
809
2544
2648
1332
1802
4312
1730
1667
547
2290
917
2741
14525
5085
870
7352
1195
2291
10034
1109
1145
1048
1419
2599
1287
737
686
1078
1232
480
1283
769
1003
1292
679
1609
1236
1942
3218
2139
3282
1149
978
1577
2469
5981
1167
3375
980
731
8560
902
1061
3119
1894
3314
4760
464
5524
1345
2003
8765
6775
1959
956
414
1596
2776
1198
1755
1375
3440
1324
11751
2555
443
1804
1912
2592
1777
1012
647
7317
3798
22401
1318
5384
1352
1380
3179
2080
1687
4769
9626
16176
1912
10576
2225
970
818
699
1527
2312
3117
1606
1278
2242
1080
3149
1655
4178
2636
1372
2948
962
2077
1514
15426
3853
1861
872
2739
1006
11470
764
1078
6335
877
2740
736
4622
17040
1350
1192
2860
14093
2668
1393
1491
1354
2436
1154
6647
718
1245
1962
3347
2833
7382
931
992
3213
2690
4873
1533
1813
2033
1047
1609
2048
1490
1201
1440
1017
2072
1753
1754
2029
1720
1563
2406
2562
1788
1216
2142
718
8817
1955
20331
2418
8323
1844
6227
1853
2255
1522
1636
7669
1293
2925
1973
2016
2050
2864
1554
2275
2937
6561
2239
12456
1192
2624
859
1176
1683
2065
2143
1367
8826
813
3111
1651
1766
1393
12699
1496
832
1831
1773
1713
628
3090
854
1292
1800
1391
2228
1224
12587
2540
11535
1998
1272
885
1581
1024
860
1257
821
2706
1058
1789
3991
3008
2584
7688
1574
1432
1368
1233
1123
7530
2052
3335
1628
2227
749
1210
670
2298
1333
1714
2554
4807
1870
956
646
2295
638
3900
7234
1206
11217
1927
3317
5578
8592
2069
1221
1973
7209
1750
943
2065
1782
4320
1461
3266
2180
3537
2459
4059
13526
437
2211
1108
2225
1676
762
5847
2077
2073
949
9642
897
2742
1171
1965
1306
1448
1426
2788
2889
6972
1341
5789
2004
916
2926
855
7053
2578
11270
2933
3941
3616
2080
2107
1969
6270
2597
1088
5079
2753
23293
634
2173
2474
1535
4147
8865
1560
2777
1810
2839
2048
600
1041
1593
2535
2249
1773
1898
722
593
1283
2194
910
2195
1357
13857
1804
1606
2367
2035
1209
3065
1443
1919
606
1692
1481
8163
2032
2557
18369
2508
13005
2623
1048
8057
2301
1460
1983
1138
2255
2723
1651
3084
5801
734
17954
1788
3628
15079
7121
789
734
6386
1593
1997
1637
631
1457
1169
1199
1871
2011
1287
2356
10459
5372
2486
7086
8132
3140
1788
2221
1654
1093
1362
20754
1659
1102
954
1791
459
2096
653
2326
1565
4445
2107
1924
2561
1757
1026
2093
12030
2675
797
4563
8314
6507
12377
1550
2913
1810
3712
1741
1000
2328
3266
2954
1593
1891
3586
3520
2576
7168
1912
4029
643
1106
1758
1541
5653
14798
1620
2260
1453
2023
2430
1665
3318
13341
4305
2679
1166
2785
2222
1838
1916
792
3915
744
3628
1140
6336
1122
1087
1045
655
2212
2075
6346
4972
2507
1746
5158
1221
1432
798
2351
8058
923
865
909
1625
2645
678
1798
6368
2218
2030
16134
1879
781
2441
3036
12275
1110
1125
1084
2492
3861
347
3155
1346
1488
2897
16881
1331
1360
964
11026
1211
2274
1216
2319
746
3703
638
748
1263
3635
1924
1396
669
2030
5774
3857
1459
1662
11926
1095
1936
1328
5574
1565
6128
1002
13041
1161
2176
2874
6855
14021
728
1483
1489
1682
1995
3296
742
1583
6254
1400
1280
1217
10078
858
2173
3872
1503
899
1453
1759
1778
2076
1192
2984
1159
2286
2662
1259
5017
1934
3361
3560
1708
2457
858
1339
4949
660
9960
2333
1134
5334
1184
1287
6823
1123
1270
1520
10810
3340
1427
1788
1564
877
1821
9475
9966
3664
1537
26571
780
5883
1080
1607
10783
11425
824
687
9261
2195
619
2210
755
1282
3139
10620
1127
471
2287
2967
2133
2218
6612
2011
2215
2400
485
2172
3164
5715
3177
1461
1748
1577
754
2043
2049
1875
1291
2372
735
988
2782
2684
1552
2022
3136
2329
1228
13498
4078
1797
727
2510
1704
2391
7618
844
3974
3030
15130
10846
2523
1844
1191
3177
1672
1152
1270
4362
1481
1997
7097
10698
2526
1233
3192
2787
1236
2174
2893
772
1910
1918
1806
3410
1371
1108
724
1190
981
9128
1106
2011
2847
2814
17247
8199
1214
1775
1304
685
2908
6358
658
2204
922
3308
1704
1937
3963
1464
5466
2589
1441
1788
2843
1508
1477
1789
1303
4164
9947
8094
1801
2590
753
984
1651
17240
1268
1385
1301
7190
2026
422
12033
9734
2706
3897
1694
3637
2219
1963
942
1004
2262
1065
2243
1117
10264
10746
1923
2313
2951
1170
14268
2223
1390
1850
3613
1171
2008
680
2096
1347
2194
2489
2183
1560
2960
875
9931
10899
3489
1006
1657
483
8648
5877
1274
1272
19435
1120
822
2216
1588
1902
2245
1453
13206
15918
934
1979
3551
1117
676
1409
1282
1532
2497
1151
1629
1666
818
2228
1346
1198
2308
828
1428
3383
2270
1593
1865
1430
2654
2174
749
2437
2140
750
13779
1886
14201
1380
2406
2868
2396
4733
6641
2064
3467
2308
1570
2535
967
2989
7462
1714
865
734
782
2630
1339
2621
2322
1376
1674
4809
23908
29478
7807
4426
3266
650
6754
1312
1531
1063
21548
2482
2249
547
4141
1620
2336
3797
2081
1097
2468
2069
2770
7678
1495
2207
1297
8457
9776
702
1520
3674
1937
8882
1829
1317
8046
1282
879
904
2208
1676
6614
3391
3433
2273
1744
1523
1116
542
13447
791
5498
2144
926
2850
2311
1861
949
925
11613
2252
642
7865
1584
1747
2086
1255
4924
16108
4166
1689
521
1253
1756
2535
1822
2091
4754
5544
3174
1484
2728
2408
14052
2302
2554
639
823
3040
4049
1858
1480
1147
1353
1888
2770
1627
1656
5788
1254
4585
1039
1537
1316
2560
6258
2712
1825
1604
1808
1057
9235
1803
2422
6668
5316
1569
1183
1664
2475
816
1553
1028
3004
2414
2792
8725
2775
1666
10512
5747
4021
3271
613
1390
1619
4029
2554
1118
14247
9956
2012
1260
2130
2306
3990
762
1601
2593
6486
3274
871
2622
1136
2385
1780
12121
662
1224
4024
1536
1322
1299
5051
1424
2233
1733
2219
3514
804
3291
5271
2009
695
2055
11476
3028
1829
2344
3035
1046
408
907
1879
2595
1549
2025
2253
757
2169
1076
842
2087
1853
14333
6507
2255
1308
9635
756
3413
1858
1676
1912
1605
2556
1035
1001
596
2140
1678
7288
2464
1680
8607
6685
956
2469
1750
1947
3443
2029
2483
1303
2123
1875
2353
1982
2236
6612
2706
2471
439
1585
21695
857
1498
3092
2219
9616
623
1113
1564
5164
418
810
3445
2798
984
1227
3309
4529
4660
2425
2788
9387
1633
2564
896
1444
3410
7838
7489
2517
1560
14664
4165
5954
1571
18272
733
864
1350
3634
4293
1668
2153
1124
594
2616
1887
1038
692
2075
1109
1416
1373
1027
3282
855
1101
3246
1824
7160
931
1198
2230
2595
1817
2239
1613
25554
2842
1698
601
539
15911
678
1111
396
2586
931
5744
9311
2803
1120
1711
2252
8824
1595
1306
1321
9211
1121
7970
2214
738
1791
2522
578
789
3100
1658
2071
2839
1617
2064
539
2030
503
1335
775
1367
1454
2347
1634
1788
3764
9895
17491
720
2946
1769
568
1229
14836
13030
17889
1259
1427
852
6642
1791
884
2915
555
2124
1993
1763
466
1961
841
3504
2129
960
1671
3742
554
3395
2471
815
1220
821
1710
1788
1584
2575
538
2285
9656
6787
3817
2160
2131
13358
4682
1762
804
2089
21919
12797
949
1662
1497
1466
2569
1603
3248
2512
558
787
2084
1969
863
2928
1782
2549
3724
1904
2069
2797
1714
1413
6416
1029
1731
1102
819
1860
1207
1792
1128
1642
1832
1898
1382
2456
1280
626
2054
1399
1418
949
959
2013
710
12259
867
1763
1174
1977
1358
2274
1574
1721
1009
1233
6995
1839
1157
2424
2949
958
1150
1075
1469
1408
1279
7066
2164
825
2634
1031
778
2026
1784
2641
1084
1931
1272
1386
16324
1474
2699
1875
3088
6793
1871
2366
941
839
1854
1923
1919
1402
2181
1005
1871
1819
1724
2914
2765
3592
2309
2144
1202
18142
8496
4709
5519
1200
599
2478
787
1989
2446
3329
3049
2952
9412
9021
1741
1943
1024
1865
2209
1315
1428
3790
6687
917
8385
432
978
2690
1643
2539
1114
1833
1382
2050
2575
1658
3989
2061
1293
1538
19314
8751
3499
3416
1634
1452
3295
2330
12181
890
907
2237
5262
1513
1124
1382
1713
13529
2344
2753
1324
2570
15973
13590
1501
2799
4165
800
1538
7236
578
4299
1346
3121
2349
8116
1453
28535
1599
1687
2551
1404
1637
1746
1475
1220
1575
10555
655
1817
614
1883
715
1493
4066
3676
1764
2055
7993
2176
2038
8425
451
1771
5489
3708
1965
1187
2212
712
1058
932
1409
1222
3652
857
1353
1608
538
2109
2700
754
1877
1567
3778
2127
4151
1293
2330
1511
1162
1566
2521
1065
607
4219
8243
1655
861
1232
1425
1644
906
957
6849
1621
2936
760
926
1528
2297
1725
1546
1157
845
3753
2110
2763
593
2805
1650
9275
755
882
1145
2775
1042
1832
1944
3484
1916
3176
2997
1871
1685
6636
2648
2247
1645
2312
5727
4005
1663
965
2592
2487
3301
1154
694
1291
709
2573
1621
1825
573
1572
2294
20344
665
654
3966
2702
561
994
747
10609
1295
2087
2052
2522
2276
3140
1815
11893
1654
2939
390
1538
18678
796
4872
2107
1076
1145
1730
3888
2063
10857
7406
1146
4907
2618
1303
1562
2201
825
807
2557
10202
1528
591
2657
1353
1949
16394
1241
1744
9336
6862
793
1237
2073
6528
2040
855
1250
1504
1474
2154
690
3912
1165
1882
2832
1454
2711
1372
3102
1192
4960
1158
2309
764
2631
1542
5140
1757
757
10379
1151
1346
2392
1147
990
21510
2307
1645
1437
2885
729
2451
1446
9326
1393
6771
16063
1590
786
1644
879
2276
5153
3314
2197
1850
574
1411
11572
2533
1564
2593
13623
1517
1442
2152
2015
3096
974
2084
931
1527
16689
1143
18843
1623
3929
2162
947
2144
1727
1784
1617
3104
1968
24439
836
3192
1213
977
2498
915
15276
2812
709
1072
673
642
2675
1561
1732
8167
2838
1949
1672
2399
3701
796
1375
3893
1457
720
3305
1423
1907
2440
2150
1931
1756
1744
10452
987
1922
717
1751
1143
9793
1959
835
1237
2402
2579
3194
2031
3564
1108
1955
3092
2153
711
3078
7492
2807
705
1661
2379
1659
8814
646
11998
2100
3244
1238
1848
1700
1989
454
2250
11808
817
7059
1937
855
9289
2859
1800
594
758
14940
750
2588
13499
7327
2289
3157
10301
16421
2392
1946
1712
1882
1709
598
2499
631
5382
551
1072
5971
9509
1067
1232
1123
1823
4305
1671
13562
2027
6310
9592
1818
674
7481
2273
2128
2266
596
2426
1651
1858
2501
18670
521
1941
2287
2389
6191
1332
2548
11830
1946
1719
747
1324
1893
5484
1390
1075
10513
1765
3460
8873
1848
1098
13267
1237
2989
3349
2130
6847
754
1690
4390
4606
1086
804
1839
7428
2470
1911
4761
3050
1107
645
2568
1313
2174
1072
2186
1440
901
1712
539
5852
10228
2167
1299
1106
1380
2560
6613
1378
2604
1483
985
9217
1176
14937
2900
1687
1484
525
742
2633
3136
3267
1649
13041
1008
1651
798
1184
894
11019
3508
786
1488
2621
1565
916
10212
2721
6354
945
6768
6023
7503
3086
15707
2720
1176
2346
2414
11051
1790
1047
2031
8327
1735
929
2578
1417
1661
5945
10116
2201
2048
722
1600
1753
2558
1060
7382
979
16256
3080
3296
1248
11920
1392
8292
1826
1675
2197
2268
1081
3159
1461
2737
2905
1896
2525
5620
9646
2749
8569
1704
1384
1042
6448
1464
2024
21980
7639
720
2850
1687
1867
900
1017
7040
2428
642
1480
1170
14645
6132
1624
2316
1009
1485
1324
1282
14572
1803
11680
2362
1916
1886
1597
2358
1619
2251
2306
4967
2294
2910
8634
2096
8127
927
7950
1293
1116
1766
2893
791
6916
1152
1668
1829
2344
5314
2649
1730
11992
1017
1413
924
565
3260
2421
5451
8700
1645
3188
18716
5368
18960
9744
1193
905
636
600
2276
1580
3219
805
7177
1342
1815
14427
2556
1659
1756
1118
1069
3683
3124
1490
1998
2160
1099
2441
8668
14781
2048
3960
817
2842
1110
10858
857
2219
1923
2075
18855
826
10060
1378
1252
1497
1709
3569
2094
2093
1606
3036
3235
10596
631
1684
1141
1225
2316
579
1848
2643
853
1566
2337
937
1113
1499
757
2205
22172
3147
2780
18428
1169
2337
1589
936
1306
1308
1041
1399
12761
1792
1249
1914
710
11179
2083
1363
3225
2476
1472
923
2302
16717
2270
5482
4924
1682
920
3777
1339
2489
1814
2234
23220
1605
8431
1070
1268
1346
11369
2230
1679
3604
2157
1213
1425
2968
1333
1703
906
2702
727
1557
1175
1915
957
9879
836
8792
33679
909
1162
1490
2187
2313
2875
1301
5003
8294
4685
5739
4280
1437
1194
1255
3164
1001
2472
1149
865
908
1093
2270
3352
798
1435
2124
1637
1583
1382
1253
15058
1071
2975
995
915
2703
1480
1559
1323
1965
1882
2718
2355
982
1832
3976
9510
2514
1846
1538
1607
974
795
14516
931
3067
1319
2138
1701
1305
2518
3753
1823
1945
2054
1988
983
2312
801
1753
7795
1101
1857
1663
1157
2179
1310
728
612
1351
5905
1090
1434
1967
6313
1173
4834
1331
2567
4354
2249
708
730
1107
2046
1547
1215
1564
1002
2522
1686
1397
6064
2218
1565
1991
1092
1511
1896
849
4114
8721
2100
3615
1612
4549
2659
725
1588
2448
1162
13041
1835
2501
7871
633
2709
1137
545
1335
605
893
774
8008
2036
1664
1146
788
1874
2938
3418
944
1323
790
691
2018
9613
645
1626
8592
5939
10992
1588
1875
1415
2479
2379
1535
1147
1615
2509
11502
2570
700
621
8526
1133
2074
1516
5507
1217
2780
10068
898
1905
901
798
5885
1505
1597
1909
5860
2270
1115
6166
1569
1164
11178
9170
2740
1073
1534
1192
581
2858
2204
2094
1929
1114
3421
7157
12840
1744
3982
10015
11971
1800
2696
3526
4647
3245
3305
2059
1071
1984
1087
1832
1971
2150
15488
3241
2261
931
4423
1193
1299
729
1618
1345
2391
2439
783
2403
28888
1490
2555
500
1091
13152
1099
1325
1012
1764
1306
19922
4598
4812
740
18510
1026
1758
6199
1331
780
4163
1665
2393
2410
4318
2789
623
9078
1605
1000
6476
536
2617
4340
2202
2042
914
1704
4142
2471
5471
6316
2975
1626
3966
549
2274
3402
4066
1796
741
659
1665
1949
2651
4211
827
1796
2266
1446
2549
2548
3822
2448
1099
2335
14204
1972
991
1450
7075
2813
3857
1325
5533
973
1635
797
3304
1122
627
5445
1262
3170
1711
2712
2304
7691
1454
2211
1420
2071
1166
1407
1829
754
13339
4909
2006
11660
2543
1243
1017
1915
1299
1107
1992
11514
1598
8298
3051
2927
3483
1178
693
1055
16512
9378
3161
1135
567
3354
860
9848
3962
2591
1303
837
6312
2784
598
758
1041
1143
1563
1906
19493
2875
2572
4760
1123
1501
7132
1409
1526
1672
1792
15955
1639
6534
25239
1844
6898
2180
3979
2209
1649
1098
2315
1796
1945
1872
1488
3535
3505
2134
1866
2614
2567
33058
1695
2669
630
708
1257
2071
1729
734
852
2019
1980
4626
2773
620
13445
2543
1939
1987
1398
4046
1507
5411
7318
1422
800
8082
1003
1134
6859
1550
1260
2749
612
2478
9834
1667
5307
3165
899
1682
1796
1281
2056
1004
1132
1322
1896
3829
2764
3204
3701
1959
1048
1724
1534
1157
1633
1312
1104
2910
1527
2814
4361
3643
906
1677
8371
578
1646
16878
1624
541
2581
1358
3916
1048
1221
1720
888
1680
3962
10468
19584
1873
3079
6629
1521
11431
2085
4075
2157
1781
1879
3065
1278
1829
999
2152
2992
1958
1138
1058
2698
1083
8517
1785
7047
2586
2160
2565
1910
4558
1232
2140
3752
2468
2586
3392
1642
1242
1876
3678
831
850
1413
1458
1000
2552
1955
5546
1731
2720
7669
897
663
10298
1398
1267
994
2420
10369
2941
3873
636
1553
3175
21578
964
3764
2124
5456
2347
4479
1532
9094
2883
631
1315
2573
779
4068
2419
1655
2163
2614
1921
3190
2195
509
12593
572
4307
754
815
16811
4462
1782
27534
1622
8921
6282
1662
1818
1649
2263
7039
1281
1672
2245
636
1943
2248
844
828
948
4874
2966
1538
1792
840
933
1510
3108
2209
1902
1867
2697
1661
3785
2177
3374
4708
2606
960
2928
1364
801
2319
1333
1661
3608
2167
822
1454
9776
2600
2552
3444
2294
726
1907
7515
16338
16222
1067
2395
698
13664
5367
1165
1921
1130
561
668
406
1360
3013
2325
3021
1757
7216
2068
1567
1612
2507
1326
1673
697
1482
1418
9151
4057
1581
1227
2172
1768
1841
2895
788
1207
1331
3179
6876
11224
5419
2666
2051
2422
5202
2223
1934
1452
2080
2521
2225
465
1584
11213
8468
1607
1392
993
7784
3856
15371
6487
777
1214
993
9130
2036
14001
844
1477
6333
2040
4536
2271
1257
2206
9404
3055
941
3435
1510
599
2391
5129
2592
5370
7490
622
1342
2044
3698
7289
849
1941
9633
1773
554
1737
2121
1861
1482
2755
1000
1236
1078
5195
6148
6569
5179
21082
19272
3738
4109
2379
350
3474
1055
1961
2233
2757
1455
1102
3176
7636
757
1812
5518
7866
724
4788
1872
2061
6850
2081
858
13709
1743
1090
1219
2441
1501
1488
1177
3967
1493
1512
1398
3314
1160
2214
1218
3568
589
1019
4188
1259
1150
7161
3768
1211
1960
1124
1021
1898
2554
1242
2330
2613
14701
2746
3627
10360
2202
1878
2866
661
1805
1101
9998
5408
1971
1106
2597
21376
2046
1794
5124
2379
553
1293
5657
2131
3962
1608
1204
2192
2229
700
1610
5037
7835
1197
856
1284
1565
480
1990
1421
14334
1035
1105
2180
564
1877
1189
1932
1428
658
1401
1644
2541
15415
1006
2304
1545
9775
989
1001
2239
2133
1599
1253
940
1526
1385
1353
2751
1810
2423
651
2289
627
1057
1058
3735
14398
5526
1294
1609
932
5892
1636
1827
11206
8438
2537
895
1366
1890
1891
2696
1429
1385
2530
514
2116
1191
2350
1228
1236
5153
1415
3018
1518
10448
2149
1748
603
2681
9367
5561
1538
1930
11012
2390
3374
1704
1959
1335
1912
1842
1670
2228
2368
1179
1115
2984
1372
24976
1336
1445
1680
1380
719
13641
1434
2512
1114
890
943
3057
1729
5213
1836
2471
2044
2507
1415
1479
737
2111
1103
490
751
8622
1713
892
1982
12073
2127
2855
1575
1840
1101
1116
888
945
1491
1390
2000
1999
2187
1796
1345
1791
1972
2531
2620
1459
946
1287
1190
2567
716
5720
1463
1514
581
1709
2854
1143
3501
2434
475
2155
1411
1642
459
1881
7654
2542
2585
1662
1918
15524
2617
889
1363
1151
4290
1746
2259
1436
547
1103
1761
2441
1168
1623
1794
1544
2315
4946
1951
3067
2181
1405
2379
1920
7885
1664
2312
4182
1619
1634
1574
1378
2026
4074
1458
2156
3311
6690
556
5265
3365
672
7135
878
3097
2191
6142
713
1256
2180
1195
7358
1639
8349
902
645
1290
16674
1518
1965
4739
1128
1743
1250
9305
14670
22869
2692
4349
3250
828
1429
1337
892
1829
1393
3158
2169
6420
2944
7696
1039
5421
1963
17354
1596
1288
2543
681
1406
3372
1318
1610
1757
2283
2810
3500
2851
1045
4730
1091
1762
1621
1802
2628
772
1649
10218
806
4487
2369
3014
2712
9443
1066
2394
2975
2810
1982
1859
893
1556
1840
1594
1591
1001
1881
1257
1363
12572
943
7223
1706
1828
2227
2630
8491
2197
2420
1818
2678
1371
12122
7125
5320
16831
5249
3828
6917
2158
2503
928
7695
715
2662
905
2455
1713
799
1935
16681
488
884
1800
6117
1584
905
1575
1904
1253
1861
3900
1578
3728
1924
8981
22316
1167
1603
3126
5060
1390
906
6222
1662
1645
3059
1441
2751
4865
1021
1199
3068
1692
561
896
1021
1845
1496
1954
2383
9823
3447
853
1352
693
2816
2364
2332
1514
998
9341
1314
877
1375
823
1576
1248
2604
13310
726
4766
510
1634
1724
1433
857
4714
810
13880
1576
1306
15315
1364
856
5175
20018
2539
1195
1644
2121
781
3585
1826
1441
1024
1546
2527
1893
13287
1914
1853
2810
2826
1398
2812
891
4176
2297
10648
20582
1838
747
2202
858
821
5435
1372
7119
2227
1247
1146
1171
2113
1917
2177
3218
1982
1617
1789
2516
1607
2872
1530
859
6380
20903
2133
1377
1967
4495
1579
1515
2210
2274
1321
2695
1488
1143
3306
1272
6973
942
5922
1413
2485
3129
2602
1204
23680
1697
6702
1388
1618
748
992
1291
2174
1100
1581
6508
1141
717
2188
1371
5272
10999
705
422
1740
5830
1933
3050
938
641
1559
1127
1976
1568
1426
1132
2638
8015
563
14610
1122
1823
1599
2027
1674
807
491
4958
2406
2958
1079
7278
1292
1041
1605
9860
1566
830
1121
1809
1673
5282
7377
8213
1018
1370
1108
3135
2206
1615
6260
1412
1221
2138
1250
1702
3696
464
1745
1024
522
2772
4013
2713
3194
1395
1849
907
868
6262
1888
2063
1088
1680
585
5594
3272
3057
9999
5562
1694
1946
1253
1714
1301
3884
914
9080
1025
641
705
889
2177
2190
1570
3000
2808
716
1888
686
1959
6488
2090
2696
1999
3490
1211
1943
2174
2230
3768
1721
3019
1561
3845
2476
2463
1970
2243
7246
966
1872
2205
1247
3343
20328
1908
6841
807
1535
2299
638
786
907
9133
1032
811
8089
1295
1863
3144
1508
884
814
1211
1565
1130
6409
2197
7214
1426
9449
2093
1968
7869
1886
880
1293
1239
1644
1535
1712
2820
1954
5636
2465
1181
1869
1672
960
2049
1081
1352
4777
2003
5897
1534
1151
1080
1616
2840
3017
13490
3906
1817
555
2929
3247
6916
559
5034
358
4420
2120
5364
1261
3086
23000
9869
1975
1597
2409
2446
1945
1019
3756
539
1441
2004
16000
788
2317
2431
2220
1116
1819
2157
1417
16889
3476
2639
3710
557
7646
1040
784
5566
779
1726
2423
1206
2188
888
1493
1403
1031
1627
1483
1240
1401
1555
809
1848
2509
2045
751
1719
952
1370
1909
929
1741
1237
954
2770
2230
2044
1726
3814
1981
860
3350
1527
1548
2056
7443
4635
1928
648
1480
4178
3164
14505
562
665
872
780
8577
5188
1511
2242
2184
2095
6580
7462
1942
1001
9125
9841
1992
2335
1362
1680
2920
874
2721
2607
3127
2678
6589
3045
1386
2259
1223
1491
4925
8243
1865
806
1130
1545
977
741
1898
10155
1573
1686
11619
871
2524
1054
1038
907
1626
19748
11353
2772
2873
1754
2385
1054
2255
1329
1849
2650
13307
6630
703
1690
2647
29252
1872
1795
1755
1543
3062
1107
2784
2226
1935
3031
863
2263
2739
630
7065
6525
1776
631
1301
2628
1296
2920
1098
1035
2873
3221
1317
1637
817
1372
4605
1274
9327
2913
2802
2356
1898
9125
2207
2027
1019
2154
654
2584
1317
3131
1055
1705
974
719
6913
2495
2304
14660
1754
14814
2331
796
1740
1731
8948
896
2621
550
1149
2894
2013
2837
2209
621
3260
1203
3139
787
2121
6345
1655
1847
1769
1100
1201
2278
1891
940
1567
751
1766
2382
9197
2188
1220
2294
2420
2522
2153
12581
1460
1063
4113
2803
2056
1824
488
2179
1954
4365
2000
2206
1322
2136
640
40538
746
1321
2181
1239
10631
1464
3320
6432
2224
2295
1474
9436
916
2276
3996
1419
10394
1221
6158
2184
3479
1035
2716
8830
1001
8935
2084
1486
4627
6406
1921
2340
2975
9711
1291
9476
1466
1396
20459
3561
14354
2000
16681
1769
1323
5242
838
10910
5044
1024
4034
1339
1899
2256
2214
2657
2405
1506
4083
9457
7947
9135
2970
1040
492
1587
767
2248
1347
1854
2047
844
1583
1156
3105
8751
2551
2394
4508
1036
4860
1404
2344
1791
2483
5012
1993
2037
3846
910
866
1150
2027
2067
862
2000
976
3051
1814
2452
18671
4493
1572
3222
674
15188
2122
1280
9340
711
1047
764
654
2570
12038
933
1565
6985
15467
1492
2202
2128
1833
2374
1913
1139
642
3044
2383
2416
2383
13857
629
2075
3101
14520
1887
659
1503
1852
1315
3235
2570
449
857
7504
4976
892
2112
1540
4899
2390
1306
1833
2395
2163
1717
1837
2619
4542
2007
2892
2669
4208
1156
2152
995
1399
4541
1127
2676
480
761
4955
1962
441
6986
1942
2893
1738
932
1782
2689
4174
1139
1179
731
4938
2974
637
3030
1292
1243
946
1311
5736
2567
2388
1174
5964
1758
532
2173
1491
1035
1354
2231
1892
3415
2701
3186
2320
3651
4297
2255
1870
1870
1818
16625
1860
1879
5231
770
2035
755
2151
2164
13313
1557
2131
2186
8965
6069
23872
796
736
2599
3030
7022
3391
2812
1290
1611
1270
3495
3698
7681
2015
2244
5190
762
1426
1153
1839
1867
573
1917
1534
2711
2208
6667
1135
3099
3298
747
1837
1307
1887
1892
1063
3789
1266
10967
6452
10075
2143
6172
7938
1722
11207
1354
2383
1696
10192
2556
2085
1679
829
2039
1271
1001
1660
1501
660
5591
1115
16078
10443
2285
6347
928
870
2227
2842
1711
26479
2589
1258
2547
562
11221
2001
1356
7715
11625
1573
1834
8886
7633
443
1480
17396
1084
499
1765
913
2629
1423
4603
10925
2502
1088
16385
1708
1575
1649
3238
11855
2555
6252
7024
3107
1199
770
1322
1925
8734
2674
1448
1700
2306
1296
2039
5131
1193
1114
695
2038
1795
4609
3286
839
1513
5304
3947
1757
621
1413
2515
1869
2778
1959
1780
2318
2576
11177
3265
11191
956
12017
936
1972
1477
1076
6791
628
1911
1521
1350
1184
1945
623
2027
1189
1866
9651
2856
1738
8726
1943
1764
1003
2242
14711
2233
1571
1301
909
1062
1408
21126
1115
1681
1598
961
1210
1303
525
1701
5927
21992
2629
9776
1151
2235
3241
1235
10572
10662
840
1222
9367
10550
2429
1219
2241
1407
6770
1598
2656
11939
2346
1204
871
2361
764
640
2282
8244
6194
18660
533
1340
1727
729
2321
2757
5360
3075
1846
1752
1235
2552
1030
11552
3080
4182
7434
1523
2174
1650
1094
2196
11055
2366
1620
1422
1897
17168
1931
1544
1925
2722
13381
620
1288
12758
1223
15314
10570
5006
1437
2908
743
2721
1613
1248
1975
14215
2581
2001
1361
4569
2208
1583
1119
1497
1974
1167
1119
539
1541
1069
1331
7638
2649
924
2053
7998
698
2098
2296
9024
5985
972
4698
1452
2528
1461
1804
1597
6596
10392
1104
4906
1037
1081
7684
5495
3268
4038
1712
18170
1070
3683
1824
1900
1389
1976
4487
2365
416
2441
1340
2684
1056
1870
1417
3751
1881
1884
9758
1024
722
2571
3085
3162
15684
1331
1080
1807
361
1232
895
1310
2531
1072
12866
1725
3609
1554
1140
1150
5502
2130
1162
1311
3513
1055
732
2150
2116
2522
1100
607
2329
2367
12715
1184
1541
1980
2132
1092
2598
1911
1678
1317
1208
18087
25672
1009
8629
1858
721
2663
856
2074
904
1871
1019
1413
1255
642
1618
7106
1504
1415
4613
16753
2400
2354
2031
1758
13697
1310
1561
1936
7101
2010
7523
1767
2175
1612
2355
8164
3530
1131
2917
1569
2002
1074
1868
1490
1440
1594
970
2951
1370
1066
1479
8409
989
1710
1366
1579
3059
635
2409
1957
6243
855
2582
1205
1575
2052
843
1513
5631
13721
909
1322
2353
531
1210
782
1969
2534
2413
1500
1648
1819
6790
1040
3067
1215
1036
1755
5293
10895
583
708
1408
1254
1273
820
1360
881
1492
2095
2058
1117
8478
2073
1578
2046
1495
780
1015
2336
1626
15870
1753
3633
1518
2885
764
1755
990
1471
1138
2592
3399
1912
15453
4113
980
1783
7377
1785
2018
935
9405
644
3101
1056
2300
3929
2215
8090
1573
582
2594
1196
1093
2653
1811
14399
831
2992
3393
456
2162
10454
1890
728
1272
973
1351
2990
2365
1137
2916
25303
1355
2661
2461
5326
1016
2110
6291
2660
1719
1627
2386
1442
1600
914
1372
1169
965
5229
1206
15446
1919
2046
3380
1694
22468
2595
1056
8199
1822
1449
2141
3137
1607
6339
2247
2493
2133
2140
2951
1989
3360
13625
1205
911
887
1395
3203
903
20936
1194
1736
1902
838
2068
10673
4922
3047
1397
7367
6806
1706
6152
2204
1981
3543
1195
1544
3016
1099
1673
11507
1055
10570
1556
2643
1022
1624
1329
1264
2181
2438
824
6478
1165
1568
1919
2413
1602
942
2213
2354
1062
2168
1161
2475
2144
12633
531
8301
5497
898
1693
1471
6243
925
2610
1310
1695
1337
710
2374
865
7376
767
924
2434
4072
1804
1192
4594
4535
527
13195
670
5363
1679
1049
5034
1593
2511
1965
2175
1004
1756
4958
723
5859
1667
1235
1067
1904
5523
4218
1355
623
16875
7695
3158
3052
1244
624
685
3147
8401
1591
6807
1403
4812
2748
1384
5264
2493
2611
1798
1675
585
1463
2207
5557
23671
2745
563
3073
2062
1798
1081
15992
18880
1255
11843
6903
2064
1913
2014
2479
5050
1663
2109
1079
2033
1505
1022
1769
607
4655
1213
924
561
1338
2208
6176
2243
1793
1979
2913
2494
2374
621
2026
2720
1118
1260
3386
2563
1962
5168
11688
2465
1101
919
2739
2329
3330
15506
2675
3078
9274
1054
12077
9058
574
9660
2906
2348
7585
2183
1684
971
19681
934
1458
1534
1332
6251
1641
2951
4180
2288
1154
2269
5255
3864
869
1127
1824
4596
1104
2090
6259
5884
9715
14858
2281
1686
2103
573
1343
1478
12188
1228
872
1927
9465
1253
528
2424
1654
1088
5877
12404
9392
1123
851
638
10311
3252
4871
17806
1848
2096
1941
1737
2399
2839
2394
1425
3946
1004
3268
10203
9325
3589
1817
1403
2285
1776
3625
1895
10249
2238
2112
1836
6980
3140
1855
1552
6964
798
5072
1879
1668
8697
996
1668
2367
2280
1375
3127
1615
2593
14774
2998
4024
22582
1360
763
1802
1801
2619
1635
4784
1795
1460
11385
1351
1263
6069
2421
1551
2603
835
993
1818
6259
815
662
1518
1344
1347
8779
1045
3121
1646
1156
2502
2106
1815
8543
1380
2276
1654
889
9455
2757
14736
492
2971
2509
683
6814
2757
1843
578
2271
1552
1805
1899
1127
2543
11930
1584
1664
1751
1601
1423
2352
1329
30281
1250
2076
1938
1016
915
953
15964
2107
2134
4303
635
7042
2589
1187
1840
535
4473
2106
2890
512
2775
3876
10240
2061
809
1082
2059
2054
3840
1005
3619
1181
2249
1182
2426
1421
943
1821
2083
1714
1326
1604
3117
2083
1134
3934
1772
3178
1415
2241
1180
2401
2508
2288
2035
1148
983
7918
2618
2144
2624
1074
1611
2090
6970
1763
1612
4046
617
2987
986
1074
1829
13540
797
1718
2706
2268
2225
9126
852
10389
586
1665
1419
1742
1670
12542
2314
2368
2669
2123
3177
896
6335
4230
2337
1828
1114
1719
838
1925
759
1114
1419
15208
2106
1486
6202
7341
1897
1914
453
1626
1166
2208
6674
3231
1974
1690
3069
1949
1267
9355
1554
1186
659
1047
2630
1561
2351
1268
2944
2169
909
3659
908
1103
1823
840
747
1115
1149
2316
2265
10217
886
2350
2604
1738
776
961
1321
2850
1175
800
1944
2036
531
4760
28819
1820
2309
1285
906
2166
1372
800
1598
2024
14546
2009
13903
3748
9553
1698
13235
1603
2399
8833
1185
2596
1715
2651
3626
10294
1926
3539
9683
1671
2036
1904
2162
1949
1152
12647
3050
1844
5332
1957
1655
1150
5746
2550
1188
871
3078
4136
725
9964
1221
15226
1857
1172
5607
921
1654
3061
5899
2693
1308
3601
872
2023
2803
1299
10119
4414
8781
1753
2041
2234
1966
1158
6519
787
4602
628
1613
688
728
1982
2729
6583
663
4232
1315
1166
1866
1615
11255
15116
7698
5871
2063
4010
777
5195
2506
1526
1061
941
10914
522
1251
1353
4191
1330
2169
1195
499
730
2810
1850
2161
2381
1173
1590
5826
1761
2774
2559
1046
8757
701
2014
1492
2010
1603
1128
1998
9958
1756
1695
1934
784
1510
1141
1429
29722
2044
7242
1542
2200
1932
3110
2966
2413
3900
4413
1345
14130
914
1466
1516
2099
9500
2002
615
1661
1143
778
33256
10453
1861
8012
1768
873
785
909
1213
10544
1947
1042
1391
2239
2528
1787
1461
1991
1149
5031
1269
11036
13114
904
1745
1693
1522
1548
2665
1589
2337
10190
574
2267
23465
1679
1259
776
2547
1280
2670
5641
1939
1468
2299
3259
3937
8016
2228
511
1290
641
8316
3808
435
3423
1856
1868
5162
3067
1884
795
2008
1501
930
802
2530
1955
8089
2732
816
850
1966
2464
715
1972
2512
619
1479
4067
2315
2652
3149
1284
2957
2179
13105
2683
1861
2320
1587
1795
2220
900
1141
2486
663
1100
1953
605
1266
2126
2799
986
1068
9962
5570
8373
2188
2297
4408
1601
1184
1770
6163
3274
1422
16053
953
1670
3211
2073
9243
1489
2155
17570
1591
1830
2572
828
3271
19263
986
3146
5570
1165
1767
15930
677
2484
1232
907
7296
14393
1864
555
1382
2223
1114
11053
2875
2702
2010
2270
878
6925
1636
4327
2153
1840
1051
2158
1502
315
3751
10457
2194
1161
848
2225
2476
833
6947
1776
593
3263
2783
2273
10213
1242
2736
6348
1790
2113
792
2566
1577
1004
1792
1486
1881
1540
7332
2739
1027
5246
5111
1334
1892
25808
1256
2593
1360
1510
2991
14787
2703
925
2108
2188
7892
3999
3423
1604
2784
997
1978
6249
657
2423
1783
1242
2179
1456
893
1540
846
1091
2182
825
3053
883
1865
589
20684
3025
1038
1556
1237
2321
1917
2343
3083
2905
1356
1925
5495
1910
1301
994
833
4353
4389
2867
8921
3252
1296
15890
10354
1571
1935
895
3376
6953
3773
1381
2233
493
4562
12506
1003
2345
1201
585
3163
842
8796
5368
2917
1847
2187
1087
2124
3174
1836
7193
4702
2781
5511
1756
2445
2075
2169
5258
2340
1044
7114
803
596
4519
1581
7681
2429
2243
2679
18690
1972
2066
2141
2921
10468
3081
1002
2413
1284
4659
940
5639
27494
1604
3819
1222
1051
1062
1427
728
1784
2259
1841
2617
3605
603
22361
7150
1490
1281
5809
9539
9641
4099
1753
2908
768
1269
3829
1794
2002
1253
2254
974
1134
6386
4959
1997
1721
1576
2489
1409
3152
2824
10077
610
9354
1938
3137
2029
1633
3101
970
1549
3172
1286
1743
3200
8277
717
8483
1059
991
1797
3579
2089
532
627
2481
976
11224
12794
1675
6661
17247
3185
1300
2033
2141
1330
3578
933
2143
1085
6668
547
3867
1099
1731
1132
1261
2636
1668
2563
1482
1701
3885
1019
2908
2773
1244
2103
3182
986
1987
5621
9588
8883
2149
820
676
4663
4118
976
716
1047
1247
7282
4092
1664
1507
1988
1268
1313
2172
19396
6505
938
2225
892
2532
2520
4353
1664
2155
1403
2440
2081
1355
1070
2153
3456
1666
1882
6674
2190
1198
7108
1280
6894
1601
1092
14311
1681
6651
2305
1475
675
1109
1155
1169
1972
1322
1192
2002
2896
3036
1897
1641
1420
1526
1004
1427
2248
1780
10113
3291
6216
728
823
2301
2779
3013
8583
1814
3130
1221
1961
1597
3803
2497
2112
1149
1297
3462
627
3523
1061
2754
2468
955
2707
944
1787
728
1413
2720
1294
735
1879
4115
1121
5848
1909
1541
5914
3034
1789
3591
3968
956
3113
2389
491
769
825
1130
6393
