3007
826
1084
7502
597
7450
1079
3366
1270
3060
2218
10147
2061
4632
4063
2934
9292
1399
1463
1876
1107
1462
1688
1070
1058
3014
1015
1636
4104
1025
2162
1381
1945
1507
1127
12053
1584
1807
1263
1058
1497
1673
1147
796
4761
9168
1345
4950
1285
2250
1008
1211
1984
1018
3137
2365
4769
2673
2076
1468
1125
2173
1430
1953
2736
882
7517
1749
7430
1166
5438
2649
974
1812
1819
1207
2023
1106
6333
1058
3187
2149
7608
2564
1632
2839
2899
1157
4686
3149
1655
4051
1786
1469
1327
855
7346
2350
3445
1725
2602
842
3959
3455
1745
1805
2384
2989
2016
1711
2474
1858
766
5398
1552
1164
1043
997
1508
2261
1170
1240
3060
1620
7010
1526
1723
1071
980
811
2277
8245
5147
2623
1651
1824
1303
665
2319
3339
1150
1086
1854
886
2032
897
4738
1428
2621
1112
874
2007
2262
3058
1757
1145
849
2628
2366
1299
937
720
1618
1335
2154
2204
544
8504
1026
4008
2390
2266
2585
899
916
1438
2727
1469
1888
1871
724
830
1009
2276
1141
2226
3154
3378
1234
2399
1004
6267
1313
1480
1954
2764
3955
2739
2182
793
6342
3405
880
1303
2032
1747
1563
2424
995
1352
2473
1896
1296
1399
5433
10542
2557
1188
7311
4764
1775
4614
1735
1795
2760
3067
1990
961
1648
1515
1170
3598
1623
2281
2292
1656
6429
1735
1132
9647
6077
995
904
3834
1778
1408
4027
2416
4168
1148
1097
1342
1150
2161
3447
1018
2681
3401
1006
3171
1032
1008
5901
1790
1245
820
2931
2705
4729
2672
2245
1327
1986
2144
1966
3444
1005
2037
1974
1749
1457
1341
1438
1366
997
2399
1725
2246
5123
7842
2209
1604
1268
1558
2409
2654
1945
2535
2072
3507
1912
1926
1442
1411
998
1417
1126
1124
2617
1737
976
2429
2134
2950
4384
2679
1698
724
1504
2229
4698
3266
1306
5439
13110
1783
1169
1093
6503
2320
1616
2371
1291
4729
1326
535
1640
1482
1489
1312
1614
2846
1671
1767
1064
859
1639
916
1550
1049
1563
4552
2505
1671
7418
1426
1343
812
2688
1724
1565
1838
1039
1471
1431
2715
3112
5763
2631
1476
2955
3097
2004
1142
1229
1323
995
1206
1191
3576
15232
4213
2452
3952
2661
564
1265
1149
1325
735
1191
1314
1576
560
3927
1001
892
1340
4094
1480
957
1040
1678
1060
1273
3180
2034
1477
1417
2303
1270
2961
3377
1125
1479
1311
1051
3079
1776
5785
1619
4363
1292
2522
1368
1096
901
2147
1323
2464
1569
2464
2117
1310
788
1041
841
1762
1383
3591
8414
951
970
1482
633
1682
1140
2889
902
1276
1247
2211
1039
1332
2560
975
1390
3397
2212
1608
5721
1196
1431
1756
3730
4071
1634
1429
2365
1966
2032
1357
2640
1075
4047
2367
1099
1325
918
714
1775
2478
1145
2125
1544
1202
1051
2925
1920
1085
808
1622
767
970
4433
1858
724
3634
3083
7073
12787
1366
825
2187
1229
1246
1108
1186
744
3135
3091
738
1593
1381
1523
2304
695
2203
1395
4370
1817
886
947
1319
2938
2295
2203
2395
7160
2020
2260
2823
1061
1308
2205
2065
1829
1082
5504
1469
2730
690
7069
1685
1021
1263
1037
10418
3326
2056
2297
9800
938
6408
2366
1318
2729
3427
3468
1993
2164
2016
578
1071
5600
1103
2153
5723
1643
1677
686
1349
622
2888
1683
718
1737
2976
1236
1282
559
2276
3025
2104
1994
1824
1112
1667
1533
1566
1122
1773
875
4008
2839
1224
1422
1924
16049
9598
2788
1430
2208
1603
789
2005
1956
2676
1078
916
1111
2205
2368
2171
1925
1003
1303
672
756
1653
812
987
3882
1509
9762
2696
13519
3221
2380
3234
2091
2755
2116
1492
1304
5160
1782
2016
934
1469
4389
911
1773
933
1149
1816
2167
1326
5235
1408
1597
2176
1586
2199
7220
1739
2618
1507
1214
696
1677
1302
969
1117
1339
1462
2221
3163
2966
1372
916
2222
1754
2721
2084
2094
3164
2018
3293
1170
689
808
2917
7693
2642
1528
11845
1485
2163
3668
4765
2506
1933
7459
1055
2423
2169
990
2087
1030
719
637
776
1003
3937
830
997
2246
1194
1896
2527
2080
5242
2497
549
1483
1202
2184
2221
11502
1494
1274
1525
2876
9038
4890
906
3934
1252
957
979
2765
912
694
3809
1806
1133
2726
4825
1034
821
1064
6761
1961
1681
5244
1304
2023
3066
958
890
1928
3660
2643
1174
1050
2036
2806
2405
1446
1777
883
1044
779
1916
2610
5688
1055
5258
1151
797
2035
1529
1411
5841
2316
1453
1450
2124
953
1742
3192
1765
2761
3741
2528
2761
871
2001
709
3967
1003
1594
4195
1206
1992
3003
2244
3478
2509
1695
970
3658
2587
2543
3993
3043
1172
2528
3188
5378
5077
3254
1762
2644
1217
1492
4780
1194
1078
551
1693
4550
1114
1259
3121
3382
1411
1261
2699
1064
3301
1737
1266
1799
5343
3349
3508
876
1826
11235
2949
983
998
1194
1424
2316
3843
1099
7707
1172
1002
1946
2054
1909
3486
1965
1720
4287
3493
2582
1774
1049
1083
1353
3175
3606
2532
2286
1483
1823
2826
1155
1212
4278
939
1507
1548
2162
1165
1644
2390
2909
2124
3075
2689
1048
1455
2489
2763
1198
4571
680
2195
1223
2410
1566
1613
2401
1885
4394
7990
1024
3349
1420
4149
1054
1610
1595
939
4462
6680
1854
1933
5480
1468
2713
1328
1422
723
1864
2459
2414
1754
1368
852
1245
1517
837
1124
1007
772
1097
696
947
2197
798
2486
975
1765
1853
1671
1406
1316
6360
1345
2594
2457
1522
1363
704
1506
1372
1848
1931
2207
1272
2118
2781
1234
3562
1853
582
2463
1192
7239
754
1596
1840
2079
1936
984
1337
1707
1439
2184
6541
1478
2026
1745
836
1366
1038
3007
4509
2506
901
4515
1536
4826
1253
2865
1334
1442
993
1832
2762
1558
1240
647
1304
2243
651
1994
2392
2519
3995
890
5004
1901
1426
2036
2416
3740
1750
10034
1013
1568
1490
839
1205
1724
1107
2307
5968
1473
4592
816
1219
2504
973
2077
988
2335
1298
4959
1838
1145
1361
1718
1686
2168
4526
1444
1906
1866
2854
1085
1669
2125
2933
828
1013
1280
1241
1994
3603
968
2985
1400
1467
994
2019
12452
1768
538
1338
2821
781
2184
1692
1542
950
914
1460
8037
1829
2570
1306
3330
2137
3112
2866
1005
12469
3343
1545
1635
1157
1331
1056
1422
2219
5068
1390
10322
1863
3750
2120
589
2660
1894
3407
3089
1052
3197
677
2644
982
1287
1427
1434
3360
1669
1442
2477
747
2913
3231
1054
783
2351
1232
1824
1858
1218
1373
968
1861
1892
3103
2373
1140
1043
2489
2176
1882
2535
2012
940
790
1138
1995
1062
2020
4238
1683
5325
3175
1937
1498
1223
1746
5426
2436
1697
1880
1662
10115
927
2095
3013
2077
2119
3113
2007
1035
2306
2315
1055
796
8636
1483
2350
2904
1064
1038
2120
2001
1995
2030
1260
1182
740
1686
3151
1465
2650
1163
2069
631
6940
892
987
995
1613
1973
2261
1213
1608
1462
3310
2384
1008
1418
1348
2313
4983
1134
2045
2343
1683
1388
2077
2137
835
1199
1332
1507
5680
2749
1464
1135
2515
461
1986
3010
3620
1243
1452
1418
1135
1903
1784
928
2172
2032
2379
1623
969
3425
2034
2439
1420
2208
2599
806
2093
658
976
911
1979
760
2937
6043
880
1473
988
1669
1821
4400
2461
1378
2540
3487
2988
1037
3539
1037
2913
2664
1160
1635
1192
1323
1887
1341
1290
2792
782
2562
7792
2201
1911
1585
2343
3002
1753
1212
5687
1169
1880
1321
1972
460
1087
818
2174
2255
635
1929
771
3598
2255
2518
1600
1877
1151
1241
5031
1183
2794
1078
1557
6075
1685
1206
2200
12492
2341
1189
1552
1404
780
997
2224
1816
1254
1722
5916
1763
720
1596
4182
2157
625
1009
2849
2409
3196
1147
2548
2970
2317
1650
1000
1467
2502
948
2630
1790
1372
5654
1806
2069
1138
2470
3325
1923
2924
1860
693
2485
1157
2725
6847
2025
2272
1215
2826
2271
2696
3659
2052
1472
9469
3374
1546
2267
3107
1782
2263
2318
1466
1330
3288
1841
1400
1606
2347
838
718
935
1643
2026
2457
1553
3057
1470
773
2122
1907
6640
3457
1304
7045
3355
2139
2392
1501
2417
1591
1338
2638
1114
1345
2421
3000
4786
1870
2896
2674
2148
1363
2019
921
987
2771
1674
1015
1317
1060
1483
1006
2098
1934
1103
5193
1048
2256
2482
546
6101
681
2058
947
1214
2180
2003
2120
5371
2248
1356
3157
1992
2074
519
2358
1585
7117
949
1141
2908
1061
696
4604
2855
5968
791
1563
1708
2985
996
1366
1993
1169
1549
2927
1291
3717
1232
2118
3085
746
1247
2965
817
3849
1559
9888
2001
1927
722
6135
1765
8490
1335
1731
965
1315
4887
2052
929
1224
1446
1170
2072
1435
821
1792
1420
2882
1823
2688
1097
2010
3299
1731
988
2334
1506
1664
2741
1190
4213
1396
1844
723
1971
6266
17689
1645
2007
2262
5997
2093
5311
1799
888
6685
2327
2245
1090
4003
1353
1684
840
2186
1471
1551
1242
2519
1132
4555
4124
4568
1318
2124
2564
838
3025
973
1056
2605
1064
1730
1344
2728
3140
2390
7271
1472
631
1819
7641
1066
1526
2076
1080
2752
839
7378
7760
2044
2933
2116
4982
1768
1509
2593
1385
1306
2513
1636
5521
681
1229
1837
1694
1853
1063
1402
1655
1351
2641
3101
1679
1063
1216
1881
1611
1527
1089
1458
1646
4935
1182
1071
1862
3032
2703
2986
1616
1105
1331
2040
3564
1694
943
2440
2783
2031
2115
5741
938
1405
2430
2664
2125
1193
1372
2088
2140
1596
1406
2551
1170
11108
2355
1783
4566
8321
2675
1656
1274
505
1721
1123
689
1641
2032
6572
1183
2141
1613
2699
1179
2281
6458
3272
1745
1925
1341
1436
1060
1424
1068
1475
1967
1463
1571
5345
9094
2278
1984
3423
1283
1266
991
880
2666
1058
1391
2587
2642
3034
1301
2484
1084
3456
2619
741
5032
1133
2759
1392
1706
7920
1148
944
1733
1261
2223
1404
1992
1487
2429
1002
1321
449
2391
957
926
3386
1906
1045
1428
1679
1137
2359
6476
2991
1253
2774
1140
856
5116
3672
1841
3543
1108
3429
738
2051
6680
9864
1300
1704
933
5323
1699
969
1325
1466
888
1142
1432
1937
2039
1104
1505
1703
3257
1025
888
1371
995
1237
2042
2019
1067
770
1891
1045
1031
1592
1859
462
1269
934
2163
3370
1635
2742
619
2524
1088
1525
900
2796
1203
1450
1872
2321
1215
2035
2361
1216
1924
2426
1217
1953
910
1313
1578
2334
1735
1445
1112
4346
1575
1076
2882
1134
4265
1977
5080
2291
2646
878
2764
2499
1900
11202
955
2003
1691
3189
7036
1409
1894
961
1021
1318
1162
2189
561
1776
1826
2266
2270
1100
5036
9912
3993
1297
2365
4851
2653
1428
1795
3008
1048
6282
2231
1014
1309
796
4970
2562
2774
2755
1415
1012
1601
2640
2615
1918
5480
1210
1028
1477
2362
1550
1523
1475
794
901
2875
4642
1087
1470
1400
723
710
2428
1451
1234
2370
3063
1052
1248
1156
1669
2656
1509
1803
2126
857
2257
1369
2649
2782
1221
4011
1165
2761
2623
1859
557
4101
11919
724
947
8462
2566
4409
7704
3789
1333
1391
1973
716
1544
1214
4076
1169
3014
1173
2217
1178
2173
3162
1412
1247
1445
4118
1842
1890
719
3209
534
1131
1417
1750
1480
1032
1938
1551
5085
821
2819
2653
2107
1585
1251
2173
2424
1394
783
3336
4212
1893
4482
1668
1403
3094
4030
1021
1181
3760
1774
2802
2145
1639
2235
3868
1639
2807
4224
1268
887
1314
2499
972
676
4705
1754
518
1301
2724
753
1119
5471
1857
2817
1190
1509
1714
822
838
1369
1958
1738
1783
1763
4116
1824
2539
1834
2419
1256
1075
4574
733
1703
2389
1166
665
2584
1561
6864
891
2513
2800
2320
1067
7623
2743
2215
1370
1517
13173
3960
1651
1200
1067
2938
5468
3152
1073
2055
3416
1128
1760
1185
1368
649
1168
3800
1101
3355
1312
2047
2818
1842
1063
1479
876
866
1359
2540
3306
1579
1575
5657
8169
1813
2018
1670
1671
862
1146
1595
1672
1974
1374
1098
1216
2097
1234
1126
642
1889
1172
2273
1539
1856
2766
3146
1885
1350
1065
1279
803
3057
1535
2300
4562
1440
1227
1697
2194
5130
1479
1024
1681
1049
1814
1194
1479
3866
2013
1251
1344
2336
1054
2327
1794
1427
1541
1610
1907
3441
1355
2688
1395
1097
3416
1239
2319
2641
5737
1098
2006
1828
1262
1430
606
681
5836
3070
1039
1663
2500
4761
837
1219
3136
1197
2385
1181
1110
2495
2549
8708
1659
5122
1937
1268
734
11050
2118
2101
3583
2585
5576
3376
5052
3152
2337
876
7163
774
897
6076
3540
814
2122
1117
1470
2761
7560
2603
2680
952
1067
909
5028
1190
1365
3048
1311
6210
2455
2626
1160
2446
2015
2226
2047
2451
742
998
2009
900
973
546
1140
816
1804
2870
1045
1001
879
2167
2623
4379
3179
7342
4275
1030
6022
4552
4105
2335
986
3077
5771
2104
2949
1118
1121
3166
1425
1026
2641
1473
2236
1402
1099
1577
2184
2600
3181
1672
913
1396
3285
1023
1190
1853
1751
737
1252
2530
2267
1083
2200
1005
3492
975
1644
588
2890
1442
2219
1427
1441
2693
2072
1884
1033
1705
1072
2111
2678
5881
3035
3429
2099
3237
705
2315
3564
2734
1631
1978
2035
767
2187
695
1646
1982
952
2161
1010
3948
1267
1902
839
1676
2096
1614
1835
2359
8497
769
15675
1506
1619
1398
1440
2283
7836
1211
958
1229
1354
1861
5281
1537
11817
1204
1522
1896
1477
2814
2303
874
1843
718
7667
2254
3496
4261
3446
3887
3056
6174
1892
854
2614
2493
918
1063
2980
2851
944
2595
1827
1136
2738
2062
1238
4930
1041
1442
1234
1397
6625
1618
650
934
1153
2671
2911
1340
1542
1852
1006
801
1242
2277
966
3220
2491
1672
2013
1575
8135
1298
3251
9618
1238
1377
1262
2874
1793
797
1641
1341
2462
4492
807
3427
5506
1852
1533
1199
3959
2042
1595
2081
2119
2353
1142
1225
748
1065
2496
2043
939
874
3562
1661
1049
1105
1495
1082
982
673
974
1287
1729
1254
7900
2258
5562
3426
3480
3129
3337
1383
4640
1560
3799
2522
1005
1257
3041
1083
2181
774
2041
2005
1399
1228
1304
769
1698
1574
1100
1534
5457
1444
1077
1191
2998
822
1631
11465
1679
2471
4291
2438
1607
1995
934
2331
1780
523
902
2501
4071
1054
1298
1364
1962
1752
811
1691
2442
1527
1368
862
4532
1077
593
1193
1212
1438
2468
1993
1204
2370
8127
1021
1837
1688
1238
1127
10039
1551
992
1202
3720
2114
2451
1966
1702
779
3958
2782
1856
1436
1513
1898
4114
9862
2015
3458
972
1210
612
1470
2253
684
762
1875
1629
1933
4239
1133
1447
1498
1331
1776
1463
1739
1160
1293
1249
1849
1094
2422
1174
2791
2921
1329
1159
847
2817
3228
15632
1418
3006
1585
2470
695
1743
2084
1098
695
862
2034
2265
1895
1613
2260
1298
1278
1046
1679
897
2361
2951
1527
1694
3312
2021
1075
1363
928
1046
2289
1940
4863
1071
1150
1151
887
1123
992
1945
5733
1537
2115
12393
1800
653
2276
1470
2440
2301
984
2309
1825
864
1171
2160
2558
839
2189
2145
3409
2083
2389
2754
1141
1981
2486
1428
2710
1368
967
1090
1478
2882
1136
1331
3087
2052
1666
2599
1141
5267
7050
2031
905
2592
1123
2353
786
1754
1567
2968
1373
1861
10253
1641
1936
1005
1092
1399
1103
2715
1405
1992
6983
2081
756
15103
1286
1079
840
2289
1070
7670
1401
1616
1056
1399
1277
1835
6621
3144
2115
506
1568
1677
1753
731
788
2161
956
1279
1241
2172
934
2499
1116
1160
1795
5759
1864
1987
1215
850
1485
1232
2386
1640
822
1356
2703
898
3001
1254
1578
9078
1638
3224
4663
2334
1685
1374
959
1618
1870
2583
2586
1848
1096
2446
924
2022
1771
2467
1500
1587
1073
866
2229
1740
2123
2685
4516
1938
2166
1412
1686
1437
1917
3225
1241
3196
3397
1935
3215
2029
1606
8481
1231
1988
1487
1201
2121
7340
5327
7260
2547
682
2060
3558
703
1077
4636
2871
5130
1161
1848
2284
1231
632
1617
1848
1241
1397
1141
2606
1247
1057
1168
907
737
1822
1932
814
979
3107
1196
1274
1389
2408
6546
878
5836
2347
1703
1027
2364
2485
1321
1149
2205
3161
2669
2168
899
11489
1576
3031
5271
940
2045
3584
2150
2254
1444
1206
1099
918
3376
2050
1190
5379
1955
1194
7115
6469
800
2449
2070
1638
2165
3551
794
1945
2017
2096
1570
1991
1866
1714
1441
667
1886
1230
2855
1717
9141
8214
872
5222
1975
2717
1318
1148
1508
1912
1833
2264
4110
2240
1635
1077
4813
2304
2342
1375
1963
2235
1193
2450
6452
1718
979
866
884
1048
1095
1715
1025
761
3218
1866
1107
1877
1211
2223
1941
1907
885
3432
1775
1011
947
1589
2449
16974
792
1503
2921
797
3490
2321
1090
2654
2590
2332
3371
2692
1693
3180
8113
3298
998
2434
582
2323
1881
1109
3292
1007
2004
1197
1470
1334
925
1461
2440
1342
2768
3926
775
1097
737
804
6326
1143
2374
1080
1650
1568
2515
701
4720
5434
1466
3727
1494
2176
2279
2191
1097
1211
1862
1443
5340
2456
783
2310
1084
1361
2313
1147
5256
3584
961
2144
1662
1510
9824
1690
3727
1243
2480
2222
752
2255
1687
4011
6352
1821
2238
1608
2768
1852
1607
1521
2116
2781
1244
738
880
640
1507
1085
3941
3711
3338
1359
1897
1511
3037
2842
1962
3377
1952
2606
1726
1263
3018
1158
664
2562
803
2481
1322
968
4336
1894
1783
3082
2490
964
2680
1503
1829
1220
653
1243
3260
1109
1077
3125
1332
3734
2246
1471
3284
5623
2224
1727
1064
2354
3793
1187
4105
938
1434
1303
2760
1197
1385
2179
4532
3312
2737
1147
815
1598
589
2561
1232
2731
3724
1351
757
950
1378
2609
2209
1753
3565
7749
699
1359
798
1574
1856
2572
779
1340
940
2507
3026
6511
1393
3342
3010
2066
1369
1737
4184
1636
1859
1541
2742
1229
869
1826
1076
3086
1687
8357
1834
1564
3611
1143
4305
2768
1691
2128
1240
2429
1325
1611
1611
1428
1525
4601
1850
1285
4060
2397
3423
772
4048
1703
1030
4716
1742
1317
922
1277
1209
3352
1054
1585
2508
930
1290
2290
3714
460
1489
2514
2133
815
929
919
3335
2544
2964
2737
1676
2011
3497
1034
1340
2004
738
1245
1209
2285
2465
1582
928
1029
2335
1421
1610
3493
621
1584
881
1524
873
3193
1006
1885
7852
3599
890
1955
1715
2109
3260
850
4451
1489
1302
1149
1515
2066
6678
918
491
2633
661
1661
2509
933
2098
2451
2545
1721
1329
1303
1138
2814
3647
2291
4440
1254
1466
1000
2011
1275
852
1199
2291
1066
2776
1763
1331
3487
2510
1705
1327
851
3961
1042
2781
1966
1021
2279
708
2675
2673
1556
1301
2102
9981
2359
2057
679
1777
1389
3038
1219
589
1914
1117
1861
2742
2062
665
2005
621
2550
2453
1402
2478
3106
1244
1379
1135
1211
3601
5450
1760
1358
1150
2353
3902
1489
4134
9578
9705
14828
1346
1549
3802
2227
1474
1101
1742
3983
1300
1649
922
1270
2934
1349
933
1884
1464
1424
3265
706
788
2294
1023
1339
718
1600
2098
7549
1542
1389
606
951
2448
1328
1682
941
2198
2387
1477
1810
1642
1542
1250
1161
869
9793
1236
3088
1890
1620
4928
8204
1602
1131
890
811
6999
1335
2287
827
1096
1546
4505
914
2320
865
5958
1698
1314
1278
4099
2757
1913
959
1408
2901
2055
1582
3263
2460
4615
2371
1801
5344
3915
2571
1271
6705
2589
1828
2286
1483
1401
2926
1152
816
2510
2400
3893
2018
2514
2070
2599
1733
2347
1981
4702
2024
897
2381
1410
2018
2094
1618
2558
3228
1305
2109
1392
2033
1337
1770
1559
2175
6481
1721
1622
1146
1996
2865
1337
1113
1373
1581
1414
1563
2167
725
1318
994
4863
1159
852
885
616
2034
1630
3484
1203
1367
1527
1714
3309
1625
5475
1754
2710
13167
1203
1285
1780
1434
1078
2053
2154
1965
1961
991
3509
3459
1933
11675
1626
1068
1399
4336
2600
3163
1013
1534
2065
1547
1836
1571
1430
1921
5800
1276
1296
818
1930
3189
1063
1354
900
1579
1952
1797
1154
967
2737
1573
2634
769
804
1172
1466
2374
938
2040
1281
1409
2708
1808
954
2093
2455
863
1686
1756
797
1880
1358
1861
1157
4827
2562
1655
1412
2137
2975
1807
1529
1076
1461
1949
2930
5270
3762
2210
744
773
2832
1116
1799
1242
1709
1618
3492
1525
929
1299
13092
1378
543
4038
1566
2762
3538
1480
595
1125
3302
641
3513
1702
1717
1368
1888
1688
5316
3926
947
3246
1971
1418
1098
3531
2302
1172
879
956
3052
2703
3601
1159
3174
12542
2160
2321
2281
1393
2046
1904
2003
656
3116
1682
3659
2809
6857
1051
1991
1297
3359
2105
1195
1262
1513
838
1232
1247
837
2298
1712
875
1462
1712
3163
7950
5904
2350
1114
854
3644
1419
3364
1283
2169
2188
1866
1104
2249
1904
656
1187
1892
4229
3592
1924
1045
1244
1529
1428
3942
1308
2785
795
1012
1069
1081
4249
3603
1538
3822
1385
993
1059
2305
2211
818
746
781
1941
1609
1707
1200
1000
1380
3092
1365
6948
872
1055
1248
1672
1485
1133
1131
1390
2506
738
3298
1074
2916
2303
2251
1162
1257
1197
1047
1915
2594
4792
2320
2752
1884
1442
1767
1549
1961
1451
1823
2908
1337
907
6551
7860
1614
2219
4168
2480
6577
2745
2154
1983
1374
2063
6502
1490
607
1116
2303
1486
1652
2623
2134
1006
2379
3156
1397
2622
2634
3855
1982
1881
2190
2402
730
1267
1368
3140
1409
1852
1729
1493
1285
911
1010
1089
1724
957
1389
2123
1750
3646
1886
1681
11860
1786
1436
2998
1643
3658
1806
2096
2744
1990
1121
1020
1311
1356
1338
2992
2102
2693
2617
1896
1324
2394
2354
2617
1218
1007
683
3498
1060
2443
2520
1805
1518
2879
2002
965
810
882
1632
1268
2070
733
6200
1862
2351
2261
5147
1174
5145
3333
753
1204
2616
2067
1270
1682
5341
607
1955
1152
949
1592
1133
4939
4160
1814
11664
1599
2136
1976
2683
1199
1029
1625
7436
1734
10539
2780
1896
5829
1515
718
1718
2223
952
993
1314
11360
712
1383
3231
1532
1482
2968
2863
1212
2350
1285
888
3095
1570
1027
2026
5439
788
1042
1358
1815
1066
3037
1319
1567
1343
2818
1900
2604
1457
1725
2497
1806
1410
2261
2121
740
5443
9267
1161
1406
3403
1663
1744
903
909
2704
3551
1379
701
3876
982
999
882
12514
739
716
1790
3268
1727
1655
2099
6082
4182
8333
734
1115
1031
867
860
1883
2669
1545
2981
9958
3802
831
3832
1247
2261
2019
1351
2965
1211
2479
894
6500
1334
734
1575
1457
10179
1603
2654
1756
1173
815
4420
2793
3378
2964
4136
1428
2050
1292
3758
2708
2871
1086
1968
1086
3263
719
1195
9205
2098
1925
760
1113
2777
3556
915
5888
3502
1999
1594
898
951
1288
4312
1040
1737
1085
1739
3168
825
959
1163
4179
3161
781
2223
1624
1417
4096
2721
12633
3713
4942
1430
715
1435
1172
2581
1259
901
5381
1790
2375
2014
1915
922
641
2436
1002
2006
1050
1275
1398
1508
760
465
2167
911
1777
1462
669
2496
1294
2215
1361
1173
2410
1260
6170
1117
1592
2365
1191
816
2325
1590
2540
3407
1389
921
1276
2448
1400
1047
1301
906
762
2008
1397
2164
2044
2897
1517
824
1281
1326
863
761
6980
7647
893
1974
5396
982
2539
1321
1419
1854
2003
2107
1146
2127
2976
1304
2156
724
816
2342
2672
1042
909
1084
1164
2440
7366
2481
1654
1890
983
2820
2764
1310
1221
2959
1982
1492
3039
1367
3975
1549
2011
1079
1776
1737
3363
1050
10965
696
1823
1953
5388
1686
2732
1423
893
1786
5571
852
2627
1815
2991
1897
1302
4117
1489
810
8742
2372
4498
1081
2401
6179
11468
4359
1962
1039
1793
2346
1551
1445
1405
1827
1825
2099
3079
3315
778
887
1773
2058
2635
3437
1035
1573
3171
3101
2465
2968
887
2027
3536
815
2155
1078
1577
1788
2030
1042
3431
3285
3379
1572
7630
1525
2018
906
3100
2267
1573
1216
2051
3132
4329
1715
1481
955
1113
994
1589
1178
1311
6493
953
1561
2381
1065
4567
845
1708
1606
1274
2593
1320
1988
4094
1116
2054
1317
1301
1129
7255
4003
1731
2353
2166
2085
1271
2344
4906
787
1716
788
4018
1151
1660
1912
3413
951
716
1097
649
778
2259
2566
5234
1583
1342
1745
1596
3656
1960
803
1954
2831
1834
2438
2563
2130
1468
994
1053
2205
2213
1878
1188
1718
1512
2516
2707
1861
1095
2196
1235
1638
1280
3086
1355
4029
10514
514
4865
3316
7651
669
1972
2215
2119
2141
741
942
1033
1385
1858
943
4605
1619
5450
4565
1329
1020
961
2818
2106
874
2291
1660
945
1232
2206
797
1182
869
2029
1474
1236
10171
3558
1305
1648
2787
1144
3518
2720
1085
981
2697
890
2280
2046
800
1879
1812
1166
660
732
3223
3162
1271
1277
1587
10061
1843
2763
1253
1544
2000
2821
1077
3033
1176
1432
1632
2111
1200
1460
1768
1252
1240
937
2071
3153
2175
1385
1405
952
1998
1808
863
2617
1204
1449
901
1956
2544
1049
2206
2158
824
1332
2943
846
791
1565
1856
2985
5353
1485
4006
1744
3002
2510
1241
1061
3480
1180
1542
1323
6418
1884
2201
1592
1739
2403
2080
1989
2217
1411
1034
2226
1086
1636
1723
4272
770
760
1410
2052
1425
1624
1305
1018
4030
1357
1941
3221
2903
2074
2154
1136
7991
2335
8737
1589
2205
4092
1815
2063
1460
888
6373
2537
1736
1396
2240
4584
1067
998
2015
2040
9033
4739
1001
1175
2648
1467
1476
2281
3611
956
2188
725
1835
493
608
2827
856
2354
2055
1361
7702
3469
876
1755
3289
1072
3999
4853
624
3490
674
1407
1436
1745
2343
2619
2486
5660
4188
1763
2280
1143
901
2495
5161
1026
1308
2699
1290
1258
1013
1621
1715
2732
6423
2783
1054
3810
1030
1074
2383
1316
1318
3010
2080
2482
996
693
1164
1148
1042
2360
857
5716
8318
5556
1710
1132
786
4166
1892
867
711
800
1531
1927
865
1736
2639
8098
3245
3981
22741
1378
2737
1172
3700
1517
1168
789
4868
4048
1337
1034
1321
1817
1437
980
7963
3815
1419
2668
1307
1281
1748
961
2164
4146
1159
1459
1085
3364
1021
1258
1155
2815
894
3318
4707
2205
2215
1656
852
4747
1334
2310
1760
3169
2861
1347
1647
8169
1737
4669
1631
1550
4783
1200
3151
3189
1082
3446
4692
3570
1666
1412
2217
2893
3012
1380
1804
1423
1560
2310
6956
8711
8698
1365
3160
1252
997
1350
2975
2317
2249
1753
1159
1327
1031
3467
2590
1499
1035
1976
1083
1390
1234
617
3239
1343
996
1244
1431
1324
1505
2883
1292
2824
2641
2362
979
1793
2060
3818
2076
1401
1366
1056
2063
1101
2116
1071
8698
2170
1268
949
1192
3982
531
1510
1648
3383
2778
2277
1569
1336
2223
2929
1729
3638
4364
7108
3364
982
854
1836
1186
3181
2856
1467
2760
1780
906
786
1523
3532
1707
1561
1238
970
887
857
1229
9539
1589
837
3605
1063
4341
1392
3456
1091
2666
1698
11619
2655
830
4511
2957
5637
2713
916
1402
1144
938
1963
1307
1544
1509
950
1771
845
1365
1347
1941
1493
1885
1558
1807
1773
909
2305
2021
1374
5039
1678
2167
1649
1771
2517
2452
2994
1755
2040
1892
3071
3415
2252
1775
1602
1231
828
1850
4920
10551
748
817
842
2285
3025
962
1651
3240
967
3006
1420
12917
1654
1114
847
1755
1715
2370
2313
4812
2302
7693
1329
1721
2339
1682
2040
1861
1771
1951
1050
2115
2561
1493
732
686
3256
1252
1824
3285
2637
534
1159
2259
1834
968
1389
1069
1258
794
1311
1199
1473
2491
1420
6725
1392
1866
647
2525
2091
1296
1443
1076
1841
1470
2070
2632
908
1624
4838
1296
4500
2559
7113
4667
5852
2520
1581
978
974
917
2553
1698
5137
3964
4303
1085
1048
2541
901
1270
6507
2661
2070
1258
1600
1073
931
1638
2507
1888
9484
3816
1021
1101
1830
2116
2333
2544
3669
934
824
2593
1823
1089
2379
2557
1602
1433
12688
2299
2660
750
3728
3130
2442
3120
2279
1962
2689
1784
2018
1832
899
3449
1192
1468
2191
1812
2436
1105
1069
6356
1820
1878
1348
1828
875
1639
2525
2547
1970
957
637
2818
1300
1547
2633
4220
2701
2284
3593
790
4223
1938
973
3389
1018
1746
1314
1065
4388
1401
1056
3138
1358
5385
1652
1097
621
806
3678
1135
1078
1700
2550
2546
1347
761
796
817
1046
363
1703
1770
894
2157
2432
1924
1301
6542
2538
6041
874
4703
1711
1089
2366
1449
1335
2066
1680
1208
2822
1329
2239
1481
1172
2954
784
948
1787
1773
2209
1462
2020
1467
2045
1710
1725
1094
2790
1433
1493
1253
832
2114
6686
1059
1393
3179
756
1339
4916
1455
2190
997
1339
1708
3981
1629
3326
3103
1227
3654
953
1215
669
3303
1512
1271
1394
1448
1100
2491
2741
1600
1327
3081
1158
1600
12473
1435
682
944
1869
1038
2833
1579
2275
1447
4028
1676
2681
1721
1056
1022
2581
7851
1983
2686
1089
956
1301
1933
4749
1340
2186
1033
719
1663
781
1737
1085
814
9895
2206
2193
1473
2333
2568
4384
2312
2172
1939
1458
3461
3658
1912
2141
2953
2760
1897
1815
2549
1194
961
618
5057
1147
2432
1204
2168
901
1796
2286
2152
633
1459
1290
1425
1332
3469
1743
2560
1611
3210
1117
2275
1887
2026
1416
1740
7710
733
1789
1196
5493
1143
1471
869
5583
1426
1364
5545
645
2352
2069
1601
1402
1286
2909
1201
8618
908
1321
1734
2263
3846
610
1660
1492
3570
949
1432
2733
868
3616
4201
2342
1167
1168
2398
2072
3408
2268
1374
1696
1078
1855
2190
1716
3554
1415
1185
1714
3969
1651
2726
972
1327
2202
1066
898
1280
4889
1565
927
2008
817
1598
1686
977
1748
2070
2177
1125
1071
2702
1464
2988
2101
2349
2281
3317
1078
1301
1023
846
3507
2774
927
1559
3558
2659
1194
1253
2014
1256
2781
1959
3594
7384
1556
2667
1052
1374
3454
1530
10268
8384
1616
3602
3601
1810
1817
2689
803
3513
1986
2388
9155
2119
1476
1286
1082
2042
3608
1694
1138
1183
3097
1083
1824
1514
2032
1121
1545
1243
4268
1177
1595
2422
2509
2550
3938
3618
1097
1507
1787
3162
1233
948
1114
1896
2362
2310
793
891
1827
5342
3661
1760
2001
804
1148
1874
3581
5811
2155
1970
531
3464
2072
1818
1349
2572
2306
4953
6726
4787
1443
839
3603
970
2313
2356
528
1216
1191
4705
838
1816
1121
1188
1896
1959
1304
872
2277
662
950
927
992
1185
2157
657
2507
1646
2334
1577
1290
2724
909
1309
957
5787
2854
6675
991
1997
1978
684
2053
2124
1843
5378
6433
2923
1865
1490
1236
657
2776
3908
1331
1300
3750
2028
1815
1286
1822
825
1405
1154
1499
1475
1925
8967
1137
5766
2242
5728
1056
4345
1845
1405
1035
1287
4921
4231
548
6682
3524
1458
997
1351
4059
1223
2277
1792
1532
4261
1171
719
811
7168
2178
3242
1904
928
1533
2166
1374
1673
1820
841
922
3698
11412
1264
1333
3029
1367
6436
965
8852
12457
2613
8028
1324
1641
2261
3237
2014
2797
4146
1624
1575
2294
946
3867
2515
1430
1061
1063
1238
2567
1667
2345
1190
3192
725
1331
2838
1464
2126
1095
15223
1803
1538
1307
1549
4551
2183
973
1177
1914
2932
1321
2715
1323
3720
2320
2599
4015
2480
2269
852
826
1632
2117
5601
2202
1303
2391
3512
2360
1306
2488
2313
3112
1880
2926
1835
1842
1545
912
2081
2363
989
1029
852
2242
1697
852
1082
2778
1185
3363
1312
1186
903
759
2115
1890
1477
2278
1058
961
925
1032
1204
2549
1323
1385
2194
1048
1055
1546
649
1194
1037
2416
774
952
3057
2181
2599
2019
2349
1152
3405
1413
1771
2090
3704
899
1660
3358
3013
922
3090
1150
2118
815
2563
1253
2135
1856
1910
1339
820
2226
2117
867
4822
2046
1778
5007
1216
1205
1471
1999
1181
1599
1826
6041
2541
1685
1874
945
1466
1738
12231
3738
2549
1181
1086
1220
1667
7193
756
830
2540
1228
1251
1723
3108
2024
859
1390
2211
7984
981
1014
964
1204
1368
2568
5416
7659
2058
1066
3181
5439
1381
837
1026
1734
5697
2925
2937
1149
2485
3284
4324
2444
1094
3542
838
636
795
2336
2486
3005
1518
2871
4178
1286
1055
2278
860
1373
2506
2876
6177
1992
920
1435
1715
5270
2741
4120
1729
1297
695
1695
1067
1769
1852
2520
1996
1691
4190
1411
2058
775
1050
1579
2222
956
1599
1834
1305
2336
1745
723
1375
2582
4475
2570
1041
1828
1669
2115
1744
2241
1119
1991
1192
4159
1486
1500
1035
2459
1787
1178
1432
1433
2066
1046
4824
3958
2264
1459
9587
1738
3152
1992
2449
1907
7699
3612
3084
876
6981
1274
1068
1054
1367
3680
2961
1645
1388
1211
1667
4640
1346
1909
900
928
5015
2427
2421
1018
1498
1877
1187
702
709
859
530
3225
1194
4914
5883
1098
4926
1210
1032
1101
2480
1558
3591
2040
1759
2083
1049
1012
1445
813
2414
644
2489
7065
2159
1626
3099
930
1368
2378
1255
3106
1220
1073
716
1228
767
990
1948
1365
1788
7234
1889
2143
1938
1654
1035
904
1356
1455
2579
1971
625
1667
1125
1588
1524
1443
830
3369
2431
1595
872
1198
1311
2804
1939
1553
1030
741
1553
1278
1959
2485
1383
1109
4539
1108
1170
1249
2204
1516
6341
950
1172
3026
1134
1634
3340
994
772
1264
844
1158
3268
3838
3642
1540
2243
892
696
2382
1607
895
3202
597
1159
3780
1886
747
2132
1072
3805
749
1051
1941
1267
2065
1153
1132
7441
16933
2302
978
1115
6091
2029
1242
1575
1274
1942
3646
1227
2275
1497
840
1305
1817
2234
2265
1085
1492
2646
3239
1976
1732
1020
2278
2441
1036
1418
2553
1101
1750
3639
7493
2959
1389
6808
462
828
597
5036
1038
2039
1278
1070
7496
1762
7712
1522
3069
1404
1449
860
828
4158
10365
1390
1159
2739
6181
1828
893
1368
1502
1797
1188
1838
1022
2034
3705
1367
3168
628
2247
1989
2988
2996
1901
953
2248
6779
3018
2004
1475
1320
1374
1029
2195
2664
1535
729
1386
1436
1134
2660
1545
3538
3853
1762
3079
971
668
2741
1827
1804
2252
2702
1659
747
2138
1326
2230
1085
1794
2448
3468
1159
2093
2726
1424
724
2431
1440
701
2694
1638
1231
1003
1819
3629
1658
2365
1313
1570
2859
1408
4275
2051
1293
1780
1196
1866
1936
2308
9003
706
1199
1182
979
2440
2318
3281
2199
3641
1077
2261
8974
1153
994
3087
754
2367
1130
1752
2431
1204
7250
735
2050
685
2378
3652
959
3566
1258
2792
923
1479
2254
2163
2686
1151
1166
1249
1286
1786
920
963
799
1577
1110
1435
2740
1091
1757
2052
836
5798
1449
795
685
3509
3033
1149
1657
1082
2164
2463
3257
2097
1398
1299
1449
2391
1383
1833
1633
862
2058
997
2961
1066
4602
1267
566
1149
1148
2231
3795
9811
1351
2775
1415
1603
12537
1733
4386
1864
2678
1790
1092
1106
1868
1806
1480
1285
8794
754
840
1421
2172
1091
1307
2868
826
2675
1808
1630
3340
2583
1064
12342
2047
3639
2195
2072
1769
1381
1019
741
2147
1527
1368
1519
971
1685
2027
2580
2477
1149
2185
2339
2673
2603
1403
1388
3162
667
1685
1454
1490
4532
997
1877
645
869
971
2711
816
1749
1671
3468
2675
2828
1211
747
3778
1102
2432
814
1559
1402
1411
1559
1579
1101
1785
779
1559
2055
1530
6431
1097
2581
1543
2363
1386
1678
1018
3275
1627
1463
5159
2580
1094
4701
2896
2558
2168
2046
1991
927
4521
2525
1881
1593
3132
4517
2136
2783
1359
2528
1969
4196
6241
1218
6838
6492
1320
940
8833
1558
2013
2132
1328
9476
1497
1502
1323
5716
2025
2350
3059
1525
2053
1554
1416
853
1970
1471
1187
2145
1158
1947
1546
1096
1082
1458
1441
10723
3476
816
2782
1045
1515
1805
1029
1971
1949
2401
3163
1700
1341
1182
2116
1370
1766
2902
2859
4196
6995
2628
3305
670
1331
1564
2561
1593
2328
2984
747
1724
817
1473
1482
1464
2920
875
1982
4424
1142
963
2736
4413
2482
1466
1231
4322
4295
750
1744
1333
5302
1352
1245
1119
1149
1968
1610
2373
1436
1473
3323
1663
3157
1877
2349
1603
1772
1314
1407
2716
2774
3323
2614
1445
2323
1575
1274
6197
1906
2813
2685
1149
3203
1479
1005
2592
2165
1059
1948
1317
1206
2164
1002
1525
1804
667
1583
1269
630
2246
1407
1266
3819
2689
948
1193
837
2316
2949
9150
2688
1358
3164
1485
1930
1728
1742
3592
2524
3294
5471
1697
1322
1001
4215
2872
2778
2911
1479
632
1254
5055
1567
1444
2179
6290
2309
1302
2681
3453
1125
987
2128
1004
1281
1170
1000
2319
5234
865
2996
2409
1768
5794
9183
838
1260
7439
1241
1376
2382
2552
7507
1062
2583
1515
1393
798
1952
4193
1316
3003
1029
2658
1530
1342
2892
3063
961
14325
1921
2103
1263
1252
670
2647
4368
2066
988
1895
1173
1700
1291
1687
1119
1471
3096
1512
1386
2070
954
1357
1534
783
1322
2541
2526
1280
1068
3774
1308
1376
3139
1557
2287
1445
2623
1874
7692
3454
1693
1803
939
2695
2026
856
2275
1659
1602
3510
3210
1703
1179
1850
1167
1090
4505
2337
5669
1193
709
1023
2684
896
4131
4809
2358
1519
1975
2576
3189
778
5999
1582
1775
2161
2636
3119
779
769
2617
1522
1271
1709
2884
1313
1087
6473
8926
4383
1879
979
1654
2121
1669
1095
992
1301
1287
1232
2506
2560
772
5371
1590
1646
1966
1765
4575
682
2361
8972
1366
5010
1777
1103
1851
2004
2468
2251
2016
2363
1408
1050
3718
1793
4194
1897
2399
730
1176
645
869
1143
865
7933
1195
1149
1882
2691
1065
2321
2417
1664
547
1288
1199
2351
915
4129
4967
4457
1002
903
1782
1522
1292
1939
1577
1338
3525
2347
1447
1491
2421
1456
1685
3393
1757
1925
1282
4039
2849
4146
4157
1429
1639
1701
2385
3035
2944
3927
1233
994
2001
694
1616
4740
1009
2590
1419
702
1473
3284
2518
1566
8432
3929
944
1525
1582
1247
1896
1301
3164
1875
1977
1459
2130
2003
1168
1741
3591
2263
3090
2443
919
1801
2045
1835
1310
1992
881
2051
4752
1507
1621
2203
1665
1047
3853
1860
1504
1849
1720
881
1634
3405
3282
1993
4356
816
2058
2180
2121
1472
1662
2161
1069
1096
1340
2536
1216
2499
1196
1832
1303
2654
3465
2689
1442
1226
1864
932
5461
11186
1261
765
1238
885
1217
1495
816
1373
3034
3400
1925
6948
1471
1026
1939
1307
2114
1940
2197
518
1994
1411
1232
1472
1386
2331
981
1441
3651
1144
2697
1258
1211
1551
2960
1668
1946
1046
1202
860
2154
1434
992
2292
1003
3183
3029
3949
1351
967
1205
1092
1552
1595
2499
1916
2442
2001
1455
775
2425
14262
614
650
1239
1317
1455
692
3681
1934
5886
1388
5657
7236
2343
2587
986
7714
4977
1549
1632
2638
1146
7417
3723
1857
1185
1911
1102
1975
2062
13968
1581
1342
1822
760
2277
986
1072
1029
3212
1933
2002
979
5324
2761
4306
1080
913
2700
2268
2033
2145
2594
2920
903
2053
2977
923
2104
993
1753
2296
1200
1048
1360
1784
2370
1156
2847
1977
3178
1078
1700
2196
1700
1201
1691
6474
1072
2665
2730
1340
946
1731
1843
2297
5521
1376
1109
3002
3050
3801
1348
987
1712
1955
1990
1610
1114
2855
3251
660
1182
1457
2238
1977
1484
1649
1814
3858
3004
953
1005
1670
1704
1186
1584
1168
3506
814
2628
5148
1144
1256
1843
1562
3131
1335
1717
1877
1779
1960
1145
5808
3564
991
885
1346
1532
1440
1449
3343
3935
1516
2172
455
1578
1930
3046
1491
4130
1762
1883
1036
2473
1900
1576
1308
1587
1869
1057
1040
1203
1183
2091
1514
992
1460
2211
642
2467
1777
680
1470
1829
851
1486
2979
1799
786
2427
1344
2097
944
1038
714
2077
7914
2148
1666
2591
968
1887
1178
1983
1271
1664
2786
2732
4401
1297
1702
1155
2376
1976
1888
2207
1890
1446
2690
3837
2172
14449
6361
5165
1479
1356
1346
1122
1710
6619
6052
858
1507
7589
2455
3753
935
3689
760
1355
1307
994
1857
1360
1861
877
2773
1745
1576
5181
2647
838
4893
1035
1855
2422
7922
1924
1535
1796
548
6965
1165
2133
1317
9694
753
1904
6327
2234
908
863
1093
1823
2008
9042
1053
1580
3719
872
2057
1384
734
4280
2438
2374
4689
761
7640
819
2216
4294
1982
3741
11011
6423
839
2635
1556
2892
1436
4248
2529
1629
9072
2060
956
996
966
638
1095
3126
1675
3063
1701
1495
8845
2590
784
2351
2589
856
2813
891
1667
1149
1036
2267
8008
2214
1894
2945
3255
2912
1858
796
1634
2448
1478
3030
1011
1747
2125
1079
930
860
966
1288
1436
1341
1094
2548
3998
1331
1489
1785
1890
4346
1661
1002
1243
742
5863
5111
1693
1544
986
1658
793
6495
1832
3849
4991
3962
1796
3391
1214
2265
920
1359
1639
4592
2418
1274
1194
688
1638
743
725
1928
6252
4457
4663
1440
3136
2816
872
1149
2034
1394
1851
1511
1845
819
1287
4817
2002
983
2862
1456
1291
12771
1224
827
2975
2093
975
677
1199
1711
895
4852
1547
1266
3547
3806
3410
2777
1793
2513
2994
1124
4569
2751
1394
3136
793
2243
1095
1019
1857
1651
1603
1679
3057
2829
6197
1589
2088
2768
6952
1290
2921
2374
6572
756
2794
1994
1495
3541
2379
2167
1324
517
1677
6439
2151
4563
5211
2642
1781
1883
3594
2346
1362
1067
2561
9743
2046
1245
1011
2907
2928
3297
2821
1645
2026
3700
1222
1817
2495
1352
455
950
6592
3607
839
1686
1533
638
1039
687
2259
1518
845
858
882
971
737
2701
1392
3387
2671
1624
816
872
2065
1235
1760
909
1549
2646
3291
1169
1463
2898
1925
2383
2354
1370
2028
1095
1507
10096
3036
1932
7178
2094
1366
1701
1465
1562
1805
2047
2345
1832
4264
2212
1215
9230
1746
1321
1153
1566
2101
3465
2364
1633
1417
4323
1313
2799
1946
6966
2776
1650
1732
902
1736
2733
1094
1922
2589
3210
5005
1475
1331
976
1710
2732
847
2500
3127
2002
3067
4528
841
1398
1096
1197
1717
1393
4084
1932
2862
1352
3157
4592
1525
2104
1482
1204
2682
1526
7564
2842
1776
4353
1572
2248
1775
2689
2453
2599
1729
1620
3148
2586
2266
1522
3106
2722
990
2087
2637
1993
1914
1836
2928
8815
2642
2239
575
712
1818
1332
2682
1375
2180
3212
1071
4177
2702
1293
1196
3223
1331
1894
1448
588
2696
1195
4794
2264
3453
2807
1194
1011
2707
2338
2427
1375
1161
1324
1973
5623
1121
1371
1306
3799
2194
1526
3303
941
2202
2099
998
1530
1357
2735
1871
1377
1891
708
1767
2110
1871
1703
801
1169
729
2742
3098
1969
4060
6498
1658
3660
2189
2717
928
1280
1219
3554
3050
7977
1000
1382
3745
2588
1682
4813
1272
1376
1015
566
4664
1414
1404
8135
1422
1393
1029
1017
1488
3083
2938
2962
747
1218
3115
5664
1819
780
2308
1779
1782
1269
3028
1255
1348
2940
5914
8019
1421
1060
1498
1460
1434
1651
2000
2642
2213
8860
1419
3466
1221
2663
1605
1074
1309
2602
4052
1142
5849
2014
954
1807
2344
11909
1521
1921
814
1449
2102
3230
1026
1315
3704
964
2034
2074
2402
1998
3574
2516
1626
1795
1917
2085
2107
2449
620
1311
1839
1050
927
2035
1155
1770
4677
1765
8462
2377
1005
2107
1461
1064
992
2672
1236
3109
1326
2332
1307
2364
1672
2115
3189
727
871
977
1383
3088
1901
3560
885
1729
5570
1751
829
2063
7488
1497
1002
1514
1855
1423
931
2359
754
938
6045
1725
2220
1261
1451
666
796
2429
1394
5074
2990
2942
782
1263
786
910
722
1512
1322
729
2796
1163
653
2401
1283
1046
2137
1902
2555
877
1097
817
1629
1362
6346
4865
1317
869
1698
1152
2026
1770
2495
2604
2977
11433
1174
13790
1198
1081
3263
2723
1042
1735
4824
1609
1357
934
1472
1659
1210
891
2332
1337
1153
842
984
3091
1972
2276
1534
4654
2165
892
1184
1251
2108
7357
918
1088
1562
1169
1471
1852
2281
2837
2796
1224
910
1590
2097
1040
1506
1272
1919
1114
1603
1062
1632
1381
1473
2087
1278
1453
1668
2941
2488
645
2391
1093
1004
1172
6074
1231
2293
3431
685
2505
1600
1807
8951
2907
1579
2174
1095
7152
1823
2034
3558
1453
1709
689
1901
3117
1219
1355
1424
1336
739
936
2340
2485
1062
4125
2226
6262
838
1982
950
897
1722
2043
1213
1472
1850
1477
1742
1946
2788
925
659
724
1894
5481
4988
1905
2901
1088
1189
2519
1300
2639
2785
1745
1279
1100
1688
2087
1674
966
2729
4673
2837
2590
1533
3032
5898
3369
3892
1344
2969
857
5250
1695
1392
2184
1490
5223
2351
1494
1459
1767
2389
2626
1219
4923
3301
732
1792
781
1082
1177
1477
3340
1356
704
1939
7167
1029
2497
2869
1206
2294
1354
1529
1238
2550
3093
1087
2133
3083
1349
1459
2502
2023
1699
2070
1893
5280
1885
772
1075
3164
1073
1607
1828
1699
1987
899
683
1629
2374
2348
2699
1257
2283
1961
1128
1918
1496
788
1107
4221
2801
925
1825
1312
1892
1464
1206
2181
2395
2767
1476
650
1656
2938
2487
2606
778
1208
1205
964
9995
2445
4128
3262
1621
1740
3431
972
1012
1157
3402
1989
797
2470
631
2091
6103
1675
2759
1514
2491
954
2736
1187
861
1182
3814
2204
9889
3799
1753
2144
1179
2595
2616
4181
6289
2150
1503
2668
836
881
912
1987
2883
1049
5139
3037
1889
1047
1840
745
3636
10879
4518
1803
1109
1310
1269
931
2062
3421
897
709
1944
952
1347
1070
8537
2216
3013
1232
1509
774
1004
1230
865
1338
1928
1171
1622
2304
1188
1581
1514
1172
1613
1895
1354
2579
622
1553
3446
4195
934
1224
1519
1712
3153
2583
929
3355
870
1495
2147
951
1205
2437
777
2291
1294
1399
1231
3148
2923
1656
16728
1369
3616
1060
1761
1832
2970
1560
3433
3386
2092
1454
1772
866
3125
5092
6743
2498
2896
2000
3161
10608
2272
691
8319
814
2806
2239
1485
1873
1469
5347
2026
1566
2469
1439
4222
1911
3068
963
3420
984
2388
3348
1103
1854
2010
1062
1557
2095
4063
1891
1770
1279
1244
3992
884
3585
1215
895
1570
1786
2075
1399
1787
2527
1499
2308
1044
929
1347
1695
1072
737
2662
4614
2890
1758
1626
2333
840
3202
5733
1396
3138
7463
5310
2696
921
1498
2048
3928
1168
7790
2125
1368
1011
1954
1335
1159
2677
873
1985
1148
1692
866
929
3552
2107
2311
592
2466
2542
936
2599
7696
1486
9240
1049
4995
947
11984
2697
1687
5876
6102
1087
1083
1157
1180
1451
2247
3537
3607
2756
3423
1572
1306
694
1944
477
1352
4764
1139
1312
1436
1579
624
2204
5122
1975
770
757
1717
1015
2190
2095
1509
1463
1839
2095
1778
3889
2092
1267
2821
3568
821
2028
3028
1713
922
925
1150
2267
2329
995
1712
1967
10588
1146
989
806
1633
2739
1119
1257
2586
1259
1555
1988
1204
1701
1607
994
9331
696
949
1041
1129
2694
2496
2700
1912
1061
2182
3909
2616
4064
1976
1109
1829
2151
5999
2056
921
1062
3107
1210
2093
1991
1116
1012
2545
1154
4197
9218
3982
2966
1425
1006
2065
1554
4895
1857
462
901
1280
1222
1275
7906
3342
1386
1158
1756
3957
1466
3310
1578
654
838
3085
1155
3330
2410
1149
6700
3364
1239
787
1113
3506
1098
3340
3808
8781
2675
7768
2819
2091
2882
724
931
2777
2064
1035
1467
1528
1319
1841
1651
2125
2134
1024
962
1977
755
1432
622
911
1881
1906
1410
1869
1182
1198
2738
4095
1584
3093
3663
3273
906
1136
1310
1084
1422
1148
2835
2074
2376
2922
1836
1302
672
1403
2428
2536
3651
4866
2245
1054
2583
10280
793
5087
2249
3387
1902
2672
2495
2056
1503
617
1360
802
809
3340
2707
603
1519
1187
2167
1060
1350
1326
1131
821
590
4753
1279
989
807
5097
5182
1096
1709
2322
3354
1814
2716
1119
1516
2435
1319
2969
7263
1023
1961
895
1265
1495
2787
1205
1915
1293
2429
1240
2186
2135
2887
1397
885
5976
2808
1579
1162
1229
719
1626
1371
2390
2002
1738
984
2268
1065
2792
1423
2708
2008
2627
1281
3067
1742
2640
1415
2048
790
4353
3904
1035
1720
1258
956
2394
2095
1536
2149
1257
1429
1369
2002
1003
1915
2965
3986
2901
1605
1362
976
3466
2098
3380
1543
2988
2277
2311
1432
1014
681
1487
1201
2629
829
1003
2706
1582
1164
2956
1144
2242
1078
1149
2561
6336
1455
885
1362
3128
958
1562
1692
1968
793
978
3727
9504
888
4754
777
2937
3868
860
1702
4040
1688
1257
2482
1206
1401
2913
1186
1414
1859
1297
1644
3124
2139
774
978
3039
2220
2396
1790
2371
1159
5020
1769
2485
2260
1104
1407
1092
1542
1503
3154
2918
8398
2610
1993
3029
1763
1598
1370
847
2865
2897
801
1059
1308
960
1736
1422
1289
3683
1829
696
1318
1431
2113
9689
9095
1812
916
1616
866
4118
1336
1023
1286
3508
4417
2688
840
3060
2772
793
9873
1240
745
7718
3047
1834
1431
2257
1346
1885
2055
2424
1366
920
1162
2474
1057
1785
2260
1932
1462
1179
15612
1937
1860
2309
1786
980
1673
1226
4898
1372
3054
3701
2086
1871
773
1254
6185
1579
1428
2365
950
949
2897
2623
2077
898
4216
10125
4261
726
1528
3580
1326
2002
4116
2157
1098
1948
1188
1754
890
2844
1045
2747
2423
1289
4388
4553
1060
825
3662
1697
2444
1097
907
1882
815
2096
1278
2172
873
1267
1619
2950
2395
1066
787
1361
956
966
1995
2960
899
684
1361
2849
1410
1844
903
2509
977
1100
3493
5352
1352
1265
2008
925
1184
1040
2194
4260
2009
2783
1483
1845
1930
1132
840
730
911
7138
7558
1312
996
7116
2041
977
1049
2121
3241
2607
1433
1045
722
1440
1921
3086
6855
970
3048
2028
1731
1731
1858
1124
9914
1098
1670
863
1379
2999
957
1268
1463
2673
4353
1719
3057
1392
1986
2415
1737
954
6498
1978
1371
1313
5688
1208
893
2669
1451
1181
759
2537
905
1506
2538
1684
1877
1372
7465
1961
1142
1350
1996
1755
2703
2018
1032
1150
989
2012
2969
814
1410
840
1390
2418
1079
2288
1080
831
1490
3183
991
1328
2563
1979
7398
1730
1330
3771
1574
3640
3687
4590
1369
2312
1343
936
1690
1135
1807
756
3133
8274
1140
2807
2530
3100
1372
2938
2307
1434
1959
1329
2295
804
1963
614
1042
3490
980
1852
2484
2191
1570
4241
2963
1673
5897
1738
1653
903
1912
722
2133
1004
1160
2889
1447
2052
10629
6153
2915
2400
1833
2912
2730
1712
746
1648
2683
2552
3777
2625
2175
1169
1439
1671
1271
3854
1690
918
3114
5098
1362
1986
6386
1790
2235
1403
1891
2073
1002
10672
2232
1084
1226
1058
5921
2252
3415
4836
1576
2014
2023
4910
753
3248
1500
2320
1223
2611
1623
4368
2215
2816
881
1666
963
11723
1542
3159
1165
6190
1625
1712
1167
3067
2042
1610
2001
1621
2163
1186
1307
1840
1311
1256
2601
6061
2307
3007
1747
2359
12653
1005
956
1407
1368
2361
3896
2673
1790
2765
2013
1889
2141
1544
2374
2034
3787
1036
1148
1151
1496
1605
6293
798
3775
1211
895
1486
1096
2607
1018
1804
2344
3057
949
1712
4485
1837
929
1571
2880
2124
1035
1224
3583
4301
2351
972
1128
979
1831
1620
1767
1782
5169
975
3035
1307
2913
1771
1023
2603
2085
1767
1066
1710
1434
1507
1504
645
1242
1929
15579
7319
1788
1971
1940
1827
1748
1729
9676
3499
2546
10244
997
1052
1787
1984
1311
4058
995
1397
828
1421
3789
5511
1915
934
2350
2074
785
1222
3317
4186
2882
1004
2683
2258
1035
1312
3518
1451
12554
2541
606
696
7439
1933
966
2074
896
1246
5198
1762
994
910
2942
1121
2987
1140
2794
1294
948
820
1399
912
11631
1979
1688
1030
1322
1558
681
952
1454
5725
3086
1797
2126
2562
1761
2316
3939
1191
1854
725
1098
1300
8155
713
1226
7874
1833
2007
1320
1063
3816
2386
1121
1612
1652
2727
747
2913
3141
2000
1160
2837
3332
3746
1072
2033
3852
3050
1881
2001
788
1446
7277
1285
883
848
2577
2251
4114
1998
2575
897
1568
782
832
836
1075
749
2261
4312
2696
1298
1045
912
1069
1056
1292
2369
1872
3288
697
2348
1869
2213
12210
3021
1170
2757
1860
1730
1670
3718
3508
2747
620
1395
2238
1924
3410
1350
2042
2249
1223
810
1437
1889
3434
3055
4616
2064
729
2770
1890
2250
908
1107
1727
1565
2022
3004
1398
1878
1150
4373
1165
6486
4488
1909
933
4229
792
1233
1158
2253
1350
3606
2678
2151
3249
1726
1008
2330
1632
713
1883
2410
783
2173
1291
1740
2854
812
1457
943
3589
1661
1962
2984
9009
1787
1657
1520
6945
671
1311
933
551
1330
1259
1269
1940
7047
822
839
2109
1771
3338
1264
4599
1049
3361
949
719
24804
4064
994
2533
1102
1460
776
1898
2285
2319
795
5618
1873
2179
1952
5190
1337
1134
1808
1645
2490
2431
1116
1357
5337
1812
1008
2284
1886
1224
9522
1081
1356
842
1387
980
2773
1543
5116
1697
1273
4197
2752
1837
1234
1155
1370
582
698
1487
1991
3256
650
1657
1270
2059
2047
2937
777
5468
1224
1163
3697
1370
1651
1594
2508
1616
1738
3670
1116
1537
3590
1284
2153
1342
1697
6193
2227
1197
4595
854
3330
3015
1412
2318
2655
3060
3164
1714
1766
2944
1283
1036
2589
2034
2509
2303
2647
1363
802
2331
4192
1769
1020
756
5745
2038
2664
860
4760
1153
1346
1367
1876
1393
3377
3659
1094
1115
1080
4317
3840
1973
3956
1215
1922
2315
1761
6633
8316
2730
2020
1840
1101
781
2010
764
10397
1999
905
976
1569
1236
1051
2332
5652
1770
1395
3014
3595
3479
1042
3938
1697
2180
2878
1404
1075
1626
940
1061
4129
3758
1145
1307
3127
2934
1839
485
1671
2262
1028
1827
1637
2913
1263
707
2087
4178
785
1739
2092
2891
1748
1117
2832
974
1868
5034
7669
5437
1550
2385
4021
1733
1453
1255
1413
2472
1587
1581
2466
3551
3469
1815
1924
2965
2782
2024
2120
984
1863
822
884
804
2294
2661
996
2247
1944
1945
1060
2004
682
4064
2842
9381
2940
1163
3688
2906
727
1645
1543
2019
768
3508
1283
3933
889
761
1527
2269
1581
3068
1013
2633
2591
2218
2008
14849
1856
1944
4431
2358
2009
951
2775
1630
2914
1878
1578
1183
834
2216
2264
1407
11899
3032
2131
1859
2351
1499
1103
2901
1951
3155
3511
1607
985
1358
536
1634
1411
928
2201
973
5037
2606
1325
1009
2527
2405
2035
11517
1292
1278
1192
1835
1773
1414
1753
1967
3320
799
2376
1569
1127
871
2128
2911
3313
1135
6112
2528
2657
3237
5545
1367
593
3624
4395
1533
3277
1037
1798
1863
2534
1727
1417
1258
819
6810
1361
8229
1297
1199
2194
1504
875
1414
1382
3849
11521
976
1279
4301
2153
1276
990
1155
1398
1626
1597
1450
963
1355
1600
4308
1050
1750
2632
1794
2022
1333
3052
1677
4497
1608
1386
2084
1169
1798
971
1400
4850
8691
1322
1254
1187
1074
792
783
2267
1785
990
2532
14346
720
1010
2511
2810
8030
5555
4682
2548
1604
715
1981
1123
2124
2554
1264
2458
1082
5751
1974
792
6753
6582
3006
2546
5117
2097
967
1042
2399
1177
5458
7322
2066
832
1803
700
2263
3064
2268
2526
1101
1755
1271
6948
1981
11258
2455
3113
7147
1462
3140
2340
1420
2371
1106
1139
1330
2866
5675
1665
880
1182
747
1831
2220
3034
1703
1334
3086
3126
1590
770
1441
2885
2552
2271
1981
1173
2062
1702
4248
869
2610
1443
983
2699
2087
1306
3130
1783
2874
795
3200
886
2155
2332
1989
1182
1589
1660
6023
3629
1206
711
1058
2724
2128
2397
1718
1733
1382
1048
3634
2607
1203
3078
1671
1359
1677
2053
4636
2100
2745
631
3398
2501
1588
1203
1514
13617
5909
1317
2322
1180
3618
1549
1918
3148
2473
1049
3072
2594
2377
2144
1942
1266
1084
1063
871
2190
2297
1817
2535
3007
2887
4513
2046
1400
4575
2139
3142
1672
5013
2231
1258
1147
1109
6116
2068
1270
2131
1756
1268
1560
3465
2717
3264
2449
1429
2173
4694
1107
2468
1287
1011
6187
965
839
2246
4803
2182
2786
898
1275
2844
877
2348
6104
1742
1837
2366
1686
2477
1219
1807
1339
834
2068
1761
3673
1017
5382
1407
1743
1982
5315
1919
1166
3286
3372
784
2563
2288
1183
2369
1097
3159
779
2561
2600
2375
1432
1048
1550
1401
891
1303
1154
1018
3698
1484
504
7123
4510
2484
975
2117
2811
1398
3233
2680
3718
1389
1600
1860
1345
1471
954
2197
1940
1082
1462
951
1245
3313
785
2187
1660
787
4435
5493
1385
2421
4009
2019
617
877
2196
868
1015
799
2691
947
2021
1771
1621
2661
5842
736
2493
1312
2334
2206
1177
641
991
2113
2448
7384
2431
2452
884
8007
671
2898
1452
2325
1091
1924
1511
1671
1968
3240
1202
1323
1447
1719
5983
915
3236
2049
1627
4566
2787
2291
2324
1435
1313
2732
3485
1334
3546
2718
842
1966
2230
793
2969
1422
1496
1668
5028
1284
1315
2994
1274
1475
2053
1233
1738
1753
1472
970
680
1492
4247
1689
736
1686
974
2038
1209
2148
1337
1145
2689
1630
871
925
2782
1036
1020
1401
2125
1011
1840
1293
1241
7168
1566
1399
1946
1713
745
4484
2811
1193
1894
2517
1825
2616
3157
9502
1186
2231
770
750
1824
1340
1317
4462
1847
2970
1153
943
1959
2688
8575
6450
1482
1451
1167
801
1249
1194
4167
4707
526
1309
3951
1338
8444
1986
2017
2314
635
736
8678
919
2785
3042
1572
2157
1539
3457
1603
2816
3117
1342
4754
