1271
1493
1465
1036
7187
587
48995
1752
1299
2983
3285
5017
989
2123
2117
14574
3651
12023
1845
2503
2891
1669
1093
758
5503
1142
1735
2254
19055
3126
6711
2536
3021
2107
1462
20751
3823
1332
633
2241
1028
2465
24880
7651
1978
2127
19272
933
971
1477
4804
4506
8809
1859
1571
5881
571
15929
21703
1287
7312
1402
658
2139
2157
4602
888
2071
12308
2161
2054
700
6022
2182
15972
1457
6279
9852
672
923
7071
2544
26900
708
2019
1804
1575
921
1532
2997
49951
2422
3555
2349
2596
1451
2268
1461
1650
10665
2063
2194
789
1506
1335
16303
413
3676
3052
14235
1927
3086
2560
15692
1329
1544
743
2663
1426
9702
33661
2149
9825
3023
3978
2788
10499
1397
2959
7086
4731
1742
1331
373
1945
1986
1916
7428
2027
1689
1935
5405
9041
2199
1571
2132
2050
4431
2016
2422
1925
3231
2990
14165
2863
4906
2344
837
983
4197
456
2090
1061
1947
2143
2149
917
2438
3209
1519
3902
12327
862
1469
4732
1844
2664
1703
1309
2231
2246
3805
586
1118
50860
2107
2503
1998
8191
725
3606
31299
1242
18665
5625
1528
1414
15875
1787
1629
1325
720
929
12097
4434
871
2253
5716
3943
12941
1194
11835
1913
1659
1366
1456
2753
2300
989
588
18766
2898
4310
20785
2750
2519
1351
880
2684
1525
9401
1442
2277
2776
3684
2976
2394
2688
1964
1234
1371
1307
2237
2626
2096
7938
3015
38887
2477
2114
1682
1038
807
8452
27031
3455
1883
6272
4775
1868
3484
2792
2319
2061
1811
2097
1061
15767
2598
3778
1530
967
1242
360
998
1052
27321
1972
1939
8522
908
2087
3031
1266
7096
11658
18104
697
11562
3435
25743
2401
1624
2101
999
2760
1358
2633
8840
552
2692
1224
6720
1299
3802
1529
1130
6256
21992
32094
1910
1800
1901
2335
3163
3001
1314
13575
984
9400
7997
884
2723
23605
2255
1987
2579
1532
968
1907
3627
2634
1641
1270
10059
1809
771
2007
12916
1198
1545
2901
3719
936
855
1445
11099
367
1854
2222
637
2132
15845
2441
1394
1792
10917
1659
13569
1162
838
1070
8515
1351
2564
2596
940
2689
2854
2235
17819
2595
3230
1434
3241
1647
2584
51746
32251
2113
16066
2506
2490
5266
1793
2951
1667
598
1615
985
625
3267
2218
1394
1159
2054
1508
37829
2240
3007
4106
1817
8720
9415
1713
2260
12472
2245
1215
4889
22768
8339
1123
3006
23002
1439
1598
2250
949
1512
1500
3323
2998
9106
2217
6167
11986
1522
2155
2993
1835
3215
57093
10477
8249
2515
26544
1563
7125
28303
2941
1375
1596
1867
2083
1354
3174
1049
2034
2609
1293
2321
2443
1002
2192
725
2939
31651
788
1674
1824
14667
1726
2216
1210
1828
2367
873
897
1643
3089
2304
1338
1251
868
1003
8697
684
1204
8442
1734
2455
2426
1410
44257
1440
1964
1960
2734
2294
11054
1783
996
2097
1110
1168
2052
17052
1496
2039
698
5165
16579
13058
2206
1744
1896
1623
13832
3278
1546
1370
1098
2304
2082
2505
1064
967
1735
1107
1786
2340
2608
1987
1788
597
1482
2560
2596
2287
2737
12218
2784
1475
2376
1803
22487
13640
2507
39190
1310
816
5010
27156
9856
1431
2783
933
2225
5303
3157
10844
2840
2938
1620
2071
1077
925
17384
2848
4259
1197
2869
2314
31918
2369
1632
12739
499
1392
2312
1507
633
10725
1346
703
10830
1731
38815
968
2566
3145
7138
3286
23609
14427
2664
2928
6979
947
779
2407
2543
1911
1993
3102
5172
1750
948
3374
5398
1778
1563
1312
874
2072
559
1199
14082
1228
1878
1920
1297
3384
2744
19645
1230
9461
7595
1993
1793
2047
4768
23488
4467
1076
3727
2082
1959
1405
3914
2519
1961
2447
1590
1330
1599
5397
2004
2466
1449
570
2431
1826
342
2206
11914
16478
7386
19865
3952
1094
13174
2735
932
1640
5275
1939
1049
2622
1201
555
2241
10475
2685
23373
1908
1133
2551
31218
1457
17453
25096
318
801
1079
6442
2083
18255
4173
20664
28227
4220
21931
6317
1451
26277
4347
1624
6006
1550
3115
9647
2830
658
1737
2790
1534
2532
2181
19102
1210
2873
7894
1843
1078
2087
2510
1370
1861
1090
9897
3620
1606
5626
2987
1533
2464
45230
3509
857
955
601
6607
1880
1264
1875
10605
29811
11444
3032
1788
1534
1875
22410
1142
9896
1377
1718
1692
29237
5084
1772
2077
2105
2260
22047
1415
11554
2468
13636
4746
1751
11554
10599
2716
2808
10207
3331
436
7175
1078
8610
1603
1623
1744
2691
9278
1577
1763
2769
1525
1867
1889
2800
2073
3376
2774
2018
1913
911
2340
2119
1973
1744
1098
6768
952
22783
2644
6307
16872
1601
1961
7691
2067
2493
648
3219
990
2438
2850
2700
27371
1169
1691
13864
2357
1685
1754
2360
1579
1500
2238
2243
2408
2163
1770
3432
1818
2927
471
15131
18238
13147
2011
7016
28527
530
14534
2023
12184
1066
1175
1577
7162
714
1332
1940
942
3224
918
337
1179
988
1918
1612
6768
1694
1381
2324
1131
622
6015
1783
2586
970
1343
26363
9984
3220
1284
1736
1948
1694
5932
2603
7059
3947
3048
2050
2595
1811
3967
1061
11799
1945
1708
6960
1842
3929
1147
1007
2901
5031
9886
655
1889
2504
2038
12881
3312
1740
6378
18801
1617
1993
742
3057
2181
2571
8433
2365
1710
5435
1132
2767
2269
31059
9146
1660
2377
4177
1697
1924
1284
1490
3525
877
2273
24152
2280
1505
7314
2162
1002
905
4925
1121
659
2873
2953
1360
19019
1560
2792
2563
1610
1807
1902
1215
3227
2499
2915
10352
2002
17261
843
492
1168
1609
1930
1848
1125
7460
2623
1675
7954
23525
2258
3173
4896
383
1340
1068
1424
1365
1869
1616
4198
30421
979
883
3754
10669
2318
1814
2326
2072
34921
2877
9080
3886
21379
1837
1199
868
1210
2351
860
2020
1353
11793
2236
1857
1247
2436
51870
2156
2260
1596
5277
2348
23404
1850
1356
1619
5351
4474
2765
1326
18736
15404
2142
847
1918
16946
567
749
1009
1421
9153
1064
503
1712
1097
1738
3588
1801
1284
1558
1312
1170
897
1001
20522
2513
2075
1002
377
5798
1934
2188
1880
419
14684
1752
1408
1643
2206
3112
1851
804
716
1244
27607
1761
751
1366
8370
1209
1114
1458
1531
1852
733
2115
1395
20070
1826
1580
2230
5805
12250
1042
679
1420
957
25386
1278
2266
3429
2068
2994
21590
2302
4508
1559
1870
1140
2174
4743
7264
2053
2865
7268
2076
1014
1133
991
9140
932
1790
17432
10943
1132
1141
1412
2102
24726
7550
4688
1511
765
2748
1768
2974
5133
951
4188
2141
11107
1740
37680
8174
653
826
27338
21349
680
2669
2024
1713
2679
2014
4605
12077
2960
2288
2030
8046
1834
2137
2430
2226
6592
2003
2707
1687
2711
6590
531
3524
2763
1454
3070
1689
1548
2749
1433
7565
1474
14632
14083
2255
912
1840
2395
31894
14518
27382
1580
2243
2451
3776
2738
2224
8917
2000
13353
3596
2340
1356
36553
3536
12026
1898
2255
2270
1828
8741
1250
2060
2231
1250
2062
1808
2785
1398
1110
1667
1457
2083
475
2504
2773
1490
2249
2277
2263
12144
1793
10123
18624
12993
2942
1244
1181
1963
1428
15724
5881
996
575
2331
11815
4250
11187
11941
5743
1297
11583
2821
1609
1401
2859
4659
5356
820
1762
2417
2458
2276
2016
8895
786
2252
3566
2822
2651
7176
3589
6921
3498
1338
6772
1083
2102
1385
1273
1757
12766
1843
2546
3165
14244
1425
25930
868
7400
4465
760
5646
727
1556
848
1483
3521
1340
2090
1315
2629
2475
1344
1489
5954
1925
3085
2631
11618
4623
2657
2997
2253
1149
12772
2009
3248
18748
991
1489
15609
17799
3097
4018
582
1011
1250
1900
8887
3043
1187
38495
1064
8118
802
7386
2024
906
21548
2650
2699
15102
2227
2261
2050
1438
12387
1005
5205
8177
2007
2079
837
822
2039
2573
2053
1578
1308
1981
2443
509
17302
818
1356
500
16132
633
1692
1987
44228
3485
43092
2376
3084
836
1795
4438
1818
6622
799
2360
8775
1074
3307
2311
1091
9992
24345
11747
1097
2754
690
2095
3476
1922
24634
574
961
9898
1443
2124
9882
1384
1121
1424
1401
649
3491
1751
68017
1620
980
1516
3743
2684
2030
2362
9712
1820
3395
1954
1492
1615
3684
3071
3005
894
27151
3245
4902
2377
3348
37715
1381
523
1685
1480
2296
542
1334
2865
4025
7476
1124
5951
454
6799
2521
42618
3319
1512
2046
2556
2074
16836
981
674
1807
39501
2417
5898
1628
8987
2045
2517
15636
2765
3166
4751
606
2169
7843
2613
1125
433
2532
1215
5670
1852
5472
10349
10738
1754
1544
709
11584
648
27607
581
2251
1281
2196
2890
9758
1087
3530
2445
3169
24628
3447
33488
13613
1945
1071
1452
26923
3275
3123
43950
1777
2922
1985
1081
1540
2159
1336
652
1351
717
8557
1561
1650
20704
16213
1950
822
978
1131
1233
868
12517
2221
14106
3187
12753
3926
1719
1518
726
1784
4292
1734
12162
2091
1810
2406
1034
2101
3048
8415
1830
3197
1581
7387
2291
2611
1224
2054
1124
1132
6034
1140
838
2188
1137
13450
994
24846
20105
1442
6676
19506
1740
2150
11467
23415
28514
2800
23350
1939
2287
2546
3048
770
2221
28523
1483
991
9748
781
21646
970
969
919
2429
1656
2189
2954
4409
4040
2838
3227
1419
2543
2583
2762
1053
3263
14657
4483
2759
1080
4250
3976
12038
1450
1573
7920
21966
2552
2074
2479
927
2256
1394
10833
904
3544
2473
1141
2096
2213
2454
3006
1132
1052
3000
14927
808
740
19163
2544
2298
1704
3096
2741
2027
941
2289
2703
2941
2629
2512
2327
15502
1098
19175
711
12450
14300
4732
3954
1136
2352
20894
23291
2317
3870
1196
5456
1953
2796
6427
1118
1989
16447
1246
19192
4622
3751
3307
3055
1201
974
972
3065
2239
6238
1746
1513
32006
2203
2363
1240
799
1198
5838
3465
1032
1987
1203
1900
29141
2084
701
3492
14614
1735
1529
18669
2419
1394
13480
2206
1095
552
1186
20008
1563
4795
478
13627
1566
1002
3740
1835
970
2060
615
2851
11079
998
11794
1624
17652
1301
1236
27306
11877
2984
1560
1945
1229
1333
2320
8115
20949
3637
1627
2769
1946
2246
947
1271
3232
1068
2442
2901
16529
1156
970
1128
692
1104
1589
25081
1367
1518
15954
6995
21265
2347
1782
1037
1972
2704
24872
1086
20962
1479
1667
2358
2444
1846
1160
9908
1737
2324
6449
2808
2144
43221
1240
3102
2067
3165
1327
7122
3532
1805
942
1892
2447
2063
1159
2115
1047
5136
1994
2145
1084
5718
3047
2484
11975
3116
2495
25881
2174
2412
1102
1620
2703
1592
2631
9442
2426
1751
6284
1607
2573
38880
1808
1473
591
2381
880
1307
1524
8182
6324
1915
11169
37890
6755
2097
1014
2531
9570
9775
5716
11008
2944
2121
1715
536
12547
1188
5243
1749
3585
11533
5078
2291
2228
14154
2502
1599
2494
31805
1351
1660
1662
2927
4658
2170
1183
870
3659
2117
2976
18967
1836
2049
17324
1494
7798
1108
3754
2305
681
727
8711
1489
2406
11210
1233
17574
21436
1513
12893
2144
3542
3199
1176
5027
13689
5231
2176
1431
1669
5484
724
731
1104
6766
1039
2235
5940
2187
1834
15641
3479
1279
1631
2591
1886
4282
891
2420
23303
10700
4769
3000
1807
11120
2867
7347
8941
15328
27616
2255
916
1981
7046
1765
1904
1089
958
3272
7238
936
1290
1646
1495
15943
1098
1358
19527
1754
1714
1793
2773
36003
2194
3025
5635
1698
2643
772
985
13317
3490
940
730
17293
2650
11002
3188
3086
5059
2071
1769
846
9827
545
2638
831
869
992
1402
1925
13457
2339
1717
1808
29103
4687
18058
1108
2336
1719
525
6232
1928
1991
11453
2260
2809
2197
3734
2404
17696
1446
841
11368
2241
4898
926
5008
2577
11837
7465
2543
1707
4100
1182
2396
2250
15529
2020
1890
20406
2319
2114
6474
3426
3876
5476
16214
2694
3697
3047
7741
1107
1390
9251
3258
21117
1234
6874
3098
2661
1764
9182
1964
37471
7703
5495
2344
2522
1907
2461
2111
2415
1765
2563
13528
5628
3659
1772
1267
2346
1491
3039
2757
1646
28018
2563
1803
12479
3732
8919
1928
3735
1055
3018
9098
6070
7275
12386
28351
1082
14944
22298
1272
1716
1411
6345
1823
7613
1027
5985
19827
1966
32962
1974
1478
2435
1012
2897
1638
1569
1870
11197
2054
1376
1682
1424
2093
1815
2115
2527
7452
2760
1672
1466
32932
22820
19646
2253
2683
1890
14944
10818
5271
3682
1976
1530
8988
932
1915
1732
1214
939
3754
1433
1363
728
1996
2753
1610
7035
10463
1441
6773
1012
11943
2268
5734
5798
1611
834
1508
1498
6191
915
6453
1357
1737
1290
1535
1540
3262
33749
803
6973
3230
12922
4081
15014
10675
29221
1534
640
1813
3144
1543
1364
3648
3909
4518
41812
2234
1757
1616
1323
14812
1953
2261
1388
2087
2523
2612
1320
2746
2056
1216
11642
872
2258
1720
3118
14820
3133
13921
1650
2050
6851
1414
887
2336
3019
1460
1928
2939
2483
1489
2332
16617
3103
2150
1460
9642
2115
1398
7730
3085
9515
1973
1041
2343
2409
1712
12417
787
2171
763
5661
1751
876
1455
1689
2813
3229
1852
845
1793
4263
21799
2122
2088
1480
760
733
1965
2587
906
2443
837
11970
1590
3460
7296
936
883
3129
1475
1537
1383
2242
3246
2417
1091
2030
2109
2133
546
903
1814
1854
30112
10148
2217
4713
1539
2530
2488
1700
2858
1227
6524
13785
11354
2023
2849
1504
1798
1605
2617
2176
11916
1667
2201
1032
645
1923
1379
6939
2473
1009
1563
2726
5445
1703
5275
2128
3179
2306
1792
2369
11893
673
1466
1738
2683
9127
763
3163
1787
1868
2580
1275
17938
1254
1514
2767
1455
1113
3641
1132
2147
1066
4734
2496
35562
3907
12615
6126
1068
736
1471
11821
1558
2908
12292
2135
2346
2708
5581
572
1360
2355
2701
1356
2258
9099
593
1058
3059
1552
1620
1973
6136
6013
1192
41491
2899
2045
3654
2320
754
1635
1349
2083
2197
1583
2271
6188
17686
3633
12779
973
1902
2372
668
9048
2544
2013
1153
1204
2201
1755
1508
1754
1862
716
1619
27088
1849
1115
1568
2747
3264
2915
1277
999
3373
1972
2085
2292
1705
7553
1732
2049
1182
1096
1792
1597
803
12255
2105
1993
1905
1990
18749
502
2826
1655
3744
1094
1763
2313
27897
2432
16069
457
2151
1255
2125
31467
2346
1086
1668
2204
664
583
974
7541
1786
1107
11013
1854
12742
3144
13337
2541
3020
1062
15879
3133
2588
2038
11298
1236
684
1113
1885
2131
19198
1532
2624
1125
22848
3072
10257
661
10543
12963
8896
16520
552
1126
17074
2281
15046
848
805
15243
2456
19095
2665
1154
2108
1720
3208
1194
2095
8677
2768
2554
1609
5593
4473
29944
9127
10330
1207
12317
13393
3355
1488
1943
4109
7591
1116
2680
2147
11876
1316
2769
2971
725
2270
2288
1603
589
2359
1976
1792
1469
1882
1608
4134
1971
511
1046
2758
718
10148
682
663
3298
575
4369
2563
6938
1165
927
1879
1630
40583
410
1416
2073
19644
1680
3314
1240
1367
11846
2052
2989
1523
2393
2509
9245
3033
15708
1957
1142
831
12615
3386
2702
1731
1711
2625
16120
2404
3075
2561
763
1751
2410
9782
13347
1774
1434
1616
852
4891
1970
10265
2303
1443
1132
21387
7503
1635
1029
1193
893
534
1705
2092
2257
3017
1324
2499
858
1479
1519
627
4366
3853
19892
16145
1648
1690
917
2058
28720
9193
1961
2143
2969
1919
2015
3795
4478
1473
606
1587
1357
1537
962
3570
6578
3804
2314
3872
5309
1497
6357
1486
656
2256
2638
1289
8797
6243
2216
1468
1039
2586
740
13769
7990
1556
11232
2285
2777
1429
8682
19114
859
2330
11616
2508
8880
1974
4970
2121
4106
1188
560
55060
1505
1575
1405
1116
42268
20415
2145
17701
2953
2313
961
1829
1420
2465
2132
1268
9452
2877
778
1060
1137
1831
1607
1891
1193
412
1450
1551
1187
1600
663
2861
2596
2003
3194
2421
535
12185
1985
33354
16026
1191
2360
1293
1209
1616
1768
2522
2819
1713
50126
12664
5503
14388
3242
1491
1033
1309
16550
998
1442
1605
465
3853
1310
13016
3990
18177
896
2067
1962
4416
14051
8523
1146
26293
7581
14025
1786
10281
1173
699
2387
2816
12372
3466
2263
1572
1210
475
1024
1897
2281
1903
1564
740
10784
993
1382
6726
13098
2024
2489
15345
1118
16874
3065
6420
1323
2009
4577
1504
8733
11673
15927
1782
1858
3203
1889
1269
8655
1212
32201
1498
785
6542
1836
1421
678
1584
1841
15073
1998
7656
16703
616
10403
1897
1545
1547
1477
2739
2255
1252
1304
2303
711
1181
3161
7870
2536
1379
1700
2152
1849
1488
9333
1512
777
3657
918
618
3306
840
1186
8046
13056
13859
2138
2952
1898
2572
2494
1796
1759
1820
30276
18834
1133
27421
2392
1961
2949
2211
1863
6613
975
2306
6830
1636
1306
1167
2945
1543
3034
1899
1471
2231
1210
2424
11574
14819
8956
2049
7527
2635
1595
2105
1922
1830
17325
943
17591
11273
598
13980
2086
1694
1923
1608
3833
49562
853
2079
1753
1922
4736
872
11340
2221
1393
1763
1886
1488
1250
2622
33324
5293
1585
965
1992
14587
20142
2708
13456
2006
1582
465
11904
2134
1003
1498
3010
759
13367
547
1580
12173
2768
9247
24195
19816
1594
1894
36089
1443
2625
3296
2355
2160
2682
2888
9462
1536
2024
2125
1343
7977
1184
579
1116
33827
1633
2614
9930
1483
2909
8990
6288
14068
1925
2326
18925
1061
6323
2411
2327
871
1103
14186
1756
2196
1638
1057
1835
2542
3650
18547
19668
13435
2526
1578
1224
1548
17071
2362
1075
727
12608
16052
477
1562
1448
9266
25365
1757
1757
2428
988
825
521
580
1788
2068
1446
978
3669
736
1308
3146
2125
2342
1741
3794
20637
2184
1884
43654
1041
2768
8854
404
1144
12024
1150
3063
1736
1961
1351
4030
557
12427
1429
2413
2186
1598
1357
1112
2010
24460
2981
860
12828
2446
1764
533
15957
11303
2319
26071
1674
1377
2912
1639
1376
39602
1419
4500
14439
1710
2153
850
1049
899
2166
2321
1269
1365
3269
1625
1456
1191
632
27231
8498
1187
557
1814
2041
2527
16554
1690
1290
2147
1389
2120
1609
2142
23842
1920
5525
1003
8390
23801
2134
2712
17705
1979
506
1930
16121
1357
2938
1147
1589
1196
2031
2887
2452
2835
1471
918
3951
1775
1531
7724
7278
5763
1826
3777
4801
1731
7025
4182
2096
8688
2598
2139
3205
16688
4714
1598
1508
1702
1450
2040
18210
2485
1558
2563
1168
1851
20913
2068
1122
6420
1566
1367
1376
2187
1331
2256
725
901
1873
3145
2118
1817
822
728
1586
1332
29153
1849
1582
1885
1085
1014
3171
5813
2048
2784
1942
1196
1454
1800
1585
1519
1329
2211
1880
2049
14280
8953
2787
5831
1222
4473
2276
1116
2684
1163
1761
1818
13926
12461
1809
1949
2856
1404
1091
2523
1353
1203
9789
1683
2428
17715
1899
1288
940
4145
1297
1978
2033
12720
968
3569
2143
15901
2181
14007
4742
1268
25945
1345
556
2281
4018
6878
1956
1674
2182
8795
1372
1092
1224
4986
1492
2211
9426
1715
1092
1508
16454
2414
2851
2141
1071
635
4101
953
1360
18480
1909
721
12110
2918
937
1414
1816
2352
3199
17047
5788
10730
22603
11599
14686
2065
39949
1267
1327
1985
1337
1482
2904
958
1922
12882
1034
3009
3878
2130
806
2649
2120
2505
569
1609
2399
774
7096
985
6594
861
1743
550
6454
1920
1794
1745
1424
2250
11384
1816
19624
5789
2984
5131
2253
3601
12502
932
1895
2975
1371
2982
1536
2223
1659
6606
1583
12234
5614
2199
1361
3584
33947
1297
1751
1548
2851
1628
1728
1634
9103
1881
1588
785
3446
2409
13634
2855
3346
1182
3596
1534
2982
3192
15137
3775
4057
1939
22064
5522
1243
2507
1948
1808
23773
2400
1967
1090
1452
2534
2972
3271
1364
17634
10667
11762
12025
1697
1744
21216
2108
2640
1598
2247
1077
2300
14560
4537
1566
1510
2138
1715
2092
2237
1855
2453
8662
2553
5295
2294
1773
1368
829
18840
2997
1769
905
928
870
2872
1699
2947
2243
1552
1517
2555
1230
1895
2035
1883
1918
841
6935
16047
2885
5643
937
1153
1140
637
1596
366
16596
1973
919
1934
1101
1583
1292
1344
3428
1433
1523
27388
1047
9927
31094
2672
880
1798
8966
5282
3729
2020
546
5633
1135
1893
2377
1585
4224
1592
3161
2421
8797
2868
8390
8665
3803
1467
2910
2418
2777
16864
1610
6943
803
1852
10050
2231
6148
3084
1544
1387
2511
1409
2540
2769
2129
10807
923
2059
2271
1922
1216
1868
1724
1118
2171
1950
29939
8609
1813
2829
1023
1148
1276
2356
1547
24069
638
5267
1637
847
3382
14489
1209
1314
2613
7640
4149
558
1786
881
1596
59796
2056
2146
2113
2981
722
2170
2199
34526
13037
9521
893
8973
8520
2295
2127
1701
1136
664
691
2151
956
1698
3958
2193
2328
2156
3015
1293
2300
1071
2339
2231
13737
8138
2074
1576
7816
1933
5754
5539
3029
2109
2696
3037
1265
1656
2642
1773
2407
2129
1749
2031
1221
2129
1462
2235
8890
2351
2877
2189
2999
3099
2010
26667
36007
1701
1951
993
1727
1635
767
8336
1437
12868
781
3557
1455
3135
664
1402
1130
1579
2895
1948
12937
15238
3238
738
710
2563
14227
4573
9563
1090
1021
3125
14297
1604
1792
19686
2111
1297
1323
651
1863
1218
1404
2209
2510
25192
2002
1472
4457
1668
927
1440
2440
8029
24893
1172
1822
2146
1582
2453
1817
3367
2424
6435
1716
7895
1353
1729
9543
611
3428
1802
5193
21675
1624
1547
1894
2581
2386
1492
1417
2160
4713
15828
2221
996
2425
1484
1179
1047
1424
1727
2048
1695
2753
3508
2258
15680
1340
6404
18294
8610
883
836
1206
1677
1134
1632
11701
2081
2788
4064
1090
2440
12453
1701
5767
1399
2047
1087
17256
2848
2395
7696
1723
1726
2070
2997
2146
2404
1209
1308
3311
1395
7113
1215
25995
1907
2607
2916
2243
1096
11115
3483
1918
1246
2293
1294
1621
713
9915
1484
1534
6150
2519
1050
2333
2295
1519
1341
693
664
1338
909
2723
5059
2853
13120
860
3188
2608
6478
3041
1999
2125
4006
1025
1320
2604
2822
3257
1309
2060
1807
1853
960
1401
994
1934
2368
3528
1612
1703
2091
2122
2490
1778
2754
28006
2774
3106
1081
764
678
2216
8108
36733
1739
3488
3427
411
1622
2036
1762
2078
14453
5476
950
1837
12632
1679
1832
19362
1456
985
1323
15797
3426
2158
1496
9524
1964
1354
1865
4512
1695
2120
740
1850
744
1687
3013
2350
971
2754
36750
1857
1997
817
1466
4541
2774
1509
1505
767
1640
1708
2075
1376
3890
1264
1558
2496
2305
11581
2393
3893
2838
3618
1870
9925
3049
1286
706
12398
2212
2518
16908
6786
2569
1853
932
5759
641
1673
3133
879
2663
2665
2939
1389
1332
9435
1564
1510
12013
1950
1831
2034
2910
1293
26577
878
8074
1214
28011
903
3338
1453
3473
2592
602
677
916
2756
633
1688
12154
1873
1630
1632
684
1063
2094
1900
2455
1337
1845
6772
1936
10702
1914
16838
3015
1596
28491
9702
1125
9334
1704
418
1929
1942
1355
4556
14073
26073
1420
4637
3158
1052
1809
2307
926
1692
2337
1756
1876
2569
1618
1835
2440
571
1455
25449
1165
2286
718
1487
11658
1187
1122
1591
1054
1210
9211
2652
20649
1518
18370
2688
1726
13526
1707
6952
2064
1916
30044
2535
1618
1712
2723
23677
2369
1520
1535
2514
4114
18051
16486
3079
2950
2466
2457
14008
1095
1286
362
1140
3888
9742
1408
788
2509
2108
34649
11540
1592
2717
1645
11228
1401
2076
988
836
1718
1717
2715
858
1131
3175
619
1500
1648
9808
1143
2285
1711
3688
2213
2809
14105
3570
1033
8439
1459
2076
847
1702
1511
920
1830
2126
1635
2889
1530
1616
2020
1947
4213
1687
2373
2559
1776
2277
2948
2084
3226
3944
2381
13100
3694
909
10536
28976
1225
918
1509
1166
12422
2239
2240
7336
1685
988
7820
2275
2448
823
942
1415
1928
1785
2387
650
4582
1935
2060
1829
2421
1279
3322
874
1919
761
9979
2556
1038
2471
1082
2473
4893
2498
439
7787
2158
1068
2007
2523
1719
2793
1847
1719
3739
2749
4637
555
2569
19490
1143
1435
1466
3656
1003
2147
1201
2300
7874
1631
478
8960
13286
22008
8481
4353
17591
2101
2557
600
3702
2945
1454
3671
2497
2296
3048
1589
1087
863
18757
2005
35148
1860
986
1743
3327
1040
2543
1481
2440
1469
15143
3055
3156
3584
2216
1498
2021
3205
805
1894
3363
1666
5663
1475
3111
1974
1587
1942
1496
1731
1277
1046
7090
14221
2502
2687
881
1318
2028
2581
7903
21132
13873
4936
2151
22311
16512
394
821
2791
13771
1363
9144
1317
32797
2407
13115
13802
2221
34378
5557
1571
24140
2021
300
1552
1231
871
1441
2078
35950
1751
7616
1656
3653
1444
1158
727
3054
2281
26332
1833
34787
1644
1228
3036
2960
967
36603
1458
1549
2612
24614
1038
14402
1126
1887
2127
925
1282
554
796
1454
1840
1715
2262
1147
2138
1604
1767
1326
29302
4519
2361
2954
2265
957
2956
9574
2597
2269
625
2684
3328
7502
3838
941
821
1923
2087
25513
2426
2512
26467
1295
1780
8978
3078
2026
1617
1597
1902
2834
13848
1406
1316
3737
2929
489
11700
2331
2113
1939
2144
2405
458
1737
10719
547
1476
1323
1374
1388
2435
2331
6801
1056
1468
905
2284
1022
2697
2027
2658
798
607
650
9441
1297
2421
16155
6249
13022
2013
9714
3653
922
1836
1202
1839
1767
7739
941
2409
2206
1123
2552
13945
1396
5977
1266
3232
2943
2749
3002
1529
848
2822
887
1524
43177
3443
1306
810
1607
10056
707
4192
9292
6190
1124
2232
10330
2163
2683
9726
3757
1117
2267
2684
1169
995
2529
1773
1058
3760
1051
2341
1378
654
1968
1122
838
5139
1117
1095
2314
8421
2559
1669
1095
825
1281
4411
3076
2192
6947
1043
1483
3082
1550
998
10934
2328
1660
10302
17554
1925
711
2501
1572
22781
722
7210
16452
1345
2300
3328
1719
1177
2737
2232
7460
5288
1910
14656
2575
1620
44953
13961
2286
1717
1055
2493
2037
1889
3136
2311
1743
17428
3332
1719
1924
1260
16733
1614
2358
1498
2094
610
2250
1716
2250
1495
3298
32061
2150
37273
2327
1133
22766
1405
2295
2093
1193
2367
1897
647
998
1648
1598
2447
70526
903
1333
640
6041
4487
1270
1032
1461
1301
1800
10075
1531
3512
1128
5690
1884
1132
563
1023
2087
1430
1941
6443
2580
1067
877
1732
1580
3026
3121
2499
4748
1904
1445
48287
718
2430
477
2045
2327
2036
2397
2279
1330
1772
5624
2097
6002
2083
19242
532
2307
1425
1078
3459
1611
2037
2400
1208
778
3353
8767
2080
1942
4174
6984
1995
1856
995
2963
980
1165
5409
2318
2182
1675
1799
15265
2116
33742
2190
14075
18050
1142
1896
1943
3625
1425
2202
1183
1933
6894
1194
5333
1425
1598
11903
7051
440
2768
2512
2043
6490
1647
2732
1916
7222
25959
9539
2545
2762
922
10163
1179
1862
1237
1925
9154
9110
2051
3052
5113
1283
4634
4195
1640
45293
7020
46207
2631
994
1097
444
910
1302
6085
2541
4188
1640
2255
1083
10992
2406
25441
2659
1953
2053
2903
1443
1301
13297
1949
23258
1175
1403
2128
2587
2457
8488
1705
2746
4954
1278
5537
2810
6541
12640
6833
1884
1644
388
23175
1748
5237
1440
1233
3534
2840
2030
1970
981
1582
2015
1419
2301
2560
20492
6443
1859
1334
15976
3890
1975
5991
2577
16318
3070
4197
6597
1939
2595
1090
3523
2793
2130
23309
7330
7881
2216
1969
1003
1906
1722
18259
1154
1539
12528
1077
33159
9238
2738
2588
798
1170
1991
2447
2544
6016
7029
18552
2160
7885
2707
3651
2440
1199
2662
1097
1462
2275
2359
605
949
929
1304
1769
3595
772
1141
5707
2645
37502
1455
10131
2094
2173
35035
12028
28762
4101
7958
3126
6239
832
3098
1714
1061
9089
31324
1347
1658
2020
12864
11823
923
3665
5977
2363
1822
11959
17779
13670
1716
1585
1929
14653
8403
13965
2532
6441
1376
896
10389
1325
15213
1658
6891
2368
2069
2642
2517
1630
943
1702
1163
1426
2109
1988
2399
2827
3137
33197
49688
6713
2537
1774
38019
1664
687
2189
1694
2722
1879
1378
1968
1759
2376
13465
2478
2381
2085
1540
1199
6331
1313
1222
811
1596
1396
1027
14637
9708
1814
10668
1397
2365
2972
2580
1046
1796
1334
1170
809
26554
2179
1657
2528
2472
462
1509
1247
6219
2393
1617
2100
2773
2417
2334
4854
2375
514
2168
1481
4119
2348
1459
3534
1220
1473
1486
11379
2815
3566
2031
2044
1821
1495
2350
3533
2931
3104
1070
2395
21797
1308
22736
1557
2697
14296
2114
2440
1603
3386
2446
2346
1609
1145
2062
1743
6191
11686
11405
1557
2053
5976
2335
1603
1580
2493
2900
37386
15809
1562
1030
1752
12645
2026
2699
2083
25143
583
3961
8153
1959
1395
889
9065
2177
708
9312
25858
6601
1576
2025
12016
2507
864
1804
18988
56003
2490
865
3632
4962
2523
10740
2224
876
16425
2163
17128
2321
1549
2209
927
11469
1669
11281
2231
9556
4836
1319
2158
2115
1249
22539
2342
1953
1911
1787
891
1668
1254
1396
8022
859
2503
2062
1415
8252
1984
2469
2693
1683
3291
2290
1195
2119
1505
1139
1077
13064
2631
1757
2572
1305
909
5397
1416
1183
1877
1972
866
2734
1644
3150
2806
851
4836
2199
1627
1424
11582
1379
3242
1136
1300
13692
2785
25306
1909
17567
2520
22467
1390
37980
2824
527
1421
1673
1990
2251
13264
2429
846
1618
783
6796
1269
1664
22404
2238
721
1874
8188
2187
9124
1347
1981
2264
2725
1633
844
1452
2289
996
1951
2812
30119
7124
3576
36254
1571
2067
2026
13723
1914
2532
6121
2048
12806
770
1965
2043
1815
637
2767
1922
2826
4457
1354
1344
6378
4835
2040
2276
1942
2459
2262
2850
25311
1817
26983
21304
1628
1759
1566
5061
1081
1672
901
2247
2043
29097
1374
899
739
388
1391
3402
2254
945
2536
2449
1915
9650
676
1898
2238
4348
3023
1965
4939
1389
2468
15519
3814
1913
1873
2682
729
14374
4031
11682
3081
4770
1716
18628
2668
1303
1214
2177
1582
2862
1511
6602
5451
1941
22044
1321
2357
1544
1109
3221
1689
2640
1577
3289
30544
6158
2475
2985
2460
3103
1429
1271
2294
3362
2238
29552
2831
2146
1692
2890
2011
1072
1764
1720
12525
1205
2116
1755
1500
2280
2053
1564
2483
871
2022
1818
7909
17387
2184
1312
3197
1789
3334
851
1835
2063
8709
1199
4207
41972
965
23629
2673
2523
26363
8233
1663
9456
2347
2281
1837
651
1844
1501
31758
3310
2346
1154
1453
1473
2692
1124
11364
2793
1087
2421
331
8265
3063
855
1678
5473
5480
4968
761
1577
1935
1080
9739
3831
14901
6054
2175
16750
1209
762
13223
2817
1445
8394
5859
2438
1733
1814
2656
2262
3053
443
2178
6988
1209
2533
518
8351
1770
1574
4738
1447
2611
751
2334
17428
1064
901
1004
9121
992
2524
377
10074
19276
26825
2375
13729
1621
1586
10108
2101
1267
4740
16587
2800
2206
1782
1455
2317
2375
2461
1244
8050
2631
1408
16875
1517
2802
8861
2162
1993
1506
7110
4812
2956
2047
9640
2662
1443
3300
2285
9679
1002
2557
2593
2429
2823
938
1710
2467
1792
1361
992
6868
2345
3844
1779
1790
1138
1416
1769
2085
8283
1513
12050
10294
1533
2129
2445
2952
1739
47963
1802
3645
3452
10476
1646
4349
2635
554
28106
5917
1393
11275
2080
2496
1720
1383
2394
6407
1997
2271
5065
2848
1644
1093
2764
2497
10623
1229
1238
1263
16925
2218
1304
1650
6963
16041
2135
1230
2161
1881
1829
2749
610
2218
1829
826
3153
1913
1053
2248
1943
1759
4886
1898
574
10479
2419
2306
6633
2045
1714
1155
2130
2312
4271
2923
3034
1065
896
1711
1435
1131
1991
1918
4023
481
423
1481
600
4525
1719
2271
2523
4016
2463
595
4213
3011
3240
803
2940
6972
1216
2605
2237
4815
2261
1689
928
2200
1398
2569
1509
691
1512
3710
739
1469
6684
5780
4436
931
9831
11942
1254
1365
18779
866
24296
5344
3615
1255
2863
1340
3474
5020
938
25895
2714
1910
1717
2991
2354
2479
1730
7938
2585
2685
2111
1337
1666
475
9703
1977
17844
1779
1338
20480
2064
621
24847
661
2262
13766
7159
1743
1622
1794
2324
2434
3979
1652
1458
2894
9108
8087
747
3193
5353
5902
2691
1189
8413
1895
1808
1317
911
1754
1791
1726
1338
1515
2289
10810
16991
11938
1238
18529
10478
2326
1153
1979
1101
2757
11978
1235
845
13579
733
2581
1897
2266
23746
3415
8036
3033
1448
1752
19505
2793
16376
2885
2588
18996
1274
9188
445
5322
7766
3786
1581
1716
624
7125
1817
20838
2050
26527
1722
1928
1401
684
4701
32522
1878
12259
15104
2857
2060
10900
1114
1318
1130
1197
1588
15735
19646
1339
9541
3165
1808
1799
46415
1486
2192
1705
3170
920
18723
22111
1688
722
1551
14192
1565
2162
3498
770
3842
2370
2290
1638
2281
2086
2068
2319
3023
2402
14109
1916
2488
3950
2350
2956
1763
4921
3013
2392
1575
1880
1164
1829
4425
1018
16206
1829
66312
2251
1365
1937
2546
3867
649
1342
1946
1321
1682
1497
443
8986
2379
2293
2147
2825
2943
2498
1414
1382
1409
2111
29282
2813
15953
1192
1260
1017
6565
3482
2110
1370
5055
1726
2665
3013
3874
3137
777
14000
13478
12255
4157
2816
20556
2914
2648
2025
1954
2034
2165
12519
19368
2163
3634
2234
2589
13563
1733
2758
9327
2174
928
12711
1135
1919
2273
1611
5218
1329
1697
10693
394
614
2367
2716
2683
1785
1773
1914
13058
8195
2620
2366
1696
7964
1248
617
25781
1828
2553
2656
6507
3414
19045
2580
747
940
3029
1290
1041
922
871
1022
1652
23816
6869
767
7999
1044
2807
2748
2131
2262
2345
1931
1491
2257
4859
1954
885
6288
2436
1876
2604
2151
1579
7632
2976
16488
1734
1190
607
692
1787
739
1936
1959
1587
40291
2224
27246
1034
12730
1382
30579
1336
37766
2743
1882
2634
2314
10146
19875
9870
1832
3575
3383
555
7136
3090
1104
1835
6779
922
10827
17751
14164
1422
16711
2368
1563
7242
23380
2711
7696
2216
1547
1542
10539
761
1411
3474
1069
25162
2108
1853
5845
8770
6047
2291
48081
1849
2169
12948
59294
2107
1065
26251
2908
21416
1490
1173
3166
14624
1082
18013
1096
2787
22290
1677
8211
1000
1219
3455
1872
7880
1591
8488
1620
8759
974
10087
34899
1214
5240
1258
1620
7478
1772
2375
1602
2201
11658
2401
1026
4298
1383
1652
2225
3759
17121
576
1055
2504
1546
16408
1857
1858
2198
3478
3262
2669
17481
9137
2673
7092
1986
7497
2340
1976
2096
1739
644
4841
879
1719
2905
981
2208
10610
6035
9367
2489
825
5082
2915
7926
7972
3837
21060
2772
6182
15875
11578
12254
2431
1368
2385
2136
2263
5773
17520
2954
2682
6023
5217
1467
1258
2050
1752
1635
1538
2271
1275
1950
1650
2676
36610
2162
1481
2676
3591
900
3154
1736
1218
28427
3561
2961
1375
2123
1284
27579
2048
2635
1502
2011
3000
12308
2975
1157
10738
1448
2381
3746
2384
1770
6496
2449
1509
958
2356
3125
1689
2035
1335
5840
5882
802
16826
1689
1259
31360
787
1861
10636
13781
2044
2320
1056
2617
1461
13137
1035
2565
2257
11546
1460
874
6846
5966
2028
1247
9812
1451
22462
812
2637
1257
851
27937
1571
14379
1599
2930
5892
2505
984
8415
4055
1326
1714
1267
3109
3201
1253
17350
1281
723
4106
1126
2626
16318
2834
786
3037
838
987
2907
12606
889
2223
1645
884
12187
957
2690
1313
1953
2702
19135
3099
676
7603
1259
1514
1822
2669
899
1354
3203
2997
10334
1733
1516
2089
3360
16311
2416
13589
584
2690
1157
6100
464
6525
3256
32070
11245
1283
1261
1645
1727
796
1550
2866
12467
4944
1824
1389
7836
1334
1950
1325
6334
2076
1017
2830
2291
2051
2179
50481
1268
2593
2859
20139
1977
1183
44844
1961
1654
878
3601
2153
1447
3174
2080
4666
1400
1872
2543
2295
2945
2089
2108
10094
1870
1389
1839
1361
9781
1645
1812
2527
28534
1652
2808
869
18043
1424
2827
2935
6405
2694
22158
2592
2059
1553
2010
3025
1812
1774
5426
1344
2332
1078
20744
6174
3499
12335
11911
3406
11897
15808
2611
2414
1453
1752
1782
16681
1815
927
4793
1729
23941
1950
2373
2206
3561
18088
1814
3177
15223
949
1870
1702
2449
4574
1098
2261
3088
818
7370
2291
2206
1843
1302
1781
30910
1555
2573
1639
936
1527
2415
2694
2026
1799
3999
1618
1595
2908
2503
1580
1021
2378
3594
1148
511
853
12676
8558
1542
1723
1953
5780
3744
1530
1374
1177
6987
2052
474
9982
1724
1638
2185
2065
1743
2157
15781
2219
3408
396
29067
9204
10221
1820
1547
8880
1188
2328
2242
1627
15820
329
2439
2533
2052
1555
4014
10690
1876
11183
1057
2557
2430
2608
1908
1504
2744
461
1848
1954
3588
1367
806
1690
1901
2239
2299
1124
3358
1439
18370
2437
7972
778
1627
2176
2210
2707
5771
8445
862
1384
2123
1474
5886
7778
8967
1498
326
3522
1405
16677
349
4692
32257
5454
2053
2989
1852
1246
3711
2696
1205
1728
1236
642
1457
2042
13935
2374
1847
3839
1105
841
873
966
3383
1432
4057
2341
1793
798
3235
2071
3924
6468
1686
2613
1911
12316
1947
15086
689
709
1793
1770
1049
2631
2018
1577
644
1013
3298
3584
933
18820
1044
1356
1760
19535
780
10977
2041
1453
1153
1930
7387
2612
1925
2035
6618
1843
2677
2051
1051
1276
943
3131
4400
50237
42396
2643
11656
4370
1929
3789
6064
1296
2795
1211
1694
10635
1263
2702
2097
3138
2256
2308
635
2734
3255
1569
1803
3900
1942
1223
1657
1624
3140
2572
1624
9729
1949
552
1023
808
2867
1865
1995
861
3889
2107
9756
2319
1897
3651
1589
11745
2360
16878
12075
2470
302
2094
9537
1211
5840
1182
1589
22254
24276
1652
550
13264
6668
1077
1638
1820
2087
1717
5883
12224
20955
4707
841
3095
968
3903
757
18384
2320
2248
10848
1964
1143
15023
1872
1982
441
2203
10847
2223
1345
3425
1575
1180
2362
1917
1063
1246
1212
1083
1664
3022
23794
851
9094
1616
3224
1975
865
12077
1215
7740
1338
2732
2132
10359
1101
10814
1234
6435
1252
2108
3669
8254
901
2028
1336
2158
1817
525
11298
1052
6650
3292
1391
7066
2543
3105
2229
1505
2019
1612
3129
1276
2310
396
2411
1725
3994
14464
568
1792
1247
11331
1010
2535
1698
1367
8177
5884
610
1265
4258
47737
22050
1734
885
2859
2410
3051
3271
798
1066
1367
3107
1636
1730
10502
10928
2339
2969
2874
2632
1137
2495
659
1976
4746
2625
3143
14273
4584
1261
790
2282
2196
2502
29131
1734
2265
9377
2941
3407
1364
27168
2039
2839
5063
1208
348
1993
1426
13377
1194
2710
8086
2073
8872
10742
966
668
2666
1305
1023
3188
1314
2531
2117
1403
2837
936
1313
1119
1597
9329
9252
1116
3008
2903
3798
9603
7723
2907
2252
2592
1729
5721
13363
20331
5940
2659
1744
891
1258
2240
1722
1494
11200
2184
900
2503
1369
11929
764
3466
6616
1249
1033
1996
1936
6277
2252
4247
1715
2742
2676
1236
1523
2766
9551
2206
3289
1949
17144
2096
968
968
2304
22917
1138
25242
12208
2098
3333
63885
6243
1146
2570
1990
1307
2372
20515
1535
1868
2427
696
855
646
3663
2773
1263
1784
2167
2614
1809
1621
1725
5986
5089
1691
1854
32983
745
1397
3391
3098
904
10155
1490
8553
2245
1037
1867
1977
1094
1487
2720
2192
930
2569
3194
2502
2597
1677
1515
3431
3372
1660
1097
2834
1025
1478
2047
8777
2925
2425
17459
2625
1424
2666
13894
17591
1456
2343
1721
8583
1174
2563
1056
2657
20963
812
871
2117
604
2944
15631
639
2652
2476
1216
1289
3087
1227
11347
2431
1091
1226
16626
2057
937
992
7986
2103
1695
1933
2048
4393
1445
8324
772
1807
1822
2642
5971
11400
1512
1486
3116
2621
1455
25394
2392
3040
2034
2500
1742
24798
1608
966
1860
2529
2444
4631
1616
1865
2218
1494
5251
1079
4635
2390
1541
1448
11095
15805
1642
2855
2958
2782
1126
6831
1909
2576
1691
2668
2448
13224
1627
1539
10085
1742
943
27817
699
2238
2204
22067
13859
1263
1644
1804
2218
1173
1495
16127
16800
35073
2148
21685
969
1860
2115
6433
13125
11877
2950
10686
26953
5061
496
696
2161
2222
2051
1899
3238
2244
2352
2073
1751
1685
1399
1907
936
880
12238
8117
619
15408
2667
2077
2826
2033
1315
1328
14443
820
2389
1683
11047
844
2408
2314
2671
10621
1181
19690
34112
2680
1012
988
767
1859
2632
2822
2855
765
556
1748
2142
705
1399
3686
4011
1365
1238
23065
2674
2491
2463
1634
2058
2255
1703
36877
624
11887
2185
3054
4415
1849
10133
2230
1518
23768
2535
2218
1065
1510
14983
898
1292
1430
2253
1020
22205
2707
1929
1564
1983
2850
12266
8172
10189
15713
1454
14261
2297
2761
998
11211
7170
1684
1176
2802
2172
10052
3443
730
484
15644
17617
23200
1827
2051
2461
4837
2106
775
6548
1551
1810
2003
1491
2624
998
37894
1866
983
6026
696
1015
2045
717
2140
7595
709
1861
2004
44350
1478
1470
28397
1025
1920
2550
2320
8952
1920
1464
1229
531
3590
2189
14215
2749
912
2283
1605
12547
2443
11662
1774
2339
1501
2506
7235
6119
31309
10039
2345
2051
1563
622
1152
2055
728
1171
2930
2061
14622
943
2369
2868
1665
941
1453
1369
1544
673
3045
6645
1145
692
1647
1973
9715
2132
456
15562
2015
7049
35606
1575
2348
948
1006
2278
2630
3485
21089
1657
818
13007
2767
21942
3648
24677
5581
3021
1277
2493
1604
3028
1842
676
739
3751
1833
1362
2108
1821
14618
3489
2449
914
1587
2572
834
6437
1548
2710
1526
1569
2961
4663
1248
10669
1542
25023
22306
1390
1977
1198
2379
4166
1137
30507
14345
2251
3336
15597
1481
15914
13745
4307
2021
9770
1883
3327
3256
2203
1090
2340
2462
1580
1192
11508
1742
788
784
1372
2696
1068
1790
1743
9021
2949
6169
5439
7362
2062
2980
1176
2555
3858
1524
3014
2703
2118
2532
1022
2604
19139
7223
1291
2610
1503
18166
1939
1744
1222
2928
12656
2596
1666
2309
6500
2562
3035
3066
849
3108
2177
924
8239
1837
1587
25907
3523
1802
1995
1207
745
1135
15612
1456
1580
2083
2339
1315
1823
695
7115
10111
24884
1999
1409
3158
3612
2265
3673
1336
4615
3289
2485
1000
21909
1399
1712
767
1449
5852
1875
4399
536
939
1354
8703
560
1684
1243
644
2944
1862
2459
1669
4999
1965
1911
1726
12845
5512
3234
581
1378
8161
13316
1615
6204
2066
3362
41839
13468
2006
924
1582
2194
13187
1859
1311
2734
2089
1837
16186
8972
2183
2325
967
1719
977
1192
25120
1794
2023
3853
1816
24816
994
2044
35106
1650
1552
15529
3477
2084
2486
1607
1594
638
21120
1791
1797
16326
795
1883
455
1258
3096
2918
22139
893
25105
1268
4824
1739
1607
2028
1351
8105
1306
2964
2083
2339
2814
10751
2760
22792
1390
1121
2931
1407
330
1029
30078
1638
1693
9867
4374
1624
2831
809
2542
2605
1489
1580
797
18147
1875
7420
1100
1434
13284
5737
15288
1979
1218
2587
1717
3316
12257
20236
769
941
2279
972
9486
1327
1295
1387
2058
785
2204
2400
2633
37962
663
1094
1680
2641
688
1434
841
1280
1383
2290
888
4634
17934
19318
1191
6058
2047
1145
920
1996
14294
2466
14912
2396
1339
5649
2066
3311
709
1579
2992
3578
30420
607
2002
2061
7965
1769
25334
6235
11252
2041
1922
2122
446
641
1635
720
3947
5027
2408
14470
869
2180
491
2547
1187
2348
1975
7712
25419
3006
15443
2196
2890
2811
1841
1762
2669
861
780
1099
13106
2009
4125
5151
1628
8097
11262
5766
13073
1461
19220
1360
3839
2424
2924
1365
1154
979
1880
870
3965
1302
5393
2141
2696
2284
948
2679
3464
614
2480
1925
2203
7265
2078
1766
1343
5912
13800
10689
1144
1281
2875
43263
1545
1030
6676
1920
900
2666
3770
1860
1905
19211
496
2760
11847
2039
819
2417
1479
10587
1013
2827
2162
2412
5081
12687
1314
2080
8723
3008
8317
1776
2284
2149
2992
1431
6880
6151
3047
7098
2331
1116
13287
8722
841
26141
2117
1377
5418
2340
1540
828
13236
3484
1340
2998
3096
1502
2228
11685
1817
2133
3921
1270
1607
2006
15313
737
1064
6815
23476
1732
1346
8567
3082
4581
2153
1167
3449
1732
2558
1145
2141
2079
2913
1143
920
1694
2895
20223
2068
1773
1007
2508
1963
12308
2169
7902
3045
1423
1254
1223
1499
1863
2325
20996
2244
2208
1315
6078
5140
2318
7221
1857
1169
3212
6200
1935
2349
1141
6072
6910
7196
2279
678
1889
1406
1985
1583
8505
1872
16866
3099
3080
11084
2759
723
22556
3035
1628
2157
1740
3476
1697
5507
3977
9153
1333
32603
910
21559
13063
5832
2170
5989
1477
1941
2482
2124
2777
771
959
2933
2197
28101
1439
1858
4638
1900
1358
2572
1703
2617
6115
2241
3148
2421
2325
5731
984
20860
1912
3748
1439
2494
2132
1248
14527
1153
2164
1949
20094
2864
14929
3354
4601
9714
7726
10271
960
21187
31074
1067
2676
2635
1577
3347
2832
1632
1843
1386
4885
1068
2684
2853
1327
1487
758
991
21808
1793
19604
968
3070
1078
2054
6599
26059
6358
3241
1655
2772
1404
3078
8345
2651
2374
7238
1554
2692
835
1283
2368
3577
2048
865
1633
2194
17370
1242
2309
3462
2317
779
2198
2780
2060
676
14825
1061
1616
1438
1801
1688
5116
1308
10882
1102
1970
3705
1210
2180
7539
4285
2886
2963
4786
2316
10312
10698
5458
838
1353
9159
1696
1838
1589
1135
1812
10370
2003
2159
16598
12330
1359
6814
2321
963
15127
1345
1097
2339
1598
3285
21171
9957
1648
2759
2241
692
2337
1455
2804
1116
10553
7391
1193
1046
2541
25176
2235
4019
2020
1241
3242
21350
1454
484
1872
3602
3214
5142
3084
2554
2554
1497
2011
1242
1720
5256
1076
1789
2983
1063
2130
1216
1442
2253
2298
7464
479
3292
766
10082
16570
634
3909
2779
1387
729
2137
10965
2300
1124
1215
11257
2513
1683
4312
2492
13324
3115
2418
3624
2552
5701
2853
3865
4014
29311
1690
7929
17216
665
9576
2957
1278
2655
1562
11297
5166
1568
2840
10696
716
2306
21142
1308
2626
2313
1385
1517
2913
483
744
8320
3602
13873
2114
1705
2149
19457
2193
2157
1055
3204
2535
2710
2412
5081
1210
455
9943
4961
2507
1555
6616
6112
15272
2852
15575
1923
2002
1942
2424
1285
1690
8190
2361
1556
5381
17535
2068
657
1078
10188
2490
2625
2717
36517
8398
2076
2855
1104
689
2630
1078
21078
894
16402
1143
353
3520
62740
3699
1402
1477
796
31838
1194
3085
1173
1683
1855
6316
4408
3035
569
7875
1745
6525
4250
1720
2927
22365
1266
1926
2044
2359
842
2727
3258
2020
743
1976
7531
1952
833
2998
2928
1966
1240
1394
4262
2571
707
12285
1965
1172
1286
1267
754
9316
4358
3163
2236
2841
23791
1552
17632
1627
1465
2491
1052
8990
1078
1856
2182
8011
1428
14124
1716
2203
18024
15944
12293
671
3791
7652
3646
1738
1116
2348
3580
2867
1893
775
2932
677
3210
17093
1772
1830
1433
1792
2243
1949
3669
16816
1749
2739
2041
7237
1737
3998
1846
5127
1616
15548
1651
1907
530
5634
2621
1043
1294
2146
727
3263
2537
2422
2648
1334
1396
1028
2395
2623
10345
1721
2067
35602
2304
2038
18610
2632
2052
34372
1914
2556
3068
1545
1921
1021
1914
18080
2978
5403
2795
1725
1877
899
831
1558
6592
2769
1733
2094
1759
6678
20924
1430
665
1593
2229
7037
5860
1088
1505
2553
1646
15332
1873
3990
2388
2200
2300
1566
7940
2868
1876
1672
2036
28336
1562
3171
1428
1578
1231
2776
1658
3010
29953
1639
651
1908
2519
1703
3017
1123
2208
1755
1708
851
2226
627
1565
3803
837
35440
2978
2076
5122
10357
1925
1044
3990
1716
2198
2518
956
2980
2442
1164
1566
2536
2441
3546
2893
26605
1738
911
2193
1821
1438
3349
2052
1268
876
27722
1567
19911
1856
2223
2723
2116
844
6830
2624
2911
2847
16802
2374
1892
1822
1099
1063
797
513
2065
3738
25901
1372
16167
717
33681
1749
2455
3284
1273
1916
1588
2589
2014
1751
1432
749
1302
3150
33115
885
789
31129
3525
2655
12700
894
2043
1760
7415
1695
1928
10335
1297
3640
1338
2410
1191
1969
1928
4345
2017
3033
27783
8087
1321
852
1658
2204
14378
3358
883
1594
1214
1524
3402
12249
1377
1697
515
3791
3836
1761
14974
13475
1637
1365
1025
1244
2763
1075
1475
2138
2778
1106
1361
13804
4336
3344
1291
1612
19369
6951
1106
914
11480
274
3885
7650
1764
1650
1186
5279
965
1659
3271
1157
2094
1215
1642
3219
7188
947
2618
797
1895
2129
954
1330
1145
6031
30188
2399
1971
788
567
2497
695
7470
15950
775
4596
1437
2842
2069
2313
7343
1523
1870
8483
690
4182
1078
1926
1208
2140
2181
3595
4907
3477
10121
19177
2621
2999
1496
8451
15739
2684
731
3553
2882
1276
17244
1774
3769
2122
1819
3740
1320
751
10235
2143
2572
50127
9908
1836
6709
903
5430
503
2876
2249
2165
6501
5617
2821
1937
2201
13766
2773
595
1233
6969
1149
7389
1011
2387
1333
1392
2429
2013
2675
2644
1202
1538
3016
694
8603
8780
2792
1095
902
2371
525
37061
1491
1292
2849
1198
2571
3675
869
801
2859
1326
2243
2064
910
2979
2284
12754
3395
2734
3427
390
2140
1888
6371
539
5688
2078
1111
3495
1012
21283
6758
7397
1382
6092
2412
778
3419
1895
1248
2175
749
1534
899
1429
1566
2655
2140
16773
1536
1044
1907
4353
3272
26923
1307
3028
1383
1920
2286
1869
4691
757
1822
19620
2520
920
24816
1005
1356
1270
1676
1429
870
2089
1901
17278
753
1505
819
3401
1487
981
2286
2143
2847
13381
2256
1423
2417
701
2485
1647
13200
2904
848
2416
30580
664
14235
1697
951
1110
1707
3412
2947
1119
2091
1179
946
1960
2647
1202
1297
2345
2687
2466
1829
1394
11946
3637
18332
2888
1722
12709
491
4024
2970
3341
3468
722
1458
1133
8694
1659
2336
1620
2951
692
1253
2266
6431
2771
2526
1665
6547
10615
1512
2688
1790
19244
9160
1528
2639
10661
1562
2169
2099
2327
2944
3504
14750
650
1493
1573
2245
3199
1311
2072
1319
8884
12003
6250
1868
6783
10051
1570
2121
1778
1169
17030
2771
2385
7058
2285
2837
1304
617
1632
1981
2832
995
2513
1191
18492
2543
2186
3516
2697
2030
1369
8178
9582
450
1104
2259
1408
1335
7848
2432
2331
2505
1091
5742
2381
6316
1431
2216
739
1796
469
1621
1065
1958
702
16127
2129
784
7958
13821
638
825
2893
9571
2651
1431
2226
1797
2656
1084
8273
14654
1754
2745
15054
3038
2350
15499
1447
43447
1234
1331
2753
19494
2079
19652
11545
1597
6175
922
1066
1176
1973
11262
11012
1749
4694
518
2449
6009
1151
22321
12328
6616
1160
3845
2640
6844
7047
1613
1715
8558
3221
633
2860
1398
11221
1622
10374
1742
961
2325
1153
1091
16716
2093
1462
2038
22481
1741
2277
1326
961
1105
1132
1791
14735
3279
1640
1591
1728
23698
1528
1779
805
1761
4988
2992
7786
668
2040
1252
2579
1443
1426
1758
12814
7675
12416
5760
1518
2809
729
1403
6909
1747
5036
1512
3028
12012
14373
3009
3070
20410
12550
2083
1839
2239
3624
1569
899
1482
3522
1393
2909
1729
2802
1329
5632
1671
4768
1519
10505
1126
1306
2688
2662
591
3045
2735
930
2353
479
1382
2408
1708
1694
1951
2343
14534
1469
1373
2307
3061
2321
2065
9675
2844
1132
1241
1753
1572
12274
2419
2025
6157
2887
1830
933
1174
2163
2306
2883
2237
2609
1525
1508
2456
2820
6370
3137
2885
13565
1192
7376
4123
2670
1753
11039
39961
1393
461
1684
812
2458
2247
2324
6843
3833
12423
1235
1599
2211
3313
12964
1408
2544
1310
14397
2207
1653
2724
2125
1727
5285
674
2517
2697
1393
1600
6361
2676
1398
2426
2857
1764
3033
873
1945
944
18777
13853
1159
1577
3895
1235
1531
2292
9675
929
1432
811
790
14704
2492
1566
13717
2494
3250
8562
3029
17229
1426
2344
2782
6900
2097
1691
1158
21917
2162
1734
11100
1317
1815
1107
1769
2242
689
2145
7577
7680
1306
1922
1710
2049
3248
1171
8356
1714
2321
871
2377
43776
19403
1957
839
2612
2449
20668
983
2057
2769
646
14705
2112
1552
3008
1329
2546
2144
1220
7291
1992
4821
2724
1527
3781
6419
4088
1092
2083
24307
1987
532
26575
881
1399
4052
915
1061
2106
828
8908
3245
1354
1916
1322
1614
1195
1710
2039
588
2802
9960
2130
1786
1681
1620
19229
1483
1865
865
2008
1452
714
1612
2430
11513
1518
2160
2186
729
14523
931
2423
953
2884
3063
1733
1531
1608
2226
7427
1484
3209
10780
1248
1436
22497
2682
866
1663
1478
5111
32989
1158
2814
3728
3367
2836
14050
13676
2942
15458
1820
2703
4148
3911
2284
1195
3277
552
14007
1355
15867
751
1625
2640
1994
2464
1988
1736
2302
1907
520
12839
2528
1644
921
9077
1558
2077
859
10713
1807
1450
1365
3153
1391
1000
95873
1318
3618
2031
874
2596
1157
1623
1842
2478
1889
1335
1634
2305
404
1558
758
1691
2980
4510
3730
1739
3140
27361
615
486
3866
890
12177
1029
6903
1926
1528
1716
14804
8530
1370
1783
918
1570
4461
8169
2752
856
1151
3373
1650
2599
2228
4337
3337
4183
1394
14679
3556
13058
1545
1406
21686
14200
1797
1959
2414
1405
1900
1401
3094
2537
4330
1791
1964
9105
1508
4910
4033
1453
2767
1278
15524
2067
3093
2463
2438
2077
890
3142
7942
2532
30770
1922
3536
2659
1034
627
6901
2125
2237
2429
870
7544
1820
2506
3335
1856
3374
731
1546
2870
2271
19953
1516
4133
697
1841
3455
1441
1285
5138
1385
1667
1752
8511
1490
11588
2061
1060
993
5251
1124
1355
1363
2664
768
8894
1170
3050
782
3330
2921
1333
8505
1744
13263
1040
4153
2481
1778
1332
1875
18978
736
1025
9557
1316
1659
962
1984
1739
2769
3200
1559
2618
2923
5579
8620
7182
2775
897
5824
7262
1468
1576
1846
2778
1216
11056
2910
4253
3191
14051
4245
2238
1548
2733
1670
922
12801
1971
14838
2232
1301
2556
2522
10291
1033
7263
1179
1130
1723
2046
795
7223
1159
2157
2485
1524
1402
2084
2706
3092
1370
5127
1796
1206
2024
1844
1447
2844
2659
2251
1456
2330
6173
13034
1329
2944
2198
3470
1783
3776
2803
30712
1784
707
1577
2606
33704
8463
1263
2419
620
2449
2142
872
1111
1418
28197
562
1692
1096
1962
2710
2107
1915
2062
1905
2568
7823
6161
1022
1900
1465
8724
1120
641
6920
2220
672
786
2187
9544
2101
1029
3302
1842
1873
20952
2439
8616
2349
1995
1028
15736
12043
1800
1476
944
10383
2633
2516
33377
1802
10322
1687
1431
2017
9817
14701
969
762
1916
5470
8226
15629
8374
2106
2526
51291
2752
2014
595
1002
3997
7397
2652
2446
5442
8047
2479
1058
1152
1059
2221
1745
9645
967
2642
8112
4018
1158
2342
9890
681
8456
1794
2149
5191
1176
10700
15340
2440
1135
1540
6500
27162
1278
1300
2453
896
1767
1850
2121
3298
413
2380
3324
1708
33095
1633
1806
1288
6981
4126
1050
6462
2076
2363
1896
2572
2594
1180
1579
2381
983
822
1484
11935
1696
2126
2601
1803
2534
3539
1278
796
1855
1850
2018
12612
4297
1441
4200
2052
1147
1789
737
4989
2628
22538
1277
3050
464
1990
2551
1855
2966
5886
2939
3774
2529
1207
1053
567
1646
717
9850
3641
9745
2547
2362
5636
965
1054
18679
8818
1770
2539
1098
2505
1054
8828
1718
1506
2231
1937
1124
1007
1307
1726
39998
1539
8740
2286
2258
2625
2475
1187
8397
3383
1501
8146
53383
30448
8589
2872
1160
2830
1733
606
1136
1943
2217
2387
1779
3575
13032
1395
26068
5733
944
2273
1054
2935
17641
20866
2334
28233
2215
5797
4641
1593
1465
11379
1714
31015
9431
1575
2660
1491
950
65491
2884
737
7709
10769
2013
1617
1527
19932
1958
2928
2167
2062
1017
1683
2352
4312
1965
1930
2344
2277
1869
4946
8854
2045
1892
1908
3071
809
1493
5178
5653
2581
1359
16412
2610
325
1598
1656
12306
3262
1986
11466
1821
2087
8325
2665
3629
534
1257
1993
3295
2298
658
3460
2755
13916
2302
2279
6506
2258
2698
3528
1454
1420
1793
9683
3104
2385
13316
2347
1891
1482
2115
2573
11661
3028
647
8588
1315
1818
3116
1762
15138
4462
1127
19477
2796
2451
970
1887
15661
2163
1455
12265
844
1311
2340
1165
2165
2361
1392
2680
893
16001
25805
2304
2013
2987
1997
852
1592
1591
1654
2006
3321
3026
1062
10064
1162
2452
3494
1866
1547
1731
1090
1502
2779
1307
22208
3404
2259
1617
2019
4630
2094
28899
1718
2142
2741
2256
866
719
2151
1544
3061
6240
1729
3574
1160
2130
30187
1028
3452
1227
1177
1369
2390
1656
1335
1425
1668
2648
923
10708
2934
861
1083
609
1735
667
1279
2338
1997
4660
23873
2917
1097
1373
6822
2264
1749
1906
12716
10838
314
2225
35654
2085
1657
1947
1213
3199
837
2812
2263
1753
1793
8818
1584
1527
5979
10133
2055
1989
1739
1451
2258
2592
2656
1438
1946
820
1355
1797
3573
6560
1667
2771
3849
840
2018
2270
1448
44316
1574
1123
2124
2434
2096
1117
2201
11137
3411
1132
1110
3210
1912
1489
903
2740
4053
1396
2642
792
1586
2605
898
1793
1620
1240
1997
2682
2518
2248
5053
2842
3579
14793
8890
3559
613
2020
1836
2500
1545
12439
5179
5325
2771
2539
5608
1470
2159
67279
905
2827
2274
995
1235
1923
1208
12581
1321
1188
3255
2025
2555
22717
2945
1353
3260
2976
1757
2100
2968
2693
1588
1789
9811
2262
1501
1834
1756
5591
1729
2621
1807
2081
2264
820
2404
2688
4712
2169
1849
2982
2716
1728
585
1743
645
1604
2130
1983
1634
1541
14149
1464
10164
10322
10997
1226
1210
2278
2820
7908
1350
2149
5272
942
2365
984
911
17755
491
1936
1418
13287
3729
1037
2982
1311
1513
2019
14144
2331
570
2548
2317
850
12224
1300
3436
2027
1823
21189
3355
1849
2338
1128
1406
1307
2552
2368
4951
731
2702
2669
1906
2629
1902
8554
1717
9169
2303
15060
2642
16678
1431
873
1959
1392
2687
2675
2144
1099
2237
24303
1860
8768
2676
2747
4082
18018
1787
3767
1088
729
749
10170
2124
1300
5063
25554
2819
3864
1270
1034
12392
1073
3158
2136
3306
2629
2125
937
