2973
1619
13900
787
2623
763
2159
1343
849
8830
1566
2432
2721
8036
1678
1793
11556
11804
1502
2262
1320
906
727
2031
2918
906
22314
1060
15693
1001
3525
8748
1010
876
10094
1475
1864
1383
2055
3022
1700
1190
1330
1838
2459
667
797
1872
960
12488
9492
2226
3415
17078
2319
2299
1895
8310
2713
3918
4326
12033
19954
2607
1813
1802
1382
3503
2176
1720
1785
8821
1032
773
1506
961
6932
3582
1035
1563
1573
33533
2262
3052
1796
3405
2267
1216
1927
12549
548
973
1778
2291
11036
2002
34175
1791
2044
2824
1285
15250
2046
1527
5443
1965
1207
6248
2462
1285
1663
15882
2031
1898
4273
27122
18449
1207
581
1668
5882
1830
3942
15110
1853
13721
3023
3017
636
1356
2226
1751
11125
3087
3426
846
1097
2035
1519
1871
2065
28324
22381
1172
31876
2075
9108
3876
63632
1100
1665
1365
9722
2922
2219
2191
6188
7895
1528
2086
1257
1767
2413
620
4005
2765
1626
1319
1204
2637
2277
1508
4206
2594
660
1778
2848
2889
1418
8890
3700
1901
1283
999
830
2973
1738
2419
2007
1573
3006
2018
2082
1182
1032
1806
1119
631
3725
2460
1720
20210
20115
20239
562
2531
1692
3744
472
1763
2837
1638
3800
7480
499
1762
1497
2150
2521
2346
801
2704
2204
643
730
803
3018
1929
1107
2749
2004
3712
9274
2832
2006
11870
1193
5513
1100
1832
1910
18095
1301
815
1652
3955
1849
2564
1761
2308
1407
28391
8938
26262
661
4197
12771
11669
12849
683
1127
12407
3541
4610
931
902
43983
2846
21859
1774
1071
1417
1720
3203
1291
956
2466
3218
2554
1717
1649
2782
1804
11531
10292
1207
3141
11119
2574
1628
5092
15226
3999
2005
9579
2129
2026
1320
1501
2964
860
10774
2288
845
543
2884
1044
1760
1638
2312
1539
3748
1984
333
1008
2656
718
16600
896
663
12642
599
2833
2835
16899
863
924
1824
1871
7096
410
9566
1693
6594
1183
7374
1137
1649
3620
1214
1969
2505
2292
2636
4112
10855
2406
2317
1073
1106
5838
2439
2561
1652
1692
2941
11201
2599
2583
2355
814
2309
2336
4736
30435
2007
1224
1616
913
12916
6678
2399
2303
1484
1114
12020
2512
1588
1167
1631
893
533
1720
2386
9103
6555
1159
7763
2025
1479
1410
623
6176
3921
11521
13446
2008
1445
946
5583
19650
8958
1961
2647
3154
1665
2130
19969
3907
1837
704
3014
1357
3473
962
2665
5100
2700
19584
3035
10578
1958
12287
1903
508
7124
1731
991
1489
11167
27710
1524
1631
1911
1109
9922
2928
1390
22221
2285
2136
1625
30341
2404
1293
10783
1432
2422
13172
2255
2579
2881
2480
992
604
6952
1505
1105
872
1116
4757
45770
1443
28122
2916
3212
1493
4560
2669
2465
2132
3033
9144
10495
631
830
1424
2941
1239
1555
1023
628
15494
762
2457
1450
661
2861
2619
2978
12224
2597
535
8045
2081
16659
5416
1191
2646
1122
1130
1880
1526
1600
2695
1713
2610
12138
10484
9196
2842
1042
835
1772
3962
633
1256
1605
348
3035
1202
2285
2344
4359
1108
6376
8092
4742
40436
9482
1148
13570
39648
17737
1611
9926
1156
726
2142
2428
7059
18722
1636
1630
1098
475
1024
1466
1964
1903
1535
988
3806
1063
1175
15107
5592
2031
2489
15873
1238
3360
2960
2796
812
2009
2542
1090
30457
3514
3199
4775
2053
3199
2658
1263
33457
10284
4627
1075
927
6798
1406
1737
705
1478
1841
3637
1998
3148
22105
616
3012
2608
1378
1625
1483
5878
1993
1189
1493
2762
765
1340
3444
12195
3926
1615
2129
2257
2482
1488
1963
18014
777
2951
1183
679
2728
840
4316
12159
4505
3766
5297
2265
1589
2512
2413
1872
2088
1788
10438
51600
977
14340
2319
1961
3165
2375
2146
6134
913
2394
10133
1884
1302
1336
2147
1349
2023
1451
1814
2231
1521
1671
10835
24571
15236
1652
27802
2633
1634
1752
2963
3290
17247
1270
21908
2011
1557
17094
14463
2315
2088
1952
8206
1049
853
2097
6345
2077
3830
728
1961
1979
928
1667
3171
8098
1256
1975
12127
5261
1494
1317
1534
3114
3224
3857
12702
2006
6928
758
2707
3397
1685
1900
3148
1020
7130
495
3480
5976
2768
9173
38389
7497
1646
1710
24675
1896
4033
2465
1776
2353
13532
3660
9349
2005
2530
9332
1410
5731
906
579
1339
3256
1810
2667
12201
917
2274
1930
2027
2735
1749
2195
3510
977
3361
2412
6475
928
1025
2723
1607
2343
1953
888
12962
2018
3412
3038
28968
18064
3165
1569
1628
1689
21441
2362
1405
947
1292
1828
426
1562
1754
23798
15573
2065
1545
15062
820
967
409
417
1727
2221
1446
1215
3303
1010
1190
3708
15914
2830
1759
3029
5124
2137
1849
2460
1186
2092
2895
588
884
2747
1648
3572
1546
1961
1446
1876
556
4436
2346
1705
1869
1329
2113
745
2193
18394
3009
1064
10110
2994
1981
824
3339
17369
1700
6294
1876
1917
9499
1823
1243
36308
2566
2835
27054
2070
1672
812
1049
1861
2140
2330
16505
1358
19778
1628
797
1620
705
5325
29763
2488
557
1369
2323
2069
4272
2195
1239
2408
1670
13391
1382
2142
13981
1703
2127
1003
8652
3878
2367
2093
2606
1777
679
1752
19316
1357
1972
1185
2713
10724
2560
2121
1188
3017
1470
1769
3777
1775
1395
5152
1061
4042
2072
3875
6417
2024
13784
2798
1914
10267
2858
1797
2857
4463
28529
1702
1527
2214
704
2246
41572
2730
13608
20274
845
1618
2208
2102
902
13356
1350
1674
1376
40630
1399
2127
695
901
2649
2025
12129
1301
1938
331
3029
1949
8862
1174
1394
1378
1085
966
3158
2181
7926
4192
2214
1080
1579
17139
2023
1022
1064
2342
2208
2113
4857
40621
1597
15607
1189
2986
1901
1108
6013
1163
1528
1818
1989
4360
1467
2880
1916
1524
2124
15915
831
19613
40082
13145
3398
6120
2395
1830
1434
2323
718
1545
9088
3111
2633
1763
1775
3591
2364
16013
2877
1958
11772
888
541
2545
4441
1895
1685
1455
2204
3278
1372
1937
1445
2063
1672
2734
9316
3797
868
1778
8570
2351
2186
1594
1014
766
32686
922
888
1966
1532
958
4458
3072
951
1057
1682
2456
1780
14169
29094
2034
9139
4075
8610
3257
3567
1211
2039
1985
2687
1532
3100
476
1662
25096
1100
6206
3649
2218
1273
2649
2560
17309
581
16929
3717
830
6998
985
2462
1011
1671
796
10222
2330
1837
1423
1424
10096
17555
1815
13249
11497
13399
7836
2658
2617
2303
1899
1895
18407
1398
2030
1532
1735
1825
6720
1887
1490
5561
2195
1514
25659
1818
1297
1858
1548
20018
1814
3376
1831
3984
1109
1588
705
3330
6108
9956
4428
2716
2010
4906
1596
5511
2885
3508
14794
3306
2014
16776
2129
1162
3404
3383
2025
8263
2674
1753
1072
1532
3227
9140
13412
1270
29433
3072
11751
3796
1630
1666
5575
2201
2750
2635
2525
801
2428
1409
11623
1168
2248
2009
1606
2092
2091
2649
2869
11486
2840
2567
2395
2085
18101
829
15333
10943
1769
980
859
1082
2455
1869
2199
45832
1980
1990
2127
7932
1785
2018
19104
1430
841
12812
13016
2880
2847
984
1065
1284
732
1513
387
2399
2156
919
1738
1926
1533
729
1919
2682
1784
2458
11349
1373
10050
2459
2120
880
1745
2636
3075
24096
2151
1314
4606
1135
1893
1537
1807
36217
2201
7577
2599
8848
14252
25710
8770
4427
1643
2646
3216
2575
2915
15881
8179
803
1864
41199
2229
2322
2388
1690
1387
2524
1286
2335
1854
15527
1552
1932
2059
5649
6231
1200
1307
1568
865
2168
1983
3019
4684
11532
2478
1147
1968
2392
2403
1587
1851
762
17802
1637
847
2956
3566
1110
1305
2798
4132
4149
806
1806
918
1410
17759
12893
2651
2013
3079
703
2522
955
31355
12772
32835
785
21165
2229
2375
1611
2319
2415
743
738
10267
554
1480
1974
2277
2570
822
2766
1293
2292
1071
14132
1803
2178
7409
4144
912
5767
1933
8657
2926
4525
2109
2251
4148
1178
1651
2548
1812
43387
1696
1749
2240
2365
21541
1427
2168
3185
2101
2877
1902
2577
2164
2024
26932
4513
2074
1768
1446
1061
2825
782
19500
1764
11227
968
7196
1712
2517
1037
1456
1047
2485
2361
2120
21573
14968
2555
765
765
11622
16061
2406
12195
1205
1021
47421
14325
2354
1782
17984
2111
1013
1323
707
2878
2760
882
1838
2033
17259
1850
1041
3547
1668
1747
1378
2716
5370
16548
1218
1822
2068
1775
3473
1542
49096
2266
1814
3623
7053
1012
1729
22948
1264
3290
1699
3229
25551
2803
1657
2649
2250
2624
2167
1351
2334
12986
15541
1625
1087
967
3121
1281
1841
1087
2492
2131
1695
2653
1589
1950
9652
1292
2838
7059
17854
1045
1287
940
2035
1229
2123
28111
2552
2788
3799
1837
2042
7544
1636
5643
1630
2218
1205
6633
2969
2395
3795
1814
1320
2441
2296
26017
14507
1538
1308
3209
1648
2181
932
27844
2343
2472
2243
2205
1745
11581
2867
5065
1017
2798
2147
1328
769
4411
1416
1381
3216
2512
937
2962
2157
2565
1874
751
857
1610
1045
6524
9529
3184
2393
1064
2860
2164
24005
2122
2143
2146
831
895
1478
2072
3209
3347
2434
2200
1623
1853
2683
1234
1302
1966
26980
2686
1729
1014
665
22418
2490
1938
2354
7961
1508
12921
1646
1139
552
3428
5478
7807
2118
3147
3482
511
1801
2304
1762
1596
9421
8834
1123
2287
12205
1735
1829
3249
3102
1536
1503
2114
2238
2158
1863
8588
1964
1354
2018
7588
1911
3614
1005
1974
1182
1774
3013
2137
1179
3414
26818
1760
1018
974
1575
5011
15916
1716
2035
767
1594
1708
1612
1693
2700
866
3259
1919
2735
21047
3442
3370
1672
2276
1926
2942
14522
3498
699
2215
2529
1894
54529
29438
2102
1827
652
6019
837
2022
2644
1089
1850
2667
5016
1508
1332
9435
1622
1485
6057
1743
3081
3017
2335
22684
1848
878
10715
1373
15469
694
3313
1453
9502
20772
716
706
1418
2531
595
1728
19502
1806
5400
1755
915
1063
3346
1788
925
1362
1759
10780
2313
12253
1743
6670
3015
1238
17944
4685
1853
6409
2524
482
12621
2067
1141
3149
2703
2246
722
1155
4551
964
1811
2307
1065
1400
3014
2007
5430
6834
2151
2015
2485
1522
1455
2576
1210
2747
963
1487
1829
1182
1022
1361
922
1205
23595
2259
16535
1085
13582
2513
1522
22510
2610
11324
2272
1212
14578
1546
1618
1713
2723
7341
16612
1627
1524
2592
1980
1724
16178
2738
5206
2466
22031
8573
1095
1137
362
559
5240
4260
1321
779
2418
2179
45749
12204
1160
2345
2330
8668
1401
1971
1299
836
9072
1592
18452
713
1789
5795
677
1886
2306
1705
1648
1034
1541
8677
2715
7777
20280
2044
606
2552
2163
2499
847
6194
1619
1162
2754
2132
1140
3347
1271
1362
2236
2222
3484
1687
9034
2821
1334
1966
2270
2084
4947
10466
1744
11766
3045
909
4066
19804
1449
987
1601
1134
2535
2053
2535
7058
1529
1073
45094
1527
6707
1051
742
1621
1636
1813
2194
958
4667
1062
2226
2242
6036
1604
2573
874
2569
481
19039
1346
1082
2195
1979
2750
2101
1964
571
3043
861
1155
1409
2920
1691
2387
5357
1455
6374
3293
4601
704
3095
30211
2038
2048
1466
12140
952
2110
1190
2598
2589
1776
841
2476
16164
8119
59603
1666
14389
8592
18493
1798
19839
6342
972
2704
5910
2198
3048
1589
1573
846
22818
2040
7501
2532
947
2053
3259
2155
16102
1538
2549
1517
3158
8346
3267
2952
2423
1591
1856
2155
790
2587
4341
2619
7816
1431
4155
1692
2074
1355
1402
1806
1475
1079
7753
21412
2614
3415
1071
1328
1506
2581
14172
6486
2130
6808
1641
2063
10910
420
852
2776
3747
1802
4328
1249
17315
1868
2454
5413
1686
12232
6624
1608
3191
1618
336
1552
1126
1387
2195
1760
16650
1339
2985
1400
2391
1117
1461
740
1842
3165
8020
2082
10890
1887
1228
3036
5193
1463
2272
1259
1594
2420
32061
1038
3453
2699
2603
1645
925
1821
1833
953
1527
1040
2553
5667
1220
1701
1674
932
1326
17923
6127
2165
14404
7965
834
5123
9574
11269
2613
645
2796
2662
6557
2670
941
1169
1921
2048
18064
1479
10432
3493
1534
2037
35647
3097
4149
1577
2277
1734
2774
33436
1102
916
4555
34567
489
9610
2008
2113
1711
2914
1746
687
1736
1651
618
2206
1567
1146
1315
2675
2331
1453
1056
1982
1384
3317
618
2814
9236
2955
1775
607
755
13010
1777
3227
27091
1198
3912
2013
28584
2491
1069
1652
745
23639
1791
9622
725
2700
2206
887
2782
3123
1437
7086
1199
3232
2364
2779
7915
1465
1110
1493
1309
24118
1668
5794
960
799
3130
47327
700
2243
2108
3302
1413
2232
1582
1752
2159
7407
27572
1563
2514
1439
1576
1322
9556
1643
1185
25763
2092
2033
2312
698
1797
1362
1215
5360
1115
1439
10893
4817
2889
15392
1476
1049
1346
4411
3355
1827
18451
963
2382
3975
1641
992
10831
1831
1609
3226
12842
2090
592
2644
1624
9339
813
3068
6727
1008
2130
3166
1658
1201
2377
30511
10316
2726
1501
8436
1394
1453
46756
14154
2638
1203
1225
2322
2065
2510
2346
2311
1374
15688
4381
1804
2073
1358
20621
2178
2522
1498
1612
797
2592
1064
2740
1593
6153
9033
14851
7988
3923
1536
4611
1384
1533
966
1132
2396
1547
647
651
1216
962
2732
4747
1285
2221
682
2421
3167
1066
1349
1477
1231
1947
10075
3045
3331
1661
6439
2072
1315
568
1023
1898
816
1523
13988
2275
1110
877
2063
1245
3061
2772
2438
5477
7791
2782
5336
718
2430
529
6774
1909
2177
1699
3572
1169
1710
1807
2582
4889
2240
18695
532
1919
2657
1078
4064
1112
2272
2400
1206
8835
12553
10210
4334
1942
36898
2627
1941
2163
840
3867
802
1684
8174
2154
5392
1675
2051
10961
11034
45568
9911
1273
20772
6630
1896
1198
3037
1581
2839
2476
2032
9421
1194
6188
1103
1514
14806
5867
494
5413
1915
7606
1956
788
2437
2116
2258
1826
9867
2683
5188
1106
20153
1505
992
1307
1853
8008
34203
1190
6298
4148
6398
8826
1900
2740
2495
6301
8765
2098
1795
1222
409
914
1307
17172
1493
24098
2262
2277
1060
11376
23467
7237
1737
2021
2448
2795
1443
1331
6555
1544
18141
2054
1403
2128
2579
1754
23882
1589
8510
4161
1143
8020
4268
1496
10954
24397
2257
1754
388
6807
1748
6359
1460
900
2615
1928
2031
2172
1415
1614
2246
1423
2606
2958
3808
4855
1997
1358
20611
2683
1852
3945
3005
9987
3779
4916
7509
1939
2534
1634
1858
2727
2173
23292
1980
2843
2643
1506
1092
2072
1777
11906
1496
1832
8631
1076
18803
11068
2829
30844
821
994
1843
2063
2125
20426
10406
17074
1560
2053
10587
34451
2493
1300
1997
1116
14360
1616
2359
834
1432
1124
1304
1337
2949
954
741
13804
2825
1881
1268
1666
2094
2126
3188
12416
3634
2552
6847
3126
6770
814
6329
866
1398
2012
13691
1756
1796
2961
2636
13313
917
3039
5475
2740
1606
17454
2343
1190
1599
1726
1682
37224
2518
1770
2155
7372
1376
896
1940
1149
1790
1454
26197
2089
1582
2583
14798
1746
1476
2112
1175
1635
2109
1746
20651
5633
3137
24564
5827
4511
1309
2126
45770
953
870
5427
1819
2084
2283
1684
1613
1998
1604
13666
2838
2391
2272
1631
1182
8952
1972
736
811
6479
1363
1027
15484
3549
2162
5788
1550
1870
2394
10132
1088
1306
1134
1170
1074
15644
2602
1215
1787
49530
462
1090
2336
2359
2533
1690
1992
3275
2389
2519
1461
2388
521
10860
1429
8400
2018
1459
3534
1394
22958
850
13749
2805
3540
1807
2084
2179
781
1910
2712
2248
3591
1070
2408
5196
1879
18780
623
2714
19935
2010
1766
1068
2814
2261
2796
914
1187
2166
1472
36896
2592
4071
2564
3285
9727
1613
1651
2517
2234
3485
2849
2929
1126
711
2026
1252
1886
1686
1711
33409
1465
2366
2041
2860
2711
585
2633
7605
896
2652
19492
1767
1852
1243
2985
2034
944
1804
3540
3024
17072
1268
3303
4851
1376
31974
2004
625
16611
2242
4781
3436
15632
19337
993
11975
1715
11033
2231
22676
2851
1153
2158
1500
1221
9580
1819
1601
1490
1404
1624
1355
1147
1602
1914
807
21298
2339
1415
12519
30724
2560
2894
1683
3134
2460
854
1972
1904
686
1083
13755
1787
2051
4138
1537
1009
2279
1511
2828
2027
2396
1025
2243
1831
3481
4983
897
16596
1651
2642
1453
3650
1162
3242
472
1285
7416
2202
7975
10296
11298
2965
7651
2066
30374
2877
933
1466
1673
1916
1160
3015
1932
553
2000
1249
2730
1670
2682
15958
1799
904
12148
7482
2270
1960
5498
3384
2114
12644
1564
844
13111
8026
1469
2159
10594
18308
4733
3540
8220
2114
1805
1398
27338
1914
2775
42095
2048
8182
770
2177
2223
1426
793
3719
2916
4049
7773
2777
1344
12409
13646
2950
3116
2509
2530
2354
8478
12448
2865
5852
7601
1937
1863
2049
7133
683
1306
1165
4051
2043
2982
1254
655
830
388
1391
2339
2254
1838
2536
2219
2053
8077
467
2529
2245
3111
1361
1975
1110
1389
2468
9716
10096
2151
1873
1873
729
3575
3584
16367
2229
3178
1521
3983
2817
815
1460
2602
1582
2240
1511
9124
2679
1941
9845
1210
1467
7818
886
2499
2796
25559
2017
4201
6998
5977
3208
2752
2460
3325
1268
1578
1497
2609
2275
7892
24066
4161
1687
2545
3197
1090
2605
1829
3858
1792
8930
1755
1498
1983
1559
2188
2330
1046
1719
2024
3339
11237
2160
1189
2741
2108
9620
850
2388
1970
1237
1034
3013
3448
1309
16420
12637
2568
9418
2430
1799
8213
2515
2686
1992
932
2310
1607
4022
27804
2346
1154
1616
1473
2426
1124
3374
11068
2763
2421
341
9068
18821
855
1678
10207
2293
7508
789
1223
3257
1080
21554
3947
8582
6028
1765
7552
1612
762
2371
3301
1445
8964
16861
1454
1570
2078
2828
2262
2286
641
2178
16337
1209
28942
579
14366
2526
981
6461
1497
3223
818
2692
13852
1826
901
990
13822
1038
2524
469
1173
23842
7523
3376
11386
1578
2022
3780
2318
1267
10181
3303
1854
11327
1119
1390
3014
2540
1887
1475
3337
2042
1459
17970
1723
1875
24336
1344
2936
1627
6245
2747
2691
3285
10815
2215
1683
5822
3423
23536
2131
2218
2267
2144
7144
1358
950
2612
30822
1361
667
1663
3055
3691
3838
1144
1404
1680
1950
1569
7475
2004
30655
2156
1921
2129
2238
3237
1950
8437
2580
2748
6707
8815
1348
2490
2276
541
21553
1777
1951
19338
2069
1580
2378
1383
7708
14510
1667
934
1218
2848
11435
1062
56842
24921
13212
1737
1237
1279
2002
12662
1304
2084
7556
23241
1363
2223
13575
6782
1504
4068
680
1870
2340
826
1706
2131
971
10960
1969
1813
3366
1935
746
12446
2593
1993
13339
1822
1714
888
1597
2612
2949
7726
2299
914
873
2249
1318
1379
1968
2684
5548
481
579
1855
1179
8578
11046
3800
5129
2331
17552
670
4293
3166
2081
1525
2972
8434
1111
3160
2423
26442
2245
1688
892
2466
1475
2569
1392
691
3551
2705
714
2527
5601
5773
3498
3117
1062
14226
1243
6229
6596
836
2723
6049
15802
1231
2560
1345
2244
15108
1032
14893
13840
2000
1783
3134
2631
1579
1747
22341
2507
2035
1099
1570
2098
911
42678
2087
23479
1845
14532
19262
1308
655
18730
661
2262
15132
4734
1199
1622
1671
7504
2006
5573
1830
1847
3461
10493
3587
747
1849
1508
2495
2337
1451
8130
1934
2398
544
922
1342
1802
1694
1320
1327
1885
10580
18319
3130
1258
2944
1978
10878
1153
3099
1045
7749
8393
1357
845
10464
651
6047
5886
1652
15097
2225
9735
3991
1408
3887
7126
2791
13763
2715
2232
3322
782
2290
538
3683
1456
4555
20596
2897
591
31496
2409
16065
1931
19731
1123
3296
1401
583
3572
1683
2606
4750
15258
7777
2147
10342
1114
1165
1188
1641
1528
13211
13854
1659
4373
2588
1598
5157
8756
1486
2553
1764
1263
849
26537
1253
1964
1300
1551
10188
1864
1409
2082
747
2075
2870
3409
1742
2482
26886
1939
1106
42200
2014
3455
1606
1823
4638
2159
2835
1283
9987
9611
2815
1519
2125
1971
1254
2890
1020
14984
25053
2270
2250
1118
1937
13904
2521
1053
1342
2196
1526
1656
3206
688
13316
2168
16927
1536
2293
2354
4609
1413
1272
12342
2159
18322
2688
21677
14370
968
1299
2982
22625
1682
2508
5531
1568
2665
2260
8453
1644
954
3518
47954
2280
4287
2819
15557
15084
2648
2226
1954
64184
1937
2196
7848
2462
16302
1501
2242
6389
2347
2544
5568
2170
2617
2579
1252
2104
2010
1523
47195
992
1592
7047
556
810
61854
1762
3029
1785
1831
856
11147
15575
3679
1400
2406
8669
1492
617
24281
1585
25952
2480
2397
2615
2844
2099
1273
877
2802
918
1531
922
872
1372
1652
3341
3166
798
1843
1092
3723
2422
26877
1726
2640
1405
2156
2701
18840
1988
1510
8347
1791
2647
2649
2151
1564
7632
3005
9980
1725
1391
607
629
1968
583
16067
1959
1587
63178
2224
16459
2181
11124
2132
1841
1405
35659
2159
2149
2299
2256
1286
11563
6508
1832
3575
7118
794
2819
13975
1104
1590
20364
922
2067
11184
11657
1416
1322
2221
804
2297
26719
9135
7404
1678
1412
916
10762
1030
3181
2196
1728
3190
11087
2761
5518
3786
3152
1808
3936
2037
11992
26545
11233
2605
1101
29667
4983
2911
1857
2180
16407
34586
989
3245
910
1918
10098
2011
8561
997
1396
12536
1993
2515
1529
2369
1727
7610
932
15303
4346
1214
73961
955
881
9492
2455
2104
1602
18843
22504
1121
1028
10370
982
1652
2225
2484
8074
576
1055
5097
1574
10379
1595
2393
2198
3475
5819
21560
23879
2203
2246
7166
2280
4204
6699
1096
1867
27391
854
5564
993
2531
2559
1243
1603
16395
28431
1427
2341
851
2676
2722
16249
28000
15722
4362
4327
42075
3823
6991
2683
1644
20713
2192
1119
2170
4919
3606
3485
23982
20787
11565
1467
1255
1914
2123
1318
1549
2586
839
2027
2017
2451
2892
1953
1382
2641
2035
1245
21418
1698
1482
2040
2011
13573
2234
1396
1299
3151
1505
9637
1823
2565
4618
7889
2596
850
14929
1540
2617
2759
1721
1770
2153
12087
2076
1016
4762
5094
1366
1653
1226
4347
10648
641
2867
1689
1903
19642
803
2406
6237
3987
1696
1832
1097
2141
1413
2221
1031
2958
2079
19238
1460
874
6951
5747
20019
998
12179
1291
22547
812
2449
1064
954
12516
1617
2793
1479
2644
11953
1933
2622
3052
20998
1490
1227
969
2490
9789
1735
2403
1948
727
15171
1053
2626
3599
2965
722
9206
838
1538
56350
37115
808
2223
1653
1062
30366
1181
2303
1572
1026
4826
2711
2956
639
9037
828
1113
2711
2994
1180
1345
3215
2605
3463
1361
1244
1225
15458
12206
2813
17293
910
3034
1157
2200
1210
1855
3579
17623
8029
1370
2571
1645
1727
789
1427
1771
29281
12766
2414
1912
2444
1334
2402
1581
6091
2057
1139
13492
2291
13500
2553
2942
2613
34859
2143
14368
1804
1176
31596
1493
1809
549
1844
5203
1707
2152
2080
5280
1408
1882
2543
2346
2477
2798
1529
3217
1870
1677
2256
1709
1834
1647
1494
1744
14689
3417
1105
681
2241
1479
2356
1735
7455
8652
23327
16882
46050
1520
2064
2809
1618
10559
10852
1344
2656
2349
7295
37881
2095
5118
2716
3908
7579
14593
2059
5983
1212
1752
1995
1966
1815
997
4971
1656
2629
1950
2957
2793
1962
1597
1887
2889
2943
1489
1870
1906
1474
4420
1328
2261
3282
848
3005
15555
2510
16188
1488
2198
14757
1731
2634
1346
1700
828
1896
2694
2557
1228
4307
1564
1517
2783
1562
2029
928
2378
46214
1494
511
1323
6923
2697
1692
1307
1917
2565
2229
2348
1064
1255
1381
2052
905
2776
1845
2016
1877
2208
2305
7880
4410
2864
4227
481
30532
8455
16631
1820
1690
5667
2046
2949
2226
1627
11895
550
907
2168
3489
2014
4437
39378
6847
1346
1057
2442
6141
11259
1694
3266
4189
1328
1980
2080
4032
1491
884
1670
1901
3152
2520
1178
3417
1439
23816
3014
1761
1432
1785
2362
3424
3375
23197
15594
1377
1384
1538
1474
38653
6552
5196
1828
326
1485
1164
15149
391
14614
1708
4586
2238
2961
2176
1585
13561
2692
1109
1978
1449
1931
2437
1726
53711
1448
1645
6074
956
815
811
1600
1949
2326
11679
25549
1704
829
10902
2023
4122
16228
2018
2613
2210
3472
1742
9307
1743
646
1630
2360
1049
1845
2018
1791
580
1013
2778
2881
933
3236
1606
1471
2267
3023
1023
10443
2041
916
698
1930
2603
2965
2040
1804
5495
1192
2045
1658
1207
1041
1026
3437
3241
39780
9517
2848
2379
1883
1761
4455
9912
2225
9708
1587
3296
11012
1448
2038
2655
2958
33393
2516
575
2149
22616
6097
1539
2278
1448
1277
1402
1313
4570
2288
2303
17073
1728
471
784
1059
2867
1991
1878
1139
4260
10153
50634
2319
1897
1946
1589
12299
3073
29665
8716
7735
302
2090
8700
2224
7010
1018
5185
2734
4711
2781
921
2717
2710
839
2558
4901
2866
1851
27090
3179
2633
1201
841
2861
918
3442
716
36593
2235
1755
4683
3076
1095
15671
23857
2112
483
3276
9502
2172
1051
3427
1478
933
2468
3183
954
1233
1193
1284
1955
2396
17515
1865
7729
1293
21902
12500
1327
9287
1964
20505
1179
2699
1841
10196
1101
8953
1087
10015
958
2982
8768
9941
901
2265
1619
16284
1817
570
18548
1260
6650
2354
3429
6683
2041
3105
2070
1674
4222
3740
2504
1070
2253
358
2411
2095
15124
2213
568
1917
1153
36893
1010
4071
1371
1120
7113
5753
828
619
20921
22742
18447
2138
1133
9186
2738
3237
3965
760
1390
1493
1589
1464
987
13713
6246
3307
2672
2673
1984
757
2495
659
23336
6650
8751
2125
14273
34225
1913
922
2506
2960
2549
8749
1622
2199
6529
14463
6732
1256
9946
2389
2938
30186
1208
348
2440
908
9171
1242
2151
3398
1739
10095
10853
471
674
2103
2357
1082
4745
1176
7380
1956
1869
7486
1404
1286
1729
1421
2550
24553
1174
2008
4014
2384
10479
13463
2709
1715
3209
1874
4172
2330
12322
24751
3303
1575
1111
1221
2960
2741
1236
6040
2459
1003
3861
984
6035
764
8900
2531
1424
904
1996
1384
3499
2100
3268
1594
2781
2554
1587
1464
2766
16960
1725
3289
1875
9161
2481
938
968
2505
7462
1138
1531
2831
22930
3333
3152
9363
2805
2993
2347
1318
2795
28622
1827
14084
1581
696
1138
780
5247
2935
1421
1784
7169
2262
1624
1883
1725
6120
1014
1407
1882
18822
1263
1469
24354
3444
1723
13458
1187
64447
2811
2872
2271
1951
1192
1775
2075
2192
663
1784
6221
3776
2597
1966
1693
7129
52585
1543
1609
1268
1323
1477
2202
12820
3640
2207
21150
2863
1801
2929
10609
16302
1714
1518
1402
9739
1174
2687
1183
2349
24645
812
743
2117
834
2163
2492
840
2986
2577
1051
1289
7801
1854
10076
2308
1153
1274
3268
2811
975
987
5788
1634
1494
1619
2344
9014
2655
3303
918
1518
1822
2430
10152
9735
1428
1985
8165
2274
1483
15967
3229
2434
2852
2133
2156
14519
1307
1577
2333
2639
1769
37806
2940
1931
2218
1884
4924
1190
33439
2731
1541
1500
3786
5201
1198
2351
2527
1800
1176
18258
2562
3270
2232
2412
2987
1844
1623
1442
27132
53352
1120
8033
900
1532
4352
20098
1712
1615
1644
1804
1367
1363
2179
23862
22377
26685
2859
3947
959
6615
2115
5475
14345
2500
2891
7210
7020
10429
586
903
14336
6336
6504
2787
2643
1943
2396
2073
1526
1681
1398
1673
937
1273
1231
7774
619
3374
2355
3001
3216
1685
1315
1228
9446
838
2084
1758
2561
987
2749
6745
3281
10508
2306
2647
11248
2870
1782
789
1863
4424
13364
2845
12439
965
750
1748
2142
815
1254
11417
16042
799
1888
18622
2766
2491
1240
1682
1826
2220
8390
24514
705
37237
2079
5303
2685
2280
6946
2245
994
8482
2998
35291
1008
1174
5948
731
1635
1059
2671
1126
19484
3345
5363
1524
18582
2434
14624
30065
16314
22534
1491
11141
2409
2761
1070
9389
2578
3788
2629
3270
3941
6195
3908
596
484
3072
17789
17728
2055
2705
2655
2416
1567
759
16628
1465
2594
1457
1603
2755
1136
2287
1681
1602
1464
1400
1434
2566
437
2140
9008
540
3006
2004
3139
1391
1429
5990
1044
1065
14538
2407
9230
14373
1610
1091
531
2720
2451
4277
2204
1270
2263
2648
16001
16357
5819
6359
13460
1911
2135
27475
3130
2433
2879
1480
17313
1169
607
1066
2380
1426
896
3224
5350
20248
779
2384
3079
1382
907
1453
1359
1679
785
3031
7199
1322
648
1680
1674
3115
2566
457
4638
2513
7844
10436
1790
2523
1088
1006
1849
2630
2417
11891
1756
729
2192
2767
12137
3441
3752
26754
9896
1009
2142
1375
2160
2117
755
586
2888
1750
767
1933
2423
13780
3893
1162
793
1768
2572
1298
2413
938
8622
1482
1604
2483
7274
1412
1475
3299
20109
32056
1880
1980
928
2380
11382
886
3179
27454
4137
1915
14926
2364
4410
21924
25093
1841
42885
2068
2980
2455
3456
922
2283
2462
2319
1192
47859
1179
1678
626
1656
2184
2542
2364
2888
2182
2390
5929
17551
6182
2062
2951
1413
2193
4245
873
5426
3610
2118
2280
2191
2563
1482
11541
2383
1880
2057
19587
1882
2889
1789
26358
7877
4021
4992
2309
4000
2476
3077
2394
721
3489
1657
1489
2700
1594
812
3410
3850
2620
2855
1144
1033
1574
4174
1411
1326
4599
7842
1410
1344
1433
4135
11886
8086
2256
1641
15066
11061
2137
12315
1590
20178
1352
2873
996
19244
1464
1214
1366
1620
2665
2484
5203
566
939
1293
31656
560
2070
1472
576
2593
1762
12594
2608
5076
24727
2079
2726
12845
13912
12167
581
11674
3580
3786
1573
3547
2698
2380
2523
3475
2131
883
1328
2394
13316
2156
3301
2833
2301
2244
2561
5371
2145
2727
912
4377
1413
1192
1565
1836
1956
8536
1805
2091
994
2157
7133
1521
2402
14864
2542
2084
3087
1665
2313
511
13201
1889
3217
19723
755
2132
455
1528
3102
2813
23834
1023
33886
1191
4824
1739
1859
1933
1130
11405
1231
2794
2838
7275
13325
5020
2677
15244
1387
1121
2829
1960
380
1454
2717
2074
2700
4246
2534
1653
1541
1218
2232
2666
1478
2604
1000
9844
1459
2491
1040
1544
9473
27414
2061
2544
1247
2807
1814
2612
12441
5286
769
972
1719
1040
6280
1795
974
2382
2224
919
2204
1825
2960
13588
2151
831
942
1947
1644
1229
1176
1021
841
2085
1949
4875
4052
11520
2057
8302
32062
1477
546
2412
7694
1615
12723
2411
1526
12456
1655
26645
684
873
2666
1881
7984
573
2480
2061
18856
1645
8694
10214
8461
2041
1924
2653
741
1212
1425
706
2227
860
2408
16942
869
3509
491
2264
734
2459
2577
3248
20602
2995
1969
5733
8989
3006
2260
1700
3710
2107
1039
1252
6814
2148
12024
5500
1752
10382
2993
11411
1608
5609
2164
1593
11005
2708
6758
1152
1194
979
1880
840
3547
6500
7784
2412
1787
2284
937
3073
3551
706
8805
2076
1821
15803
2057
2482
1824
2103
2371
2734
1400
1281
2100
35822
1987
1102
2065
1920
1275
3116
2958
11618
1759
2463
496
3075
4445
1564
1433
1929
1653
2527
1765
1390
2026
17979
4863
14345
1710
1757
1846
3036
2341
1073
2209
2119
2992
1457
3265
2262
2919
11683
1822
1016
11569
41360
853
27338
2117
2585
6536
3816
1313
1431
8808
3332
2841
2080
9085
1502
2370
29603
1817
2133
4096
1637
1620
2390
5866
699
1329
3702
15607
1973
1749
4926
2225
2983
2924
1188
2277
1526
1656
1291
2426
1604
2154
1202
963
2763
3030
17773
3038
1626
1140
2729
2260
12857
2171
2527
2037
1423
1254
3336
2261
4350
2124
2262
1695
23493
1785
4377
5919
1497
9576
1681
1203
3290
6200
2018
5320
965
4617
22588
6569
910
576
1889
1828
15512
770
22079
1774
5171
2650
32137
1787
2699
1720
1570
28014
1444
3654
1354
2932
1525
2023
3564
4380
1545
11443
861
27692
2505
21263
3243
4726
909
2766
9539
2500
2287
681
625
2851
1424
17712
914
7641
15651
2254
1939
3046
1763
2382
9011
2241
10952
11837
3443
2165
999
9900
2487
3634
1065
2688
25282
1873
1964
1027
6617
6627
13493
2479
2850
36494
4854
24540
1637
15020
1552
10684
20459
1056
2234
2860
1852
3119
2695
1632
1843
2286
5694
1171
1588
5779
1327
4899
1155
1212
2374
1449
2022
911
3159
959
1667
16652
3844
2704
4528
1884
2470
1626
2731
2128
1719
981
6753
1554
2730
1768
1480
2357
2867
2240
735
1772
1997
2810
1222
2439
16355
10727
1365
15091
3229
2829
526
13104
1208
1658
1048
1801
2793
24327
425
2677
870
1970
2831
1146
2180
2863
1317
3124
2737
22925
2561
11375
33847
3002
938
1217
18742
1810
9119
1589
1122
1910
5366
1418
2994
12001
9711
1397
7740
1676
963
1898
1426
947
1813
1598
2723
4293
4585
1820
2597
2206
778
2033
3056
2431
956
13563
18404
1775
938
2350
29709
1926
2717
1743
1527
8582
1646
1918
778
2089
10282
2148
3325
12303
6885
2502
1492
2029
1103
1720
2021
1377
1839
2488
1063
1898
1465
2117
20727
23152
30718
387
3573
1147
11140
17351
634
2614
3248
1067
725
1710
12744
1823
1091
646
11403
51686
1065
4455
2604
1840
13310
3028
2033
2043
6233
3347
4087
27384
22148
3341
7385
2306
647
29243
3858
717
2721
1757
17480
1553
5617
2630
14847
1334
2306
36770
1238
2607
2942
1562
1959
2913
529
908
8320
1208
8160
26248
1443
830
6936
1632
2522
1618
3204
1866
20151
7150
4595
1351
552
23129
13736
2488
1364
6659
5390
2660
2609
18871
2189
2209
1284
2529
1726
1603
2284
21103
1545
29909
9299
2068
348
1158
7158
2061
3417
15681
7867
8236
11308
2259
1104
692
2359
1078
1752
931
9389
539
353
3465
1817
1852
1402
1220
927
2528
1135
3085
2356
1696
2103
2565
2216
17050
722
10381
1712
11893
4915
3674
3246
39067
1233
2022
2891
20142
970
2769
2348
2277
879
3955
10878
1952
771
2519
2997
3001
1240
1066
3404
2561
883
3655
1095
6954
1407
1753
957
9971
51418
2478
25483
1297
32456
1552
2071
1832
1820
2558
1401
39163
1081
1910
1777
25545
1015
2260
2619
1692
7414
12507
5373
626
3593
1894
2311
2651
774
2536
2619
3202
2362
694
3202
969
10771
7010
1849
1514
1374
1890
2558
1987
3073
10580
2024
1719
11927
14994
1651
3481
2171
3827
2163
7568
1646
1907
541
4526
1306
1043
1116
2759
727
3235
2339
2836
1249
2016
14181
1028
2404
2577
8500
1888
16865
2914
2126
2497
2494
16995
1712
10330
2493
2298
3285
1683
4322
1168
1781
13074
3256
6484
2648
2176
2020
854
1633
1278
4272
3127
2698
8312
2684
6270
5219
805
665
1592
2411
1612
36497
1934
1626
1454
1273
12312
2068
3682
3683
1413
2254
12801
2208
20266
6653
1717
16919
12258
1530
2496
1995
1578
1398
2331
1626
3211
2578
1789
646
2135
2437
1703
3541
1229
2172
1387
1746
834
2119
677
1401
2588
1360
11424
2991
1897
11049
2635
2657
1044
6708
1992
1240
2526
931
3815
15879
1695
2523
29794
2474
12202
2281
26438
1248
1944
1793
1907
1786
3610
1969
1268
735
2177
1694
24050
5327
2714
7317
1717
690
25283
1658
2981
1190
2553
2439
1307
1822
877
1063
1036
574
2065
4182
2532
2309
11618
1073
15062
1450
3329
3284
1541
1967
1045
2637
1085
2164
1384
1088
1302
60593
30031
761
789
2773
67891
11878
2048
948
1563
1693
5870
2286
1928
1874
1131
1451
1086
4660
2691
1919
2403
9128
1405
2470
20891
3437
1572
1390
1658
10468
2412
1903
3843
2083
1214
1359
3394
14071
1544
3593
601
8021
2123
1761
2358
8100
3680
778
1025
731
13955
2015
2000
2618
2317
831
1693
1326
11877
3101
1435
2152
1489
12468
1371
978
9760
406
1938
3814
1103
1650
1155
13945
2434
2032
3136
1227
2019
1215
1398
2361
7157
1333
4318
1129
2154
23425
1193
1432
1252
5554
12156
3022
1838
892
551
2631
917
18341
1944
596
3768
1969
19771
10068
2372
2382
2487
2508
2298
693
16811
1707
42712
1208
20664
2465
3258
2429
3130
56938
23374
13757
10287
1767
10885
13215
18781
1136
3669
2779
1431
1778
1842
3224
2122
2536
1581
1617
850
7710
2344
2388
1538
1741
30613
6685
878
9837
581
1986
2484
17784
7062
7406
2821
1913
2147
49024
3336
1239
1485
15752
1425
2037
1949
1955
1309
1239
2770
2348
4136
1959
1111
4574
2949
496
6883
11886
9427
1356
1281
2543
525
3220
1789
1283
1580
1689
6590
4196
869
734
2642
1085
2059
4347
1109
5793
2104
12879
2881
4320
2220
465
1964
8201
2759
637
4702
2209
1146
2201
1102
16970
6416
7390
1046
1577
31931
785
4067
2166
1197
1946
951
2009
1237
1429
1566
2655
2326
21039
1496
974
2263
2054
4688
3276
1446
3506
1383
12571
15400
2405
2944
757
1822
1775
49308
921
2327
1005
1356
1015
2332
1092
874
3614
1517
18671
753
1604
1225
2828
1487
1721
2518
2224
2847
2392
2155
10538
2878
720
1192
1311
67187
25952
826
1909
1876
779
15990
2374
913
867
2146
3188
2714
1233
2732
2080
979
1909
2567
1370
3501
2786
2141
2466
1737
624
3627
3027
21613
2233
2839
13555
417
9866
2125
4345
8097
910
1434
1747
11233
2745
2567
1442
3022
1978
3300
3573
6732
2097
2526
1734
6690
12302
1576
1363
2180
4780
5094
2012
3535
4566
1465
2665
2099
4953
2339
2693
14753
1441
1493
1687
3172
3154
1478
1179
2012
6675
7505
2173
30647
6628
30441
948
23124
1644
1386
5286
2194
2423
5732
2039
2318
671
634
1632
1786
2896
930
2569
1601
9778
2527
1747
3029
2308
1297
1269
33509
2131
437
669
2340
1271
1745
7107
2557
2140
1965
1415
1536
2534
5814
2268
2337
836
1991
423
2213
13087
1464
702
27324
23054
923
14501
3096
652
2125
2687
8308
2547
1430
3354
1797
10920
1062
1416
8924
1867
3263
2995
2361
1995
10202
1422
19560
1406
6062
2391
2076
2339
7099
2702
1165
12016
967
768
1176
1973
11878
2679
1749
6857
518
2878
5743
1813
40761
1562
15858
1799
32854
1453
6870
2930
1806
1713
1195
3250
841
1676
1398
10471
1828
9429
1742
1319
981
1371
9208
6964
2115
1685
2444
11091
1826
2878
1193
5521
1190
967
2152
34156
2921
1827
1315
1675
28385
986
1356
658
1349
8921
3499
7728
515
2429
1721
2579
1557
627
925
18310
14919
11159
1593
1518
1338
751
1397
29793
1461
21095
946
2451
11762
13772
3009
13112
15315
12410
2349
2540
1919
2213
1388
1081
2411
7511
2102
2925
909
2290
1329
2675
2113
23174
1445
10326
1128
1074
30934
3516
591
17006
2359
1309
1845
673
1305
2125
1264
1474
57344
2343
11302
1775
1373
1619
1645
2265
1451
10610
2407
1358
917
1281
979
11512
2334
2924
6023
900
2995
1381
1174
1770
2442
1856
3039
2528
1292
1839
17432
2535
12935
3019
3690
7917
1147
10491
44922
20541
5902
10582
27220
1357
445
1709
812
2311
2714
2077
5889
2204
31397
633
1315
1983
18134
53741
2028
2715
18530
28032
2207
3453
2670
2125
2102
1566
674
2517
2697
1540
1053
40628
1942
1398
44824
1133
1541
7405
1170
2131
1212
6190
2150
1066
1736
3073
1789
13050
11631
25497
934
1350
1609
1602
5741
2669
1139
2537
2590
2896
2586
8841
2608
1410
15166
3040
7462
4721
1591
1824
2771
2675
12701
14962
1401
1826
1063
2193
2148
689
3584
7592
15711
1836
1922
1641
1336
3248
1475
45253
1668
3425
904
1857
2331
3548
1731
1689
1821
2669
20332
1129
1606
2571
672
4074
2410
1946
2180
1329
2769
1677
1147
7165
1364
15870
3038
1619
2735
2658
3231
1132
2728
7781
2462
532
16300
954
2625
1700
965
529
3084
1650
9712
1369
1358
1916
1214
5544
1200
2153
2019
533
1618
9418
2921
2381
1787
1620
26605
1377
1779
1428
2807
1527
714
1478
2137
2284
1007
1959
2152
635
6181
788
2423
1792
2998
3671
2373
1511
1608
2582
27602
1766
3046
12464
1223
1132
2839
2272
1227
1661
2125
11631
3193
1958
2814
2613
3503
7749
18277
3499
1543
27160
1820
2488
2151
5587
1847
473
7324
583
42786
1150
61401
751
1574
2790
4558
2721
3211
4001
2072
1907
396
18519
1250
747
921
7518
1536
2115
1052
13352
1807
996
1471
3153
1248
649
10480
1433
2908
1979
815
4339
1167
1623
1910
2404
1941
1360
2142
2156
709
1262
516
1469
9775
7787
5243
1992
11704
27400
1115
644
1750
890
1983
1029
6648
1349
2219
1716
2048
8994
1509
3406
786
1187
2528
4602
1839
1029
1024
7692
1737
5065
35710
4696
2453
11398
1814
23836
3553
3181
1312
2878
17815
2010
1895
2045
2608
1137
1305
1401
2419
2181
7049
1749
2145
2171
1508
7724
3091
710
20771
1290
1694
1329
7695
2405
1434
1622
671
2142
3122
2909
2213
1922
3512
32948
1034
1135
4973
2232
2220
2000
870
3603
1831
2570
2972
1664
3710
731
2042
2612
1999
8804
2043
1294
1110
1841
4537
1409
1462
3504
1385
2264
1944
9521
1493
2294
2061
1327
2417
1858
1054
729
1507
2963
843
5966
1058
3050
939
3256
3875
1329
1918
1448
2880
1068
2646
5504
1558
1107
1367
8920
736
2100
5567
1581
1551
1877
1358
1934
3078
3669
1657
2500
1428
4911
7418
10728
3310
816
8549
12113
2189
2434
2003
2551
1668
1843
2689
4165
17147
2451
1999
10647
1548
2177
1639
960
8516
5386
14158
2789
1666
8029
2678
10229
1033
2782
1416
6981
1723
1655
899
11697
1236
2820
1941
1752
1164
1326
1938
8196
1254
9733
15831
902
2286
1212
632
35063
2600
2445
1624
2541
41105
11946
1738
3937
2458
4642
1783
8953
2710
19098
1544
582
2085
3368
16661
11637
1263
2357
869
3099
1593
1823
1562
4282
42247
562
1647
933
2864
3039
2159
1124
2627
1905
2633
1873
1777
725
2050
1465
8891
1781
564
10821
1380
906
749
1854
2599
2782
906
3213
1901
2303
8092
2874
8331
1172
1709
1246
2103
2395
1862
1376
939
7267
3375
1579
41434
2124
2595
1966
1550
2194
19093
10292
935
569
4733
9578
6298
20362
10633
2102
2655
2247
2752
3070
595
882
4223
37082
5651
1865
6538
2905
5637
1034
1357
1324
2914
2362
3268
1067
2606
8249
8178
1516
4308
13948
697
8473
1794
2360
6065
1391
13581
1523
3135
1507
1540
11672
3712
947
7966
2348
987
674
2286
2212
4625
618
2248
1723
1907
5450
1815
1773
1545
2458
11149
970
16257
4692
1664
814
2412
7487
836
3116
2547
876
1008
2153
4458
1921
607
3326
2113
2620
1128
1127
600
2106
1894
1979
16690
3512
1418
5083
1498
1147
2605
737
2389
2885
2584
1277
2190
647
2006
5170
1854
3023
33342
1742
2721
2070
1350
1695
557
1333
717
2050
2748
9506
2618
21019
6286
943
1177
18685
3171
1770
2648
1098
3528
1054
2186
1718
1948
8933
1757
1833
941
1495
1917
28302
1869
8839
2532
2991
2625
2426
1941
1659
1675
1418
7275
26004
13247
16037
4243
1160
2626
1733
1849
1539
1821
1934
2006
2449
2976
10320
1207
18660
6922
2025
2705
1054
4369
21802
2824
2232
1513
2215
6655
20687
1372
765
11944
1112
802
1861
1417
15303
1542
889
26355
1888
1374
1571
19919
905
1561
1063
16762
1821
11650
1736
2841
1980
1953
2317
4969
1965
7747
7512
2803
1869
2528
4046
2079
1704
2113
13141
762
1493
7533
8765
9018
1379
4456
1551
328
1664
1538
11937
28021
2059
2381
1573
2087
12006
17582
2023
636
1439
1993
4727
2348
1137
3003
1732
1936
2071
2595
11359
2654
1917
2155
842
1700
1793
10497
3431
2655
3530
1334
1628
2461
1670
2523
9735
2769
879
1649
1602
1754
19579
780
1430
11698
1127
9404
2622
4874
925
2061
19887
2404
2011
6459
844
1269
2282
1671
4230
2267
1976
3577
1297
2407
9111
2020
1958
3466
2808
1226
1592
2407
1774
1473
20461
3375
1008
1921
1160
2895
1955
1425
1521
1815
1196
1405
1383
2873
13308
12548
2252
1526
55996
2043
2247
2765
1381
2457
16196
2261
835
812
2291
1307
3649
2282
16017
4092
1154
2228
6773
1078
2129
1045
713
27424
2133
1067
2568
1338
1098
2351
923
11059
1629
1077
1120
540
1756
599
990
2566
1534
6500
7981
2732
944
1895
9834
2202
2648
1333
23105
10838
466
2328
11011
1699
1723
1937
1543
2938
668
2812
25639
1402
2029
18752
1622
1518
3519
24375
932
1057
1739
1347
1651
2234
2616
1576
1966
908
820
1811
2119
9577
2389
2771
3796
862
1801
2477
1382
3048
956
799
2063
670
1200
1281
2201
29705
9412
1253
1751
2781
1912
1458
885
2606
3313
1324
5877
923
953
2316
1046
940
1871
1627
2034
5291
2327
2054
2514
2708
13460
20176
4681
3330
659
2242
2826
22389
1659
12120
9562
22644
2692
3327
2391
1937
4853
14497
1214
14080
1853
995
2356
17068
1208
40340
1321
1251
2501
2326
2167
23010
2945
1353
11701
2040
1757
2830
1762
2152
1629
1466
10783
16417
1786
1723
1800
35119
1777
2534
1807
1989
24848
20528
2477
1745
2229
1351
1711
2645
2576
2210
585
1705
1349
1129
44480
1989
1480
1726
2732
1043
5067
1973
17965
1235
2897
2264
2597
5876
1399
2917
2231
1138
7810
1217
526
14300
469
2095
2964
13855
21129
1110
2907
1744
1525
1877
19236
2842
1065
2719
2410
1600
2337
1195
24685
5550
1547
18750
2893
2405
3124
1080
1747
1902
3718
3236
23821
890
28662
5235
1466
7210
1892
14803
2003
16174
2060
15336
1876
9033
1602
1108
1959
1584
2402
2937
1820
1021
5566
2216
1337
3494
12590
2618
2457
3103
1859
3767
1088
729
2366
9621
2482
1327
4585
2689
2710
3864
1710
1302
2571
1501
3187
2143
2289
2684
3002
935
1112
6166
9539
2206
2685
958
1260
3207
21320
942
7177
3262
1786
2278
1397
1440
2473
1993
1873
2307
1299
1008
1591
1578
2874
16750
1886
3838
1122
3348
2051
1155
13287
1578
2818
1712
997
11417
2269
2025
1373
1441
5377
5377
1806
1380
2085
2318
2673
2528
1386
2002
1668
1953
15171
1907
10328
4879
1510
1625
1504
1140
3388
3079
19191
3618
3341
1782
3646
697
20568
1536
1972
2420
2744
1111
2704
1549
2002
45548
675
2520
1022
3464
769
2292
858
1590
2126
1230
3565
1121
3777
1142
1289
2484
2031
1643
11434
2032
1165
2030
30853
11078
814
1582
1626
2015
1359
2849
5141
2657
7141
1219
936
873
2699
3927
1680
2915
2842
20095
1044
1585
1729
1367
2598
5589
2333
354
10348
1985
16083
33545
2736
1599
13614
886
2165
53162
11207
3678
1946
6771
29531
2903
12591
3340
2343
3162
1888
1402
3271
1488
1882
1839
31541
2670
1653
19056
1000
1032
1368
1302
2275
752
732
1780
1400
1268
3844
6318
2658
1979
10584
4954
3702
6114
5313
5473
3016
3353
889
1772
16110
3036
855
8354
5244
1068
1290
2491
2945
1763
1940
473
2176
10481
1895
16677
1528
1370
1829
18197
3071
2012
1972
2355
46891
953
1268
11121
1222
2534
14799
11418
1471
20042
17267
1469
1670
2106
1435
1000
3503
2382
1243
10128
26303
2876
1480
6105
3476
2587
7392
2233
9741
1241
733
27895
2988
2641
1305
1033
12541
11683
1919
16773
10123
1651
651
4142
3563
1511
1497
1330
9128
1444
4070
897
3314
6500
1915
1176
1820
35428
1765
2446
3675
2418
1523
13983
2847
525
2345
2690
2470
13053
1809
791
1597
685
1673
8044
1982
1643
1699
9341
2246
3482
1674
1874
1531
2103
549
2299
2633
14824
960
1900
8169
17151
2462
1994
341
27459
2222
2092
31995
551
7920
1025
410
1234
1451
1646
1477
5884
2029
1756
1507
11180
31562
1434
2137
2294
1364
2271
1339
655
2929
1660
18384
2769
16672
7841
490
1768
1509
897
1322
3528
2585
26563
2181
2675
2823
18139
2642
1529
1659
3544
1884
713
31308
17990
1099
1269
2090
2264
1891
2765
1538
1849
950
1463
2106
26446
2892
1645
5934
1779
19882
1789
1837
1693
3970
1300
2953
1616
3838
1113
1931
2040
1773
1453
2492
1590
1873
19987
1209
2330
658
16366
2926
2915
1629
16256
2533
2426
1851
3409
1754
1031
20660
1971
1571
17625
2887
11756
1660
7500
2876
1561
17859
10966
1336
1966
1713
2042
1103
665
768
5467
5260
1355
2644
16619
1434
1689
2109
3293
2078
2068
6765
2639
911
23687
1158
1145
6192
19929
3413
1593
856
1344
1910
1263
11988
29764
1016
23453
3377
11778
1898
1787
3007
2065
2395
3966
15004
1057
4033
13933
2227
585
3532
7043
1676
2021
3149
1295
1480
2033
1468
2190
2271
2214
660
1799
1867
1438
1499
2539
996
943
58310
2043
3628
1636
17150
1545
970
2564
926
1276
2366
3173
6822
837
1347
6040
7019
626
1283
1473
1014
19725
1470
1441
1081
2373
1523
54500
1460
1328
1486
13152
8756
1641
2228
2289
1806
899
773
4495
2325
496
6328
1949
2448
3215
3329
2263
16434
1011
1831
1263
1288
2715
40133
1751
16521
1394
1562
6864
1961
2300
2478
979
982
1994
1944
3245
1761
10769
2754
1434
1482
14498
1836
3062
20626
1438
9609
16196
1574
3478
3221
15338
1145
7776
2198
2214
58788
1451
1354
10019
31833
3009
3884
2433
1483
5444
2313
3566
11645
2733
1874
3138
24690
10571
2323
3042
1348
15025
27735
1755
1929
1307
833
16133
3060
3435
20911
1741
1777
2971
1780
2364
12802
6622
2185
782
1091
655
2806
1611
2492
2260
19150
2266
3073
2272
2208
7533
3392
1020
1135
1983
1888
1764
2536
12843
2518
1817
1525
902
5252
1084
4921
1787
28892
9256
755
14365
880
1707
2353
8058
652
2544
6970
1213
2217
2253
830
11024
1272
28745
2160
1902
2144
6637
1909
2185
1574
4813
16941
1919
2113
1884
9981
5447
9225
1373
18258
894
1109
10423
14850
2444
578
942
20651
1257
911
3119
478
2183
4794
2556
15006
2191
1297
1214
9147
1320
1726
1195
4722
37073
700
2223
950
1119
2500
1251
4430
1642
1032
1613
2472
1554
5829
890
7829
8351
2413
1341
879
2242
19403
19581
1787
2226
1740
2607
2007
1022
1271
2340
990
866
1956
2364
9748
9598
4334
1436
618
9835
8211
1257
465
1196
547
4717
940
2051
1031
15363
30783
821
1644
1864
2217
5379
367
1130
2341
6421
2491
2207
2018
7583
1373
11110
1302
2643
1140
14336
483
2937
981
2068
1931
2158
1104
39921
2050
2327
1600
2168
1332
1075
960
46632
13126
4455
1290
714
1895
2193
761
1046
2372
1268
1617
621
10473
2374
1991
13610
3083
9633
1631
2256
1092
1277
7444
16838
1152
1834
2540
2160
1658
1993
13425
1915
14978
1113
691
1375
2092
1807
2669
8134
1886
7189
13517
2028
2726
47513
16513
3018
8871
1750
2157
12429
2241
20298
1254
1602
18338
29495
2467
13612
847
2980
6081
25756
51387
725
594
1564
1432
1327
1274
1922
2312
986
2053
2967
2213
13513
2326
4387
518
2417
1293
709
3121
4794
2170
15971
1227
2276
2154
1161
1078
2578
718
1743
609
3617
1761
585
11011
3724
950
520
31852
2309
4661
2397
29048
1895
1716
2144
30756
5018
4054
2140
1471
2226
1347
17909
7625
1470
6645
1378
2827
7155
1797
2245
2851
2861
10215
6836
2113
50556
1158
2422
1855
974
2158
22173
2545
892
1871
2677
3546
2502
2658
32248
1647
2240
6063
2531
37002
2743
1493
908
3157
12901
2496
2399
15584
583
1803
2142
9332
2064
751
2809
2183
3016
1527
2537
14575
2199
1666
38103
1283
803
31139
1337
620
9018
89846
10266
2939
1989
728
3525
9437
2848
1692
2362
1116
2037
1847
1612
4124
1690
9688
2676
1168
7493
1508
2168
18985
1252
1269
1433
706
1604
2319
1345
847
2145
1947
3274
1827
3280
1571
2273
22218
2017
2726
31173
4037
1366
930
2219
3140
28968
1850
452
969
8563
1592
1748
1534
1206
20610
1879
958
2655
652
4059
8409
3574
1074
1499
1619
3044
11352
2227
3132
706
29282
2261
2687
1446
2845
1777
3785
11862
2564
1852
2070
1437
1804
4824
3821
1469
1919
13923
3486
2949
3057
2414
1190
2442
2801
2913
1964
1802
2587
2630
1822
872
12121
1702
15328
1116
1870
3347
2547
2816
3361
2193
975
12934
2284
1896
6747
2642
26276
1043
842
7096
3284
1522
4104
2562
1078
21315
1853
1400
2274
1094
2708
1144
17062
3589
2481
1570
1351
2162
4575
1996
24894
880
2222
1106
1859
11627
4717
603
993
873
1771
1146
3234
5399
6461
7177
739
2433
38836
19859
3035
2734
7726
2276
7999
1874
1680
1636
2558
1627
1109
6798
929
2561
2625
7709
10996
12709
12274
1823
1064
11937
6412
1542
742
4185
2770
1828
35075
3122
31175
2675
6725
1390
1325
1398
1492
1798
14737
1768
1163
2295
3700
3111
4238
15263
5172
1184
894
4102
1758
1661
14370
1661
1419
1662
1335
1738
1670
2057
7436
985
1491
2042
2918
1095
2260
2588
1560
3487
1592
2293
1635
51644
13435
1645
912
3895
10256
1911
2007
19386
71364
872
16397
1440
1233
27758
2203
1021
1554
985
10125
12753
14524
2353
2159
22040
1803
1951
2450
1490
2410
1131
1586
13280
1035
2443
1453
975
13977
2256
2309
1861
34048
1814
1682
1382
2532
2263
1717
2579
1975
2376
3850
947
3041
2447
1803
17184
1347
2108
1591
972
2575
2734
5589
1633
2510
1282
4287
2555
20411
2010
2218
2265
1305
2478
1182
580
18269
1897
3089
1691
2184
1257
1563
733
12682
2379
1213
4135
9898
8930
9249
5097
2681
2677
3136
2131
3692
36301
3437
4049
1486
968
8230
2541
4063
785
2932
1013
1967
2225
25873
1553
2929
15921
12607
2724
1944
3233
2025
1074
717
1674
10056
2450
1351
2508
14244
1067
3352
1523
1569
8931
2731
1884
12389
2267
20642
1465
25579
4996
2466
1842
13697
1772
2139
1910
574
2329
1913
2547
619
1771
3216
2012
30910
16977
3775
2477
1121
2228
2651
10899
5082
2819
22145
2695
1408
2668
1842
23823
1008
742
9128
1995
2814
1168
1772
2167
7099
1734
1627
1474
14424
3647
2384
357
1094
867
1732
1371
7407
2408
1978
2950
1215
2784
1098
3256
12815
1760
7364
2058
4808
2088
867
1014
1044
9965
2711
2756
2034
2004
7744
2063
19752
1001
1556
1582
3740
1373
1793
39114
2494
37080
2234
1642
4125
1927
7249
1166
1031
27053
2261
3303
19058
8278
22515
1173
2884
2311
1280
2309
2085
731
10674
2978
1307
1543
1556
1852
2922
7836
2116
3314
2448
35511
1804
1328
1471
2409
1922
7232
23231
3277
4806
7602
1337
1985
1446
63739
2107
1348
2066
1356
1555
18673
4337
1251
2024
2283
2772
2107
1989
1748
1847
1373
7393
2035
9025
10513
702
1530
2862
2316
1125
2930
9912
1073
20096
2268
4885
1952
2358
8832
6352
6738
2276
17665
17309
2210
9242
30223
11410
1287
12029
4041
1479
11791
1119
629
4139
21505
1529
3062
9558
10346
13144
34686
12747
5677
2979
4061
1366
2208
3666
4278
1598
964
1946
4175
1813
15663
2207
19421
19850
1394
8004
638
2412
4339
18712
29127
3080
3225
31524
2077
2908
27138
1562
1953
2001
2409
919
2946
1538
2496
1984
3230
2288
2226
27545
2008
2295
1420
1367
791
11085
2046
22054
4627
7567
623
938
2565
1456
1240
1769
1823
2071
1996
2225
27592
1438
2233
1405
2621
1765
3782
1457
2789
31293
1266
2199
1170
3034
12404
2448
14348
1484
2211
6638
1736
1155
2166
15654
1305
4137
2234
2762
564
2682
3767
1190
1388
3578
18383
2395
6206
2787
2376
2006
2174
5755
24971
2824
1505
1856
15519
2113
1630
1433
2594
1621
14298
5378
15026
1175
6556
1005
2559
11561
1339
24240
36715
4161
2544
7387
2618
8245
33373
2573
1446
24824
1835
1188
3140
1280
17427
1709
567
2271
2853
18984
700
2130
3033
1902
1362
14844
6720
6664
1217
2148
2898
1389
2057
2222
1085
2647
2346
1376
6391
2325
1519
8747
1774
20247
1800
1746
20078
1228
6574
1118
1969
1580
2341
1168
2432
1420
1265
2682
2524
1872
2578
3649
2468
2219
1128
1450
2396
2675
3233
520
1737
2513
15912
8428
483
4937
1552
2156
2022
1345
31906
14497
811
1648
1198
2761
2005
12728
2882
1429
1158
31169
1918
1523
1626
2663
2268
3020
8864
1339
2055
1556
15861
532
5293
1533
1258
2811
2496
39228
16739
619
9117
1216
668
5276
3084
3075
12197
2621
2988
1496
1913
9653
3284
32350
3490
2977
21779
7687
2395
17467
726
1763
39457
1224
14008
2042
3462
913
3053
12925
1782
1647
2517
4112
1203
951
2619
2135
2292
2632
601
9971
17315
1170
2412
1345
5006
1170
1099
22013
2096
2256
2763
1710
3057
1026
2020
16312
1619
2123
26219
1200
2885
3461
12904
2407
1509
1218
1166
1490
2691
985
20510
933
2174
766
2176
25382
17690
2360
3031
2570
2317
1019
1955
1570
2028
2551
3064
1027
2876
2903
1116
1156
1207
409
2392
1385
1199
1752
1549
2464
15482
5493
1996
1825
2468
2454
1012
909
16816
1229
9927
2419
7004
1217
1150
10961
16571
2651
3004
29120
2156
1692
2232
1236
2066
21359
1963
879
1419
1600
1587
19110
2466
1147
1357
3035
1260
1884
1992
1336
1501
2786
1658
1040
8136
2397
18107
2333
2178
1651
7665
13983
2308
1265
1301
1878
1339
1521
11807
1351
1393
6479
2296
2260
2062
1925
27448
3220
505
2261
39463
2118
1113
3628
14222
2783
6604
2100
426
1300
3035
4634
860
25963
11847
684
3308
2307
1800
1744
1135
27760
2770
2483
2250
50601
815
4357
10235
23517
1264
1856
24206
2765
2162
1534
10060
18113
1188
982
1013
1400
8396
1264
2966
12823
965
909
818
2349
2764
6480
19208
1819
1983
2697
1024
2127
795
2305
11322
3502
30557
716
1677
9957
2867
2204
1618
3581
1731
1214
2027
24936
3272
10511
1599
1472
23857
16932
2207
1871
1246
19437
32834
37311
2178
1969
912
852
914
2927
11373
303
1139
13337
19860
1545
1748
2204
2615
2821
2588
10388
2193
1361
1779
309
1018
7189
2931
1033
1139
2702
3755
1515
2298
26125
2424
22409
10176
14880
675
49139
8238
1967
5787
1936
2490
7273
1194
2054
10267
2033
22976
465
1739
2221
674
1302
554
10450
868
24142
7295
1533
11946
2649
1894
1517
1733
1443
3569
813
2275
2381
2157
66342
1972
20069
13041
2838
1018
1276
1466
2694
1386
542
5466
6247
2319
1784
670
2683
2459
1343
519
2771
3505
12044
3716
1198
1210
24849
2961
1504
2329
1276
1861
1248
1237
2212
1615
16089
2375
1981
2036
3567
819
10240
43656
3014
733
2478
3085
11835
2385
6345
1530
2820
2009
624
2025
6090
714
1028
1705
15419
8733
2553
16630
2852
21264
2093
9894
1958
2733
3087
1810
2917
1235
3296
455
750
12015
1200
3123
2238
1447
2354
1535
1009
1054
2036
1225
11282
1351
1477
2496
27214
2479
2310
1514
9300
1593
1533
1773
10056
1146
3173
1160
32981
2076
2289
6428
5130
18239
4247
1626
3220
7233
1497
3138
1843
23434
28730
21111
24748
3651
