2339
1254
14434
3167
1415
3644
2146
14991
9972
2624
4570
2770
1784
4221
1209
1453
2725
1186
27492
3235
16093
2688
1069
7333
2410
19919
2900
2475
12799
13198
7614
1683
2257
3645
26680
2894
1221
1175
2343
2706
3132
7064
2587
53665
569
1860
1310
1122
14996
2197
3115
585
2034
1471
2103
2415
20763
3109
810
5515
30894
1467
21777
23365
2168
1597
2813
875
2646
2344
2433
24094
1471
1180
951
8930
2732
2341
3961
18027
1263
2799
8697
2880
29191
1985
921
1308
4782
2021
27818
1495
2519
17609
1811
3729
1340
3608
2094
1869
5340
1869
1959
1527
1336
2004
1472
741
10405
1940
455
2438
3013
21992
1562
2234
13858
2265
2859
2320
2306
2038
925
15935
4415
9928
3284
2325
2339
9168
2126
769
2071
22621
1617
10666
1700
3670
629
21551
1452
1877
9387
1527
1949
1236
2604
1779
2758
2505
7387
18708
32786
1710
19784
5182
1758
954
991
2308
1568
1563
4528
1991
2027
2776
2045
26266
647
7401
33575
2471
2914
2208
2473
1653
1339
13468
2486
2357
2740
2859
12254
1335
1750
8166
10602
1054
1786
4154
3483
7313
1522
1466
3402
1804
1593
5255
2061
626
2099
3415
8005
3837
2794
3514
1820
37733
3910
1359
4371
1322
2483
2474
1539
929
15412
12381
2075
3028
2172
1966
1361
1367
16699
1881
2755
6233
32641
505
2565
1463
1465
9115
1636
11423
2168
2225
2262
1541
2625
1134
14013
895
2403
4015
1715
3016
2329
1931
2911
13274
1137
3113
1643
2647
8239
26837
1901
2297
9945
2022
1016
2308
1671
2139
11943
1833
1205
1854
5768
11012
2578
1448
1165
2770
2211
1580
10025
901
1044
27231
1092
955
4779
1031
2907
849
1677
21572
671
857
18981
1576
1209
2772
2201
1182
2385
1891
5348
2169
2377
3145
1833
10508
2856
39526
3227
1781
867
3040
1520
475
3100
1635
1144
3809
2251
21102
22296
39477
1077
2211
20231
2209
2051
6763
7351
8969
2419
745
1528
21974
2476
12009
2601
13088
1492
1534
30938
1273
2100
1212
24705
1510
14727
1934
8145
2563
29536
10895
12472
1748
16306
1721
1674
2251
21805
2158
2371
9302
12309
1398
2485
1472
3322
1419
1610
2313
1997
1545
2519
971
4064
7961
1485
1944
1401
16214
9441
1953
2010
1651
2874
1958
2200
1298
3250
5450
1492
1401
3695
1390
3018
24464
2073
3071
13845
658
583
1675
2157
2596
6039
1264
28121
1990
5188
872
1419
3468
910
1713
859
1115
2035
7179
2486
7973
2213
1453
8007
1884
4037
16851
2135
2983
2300
1393
1300
1389
1446
13542
2109
1694
2052
2044
2370
1766
892
2522
1262
1682
2881
7318
2758
1157
1361
2197
20612
3384
954
2568
809
19044
6061
3469
17596
1112
3013
1224
19835
503
1515
31768
9285
1532
1804
1068
1528
5920
4219
2153
1394
1603
1526
2912
34554
2658
8631
2023
17043
15021
1348
474
3863
1606
767
2886
3641
2691
2599
2030
2708
16891
427
597
2973
2072
1108
3583
2798
2575
1501
518
1278
2306
2573
2013
2105
19302
1259
2191
1550
2249
575
1002
2172
5476
2867
5986
1479
5097
1300
1793
32277
1189
51816
18838
3640
2479
680
4061
763
800
418
1524
2882
679
2252
3260
1569
1898
2523
2467
1605
2540
21422
556
1287
3003
2146
5149
1391
18447
7593
590
1426
2792
877
3132
5518
2184
3428
2181
1509
25937
9301
1879
2329
1937
1905
1006
1036
2204
2996
1343
1304
2779
25189
4745
1449
1615
1247
39588
12791
3246
20530
2527
18727
11403
3307
2324
2627
2004
1799
1928
3129
12642
661
13997
3439
1727
4047
34036
20334
2723
2035
1712
2287
3165
2710
1058
1093
3081
1966
5068
2021
18867
5448
1164
3149
805
5321
1836
1947
5103
1620
868
9448
3519
2363
8327
1638
8070
2008
9117
1496
13518
20320
763
1863
4052
1380
3122
1575
1412
8095
29402
1974
538
1036
2275
2511
5759
1991
2722
1624
2388
28014
901
4953
2005
6317
2774
2771
653
1603
17467
4121
10941
1110
1350
57216
20107
5751
2044
783
1529
2912
13047
2275
15675
2370
2082
967
3143
2090
1912
18192
7768
3305
1919
1620
17160
3577
2448
37229
2677
2413
15773
20918
568
1009
2006
3109
1502
2728
4662
10798
1502
2624
3273
2927
11797
1487
3167
7321
23810
9065
13793
2393
511
2381
1724
8535
5977
2748
14558
12012
2379
1222
36909
1872
2522
4373
1672
16158
49242
1530
2694
1702
2314
936
1188
9633
26863
1700
958
2658
1490
2028
1984
864
1708
2007
910
15865
814
18548
4917
663
1750
31406
7609
1726
2065
11679
1659
17937
2188
2234
2480
2637
25961
3091
46366
3176
999
769
3513
2151
1851
1013
4934
4140
2832
4521
1900
1731
1072
873
1194
2796
13827
5726
3120
10541
5245
3182
2300
1782
3160
10292
18573
1315
678
64330
1658
2050
7613
2853
2818
1610
1629
45344
2230
11740
2892
2188
4390
2028
1202
2183
4380
2165
1965
7296
1789
1815
2612
2192
1164
3918
2233
4766
647
2297
2120
1633
2788
1992
2259
736
1815
1098
2311
2704
23000
17748
5797
11239
3042
486
1953
1455
3215
2341
1674
19016
2750
1879
2987
1918
2044
16527
2144
4149
2537
7243
1840
15777
1040
28856
1482
2991
1155
973
1168
1910
2223
21793
4069
8687
4363
1885
21384
1165
24426
988
1541
1102
13824
9236
20325
6599
2592
5949
2052
6959
2643
1706
7262
666
10023
1765
2236
1889
4417
3887
1289
804
3241
27298
37860
2790
5401
1110
709
1572
21720
1773
1596
4283
3855
1174
1568
2009
1403
2064
3237
2247
1729
22320
2372
2373
2894
3126
9558
2696
10844
36687
2998
1604
14238
16103
5213
1447
2108
18692
2491
2125
36958
1158
1034
14583
71109
2754
10686
7433
1491
2113
1107
2252
927
1260
1245
2549
1121
5178
5604
1132
1720
5498
2121
3154
2371
712
1409
21212
2581
19448
8030
4046
2461
3574
8966
10010
1232
862
689
1618
8059
2139
1267
3755
29057
66581
1278
9537
1387
1871
3061
24527
12572
2456
8876
2204
34606
11955
2973
11946
2012
1778
12683
692
1063
3589
531
2270
8247
3255
1427
2261
2074
2046
21180
1047
1692
984
7538
1849
6701
2314
3713
23978
26119
2047
2553
2552
6078
1340
15147
28488
3351
2325
1148
2155
1277
2964
450
755
2530
1895
1144
1118
29011
2855
1624
1819
2233
1938
7816
1063
564
13032
1531
2087
5833
1816
1749
9317
1939
13464
3282
1816
2615
1319
1198
8556
1987
17590
2063
3971
1423
1492
991
2098
873
3005
1673
3000
1689
2791
21501
1127
2088
1384
1137
2564
1605
1051
1584
1324
1858
1608
5802
1940
1339
6839
1005
7831
1353
36611
1308
876
3053
1460
1165
30846
3032
1357
748
2346
16436
1786
29640
32855
2804
1866
1332
15694
1890
3479
20916
21440
17646
2137
3504
46035
7760
35580
2514
1192
698
1284
2442
3344
1190
1112
6695
27724
1217
21222
7984
1535
2675
1747
846
2953
904
1412
2020
1940
6347
959
5628
1510
46896
1189
1731
14431
4843
1554
2168
1923
2073
3059
2057
20668
10108
701
1057
822
1325
3354
85185
1741
865
2265
1512
1267
2990
6304
3763
3599
12255
1453
2464
1815
1019
1087
2510
4135
875
954
2046
1721
2818
2402
4294
3383
2226
1331
1939
1175
2195
2079
1146
6872
2011
2370
2031
1374
4035
2027
1453
4527
451
3128
2478
1699
1374
1476
2755
2413
2441
2729
3220
652
1119
836
1180
5113
3321
1259
736
24467
7708
10957
1151
11432
13298
2733
1491
3423
12404
17302
1196
4851
2868
7052
28268
5215
2549
1409
8877
497
454
1957
3331
24343
49139
1832
2343
700
2539
1951
1880
2451
2206
1463
43604
25289
2052
1790
1516
484
4364
15469
3859
2560
3536
6613
1474
1536
791
10214
1626
1878
6131
566
19650
9079
2965
2490
2850
9972
11239
1821
8365
9498
447
1984
839
7292
53295
1580
12017
2425
7965
1600
2807
2577
1856
1844
8225
2551
1360
1848
1246
1258
22416
1060
2261
1157
2000
1693
3368
737
2755
1374
62712
1878
32321
2349
2629
3104
925
2116
2075
3740
2482
1612
3007
1235
7111
1322
4052
1095
1342
1389
3072
610
1680
16616
37660
1629
2173
2144
990
2143
2565
891
2034
927
1317
26505
17666
1586
3047
4028
12818
911
1838
2878
41386
367
1703
1753
1577
2541
6831
2141
1486
1945
12922
1330
23952
2403
11910
1761
1050
2060
2389
2382
1247
10602
2134
2724
6738
1496
3988
1662
2077
2213
3636
2477
1500
793
8820
29074
3720
1118
1739
24149
1060
2921
3799
2260
23149
2530
2978
2035
3541
1734
4460
926
2761
2359
2277
997
1000
2607
1823
1731
818
853
6993
2227
4351
1199
7142
2269
2745
4248
11251
5753
1225
1440
2260
8066
12587
2696
2698
5248
2722
2404
22428
766
17443
1375
2436
2334
28140
60518
1979
1645
2262
9224
2850
27726
2092
12974
2987
6669
1627
1951
13289
6163
2094
1647
2099
22856
2070
2005
1589
1566
1431
9979
2187
1305
1547
7076
2707
25280
8265
1842
2667
2454
2327
4596
1807
2221
1669
44703
3007
2042
2825
920
1413
2444
1868
1016
1986
11974
7210
2165
44871
4335
2278
2079
1416
3401
1276
2291
605
3224
29627
3521
2560
1476
656
4030
2083
9863
14287
1101
1360
10185
1557
1795
1534
5766
2040
3160
1038
2813
955
1641
853
1210
5106
3260
1795
1104
2858
3671
1032
12196
17940
13054
2651
1400
24156
2580
1211
1177
1894
9182
20207
2297
1653
1458
3047
2005
2184
1085
12080
1713
1980
2317
625
1621
1604
1142
2731
5875
26748
17280
2245
17600
29907
2598
5892
17955
2055
1727
942
30278
19294
2416
13679
4205
2706
1636
1323
13090
1802
1833
1868
2077
2108
960
3151
2820
886
1852
20364
4431
2123
1526
758
874
1542
850
2003
17316
2812
1719
2798
13315
1609
2871
2380
3031
1735
22981
1522
2014
1811
2223
1444
2636
7325
1330
1564
797
1736
1015
52703
876
2458
58824
17170
1082
1388
1184
2188
1617
2467
699
17436
2088
3522
904
949
9189
26769
1814
4957
7344
3255
2231
3778
2777
9360
2158
2931
2390
1488
3510
8822
4554
12537
1916
10664
14516
4672
9593
1518
2157
2206
900
620
8953
9483
1509
2572
674
1072
934
2223
8798
5596
784
1652
1817
2166
2646
3338
1324
912
1681
2639
29367
3742
3000
2649
2008
766
3012
2392
2914
826
1819
2133
1170
1821
1839
20220
1134
881
1553
7289
1099
838
2894
5365
2465
1831
2190
13839
8949
848
18349
2770
1786
2050
2443
16239
2211
2767
2690
10537
2759
1934
10311
22061
2107
1617
1043
21714
1142
7244
5408
1029
1424
7385
5186
2815
4256
1250
8926
1494
8144
2093
1819
1038
1145
7299
2174
4146
2412
1580
9405
9684
2362
876
691
1574
10348
1431
3836
1930
5504
1051
8862
1404
1962
1719
1725
3385
4298
1479
2988
1821
1184
1777
17555
1808
3501
1920
1041
2576
11200
2677
11767
12656
2349
1262
2202
1567
2359
1979
1968
2309
1195
1813
1373
6318
3259
2487
3372
740
9797
1490
8144
2892
2003
2185
13138
6522
2505
1644
3217
1868
979
1501
612
1898
3094
14416
812
1706
9601
2545
22736
2566
2895
2742
2504
41400
811
1693
3970
869
632
36407
2810
3226
2394
1379
1049
2959
261
1717
7787
6227
2271
746
1332
857
2795
1004
19921
2064
2387
694
1622
2747
1986
2414
585
13396
6741
45378
10783
1506
2123
21467
1226
12842
20761
2267
2399
916
23057
8073
10110
1610
730
2717
2655
7983
2939
1443
3417
1699
2162
1649
1822
1561
1232
2436
1592
1700
1820
1789
29284
765
2252
1968
984
1259
34324
2333
3871
1213
19405
1270
702
2140
13547
1226
19286
1313
28171
1746
11839
2372
596
2223
10502
1970
2155
16506
1360
695
2197
2250
21551
1440
2250
2854
4037
2606
1160
23957
1478
15031
1328
42117
1986
2473
4028
12785
2032
1888
17436
5264
3049
2692
941
3197
2666
1019
18671
1481
1535
25616
2151
2106
718
1180
16645
2594
2340
3008
876
2213
2047
9823
2184
1675
1541
2305
1509
1978
11661
4923
1465
16452
35362
2133
2791
22831
2222
947
27532
19529
2008
650
9526
5228
1062
3668
5987
1862
2391
11389
14295
3699
959
7523
1971
2275
12793
2570
4273
12440
1892
26117
7465
6410
67136
15687
1474
3830
6381
2979
867
2904
5145
484
2295
2282
422
2301
2030
917
1900
922
2019
1861
4666
3331
1568
829
2658
12340
2169
2590
52943
1172
2053
1422
3612
910
1713
26477
3157
2628
3084
13033
3217
1625
535
1558
3747
1349
2255
838
1932
4848
6243
3925
2585
24035
2514
1977
3387
1171
3254
3442
1813
33701
1147
37252
2494
1523
2390
2327
3616
1920
1269
18765
7957
8883
1663
2018
2028
1503
2007
2060
1640
1622
30060
2230
2806
2183
14366
3182
2020
4808
2621
1695
2902
10313
2071
22588
809
1815
2314
818
10913
2770
3168
820
11193
1703
1790
2585
1616
3229
3443
2287
707
1635
60636
1249
3425
2330
1935
1776
1770
1713
1046
1311
2878
2410
861
1719
3096
9169
3443
35625
3164
3083
299
1415
1815
16436
1501
2308
17524
3054
2143
1727
1666
9815
3015
1742
16976
7861
2550
19710
2410
1478
2742
5491
1289
2216
23636
10287
3242
2465
7178
2132
3587
9492
575
1827
1991
2221
1102
1496
8105
985
947
7652
1579
11873
11559
1851
2411
5750
1430
2193
4474
1979
2547
1605
7183
357
2270
3120
2725
1856
2060
1739
1574
10328
888
18425
19261
2462
1155
12701
4902
2166
3765
2049
1448
10966
1622
3112
1180
32786
1510
11204
1845
1951
945
1528
1132
808
2610
3578
1594
1094
2889
3439
1785
2091
3013
1108
3213
17633
23844
1929
1439
3229
2448
746
1937
1667
1200
933
559
7935
1162
1539
57416
1437
25887
3829
2521
2218
895
2076
1226
954
4195
1699
520
1018
1303
9382
1099
2431
9961
2520
3313
541
2239
8427
1331
3046
2257
14849
14505
1512
16681
3211
1360
3738
2860
2003
986
5603
942
1650
3782
8361
2517
12830
1107
2511
2449
1393
106701
478
1982
22467
2036
1804
2625
10351
16077
17177
2857
15592
2267
1603
1988
8878
863
7310
3106
3438
2058
5603
29708
1951
1154
2205
1463
1714
2143
3042
16399
1384
5426
2599
1105
1190
1161
1642
6451
2643
26681
1900
1634
1539
944
1363
970
2264
13595
1827
2635
1549
2999
1074
1646
1621
1387
4877
2082
1444
2319
2291
27009
2880
1454
8040
730
1793
2261
772
8411
2778
1986
955
3111
1665
1647
12792
1925
1440
4180
1267
9920
18730
2011
2271
1147
2044
818
17438
2971
2406
2350
1047
1094
1549
2505
2158
2224
1424
497
2862
2124
2147
13417
6907
1880
1226
1638
2558
12121
1322
2451
2676
10754
1219
817
1346
1953
2520
1767
20355
1643
1856
1251
744
2609
2605
7821
1488
2588
2138
2677
1604
3594
1895
13499
3535
36913
1958
5499
5413
1599
1664
2069
2596
3833
6657
894
2631
27071
1802
23162
7392
1297
1175
2118
909
1613
3226
5246
8259
1050
2029
2306
14028
4189
3095
4575
1642
1310
3183
1605
39848
1732
1959
2086
2972
849
13331
19224
1887
1571
1327
9861
1858
26982
7958
3351
686
5092
2031
3005
18873
1379
1887
31686
24467
2201
2016
1750
13236
882
4821
5006
7920
34670
9339
2710
1876
3320
1836
5903
1809
2329
4496
2713
606
1787
1287
1059
2753
2534
2743
2329
12355
2965
6943
8858
966
17401
3831
1923
2743
1905
20515
2375
2723
2728
1443
20320
1461
14339
1570
39009
1382
1903
2877
2601
2093
1807
2825
2313
14821
1089
4592
1446
3231
762
8294
3444
3304
1007
2278
2654
722
2378
25036
2860
1720
15618
2070
2114
2354
76666
2337
814
575
3992
1662
2119
897
1087
2654
7820
1731
13833
467
1985
3681
5077
1557
6427
999
3154
40921
2088
643
26527
3552
3066
2831
35291
4191
2406
648
55131
5413
2879
1824
1079
620
12256
2513
24476
5152
746
2257
7693
1336
2283
1190
1371
3256
1504
2944
2232
2868
1759
1857
1208
1390
1049
1924
1028
2162
3448
2756
2888
39589
938
1114
3717
2296
2376
3040
1662
5285
10400
1699
1760
1092
9044
1491
4044
1912
2280
4267
2322
3260
2874
1403
2009
1237
1417
3526
1625
1228
2074
1020
2306
31352
3737
4916
1482
33950
16145
6119
28822
1405
7283
1561
6976
4416
2497
21424
3337
2562
1890
23114
2408
1059
1966
1524
4169
2909
9450
22479
64197
9357
1539
935
2642
2067
1138
873
2680
862
2225
15096
6955
2216
13750
3449
33169
1604
536
3513
2140
54624
2162
2625
4387
1562
1843
1321
20808
8388
1703
2723
2704
1391
3012
2858
3059
18659
2786
2627
7551
15929
16410
3118
8908
1720
2059
16134
749
13292
2367
2852
2660
23655
16507
13563
1272
1066
13829
1916
2331
21132
2306
13351
1407
1914
3513
3020
2027
21314
1276
41148
2361
2022
3095
1270
2203
977
1030
2003
2566
6904
750
2735
1389
8223
1846
1631
3397
4890
3599
7223
1258
1939
6883
22627
1958
1398
1489
1595
1958
1634
9483
2890
25256
1833
10558
24834
29509
13491
20700
2947
4118
788
1688
12560
26814
2183
1058
1457
12050
1830
26683
22708
14413
2048
35681
1708
2737
469
4609
2925
4217
1855
2597
2756
32062
11035
3268
1122
2139
1745
831
2256
907
12183
1727
9617
30071
2629
1672
10573
1687
1933
2778
3397
2836
40920
1245
1063
39122
9030
1798
29198
2124
2724
11521
2104
2028
2456
2461
1957
928
881
27948
1952
1668
2423
2047
4349
889
1490
3569
1980
760
2657
2403
8342
1908
3019
844
11703
1772
15503
3907
2227
1581
2337
2948
2990
772
9442
3465
986
20704
1098
2450
8671
21237
965
2795
2332
4557
998
19785
1434
1914
1877
2115
3139
1108
17122
1770
2055
3369
3871
2544
12952
1658
610
9563
45229
1612
33154
7023
9384
1865
18247
778
3967
2944
3304
2478
2093
17301
1742
5466
1820
1798
2656
8177
4776
2173
39509
8666
1360
1338
2341
1636
1696
2314
2445
2488
2660
1316
2045
1857
1935
1673
1923
8013
2969
2470
1815
1026
1325
16450
3125
5475
1786
1642
1734
1885
15776
1933
1357
947
679
2293
1784
1314
938
15512
2089
25672
2145
2446
2696
1748
7484
1737
5687
673
1588
2563
2997
3481
2934
2282
2246
28362
835
1940
2549
37062
6891
19738
1133
2112
3679
1722
928
1095
2265
2197
13146
3155
4633
15949
1744
2290
1902
2614
1875
1931
5884
757
2185
2071
18802
1707
2229
1758
3212
1581
2922
830
14819
1565
717
1779
1054
1708
2868
665
7619
492
2358
1595
1318
1512
2590
1128
2350
1374
7678
892
46482
611
64847
10578
10482
5127
2213
3631
8058
2224
947
2671
24869
15896
3222
2845
9821
3460
9433
11923
9123
957
924
2310
27946
2013
15749
3965
1982
606
2190
3401
13780
2141
7612
16357
2027
1173
1650
5484
1890
21055
1316
2426
3392
10047
2998
6695
2974
2336
1078
1764
1009
3318
2096
23898
1483
715
723
1079
2394
1415
1718
2440
1723
17580
25531
10124
867
728
1840
13964
22278
3481
15939
1133
2639
1687
2478
954
6244
2906
758
5681
3337
1429
2796
2644
1345
2036
8429
3838
674
3319
1285
1473
16623
1539
12435
2284
12705
1831
11717
1773
4194
1530
3016
10553
7779
2216
8032
3204
2315
1816
1604
4050
1674
3253
4632
10522
4310
2207
990
8389
1293
3330
910
1840
1759
1865
1911
2428
913
1936
3748
1124
2787
1603
2147
1223
7990
33599
3192
3071
1713
6725
350
1572
2138
9112
2137
619
914
1028
3477
26683
987
2867
22060
8062
2305
32726
711
1660
2007
2354
10549
813
1034
2186
1279
15886
837
1582
769
20246
2850
2332
1412
1639
2959
2266
2167
408
1806
20447
1648
493
6974
2501
2410
466
1487
2179
2845
33990
15211
2213
921
2360
3781
69325
2236
1662
2427
1812
3784
1068
2518
16267
1951
851
2322
1411
1667
36574
2572
2493
1017
2356
1462
24631
2856
2223
2536
3431
56757
1910
5235
6188
2535
1814
1246
1403
947
3849
2306
875
2452
1698
15685
14241
2288
2007
2293
2320
20163
3980
3027
1684
1719
18926
18006
2590
2007
1685
1998
1396
10851
898
602
16524
1242
1220
1478
10180
2515
2096
12185
2361
2005
14501
2660
20470
11993
1392
2089
499
3252
680
2505
814
1125
1944
1016
8683
5010
2943
3541
2393
21430
2442
1224
13658
1223
9416
593
15951
2370
2066
1335
1681
3147
2000
2837
1094
1867
1716
18325
2025
14145
2636
2343
15718
528
1916
3708
1414
1471
2990
2016
7963
1380
359
2175
2479
1701
2588
3259
22668
1647
940
1064
2279
1658
1107
7407
38416
1756
959
1564
2968
651
2717
1802
2951
1138
1346
2745
10219
498
13817
1576
2434
1341
1315
2732
1762
13918
2115
2118
1341
1634
3917
1242
1659
2655
2363
2316
1982
2289
1867
3668
7545
3847
14972
1497
1055
2068
1174
2709
1999
13249
1156
2110
1259
14870
2995
8292
1547
1502
995
612
1382
919
1334
1832
2559
979
1920
11358
1727
1735
6633
3359
2267
1663
750
15901
13142
1632
1919
439
9562
15677
1625
1066
1245
1908
2092
1222
55926
1135
11471
474
1649
1655
6907
6791
2510
3044
4305
32999
1421
2087
681
2078
19350
1741
1777
8669
2549
1379
12213
4327
1460
2009
1011
2698
577
17610
4569
3047
35952
35242
12607
561
3115
2650
5888
1758
2077
2347
2465
11809
2547
2131
4987
5076
470
2647
7195
2864
1635
7076
2839
1447
2291
2092
86672
1924
2865
1438
2895
1994
2303
2003
2281
1114
1625
2060
36032
10826
2284
16812
29851
1699
17633
40427
1352
1306
1963
3077
807
2182
12335
1672
1421
1500
2226
2801
1363
857
1691
6886
2412
1281
1525
1259
2041
1717
2364
777
2833
1459
2157
1994
782
2604
1578
2367
2821
2162
1621
1401
806
1864
10377
1330
1459
1684
2608
2183
1755
1609
902
630
2433
3056
3418
3379
8043
27093
3168
3048
1593
2283
2367
2366
9031
15770
6414
994
5545
2124
57450
2629
2057
22191
1121
19438
3195
6253
1939
10704
2522
18498
2021
2829
21685
2135
18844
2277
2517
1317
2260
709
1525
2599
908
14497
2499
2557
9615
1210
2361
14650
1075
1397
1814
41893
1925
671
1382
1983
3325
2208
719
1413
730
30811
16492
2936
2336
21618
7119
8137
8574
1280
2404
1379
720
1712
5509
13623
5463
1598
2761
1891
2825
8842
2170
4318
1866
3326
2314
3111
1397
1760
1943
44295
2085
1396
10967
1024
3318
2878
3796
766
2021
1773
2674
2999
289
4326
1374
12835
1467
3099
12776
1109
2020
63884
19011
9307
1245
1886
29170
1892
1511
13264
1849
7231
2066
1865
35963
1898
986
1815
2394
2744
1842
2375
2170
1170
1595
2671
2237
5105
3371
2600
15628
2143
2080
892
1351
591
1186
2105
1409
3631
379
2190
2065
2062
3801
3252
4864
1951
2273
6981
1877
1794
2142
2832
1469
2538
1652
1833
1721
917
2044
32147
1585
1515
3339
821
3103
3269
2402
41268
2739
2419
1552
4480
1030
1240
4048
2096
15586
1561
2134
1625
1395
2536
2072
4328
3052
1850
2002
1567
1139
1510
1147
1106
2296
3154
2748
3301
12611
1273
424
1494
8180
19781
29910
2044
2231
29317
1868
723
1450
2621
5035
960
584
1303
1897
1030
3010
5940
2396
2622
1392
2597
886
1497
1949
23265
1690
3369
1533
47091
1384
2550
1675
2694
1928
20858
3000
2383
1296
2722
2661
2968
21461
2957
32769
9752
2196
6839
835
17075
2829
1754
1480
2028
7549
1956
3481
382
1428
2321
689
453
1667
2189
12486
1348
2154
1880
2253
5684
28517
1981
2809
10828
2378
12878
4592
2723
1102
3121
24898
402
1444
1909
470
2680
856
13136
16608
2248
2444
2047
3136
1024
2010
2848
1961
3179
7571
2405
2131
11479
625
4397
1640
2427
817
1670
1268
2202
1219
1291
2522
1175
2326
28759
17365
2746
9283
8432
2565
14653
1333
14553
12584
2094
3173
738
2111
2094
1445
5589
424
2117
1864
782
1627
2541
2163
1874
1194
3158
2043
10358
5142
3465
492
1510
3147
2080
5374
1824
8827
59682
2362
2480
8009
3264
9348
4838
2775
806
2002
9853
1396
3577
2750
1286
5023
2194
1226
1143
2161
16012
1979
2494
1880
1536
6170
1402
2017
1303
30220
6147
2106
26034
1360
1078
1208
1276
1562
1314
2321
4278
2083
2353
1265
1044
2156
2173
22554
1975
2913
1940
1137
1641
11260
1743
1208
19613
3570
4883
3342
1593
4904
2280
799
3591
1135
2119
1516
1485
13708
2712
892
2890
1468
6312
1940
3181
7040
24715
4046
2619
2527
1164
15992
449
4628
3065
2353
45408
9716
1562
1568
2637
1879
16672
21588
1320
3067
1732
50728
6404
2631
3198
1926
860
1981
11768
8215
12423
2086
465
1406
1559
2269
1263
514
10908
1209
34050
17884
1847
2146
12450
2285
1718
2155
1579
609
11213
26229
2259
16734
3472
2603
2734
9161
18885
15066
1783
3644
1918
1656
1480
12941
1680
815
1680
5867
1986
3013
2495
1654
1893
1309
1876
2982
2769
1504
2520
1256
1812
354
2929
2709
1936
10148
1765
2357
528
3607
7163
72227
9662
3707
12721
4938
1603
22649
726
728
10363
2395
14792
856
2188
2797
2534
5579
1713
1065
5504
13960
671
19939
13451
3423
1751
2428
2076
2222
1658
1913
2978
6833
2787
2606
3159
3365
2048
2282
972
956
2113
3093
1681
3338
3282
3110
706
1898
16786
14230
10267
2081
1556
1343
2934
16365
28839
3803
1914
1616
12972
7929
2804
596
6720
8306
1797
787
76229
13945
1719
4465
9076
14716
1776
21348
2253
1204
2458
1280
3677
17671
18598
40926
769
22818
9717
20639
20336
1572
3468
5626
2781
2659
65060
1332
1951
1495
1327
1594
1181
5904
28253
2817
1325
16680
2520
2527
2335
11290
3688
2320
4003
2564
1913
16747
52456
2317
2155
605
1607
2361
4588
2055
3595
1341
674
930
28622
1726
23201
2335
1913
1665
464
2829
1607
1469
1558
1332
2733
2516
5688
9383
1241
1546
3069
1373
1509
7280
2404
12811
9586
2619
10636
2324
17907
17763
1341
13292
1314
3625
726
2314
16318
39685
3277
2179
3450
4393
9056
5291
30881
836
1237
3147
2295
3407
2124
2273
7263
2287
22855
1296
11922
6936
1015
2709
2711
8813
892
1196
2042
1989
708
25000
1862
2564
8919
903
2850
2009
962
10565
3227
8307
1608
1696
8148
1754
6397
6640
2636
29140
1841
10900
1755
2218
3042
17027
2379
3100
2650
864
1679
675
2714
5940
2658
2784
1196
16002
13636
10561
1184
3160
1378
1862
2607
1878
3874
1665
1261
3185
7811
2227
1536
12193
3850
1975
1599
980
1493
24425
24323
2057
1125
9523
21243
24345
1013
1262
1426
2862
10774
2292
552
2012
3004
778
1599
1671
6532
2324
2964
2161
2194
16219
1615
1436
718
28321
21425
21647
1257
2696
6371
3167
1982
1891
1562
5224
1420
2701
5654
1279
1697
1200
26699
846
1106
2074
756
2601
1820
41974
8348
2873
2353
12115
2500
2410
3430
2542
1343
2043
1028
1129
2247
1291
2362
582
1785
2710
2417
463
16294
34704
3373
1823
2748
22619
21946
3460
1013
2156
2641
20900
448
658
3276
16357
1585
3834
16388
1171
2258
2484
1728
3272
2185
1977
1977
1824
80424
2668
70864
2005
10463
1717
1633
9788
1509
1288
2451
23517
2510
3313
3033
1419
11216
1192
2521
2079
1997
10943
13995
1559
1714
12795
43434
1387
1539
2038
2552
2468
2807
6797
1347
395
7851
4051
4437
761
17517
3074
2654
2837
7745
1588
13633
7748
2629
25863
2400
1965
5411
3181
3225
2048
2450
2623
20817
623
13785
38685
2019
5755
1272
2169
1829
2442
1293
1318
1520
2804
1831
21085
8289
1032
804
2745
12323
4261
44822
1873
1829
9671
6569
2525
6494
1074
4114
1957
1830
9360
18898
2604
1990
1107
766
1546
1299
3886
8012
1509
15983
22797
2718
1409
1396
2273
1859
623
10830
792
3773
3861
1753
601
1500
1204
1631
24032
2771
5290
1540
1730
2264
2157
2722
2694
839
2186
724
1694
4290
651
5655
5893
14847
2312
2371
1375
1708
2853
20801
3386
7125
27839
1698
13841
1470
28364
7725
2236
9804
2262
12066
8571
913
14170
2259
3644
4341
923
3189
1451
3416
1451
2150
6952
1254
1202
3584
8855
16332
2809
8662
6035
1393
2137
1031
2110
2351
2517
2030
3480
10247
2435
1882
2501
3933
969
2633
1936
2286
5653
4377
1803
28680
6549
1697
18787
2324
1425
9069
8245
3658
2661
27757
1702
2215
4834
10585
2417
2103
10531
2299
1360
1875
1695
22741
2279
1430
2886
13112
2937
520
7749
3710
20237
4092
956
3351
3413
1433
1921
18586
2268
20572
9744
2326
1031
1369
2757
1964
3970
2444
15779
2300
8020
2690
2671
4512
2465
4953
4307
3611
1646
10107
15476
7321
976
2265
3137
24257
2173
2543
2887
4746
807
15681
1688
1890
2138
1079
2053
2601
4979
1143
1169
1390
2408
1357
1682
1043
8270
3041
1551
5255
1811
2701
1452
1518
15839
2780
2338
7113
2050
3552
9376
6697
5881
2218
3115
873
3301
896
2170
3353
2594
1363
862
1854
2128
939
2623
2062
1259
2291
2155
9422
2007
2252
818
16262
2250
2027
6444
33436
3312
3338
2824
2401
1913
1557
3301
3118
1076
2937
809
2276
28644
3646
2105
20839
1006
6116
1317
27805
2725
8552
1549
443
1993
1048
1725
2484
1073
1902
431
2776
607
8701
2041
19418
1221
2830
383
1035
1170
995
7731
2575
2041
1460
2559
34892
1344
16453
1872
3177
4592
13476
18828
2367
30508
1560
1512
19536
8519
3196
2344
683
1254
3112
1922
16485
2351
1912
816
1945
2138
754
1020
2414
8263
16748
1079
2410
6005
12436
3111
3121
939
2531
1309
2206
1824
780
22625
2713
1473
1725
1508
1483
1811
1377
2173
2214
16612
40000
2319
3568
15378
3456
24060
2730
2512
1642
1790
2814
23457
26505
808
1110
11398
1560
12453
2366
1692
5910
1135
1743
1429
1527
1759
830
2034
1856
901
2271
1146
441
10621
1714
9890
805
13900
2695
827
11413
3365
1746
30621
46725
3373
2518
1493
23565
1090
4454
9939
74353
1882
1989
14221
2060
1772
1196
2177
3378
1667
1326
11811
5669
2647
1581
2558
1500
1745
25520
23551
1578
2373
1965
2769
2263
7699
1965
2551
2695
4075
1686
2493
8624
2440
3044
555
9413
1118
37356
3062
3346
7622
4107
1093
992
22985
1603
4563
1855
1200
15476
10603
1493
1991
16476
674
4579
1338
21752
29327
1315
2381
2273
1644
19196
25079
822
2505
29534
2092
21302
2519
5529
14084
7234
2277
2333
2798
6667
2845
15639
1819
2214
1459
2516
16654
1854
1281
1816
2735
853
18519
887
1370
1111
6242
2998
1766
3119
1502
1786
2114
2435
25994
3608
2157
3151
1949
2818
952
2515
1538
991
14773
1273
12568
1961
1347
2288
1019
3011
1785
1433
1711
1795
1268
3248
2966
1930
2168
21634
1760
2660
1869
2490
1447
5319
1588
962
6228
1559
2193
1270
3183
1995
3901
1556
937
4514
2107
1159
2578
2208
1986
921
2027
21243
3065
1536
10672
2225
2061
2816
1989
1447
3108
9454
30772
24711
1849
888
6670
829
2742
1905
2288
1393
2959
3475
1462
1079
3070
2619
2614
1570
1161
755
1101
1420
541
9728
1470
1626
1453
12857
1235
1673
2699
12658
6989
1895
2015
1481
1661
16248
459
1568
17887
2684
46023
3275
3677
7974
774
3283
8341
2581
18917
2384
42354
11492
1283
873
8019
8586
2461
1359
13166
1725
17303
1948
8356
3758
1508
9171
2174
1869
2345
1808
1220
1118
4046
460
1792
1073
1298
1607
1826
776
1655
14962
484
608
3578
13072
813
1545
1232
2765
5332
4330
3310
6753
1608
690
1841
1565
9099
1287
6560
1339
2553
1123
1815
19753
5529
3006
37191
10054
16009
6049
2826
1221
9321
1929
10887
2146
3008
2417
3036
6857
1399
1190
869
1098
946
10073
24789
3571
2061
3027
2017
1090
1462
8361
3433
3860
22684
2885
2027
4065
3002
2048
2615
12039
10896
2078
2321
3908
2338
2428
1154
13271
1488
15959
1246
6666
1755
26688
9888
35086
12029
12963
6241
2148
982
1511
22072
2135
568
1362
1114
1266
2324
553
1802
4117
4975
1853
16643
2433
1994
1931
1219
1001
3527
2944
2566
2229
24815
5197
1468
8591
1324
29954
2005
2016
2093
2303
1043
2354
2953
2486
1768
7230
57690
1991
676
536
3028
3348
1113
1013
1351
31349
1988
2769
7892
2213
2957
2832
2680
2935
12875
1664
2602
1003
3139
19729
15370
1186
3186
871
2405
12743
2569
2524
6336
1713
2874
16845
23020
2380
2532
12042
1034
4573
1687
1446
5997
1362
14697
11902
2108
2124
18801
2270
60879
1019
1878
1125
3472
2274
2210
1554
12454
3949
1882
1728
1524
1984
51434
2598
983
2322
1247
1776
2002
2450
8116
2455
1707
3871
16886
1298
2774
2760
1023
10495
1484
1142
24418
2120
1560
1934
1849
2805
8962
1425
1059
12261
2145
3187
27192
2159
1676
17162
2622
2722
769
3093
883
1046
2333
12082
7932
41748
2698
2204
20680
798
1575
2252
2685
5043
8608
863
2039
8228
2052
1109
2419
1663
2055
16159
3570
2302
2259
2232
1401
1999
785
2163
3001
3091
1853
8917
6104
2677
634
1008
1591
8807
2787
5542
8957
1270
21236
2523
3182
1142
3556
2363
2544
4494
3294
4736
15599
7428
3440
51079
11422
3362
4379
1341
12009
12055
1747
9350
1227
27963
15886
2874
1250
1998
1536
2394
9644
26258
1683
3703
1797
13645
6276
1914
851
13390
2386
29665
17659
3325
1720
2568
3119
2448
2262
1699
4479
18407
19476
1736
1556
1100
1684
2433
3507
13147
2846
2821
2810
3114
1800
10897
1551
9439
3667
1889
3099
14709
1723
2414
1582
1877
3075
1018
1786
1361
1190
1826
1980
4625
8766
1731
2041
6009
1896
1842
10767
15612
1069
1000
6998
899
2523
1832
12545
38383
2736
643
10458
1655
2849
1373
529
1500
1315
2042
38657
2532
13404
7873
2072
1583
24376
2662
1983
7326
1933
2765
2404
2555
2033
7056
8792
913
12222
956
1318
8807
1196
2748
57652
2304
2752
11327
6479
2507
3264
1707
10455
18297
1662
1526
1007
2702
2006
10937
3064
967
1259
1606
2255
2312
2238
2169
25569
1353
19254
3264
1426
2042
1051
14809
1260
2654
2610
13367
5638
14615
2434
18561
556
3353
2196
2174
1830
2228
1720
1666
1066
1095
17038
11331
2510
1184
889
12618
3216
2044
2113
1533
3215
2143
1109
6792
642
21150
2642
2975
10238
6151
22525
3498
1300
17109
2701
7067
19890
1104
2650
2434
2900
17062
16120
793
1190
1712
32013
904
1571
8119
3429
8067
2553
2438
1888
2013
1111
590
2115
867
4139
973
844
1431
2148
21499
2080
2490
1921
1844
3833
13012
12488
3095
2707
27615
2220
3383
6296
2837
2673
1687
672
11578
1129
1474
2072
8692
18253
2394
763
4251
2245
2531
1007
6316
12699
13455
3435
2325
1078
3152
2089
2958
797
13907
18059
859
38518
2037
44132
1881
2708
2976
1637
3794
1086
7337
2041
1236
1029
2816
6838
16257
4287
2331
16779
4784
2063
2614
7464
2237
1549
1389
876
1703
2146
11490
2444
1872
2369
1753
3129
1912
1778
1524
7856
1533
6308
1916
4018
3403
19830
1657
10866
2356
31561
2388
1217
1297
1701
23227
2262
561
1306
1864
1520
37368
2514
2051
1739
2344
1817
38174
15164
14813
489
19631
1549
2285
8606
897
1853
6204
879
879
655
4210
987
2583
1897
3507
13447
909
1574
4453
2744
12377
35982
4347
4155
3673
1186
2006
5562
7543
2639
6948
18701
2645
615
2668
6172
2080
22353
3391
22808
2539
3014
29873
1521
1427
9382
53660
5991
15293
3079
464
3022
2273
1086
1652
2792
15309
8160
1712
36107
9996
2169
23344
738
3980
2068
37239
1281
30929
822
9750
2533
1270
2584
2020
1989
2143
17835
14058
1960
24208
2515
768
2535
3774
2856
759
689
7625
2506
1951
1331
3447
2229
1798
1958
2369
12006
675
1312
1615
2943
750
794
6511
1183
2621
23307
1396
1624
1788
19049
1286
609
2515
6388
2098
31900
4180
2041
27095
1309
2811
2452
3149
2191
2508
16483
1881
1569
13037
2436
2391
2069
2541
1940
2224
2838
9760
17983
2181
1125
962
2454
971
1714
1458
600
1973
1441
722
14996
38481
1034
2227
3049
875
1581
2251
3124
11989
2825
1038
4058
12164
3120
2316
1651
3180
3727
2604
2089
2152
2671
1494
928
28821
7525
1756
1149
1777
11931
43484
992
2090
13508
15449
18148
2195
3212
963
1029
2889
44856
19297
24181
20586
2736
2594
1707
10323
1462
9368
1011
1093
453
1439
1493
16044
30923
275
3908
827
3981
14011
2087
1082
8467
1630
2902
1202
16902
3291
2332
25125
2411
28094
678
2398
648
1335
2722
1971
2685
2374
11033
2020
1852
2394
2149
1796
19831
1969
15432
3361
1302
1496
18707
1704
2828
1062
6724
2407
1869
1568
2430
5478
3028
2699
580
1389
876
9458
17046
1110
1482
2604
1045
1414
4090
734
2389
924
1941
3331
9981
2644
2369
1564
3267
3631
1343
1136
732
1028
5138
1461
18137
1475
1844
2694
2502
2297
7348
2885
2551
22110
17615
3260
2061
1981
1867
6292
2325
18674
24456
724
1798
1073
2690
34775
2337
712
2578
831
2562
2473
3563
1147
1539
646
3397
4260
1429
2437
11575
3151
3367
21087
2607
2853
1767
1780
1671
1462
1812
12112
9704
1910
8715
3167
418
16273
1846
1758
2970
9494
4121
2131
1644
2584
11276
3134
2544
18724
5355
1459
1740
2643
2100
320
1964
936
2605
2435
2561
1567
1723
2480
2272
2317
2657
746
2551
695
1573
2351
2283
11631
17275
2047
1803
443
1268
9325
12381
718
5066
1511
1659
1622
1881
60318
987
5545
3680
4753
2041
1636
498
1520
2856
3700
2153
3716
3903
2196
815
2131
2317
6217
2827
2420
2043
2407
1802
13695
2706
1593
1113
2372
817
4969
1028
1690
6721
24657
1279
1107
1681
1532
3460
1537
2418
2513
17944
12517
2612
15041
2899
1895
1960
1313
1222
23182
21178
28610
1996
2539
1420
2403
2209
1584
21344
19739
35391
30020
1757
1049
1949
3890
1654
2421
2839
3307
41846
1338
12796
722
1206
1666
1634
6781
18243
1070
851
2850
14444
1889
2737
3721
17316
8424
1830
1431
1993
1801
1460
555
13030
1767
5618
14534
2796
2117
3163
11116
1842
1036
786
2033
5982
9791
3603
991
1295
1038
1275
1927
15281
9378
2425
1500
725
1002
2658
1564
48458
2054
13167
1846
3146
11100
839
6143
821
937
1096
2125
1320
33972
1429
2128
23581
1364
2522
9880
1327
961
2151
1120
1867
6726
18748
2694
2275
537
10264
2992
1258
5307
2017
1285
3228
1032
2100
2696
2355
2686
9334
24432
1902
2603
2321
3285
2100
17073
2594
1411
1039
3589
1633
935
5519
2508
3235
2576
1395
5367
2063
3276
781
6207
3737
3775
810
2666
1905
7684
1294
3737
1490
1971
2658
957
595
2071
2429
500
2006
8242
1376
836
13942
1248
2567
2426
1962
10007
2572
2431
1833
2931
1996
2894
357
2471
1526
1452
3172
4264
1074
2897
1900
1217
2282
1607
1404
1564
45148
2832
1835
549
6042
14464
990
2425
2063
2086
12403
1908
2343
3898
21822
1878
1394
4453
1752
2332
764
1347
16650
2574
1771
1932
1964
2215
1156
1424
1672
2696
38351
2415
3198
699
2732
963
3891
946
6396
23575
12590
1536
2631
1467
21104
2651
1898
22751
1276
1875
2510
1612
1629
2208
1722
581
1474
2602
10092
1951
1651
14673
1953
1588
1904
2175
1228
20129
12693
1697
1139
1442
1423
1139
3723
1739
1047
1039
3071
12887
2724
594
1020
1773
1576
2663
1770
4335
2685
14169
648
2430
7285
2354
1524
2068
437
1801
2544
4415
577
1429
4534
3412
17294
27909
956
3964
8025
43177
1767
1982
1480
2787
2132
5445
2030
579
4682
3034
1249
5205
1522
57280
1100
35059
3203
2339
1263
3027
2343
12764
5907
1077
1151
3801
1909
2625
1472
1657
3206
971
824
1978
5604
1964
1242
19016
1481
5139
2409
2861
19310
2622
540
2812
19604
2691
872
2918
25261
1627
10044
3053
901
1610
3009
2497
1179
1090
1487
686
2769
936
8946
18786
1530
3643
1283
2426
1774
36060
1620
2679
3658
22777
2746
3140
1554
2136
5946
1050
3422
904
6585
7239
17462
4274
2030
2284
12361
15448
18696
29332
27031
2181
1896
738
18147
25636
25427
9231
1940
27037
1940
771
1457
2761
1815
1456
1103
3470
2139
830
14661
1596
22407
2485
1500
2397
3073
3053
3396
3685
663
1180
1984
24316
8311
2945
1295
10945
2363
1278
2142
908
4352
4330
7919
1316
2933
1425
2706
13558
1735
2093
1679
3475
385
1291
2392
1031
1882
2113
30782
898
1087
2228
17340
1487
18993
1959
1475
8719
2601
954
1203
3593
1959
1826
2669
1397
3155
10586
2457
2129
1036
2290
2313
5514
1199
1616
2644
11705
2200
2962
14185
13445
2173
2184
1504
2454
6299
1703
1028
15001
2404
2299
36021
15350
1505
10392
1745
777
2379
2921
1450
1616
1577
695
53881
12237
2082
1511
2364
2225
1981
21997
6446
3121
2443
621
1823
2406
4905
11795
15534
11939
1526
2717
629
896
29607
2339
1152
2689
858
1306
1348
27111
2869
2211
5084
27056
2217
2887
2689
15507
1698
1998
11872
4246
14313
3458
2609
3631
548
549
3376
10786
17975
1568
684
2238
14523
2193
583
22882
8683
10075
2385
2973
8917
669
7881
7636
2432
2450
2701
33612
2075
1897
1593
2597
1164
6128
577
1300
2717
1886
1082
2754
2352
2022
1951
4763
5867
2381
2443
11974
7026
6378
23842
12342
1233
3085
32442
1209
2227
18851
1761
1384
2348
1307
25583
13779
1666
2370
900
4016
1719
531
1298
7379
12649
42919
35582
1174
6486
1246
3759
2282
10820
2126
3358
1915
1585
1046
9206
7553
1129
1261
2775
2096
13011
3536
3031
1505
1009
4249
3370
2458
1363
1762
2373
12340
895
1250
2539
2271
5257
2184
2263
1465
5785
1604
13656
962
16043
1898
3176
29974
1594
1548
8109
1215
18995
6528
38052
1859
2584
2729
14756
629
544
49908
2636
3262
5968
1586
12815
1174
1171
10658
914
1278
2856
2535
1779
2453
9834
2098
4747
2182
2174
2765
1074
2773
2749
4134
4577
1779
1886
776
2089
711
21211
1169
4104
4118
2598
2640
2477
11852
3074
1233
1000
3739
1050
1621
38072
1755
3925
1490
1697
2456
1223
1503
1375
1833
1391
2181
2666
1075
909
1996
8073
887
569
25516
5066
931
1762
2530
940
2408
1975
750
1838
1903
496
1142
2542
1620
1891
1496
607
1995
1909
731
2963
1327
13096
2319
1561
7935
2443
27415
29758
2224
1270
1086
3006
14509
6138
10223
16000
2329
44844
1855
8672
1295
1800
9774
31299
1036
1652
1964
2604
11709
2199
1770
1346
12684
847
1724
46146
1605
36869
2375
48683
2104
5530
1744
1024
2051
2640
1084
1945
58285
17110
13377
5078
25031
537
2193
20443
2429
27664
1720
2976
28215
14253
861
8094
11578
8943
2176
1677
23170
3216
1974
1460
11909
1317
23297
1542
40858
3400
2028
771
1592
23209
24262
1691
4380
1447
1198
1196
1896
2879
3402
10469
2812
2054
2496
3022
3419
1484
2752
5162
2529
9335
1816
25380
15334
4638
39140
1843
2039
8911
696
2929
3970
2670
7134
1994
830
1946
421
1025
20250
1764
5413
887
2322
1855
2170
1565
2305
1773
1848
18241
1291
39857
2285
1596
24361
3734
1966
57208
779
5373
20631
1907
1549
2014
7214
1303
1563
42658
2081
1825
2614
2876
2852
2280
1745
16382
3117
2470
2883
39461
33751
10993
2610
12827
23742
1744
1888
5927
2345
6222
65663
1863
10531
19369
548
1215
4628
1449
2006
1293
2146
51532
39391
1481
1156
3277
2281
2721
773
2971
28941
28645
3917
1270
12640
2475
3236
4179
2191
6909
4620
42707
2448
2486
1448
26019
23009
4613
16782
1325
7547
1802
17073
3171
1676
64431
1950
2928
19205
26475
1055
1795
20335
1576
6291
958
4977
2713
2273
2112
14508
2210
1756
3809
3360
1268
2389
2341
2221
775
1217
1474
1539
1856
12880
1849
24169
13044
12724
1702
3250
2907
1635
1196
2310
9386
1919
44985
929
5354
1921
1759
2673
10443
6576
15370
6780
12716
4460
899
3497
2832
1857
2199
12866
6201
1344
13134
2274
840
1348
1304
1196
21173
7496
3569
1423
5180
18093
2272
12224
2536
869
1363
9317
7829
37315
331
2493
40874
750
762
1816
1768
1444
3652
1393
1953
42306
3809
1244
37765
24369
11027
2589
862
1454
1502
5049
1817
811
1336
17402
1409
5649
22211
2961
1492
1471
2204
1485
2704
1191
2181
2720
1966
6755
1029
1408
1091
2862
30328
3508
1279
1541
1592
1949
7507
6306
2019
4863
7897
1045
2689
1256
21351
18248
1327
1779
1418
2206
2411
1223
19423
2694
878
6198
33978
2290
1631
2656
2122
2564
8412
10926
25873
2940
514
2318
1506
7669
1157
806
3570
3031
3847
605
928
1024
1225
2663
934
2574
1851
2309
840
1971
749
1346
3795
15337
27378
3611
10153
13343
1004
24330
1624
2039
1968
2751
1973
1674
881
4584
1444
1242
1177
2150
17735
1819
3003
3369
2913
17244
1642
27153
3023
1001
1274
1727
2536
1879
2118
6371
1953
23321
1424
659
2352
1856
1718
2335
6762
2019
63485
1081
12722
4988
3613
16292
14158
3027
5792
1317
4970
1912
1571
23700
1825
2379
2165
652
2418
1618
1051
1170
2635
1188
3552
2413
1409
2757
1970
2024
2136
2021
2626
1197
1788
1376
2246
2565
1979
2179
2584
1224
23552
1544
1884
1484
2583
6293
2582
1953
1202
2535
1537
1062
13032
3343
5861
1974
1545
18242
8469
1792
1591
18410
2940
3512
4930
25413
1845
5955
2078
1870
2445
2341
1126
2802
2523
1066
2215
1137
2614
1089
13879
1635
3143
3629
931
1103
1800
15820
2408
27102
1362
1941
3264
3183
1437
2225
5543
10339
41419
598
1450
2017
922
841
1430
3839
2423
3193
5446
1162
2637
1361
2619
1681
2340
2226
2029
2274
1719
6871
2161
791
1455
537
8636
2718
1758
15375
17655
468
15206
2239
759
11655
2115
1917
2057
1947
1722
2933
25807
21465
7810
1337
2564
33324
20831
2110
20634
2288
3185
628
2958
2958
5550
17116
2859
14015
1375
930
1599
12389
33656
830
22317
1405
1596
2095
3356
12147
29074
864
1038
1879
2899
2718
2331
7421
1193
1635
1128
29887
1696
3061
12721
2556
27005
1863
18566
10937
2227
2983
26288
2386
6421
1475
2006
2272
2485
2412
6159
1035
2665
782
556
4270
1290
6622
8710
38371
942
1877
6754
2067
1494
2029
2786
26968
1956
11496
1171
2829
1881
9710
18458
34137
2560
15834
2431
2125
15988
2607
1709
1903
2035
17131
2169
2098
2592
2707
1617
2041
1320
9800
3467
39806
22071
2038
2649
2036
2396
1864
1070
12752
35805
2484
1709
2087
20986
3788
10261
1398
6731
1230
1007
1629
1366
1112
1942
1784
39164
3952
1277
2756
3655
2545
5171
2144
1118
8668
2115
6198
727
19711
1675
11944
1568
1526
709
2867
2078
5780
2497
1573
3072
2566
3836
735
2151
1944
1787
675
5426
8740
1774
14086
1188
14548
2612
22577
1764
15960
1577
3203
1389
1402
11786
2263
608
1447
3237
1658
23193
13524
2388
13560
2595
763
1844
1733
13378
2764
2975
3575
2999
5143
16728
2125
789
41565
1662
1874
1795
9444
15794
858
2242
2509
15683
1892
23186
3121
12019
7972
12139
1644
10840
1748
2295
755
1146
2954
1806
3933
12691
1143
1557
2823
1861
1507
880
1872
1226
19141
30605
2324
2626
1516
1656
21064
1880
11905
2353
2066
1017
3415
42812
862
2594
513
3313
1650
733
2536
1086
45536
2102
2256
17634
918
9075
762
1250
10195
10642
2230
2625
1970
18876
2286
31360
1184
2527
2826
665
1412
1055
3673
2328
64415
1134
24477
2364
1284
5069
3532
2232
10216
2496
1003
1831
1914
1558
2336
2126
2376
14737
2224
3366
1601
8585
1355
2535
1980
815
2487
13411
1344
2353
13940
17925
7857
1743
7908
30894
1945
1659
5465
3220
1223
3055
2126
6895
702
1567
1961
2065
1544
2001
1706
7874
1464
20210
2855
1355
753
850
2053
1990
2811
1123
1371
3797
25518
2187
36066
25050
7506
2591
1367
2898
7826
24515
1859
2446
1437
363
1884
3386
1803
5285
1098
8603
1415
1191
16276
1634
1602
9902
2471
2790
26952
743
1634
2433
31773
1446
1412
18624
3536
10369
6591
6433
12067
3400
2406
1661
2842
2165
1755
13701
2028
33833
942
1739
2774
801
22729
8535
12269
2507
2553
1754
5430
1098
13471
1858
2996
773
2707
2961
1589
1851
1707
8594
1624
971
1795
1927
6124
2038
1981
1220
9831
23121
1470
1555
1314
1994
21597
1511
21542
17913
16426
13386
1477
4677
2032
1788
12626
708
6423
1121
868
533
8608
7388
7116
7741
23965
4050
10782
1652
1490
444
1689
2448
1172
36740
10473
22922
2377
21518
825
2188
2600
894
3065
1274
2544
3942
2490
2030
21853
22646
2328
3821
17240
825
1625
8714
9321
1324
1415
1935
2049
3995
4182
36330
10324
1146
2837
2359
1537
3583
2708
5960
4119
16223
14654
4216
10038
3594
851
1215
2036
1555
6604
1248
1284
1493
11558
1571
2013
502
50312
18283
11857
5432
1340
2097
7720
3321
1473
6308
833
2074
1232
1253
1532
827
995
3534
4877
2364
2233
1408
2894
2647
2225
954
1411
13398
6461
8572
2127
28457
1211
21173
20330
2008
789
557
2175
1447
2592
806
1713
1333
3363
7780
2396
14887
3220
6725
2942
10000
2269
9994
1154
1100
18659
1159
3068
5296
2242
22866
12715
999
751
3843
3740
2071
1108
1747
2527
1299
10135
2315
2375
1404
3132
780
3109
711
884
1849
985
1807
859
2148
4184
14797
3729
2139
1073
26117
6558
1314
2114
1215
1898
23828
2884
2761
1453
1090
1837
1487
9804
1483
1502
2971
2412
2517
5925
3103
1963
19066
1228
7321
1128
2078
18959
39019
12059
898
1128
1713
2671
2888
725
2021
2811
1912
937
2675
3075
3030
3431
930
2395
10422
766
2253
1549
2162
768
23683
1366
2803
2315
3655
18846
2179
14008
44606
2270
1802
10631
2344
2321
3240
1837
15429
2702
1912
18536
2307
1531
4533
1849
1712
1332
6732
1445
2064
1549
2073
1141
8221
1773
1401
1683
957
6679
1238
2252
2441
2793
1304
2077
1666
1747
701
2732
2517
2220
3569
22643
1954
862
3232
2317
1819
17216
3077
922
902
2209
2346
736
1457
7381
694
2017
1399
1244
2676
33141
3555
1623
1120
1523
1016
1693
1245
2341
4112
2123
12354
2863
1396
2616
1425
49701
1105
1760
2556
722
9813
1513
1735
2216
7822
1706
2544
1611
1179
871
2601
14849
1775
2643
10367
21548
4989
2212
1861
2303
13136
2370
1156
2649
2079
1156
16982
2859
623
1540
60623
13266
2301
16967
961
1372
1459
11328
11538
2681
1946
2762
2855
20660
2954
14198
2526
2976
9050
2602
5527
1004
3886
1386
1340
22379
2050
2177
1236
1802
1630
2476
2081
2072
5504
2279
3719
2522
1332
1019
3081
1425
2636
1183
3712
3018
6200
2620
1597
5309
11996
2119
2501
6639
2751
3230
11248
1158
1764
1154
1752
2894
13335
8884
75507
2588
1753
9176
7278
40581
1204
7081
7501
1020
2877
3454
2121
7120
2924
3168
3740
3264
2201
982
765
1157
17339
15747
19087
1665
1004
11699
11209
1689
1992
1657
1937
2900
25762
2741
2090
12498
1507
978
1611
2378
2999
3674
2748
1726
2145
1674
2275
17477
16070
17317
1510
6919
1296
5383
1562
3259
1996
3474
1746
1448
734
33896
24189
2766
8714
23446
2518
1442
1603
2448
3184
2543
3180
1249
1265
15477
2376
6761
2012
1459
1443
2784
7737
4381
10166
2479
1881
3640
16455
3615
1031
1735
1978
15203
2029
3400
693
4652
886
11257
1301
35616
1924
1422
18321
2788
2172
3010
1836
5513
2926
10206
2506
2586
4001
1789
1652
9967
6692
5678
1942
1758
1032
1491
8651
1983
1422
1686
2603
1946
1634
1636
2026
1364
2405
1908
1729
26532
2026
1352
760
3058
1886
850
1769
15644
2591
963
1367
1770
1653
2217
1528
3413
3520
23866
2012
2686
2010
2949
2815
18465
1493
3167
2180
2094
12811
1115
1300
4229
5485
18561
2977
2050
2627
3322
2920
544
1451
1688
5171
2702
1727
1822
1635
51000
1189
25565
1728
13643
1184
2048
2829
3051
1865
13960
2977
2149
1459
1585
2621
3317
1134
3137
799
1147
1187
17958
1946
36337
13696
2848
1761
9665
1801
1038
663
1907
8129
27680
9262
3246
2042
1961
1463
1842
2284
2115
902
7520
2009
8528
7644
2040
1326
21558
7296
1525
2574
2687
1762
9401
4382
1378
1293
2115
1703
13230
1858
4459
911
1294
5891
10230
9847
1097
3159
6885
1988
851
801
2085
1789
1893
2378
1612
948
2418
1565
2612
1105
637
2250
1996
2915
1094
15678
20462
2101
3195
23263
11724
1715
3895
8963
12746
1698
2061
1607
1174
1562
2327
2511
950
2621
22579
6131
1613
13478
13222
1409
11551
1836
7573
15898
15471
1501
2908
8864
1674
1888
11807
1538
3028
557
1860
2595
1573
2465
2681
569
9000
2943
1893
2191
2266
3218
755
2671
2524
4214
6782
1573
1596
2241
587
2238
9401
1922
1772
686
2691
51963
1964
15244
15874
1296
2105
1949
21061
3265
4176
2087
8512
11850
1045
5543
2302
3349
1309
4501
2266
1296
8089
1334
1533
680
1389
1077
2450
9663
1032
1322
1159
16605
2732
3506
1841
11733
1431
6655
2521
7629
2399
3289
1393
5178
1942
803
2439
1618
2435
2661
1986
7825
2026
1269
1526
1279
10376
1908
2629
1556
1274
2254
7331
2219
1893
3803
3525
8391
2222
2254
1686
4947
12868
1543
5328
46644
2496
1242
4600
11366
2036
1796
26001
916
2373
1926
1481
2964
2168
1694
1056
37610
8819
1993
31852
13349
1758
2568
45140
1256
2881
2049
2103
2099
3459
1386
1379
1689
1691
2198
3254
55449
964
14937
1795
21211
1828
917
3789
1064
587
9420
2321
1403
9474
12096
46218
1491
4858
3020
2574
2208
2476
1917
1522
2201
2071
21760
1534
3053
2792
16567
2671
1801
2168
5777
1507
1572
4346
4165
1107
774
1411
1526
21980
2473
10636
28953
1053
2734
2595
2014
1859
34662
486
764
34326
1827
848
819
3545
2388
1361
2047
1360
1742
615
808
1750
880
3835
29840
20631
1847
2373
602
1194
1370
2146
2211
1720
2134
1744
1159
1199
940
1889
2881
1925
1581
3243
1254
1347
1790
854
1936
1913
16518
1532
1530
15099
2079
786
1959
2446
3141
18033
2063
3442
5463
1748
50421
4890
2703
1163
394
1892
1147
2809
15621
2330
1884
2978
2217
1127
20438
908
704
1436
5387
13963
4821
8340
1431
1132
1543
3224
2103
937
21537
2465
498
29418
2913
1526
3443
3083
1600
28857
2685
1530
1618
1232
1269
1306
6840
682
4990
2641
1544
1499
20734
895
1759
2156
2966
1535
2449
4847
2231
6231
1469
4080
2070
1592
1143
2095
2870
1165
18456
2166
58383
13527
13414
1207
5164
2503
1571
2623
2381
53677
2253
1044
2001
2031
2877
1388
2283
1194
814
1169
14237
1877
1121
3852
20424
1786
22115
1795
11660
2779
2874
1068
25280
23118
5261
2134
1980
2001
1445
4726
1130
4400
1183
6063
1054
508
11842
1368
10595
45216
1335
1271
2715
1378
2807
1665
21920
763
2637
2049
795
3090
2640
2360
5210
1083
9592
1474
3079
2494
1794
2794
4849
2506
1652
3303
9164
2954
3026
3407
3304
830
2577
538
1173
1744
4757
3845
1050
4023
1261
29132
1161
6231
1343
9774
8030
1338
1070
4656
927
1303
2042
2057
254
2164
1502
2554
1316
693
3352
2283
1923
2348
20725
2235
13132
2095
2087
592
25783
1689
1287
2775
2167
1924
20537
1881
2334
9582
2086
24226
1238
2813
1679
1935
7513
1457
2967
2059
2502
14058
3204
1014
2042
1922
2009
2113
1928
1770
4174
1825
21436
451
15790
3044
3237
3502
2685
7539
6323
4282
866
1725
22202
1315
1038
3400
2125
12934
1171
7921
17627
2647
12288
2896
27833
1952
1445
2810
1219
1608
2260
2986
1960
1788
2283
17467
26914
1719
1483
2316
4270
1918
1170
4307
2638
35965
48941
2013
1969
3689
2693
1295
2995
909
1077
1806
9859
526
3019
2306
7448
1112
2390
7399
2073
917
2449
6830
26086
2306
1648
2034
2595
3616
22264
3000
2321
12735
1185
13242
934
812
5923
28693
1696
9595
14497
492
1610
2273
13800
8656
1684
29109
1413
1533
1659
12956
1307
2832
1208
22262
2205
3351
2013
2155
2702
1853
3315
11752
31103
655
2020
2769
5966
16655
1976
9368
2879
1016
1944
1833
2274
2008
1943
830
1178
2534
1526
1083
2696
7001
2277
909
2234
3217
1012
1397
1847
12828
2804
6503
2663
2156
2701
1029
1903
1399
1775
3819
2978
993
1358
2068
2585
2634
2123
1252
23634
9458
29559
12892
1742
1787
8846
2317
2457
2115
10280
1750
1726
2164
1596
34396
3764
3339
6197
4109
1357
3711
700
1061
2201
52398
1804
2531
1834
2412
1980
1171
2232
22348
1258
17476
1893
1848
7856
7845
2935
964
783
3572
3200
2376
2971
1551
18421
2510
2555
2343
3530
1264
1338
26105
2535
1208
2104
1763
2496
1510
30003
2436
45909
1103
2872
20441
2301
2101
2376
2807
1421
1928
1911
1368
1486
5111
2673
917
1300
3199
4153
4832
15124
2984
2284
1944
38689
1359
19639
23254
2992
2024
22339
5105
2462
2708
1596
1901
1290
29753
1965
583
2690
1519
3269
1347
1591
447
3292
2679
2149
1260
1928
3567
2219
2928
8814
707
717
1413
3132
2725
2579
2923
3428
1194
11953
1371
1364
22844
11859
3528
7528
7672
798
2223
3866
26195
695
1539
10772
1232
8703
17101
1655
1262
733
1523
1277
2896
2930
2211
1211
12313
1970
1429
5833
893
36665
3080
1950
2859
2277
1504
5750
1850
2032
1935
1690
1573
1777
2821
2140
1133
745
2152
1586
22196
3182
810
33004
1960
1435
2633
11217
49598
2387
1177
1491
1267
2017
1917
1450
1989
601
1235
2527
953
1757
2168
2070
1341
9142
877
2495
2614
13222
1598
19362
3787
1238
696
1819
2966
1901
2169
27429
3064
1788
855
2125
1869
14425
1551
2796
858
1147
2350
3417
7352
5699
831
1264
2065
2922
9346
1084
3267
3139
1337
1304
1628
3743
1423
3845
3252
3456
12485
2254
1150
6173
2779
1886
10530
1359
27260
7474
1133
10903
1919
25936
13490
2740
5753
2325
2606
2595
3082
2623
1806
1805
958
3082
2255
2991
2752
2887
11482
3247
1772
1091
11505
24012
12476
3567
2374
3326
14683
1048
620
757
28239
8183
1780
26407
23432
2778
2256
1533
1469
2382
27221
2637
27708
1774
457
2039
1584
944
2061
2279
38802
24954
13254
1260
2214
566
949
1416
693
30924
2867
28297
2024
2028
1638
19391
1207
9392
1116
1747
3592
18636
1879
1714
10153
2341
1775
1153
2143
3346
9101
1067
8863
2420
1829
1685
3890
2380
2119
1355
3248
3376
19552
13956
16887
15133
803
2162
1843
966
1023
17339
2167
2410
2496
1649
10092
7531
1534
8815
7997
11973
2098
3035
35674
1838
2430
1565
1681
942
10163
753
12755
1811
2351
25328
1823
2533
5093
8096
1686
1277
2790
1503
1953
2470
1276
1631
1193
7576
1531
3655
2432
1313
1712
1082
1968
1491
2351
2033
3404
2345
1031
7199
2912
1746
1479
2157
1250
1083
6389
3744
1327
1467
3189
1429
3295
1637
9963
1359
710
3359
774
1600
3572
2812
2150
23875
2777
6278
28327
33058
2163
5003
717
23980
1316
1632
4198
1944
1807
1787
2793
736
634
15505
45105
2038
1748
2219
5834
1829
3123
10862
9821
2172
11870
2019
1911
15115
845
579
3198
2283
2392
1813
1422
1160
2492
2757
1407
1908
27405
2200
2030
1734
1296
10178
1796
