9143
8141
5625
7679
4580
8811
7274
2791
7532
3912
3533
9228
9414
8927
5282
9660
9719
5457
9500
8309
5191
5739
3342
9576
6064
8211
8681
6456
5201
7959
7440
3208
8015
5496
8573
4246
6026
8538
9406
8644
8174
8151
5256
3145
4533
4318
9325
7402
8464
4862
9965
2784
8550
4111
6820
4868
6588
4460
7202
5703
9339
8399
7641
6098
6415
4419
8435
7420
4682
6327
9008
4622
5965
7989
3174
9846
4326
8751
4509
7847
6444
9824
4989
7024
9150
9606
4318
3634
4941
6025
2874
5302
3326
6121
5505
7915
2098
4542
6321
5012
7172
9862
4926
6228
8046
5448
9841
5448
5414
6388
5562
5991
7918
7300
5957
9580
4974
3435
4799
9455
6633
3543
6581
9674
9450
3165
8222
9045
7688
5358
7204
9156
9980
7513
8222
4737
6927
5471
3567
8863
7622
7235
2619
5313
8223
7261
6423
6047
8888
8029
5420
5422
4189
9239
2957
5869
4335
8148
3718
8961
5672
3835
6618
5875
7497
2233
8493
3837
4607
4870
3038
4019
9325
2043
6003
7636
2803
2788
4698
3967
5428
7766
7565
7880
6291
9312
8772
7544
9568
5437
8741
6566
6025
6630
3407
8620
6338
7706
4408
8618
7723
4901
8393
5815
7734
7956
9997
7726
7949
6556
9349
5527
8291
9111
6822
5233
8112
4197
6026
3659
7662
6575
3334
5269
5502
4985
3912
5681
1704
7971
4098
9990
7866
4469
7849
9666
5755
9509
3623
8812
7402
4416
5327
5573
4760
7111
4439
9576
9161
4602
8993
5369
6902
8270
9932
9649
6615
3809
7558
8383
6554
3599
6042
7593
7977
7464
8131
5905
7685
5710
8243
8952
9593
5756
7257
5340
8502
8430
9216
4960
6023
7476
9940
4319
7695
6530
8105
3189
8524
9843
7760
3342
5672
8506
7921
5033
4828
7310
6642
7074
9760
7494
7488
9303
8255
6655
6936
5466
9529
8974
8588
8541
7879
9366
7922
1899
9779
5334
9384
5929
8415
8010
8905
3607
9764
2452
3083
8735
2333
5759
5197
4526
3200
6346
5928
5080
6414
8600
7848
4211
8078
8615
8708
9192
5115
9544
5804
9240
5927
8348
7413
9400
8814
6506
9243
3882
7422
9523
9358
8073
7982
6925
8822
5861
6867
5029
9911
5470
6794
9462
5654
6358
9246
6215
6085
8193
6934
6179
6551
7183
4668
2998
5034
7793
8696
9579
7195
8115
9230
8957
2709
5847
5547
8929
6439
4333
6096
2351
6647
8138
5710
5555
8156
6413
8048
2422
5772
1953
7774
6667
8370
3527
8350
8750
4842
8334
4975
8371
8019
7231
6409
7406
6468
8855
5236
4943
8783
8462
3575
5266
5939
5081
5655
9589
8844
8928
8455
9789
7331
5350
7058
7437
5995
8944
4245
9491
4447
4276
4009
7814
5121
6135
3601
6507
4794
4434
8656
6596
4856
9344
9497
9695
1642
4330
8934
4397
5685
5555
4967
7162
9078
8499
4800
4294
3605
9634
3678
8733
7202
2722
7785
4943
5900
9783
7516
7629
6432
4176
6743
7921
5482
8724
6839
7362
9391
8359
4624
8391
5258
8928
5239
4285
8464
8770
9644
7660
4485
7927
7136
4777
6997
4511
3176
4575
7305
6284
8512
6307
5362
7660
7104
8686
4810
4754
4558
7503
7078
5104
3951
9265
8277
9316
2149
4993
4224
7460
5630
6499
8217
2286
3179
6883
8889
9239
7905
5266
9419
9739
8577
9504
4121
7956
4273
5078
9756
5066
9227
5524
5472
8204
6619
4539
6427
9453
4141
6087
3578
5060
8256
4547
5819
3664
7172
9872
2675
6394
8634
9722
4872
6903
5751
6053
6377
8651
6772
5068
2971
8398
2648
4555
9191
9282
7056
7820
8167
6554
4864
5140
6069
6341
6357
4134
9710
8205
3510
8817
2303
5275
5393
9937
8791
6360
2846
6662
4930
7217
4978
3014
9880
2171
6648
8578
4518
6398
7096
9307
6594
7814
3416
1581
9131
2976
4087
4480
4897
5856
5746
9437
6615
4135
3641
7484
3318
8000
9410
8031
5074
3134
3581
7128
9628
8964
8157
8780
3924
9854
5926
8535
6060
9789
3743
5695
5339
8923
8580
7965
9718
9044
8056
9377
3866
9692
5319
8659
5550
6238
7808
5693
5443
4111
3693
3725
7775
4851
9174
6874
7768
8090
3838
5834
8610
6333
3322
6572
6075
8207
8502
8032
5525
9165
9561
6515
9629
6053
7091
5646
6758
4559
8870
5117
6641
9706
9314
7615
6775
4601
3643
5336
8131
5906
7033
8112
5247
7168
7094
3106
3805
4359
4676
8943
7191
7420
6097
8063
7586
9508
3186
9044
8088
8295
9879
4903
6209
4766
5495
8697
8272
2743
8220
8341
5174
6981
8506
5424
8309
8470
9927
6275
9867
9925
8837
9113
6176
7099
4703
9673
7868
2596
8060
9313
4296
5227
6064
7718
7495
8640
5867
8142
4834
6142
6198
8881
5725
8686
4077
9941
3886
9885
8277
7239
8089
4273
7923
8361
6694
6754
5215
7378
3718
4089
6198
7473
7379
7959
8265
4719
6092
7358
8894
8113
3787
7688
9959
4765
6448
2521
8181
7175
6920
9668
9839
6212
8259
6804
3792
3418
9039
5603
5941
9376
8530
4075
6317
6985
7494
8137
9572
6719
4536
6648
3669
8965
7791
6636
7674
6097
6295
7359
8642
9054
3881
8687
5314
6814
8544
7709
5955
7795
8334
4770
3881
6404
2247
9144
4106
9249
5100
4290
5756
7404
8011
6448
5025
5325
5540
8787
7343
3941
7406
4672
4490
1708
4818
9690
2990
7245
5475
4585
4005
4885
9786
5546
7627
9956
6365
6182
4676
2891
3375
6940
4848
7319
6982
9049
5197
5522
8996
9016
1599
9436
9464
6443
4389
8725
6526
5603
6546
3938
8809
6479
6581
8616
6018
9636
3511
8021
4954
9213
7926
6180
9265
6830
8992
4099
2971
4561
4939
7318
3604
9819
5810
3558
2743
9501
2739
9317
9693
7250
7391
7592
9552
9911
6111
8850
9788
5512
4227
9877
8169
6694
7080
8978
6122
7767
4015
9560
5901
8593
7786
3641
7114
8347
5467
5548
4864
3469
4830
6311
4508
3070
4692
7958
9677
7688
7199
8223
7925
2579
8997
9535
4017
8444
8359
6590
8325
6080
6067
4593
2974
4021
8195
9637
7616
7232
2951
3031
7470
5187
3542
7694
2647
8741
5688
3397
5618
6669
7400
8219
6704
5166
4763
7932
6444
9309
7586
5752
6753
9827
8232
4821
9282
6918
8680
2765
8819
9057
8864
6242
7519
6277
7754
2795
3609
6292
5726
2838
4237
8009
7964
6233
7180
5420
8271
4144
9754
8485
8450
2167
7449
3018
6918
3309
8742
7716
5367
8230
7141
8908
5397
8615
8481
8711
5633
7412
4995
9804
5585
3161
8372
9961
3928
2086
8630
9118
8496
2101
9101
3821
4228
4699
5389
7615
9561
3695
4223
8104
8978
6362
2492
6911
9423
8659
6000
6021
8019
8523
2169
5849
7589
6915
9985
3133
5369
8260
5274
6664
7495
6805
3967
7134
8388
8113
3544
4320
2872
7087
9620
7314
7874
8570
7193
7537
3711
9685
4693
7336
6388
8915
3980
8587
2927
4831
6275
5158
5571
4988
7886
6621
9237
6673
6926
9371
9431
9036
8169
9925
3445
2237
9184
4674
9978
7739
9893
7272
5020
7235
5894
3358
8830
9884
9763
7248
8128
9979
7152
5553
2857
3440
6199
4696
3051
2878
7084
5658
7502
9743
5089
5424
4130
2822
6691
1333
6644
4228
8911
8351
7457
1814
6500
4251
9181
4394
8714
8462
2467
7005
7253
8296
6240
8367
8175
7391
6505
8281
7975
3786
8215
7773
9453
7435
5071
3922
3180
6242
2587
8054
7521
9879
7006
8591
4659
9808
4143
5941
6888
7649
7033
9025
7302
7768
5814
7972
3217
6644
7412
4191
4934
6570
5947
5640
4977
7918
6825
4175
8130
8876
2876
8191
9468
4444
8300
9206
6662
3455
5166
6748
7805
5033
7961
5643
8598
5663
6302
8700
9111
7763
9939
6161
9281
4294
6331
8951
7326
7746
6614
8817
5785
7769
9804
3364
7342
9129
6665
7420
5453
8293
7875
9077
7126
6194
6196
7429
7642
4908
5494
8601
4894
9021
6236
6383
9525
7599
4835
2579
3171
6466
9225
3255
4988
4986
7841
6775
3966
5132
8706
5466
8269
9135
5024
9483
6766
9404
6677
6349
7344
8515
6269
7645
3327
6386
4400
8545
7769
7678
6664
5047
9514
3253
5713
8200
9924
4460
9064
9704
7080
8104
9102
3881
7556
8032
3983
5460
9449
3935
7529
8779
6857
7854
8168
6929
9257
8060
7767
5994
7271
7196
6833
5691
3742
5854
6658
9864
5797
8495
4743
2240
4780
6039
9343
5219
7392
8724
7672
8294
4736
7170
5519
8189
5357
4437
4646
6697
9446
6385
7497
6034
7374
7928
5029
8972
4197
4251
4589
6112
4389
4754
4701
4058
3762
7828
2240
8256
4379
3462
9477
6347
2516
6556
2500
9001
7885
6682
7508
6686
8732
8676
8734
6597
4710
5488
8538
9039
8943
5394
5110
3715
4184
6239
8122
4924
9193
5391
3217
5193
4563
6543
6820
8369
8566
7243
4757
7566
8736
7910
8719
2787
5843
3292
7918
5881
3839
9384
3132
8395
4094
9670
5664
9043
5612
4193
8296
5869
9798
7121
3466
7961
8958
3577
8170
8522
5855
7092
7313
5017
5123
7095
4800
9300
3886
8848
3915
6747
2869
6505
5137
8114
8101
5932
4550
4048
5182
7424
2655
6341
4999
8667
7131
3919
8488
3178
7536
2776
4528
8772
5975
9356
8226
8148
8633
8283
9399
7589
3704
9428
7846
6631
6388
7978
6561
6286
9071
6484
7054
5645
7885
3953
8537
5854
4052
9695
9419
9582
4238
6392
6000
6648
4873
6272
4317
8430
5450
6733
6552
6998
5318
5856
7379
9927
2260
5678
8172
5154
7315
8474
8299
4675
6872
7978
8538
3442
7108
4530
9632
3439
8465
9006
5531
7692
9337
3318
4907
7064
8378
4152
9139
9051
6279
9809
8068
4075
3267
8397
3287
2816
8057
8064
8044
9416
7586
5960
9354
5658
8622
5309
7860
5190
7138
5948
6350
7925
5408
5565
7441
8098
6938
7991
6233
2322
7523
7249
4458
2908
3622
6354
3971
4138
4453
5481
8964
7928
5749
7613
8791
7953
6877
8168
2838
3747
4302
3046
6671
2074
5823
7235
8211
9830
7241
3295
5745
2446
7854
4942
2240
8338
7184
7581
6818
4697
7565
9136
7775
7007
8750
5080
4718
9268
5962
4813
6773
9550
8796
6307
8725
9556
7347
8642
9823
5969
7322
5182
9853
4213
4415
5037
6424
6659
7331
7124
7641
5440
3990
7648
3452
6481
3455
5647
8973
4353
3423
7727
6328
3502
8551
5288
3648
5791
8852
4150
6298
8565
4744
6757
6612
5384
7451
5954
8251
2458
3620
5455
7344
3011
8446
2082
7459
9592
9490
9425
9731
6667
9063
2200
8170
3470
7962
3149
5865
6484
2743
4733
8540
6921
8949
9771
4955
7633
6002
2562
8117
8043
8127
8364
8697
6990
1901
5130
6949
6777
5750
6063
7425
6547
5255
6953
4953
2791
8609
7012
7353
5960
8876
3100
3499
7513
4572
4712
5886
2446
3345
7747
6117
9198
3733
6679
8676
6142
6003
7379
6469
9581
7809
7569
7643
7706
4676
9053
3642
7688
7140
7112
7105
7207
6839
6317
6710
5962
6488
7984
4527
8832
9239
9599
9678
3586
6727
9324
4788
6891
4211
4287
4218
5212
9327
5946
9878
6688
7711
3441
5698
6813
6261
7630
6922
5304
9707
8090
9297
5009
9103
5120
8581
3498
8266
6630
9817
6627
8369
8390
6894
7884
9740
5511
6598
3410
6449
7197
9533
8295
4989
6927
8488
2957
2826
4436
3985
4787
8516
9010
7382
8434
9667
9311
4250
6042
8093
7612
7929
9074
9105
5249
6397
2107
6170
4850
5917
5484
9006
3524
7790
2396
3591
7523
5375
7569
8345
8352
9687
5839
7876
6176
8616
6651
9010
8578
7601
9682
8061
8560
5606
8743
9414
9164
8577
7382
7204
4566
7197
2712
9111
5846
9812
7685
8378
4486
9008
7991
4911
6172
7228
7547
4076
5229
5835
9560
4301
8053
8578
6605
8849
7845
6745
7194
5956
5604
6607
6534
5481
4783
5304
9013
9749
7236
8668
8051
3231
2290
7614
8057
5519
7225
6330
8707
6486
6295
5731
9401
5844
4228
7294
5757
9106
9524
3357
7585
4957
6675
6733
5637
6938
4011
5029
8403
6456
2925
8400
8254
4955
5944
6123
6067
5941
9626
6972
8409
6252
6561
8940
8763
6704
8619
9565
4599
5261
7091
9891
8460
8714
7192
5656
4051
9575
6775
8691
2823
5718
6822
4795
5688
2896
2611
3736
9266
6863
4954
9448
6247
7565
6589
4380
5419
7872
8805
2962
8426
3060
8978
1637
6096
7981
9264
8728
3889
5144
9126
4988
6774
5550
5717
2888
7636
9639
6277
7030
9959
6773
2381
5650
2235
6407
6714
3080
7291
9366
3521
7474
7729
8838
2925
3245
6474
8817
8022
5162
7179
7085
3371
6162
4737
6360
7868
7667
6558
7102
8383
4586
9029
5549
8756
9124
8873
6684
7370
4286
6160
3034
5462
6726
6859
6801
5653
9696
5633
4701
6335
5169
2995
7116
6864
7280
2728
7381
7983
4371
5897
3588
8433
8803
8491
8100
8616
3513
5356
3851
8438
6588
9722
4304
7042
6245
5938
5903
6559
6959
3401
8723
9869
6898
6026
9673
3455
7425
8717
4710
6740
9289
6643
8698
5265
5554
2996
8192
6047
6270
9307
3720
7078
5870
9518
4175
3831
7423
3287
8564
7033
4401
7840
5224
8174
6048
8609
7608
9052
6432
8306
7313
5295
8826
7295
5504
7357
3234
6970
3879
9400
7003
7144
8654
5913
3927
6036
9265
7228
2207
3017
2913
4937
9035
9879
2474
8874
8869
4630
5153
9688
1498
8359
4265
3478
9834
7849
6865
7653
9882
1401
9861
5461
8194
7239
6616
8583
8085
9969
6251
2952
4973
9872
5286
6959
9068
5908
7085
8152
8364
9341
3879
2594
8068
7513
9851
6427
8839
9962
9009
9103
5376
2638
2274
6099
7304
9608
8048
6857
8009
4736
7536
5965
9234
9593
5618
7609
6411
6772
5879
7863
5565
2879
4905
4372
8667
6655
8123
3094
7278
7865
6672
8205
8129
3078
8387
6340
2819
7575
8651
6427
7905
6131
4422
7552
9866
5437
7372
8183
9575
6466
8986
8125
5111
6997
4733
5059
6998
5568
9252
9722
4507
8229
9260
5288
7426
9676
2217
6373
9759
5091
9988
8989
6602
8184
8087
6225
8594
8894
6935
6808
8928
9416
5269
8910
8537
8397
5134
6403
9496
7861
7815
7937
7631
6285
8998
2431
9032
4906
7247
3933
8346
4883
6570
7926
7061
7436
7113
4256
2867
9145
4289
7473
2984
4823
7665
7500
4892
6169
3664
9857
9336
5772
6515
3848
4156
4772
7774
9700
6260
7261
9717
9959
4851
7701
7791
8296
3752
3563
7175
8527
8609
7265
8590
5258
9849
6112
6370
9755
9485
7335
8931
7722
7907
6563
7070
7246
9957
5428
7249
4887
9130
5778
8165
4313
9817
8994
6531
9589
9079
4479
3292
8275
9411
6074
9089
2993
5832
6996
8761
8221
3308
3514
4499
9803
6405
7361
1346
8641
4392
8249
8196
5564
6419
4875
7812
5179
5064
7477
7885
6084
7382
6245
5179
4642
4553
2337
8032
6169
2963
3415
7656
4875
4040
6407
6043
9796
5679
6315
5854
4864
4183
5371
7312
4999
8632
1917
9649
6803
8316
6957
6138
4712
7167
6731
8584
9082
9791
4033
8970
3633
9807
9028
9444
8109
6759
7103
3500
8386
4564
6030
6688
5813
6570
2406
8732
8262
9794
9594
6106
6022
7424
8756
4243
8548
8746
8916
7471
4481
4896
7429
8641
9937
7039
7875
8204
7905
6767
2797
8118
6333
8291
9798
5942
8548
8128
7130
3788
9932
6094
6916
8451
3921
5902
4582
7231
8020
8529
9463
8051
9660
9279
3381
9418
5461
4467
4249
5895
6362
9972
9664
6094
6088
2386
7864
7366
8567
5271
7899
8273
4618
4752
4597
7169
4506
6440
4124
4521
9218
8686
8929
2660
4929
8774
4961
6371
4752
6708
4470
7089
9486
6840
3192
3963
7372
2636
7646
4892
9513
3966
8718
8583
9894
8158
6409
2855
7871
6406
4445
9323
8218
6772
8217
4941
4298
7277
4948
9273
9235
5191
8669
7235
5111
8650
9101
8304
6997
7856
9313
7443
9733
7903
4732
8937
6614
8058
8293
9355
8806
8832
6397
7687
8904
8507
9328
6584
4912
9077
8340
6348
9830
6067
9197
4025
7994
8203
4564
6679
8846
9491
4590
5970
3905
7008
3663
5292
4259
5396
3001
9423
9784
7236
6805
9112
5615
4755
6810
2256
9640
6102
6816
9477
6448
7300
5376
5143
6219
6824
7387
6356
5537
6662
7414
9871
8111
9472
9329
8524
6799
5300
5566
3815
7873
6049
3484
8819
8750
9398
9364
2898
5460
8591
3800
6585
4400
9021
6058
8553
8632
9229
8880
8504
6131
8918
3050
8261
2984
8917
7606
9698
2874
5032
4863
8430
5166
5757
5497
4644
3598
4888
5562
5874
9993
5511
8824
4307
5871
6637
4752
2861
3034
8488
8518
6861
5074
7154
7297
8610
8716
8998
5430
8669
8077
5704
3990
8741
3347
6543
8306
7755
2404
2785
4899
8448
8066
8674
7923
5480
8979
7332
5696
6616
6448
5052
3410
5481
5130
7857
6143
8406
8391
6912
7368
6741
5801
5189
3406
4934
9736
4452
9453
4897
7118
6040
9989
6877
8250
9313
9586
6736
7829
8070
6542
7810
5246
5167
7872
7455
7911
8816
8914
7164
8077
4074
8841
3110
6680
4574
6014
9415
5929
9342
8964
4424
5724
8133
9267
4426
8392
3758
8765
5167
9340
8707
9176
8841
8365
3333
6604
7287
3819
9311
4623
8469
2082
8881
5209
6595
7156
7567
6038
4813
7684
8128
6920
9378
9448
4381
7745
7943
6841
4360
3356
3235
6997
4279
9396
2094
5444
8185
9265
4712
8174
6916
6193
6124
9585
7053
5395
5195
7459
6068
8999
9901
5765
7335
6703
4578
5260
7132
7840
5580
9235
4136
9540
8540
7932
8537
7090
6750
2999
6769
9971
7967
9928
8450
9886
7550
6097
9379
3205
6369
8491
9293
4738
4803
8130
9821
8575
6990
9351
9887
2587
5969
6948
7834
7593
5925
6232
6050
8046
4459
9723
9473
6981
9749
8666
7640
8131
6867
3590
5187
7230
9950
5584
9360
6629
8985
9953
7863
9402
7265
6014
5964
8890
9252
4189
8454
3798
3529
3371
4191
4536
2108
5723
5833
2739
4782
7656
9639
8286
4564
7942
7874
3813
5342
9703
6102
4912
4291
7130
4328
9463
9974
5932
8076
6235
9678
2747
4332
9494
7909
7070
8584
7835
8983
9252
7001
8980
4016
7289
9846
6495
9006
3600
7489
6327
5877
3439
6365
5199
6233
8202
9464
3213
6448
5046
7505
5562
8381
9596
9177
7352
6949
2113
2350
5876
2350
7116
7917
8667
8211
9769
9000
6019
9244
5945
7002
9578
6593
3983
7105
3882
7363
3365
8001
6834
4705
9316
5951
5602
6652
5361
7489
2984
7493
9143
5174
8144
7376
9473
2705
7566
6106
6943
3871
3717
9000
7358
9130
5016
5261
9581
7397
9626
9050
3216
7361
3153
9778
4282
3027
4543
9424
4196
8065
3769
5305
4136
5963
7138
2740
7422
5839
7110
6040
6975
9331
7510
6536
6576
6636
7642
6421
6949
9341
8783
6259
7185
8504
5046
4528
7852
6232
4279
7809
5209
9981
4694
6542
1665
6472
8971
7065
9932
3560
9166
4135
5488
2604
7801
2709
9456
8549
1474
9143
9519
7011
5029
5410
9679
8121
9081
7686
4776
8464
4163
4434
5467
5425
6005
5533
7497
4900
3722
8016
4534
5458
9995
5457
8695
6961
4788
6557
7532
9959
6707
5431
9062
7355
9671
5517
5458
7099
3414
6821
8268
7885
5832
8280
8722
8631
7395
9919
8910
7817
9593
5964
7446
8808
7815
7688
8962
3866
6586
4456
7726
6550
2563
5208
8606
9392
8145
5407
5278
5611
9033
8051
5620
9184
9326
8542
3207
8404
4613
4915
7754
5964
2558
7853
7653
9686
7155
8980
2357
6407
6981
4972
7323
7603
5834
4297
9310
8132
3556
9473
9690
4978
4532
4433
8258
3245
6288
7266
8108
6753
6381
5388
2333
5484
8044
6636
8977
9487
6414
6423
4723
9512
8205
4117
6730
2025
3814
7472
5905
5253
8879
9026
1983
9918
3161
7315
6938
3704
4636
8033
6437
7147
9448
6343
6780
3417
7469
8657
7518
7116
3532
6172
6353
9776
3835
8870
6129
5768
7114
8602
6679
4651
2989
6449
8433
4930
8445
4353
6359
4975
5519
7927
3422
4957
7168
8080
3221
6148
2870
5743
2785
7673
3031
8610
4013
8434
3894
7886
7977
4330
7303
8049
7110
2934
7814
4984
9500
7785
8392
5112
9701
3242
5222
3536
4219
3759
4623
7706
3583
4247
6161
5545
8402
7206
9372
5899
8251
8896
5482
5465
9898
4545
7818
7114
9045
5591
5490
7051
3694
5423
4519
4440
8843
5394
3407
5966
3840
8294
4847
7304
4896
7357
9345
8629
5484
3866
5768
5883
3992
9769
4427
5538
6478
8934
6868
6706
8336
7946
8163
9375
5047
7349
9422
8372
7913
8646
6982
3447
8158
8838
5721
7557
7957
6436
4703
9872
5913
5225
6585
9768
5966
6409
9905
2648
7118
3032
6477
9858
5976
5382
4583
7665
7894
5515
4694
3151
7908
9367
6876
2932
5149
6611
7459
9046
3890
8106
1879
1827
6032
8003
7090
5714
5558
9821
9648
4948
5811
4165
9825
6426
3204
9427
4229
4117
7248
6922
3290
5023
6233
7959
4227
8906
3676
5271
3804
6408
5976
7390
6884
4773
3827
5916
7238
8855
9247
9756
9771
3211
9769
7042
8278
9383
5861
9090
9342
7804
7219
4142
9212
8039
7852
4025
2563
5235
7901
3126
6732
7650
2456
3628
7996
8011
5641
8558
5062
9805
4405
6668
6461
8568
8364
5825
9319
7737
3070
7564
6768
8983
3785
6544
5770
4304
3960
5214
4546
8273
4479
8492
5338
3123
9713
8535
2467
4446
8158
9696
7876
2788
6744
6124
6431
6233
8405
4324
8522
1678
8616
7880
5131
6967
5975
9456
8421
9066
9328
5435
4864
5260
3910
2907
6253
4021
3951
7830
8663
4509
6603
6425
2310
7251
6880
6907
5742
5552
5515
5254
7902
4576
9889
7466
8753
9983
6403
5855
7667
5016
3748
6951
6783
9493
3563
7606
9083
5031
2112
9566
6966
2709
8185
9342
5591
6284
7836
5276
6625
6936
7346
3503
9991
7510
5364
9226
3669
3395
8105
5726
6434
4443
9305
9971
7559
7611
9655
5624
9038
4669
9648
5940
5458
3146
7569
7292
7176
7275
5322
9321
8624
1639
3768
7160
8841
6354
6413
7648
8349
6027
7967
6101
8941
5675
5613
6329
7219
5635
8567
8281
5972
7174
4088
3716
9473
9152
4537
4890
4580
6435
9163
9631
3550
4554
5815
7335
8849
6636
5438
2968
4493
7375
6009
6727
6321
3725
7389
3672
6373
7172
5714
8251
3936
9083
8153
7016
6867
5367
5509
2793
2778
3741
7707
6249
8857
8279
9281
9586
8489
6311
4055
8559
7615
7571
3924
8591
7531
6677
6520
6676
6606
4978
6017
6871
9651
9879
5591
8970
6684
7874
9039
7378
7472
7629
4762
3518
7439
7753
8894
7276
5351
7651
8825
7378
3720
5415
2232
9099
8119
9011
7954
4026
6176
7278
8437
6766
8011
4222
7191
3166
8452
7470
3751
7821
4905
4333
8997
2122
9151
2956
9244
4826
6883
2166
6958
6014
4366
2650
4450
8577
7161
1791
9903
7539
9236
9027
7004
5375
6091
7501
5619
4215
5670
7495
5421
9903
5367
7913
7821
5786
6833
9502
6620
7537
8478
4326
3765
5780
6772
7251
6447
8375
7647
8105
4158
5438
5473
7791
8994
7509
6404
5657
3349
9138
7380
6922
1753
8417
2799
6646
9836
7620
3818
7688
8168
8295
8089
7793
6426
6364
8675
4863
7676
7681
5057
5441
3089
2116
2952
3777
8199
6515
9649
6868
4483
8238
6400
6403
9482
3477
6569
8584
4676
8723
7387
6279
2846
6866
7026
4557
7586
9302
8315
9709
4966
5901
9138
7128
4042
5360
9389
5361
3537
8625
7781
8345
1001
8723
8677
9680
8938
9561
9872
8426
8128
6801
5113
7768
1744
4961
4791
6372
4303
8430
7872
4823
8867
9436
8543
4715
8837
7287
4727
6402
4735
8374
8598
7345
9417
5945
9113
8658
8902
7489
7606
7697
7723
4635
9097
9128
7632
7285
3577
7434
8016
5700
4536
4879
9342
5306
9098
5410
7221
9487
6102
5368
3837
7053
7158
7468
8514
9678
9733
4416
8616
7165
8307
7711
5301
3358
5809
6347
5480
6254
6127
9189
8828
8723
7273
6657
6315
4283
3495
5928
9733
9660
1104
3750
8252
5098
6852
2963
5107
7697
6954
8778
6606
7397
6585
6536
9826
7892
4248
6095
6666
4463
7896
3883
7110
9154
7622
3514
9664
3621
7310
8592
4901
4943
6647
6416
8719
5003
8465
9972
9186
6290
8552
6148
9005
9586
8671
9436
5534
7713
6526
7923
2810
8484
9162
7700
6114
4854
7593
4652
9551
2651
3791
7919
6302
8939
6692
4556
3595
4196
5223
9423
5376
8531
8502
7221
7764
6903
4399
3915
7322
6090
7130
8295
6710
7833
4816
6477
8356
9177
9480
5600
4185
2704
9309
5811
8753
5967
8673
9606
9409
9950
4040
6342
4398
7707
6956
2382
3787
5154
7880
9512
7763
3322
4486
6337
8215
8569
7338
9143
6005
6204
6404
2338
5322
7240
8491
8050
7080
8629
4334
9797
7503
3714
8775
7409
7234
6501
5060
9018
3939
9878
3824
3133
4449
7897
6942
5538
6059
5692
9720
9785
8809
3988
5486
8210
9338
4032
8244
8754
3179
7718
9239
8871
8048
7639
6658
6382
6439
4373
5127
7218
6224
3138
4345
5613
4164
3084
6532
7830
9871
7459
3445
5387
7846
7736
2836
4787
4750
8261
9384
4756
9425
5033
3237
9241
2809
2427
6427
6647
8635
3866
6421
8319
9826
6467
6930
8128
8033
8971
5206
8111
5288
8784
5086
9428
5180
3874
3254
9087
4864
5597
8950
9564
3871
5620
7365
2788
3928
8777
9139
4818
8656
5661
6738
7829
6975
4570
6411
6577
9775
9830
9214
5830
8390
5652
9336
5023
4479
8895
5153
6834
3083
5692
7278
1698
8176
7602
7022
5449
4228
8008
9028
9919
4559
8103
9273
9006
5271
9131
5585
8381
8115
6413
6287
8077
7090
6237
5378
2786
6422
9755
7949
8554
4809
6336
9590
7508
9134
2041
9048
4134
3392
6364
9362
2024
1567
9331
5872
4814
7853
9942
5750
5430
6831
6691
5740
7314
8200
7983
3197
6507
7265
8560
8978
9855
8699
7953
9026
3889
7215
2314
7080
7991
4481
3700
7370
7703
9708
8734
2162
5434
7203
9162
8881
5122
3617
6399
3514
7731
5226
7688
4315
9187
7329
3338
9012
9511
7740
5985
7124
7774
4172
6948
9013
4862
7897
6816
9645
8174
9803
7320
7877
5383
6956
9080
5327
8580
5997
5423
9925
3979
6649
7121
6725
7112
2473
3783
5372
5214
5568
7441
8505
8761
9555
5947
9627
7812
7448
5809
4378
4248
9796
7619
7550
3303
9195
4965
5264
6611
8577
7765
8455
6195
5390
7555
6483
8698
7837
6658
9189
4465
5374
3839
3200
8361
3734
4263
6450
5384
7633
6789
5964
4685
7274
6872
5258
4383
2063
2214
7241
7458
9750
5991
7479
6042
7490
5481
4272
7551
9893
4363
5630
8733
4871
8750
6849
7013
8420
7358
6712
5423
8725
8001
2889
2456
9694
6243
4455
8002
9410
4715
7744
9162
4049
8132
6955
9011
6548
8405
5650
9017
4984
4438
2844
9824
5419
8501
5582
4425
9365
4260
7568
5733
5704
6371
8404
9009
4607
5366
6929
7507
3450
3876
5719
9422
2415
6858
8732
2604
3859
9865
2718
7131
5049
2735
7462
7248
3603
7924
8470
7247
8747
5805
5599
8990
5082
8966
7086
2220
7463
9396
8681
5212
3693
5667
7063
6966
7437
9807
2852
9066
4442
8800
4044
6746
9543
8587
8577
6569
6384
4987
9545
9332
3666
5029
9864
6172
3690
3270
7748
5506
8530
6893
9553
5221
7321
9476
6744
6557
9119
3567
2838
6129
4244
7579
7447
8492
5994
8341
8646
7244
6942
6375
5127
2958
8554
7368
3070
9374
7541
4175
7287
4734
2419
5474
5647
8788
8990
5608
6522
7026
5800
8701
6138
6053
8167
5879
7587
3673
3380
5244
7503
6537
5614
4451
6684
6482
6949
8341
5968
4891
3292
7444
6746
8298
9079
5692
2623
5900
5909
9922
8727
4469
3401
9707
5887
8116
7694
6434
6677
7289
8023
8714
4468
9982
9189
5228
8937
2845
9577
6218
6409
3516
7106
6330
8260
9756
4345
7059
9687
8549
6544
4953
5012
9661
1800
2595
2257
3959
5478
6524
8103
7124
9888
7578
7899
3126
7229
7404
4095
5080
8996
7427
5063
9358
8893
6058
6053
5241
9728
8973
7063
8669
8576
8334
5410
6720
7354
8530
3570
5326
6631
6315
2981
8462
2884
9812
3511
6501
5566
4343
9031
5116
9196
6235
3143
7276
6829
5665
7642
6960
1740
6852
8998
2613
3305
7095
6734
8160
4177
3320
3782
4668
4650
6758
9567
6452
4801
9082
6873
6988
8276
1925
8146
4763
2628
5218
5318
7898
8002
5996
4198
9913
3247
8465
9113
2905
8997
7663
9952
3191
8567
7544
8018
9210
4407
6822
8197
6045
4954
8163
6423
9867
4990
4002
6683
4187
4362
3006
5062
6515
7296
8044
7486
4555
9692
5619
6497
9196
8709
6312
6949
8736
3651
3890
9727
9429
9394
6931
3926
7120
8967
3760
8184
6122
7200
9862
7552
6021
4260
9086
8972
9705
5787
8984
4234
9622
3986
7441
9567
7563
3799
2884
3462
5475
8052
5171
3147
8554
5011
8483
9007
6491
5983
7837
8018
8219
4193
3198
8689
3886
5826
2608
9387
3852
5981
7414
6216
9639
6511
6738
9686
9511
8546
7161
9409
9161
5886
4286
8870
9237
9512
5850
8529
7162
8870
9534
5461
7102
6748
8686
9164
8131
5191
8334
6967
6699
7384
6928
7276
3144
4326
4702
6236
7757
6538
7284
3620
2897
4564
7723
4112
5131
2430
4801
7885
9117
2934
2947
6006
8407
9051
9351
5876
8859
7813
7387
9015
8545
4120
8017
7456
8990
7663
5623
5740
4357
7811
4756
9675
9606
6935
4019
6723
8654
6091
3665
3578
8286
8250
8213
3004
6195
5206
5745
3314
9746
6313
3697
8668
6758
6984
9897
3960
8512
7115
8709
7378
5897
7387
7971
6788
2978
6476
6743
4664
8916
6539
3744
8158
5563
5952
8306
9405
2103
5962
7345
9395
6607
8968
4627
4292
5958
8067
4942
8637
4596
9714
5958
5117
3453
4528
6452
6773
7565
7305
8094
8962
7600
8140
6217
6757
7025
2618
4239
8998
3311
6102
4253
9147
5521
8639
8557
8106
9435
5571
6455
5591
4628
5506
6785
5577
8357
8771
4310
8698
7035
5590
9256
5174
9283
8043
5951
5669
7548
6780
5036
2840
8627
2982
4016
7180
3608
9457
9831
8237
9502
8915
8953
4895
9848
3865
3100
5822
5948
5697
4216
9140
7482
4483
2591
6031
6625
9614
8076
9878
7792
8771
9062
3768
6580
5070
6340
6640
8876
6322
6974
8844
9543
2857
2748
4517
9016
5178
6068
5680
9132
9893
8528
3055
4701
4786
5542
5646
6429
9212
4016
9741
4890
7747
4090
9547
4009
6337
4432
3138
5463
7779
9908
9253
9421
9904
4418
8827
3039
6884
3354
7252
8743
9067
3641
7899
9724
3212
5655
9422
9298
9476
8534
8595
8383
4751
4112
5625
3852
7646
3792
5402
8717
5365
9407
3781
7212
6216
6121
9260
9697
7248
4223
5799
4735
9115
6104
6135
6874
5394
2541
4763
4154
8877
9621
7902
6437
3903
4187
7567
8595
5108
2751
8014
7331
3455
8777
8032
8432
4197
3871
7494
5613
8002
9933
2184
7778
6060
9715
7776
5161
7249
8472
6157
4566
7365
4323
3479
6111
4120
6675
9672
9927
7673
9894
4907
5818
4005
5728
9378
