2972
7947
6584
5972
6318
8266
5327
9047
9242
5916
9802
6773
6780
5370
7615
9177
6484
8396
7997
3456
4869
5987
5448
9229
9306
8790
5124
7424
9378
4481
4808
3510
4189
8545
2449
4542
4095
8192
7127
3106
1232
5602
5474
5378
9161
6178
5766
9573
8837
4707
4351
4687
7643
5155
8669
5555
7152
2726
5403
5248
4320
4804
6532
5642
2251
7892
6887
6671
6706
8007
6350
6250
9406
7334
8487
3451
8010
8282
4404
6801
5659
3236
4933
1688
7599
6693
5215
5023
9268
3166
6927
9274
6433
4471
7060
6834
3855
6855
6138
7790
8194
6674
5906
9428
4810
8548
6042
7719
4593
4575
5131
4431
4429
5081
4330
9628
4930
4390
5931
9124
4149
7322
8780
5651
8122
5406
9145
6058
6865
9248
6020
2003
2156
5682
4109
6624
6022
5811
5968
5098
6108
6459
3459
5376
7507
2450
3208
3472
1716
5220
6515
8660
8825
3379
7482
6604
5857
8898
7293
5976
3532
5328
2384
9531
9718
9369
6758
2644
5032
3354
8913
5054
9800
6600
6165
9713
3706
5428
5690
7487
7197
9041
7665
8791
8382
4919
5161
7371
4308
7801
7882
6857
7551
5117
7301
2209
3398
5086
6321
4593
9298
7567
4486
6053
5684
4932
9128
3427
4017
6099
1779
5163
6026
7371
5922
6060
4977
9581
7911
4076
3009
7125
7911
4764
3458
3273
7222
7878
7669
5018
5546
6146
5181
4590
8574
3052
3788
9190
6043
9613
2468
7556
9340
6743
8364
7824
9329
4227
8810
5495
4922
9003
8815
4975
7999
7147
6093
7097
8847
8173
5244
6846
7390
6794
6588
6811
4317
4065
6135
9423
7136
8793
7768
7534
6126
7228
8607
4993
4764
6294
7450
6783
4170
6173
1719
9592
8875
5140
2706
4737
7249
8457
4950
5710
4667
5461
5558
9722
5853
6697
6719
9763
6986
7921
3972
6166
8419
2907
2988
9055
7521
8087
9980
7539
3041
8670
6528
8342
4281
6902
8203
3641
2272
8892
7686
5977
5424
7674
3497
4592
5647
6695
5811
2966
7959
8937
4867
6642
4931
8171
6020
7233
5058
6667
8602
2485
9507
7276
7227
5741
8711
9306
6544
8553
4956
4880
7154
4213
8867
3168
1725
6152
8082
7132
7839
7578
6857
2924
5422
7772
9746
6954
8185
6539
9641
7282
4557
8873
1962
7375
8591
7001
7505
4705
5139
9067
8486
5199
2752
9143
9084
7474
8283
7849
5773
2567
9232
9474
6147
8955
9457
6197
9952
4138
9506
2498
8506
5634
4343
8180
7806
8013
4532
6811
9642
9014
6164
9933
8661
6686
5970
8509
1639
7978
8195
8567
9194
8615
8819
4739
8178
8769
7934
6064
9036
8297
7640
2645
8421
5465
5448
4859
3615
4903
4569
7435
5160
7825
3844
9012
5878
6970
9431
3962
7484
9349
5863
4511
6015
6948
7628
7169
9793
6423
3215
6873
7295
2506
3961
1631
2753
9913
4724
1352
7806
9961
8719
4870
8041
9967
6137
6359
7872
5308
4372
8330
7457
4827
4953
9182
8735
7687
4840
4963
8748
6599
6538
4475
5681
7287
9949
5266
5535
4828
9553
5033
2608
8138
9478
9356
8315
8600
3326
8877
6731
7445
5814
3675
2974
8839
2984
5456
4998
9448
8904
3414
5154
4527
4172
3876
8084
8737
1903
8403
7590
9564
6607
5508
8872
5495
4576
8089
8597
9711
4715
8922
6966
7791
5042
9026
7268
4082
9696
3959
5864
2681
3241
3439
4834
9724
5292
3649
3927
9097
4241
8956
4948
6675
7142
8041
6268
9001
7987
3153
3290
9288
9988
6850
4193
8740
3085
9586
3592
5007
7742
6904
5825
9077
8452
4754
9724
3495
8693
7218
3841
4135
3463
5984
7413
7101
4796
6734
3032
3135
7119
4967
8756
9663
5001
7701
8364
5125
8675
3829
7065
6448
2375
6541
4958
5033
7371
6471
9227
6839
8051
7065
8185
2044
8277
3016
4525
4924
3030
5825
7704
9096
6031
9308
8389
3973
7567
9366
5215
3953
3722
6344
8559
6554
9503
3834
8854
6989
7077
9880
8996
9762
4184
4494
8782
8171
9484
9082
6628
8530
7454
7369
7234
9604
9492
6996
9019
6375
5945
5005
8391
2721
8077
4600
6675
6718
7440
8050
3610
6008
4189
8814
8729
8496
8244
6303
8861
6218
3524
4227
9369
5465
4908
8809
7243
4815
7216
5230
7444
2595
6001
5346
4728
8354
8043
4585
5708
8342
9077
3833
8053
8839
3083
4168
4270
6976
9441
5987
3388
5597
9746
6918
6906
4972
6104
7267
6715
5358
7717
6896
5941
4793
3930
5299
4672
3154
8524
3807
5773
7370
8362
6060
5621
3811
9766
8593
3633
8621
5620
8774
6728
9279
9541
8496
6876
7703
2990
4671
5566
4133
6912
9758
8073
8574
9733
6251
3946
8206
7501
7358
7297
9297
5537
5953
8788
9385
4546
6800
7203
4908
5794
6706
8055
4488
7167
3789
9980
5491
5332
9523
6854
3339
9331
3211
4130
8524
4160
6688
5463
9935
7518
9733
9163
6983
4593
7216
4435
9591
6331
5907
6744
5499
6470
8866
5174
6601
7732
7242
5953
7962
8780
6854
6076
3898
5534
9325
9341
5620
6366
3881
4392
8131
6813
7671
6644
3524
6706
5053
8569
2030
3904
8170
6000
8281
9634
8547
4933
6707
5972
6729
3748
7290
4446
6287
7292
7337
5154
3805
8966
5734
9559
8438
6318
3954
9003
7438
3387
4008
8385
6601
6851
8937
3639
1038
8494
3455
3368
3825
2785
5689
7124
8485
3808
5074
6320
9490
2577
9699
5822
7593
8712
3338
5651
7779
4848
5414
3173
9376
3656
7186
7985
4953
7750
8967
3993
6383
8920
5175
8249
9313
6894
9901
8941
8471
3466
7593
2584
7763
8283
5231
7513
7957
2851
2440
8067
6723
5092
8704
6819
7510
5532
8358
5514
6910
6577
1499
5614
9735
9926
7358
7056
6653
8311
7273
5284
8541
8362
8912
5060
1496
5480
5989
8797
8145
4070
7044
8396
5585
7685
6325
9213
7077
7919
7554
2208
8119
2903
3940
3866
9603
9012
5307
9186
7578
3880
4205
4111
5187
8799
7379
8095
4254
8551
6499
6714
5117
3511
9343
8914
7418
8052
4626
5886
9072
2975
1692
8038
7784
9229
9060
7402
8536
8400
9139
5923
7763
9479
7261
5823
3398
5665
8067
9224
5744
5855
6084
7805
2995
7448
7967
4416
9928
9898
5987
5179
5338
7838
6956
4492
7181
8681
5952
2553
2723
7072
7822
2140
7116
5377
5141
4365
6284
4314
5625
3477
6935
4043
8671
8954
9425
9116
3817
8422
8485
2479
4044
2893
5225
6872
5917
6310
3948
8949
5073
2476
6633
5113
4760
5814
3391
4250
7843
4117
9675
8342
3913
8117
6633
8259
9592
2661
8578
8047
5281
7591
5069
8597
6895
2356
2863
9429
5911
5365
5665
8863
5810
7749
9557
4562
9922
7489
7136
4690
6989
8999
7695
4185
3458
7756
9298
2875
4235
5981
8782
5509
8538
6420
6290
7273
4022
1636
8382
9459
9214
9815
8698
6421
9667
3784
9114
5362
7231
7594
4720
4462
6222
4225
4248
6616
8900
6726
4651
9814
2370
5591
8465
8671
9035
9372
1749
2022
2158
7421
3625
4617
7883
7472
5368
7422
4731
8641
9950
5525
5655
2662
9816
7675
9969
1918
2727
9808
6624
9481
8721
8035
5252
9072
4565
2705
7618
8574
6534
6011
6704
5575
3626
3579
3627
8039
8329
5553
2493
3595
7281
6995
4329
3041
8903
2080
6609
7956
7273
8075
7669
6372
3903
9384
7198
6106
5983
8886
8310
5550
7538
8825
6399
4811
4686
6817
8063
2323
6767
7843
3572
9345
5527
6618
8940
5339
9493
5752
7919
9066
6367
6432
8807
9595
5621
4485
2483
1841
7995
7080
6737
3263
7131
5456
3586
6554
8349
8568
7148
4547
4854
3327
5962
9586
7353
7771
4465
4341
9313
5478
3883
9188
5407
6473
9776
6178
5268
5710
5551
5850
7346
3138
8857
9626
3098
5170
5213
4269
5992
4862
9452
3370
7370
3388
4961
9252
6658
7812
6622
2387
1842
3493
7946
6654
8083
9983
5924
6658
3755
9881
2786
5896
8606
6198
3197
6932
9838
4108
9911
3172
8040
4067
9106
9428
7051
3970
8612
6635
6780
3109
6836
7938
5520
7038
7743
9346
1817
2937
7897
9343
3852
4609
2618
7093
6591
7488
5220
5371
8779
3983
5234
6353
2522
8060
9536
9969
3077
4251
7592
5383
1977
6887
8692
6233
2942
8951
9589
8998
6517
9066
6956
8435
7580
5010
4585
2914
8541
5187
3554
9086
2951
6588
5939
4976
3388
5651
9744
9798
9081
9895
6246
7753
8401
7523
7435
6100
9029
3726
5940
5191
4781
3276
9041
7193
5841
9073
6494
5086
6161
5439
4393
7157
5424
6569
9925
1471
9303
6090
5774
7651
4429
7143
7880
9630
7703
5112
6913
9614
4026
6046
8902
3520
6763
8857
3229
8035
7037
4419
4672
9740
6456
4813
4810
8919
7251
7493
8538
5516
3927
4471
9377
9950
4284
9723
2208
6215
8222
9934
9473
7040
8438
5055
6765
7869
3786
8595
6610
2855
9342
6904
7504
3757
7837
8935
7174
8864
3624
7546
6491
8595
7680
6118
2657
8161
3766
6055
7837
3312
6646
5530
6171
7753
8529
9466
5252
6820
2756
6484
7380
5961
4036
4179
9578
7942
5347
4208
7992
6676
7993
7576
8107
2440
5871
8405
5997
5803
6655
4620
5399
8650
7224
8191
7711
7268
6953
5833
8409
3002
7308
2514
8641
7373
9345
8827
4402
4377
4939
7479
9915
7186
8328
7873
4130
5107
4963
9693
7616
5419
7769
3894
7959
2971
7996
6004
4948
4411
6683
7555
5999
6554
7182
9113
9670
6918
4168
3628
6329
9008
9421
6856
9576
5795
8763
9079
4911
8137
5104
9774
6280
9376
5559
7237
3561
7143
8620
9810
2194
5926
7078
9237
4917
7336
4713
3204
6218
7551
9288
6855
6665
5926
5424
9168
5674
5258
2680
6096
7590
8092
2405
7548
9189
6065
9407
9791
1872
6252
5075
6618
1823
8624
6852
6782
5680
4300
7873
7511
6896
7855
3641
7786
9067
4295
7731
7763
6630
8971
4677
7388
5161
3156
6938
7482
4723
4085
7085
4915
2328
4657
5891
6911
5461
4427
3763
4053
3514
4530
2099
3936
4087
8416
5092
8953
3735
7356
8008
6427
8083
7090
9879
5580
7699
8276
9404
8764
5892
9707
8066
6898
7663
5226
8767
6759
8296
7547
6998
5783
6815
8580
3134
7587
4271
8679
8780
6399
6969
2962
7161
2748
4612
6423
4329
8814
9320
8584
2850
7502
8317
4042
6751
5555
8461
4896
5651
5461
5654
5725
4275
5634
8712
5854
4858
9279
6220
8923
5990
6887
4970
5340
5442
7565
5718
7562
8001
7984
8322
8628
4337
8267
5747
9876
5305
9196
7748
7802
2390
7873
6600
4594
7266
5856
8340
5531
6064
4968
3199
6084
3580
9632
2794
3775
4396
5333
4627
8134
8642
1657
2050
3054
8105
7544
6791
5924
3686
9920
7323
2895
7031
7098
7851
5532
7707
6515
8560
9256
8727
2519
6023
7911
7848
2138
4045
4798
1718
6955
9726
8101
8919
7862
6554
9222
6989
7002
7635
9850
4874
4179
6656
9650
8559
6875
3185
8197
7499
8088
6623
3484
2053
6722
7351
8004
7385
6691
6741
5693
9902
5380
5043
6667
9568
6760
9750
7009
6462
5849
4657
5145
5568
9997
8832
7273
9494
8415
8081
3420
4993
9373
5737
7470
5818
3818
7976
2514
6348
5445
8753
2432
6780
4345
4677
5709
6545
6986
5447
4996
6927
3705
4568
8703
5342
7855
3541
7074
8546
5897
8279
7511
6876
8028
8412
3042
2087
5879
4899
8517
6126
4019
7135
4595
9859
5241
3353
5782
2886
6115
3189
9620
3334
9374
5755
9151
3788
6398
5036
8083
8249
6154
6998
6643
4315
2793
8912
5821
3138
4055
6950
8835
5539
3760
8134
6702
8880
5011
9748
9138
4658
6441
8819
7022
4752
7165
8446
3600
6402
9993
6154
6124
9028
7703
6670
7515
2884
4347
8263
8091
8232
7420
7389
3162
8378
6477
3562
6810
7756
6434
6773
7606
7018
6779
8334
5959
5660
8180
8876
8122
2329
8265
9598
8055
9659
4580
4214
7479
2116
9167
9091
9846
3131
7657
5212
9113
7273
4565
5038
7845
8852
9451
9650
9466
8236
1705
5042
9937
7354
7774
5594
6863
9071
9140
6428
8296
7186
6174
4567
6537
6771
6468
7245
4508
6480
5707
8507
7071
3902
3929
6780
5724
7872
3457
7519
3271
5604
4218
9989
9498
7887
8909
5328
9168
5298
3206
8316
7083
4089
8982
5698
5208
7011
9110
7321
3188
8648
8783
7227
8791
9080
5793
2324
8644
3075
4405
7512
8599
4711
8727
4183
3916
7705
8931
4809
6414
4388
8068
4126
7668
8481
4920
7934
8388
5200
3930
9346
5518
7856
8960
3501
9303
2726
6962
5264
7857
4387
6273
6700
6967
4466
5048
5722
6538
5139
6461
6900
3667
1949
7749
6444
7810
4647
8353
9429
6753
8663
5216
6483
7913
8569
3888
5695
5152
6318
7436
7692
6711
9384
2488
6666
8796
8452
5075
5105
7558
7313
3598
7478
9966
8250
7456
7931
8483
5793
3061
7320
9424
3703
2230
5934
7235
7329
6476
4815
5492
3121
6797
4607
7535
9802
3026
7061
7733
9104
5448
8443
2181
5415
9981
4097
8769
9792
7893
9946
9065
2186
5789
7081
6190
8616
9998
5388
2984
4671
9392
5929
2583
9800
9920
2355
8721
9383
7550
3846
7803
6933
3484
8042
4793
7861
5640
6687
5118
4416
9818
2758
7138
7495
5957
4155
9812
6444
6656
7917
9022
6010
8842
9080
3770
5770
6461
4780
8045
7578
9478
3497
3633
7666
9191
9263
5866
5730
6260
6192
8860
2520
3528
3717
7028
6939
7960
4298
5295
5634
9957
6901
9562
7049
7847
7600
6321
8130
4230
5184
5455
7481
5376
7503
8911
2857
6066
8182
2725
6173
3905
5352
4989
7069
8072
8547
9801
7161
7683
4096
6920
5178
5929
3714
7472
9291
7505
7869
7882
6031
8913
8970
3180
5375
7587
7413
6474
6478
3831
5693
6321
4145
4332
8823
9783
8173
8687
5566
2878
9844
1638
7480
8935
9418
6491
7321
5380
4411
6747
5620
5054
6817
3193
3469
7571
7273
6840
7630
6637
8626
3758
6300
5861
4696
6785
3717
5221
2663
3234
7408
8677
9457
2407
9241
1845
9434
4375
4823
7834
8983
3426
5419
7055
9135
7406
8928
5332
2417
6644
7527
8169
6602
6014
7893
7597
8625
7555
9519
9015
9031
8975
9219
2784
6324
5772
6500
6277
5938
3287
5119
6488
7015
3977
8208
6818
4649
8979
3961
9390
9384
8858
5254
2141
5081
8465
7041
6294
6572
8858
3645
4745
6867
5426
4060
2978
7781
9504
9243
8130
9284
3898
8986
4507
4321
7999
9709
8798
4264
9770
9896
9369
5846
8046
4555
8934
5247
6069
7788
7211
4207
8332
6694
2501
7451
9355
7483
9184
8290
2822
9628
3862
8551
8190
6570
5251
8395
8845
5297
7419
7158
5491
7684
9460
4135
9471
4061
3086
3551
8957
2971
4905
8313
8308
8369
3229
4527
5763
9151
9117
7053
8539
3740
6959
6848
2725
3084
5147
5558
7763
8384
6442
8045
4538
6565
8841
9662
6269
5582
5991
5724
9381
9852
6855
4087
8045
7565
4067
8826
6470
7214
8905
2322
2424
5832
9200
5342
3485
7034
6111
2712
3702
8578
3534
4418
9231
6113
7392
9818
7229
6059
9212
4163
6329
5519
7009
8121
7049
2118
9049
3462
7468
7097
4546
7782
8825
4593
1382
7298
9349
9399
7163
9035
6331
7659
8443
5678
8947
6184
7259
7489
5015
4545
6959
7436
7327
7024
7440
2249
5477
7811
8629
2757
9877
8001
9705
9076
4473
6561
8908
7955
2175
6273
7930
6080
4765
6082
9658
8460
6262
9599
4206
4205
3945
4888
3879
8537
9099
6931
3502
9795
7515
2747
2262
4577
9799
5118
3691
6958
9143
9821
5338
3561
7630
9559
8261
7474
6924
6002
5161
8396
6411
8134
3954
4357
9211
6118
4603
8767
7650
8192
3635
8724
5204
6452
8553
8350
5134
8724
9985
8636
7894
9896
7953
6157
7660
8994
7771
6379
5129
8463
7159
5880
9477
4954
6574
8078
7478
3929
6522
6700
7929
9917
6733
8992
8216
8857
5754
3578
8556
2526
6734
5510
3455
8361
7140
7947
6283
7996
7771
6855
6738
7423
5414
3301
4968
3911
6384
6440
4626
2356
6947
9287
4935
2748
5381
8517
6872
7379
7198
8793
9057
6823
4120
9614
4952
8076
7191
4893
7398
5687
7059
9523
6961
5216
6689
6246
8051
8205
7402
4772
6087
7841
7610
8088
4488
6729
8854
9047
7916
3857
8401
3077
4740
8526
5224
6804
1972
9168
8897
8815
6918
9902
7002
6873
2239
7925
8048
5546
3503
6835
7918
6784
8958
9453
2493
6380
9657
5455
3673
4703
4941
4150
7178
2821
7332
8508
6857
7096
4578
3506
9733
8349
6293
8333
6118
4826
8173
7273
5506
5452
8781
4753
8317
5302
9437
7892
4246
8202
4556
8125
5694
5725
3693
9643
4713
8585
6702
7756
5281
6871
8368
6265
5602
4331
7993
5881
9558
4821
6289
7321
1512
6945
4812
7042
9574
3029
9799
8609
4580
7509
6140
8126
3713
7088
7393
5360
7221
7568
4349
5903
4053
4171
2055
2462
6632
7006
4737
9695
9453
9260
6805
8679
7971
4881
3981
9661
7611
3932
3111
7251
5545
7208
8233
6875
8492
6692
5494
7218
6037
3938
9097
4906
6204
8575
2597
7449
7688
2854
9465
1710
6590
5318
9333
8002
3182
8796
9848
3921
4297
3375
4984
6733
8993
8316
9835
3748
4790
4024
7231
7308
9874
4892
4202
6563
2538
7157
7813
8220
6186
9085
5873
7943
7796
3755
2932
6405
5466
7878
9133
9239
7261
1836
7360
7991
6186
9391
4251
7944
5568
2440
6199
6871
7814
5953
9051
6605
6212
5546
9802
8767
8671
4824
8433
6667
8624
7319
8249
4060
5910
7407
7766
9494
6653
5699
8269
6603
9455
6408
3377
4764
6430
3424
3927
4776
2652
8868
6915
6576
4375
5574
8877
8096
9104
5793
9298
9768
3866
7910
9451
6637
8848
5998
1759
7458
7591
3597
3475
6604
9200
6544
7464
7897
4448
4072
9345
5260
8632
3687
7272
6020
4069
9292
8133
3852
7211
5492
1770
6493
7635
5974
2823
6507
5842
8170
6773
7881
3263
8102
7382
9616
5824
6904
6932
9748
7477
8498
3925
9241
8434
7472
9255
6323
5336
2806
9144
9464
7630
2728
4829
7267
9921
6781
8949
7983
8483
8119
7791
5169
5390
9407
2919
6449
7143
7922
5552
9430
5944
7429
6606
3225
8694
3391
3441
7792
7173
9561
8388
8151
6934
2672
5426
6875
7502
8757
7084
4911
4007
4368
6816
7705
4496
2253
5529
7381
5276
8295
3099
5498
7747
7775
8867
3684
3827
4539
9755
5187
7754
5503
9859
4673
9934
5871
9575
5336
9983
9037
3877
4175
7749
5776
2176
4864
8863
4086
8240
9395
8408
5881
9236
8587
8700
9841
6173
6854
8068
5290
2990
7993
8519
8400
6643
3546
6768
5081
9075
4976
3851
5688
8544
7911
7787
5055
6449
8613
5886
9755
4794
5614
3528
3519
7124
9349
8429
3591
7145
5837
7796
5838
7951
4941
7165
3545
9466
3255
8179
7614
7634
5749
8900
8764
7651
8914
8216
7060
2675
8548
2044
6986
1986
9827
5074
8311
5936
4146
6868
3622
8132
7084
6813
6961
5448
9410
8609
8368
5117
5650
3580
4028
5830
3113
4775
7977
4064
9144
3565
7308
5969
3456
7519
7042
2865
8656
8659
4748
7057
5976
4889
7279
8884
7294
2695
7844
7965
9507
5153
7469
9723
9563
5048
8706
8130
8253
6693
6559
6361
1731
5143
4044
9730
9571
8783
6188
9099
4025
3260
7539
4043
9026
1018
7749
9245
9664
8907
6990
8637
5544
6353
7701
8140
5123
5280
5799
4535
8014
8679
3198
9855
2022
6030
8479
3213
4045
5657
3733
4319
7536
4116
6880
4812
4678
8079
3906
7689
5613
2993
7818
3920
7929
8772
3557
7470
5189
3090
5911
6386
9966
6827
9932
9647
7298
4482
8271
5086
9820
7406
8370
7963
8467
6681
8552
5088
7247
7812
3089
4339
6494
4547
6971
5660
6568
3172
5541
7911
9742
9689
6222
7244
5699
5163
2665
9431
6355
9492
9229
6145
8171
4402
5051
5531
3142
2774
3951
9797
8354
2154
6860
5597
8165
9307
4928
6820
5694
8732
6683
8309
9598
8239
8039
5064
7024
4307
1516
3124
5594
7699
4202
6383
6485
4344
8304
8977
8794
4461
6122
4313
2737
6315
6306
3103
1779
3180
6424
7972
1705
5613
6520
7691
1750
7984
8049
8940
9577
9350
9462
2348
7401
8506
7688
4512
6451
6083
6030
6868
5548
3626
3826
5758
5672
6849
9815
8528
3259
8898
9183
8792
4401
2574
5870
4422
5516
6717
7102
7267
5746
4169
2009
4654
8781
9047
7301
2659
5013
7696
9789
7696
4533
4856
4887
7701
8597
8702
6857
6133
6766
5196
5922
7683
5769
5356
4465
8459
9858
6300
4861
5772
2982
8850
3920
7691
4382
3427
6602
9475
7344
7174
5819
9621
8970
4714
7941
6044
6825
7799
8214
6315
8306
3316
7016
3003
2846
9391
3955
7537
5861
5692
5481
6569
5701
7651
7089
8620
9424
8317
5379
8679
3395
7629
9023
9569
8658
7371
3142
3074
3686
8240
7462
8330
5452
3456
6755
6910
4066
7022
8029
3317
4158
7892
7557
5718
8514
1883
8803
8543
9069
3622
9018
9339
8987
5129
9366
9673
6852
6656
8416
7967
6627
7130
8631
3054
8560
3659
7567
9705
6498
9429
4182
8187
6009
8941
3669
4980
6094
5330
6876
7422
6208
5219
8471
9307
9638
6548
7394
7030
7610
6405
4900
5390
4612
9749
5836
6865
4063
7059
7196
6439
8813
5684
9590
6693
8594
7303
9584
4767
3905
5323
4838
9226
2058
6176
5181
6186
7348
5543
6005
6594
4126
6802
4479
7970
5156
7076
8104
8252
2582
6324
7213
7337
5602
6181
8923
8657
9988
7775
2552
2514
8410
8390
9105
8062
5403
8996
8857
5888
3963
9489
9344
8864
7152
6445
6373
8149
4018
7457
7457
8944
8564
8229
8600
4981
6059
4007
7360
7559
9078
8723
7993
5954
9251
2613
6408
4585
9470
4656
6124
5662
3782
7459
8389
5341
9267
5610
6009
9508
3496
9702
5989
4940
9983
6740
6210
3575
6945
3957
6392
4708
4710
5894
2451
5407
5229
5645
3994
3620
4341
2810
8257
6906
8806
7084
6261
5795
9721
9494
5945
8399
7872
7076
8283
8112
9761
4363
2554
6562
7492
6819
1834
8664
9579
8638
8219
8048
8318
3196
8176
9363
7875
9879
7239
7440
2210
5004
8608
6381
3105
4576
6549
7727
8381
9321
5600
4013
6258
8191
2969
8413
2537
9562
7653
6046
8775
5295
7862
2884
5442
6476
4848
6652
7980
4344
5939
9381
7663
6679
9983
4910
4981
9524
9872
8068
3829
6009
4858
8271
3274
8442
6327
7268
7428
4837
7037
8603
9809
7509
4387
8175
9124
3405
7088
6481
7045
9400
2551
8499
6503
8427
8789
7572
3356
3060
9015
6679
7251
2899
6724
4017
9995
8849
5494
6878
3942
3759
3164
9144
5283
6066
7806
7812
9141
2733
6340
7870
6874
8164
8955
6277
5360
7370
7821
7553
9861
1359
5221
8666
6711
4065
8938
8145
2934
5007
9814
7360
6651
6915
4812
2894
8835
5810
8382
9767
6765
9475
8690
6069
6697
8710
7571
8845
8528
7947
3842
7736
9985
6009
2345
3664
7481
8544
7581
1812
5313
8292
3188
7376
5283
9594
4301
6125
7935
2541
4683
6731
4915
5295
2878
1498
7112
3117
4846
5693
6284
6648
7070
8078
2612
8420
9942
8466
6812
8468
2647
3807
6338
3672
7926
5442
6063
9189
5966
5807
9236
9608
3016
9142
7602
9091
9967
5899
9098
6227
2856
9850
7390
6603
9675
6422
4358
9055
9184
4870
6430
6222
4783
6445
5788
7063
3467
9925
8047
4720
7897
6895
3165
6755
6749
4172
9742
6580
9798
9549
9492
8245
5964
5592
7824
8288
6733
5509
7981
8394
6460
8321
3333
6044
2048
8687
6537
6742
7535
5666
7854
6864
8408
6037
6268
5050
3866
8390
6116
4455
8822
9966
5988
6165
9235
8294
8971
8802
6635
8985
3660
4588
8731
8620
9699
3995
4241
5316
2487
6668
6162
4219
4300
3887
8136
5753
7048
9673
8229
9461
1653
8282
7208
7148
6823
8093
3996
3148
9608
6766
6571
3418
7062
3265
7552
4953
3349
8631
9770
6014
8794
4774
8102
8888
9269
8047
8498
9185
7833
4433
6691
1528
3722
7089
5000
3403
4626
6757
9594
4365
9681
5994
8656
4001
7547
6305
7298
6597
5983
7906
9328
9069
2802
3706
2768
4332
4898
8635
7806
5533
7210
5592
9479
7963
1477
8530
4982
8897
6422
5705
6444
7746
6857
9557
9486
5398
9252
5956
3392
9548
7110
6672
8511
3002
3209
2888
5188
5190
3333
8600
6335
5677
8352
9694
8562
4904
8304
8085
6096
5875
9124
7595
6469
4061
7996
9102
5771
3893
2185
7539
4944
5978
7986
7299
5491
7384
5754
9769
8171
8465
9362
9449
8536
4022
9586
8033
6812
6614
3608
2219
5264
5382
6692
8380
7019
3563
7958
5189
9915
7390
9485
9633
3977
8455
4000
7267
6631
7674
3920
7555
6776
5393
4354
4299
6337
7960
9313
5710
7743
8823
8740
7293
6567
9651
8926
8347
6551
8673
3738
4415
8732
8748
6622
9425
2892
8640
4379
6580
9865
3516
5431
6457
8332
7821
3503
7249
6814
6127
5823
7237
8618
3597
3818
6415
3886
3507
5834
5793
8655
8721
6977
5060
9415
8113
7757
4758
7396
2678
7285
2355
8034
6124
5491
7303
4195
5229
3637
2663
2981
8582
7401
9132
3815
9891
8012
6652
6548
5886
7018
4248
6499
7797
9596
4770
4458
2433
3285
4502
7254
3485
9468
5489
5071
9900
8921
4806
3739
6731
9953
9683
9140
7914
4115
5428
4271
6438
6939
9138
6965
6692
8172
9432
8519
7368
3781
9312
7310
6828
2602
4346
7446
4177
3427
9333
2495
3356
8927
1714
9478
6877
9002
8771
6210
6163
5753
7346
3674
6462
7752
7973
4457
7418
5151
7154
6867
6713
7955
9671
4545
8176
5118
4580
3829
4431
2402
2758
7809
2404
2390
5699
9807
5364
8563
8759
8646
6965
7334
3939
9553
6808
8648
6798
7272
7749
7635
8638
9529
8578
7517
5609
6029
6345
6924
2013
5111
3925
7617
7046
9342
7707
2717
5522
3674
8788
5011
9024
4736
6594
4883
9790
9682
9393
7415
9707
5134
7703
9571
3970
4850
2554
8678
4043
3671
8870
5743
7399
5202
6233
9484
4040
4359
8699
9260
8173
3378
6445
5874
9115
5916
8811
9076
5370
5274
7139
6995
6229
5511
9019
3250
7119
5493
8607
6502
5988
2009
7238
5079
5154
3648
5883
4748
6387
6837
7345
4127
7500
5220
6399
6253
4709
3819
6850
4116
9500
7788
6285
2212
5636
6706
7956
6416
5835
5391
3084
6194
6814
7422
9157
8595
9042
7836
3210
7595
4327
8822
8580
9336
2835
6531
6730
7623
5553
4695
3900
5870
3451
6148
5274
5642
6282
6211
5129
8562
8112
5969
4986
8020
7186
6519
7564
5591
5569
6200
8341
7288
6354
3030
5553
2474
7749
4011
5228
4754
7685
9377
7398
5744
8459
9030
5416
8129
7159
8978
6865
5055
5053
7376
8971
5151
3437
7701
9669
6746
5692
6938
9174
9233
5123
9833
3212
5229
5788
3656
7965
9307
8302
8070
7770
5731
7835
8005
7830
7654
5613
3159
3614
9888
7211
4405
9516
5870
9132
4219
8165
7600
8049
8687
8032
7966
2974
8460
5553
2211
2964
5505
3508
6301
9627
7273
8691
9454
5894
7346
5863
7485
2712
6997
3791
3551
4150
8379
4993
7614
8042
2555
9747
7862
7409
5673
6142
5211
4688
5884
1859
5331
9757
3753
6376
4240
7376
6744
6461
6080
5266
6449
7961
4313
8460
6298
9882
5971
5422
3733
3285
6477
9312
9615
4768
8571
8972
3272
7416
3942
7499
8020
7749
9557
8548
1906
5927
6308
6573
9526
8248
5160
4451
6358
6605
9775
7299
4599
4099
8069
1676
7597
3975
6751
5008
8818
8024
7463
4705
5904
2748
7315
6844
8733
8185
7816
7280
7489
7051
8986
5299
6131
9775
4635
9113
5537
7581
8696
7683
5658
9188
3015
8100
9597
4346
5605
8121
5704
3561
8880
5689
6463
9038
7986
4052
5702
4009
2838
7478
5270
2173
6201
7043
5963
8228
6348
3341
8009
7578
6628
5594
9041
8890
9928
9797
8690
7185
3999
8529
8279
5377
5241
4035
6389
3957
6573
9040
3547
3966
4478
4329
8381
4674
8292
1643
5423
5643
6823
4884
5456
5887
8168
3686
8192
8905
6954
4176
5895
9215
8545
8329
7482
9277
2484
4729
9681
5518
7250
6727
5963
9548
7186
7224
8069
8050
4523
8722
1561
4901
9271
7070
3050
7380
2019
3600
9084
9931
5971
9615
8043
5945
4626
1768
8175
9308
6146
3002
5984
9048
8829
5212
8240
5558
8242
4305
4738
8324
7201
9376
3207
7221
4533
6459
6218
9458
7132
8909
9049
5187
9215
3113
2032
3493
5184
5294
7430
8600
5402
6434
4232
3408
4261
4961
2979
7858
8343
7975
8731
5289
7392
8257
5297
7559
4900
6022
8202
5929
4218
8805
3367
6622
3622
2685
9817
4472
8895
6597
7316
6243
6597
6373
7967
8885
4191
6337
5421
4267
7813
5815
8956
4811
4881
3920
9875
5249
8673
3158
2171
7844
8740
6696
5870
7529
7462
5867
5902
9872
3231
7647
3921
4988
8881
9112
5849
6696
5683
9703
3597
4870
4684
2822
3351
6996
3920
3669
3791
1351
5588
6760
5318
5733
7942
6977
9017
6656
6344
9275
7426
8459
3508
6085
6936
5488
8519
8328
6639
9837
8232
8317
5090
3596
4351
2595
7017
4076
3826
5405
3867
5675
4172
5029
7978
9326
5732
6822
3584
3030
5342
7133
3116
3344
7927
6139
7850
9138
6624
5635
6552
7362
3271
9998
6025
7044
8471
7452
7938
5965
9713
6153
6568
2175
4223
5442
7832
6683
9217
6920
8272
8260
6492
8385
4159
8548
8849
4568
7766
5760
4707
6503
4663
3755
6279
8117
9270
2789
2057
6620
7229
1255
7042
3494
7598
4230
5552
3129
4486
8213
8134
7129
7841
8099
8426
8801
8981
7546
9429
8041
9121
4143
9508
6581
7958
7647
9156
9244
5561
6041
5747
9447
9348
4939
7394
7277
7405
4778
8771
3659
5220
8666
7690
8233
3904
8080
5899
9070
9059
8804
9205
6760
6353
7907
9081
9705
5806
6906
6659
9623
5242
8325
9132
9485
5933
6084
9567
3465
5833
9527
6868
5900
8471
7867
8279
6225
5371
7120
7525
5793
5654
4747
3182
6243
5707
2003
9977
9248
9065
6382
4429
9227
4451
5268
8667
7704
6760
5179
5197
4843
8314
9031
6121
4663
3524
8023
2967
8232
8131
8923
6598
9955
4466
6265
8206
3188
7069
6112
7674
6026
4973
9254
8597
3080
5330
9682
7196
7117
8339
6195
4374
4967
4502
8044
8216
9410
7188
3891
7575
6403
6463
9648
6954
8395
6504
9383
4060
7502
6808
5584
6832
7047
6867
8338
5698
8600
6892
7329
5859
7629
7690
5296
9648
5248
4597
5439
6632
7103
3965
3336
6074
4967
7397
8256
5864
3613
7420
8845
4417
4790
8301
8572
4993
8255
3068
7735
8517
5644
5625
5234
8367
3457
7566
6867
9779
6683
1881
6427
7061
7296
3488
9088
9837
9857
5257
3533
9457
6249
2932
4912
6283
7404
3050
2844
6211
2099
7975
2024
4969
7547
6427
7400
7382
6697
9416
9911
7968
6784
5290
4205
8537
9643
8396
3520
7976
3900
6135
4803
9121
8858
5775
9592
9698
8773
4643
6839
5878
9898
2183
8524
4793
5192
5351
3553
5024
5513
3152
4738
4634
8166
3418
8112
9110
5489
5939
8753
5240
6922
4085
7117
6030
4436
8116
7840
9455
5508
4822
7567
4867
5704
7764
8931
9419
4438
9010
2746
9872
7644
4276
7333
6184
6437
4713
6431
6127
7896
9240
7324
3351
5059
8898
4331
4597
5121
8253
6895
9903
6257
6749
8617
4152
5383
8003
5324
4576
3361
7180
4704
4730
4546
5253
5389
6889
5542
6823
9535
5299
8741
8021
7250
5866
8722
3708
8283
3373
7675
3828
7614
9016
6283
9523
4381
8006
5899
8187
5230
8247
4781
3766
5667
5098
3071
8469
2956
6443
3047
7029
5459
9057
7655
9827
4089
5658
4787
4737
7204
7597
7561
9016
4018
2060
4410
5093
2304
3632
7965
2883
9175
9858
8003
2343
6899
7420
7218
9712
3884
4796
8300
7171
3363
5890
9555
9963
4014
8607
2493
6666
2640
9434
6681
8115
6958
7886
7521
8747
6826
4524
4739
8999
7951
7593
6462
6490
5390
4915
3391
8867
3832
7854
1757
7258
9580
5420
5431
5015
5258
5026
5909
2978
3685
4344
8467
5738
6645
9089
8970
3815
6122
3057
8004
4765
3535
5640
8762
7850
6009
6978
7893
2759
8753
8805
9089
7695
8554
3751
5975
7434
7396
2943
9506
7703
9199
3124
7478
5763
6297
4800
7183
4971
9478
6230
5153
9521
4180
9086
5969
4317
5708
3929
4000
4370
2538
5771
9304
4663
4664
4735
4893
4998
8638
4181
7427
7026
5904
9255
6276
6195
8329
8070
7747
8765
4749
9117
3689
8702
9982
7554
2809
4470
7272
7566
6139
8758
8763
7646
6410
9193
2709
3647
8600
3085
8438
