1394
25178
972
29585
5545
2849
14525
918
3229
2097
6931
1566
2257
2115
641
3214
1386
2522
2287
2152
1881
29518
3554
5413
1555
7315
11023
35292
1342
1085
1696
1526
45258
15043
1157
22896
6261
3003
3009
15896
1350
1795
1063
1637
1517
1625
1308
14226
927
1257
1872
3923
2814
8998
2188
6786
2451
1347
1875
1340
1331
2462
2509
2124
1369
924
2240
2129
2552
1431
18857
1379
3244
13812
2278
2881
3273
16170
3063
3095
3508
4947
684
658
2068
11353
928
18033
1968
4632
1726
2060
1078
1270
6593
14152
3894
2017
1333
4024
1216
1605
2766
24703
624
15195
35537
1294
10090
2264
4212
3679
492
297
24971
29642
1933
1569
1600
20094
2073
14986
35464
1630
2432
6226
5825
3190
908
1095
34859
1985
35810
3689
1312
1887
11008
1704
14138
2083
1792
12420
37320
37258
4354
2209
1945
31303
1893
7137
2011
2491
2287
1054
3035
1598
19265
3015
2237
2586
1997
11598
1841
2728
1066
2225
1170
1739
13421
1378
1510
3408
18918
3082
1081
24568
1362
2868
2636
3615
25998
3035
2537
1851
1240
2826
30544
20448
1977
1731
4386
2151
2209
1978
3620
12177
2843
1703
8887
1324
644
18601
32001
2972
1943
1326
11023
12625
1945
968
2590
2218
3146
1896
11403
3621
1646
693
1893
1160
825
1404
2656
1697
1286
13825
762
20514
2197
3024
18048
1930
1943
1712
2088
8676
18381
35899
31989
2917
2191
954
2271
7596
2055
2558
791
2595
8967
75008
8292
2383
2886
1364
786
1401
860
3474
624
1129
6167
2112
22888
2555
1339
2095
1899
2005
1914
20913
15924
2263
8979
8051
16496
13012
17751
14331
1088
4679
14710
1335
2488
2630
8607
2487
620
8365
1655
3825
1228
2804
4206
2366
674
1376
111718
13187
32407
967
2031
9213
2741
1594
6864
2736
767
1437
2234
2572
1286
1341
51800
1027
1083
2567
1700
1844
863
16966
1767
16414
1029
2561
2590
10483
1983
1560
1490
714
15383
1995
11260
1145
1607
2593
2296
1658
1467
8359
1575
1421
1495
1940
8285
1820
5031
12052
662
482
2539
1464
3726
3021
2121
2159
1553
3276
737
1529
59374
2526
3601
3780
19644
3421
1567
19685
1602
858
1995
1291
1530
7571
1567
2596
3606
23932
21670
2322
2734
1859
1136
2046
2713
1091
1677
3432
1116
20497
2554
2442
1584
1600
51033
1252
19371
1087
1884
17975
2448
641
2482
3794
4131
971
1577
877
4521
2890
2468
771
2262
3167
2013
2216
1768
26460
1673
39121
10689
3295
697
1919
12651
1802
73930
21141
9394
3104
2598
2265
1545
1485
3014
16763
1680
2111
10171
1775
3790
501
2365
2255
1111
799
38665
6086
5950
46259
1924
1319
2125
8277
1788
2023
1523
4011
2781
12746
1674
1895
2649
1792
1236
2285
2027
4900
7773
3108
1420
1799
1747
2064
684
3211
1695
2185
1259
1747
2059
3391
1535
3334
1012
1541
1706
24137
11216
2199
36385
1782
1783
5183
379
703
8990
1361
2519
2383
2923
798
8992
4549
1489
1107
19293
2393
2568
2081
1655
1519
3171
835
2969
1430
3186
2364
1753
3725
14510
10233
1700
3503
2663
1315
1615
993
15294
2798
638
8273
9093
6550
2764
1158
2858
891
2411
2213
3468
3847
3650
9333
1905
2031
1596
57817
1319
20697
1848
2423
899
2648
2765
9635
2450
3572
31511
9918
1976
2091
2178
1445
1131
2415
1966
7128
3119
2447
2333
2083
2072
2977
1664
2521
43404
1858
2148
2546
27063
2860
2539
1367
1304
1009
9517
3720
1151
36546
32536
29541
796
21658
3709
2160
2784
16546
1139
5131
28343
734
3244
4925
3402
1396
6657
3913
1669
2178
861
2142
31761
1652
1185
2627
1563
2369
1664
17513
807
1917
1744
607
1211
2123
29150
2960
9908
2047
3119
4461
3577
15120
39581
2979
970
1368
1092
953
2277
548
6125
11573
2256
73127
5875
6009
2106
3063
1258
478
2322
1480
1219
22878
2661
3821
14381
4790
2275
1011
5528
1582
1952
1503
2490
1932
2087
2411
618
1017
1635
3218
30651
2859
2122
743
3336
791
1518
2221
2826
1750
16639
40513
5089
31116
3753
10229
7424
2477
469
21406
7711
948
2381
4562
2427
573
2065
2399
1524
2439
16128
2215
1913
31163
2262
69598
10769
2604
2691
9291
825
1920
1089
6961
4793
1550
2285
3207
1817
54527
45394
1458
2123
3032
1956
1956
2243
2648
1463
6207
5154
2898
1946
4053
2113
2690
26236
9767
2562
904
2014
9028
763
2308
13323
4323
58625
21689
2055
2215
1830
53373
2211
3073
7803
16304
13585
1270
1944
2942
103031
2344
33932
2601
4760
1912
17535
1268
6257
736
1475
27831
2611
3203
1211
2993
8016
942
28340
1354
2289
2201
2725
2963
8562
2896
2243
3154
1642
3092
1318
1000
1917
1048
8469
2461
10483
8311
1862
676
8319
2525
56963
2576
5932
3047
8425
2393
14970
1753
5197
2580
3215
17623
4236
2602
2026
2586
2735
2006
3584
3023
31580
2085
1419
2568
1005
3730
3090
1932
1681
2357
11935
2066
24713
3235
2662
3243
16624
3169
20843
2181
28712
2633
2233
2546
1956
3043
27856
28775
5847
814
1119
2922
1158
1531
2307
6442
1016
8063
3747
12729
2949
921
19174
1585
11091
2022
13848
2475
4425
2316
1733
2324
2399
1975
3659
974
1543
2089
2398
7469
1209
34990
2351
1399
1533
772
26546
2067
36329
8956
2367
28071
4731
2834
1608
8614
2072
3146
12995
1929
1514
741
2384
1965
2679
10996
17138
39742
22842
1119
933
3484
2430
1942
849
461
2053
585
889
1145
862
21626
1927
2349
641
1587
2545
10900
945
2438
1739
10335
2575
2917
1766
2218
33475
3736
4421
2507
27772
1774
1953
2138
39163
1759
2551
8118
2207
2326
4103
5883
3091
2580
2059
2071
4675
8616
9175
2429
14320
2909
2495
36735
2243
1552
3366
824
9090
1646
19598
1745
1324
39575
11419
2674
1079
1067
2076
1836
2731
2756
833
2055
1090
1760
3231
2699
1372
2746
2304
21568
852
1226
3172
1283
3029
13592
1849
1841
4059
2110
1648
2642
2280
6835
2903
1914
22450
1013
9195
3632
857
2690
35375
6964
2016
3837
1213
1526
994
2774
3407
1953
2422
2342
1847
7988
2801
680
5309
2281
1206
24159
2406
11634
3830
1777
1844
1577
1932
1835
2216
2409
2154
2788
1913
3249
42492
4912
572
7933
2001
1827
2656
2053
2295
2433
2882
11176
13329
10206
10248
9604
10337
16048
820
1501
1430
39519
1184
34569
7001
1627
1443
3179
2385
3068
1340
1747
4746
37838
1448
31404
1940
2252
12992
2590
4089
11317
1623
23918
2964
1117
19623
1649
4808
30030
18078
4355
21468
5941
3842
1954
3070
5601
990
21312
29885
9902
7509
2995
6555
1869
1581
2392
2064
11262
1708
3521
1471
7934
1814
1470
1588
2853
6932
2725
2172
1243
1742
2874
2733
2148
3361
26483
1665
1392
1310
2434
3758
2768
769
2924
12627
1591
4700
1116
28267
1367
824
28975
1276
49786
15401
3073
1083
26036
2084
2903
29699
1597
876
15577
2641
1578
2001
2139
3120
4741
3038
2691
23061
2168
1531
2707
2428
2947
8175
920
1570
1908
1932
2403
2944
32403
1036
447
2364
6389
2561
1398
2492
5613
2383
1034
18943
3192
3343
10171
1999
895
1425
3173
43738
23602
19594
1935
1595
2152
1923
2766
18629
1665
11287
1423
2008
3352
1147
2326
1130
9037
1062
9005
1218
2332
1642
43868
66665
17212
25454
842
9338
1809
2372
601
3169
2651
1672
11650
1685
2452
1873
1601
1390
1120
891
1821
1679
3750
1248
2344
2713
6464
1788
5746
1909
3324
2980
3169
2888
1890
3635
1863
1138
293
2812
1452
3169
25089
1249
1274
2429
3045
33914
2453
1959
1630
11697
2575
1110
3149
2888
32946
1953
7870
20146
4251
2429
1707
1590
1612
12962
43515
1590
2008
3625
1832
2985
3494
1363
7196
3363
8018
576
2534
2635
3107
1804
1773
6807
2975
2471
1646
5633
2373
16085
9291
18366
1387
19172
1657
3813
2038
1472
14015
1634
1190
2992
2648
8081
34837
1526
1299
47236
1586
1681
1866
5658
2570
32032
4626
11253
24770
23428
7112
22015
2461
1244
2533
8917
14406
920
1705
2734
1472
1809
2761
19371
834
1914
1569
664
1631
13657
1058
2797
2403
4629
1609
7287
6005
2564
5166
1164
1726
1752
2944
3240
7852
2396
1925
2173
1351
1068
2097
56741
2796
2257
29164
37561
12858
25091
2937
2498
1516
1514
1917
1024
1820
809
1333
2292
868
1934
1309
2197
4001
998
9075
3018
1333
1547
2189
2060
15913
885
4879
934
2178
2312
2547
6471
23225
26461
2300
27683
2616
1745
1731
1183
20629
1166
890
2347
1905
3110
23028
1867
2190
3102
1046
1194
2545
1720
4818
2670
19536
3206
843
2666
26909
2143
4923
4180
1971
1684
3447
1220
2980
1891
10797
58929
2263
1201
2578
1208
14853
3474
10078
3543
25068
4604
1217
23914
7920
13440
3016
3238
21560
1436
1224
1046
19265
534
21381
31675
1349
3030
12295
3112
1708
4470
2667
7538
1975
2669
2112
1568
2369
1751
3315
590
2498
2222
21739
37402
923
3817
3251
2179
22224
2418
2192
9241
977
2396
1676
1443
1109
2266
2258
3009
1378
891
2640
3131
2871
2360
1297
840
30295
1118
578
2530
2797
3231
2569
1955
1984
3276
2810
3407
1688
1206
6065
1916
14205
2253
35556
16294
5133
1603
1115
2053
1602
17320
4793
2113
1574
6114
6931
11459
2873
2285
2281
41767
2322
2064
2487
1555
937
1372
3083
2547
835
2852
1001
8832
3520
3224
4532
2087
1103
1376
1920
1902
1673
10075
1865
3908
26365
1171
1478
19942
2098
34274
1039
2831
19137
14983
8035
1448
2501
3004
1178
2336
1094
939
1503
1636
2618
41563
2522
14870
1114
3412
2363
1604
2826
1488
1556
11109
4224
2158
2462
2574
1324
13449
6979
1273
2046
494
1190
1977
2691
2002
1720
2679
1543
2066
2018
718
51909
1668
1543
1205
1794
718
1647
2643
3245
3469
918
1401
1999
957
20762
10939
13389
15242
3072
1835
9181
7877
2064
5009
1437
1314
1959
2302
12807
2674
20079
3768
3177
2935
19269
2671
9705
2166
2161
15374
2985
2288
11065
1414
9167
1700
3003
2890
1278
1338
940
18853
10726
1697
2437
11138
1529
2217
2951
16976
21321
1946
5815
1583
1077
834
14749
1717
2289
9575
1379
1085
924
3534
1974
21734
1974
5285
2765
35258
1689
2831
7281
2544
2302
990
2783
1112
1219
3061
1082
1716
3752
18806
2608
16768
28745
9922
12427
22047
2678
3055
1302
2729
9899
3267
11203
45456
15332
2804
4888
1216
16052
5134
4027
7854
18498
2502
3742
2749
5554
7379
1805
5445
1866
1963
861
8354
4211
915
3449
15236
1511
2222
2726
1863
2386
4763
2309
21854
2437
3154
1780
1346
1567
2059
2911
1763
2279
2783
2371
10151
3834
2704
1442
27295
13753
860
2961
1443
12306
11732
25627
3304
2479
2561
2352
9506
14883
2478
4175
1284
2597
1445
7743
1760
3471
21961
1054
1801
29012
1858
2438
1801
1142
1299
3024
2460
2295
20394
1876
13993
4858
9619
1699
52689
2132
3884
8830
11173
6505
924
1013
1156
9368
1370
2409
5698
3002
882
1283
21812
2884
2066
1756
18537
10410
29502
2048
2174
4515
2539
1768
2103
2289
1757
1661
22313
11285
1819
3146
1828
1242
1978
3045
31750
4369
3839
2281
9936
78973
2587
1787
1944
17110
16383
887
1791
20424
1990
44851
9039
451
1457
43646
23073
1239
28487
9780
989
14321
12318
3079
8339
3314
25006
48176
892
2655
5637
2469
652
2074
2870
14360
11455
9763
2444
2305
2831
836
12929
2990
955
6945
39149
1534
1429
1093
40827
1884
2211
2982
11368
5673
2434
16515
2229
1931
2981
3310
1987
5074
41790
1334
10564
1660
27122
829
748
19290
27809
1796
2375
1926
2336
2512
2082
672
1891
2345
3122
13045
1119
1874
1275
3080
3218
1552
2368
12182
1528
1808
41202
36438
2791
2722
12918
2690
1174
24209
1095
1559
1730
2011
8291
3952
9098
2320
2615
1114
2670
1740
6572
19419
1279
655
8604
2091
2202
2369
1472
3175
1208
11210
19859
2997
2432
3896
17533
12244
2462
62345
2414
2659
1459
51826
1186
3958
1873
1209
7740
3210
2628
3333
1031
2197
1343
1961
2083
3191
4893
2847
4874
2578
2354
484
32349
1049
1751
1813
2092
1544
29686
16569
21382
3517
2022
1434
3367
7207
9863
982
20777
2766
21767
1344
1085
2306
3107
1110
1122
52601
39730
2449
21224
1566
11604
2201
1637
1960
9638
14710
1996
1283
3114
33150
965
1238
3139
41468
1595
1649
39474
1146
78675
2162
2355
1525
1204
1379
25417
2405
29698
36831
1022
48328
1036
7483
12664
45546
1652
2655
1604
2774
6811
4065
1882
3224
889
1083
2065
4283
1767
24082
2379
2528
2409
2712
1917
2935
2798
2266
940
18026
3132
555
2187
3596
3201
1450
8949
36536
2691
2246
2250
1134
2644
1660
10373
1932
7202
8385
3982
38354
2503
9284
32992
3193
3551
730
2414
1969
2206
2936
1616
1509
1589
1866
1788
2379
1088
2079
7624
492
11073
2422
12828
2468
1471
2145
2413
1931
2967
1658
16314
2330
31771
17625
2742
691
1349
2325
765
1933
1292
5119
1682
3448
2532
33738
2690
2074
2054
16994
17403
1713
2370
14418
921
8579
23135
1304
1875
1520
694
2976
5870
22679
2560
2889
1251
2394
3013
2584
2428
1803
1794
1159
2987
1398
16405
1372
14136
2198
2061
2430
7303
5199
2117
13715
1502
16314
1439
1862
20769
771
1093
23139
1424
3015
739
1848
1642
2294
12007
1359
1476
916
890
1377
1488
3442
10568
12635
5824
21831
3069
1963
737
2258
2118
25924
1411
1719
866
1718
15931
2196
14594
2012
2709
21495
4568
1720
1253
2333
2561
4337
1282
1396
1321
7598
1503
50744
15658
1355
17092
4168
2358
1197
2650
3731
40823
891
2226
9011
30229
26157
2291
15065
13709
9783
6498
2814
14557
15517
2842
16501
801
1827
1002
1921
3754
2690
61927
9024
5865
14954
2792
2442
2960
3593
12155
31050
1843
2265
2082
2263
1382
3636
2300
9099
1777
1053
3672
493
1902
3191
1467
3126
1436
2793
3682
3359
2362
26644
1433
3422
896
1951
5222
719
3362
23359
1338
1104
10279
3034
2051
1780
46502
3080
1243
2598
1747
78367
1381
1698
1473
888
2023
1923
3148
43916
68099
3205
8903
1058
2104
872
1469
1409
2320
13924
36350
2571
1443
906
30033
1985
938
12889
19473
19357
2895
10462
2731
2762
19438
3035
1075
38082
12861
1345
3361
1620
3908
1784
19193
1656
1214
9016
10347
2349
10576
1044
2659
2564
1993
4588
1695
439
12182
2545
19382
2183
3012
1587
13746
1255
1980
5266
6129
2758
16456
12795
1910
17932
3024
32069
2375
2547
1519
2414
2918
2416
1811
2696
1336
1444
15894
330
831
2162
1956
2241
810
1497
3712
52740
21761
2293
3245
1615
6697
21653
38565
14411
1902
8420
10030
16786
1984
1876
23200
1168
1855
2151
2063
20464
567
39737
8652
537
35788
16571
1886
2545
2325
4917
2177
32005
2086
30851
35493
2596
1302
2901
6999
2066
29270
37188
2018
19869
1917
2201
3386
22976
24876
1356
780
16830
803
2859
2496
1107
2429
13372
2866
24941
1531
7568
2055
1052
2630
1034
2811
3225
718
1342
15068
1907
975
816
13951
2544
10417
1270
1778
2144
5345
793
12070
1576
3412
1068
9131
1384
15325
1976
2531
3334
10726
2390
1694
28249
3116
2847
1738
2425
936
4420
3080
17429
1504
71512
2428
1465
11415
993
2280
1093
1230
1825
2564
842
954
1988
3139
2597
3124
977
1221
2131
2634
994
1534
28517
2220
3933
933
2870
5406
3714
1275
1575
12691
2516
2287
2015
2968
2596
678
2893
2731
41641
2247
1587
3448
1359
2374
1112
1340
775
589
91071
2372
3060
1947
1751
4097
1664
3529
1585
2793
2380
9378
1654
4508
5765
1803
13319
7889
2226
1930
7685
12862
1196
27111
2872
1067
999
3300
8675
9642
1690
7231
6436
932
1364
2870
8882
7052
1563
32010
1146
2015
59550
3468
2119
6230
7679
10443
2029
1739
2339
2709
6561
1196
5198
895
2535
1250
991
15207
5621
1337
5377
1258
1903
1989
2357
14168
5800
11142
14669
2445
1738
3482
15761
919
1407
3212
3376
2380
1418
4313
2437
2929
1356
2327
2444
25509
2625
11519
2332
21492
3424
2487
1046
2043
921
426
11137
3033
1404
1517
2508
12250
8753
2626
1167
2438
14958
1767
20324
8512
10692
1762
3204
18468
2646
12149
1745
2453
2063
2130
1031
2724
2858
2614
1801
40521
34933
2905
1647
1209
2989
1248
3327
3014
895
2190
18876
1124
2477
1279
15674
1285
3230
1247
10650
1006
1748
1588
16684
18893
24345
22877
1705
23974
2569
2782
2317
2753
2722
2454
6023
1133
5535
4482
3254
1729
1766
13518
4600
1999
1702
2009
1748
1381
1857
2473
750
3015
25745
28073
1529
14111
2497
11615
3747
793
1058
2067
3030
2999
2711
721
1351
7089
1823
1615
6405
35586
1152
2315
6199
1241
2294
5331
3173
2019
20710
2344
2796
2052
2927
1588
7517
2643
933
3489
20834
2804
3076
940
3444
6423
4382
1527
1053
15338
1582
2859
807
1196
1906
3356
20597
2580
2052
2018
2559
33771
2549
2863
3152
14319
2864
13484
2128
3121
879
3311
1326
6037
3948
2755
1469
2328
1862
3125
2594
3399
15192
2074
1888
2995
1493
1737
1797
15394
3747
645
2675
18841
4534
19007
29822
2147
1598
2104
15623
2057
9923
2607
2869
2095
16535
94845
2130
2607
2028
1405
414
11177
2258
2551
852
901
5489
2741
30128
979
4116
1102
2434
2232
3065
5100
2029
2489
2263
1894
37434
38423
7070
1575
1324
1270
974
43173
1579
1429
2965
6074
2506
52078
2527
14505
906
1252
1789
6944
1821
3062
31694
1200
3107
8718
1659
2803
20654
6680
1199
1913
2453
2038
1494
2755
15340
12926
2331
1732
2790
21368
3699
803
938
4251
797
3291
3334
2300
1460
1772
848
1751
12392
2488
8269
1801
2397
1582
24071
10181
1222
25066
2275
1626
480
1974
2645
2683
1062
2563
8728
31333
1394
1758
2972
2701
1385
2419
1918
1853
2673
18085
3733
1461
1575
3025
1835
1847
3697
50353
2028
8252
1658
19956
2939
12711
1814
7707
48074
6041
1815
6165
1478
834
2656
3101
2886
1200
5360
1443
5832
12982
13751
756
31902
29063
1211
2266
1364
1191
5814
2810
3302
28273
2804
18561
1984
2679
5368
10162
1600
1560
2129
2481
23679
749
1485
1396
2439
1263
17836
1210
2022
2469
5787
3353
9407
2799
2059
2569
2680
13994
47055
2623
1940
998
2422
2391
3582
1325
3086
20944
3052
2800
1365
2869
2362
23434
1676
1898
3473
2729
1295
3504
1778
1184
57336
2618
12766
29877
2434
921
48957
27096
1915
4276
2416
1998
11377
2338
2656
47034
1042
26314
2250
2159
1081
2348
3263
2572
1668
2866
2110
14482
2334
2519
2693
2406
2076
2282
2770
2353
12216
1035
1364
1197
2469
864
787
6630
2262
1537
868
2009
9261
20941
3913
1840
1995
6305
1613
28282
12057
2065
1150
3360
2624
1739
3555
55973
2268
3075
6835
2024
2004
350
28271
590
1146
23542
1951
21077
1784
1464
1290
18690
2423
5016
2469
1948
676
1325
8738
3369
2090
1837
903
3559
2525
2256
1433
792
1658
4805
66589
2333
49642
613
806
1484
2476
458
3443
2607
4609
4416
1921
2011
1054
1290
966
1605
8091
4129
17189
2336
1164
2615
2184
1739
848
1102
1574
3016
1048
2462
3636
20167
1738
11529
2242
2905
7927
7397
58152
15462
1631
2287
24730
52950
1442
38859
2172
3408
1316
823
12420
1725
1030
8637
2304
1438
8857
8745
1618
659
2564
2132
35196
1761
1230
32347
1726
23068
1736
1546
13337
2101
2589
13988
1003
27923
2177
16053
2060
1432
1634
26159
12934
13343
3566
2020
106627
2745
3233
1661
17316
2012
1495
2825
1294
10566
1337
1643
13709
3230
2807
1940
1812
2743
1547
2291
28198
22295
1099
2990
16147
2273
8486
2497
854
1749
2322
6925
14869
2507
2721
932
2585
1425
3814
680
27541
22651
1441
850
2461
2332
2838
3076
1440
6195
1531
19256
2712
2434
49851
7126
1829
1373
23853
22109
1158
2299
1224
3487
2461
3181
1028
1525
1304
2259
19965
26653
1922
2237
3739
2154
1944
2983
47831
18212
15096
6443
8067
3018
1460
1006
1037
13746
3805
2275
8305
1576
1729
1491
2833
2694
4204
8207
1064
1884
1402
2912
2751
2358
2446
2919
1418
2765
3066
2711
12515
1205
3255
1521
2867
2317
3252
5254
2805
3360
1904
1771
8348
2446
7486
40940
7163
1263
2365
2892
2761
11059
5547
7964
10336
11329
1191
1764
13546
16888
6035
2423
2230
2928
1923
924
996
2108
1103
2088
3650
2708
2433
1260
1645
1740
1361
2131
16015
2798
5136
3821
1865
56391
4730
993
1491
2870
2824
1218
3319
1207
2439
37513
1628
2788
10714
1651
864
3326
1331
2880
2959
1478
1427
17790
15491
1424
4706
1716
1690
5275
1723
1057
3525
1947
6755
2312
19414
3534
1924
1674
2441
2920
2962
3099
1565
1539
2380
2291
2380
40848
23468
2043
2648
2948
13371
1661
2195
860
2044
978
905
8293
1524
2152
3242
2228
647
15275
2218
3321
2236
7800
1949
1589
25711
50117
4736
8774
28020
14487
639
972
1638
4848
2377
1676
2522
35139
11140
2581
4527
3043
1789
3429
2311
1686
1922
5459
2483
1217
1962
1852
1673
2642
3128
2520
9348
610
2718
489
1779
2069
1985
647
2494
2046
963
74771
1949
1546
549
467
17637
944
637
3309
2695
1900
2417
2199
2397
1205
3468
3094
8315
3296
20183
10738
764
1716
25859
9451
1580
12228
2811
34918
1637
1692
14512
1629
1929
3134
13144
1524
1955
2673
38606
2495
13931
1875
7797
2547
11874
13196
1713
19066
1503
7722
25652
51394
1991
2973
782
2677
1908
1113
1251
2056
2021
1323
20420
792
1428
2501
736
1472
2676
982
2226
91333
2534
3348
1343
2538
2848
1033
1861
1028
828
677
2723
1823
9256
3539
25861
39177
24222
3445
1262
20182
2380
1782
1782
1557
8479
2024
1318
1954
16531
3619
6509
1667
1365
2979
2182
1993
14560
1520
1937
7531
2665
30740
6643
2055
1986
1601
2065
5549
2889
21373
2585
2831
2019
3374
34010
2326
2416
1082
2618
8452
1558
2457
2702
17864
1766
1934
1488
63871
70651
1358
767
1005
1174
1622
1945
1390
756
2141
2025
1663
2799
95171
3471
3586
1697
3218
593
15908
3914
13471
3494
1136
2319
18502
1208
540
3142
2428
17766
8317
1113
20228
802
2704
409
1183
2007
1680
13125
3146
591
3030
24592
812
536
1509
2417
1577
1373
17571
3556
48183
4094
1569
1583
10204
2482
26573
2547
1349
3239
2427
1305
2827
663
1477
2269
1746
1206
2060
1634
785
22611
6321
2907
18867
1946
1781
2267
33013
11630
2349
1120
3087
17413
23052
3717
14565
1777
1213
1527
1640
2688
1607
1505
3103
2325
1958
2872
2826
11027
2955
14848
16278
2631
1710
66084
1751
9794
906
949
22222
1658
11459
14536
10794
38286
1617
2040
977
2396
2375
1437
2413
2968
1146
6141
1998
6943
6610
7557
2200
1905
2480
788
19751
3157
3337
2021
1310
40389
2557
1819
1968
4603
2278
32132
16467
1415
4774
4199
8268
3807
2317
3036
2837
63296
1737
1795
2120
4830
1458
2672
1933
2639
1302
2416
2241
1047
994
2072
11635
1014
894
2396
31719
3332
2181
2008
2578
520
2396
9626
1475
691
2292
2232
36097
1317
1959
1257
17845
1418
1349
1000
2622
592
2519
2351
21258
2161
1439
2389
1388
18680
928
2265
3001
2931
2136
2278
3713
791
1076
2068
2112
16204
13104
1434
357
2090
965
3850
3215
2569
53725
1811
596
3700
1765
1704
2965
1313
2407
1865
16203
50993
9930
804
1726
1447
6329
2444
2503
2235
24943
26996
2083
1552
2461
39127
24156
2367
11060
2412
2793
1719
1433
1113
891
2628
3231
1986
1758
2824
1369
16502
1356
43198
1232
1196
1928
2259
15814
3537
731
10780
2765
2516
1395
1462
2180
49792
762
2971
1435
1963
1058
18690
973
2434
594
1811
2236
2522
30615
1435
2784
13765
3222
2525
17295
14912
12617
3460
1403
2429
61879
8189
26310
2423
5085
1531
7930
44325
3254
3036
1890
13889
2368
2705
16901
1574
1607
20181
26761
14939
2862
890
30424
19102
2831
7394
3865
1678
1851
1244
7088
33789
12442
2084
19112
885
1544
14496
1310
1039
1445
2283
2771
17321
1609
3105
2459
2029
2673
20288
1784
26204
5093
2141
30414
45044
1869
16152
2567
3071
14459
1571
5859
25986
8103
42317
3327
2195
36497
13940
2368
1864
15663
1698
1585
12145
2229
2341
359
4445
1537
1043
1258
1936
2487
1040
7772
1570
2074
2455
3563
18389
2281
8558
8033
4113
1747
2059
9925
103222
8882
6361
2405
1033
28631
1032
20865
11845
2003
2582
1380
2037
2637
2008
7346
1974
2099
777
2005
3202
1691
1956
19361
14772
5088
2287
4399
3001
1758
16663
1452
2569
1621
2157
2242
3189
1035
23052
44765
49155
2288
1853
4077
3374
18470
5300
1588
2605
2603
2795
9663
25836
1755
3849
1228
1859
5209
2355
34269
834
4186
36545
1605
1939
1315
12882
1165
33065
20864
110002
18659
3347
2997
18098
958
35948
2012
713
1276
24910
1393
1246
2506
2311
4074
2826
2150
1782
2196
1213
2485
16516
1446
2355
2127
2028
2450
835
1877
986
5047
2224
828
1511
2968
2535
937
2095
2127
2652
4202
2661
1819
10940
2217
39535
34080
15524
19858
19842
38592
2745
1537
1551
1335
1835
2136
1390
1529
1676
1326
1918
1586
2805
1991
2087
1469
23334
3775
2940
1838
3196
1378
2717
8798
2196
1171
2531
1581
2816
3622
1401
2829
2492
3918
1694
1507
2040
10059
3695
2471
5050
1779
3273
23117
1788
4778
950
2160
16858
16230
2290
6529
2567
2488
23523
34565
994
8610
3098
977
2886
3109
1083
1495
843
17159
3951
2278
1367
3038
21321
1395
81943
34067
56570
2525
3079
1379
941
1968
1227
1813
29554
1874
2232
621
16958
2485
3438
5487
2258
1339
31963
1566
3302
3687
3701
2290
4230
1622
1471
6112
13041
14288
875
1069
17638
1479
2092
2711
14089
8136
756
2090
897
1717
1607
1089
3017
1555
2825
2341
3100
3931
2127
29248
2643
15351
1690
2443
2106
1768
1901
669
19977
3301
36697
2911
1660
2727
2215
4494
6834
12486
2526
2224
10180
2123
16667
1438
5437
1310
2146
10316
2832
2269
2746
1072
1671
2066
34314
24726
805
2012
14944
2027
39458
1887
4240
2926
6570
2415
2205
881
2234
2625
2855
14150
1580
3098
3173
591
10657
899
9318
11720
2983
69880
33882
15761
13341
46358
2173
12784
1621
9833
2088
3134
2525
12422
24725
6902
2946
3087
1854
3603
25180
7960
2425
9264
1603
3689
2713
2751
2321
3899
1323
1048
1510
2928
1892
4170
804
2039
4007
3145
1450
25507
2115
22456
11803
2946
1017
2422
30237
2423
3375
3546
957
1194
2194
2761
3214
1511
3385
7443
898
1637
2771
26831
37658
948
1186
33740
3504
1839
2435
889
1155
2081
1080
24495
3442
2143
1906
2321
28645
1501
1434
42536
1514
1499
62809
3009
3089
2050
2688
2381
2737
1861
2811
19680
1921
1007
1522
1665
1249
1962
21734
24684
897
2092
2114
3286
1053
912
2481
1239
1764
2181
1879
23936
849
1519
74749
2169
1445
15768
1812
1911
6588
10130
2091
2007
1585
21461
1983
2317
1400
13114
23915
1956
45159
543
606
1979
2152
2090
10393
2554
610
1928
1255
21464
39475
4692
9891
8067
2611
2961
2234
2650
9687
1125
3326
2915
1991
3413
40461
1270
1755
21549
27266
5917
1931
29874
1519
3187
8141
1521
12470
2199
2706
3011
65068
1812
1978
2855
29679
10544
11717
2705
7389
2173
790
3820
8138
2345
2610
3131
739
7256
5776
2561
2442
2768
2225
37614
2157
2082
1613
7250
2270
31767
29947
12248
9154
1130
3221
2034
1801
9331
16093
8810
2526
1083
1942
11332
10796
30398
2610
2314
2374
9888
26883
22583
3536
998
1430
2925
25570
11197
3074
3162
18252
15541
1248
1420
32651
16889
2426
1704
1869
1988
1908
15191
21625
1996
1662
2825
4201
2969
1944
4421
2079
1496
1988
9036
1946
26142
2905
29166
3016
8477
2716
2392
5112
1668
5809
1403
1509
9752
2619
10315
1868
7553
2513
1773
20887
2646
982
3007
2635
1721
3497
1773
15481
2867
2040
2243
30667
2773
2151
917
1598
18237
1685
43701
1949
18411
1122
806
2772
2325
24727
1589
17368
1608
3044
2006
1886
2327
2094
18844
25568
25947
1371
4998
999
8775
1039
2511
3261
5515
1412
34376
1514
17443
24846
24490
28795
39628
7914
2465
2444
4958
3684
3711
2508
7469
656
1258
4858
3135
1702
4054
7702
777
16808
2709
2465
1315
1697
1744
2481
907
19433
2277
1020
22735
1799
5149
1789
1851
1829
2640
5530
2239
9116
2255
11877
1908
14893
51072
5090
1745
1651
2789
2966
3208
2490
3466
1499
837
7686
1144
2427
2126
1367
3899
12510
1172
19150
1851
2380
1027
2191
13983
5897
1048
797
3038
2405
22072
2869
38140
1169
2547
11675
44102
2275
1612
1848
4228
1463
1121
11401
2276
8560
1668
1821
1492
1975
9188
4277
19116
1759
3334
1985
3190
2134
2472
28403
40082
2797
2290
2283
14983
11306
9927
721
2589
23704
854
516
1031
28441
8546
1135
27352
4929
13269
3024
17989
2411
3107
967
1852
15172
3135
2541
355
6562
2058
2253
2308
2480
1924
4024
37780
7365
3056
2731
728
3095
11913
2543
1540
2806
7185
2097
2539
1434
3038
9620
2665
7739
1952
1835
26829
6251
3691
1617
2611
1612
1053
16524
24974
1975
1432
3291
2318
14991
7294
30687
1055
19683
2020
2363
1329
1255
2378
16033
1637
18207
1562
2472
1877
2926
2334
2297
13641
1341
1672
1618
2994
2383
2368
96579
14124
24822
909
1011
2642
2059
1008
2271
13989
1534
9406
35267
23999
2173
2371
1572
16455
1239
1382
72247
811
1459
4829
2436
1194
933
29170
2583
1746
12887
1236
3465
880
16736
16330
2539
1981
1273
18461
2523
2803
7866
782
3111
1892
12501
20038
1604
1158
3024
2685
1720
4457
6820
1356
2260
1531
1493
3799
1961
1778
1637
3469
2322
3618
12003
1597
11849
32365
1316
1307
1213
3319
6316
1677
3508
3175
1584
3057
2312
5824
2454
2617
3684
822
2651
9060
1182
2305
28073
1893
576
12529
2476
2279
1580
1851
3523
1382
10364
2887
1982
2293
799
3487
1010
20319
1076
1292
956
4708
2092
3102
23062
17513
2978
2488
2658
808
2741
12089
22982
1889
1641
7670
2604
5886
4715
1460
3078
6709
1439
15456
718
2308
4800
899
19736
753
3528
2830
2148
2621
821
809
2497
1999
1711
2767
1384
2422
1369
1463
2624
41970
2681
24605
2863
3189
31566
2144
2655
2696
48399
1277
18366
1097
1070
1902
2104
11718
2035
2433
15887
1125
2389
4228
17393
2342
849
2702
2804
1770
1458
1281
2258
1753
3188
1645
19415
1069
1170
2100
17308
1051
29779
2227
3046
3050
1915
18820
1912
3210
2545
2701
1991
2107
19446
2025
1585
775
2969
8505
1241
3074
8275
2144
1712
2059
2482
1035
1171
1147
27124
3006
3245
3942
1428
6707
2003
1684
18230
30146
9282
4424
1793
2114
42301
602
2281
3192
3165
92109
8467
4301
62102
19542
671
1997
90068
2159
984
2501
9644
2750
17856
3071
2311
2926
27859
767
1677
3522
17815
19573
2410
15069
14232
2655
3161
1027
1520
2062
12523
1546
1736
1406
895
2227
2284
15449
1823
1566
3605
15733
82303
2295
1227
1106
2289
2258
39533
2222
1808
2311
11381
1764
1036
1693
1530
1495
25825
2328
4779
10706
4197
9707
2617
3870
1451
35723
1811
2110
6879
2489
2686
1596
1999
2283
2261
2138
7758
2707
3039
7848
2461
30748
2670
2442
2059
751
2665
1324
1619
10181
2227
2604
1663
1492
1485
4534
4293
3718
2205
1900
2742
12481
2767
22776
1971
17604
998
7133
2875
2879
4252
1187
1614
2769
26788
1021
18515
867
15773
12159
13013
3625
7642
3077
2854
1655
1576
28259
833
48766
1893
11901
2374
2313
2771
589
18160
869
2933
1700
1616
34662
1955
871
1222
3828
1675
3024
1559
2907
16449
2017
20081
2321
870
1542
3058
3312
1506
1538
1969
9802
2490
2256
26452
4519
2589
3036
1109
1799
2251
1080
9337
3650
1378
1639
2772
1770
624
988
1340
2412
734
2559
905
2774
3316
37646
3450
3835
1389
1997
893
4280
3981
9850
37979
3044
3414
6120
2652
1621
2224
2838
18718
23721
1826
2125
5314
1914
2930
21108
2168
2161
2682
538
6606
1348
1897
3829
2682
1508
43750
1927
2886
11954
2859
3509
2431
1525
1943
2565
1147
1589
1237
2191
2330
3462
24942
2010
13973
4630
2303
2480
1950
2454
18782
2431
697
7323
7609
2397
3659
13960
13169
2182
2742
31144
1181
616
9169
2968
1610
13626
8124
30948
2860
42196
2651
737
2099
1270
45989
2301
3601
17688
2645
14224
1161
1945
1740
1592
1326
8668
1964
1579
10154
1248
1386
764
2788
836
1413
1542
13973
99044
11838
793
2403
899
2306
51163
38528
2147
9155
2871
2043
1211
3060
2055
882
617
730
1933
27649
2029
1408
2617
1929
2306
5299
2111
1649
31702
1556
2635
1488
14562
3657
4301
974
1156
2344
2145
3830
2048
2094
783
1511
2103
3477
2007
2017
2001
2399
32349
2501
36845
1948
5432
11352
2021
859
1964
2539
2638
24934
3360
3444
2893
2239
11944
8224
2868
8213
2842
1955
2294
2002
1897
1228
1532
34114
2493
10363
1923
2021
7101
13603
28216
1559
842
8199
2110
1472
3231
1051
1849
2030
3062
1877
952
1480
10791
27858
2695
3217
2009
12162
13467
2214
2274
18795
2724
2177
2292
1657
17230
1529
2322
1946
882
9271
1619
3960
900
1275
2243
2551
1609
40477
1756
2484
10566
3158
6023
10400
2533
2502
21619
12889
1046
2376
3167
18575
2455
51284
6897
1108
2965
2147
1976
384
2060
3661
10840
1338
1894
9778
1558
23719
5894
900
1058
7974
1890
29114
2730
2116
7964
19013
2672
3033
2861
2224
2754
692
1050
1143
2335
1653
2360
1649
2753
1405
5958
2639
24174
10172
2081
28134
2303
2831
1215
2771
6538
2111
2617
9415
2927
8082
990
1639
1865
2664
1248
2463
2490
1772
2153
3284
2896
987
39341
941
33006
2922
3245
2078
24033
1604
1347
1222
3968
1152
2350
3162
1121
4437
3692
1820
3451
1942
2062
2621
1832
4398
2275
609
1829
14536
7170
1909
1408
3124
1942
3125
3500
574
13637
2886
1029
1716
3370
13006
2659
23028
5480
2905
2111
2620
2077
1548
1767
974
2087
665
2667
1968
20313
1775
2093
15297
900
643
1136
2389
2124
1672
1301
5596
9691
3041
1195
2134
8713
2902
1712
3302
1928
22227
4885
2146
1072
29247
36680
633
1973
1008
1648
3103
3189
1310
1706
47230
2927
3397
7663
1785
923
1285
12262
22127
937
1820
2087
7837
1733
2583
2554
2751
15632
1215
8015
2315
2181
1433
13864
2796
432
2509
30416
13261
1455
2189
80360
2050
1270
2250
12089
7895
17388
1638
1650
13395
2570
1844
3213
1837
16804
26155
11018
1921
1463
2863
1497
15838
1256
3938
51986
2954
3598
1308
90973
3399
1014
2390
961
2910
1863
1314
2995
1002
542
1957
2047
1934
1136
18617
3472
1572
2221
1762
15666
15425
1671
420
2649
3903
2695
1686
2897
3943
1483
2690
11884
1713
2762
2175
1601
1015
2014
1833
15919
1158
4015
11900
1950
3710
2489
1564
8755
16386
2541
3086
2006
2589
2670
2881
4310
7888
2082
1624
1429
15948
23020
3979
2061
2426
1090
2491
2828
1804
843
1362
19694
8691
2544
2481
17949
2839
1755
19049
6076
3649
7730
1587
741
2473
5809
744
2396
10686
2062
2327
1517
8341
1625
2183
24778
958
2041
3097
45042
11612
2011
2983
23463
874
6549
1231
3387
2350
899
12307
1711
2248
1487
2765
5682
1770
2583
5702
1633
1541
10300
4910
1976
2058
32356
4661
2892
3305
2538
3895
6042
2521
2458
58485
2238
1456
3419
19347
1773
2999
6964
632
3056
4384
1735
2687
2938
3735
29729
1135
1946
1871
13447
1442
31300
1419
5170
11725
1550
2244
6362
2077
1336
12264
4436
1070
55965
26381
2800
2669
4081
29213
25241
16493
7390
31474
2397
2163
1864
681
2202
2655
1044
6115
1757
1182
2282
1898
9340
530
3046
2312
3563
5589
21900
12049
840
44576
2750
2991
2342
1463
6871
2743
12525
2579
2548
32615
19452
3091
1747
735
3034
8373
2358
1791
16132
2533
3062
1189
3141
9698
4073
7188
1508
1990
726
1834
13753
1709
2060
663
2157
1128
2135
1496
8706
2895
1738
37174
2160
11464
7124
14604
3234
4673
2566
2886
2734
25901
20918
86716
1862
2024
594
2244
2200
12670
12512
23788
13265
3590
40021
34798
2115
18835
3155
6594
38580
2218
2793
5564
2203
19101
2155
1474
3203
1385
1865
15640
2076
18083
41594
3291
8620
882
2199
9158
1815
2059
3775
13673
8609
1725
33335
13566
20216
2549
2537
1831
1273
3117
2220
2273
2402
11125
1646
1699
17207
2707
15913
1205
938
1119
1761
1654
911
2922
1729
2020
1765
9427
697
1775
2749
1128
589
2377
2213
3632
4232
11803
17123
3668
1512
2425
3752
2614
3166
13188
18438
3056
2327
49305
1928
42468
25313
3680
3634
2160
4299
841
1774
1626
12663
1915
3000
657
3356
1550
1479
19939
2527
1176
2600
1573
4941
1527
2373
2664
1798
2534
21909
2914
1118
1878
1947
2434
18200
2268
16566
2673
1905
16048
2358
2802
2640
15111
3259
3151
3454
997
2085
13311
2713
2794
2404
3189
8238
22989
2811
1959
883
3775
1445
18262
1813
57902
3014
2326
1607
1547
1817
2308
2642
3555
3856
46227
1965
5598
2450
17502
2341
15522
9531
8680
1115
902
7754
1901
18458
1374
1461
1907
1060
2521
1797
9877
8257
8980
1754
1628
1212
1566
2238
1749
4910
2565
1558
2943
1374
37470
1752
14588
10801
1957
2783
10089
1719
3058
1904
22535
1087
3214
7231
640
2845
1048
2127
12000
2227
1739
1936
2815
2039
2618
2824
1933
1599
9617
4681
7055
2434
1192
1901
2330
3858
2908
2064
2188
9806
1813
28277
2255
8940
2183
2965
6881
5185
1291
2655
1414
2425
28089
2149
4778
22505
1479
2177
1333
2283
1566
1303
1263
1058
1330
1438
3441
1481
11595
2303
1189
8009
823
13945
1160
1277
1736
2045
7357
44483
3441
1301
2913
26799
2091
14471
2533
39585
12202
1228
49170
1472
1068
1911
1123
3337
848
5796
1993
1225
1723
3457
9643
1380
2679
7633
1124
1332
42153
2361
2104
15669
49694
2997
1065
18573
1573
2317
8226
11322
1841
779
5794
1848
2436
13734
1051
1406
981
11356
2144
11160
1761
38663
1119
2643
2992
2658
1392
1287
2537
1505
2740
1935
2142
5018
688
25926
7802
1365
1435
20364
18174
2553
2277
3716
1744
2170
12746
1047
2895
2973
2655
17983
2625
906
1192
1625
27629
1699
63284
1589
2553
1064
41465
1630
6207
3522
1075
29173
819
766
984
3451
2849
22364
1869
5554
1980
14457
2137
2421
2918
2259
3424
2468
2258
2900
2254
1813
1105
2136
77902
25256
2941
9933
1435
2325
399
995
1356
2316
1746
3135
1878
1739
1893
1702
1683
3204
1279
1962
1264
764
1433
2097
2315
1086
2363
1714
2688
2825
2031
23428
1966
2248
2858
10699
1173
18150
37583
1100
4584
800
5559
1482
2025
768
18163
1313
2722
4617
2008
900
1897
1750
6345
36747
1571
2789
23101
1243
3252
1597
2573
25385
1863
2025
2932
2484
24790
1869
2259
1192
8710
10546
5721
2165
2338
14346
1948
16078
1392
2397
24784
1163
11708
33068
2708
1930
1099
4784
996
3032
10171
1822
1947
2201
1475
1596
21607
1928
9921
14835
1640
2399
2044
8351
1976
9084
9640
2168
19139
3716
1459
1751
8187
14685
2311
1136
4253
52691
1910
8778
12936
13361
1761
1754
2190
4210
942
6908
2527
3036
1416
2315
2346
13084
2462
1040
3927
2483
7038
2473
879
6720
1688
3017
1590
24037
1897
2242
3761
2968
1756
2972
666
1129
41335
2382
3471
2072
2675
2147
1699
2066
1241
2378
2796
1026
21154
3300
34322
4629
3817
2418
3458
1935
15243
1583
3168
2220
976
7039
991
1953
3490
2253
2850
2011
10146
2100
3307
2061
1223
1880
11429
1706
12229
1108
790
20344
7339
11483
1257
1734
2275
886
1796
32733
3611
3097
2696
1621
2278
1025
1820
3342
2387
1591
2073
1160
933
2948
3852
858
4095
12528
3207
2235
1370
2688
2886
1766
34605
2405
2721
2029
2288
2367
2586
1907
17550
1772
19117
10325
935
2205
1025
1591
2295
4697
5784
8415
1149
1484
826
8884
27073
3228
9341
1867
30422
14052
607
1337
2344
2114
2006
2996
2060
1976
3044
691
893
2546
428
2981
997
1496
2101
2694
1698
42227
2372
2543
9479
13755
965
22479
7049
2155
52755
16437
2667
5101
1447
2685
1462
1232
1221
36806
1837
28951
2573
952
4346
7764
2307
1692
1783
1492
2808
2161
1018
1608
576
1601
2402
873
55627
2842
2569
2932
10706
10305
2541
1398
98535
791
1925
5627
1092
806
1040
1494
4263
2637
3151
14256
30666
2954
1185
2035
18235
1116
2291
1655
1975
2686
3936
794
3269
8489
5945
2727
1493
744
14230
87029
32483
2018
3297
4991
1515
1208
6697
48539
2359
1424
3931
2595
5799
1974
1688
6161
1090
2898
19883
40596
2016
2288
1180
2066
1141
6976
2538
2336
2582
3330
2167
2446
2406
3038
2772
2396
469
1222
3342
1207
2460
1790
2242
1285
2018
678
6556
2768
1510
1149
2026
2997
2393
7559
2624
32042
9103
1917
702
22891
14238
2342
1625
707
2522
1055
21096
3010
493
11217
681
48813
2559
1873
2282
1778
6395
10524
2995
3078
673
1608
1857
1065
1979
4361
1790
1650
2414
1557
1122
1001
1149
44264
1524
17247
18574
1481
14982
482
990
83148
20290
1977
2306
1804
2127
998
2698
1059
1031
39538
737
1743
17418
12791
6033
2027
2573
1721
55367
655
1806
2731
1560
2866
3167
24566
2691
2071
38062
14835
1920
3210
24836
2497
10793
7325
2362
6002
2230
822
2439
1524
4951
9864
2347
24356
30971
2311
40202
15355
1473
1644
2087
16114
17411
2842
1391
51865
2081
1865
1997
2286
933
2833
14288
1611
6274
1309
2265
16033
1350
3053
3101
703
1998
1579
2085
5510
2440
2155
2910
2378
1693
1874
3172
2124
8513
3470
1586
1048
8378
4275
22392
1654
37969
5068
1288
1589
995
544
2952
3749
1500
7301
1698
2305
90299
6732
1403
2025
1200
2073
2756
2007
38124
23625
2542
2019
3635
2219
3568
2106
6419
2937
1174
1900
2951
5718
820
31682
55255
1002
852
3329
2956
2187
2035
8509
2836
1552
1640
12188
3094
3049
1171
1912
3118
3624
1867
3182
32824
1031
2330
1984
377
2449
932
885
3368
71244
1107
4285
1532
18698
1640
2267
2294
1674
2035
2529
1578
99584
3268
2499
9114
1343
733
2610
1888
2235
3311
1404
12835
3174
1504
1801
33819
3477
921
15167
2442
2332
2352
1848
1470
2447
16124
2644
35483
2775
31867
1949
12468
1428
7444
3443
3397
2113
11836
861
27835
8639
20132
10058
2492
1915
2044
14631
13786
3178
2074
661
1759
8985
9475
13510
1286
2135
2441
22086
25769
17155
3120
1723
1255
1696
1306
2462
1076
3346
2171
4498
43902
2347
819
4487
1216
1903
3670
3076
2309
1253
6340
17595
19913
22990
2202
2003
2946
13423
2501
2340
1245
3236
1243
2745
2038
1140
16536
2563
2739
2423
2211
1697
3932
2130
1009
4459
3511
2031
1656
16091
1650
2181
2397
1527
2231
1271
3025
2201
2173
16279
2065
1007
46506
2086
2950
2616
2459
4233
1651
2688
1223
37302
1974
1940
10052
1145
2623
2839
10055
3780
1008
2924
1461
1709
1948
1863
2667
30877
8065
4229
1492
4012
1520
31900
4774
1893
2278
9804
61375
1385
1330
26869
1077
504
2261
7849
1029
9631
2524
8791
1732
1622
2915
20627
3075
2642
26312
94355
1326
2794
1730
1818
3025
2699
27127
2044
2399
1310
78825
8771
2964
3899
10606
1581
2112
8591
2044
2038
1308
2520
12139
1804
1904
1152
654
2310
2896
1572
9685
4357
2909
1641
7857
15388
2906
11742
1489
3027
1700
1515
2287
5499
1502
6698
3966
2020
1714
2222
966
1477
46803
2211
9257
7518
14576
16922
47835
2161
1727
2583
1715
53039
2307
16031
2915
1121
8449
1593
2808
867
2838
2134
1506
28102
2259
1483
2169
2192
2428
1718
1975
1547
3057
48800
7664
1666
2491
6751
5465
2489
2066
3451
36970
17898
1508
1590
5471
1749
4091
4213
1679
871
3357
15884
53038
5693
4086
1886
38647
3278
1945
1849
10540
2188
1665
10417
10009
2123
6790
1646
1202
12967
2332
2926
1453
4138
9686
1119
2763
5361
4336
4130
2950
34381
18908
6587
3160
2227
55630
11083
4124
1448
2248
580
1285
955
18034
2356
29319
23926
2263
22460
28883
2210
830
2458
14883
2017
983
1957
1278
5595
16025
8355
3747
2595
3346
5849
1555
2379
2623
1375
15713
13643
1512
1713
8342
1519
31442
1051
9050
2634
52839
2027
7755
18016
1846
1023
1108
5903
783
3597
1509
9739
1360
2556
2063
3042
2159
13601
2605
1391
21117
1216
3045
10411
42895
2647
3590
1827
2026
2186
46661
11614
2006
2541
3810
20126
1100
1239
1965
1432
1516
17452
2024
1090
2549
2363
25853
29378
3087
24053
10007
49949
10127
6602
917
3559
1457
2240
1532
1970
1862
2203
4357
3477
1579
47296
2820
21310
4854
2786
3345
1834
5842
2396
2062
34345
969
30244
1288
1135
8212
2508
1955
42996
2237
2587
1610
1305
18446
3284
21804
1193
1963
62612
1497
33228
4007
2108
1002
2215
1202
1403
1067
3166
8373
2432
3527
3964
14581
1932
29202
1616
2762
2630
860
7366
1096
2397
764
1631
1655
3344
1405
22555
3490
8778
3564
2860
2621
16138
1939
1813
6926
1244
1291
32149
17107
1454
1618
1967
51928
18098
1589
34946
1314
2303
1181
2470
3503
8623
22232
1629
1487
7324
2579
2367
1511
4994
2394
1286
2635
3119
3664
2829
68101
2720
3153
804
1883
1088
1875
27354
1824
682
3089
2231
19396
2091
1510
27216
10111
1962
2129
15255
34102
2397
1082
74228
16174
3215
2624
3123
2586
21808
1667
1964
2481
73179
1066
4349
2141
16719
6771
2234
2352
3178
763
2411
3892
2223
1171
16245
8548
3999
1859
8626
15483
17958
2566
5966
1657
51432
1123
1565
1791
1183
12448
1140
14754
17521
14199
1027
1516
1148
2431
1087
2019
2226
1642
2675
899
26814
16755
1255
23766
2859
2240
1853
1895
2020
882
3006
23149
2843
10226
2246
2830
2062
1832
4810
1809
8645
5895
1362
1233
5495
5907
1463
1374
2271
6189
12970
16922
15189
2425
3089
23972
4876
14101
6545
7872
1034
29684
1906
1970
8539
2076
16543
4397
3071
2235
1666
1626
1097
2628
2204
16173
2725
1988
2508
17622
1976
1065
3533
10868
2575
1262
3073
2052
1818
2380
1813
44476
483
2002
1529
2667
1547
1765
2362
2918
571
11163
2059
6493
961
2102
43489
4931
2324
2435
11106
2618
2956
1283
1644
3587
10542
2639
12370
19696
2014
84283
2908
1029
23738
1909
9983
1366
2527
3741
1017
1472
45073
34375
842
30577
2455
13245
4102
562
1629
804
13786
3083
21998
2830
1175
2460
571
3081
4696
1249
34743
2051
1534
1707
58132
1569
6045
1100
554
1411
1846
7303
21253
1977
2306
10960
1760
7404
2399
810
7034
2144
1800
10038
20355
1976
1739
767
2153
2153
822
1960
48547
9547
3255
3902
6852
1634
1570
2633
3657
2389
2043
2159
50357
21997
2714
2312
3629
2752
1548
1579
1932
1396
1544
5075
1889
4741
1147
4316
2009
1793
995
2436
1325
1463
710
2002
2690
1866
7636
2668
1206
3184
16390
10280
1769
2979
2474
2775
1772
2688
21222
32300
2215
6713
935
4361
17783
33444
1620
1346
924
44925
36526
15224
2396
22607
13662
2578
1022
2910
2343
1350
19001
11974
39241
2614
1002
2898
37997
1178
462
7979
1906
31817
1347
7087
2178
1621
2326
2815
10636
1967
24730
953
1748
926
2032
2214
12922
2707
44217
2266
2812
11792
1426
2348
1751
29350
2994
1364
1289
27807
2979
27356
789
1644
1377
5182
1461
937
1397
3047
1963
2713
2813
8095
1447
1787
958
2111
3323
1601
22080
6205
24929
2598
11580
13143
1893
3161
1018
2496
2045
2338
61339
16967
23652
2514
2144
1555
2300
1049
13178
16386
1086
2800
2026
96618
896
3667
1432
2611
865
2804
2343
2652
686
1777
3189
1660
1703
3672
2096
2237
3302
2283
44011
5907
1631
9526
1296
2380
21666
2242
2272
1033
2781
1761
3013
1682
1597
8883
1939
25086
1546
2626
30691
2351
1395
1271
1870
2471
3461
1494
1250
3205
2031
18168
4929
2560
2855
1572
14882
895
3659
21875
10198
3215
1288
2521
32451
1674
2299
9974
929
1574
2376
2757
1227
1820
15608
21874
2486
16906
6586
4006
41462
5212
8997
8586
13510
1224
2433
1744
1275
660
20615
951
2304
672
3304
5317
1927
1611
2595
1806
850
4353
2229
2828
1906
2119
1223
1857
11470
10214
10565
1428
2262
2570
4948
2964
1437
2124
1607
1938
11971
1026
3612
5373
2616
13565
66871
26335
14067
2593
17657
19157
1740
6313
2446
1604
1846
481
1011
2303
2281
3430
1733
18720
1068
3691
960
1893
2334
1711
2426
2204
26094
3697
1934
1606
13015
1602
1499
2943
2303
1406
895
837
6492
292
2116
5974
1288
3108
1138
1750
1301
1380
7451
1449
1401
13094
9839
1604
2200
3854
2168
1343
5165
3479
25505
2026
2886
2884
9636
13178
1631
21418
13098
16656
15210
18141
942
2344
1407
2480
10820
19503
1847
1305
13644
2957
1861
2011
2061
13033
14799
10289
12003
38704
1494
2282
2585
2071
1805
2472
1677
2231
2641
35761
12932
2805
1663
4239
1455
40448
4133
1665
21490
1588
2105
2304
2848
17642
11927
2326
2516
2227
1330
6773
26881
14967
681
1432
21237
20446
2342
2664
1367
1419
1834
8247
4295
1596
7455
22650
15066
1168
1332
7314
2142
2092
40751
2287
2659
1085
842
5507
1895
349
5091
6154
1663
1245
2141
8912
1279
1966
7182
1344
3661
28051
2369
716
4076
2999
917
63786
652
6685
21131
26946
1288
943
48698
10739
3526
633
2521
30939
2186
1381
2000
45705
17625
1694
3376
1700
2536
2478
560
69952
1791
16147
1761
20352
35057
2175
2181
3146
1588
39001
1511
1189
38594
940
1672
1841
4221
1760
2129
456
1897
1198
10795
2030
2097
1287
3342
1726
1765
15944
37928
3107
1194
1833
2262
30733
1784
2381
9148
12340
12586
22672
1240
2135
1764
1794
1179
1881
2435
1315
2474
47547
1969
5375
1715
3094
22829
5885
2325
2003
1548
49671
908
2620
12247
2677
2917
2249
1401
556
1577
2411
2009
4717
759
684
5770
1369
1379
25229
1063
751
1106
3171
3518
1997
2423
1815
2443
7592
1921
1423
20017
1356
2756
1188
2705
1913
1386
1435
1270
2745
1595
1826
2531
2274
2149
3564
1991
1708
1954
31281
715
39837
2599
1739
16643
1278
658
933
618
5023
5685
2389
5783
19479
2884
2039
1994
1367
1729
897
2172
2939
28851
2508
3053
2021
1043
12501
2918
1537
2451
1129
7724
2830
1809
3362
729
1373
3856
2789
1218
17514
2531
1717
2035
1422
1078
2916
1333
2314
5830
28808
1336
2002
1056
2741
1827
2244
2052
5100
15046
838
623
2206
43151
1289
1704
3234
979
7134
2435
1638
5941
2954
2751
2147
2263
1610
899
4836
45331
2528
2518
3765
8812
1527
2179
2336
20923
1653
13164
2571
1957
4374
2009
3343
29510
10943
737
2793
1849
10460
1441
364
8842
1250
2078
623
1227
20832
2616
6546
1915
3271
1551
2056
1425
977
3710
2975
732
2026
3303
2191
2522
2720
1538
2599
1809
2026
1501
2188
2396
671
2604
2033
2611
14610
16155
1813
1777
25931
1810
2388
3376
21347
1072
3884
2398
2922
1876
1408
41546
882
1039
29912
367
3077
18102
125024
8119
2027
9691
1353
1048
3633
14105
22517
1478
6117
2185
15242
3506
7614
1979
2584
2840
2979
2164
49288
1161
2660
2753
15645
71924
2068
18691
1604
2119
3124
4962
1770
2504
2193
10157
1515
38866
2141
3347
2257
2218
1835
2778
2659
13525
1490
1778
2340
1549
2398
5112
7549
5328
1169
1659
48307
22366
6101
2814
2150
43133
2759
1333
1987
2496
1079
1304
2193
1400
3341
1147
2914
2212
1033
2130
1696
24304
1027
1617
3311
2071
1631
2213
1969
1975
10848
2613
24792
3522
1613
894
2743
1268
2648
2841
4369
2828
1783
2955
4055
2443
2006
2228
632
2088
33674
5718
1999
1090
36800
23628
1029
4773
13757
31033
1512
13775
2552
1592
32755
2013
987
22811
3073
19110
2171
2054
55003
8086
1915
2600
2749
3119
7438
27352
15112
2253
2156
1199
2244
2875
1358
661
2308
1012
6861
2106
39331
2775
1480
2123
2689
7281
1245
2897
1591
1467
2280
4405
585
2031
1904
13057
5119
8768
1200
1572
16190
1525
2237
1332
2551
3335
20391
1604
9773
1279
1982
3371
153497
2761
862
3676
2524
4892
1668
23041
18088
3748
1626
2611
2425
1389
1913
2269
2452
26577
19462
2793
3796
948
3308
1015
20771
937
2323
4746
1797
2607
2546
1820
1920
1900
10995
3128
2242
2669
1922
1318
7471
2709
1911
22765
2243
1708
5757
5231
2396
4548
11882
2594
2160
42061
1408
1572
2551
2072
5842
2687
973
14653
1702
4271
2738
11116
2939
1997
7200
3413
1059
5280
4648
1916
2340
1240
3035
2580
2339
45405
13926
3236
17070
2572
36716
2166
3585
5451
713
8560
2434
1644
3389
2728
30992
7104
13479
1575
2245
1716
2872
18696
782
686
3109
2682
1112
14217
1044
25069
8664
2335
6227
1620
1866
3840
5045
79383
2523
2210
34609
2899
1817
5060
1512
24374
3015
10250
5579
2042
17790
1294
73247
3764
1437
2168
2598
2034
3095
2634
2720
1685
1649
1605
2519
3704
1815
996
7275
1142
1756
44197
2806
18757
2199
1861
3441
2180
1906
1471
1408
2243
1158
1475
1124
2996
915
3962
2082
4326
2130
1776
3661
9064
7066
2753
12884
19809
1649
2283
1679
596
1623
1779
2755
51065
29473
2255
18523
1676
3803
921
5046
2361
1561
2416
2360
12378
1872
3731
5215
18270
17353
2874
4511
6273
1147
1496
47644
2880
2116
3121
4344
8448
2147
2623
3478
2109
12054
1706
3818
1757
8160
2880
1911
2902
466
3087
1153
41423
58342
1782
4877
1008
3372
808
3371
7455
3114
1670
777
1221
3238
13117
4050
18988
2529
831
2415
725
2703
9381
2403
1502
1264
3985
2806
2055
1486
17816
1611
19305
14329
43200
2667
34251
3556
30570
2940
1393
1731
1286
33579
3023
56439
8741
11609
7991
2816
1957
743
2913
7684
1835
1023
1905
1458
1469
1884
2491
14354
2471
4800
1100
2958
1919
2294
2804
3001
2027
1510
24401
2398
13168
4216
6119
1035
2536
33536
1970
2027
2166
976
1814
2089
57549
22022
810
19851
9320
1001
20677
2138
1792
4304
3951
1602
10076
2266
1028
1915
2751
3670
2594
11275
8408
3897
2743
2532
2604
2621
3021
9033
2546
683
7721
37321
61801
6680
2441
3445
2032
5397
3005
2562
2666
1720
40688
10253
8176
13007
1426
2049
20344
1801
7566
2406
9576
415
9274
1821
917
965
1259
926
2283
3821
2619
6414
2486
3183
1371
18047
38891
41101
2170
1731
9851
1475
3757
11091
1975
3401
1577
648
2412
2748
1695
2651
1201
25082
1276
24931
1330
2184
2740
2827
1489
722
1960
2674
8568
2108
9226
892
1277
2282
2191
33707
1671
1070
2058
708
2725
3164
2542
872
17451
2554
23171
2448
4680
967
2172
30058
500
3126
2062
11238
2748
1002
35164
12161
2783
2340
57307
1055
2170
2779
1335
5167
2416
1402
2095
7131
3181
1150
3350
2376
2198
10894
1233
15790
26465
1904
2776
1944
1816
27260
2279
3125
1338
1183
2023
2168
48945
763
2120
1095
8274
1061
8552
3081
15728
529
1562
102788
1484
2489
1308
2402
401
987
2583
1589
11754
12004
2609
699
2362
3011
1497
35889
1831
15425
35879
2077
3381
2272
3692
1318
39084
3217
23516
2326
26246
3060
38260
13033
1073
9328
1645
2361
47948
1579
22604
2207
1791
25172
20169
8575
3803
2282
1256
10616
16722
3262
1607
1414
575
633
1229
9017
2697
880
5430
2062
35654
1389
2801
2912
4281
722
32931
2276
873
1137
10473
25742
1618
15237
875
31227
2624
2454
2363
2398
9401
1679
2885
2512
2945
2013
4067
24087
2091
3056
703
2397
19582
2115
23805
1524
1691
23252
30944
2473
1187
2456
900
10272
34569
1650
2045
1757
2493
2880
21881
2062
10209
2944
1357
1371
1806
2366
2412
1946
1168
1911
1113
35834
3160
1763
852
3208
1515
2045
1118
2700
1922
2789
943
1743
45551
1359
1692
17641
3036
2512
33802
2170
2143
1042
11892
1239
7893
14817
1122
16908
781
908
1749
2961
2989
1031
18027
2812
2232
15872
1288
2824
13278
621
2196
1965
1390
1195
3158
4057
1086
800
2023
3871
1599
1945
2754
58253
2729
1408
21667
2112
3591
2482
22776
14027
4669
2189
22536
3292
6719
411
1306
1597
2368
1950
1958
2067
13935
1423
7375
1383
49416
9116
1856
46573
1386
1918
18687
2563
2116
1064
2231
2666
10866
2334
3017
12454
3280
2211
99190
1727
3143
1452
1075
2563
1423
11412
1075
2922
2982
1643
1241
1118
2872
1624
2479
6842
2920
1709
33988
1934
3524
4384
1968
604
2357
2596
2053
1123
1925
2135
2273
3187
1887
1953
1724
2700
22491
4299
1492
2316
2123
1530
2929
2410
18348
24314
2455
3175
52668
2014
1356
1344
1666
1451
1327
946
27340
1192
2763
3426
1631
19943
1957
1459
2075
22477
425
2548
8772
1389
14929
1397
58241
2832
944
660
937
8588
4215
19030
41479
2035
2027
1316
12840
2710
4976
980
1733
1057
3056
1952
20168
2024
1709
3109
2880
4432
1008
2387
16969
2474
15019
2684
2628
28331
12092
2938
15187
2330
7047
4334
3030
2535
1743
4150
2447
2763
19791
2678
1830
7607
3214
3908
2330
2504
2419
2799
3502
842
2468
1501
4165
863
3433
1985
3020
2606
1308
1047
18673
10805
3897
2257
1365
1884
6371
1972
893
2444
5123
2472
1459
34248
2702
12441
6739
2351
9638
6420
2366
2620
1727
2361
2935
3531
3589
25976
2294
2050
2234
2559
800
1249
3388
2542
32156
6293
2798
2943
13544
1989
1397
25360
12900
1587
55510
2229
1345
16703
2403
27292
1715
1102
2360
2606
2131
641
2441
1655
1956
777
2023
2541
4779
2543
1528
20337
2056
2745
1870
744
3445
1865
3267
2292
2524
16624
1784
18462
2132
3226
16109
2338
1010
6431
1366
3203
2667
8736
2222
5190
1860
1346
1913
5129
3384
2425
1613
8560
7270
1888
2249
18221
2235
47649
1754
44334
1175
2269
1011
1798
2908
1674
7178
16661
2170
2898
1299
1767
1394
20512
2541
1373
2076
2746
7037
10046
5723
2333
1264
2463
16381
2597
10597
1023
643
18518
865
2448
9903
11171
3227
2365
1421
889
14475
1568
2208
11865
2345
1890
2802
1861
9899
938
2067
5722
6395
2495
2402
2219
2295
24202
1441
13705
1305
1709
871
2548
51621
27027
2032
759
13252
857
10945
2117
18811
2778
11208
881
2807
6009
5484
23683
2056
12430
2016
2056
21958
2085
1240
8100
2020
4003
1404
1828
17654
3679
2970
3222
1913
2511
1554
2050
2061
899
1229
4181
3885
4017
3246
1273
2953
7745
18694
48252
1834
3038
1401
2648
1433
25568
2626
308
45911
50945
2974
1371
2918
2724
4018
2193
16464
2638
1513
37537
1441
7688
42497
2728
1275
2476
2010
2279
1614
2886
2614
461
2092
11474
23078
2651
3109
16376
2113
2891
1074
18364
11416
14938
36158
7970
1913
2089
1278
20023
8322
6421
1608
20320
1814
3253
36465
1282
1102
1515
1102
747
1307
702
4536
20019
14347
32493
641
964
2691
2921
2572
3433
4543
1796
14343
10940
1500
3044
19266
8450
1920
6025
2851
1072
