2045
1848
1521
13632
4584
1429
2448
3377
3268
3037
6958
2946
5514
1617
11523
2500
1325
1453
2723
2526
12812
6483
2353
1424
3020
1607
15171
8610
1862
2202
1611
1912
2462
47419
3777
2755
5694
64402
1268
1089
2642
1970
282
2888
1302
29905
3228
2951
11033
1638
2428
1636
2317
2312
956
2960
2186
2784
2141
47840
18241
2152
8217
1775
582
668
2016
3449
718
33406
21316
1940
2043
2271
13153
862
17134
790
2609
3716
6314
447
1484
18685
3177
1442
2581
17725
1726
1911
2655
1649
20945
15716
41547
1845
3414
2208
1296
1163
53987
1361
2660
1491
5347
1488
3165
10325
3107
1057
90580
39743
661
2344
1671
1016
2017
32352
5432
36387
3047
3960
3339
45165
2707
782
9495
4899
23920
2136
930
8209
2592
1985
5092
1511
21836
29858
2828
2308
1363
872
7942
2009
2457
2104
1906
25583
1899
1066
982
1030
2116
11502
2765
2201
668
521
56962
2485
2304
4635
10736
1842
7841
1620
2029
2478
1501
1749
880
15930
9929
2134
1498
2262
2434
22006
6671
2896
1156
703
2069
3174
14404
2221
2333
1789
885
1756
3082
10046
2253
2353
2022
1335
1603
17360
1451
21180
817
7886
2955
3146
43178
998
25903
1363
1128
27308
2567
1355
12961
1152
979
13183
3036
2710
2360
771
2499
1153
21823
1460
5749
6319
3160
2149
665
3625
16398
1307
7399
1876
2745
1922
1051
1766
4181
28786
2095
17087
19961
6390
2085
1841
3254
1202
2345
2259
1932
1204
3886
1224
482
5230
7786
8106
15930
900
30536
1616
3026
1321
14192
2078
7603
693
895
2284
1987
1334
2688
1409
2744
2747
979
759
1560
1842
919
590
2149
1827
1243
2522
1828
2708
1335
1893
12615
2267
2593
2419
3198
2474
1850
571
1626
2368
2035
18470
3505
1965
2599
8556
1097
1747
1820
1290
2011
2622
2679
1264
778
2346
2906
1652
6480
1844
1833
10136
1600
2515
3254
5616
551
9931
2022
1622
2879
872
708
2964
2837
11885
1459
12115
2731
1608
1774
1788
3852
2536
19883
7952
822
2999
930
1444
896
1736
2851
1147
912
2869
3584
2604
2317
3278
20042
1005
1593
6277
2151
2125
2744
1301
714
1625
2805
22009
32547
8167
3174
1679
2221
2795
3437
1197
2438
2358
6026
2219
784
1981
1064
2437
2996
2260
2221
4308
2236
2596
2604
1134
1425
2095
3586
2224
6219
2685
2014
696
2811
18218
2694
1272
2032
420
678
1039
2833
579
3558
2484
2422
2653
9390
1327
2346
8784
2128
3225
19308
1265
2461
1549
9878
2187
565
4509
28847
2061
10608
958
1259
1694
50969
1429
2821
1785
2360
1749
22645
2980
2150
978
3292
2033
2618
1105
3492
4845
2304
1236
2809
13889
1430
1877
7946
1625
2855
34658
17113
1433
3307
1009
2429
10578
2810
754
3037
3174
2570
10002
25199
16740
2397
20895
31334
1113
2055
1485
696
35997
831
1427
8646
2281
2566
940
2555
2859
2410
1992
12765
2329
8480
5526
3341
485
2381
27888
1684
2611
1311
2352
3918
2586
5474
1632
1736
7062
1517
1649
1506
2039
2514
938
20897
11604
1636
2379
2086
1268
2586
2054
13927
1642
2380
26586
1885
1757
21132
2091
1151
1687
1970
1657
13153
1560
1676
3066
3172
2743
21176
14198
25184
23783
24721
3027
11176
1315
5531
5832
2005
1311
883
2624
6804
11268
1370
35263
1397
5718
2828
2171
63536
1312
14331
444
1185
1645
861
1750
1367
9238
1080
1626
2381
41625
1329
10222
2318
2498
5383
23495
1431
2009
12334
5580
3004
11385
2240
6956
1654
35553
55314
1212
1793
12579
3255
882
2127
2534
9954
3008
1669
15143
30026
3258
12444
1177
2179
2744
1665
1717
2926
6380
3415
2416
1738
1411
4357
22413
1286
2896
2943
2330
4092
1897
338
2460
10441
2217
2260
1818
7237
1281
12710
2416
3806
2615
1382
2318
2552
2678
4083
1639
3382
999
9199
13218
2231
2037
3979
1079
2311
732
1790
12108
9403
9825
2560
3236
3492
3132
1631
2007
10790
8450
1734
21264
2371
4473
3253
2438
3008
846
1241
8565
21199
2988
1366
684
2368
2443
3340
680
12875
3586
13446
2399
14594
4308
1239
17493
16153
3455
2993
2646
10118
24925
8304
1608
2031
1081
3520
401
1699
3428
14840
1529
14261
1902
1596
2258
11987
18665
1419
1471
7449
14356
10886
9882
20961
985
2852
29420
3678
1972
6599
1665
1879
13446
1277
2760
20957
1218
3341
1228
15487
1330
1571
1298
15429
3703
2754
14728
1466
1649
2328
15356
16013
10446
2886
2061
5170
2259
1465
2712
14461
1270
7792
1749
1919
2405
2281
1515
1871
1831
2737
2093
3154
2326
1717
2827
3397
1770
930
2169
10610
13042
1774
1384
1454
4683
11274
15719
1743
3357
2278
4546
2783
1684
1224
4505
1165
44017
10294
21947
2157
2308
1649
1743
1842
401
8023
4000
18870
2833
1043
1848
874
1844
32919
2189
985
2879
2589
1042
2008
4224
1226
9572
2140
5579
3258
845
2356
2320
1677
5286
1392
1833
663
2577
637
2348
1387
50208
41302
1543
2039
1478
35010
12656
1243
1146
3711
1227
1812
13256
48278
22929
18254
4168
1813
1058
1073
1852
2538
1390
2363
3499
2194
1157
2852
2590
750
912
27089
2644
1419
1679
2092
1280
2469
4004
1981
1881
1522
709
2472
10339
1479
1560
1660
547
3403
2660
2050
3969
1410
13741
2240
7286
21683
1555
32057
8620
2126
1270
1726
3399
3568
7374
1347
2568
1624
1244
3058
6924
1747
660
21271
27243
1487
1581
17207
3907
2435
3017
2547
1775
2205
2049
849
3366
1431
2551
2891
44479
1766
30606
8658
1297
2732
3129
1306
1617
1836
2694
1732
17332
2951
1773
4206
40867
2017
3110
2170
2797
2260
19452
8968
7320
2990
2992
3263
5841
8708
2565
1032
2223
33525
2053
2107
2337
10822
2359
3533
608
3159
14364
2627
2383
1044
1916
972
2683
2175
2974
3069
2804
2501
4053
3055
4259
5757
1900
2959
9005
2831
2683
3324
2992
1141
11813
6719
1873
2585
23060
781
2890
3936
2139
2693
1711
1042
2333
497
1513
2676
6410
1902
873
2047
2453
2318
9454
1889
1301
1505
2362
1841
3064
1877
1295
2532
2328
24004
60845
1534
2511
5202
2453
1874
1727
57099
961
1447
11214
2708
1288
2726
24747
1849
2810
2177
5509
20458
22329
1435
20915
3202
23539
39355
32210
1735
2880
2108
46988
1626
2376
24553
18989
3258
2450
755
5073
21235
1564
4066
2079
3070
2101
62489
696
822
27709
832
2819
802
2221
2632
1324
2752
3298
2201
4614
6681
19635
9999
22346
2453
12189
2000
12975
1379
2221
2442
2131
3208
1558
6108
1691
4963
2998
2123
3967
2877
2534
6164
6046
1012
1574
12430
1428
1773
1457
7737
20264
2514
1976
90466
1811
1836
2482
8032
950
1668
78154
1228
741
1217
1494
15545
1240
3200
2152
32224
15311
9562
2354
2253
18299
1580
1943
2879
12954
1218
4096
1093
3097
1870
29538
6779
6151
2883
3208
1836
15062
14530
1465
20284
8347
1064
1198
18970
2693
27671
2039
2731
970
3582
1303
1243
11547
2649
9187
4287
2014
43622
3483
2270
1674
851
2053
3159
2847
2226
561
2207
3756
660
826
13547
2674
1989
3482
1392
1306
1637
25188
1238
2438
2397
5442
14613
941
1443
12599
1066
9774
1412
1058
3907
1508
13467
2293
2260
908
1415
2641
9558
881
1656
2481
12270
1247
4026
1148
1059
1616
14300
16187
6854
1344
1787
2474
27655
1730
11385
1866
7526
3421
875
2183
1784
4219
31193
1297
2294
1258
1964
9475
1605
11610
2694
1022
2631
4826
2108
1464
1540
2348
4623
9106
2933
3394
2849
631
2064
1582
1748
1392
1802
2420
770
2914
1218
522
1370
8899
2339
1548
2480
4536
1463
481
35222
1124
1867
13874
14517
7575
3748
58388
2944
1291
2337
1549
1748
14226
2751
1797
6120
1230
2293
1005
1208
1525
9323
7840
5601
37191
1790
2655
8467
2643
2681
17452
1416
1552
2127
1251
7308
2167
11323
1654
24491
1626
718
2155
1159
1416
3491
5759
2104
16172
899
16036
1709
5537
38947
11953
9049
2568
1541
6260
32044
6955
26488
1786
2002
2430
931
2978
1541
1405
3118
2851
979
2088
2633
2057
1892
2117
2930
2404
1989
2864
1055
2540
3022
2594
1183
1134
2883
12606
3137
2816
961
2945
12920
2139
29073
2480
2180
668
2530
1590
1331
1644
2059
2045
2277
2145
17270
3095
1163
1580
3483
1833
2577
1882
2553
1896
3606
1304
1979
2003
60402
2214
2538
4893
6178
2437
6014
2322
58257
1727
4109
1850
19613
1325
1262
1430
1429
2593
7185
1343
1813
77782
2309
2373
21705
1770
23996
2983
826
12773
911
1053
1323
1288
2954
9609
2254
1725
1204
15759
2006
3059
1200
2749
17914
6874
7523
1723
6528
4758
791
1261
702
36621
2386
2282
38031
8580
449
5800
1922
1739
2147
32604
2051
8519
1136
1690
41108
14735
11697
2639
1594
3884
1553
15066
5842
2561
1566
3011
658
1274
3048
13350
2131
12489
3199
1232
1640
1532
10173
3206
900
2263
13928
1348
7916
3043
10663
10569
1857
391
1135
15210
7141
13342
5475
1429
1158
1123
8966
2309
2148
1606
2601
12879
1389
1201
4479
7673
3184
2778
36620
17586
1470
1946
2632
1968
10891
20837
963
1789
803
588
2984
1777
1827
2608
20681
1167
2699
3491
18148
2006
1733
2234
11956
2866
2934
1012
2525
5291
25649
12779
7231
11505
35200
2671
1693
3605
2966
1680
14140
1934
4609
2209
2257
3113
2447
1700
8430
1053
16936
5339
33685
1828
38998
3786
1859
11748
1609
1181
2455
3991
13642
1377
1442
25612
4601
24449
1588
6506
1572
1565
3305
931
27644
1735
2548
3534
1390
1779
2081
8339
1446
2480
9342
1274
4236
11955
24347
785
2219
2385
42209
4684
1751
787
4490
1355
5461
2431
2866
7698
2850
6196
735
2374
1937
26505
1122
3383
19335
1700
939
2999
3618
3025
2425
2301
1827
1561
4113
1768
943
3545
2587
2700
2218
18290
1631
4946
4065
1844
2064
1623
893
3207
1499
15948
2657
11487
2218
24553
3618
15156
1327
542
26932
1766
2748
1810
10436
19655
24107
2690
2342
2875
5451
2520
15613
2733
3614
2036
942
5442
1836
3489
954
870
2930
681
32445
2205
699
1520
11956
2257
25337
1619
28142
1539
22225
1940
29553
2126
2591
1656
32175
976
17726
3333
2382
1351
54674
1423
1054
23770
379
2254
1867
556
2891
806
16153
1910
1983
3246
1384
21379
616
2457
18017
2592
2533
57384
3900
9121
1887
5153
6849
3405
2826
439
1060
1262
2971
9596
3637
1015
26851
10308
1514
1429
25836
7419
3304
2634
1000
2477
56281
1683
1416
2585
5726
4345
8399
7409
2220
32612
4659
3320
1256
865
28352
42957
2119
5414
11762
14216
2740
852
4393
16432
2471
1302
2002
3860
2879
54557
2346
3564
1223
4337
2384
3103
1252
1744
1719
33142
945
2197
1929
1774
1590
2029
2927
17814
4167
1346
4377
26399
10848
2545
4606
2537
2941
17929
1367
3077
10485
26320
3657
40511
1722
637
2143
30724
2241
24888
1470
20876
2432
1433
2513
2012
1755
12835
2120
17482
2071
567
2411
1959
3903
1532
1285
22669
2390
1863
16454
2132
1318
902
2607
1647
1033
2695
1011
10129
2235
2037
1507
3366
1240
965
6761
16551
3075
1796
3838
3534
2644
2176
5481
8334
5223
989
1809
15667
2392
2345
2211
4885
2690
1865
1316
1038
5747
1379
1425
834
22528
23035
1459
2203
1456
1994
2484
1641
1676
870
7158
7257
1835
47850
2834
2033
57046
383
24669
2091
1401
877
21482
2512
1849
3491
2225
2880
3266
1065
1692
672
28871
2407
1275
1810
9554
2631
2286
32511
784
2580
9668
714
17173
1406
2619
21313
6071
15092
5882
2760
2250
3421
16584
1721
2397
11971
20262
8583
14735
1335
18911
8287
3365
19957
5587
1267
2245
1744
1410
20002
5968
7449
1746
17313
35270
2144
6796
11188
1439
1142
1397
1818
14816
1986
3836
1770
3030
1460
1710
550
2469
9137
14380
2880
1540
1494
3432
2684
11059
3408
585
1897
1987
1155
1672
1293
1416
6001
2741
1508
3359
1073
2419
2422
3324
880
1526
22917
6698
13238
2747
1594
914
2885
10755
4708
754
716
2507
896
14505
1388
2085
24433
47460
1188
18097
3008
3484
11073
2440
8072
37648
4558
2408
6004
3027
2301
3822
2626
39574
3142
2624
1233
1784
2149
2498
1734
730
759
4504
1623
55696
8844
1183
2502
2614
1874
29911
1137
1332
1722
1139
2589
1415
2372
4274
11204
1496
2292
1445
12827
2248
1314
2401
1458
13818
39423
1712
5891
2024
1758
1369
1279
12120
1296
2375
3650
28561
13134
2650
2562
1814
60696
838
42603
999
3042
65898
2422
87752
761
963
6353
42256
2807
1802
2213
2010
1760
608
2573
3128
3118
1587
895
17294
2626
1311
18062
1740
2674
10048
2059
2018
2180
1419
2543
2632
830
25831
26095
3083
1365
61158
2001
2277
4424
1904
4742
15155
8692
28743
3581
2021
2604
3237
1390
810
10490
2399
2231
2789
4771
1056
9787
2382
873
2130
872
31042
72851
2178
1592
1815
1718
1697
1339
8600
739
2586
2010
2048
2717
28276
2137
2132
2660
1740
1906
7190
2416
1375
1171
2684
1213
647
1800
2257
1132
1902
1862
1172
37733
7065
3820
2459
2845
686
1133
7755
1072
18136
3790
69494
14561
3283
1250
1916
4200
4081
11808
32903
1403
689
3312
2051
1554
4965
2658
1385
19149
869
1477
1555
3431
9320
2459
53053
28010
12019
9535
3076
1994
2264
1821
9642
880
3553
2670
6455
14224
10297
751
916
2310
2200
1458
60932
913
1771
2079
36566
28995
1888
2333
2396
1518
2900
11814
1132
2654
2769
22402
4794
2362
1073
7023
1696
2115
6386
1370
2705
5254
2296
1953
3551
3502
1714
1668
9322
2082
2907
1521
737
2616
2258
8469
3596
3114
3634
5459
2120
1103
1666
2959
2698
1511
49234
2637
2804
1302
390
1045
1536
1729
3170
13255
2748
3319
1688
2382
2847
19880
2087
2266
1288
4278
553
1410
34695
1843
19451
31438
2226
6660
23496
2302
946
647
889
12264
2237
3046
1716
1074
7757
38018
1033
2007
1428
1990
4033
18382
2565
2155
13793
1884
705
1534
2999
2409
1913
7214
14385
1604
2357
2343
3213
36398
41393
14773
10027
1709
2344
1421
2630
1450
1409
6125
17036
722
2907
7971
10547
2588
2007
5900
1208
1255
2840
7196
5869
2550
1054
3304
7763
2045
2498
2309
841
1397
3635
4706
46357
31367
2024
2333
3274
1631
3549
2095
2075
28154
11731
1788
1726
1199
2450
1620
6423
962
2516
2381
1407
5634
3088
1908
1833
13300
32815
3420
2903
17790
1510
4247
46757
1431
2609
38485
2420
1838
2045
939
805
11898
1757
56739
1561
3524
1254
1878
2226
2430
2461
3086
1153
3184
16685
2124
1694
1075
1536
8876
1451
1717
1845
2213
951
1454
2395
2358
18610
1632
2173
2530
38623
3144
2985
1711
3532
2306
10765
1968
3382
1617
1988
9099
1870
1138
43944
1579
7519
3671
1621
2647
12886
2646
459
1265
2712
38231
22332
1870
53828
1410
1840
485
59211
2035
47869
1422
1683
3355
2903
1984
3195
8613
1969
13122
1619
15801
2306
1371
2495
1573
1530
757
19200
3373
17241
3464
2850
1425
2978
2038
1112
14014
2713
10789
14051
2445
1331
13438
1614
1415
12508
2660
3191
1196
2120
13302
3855
15978
2016
2044
23029
3692
2703
2321
2922
2562
9411
3722
1513
1072
2469
1269
23902
2508
1929
744
1742
9542
13041
41457
482
2999
2742
2064
1926
966
1566
36714
1533
1741
2052
1118
2722
1438
41659
11024
1481
14033
2259
2831
2170
2308
14775
2725
3230
28753
2841
2029
27106
1919
9364
9865
2272
577
1280
2595
18358
1447
1697
1524
22655
1854
10076
22420
48777
2321
4013
2910
1299
3217
14893
1498
6854
1070
2495
1259
11475
1770
22256
1848
24688
4015
1769
2542
2017
823
2507
2689
2436
3150
2054
1933
1092
2247
2435
3250
1938
2359
4639
6019
485
3197
2152
1999
1318
828
2691
18605
2041
11792
2089
1199
2251
2394
3090
1386
4009
2578
2256
2915
6261
6875
1625
2575
2718
3973
2258
2267
7012
1782
1979
837
1504
1849
2768
4870
2143
1347
1800
17305
2060
37876
3076
1365
1751
10952
9912
12623
2986
14422
2091
2053
2359
717
3380
2627
2832
2556
2806
5001
9859
2345
1053
1853
1944
2200
2280
15334
1730
1849
3739
2561
15570
1758
14102
2352
1285
2583
1000
3191
1662
2146
5664
2334
34657
1266
1597
2255
3160
1282
6708
1574
16320
1718
2235
3471
3010
993
1238
12118
10438
15441
5270
1548
4174
4181
2456
2749
2892
1508
2807
1713
1811
1673
921
17952
3721
2410
3694
2125
677
14284
1426
2772
1776
1790
16099
649
460
38592
1812
2895
26166
27077
8422
1581
2411
32504
6611
1672
5761
1296
1562
850
3810
7127
2050
2357
2305
8707
2532
1388
2168
44417
2289
2144
3565
13121
1554
1287
923
1248
8734
1349
1805
4693
1736
3102
1352
2730
2237
2863
729
755
2995
1116
800
982
3870
2388
2287
2509
3661
1649
928
1365
1623
1870
11717
3156
24579
1941
2312
984
1463
2336
1410
2262
1538
1984
2553
1655
1944
757
19913
2708
2034
1954
3778
2215
1607
1708
2340
2004
1461
1251
1748
2120
5753
2127
691
29199
1885
18130
69350
1818
8124
7067
2855
7069
1275
2311
1862
662
2741
1069
1990
1953
9039
1018
12334
3325
1086
16514
1059
923
1562
13820
1224
7302
10046
1282
1130
1355
2599
2132
1074
27798
1121
2553
23824
2955
1616
4135
15427
1486
35422
18735
1967
2334
1411
1609
2051
2915
1569
18100
1256
1157
7652
54886
985
1945
10580
10630
1190
2856
1558
2926
2733
2778
2388
6981
1505
1190
3631
2095
1028
3404
1870
3967
10056
10431
12429
25617
3260
1332
2802
20675
14211
2456
1720
6105
13009
1913
5298
14562
1572
3205
1884
5115
12356
2306
3461
2443
1721
5858
1525
4185
2595
2567
575
31155
7459
5126
2113
7808
2134
1867
2050
923
2500
3262
2402
1546
1217
36154
1485
1978
3891
2508
8940
2443
1011
2722
1627
2244
1110
1488
2599
1164
10138
2806
2072
2771
2538
6928
1425
3201
1811
1356
7807
1246
4378
2118
1745
2219
1415
1846
32347
2252
7670
2289
568
1008
2304
1481
16528
1904
3887
2506
44019
1171
2212
778
1527
1992
1296
904
5080
1151
1564
1339
3222
294
4321
1220
3283
1663
1639
1184
2892
2037
3224
1203
2148
4892
1772
26458
1532
3833
1969
755
2461
1784
17920
1900
1751
1290
2433
5943
3343
1238
3260
1824
2877
8316
51650
15038
1645
9519
9245
2510
1527
3334
2519
3175
2756
2441
1390
44145
2296
6976
861
5505
7883
1478
24403
2735
6828
3404
8978
1736
9524
3049
1193
907
1255
15281
33184
3405
33488
2770
13438
2859
13662
56833
1568
1243
2560
1691
15547
2045
12199
3393
2506
1966
9231
45425
2148
1620
1864
1535
720
1819
2846
32092
1071
2500
1589
5954
5489
6846
1159
2581
1200
1246
13899
3284
757
3749
17040
5593
2526
2390
2650
2218
981
2430
731
45808
2266
3022
3244
1882
18096
2595
75703
3219
14750
812
2012
17397
1286
5621
2020
17687
3951
2173
502
1010
1257
6914
1168
2351
20642
1380
1447
2646
21319
1330
2034
1521
18854
2956
2905
2135
1580
1891
6438
6955
8246
25183
10363
2007
2315
2941
21816
1829
20907
2032
834
1099
2146
1402
3097
20139
10959
2930
12293
1119
1059
2789
2203
2492
2040
2339
2400
641
15403
1479
22553
11053
2469
1866
2067
2566
831
8251
4091
2867
2937
12321
993
1451
1863
2814
1892
1732
1536
4372
18405
14271
2079
3025
1966
10999
1876
1978
17362
1536
1753
1671
2601
1012
50958
3304
3537
10340
2221
2346
2268
995
1055
20068
5112
2070
3179
973
2521
11078
1855
1872
25387
1461
28188
1335
2761
8018
20786
2573
972
855
6989
1721
3146
2703
2348
10774
1906
7915
1925
14037
1866
2573
3255
1050
32620
2510
2991
1966
2648
49513
3081
19668
1857
7848
4914
16513
1185
46778
21201
18906
21455
1830
1653
23358
2709
6158
956
662
2885
3488
7687
2265
3527
2611
1446
2227
2191
2184
1841
1678
8111
2649
3684
33086
28617
2365
3451
797
33521
1419
1552
5200
1513
2418
67622
1437
681
3265
4276
2424
1485
8343
2315
2611
2547
20403
510
40630
2820
2766
9632
7730
2784
2862
1419
16979
1858
1565
2430
9694
2529
4296
9247
450
3260
7733
2190
1135
1350
33799
1364
8739
2383
1909
3094
1077
1314
949
1836
2699
1018
1868
20738
1950
1949
1651
1170
1746
2327
2638
2528
2457
1821
18509
2365
2087
2008
2263
1556
2351
32200
24351
2607
1322
11106
839
2472
4093
1526
2592
7578
2008
2472
13565
33327
4767
1397
2701
1000
3368
1439
1048
1936
702
6305
2897
564
912
2091
1723
2252
17917
547
1503
54046
1325
6272
2179
2851
1036
1177
13181
2938
2311
19534
10117
3272
3555
1751
2188
1604
30347
1561
2314
2036
995
1468
1755
8576
12979
771
2729
1872
1585
2117
1335
7653
2317
2596
3558
1497
2605
2863
10382
10027
3037
1703
1695
2082
1846
2061
902
19791
835
2535
1275
1334
2188
10939
45536
38018
1968
32474
12177
2374
2244
2095
5301
25856
2113
1754
15728
2408
2490
2849
8216
3421
3323
1024
941
2734
3072
19452
9602
2879
2675
4210
903
1195
1002
2135
7760
16075
28448
2239
2369
7947
1031
2147
1290
5913
10340
25468
1489
747
1751
10508
972
894
956
1639
3042
4075
2027
2828
1241
1163
1416
1331
3288
2021
27137
2292
1167
1047
3041
1244
9549
1230
1788
29923
54938
2535
15442
19754
9277
3338
1434
23434
2990
8803
2034
22745
2586
1050
2404
2765
2733
1665
1355
4448
8305
59740
2854
4139
29026
829
2924
1691
1409
1163
2332
2464
3005
1985
1124
4726
36276
2653
9251
3333
3706
2371
2275
38998
3025
1426
1742
1888
936
2497
554
2867
1456
11367
2865
1032
2310
2263
8625
2479
3032
38181
2177
2700
2007
1115
1178
1054
16387
1973
1283
12400
1459
2183
2378
2461
1840
917
1970
2614
3700
1456
7874
26304
14763
3094
3104
1885
2200
41940
15729
2388
1209
12651
2150
2323
1303
10485
3281
637
3369
1094
1411
2293
23452
2148
23928
1981
42423
2953
9916
2196
2081
863
13648
2932
1471
24741
2301
1867
1247
3257
834
953
2637
3154
2065
1888
7285
16696
1761
2709
28449
4246
25300
9425
1490
1752
4083
677
1113
2418
19978
15134
3605
1733
1202
2122
9504
1550
3042
2695
24524
1731
1828
1733
3219
39204
10189
1639
14744
1848
1451
2863
31199
12442
1720
3133
3118
20577
1836
3495
1083
1638
10877
1249
3092
3071
1944
4788
10201
2267
5196
1325
26841
1287
35675
11172
11406
1624
1666
2164
23430
994
2683
53136
2671
1636
1521
1633
1763
6098
3800
1654
1269
1554
1606
104817
1993
48259
2343
1491
1342
2285
2032
15399
5251
2366
14711
1530
2474
1238
1170
22446
31700
1019
5727
2751
6494
1082
10684
2273
392
2883
2767
1743
27431
2472
2097
2766
4520
2045
1599
2524
2548
1625
76331
36366
2273
2378
12295
2007
3901
2599
2380
2516
951
19447
15323
2865
1613
2101
2572
3001
1156
7040
2836
1210
1767
4188
2514
1206
1518
2517
2353
14857
2189
1287
2853
9581
1637
2088
1211
1915
1617
1332
12171
1035
3357
1744
8556
2452
1291
2212
22631
476
7111
2572
60861
2701
3849
9921
1941
1141
944
28716
2143
1739
9915
1210
4733
1371
9076
1006
6021
1321
29310
1974
3253
1402
2446
1210
2756
3113
950
2480
701
893
2726
1562
3776
1408
13626
1225
1300
23233
2828
3475
2495
1031
3153
1047
1286
725
2409
1379
2801
1720
43810
921
8975
1978
813
1134
1095
2349
2155
6318
9710
6345
29191
4225
13417
735
1187
678
31160
952
3254
1928
1169
9355
1736
2640
2581
2467
2283
2091
491
658
5222
11523
2737
2382
9327
2998
3528
1492
2744
2269
2885
20636
2595
2074
2250
1264
4605
3668
2525
3058
8956
7145
1484
4636
16727
10925
28258
1365
1732
7870
1515
1759
1140
6962
2578
19114
1571
1467
13621
3353
2858
18519
1140
2003
2059
10966
3706
1852
6241
6862
1727
10299
13454
13509
1866
3240
2374
1871
2389
16848
1217
6997
43735
2074
1158
2406
563
3983
1925
1204
1801
12426
2899
2676
2296
8658
2512
11116
2997
2252
1191
2840
2353
2330
13414
3348
2842
2834
1630
3320
881
2587
1161
3869
824
10510
1292
1007
10080
17759
1532
1620
8499
41475
2421
1487
1051
1537
2410
6829
2022
1954
33521
1052
2390
14026
11840
3274
1750
1344
2698
3752
2316
3802
7550
42922
1535
1478
1289
2138
972
2423
15795
2897
675
1576
3179
1475
1822
731
3266
899
2021
2358
1851
1574
881
3408
2126
1789
3669
12273
2643
11224
1146
592
2424
1000
2193
658
2401
2826
1248
4011
1150
1146
2079
23309
1831
1946
1377
2965
1769
1004
1999
3261
1523
2561
2352
1027
1017
1583
1472
6653
39949
855
2357
69499
12462
16644
473
1364
2490
3318
3144
3129
1580
1013
6287
1761
26668
3843
1774
11166
13892
1303
1347
2333
24535
557
2578
1220
1382
1634
2393
2698
17928
746
1898
2561
1534
15653
2313
881
2244
1964
1144
2010
2486
1006
1947
23729
38943
1943
3138
713
1691
13631
8861
2509
737
2127
2240
10784
31066
1439
2102
920
15722
1428
18066
13331
1608
1408
2284
1576
2681
2749
839
2060
11164
14947
3054
3125
6835
2842
4526
1917
2132
2657
2148
52212
1704
1249
6256
15939
1522
4565
2011
3712
2405
2298
5716
1861
749
1700
1410
2353
2320
2642
20380
8576
2049
1860
2962
9235
24919
4292
1542
5949
18855
2517
7685
1700
16432
2662
2372
10225
2809
24261
1727
1695
3722
2148
7723
2308
1982
1782
1572
920
970
1362
70216
13381
990
28984
2702
3467
1889
8105
1240
496
4883
2126
5815
2595
11702
2027
3221
658
1942
1429
1153
24739
1336
1844
2239
1678
2841
3204
1642
5071
3624
2528
7941
3581
2874
1577
2475
6238
1412
8619
1824
3107
1692
13082
17761
9778
2138
26199
655
7152
3240
3063
2687
1581
1655
2061
1934
616
1226
7539
22131
1756
3294
2704
1787
2512
4379
16236
20313
30502
4816
1903
12262
1256
2590
9250
2041
33373
8478
10762
1433
3268
1267
16532
2114
2420
1641
18057
1214
2562
6909
2164
2612
8257
651
20454
3849
3281
1961
28950
5758
4095
10232
1728
26849
1427
25412
15921
642
8283
935
26140
2479
2842
733
28957
2759
28572
8500
2663
869
39347
2052
2614
1401
3350
1331
41285
7240
1893
2081
15915
1569
1626
4084
4018
872
2112
2198
16769
2255
526
1966
8625
19430
814
775
1248
1585
25464
12327
1786
2733
14949
9293
41868
11246
2735
1437
2169
6474
920
3020
1124
25395
1925
3477
1545
560
1976
3838
11368
3019
1362
3275
662
1469
9029
44976
989
5570
17386
2922
1211
1246
2627
1344
34618
3244
1313
55229
17422
3358
1661
2295
19283
19517
2064
1667
2327
9288
2474
12188
2670
2440
979
5767
18818
2454
29263
1394
13063
9624
21465
2162
5488
3127
1338
5959
1794
5653
7236
2872
21950
2469
33597
3035
9970
2868
1320
44916
8070
1920
1056
1342
2223
50369
3301
2397
1821
2095
44829
2396
31420
1247
13412
11243
6118
492
1957
1624
2122
2027
1795
656
2440
1389
3680
1400
6352
23540
1163
745
25170
1069
1100
1853
2649
1753
6305
11847
1844
1425
15761
1690
2069
2718
1360
1680
16835
1366
14475
1930
1127
1879
2441
1602
1757
3168
1344
2610
1194
2944
33460
4516
1824
2830
1676
926
1344
59108
648
1591
1106
448
1792
3229
2388
3175
4901
26596
2852
2786
1319
8501
2807
10300
2761
831
1965
18489
3667
3285
1132
12300
7874
2877
1304
568
1760
1764
3164
2229
2408
1219
837
3299
3763
1949
719
25379
1451
1085
1067
1748
4217
2273
2461
35638
982
2240
2589
45423
9722
2281
2688
2792
35330
877
1257
48400
1358
1878
2169
2908
8106
1486
1605
1135
3559
29450
7182
2652
2008
1552
1127
2561
20790
2501
2209
1720
2376
1146
1688
2217
6025
8305
2916
2029
2744
17982
1420
2321
1749
1620
2519
2017
2121
15509
3322
821
3264
1047
4426
1125
716
1446
5711
1244
18443
6886
2803
18458
8374
1743
4326
2857
3513
3219
2232
1928
3784
2335
2169
41509
2095
10995
1278
1076
1151
17362
1190
1543
6559
2470
2318
8350
2283
17691
2033
1675
22241
2017
925
2428
1174
975
1974
3160
12835
1928
2454
2694
38480
2667
1446
2136
2248
1238
46191
19782
2679
3232
1683
1977
1594
2102
1730
6420
7224
2497
3693
1671
1200
2008
2779
3226
1859
2053
3038
3143
21155
8400
1041
3974
3048
4507
3769
1874
959
20288
7155
2528
18587
2423
2176
5224
3663
1752
3924
2851
3672
5173
2702
1816
1918
13840
2248
1373
33278
1954
1623
82066
2594
31088
2565
13040
44054
2090
2220
29467
2289
1974
4007
12372
10108
1758
16494
27919
3169
3441
5993
1685
13753
1667
1501
5518
7103
4202
2947
2280
2150
1790
1648
3576
1251
471
13006
1521
18510
1209
3039
1960
5638
20347
38365
2015
47667
876
1428
2524
2553
2877
1367
2143
4323
2557
2002
652
21040
3085
849
1171
3225
872
18672
1304
2337
1462
974
8120
11400
3392
1494
15277
14296
1764
465
23580
52711
2282
14134
2648
3002
983
1837
21813
1527
1095
3041
1980
2532
17424
47583
2771
20663
12102
2381
583
1360
2519
3486
1318
1131
2022
820
2197
58203
2805
2552
4051
26699
9062
3379
1842
1738
1996
2199
17907
22419
2638
1881
29041
1556
2319
30811
3950
17233
30388
36164
21968
1301
1337
13433
3062
4244
854
1126
971
18695
2625
6789
3203
846
825
8330
60824
5211
1575
1467
584
40495
1923
870
5390
3022
3635
2550
15302
1616
2608
1266
2381
2957
2463
3553
7231
2084
1610
6518
12433
2136
2295
1542
2152
2199
1950
2636
6128
8394
2880
1363
17864
9931
2320
1267
8701
2688
23345
6144
1654
13363
13295
1780
8275
8709
2123
45740
1599
15487
1229
4490
7157
14430
2378
2279
1711
1534
2252
2847
1884
448
644
2479
1024
1803
50551
2023
2201
21990
2971
2446
1102
1601
1935
3045
1296
1133
8723
1062
1892
31386
1465
10893
7973
1823
1420
4749
1704
1674
1379
2214
1180
891
1289
35621
1893
1303
3007
1768
1671
29025
2392
6892
3590
3616
1906
1316
764
4929
2013
9530
523
924
3131
2311
19271
20649
2267
892
20098
22797
1063
3141
6241
15591
2012
2148
1825
13916
672
412
1986
2618
707
2464
1833
40490
1857
1690
981
1719
13584
17845
1480
1863
1098
6329
767
3622
56107
2604
958
13131
3544
2052
40795
1659
2103
3192
492
297
3767
2161
2265
2425
2743
4935
2431
17258
43935
2342
16221
1510
2302
3548
849
1030
2183
3539
2581
24048
2272
1888
10753
1573
2922
3203
4620
8903
46861
4089
2545
2986
1589
36742
22592
21532
13112
45966
2719
1953
2491
1161
2650
2495
7514
2668
562
2626
15369
7835
1452
2881
1878
1296
13168
865
1749
3400
50373
7695
875
28353
1743
2208
2416
3242
2111
2000
2375
32123
1231
26682
3668
2386
1746
2036
1564
2563
2179
1653
8022
4497
2584
1328
1858
2188
932
14205
3197
1307
1002
1396
2126
2600
2870
968
5504
1787
2635
1673
3934
3703
2541
593
1633
865
719
1339
1588
18732
1185
12797
620
2722
998
1977
2242
909
23258
1466
27609
25304
2528
2359
1412
2326
2257
2928
2778
3370
2040
2137
609
3225
15826
5307
1980
2215
2732
45928
1214
2126
1013
49689
570
1363
6821
2112
31779
2643
1057
1245
3649
2701
4925
15986
11364
2391
1818
5762
6433
37793
28463
2238
694
13457
8474
744
3149
2138
3451
33383
1010
1397
958
3614
2109
2432
3432
2112
523
1119
2616
56158
2159
992
2422
7838
2527
1713
2933
9273
695
1022
2329
2904
2309
2023
19804
1535
1554
3060
1155
1079
956
28433
1739
8655
1759
1415
1509
5501
2339
1992
1867
694
21558
1936
7766
1276
13305
2027
10214
2738
1043
4370
2201
1149
1784
1767
22145
2488
2237
1080
666
734
13888
1638
4051
2925
4914
1858
11547
11071
875
1005
24960
2474
30872
3180
24634
38078
1197
2864
7691
1529
2077
1146
1578
2931
3630
2318
2478
2342
10660
31113
18951
1677
1214
5218
2255
11619
1716
7964
679
45777
1691
10000
865
1625
20312
9440
34756
1643
1557
18816
1606
524
2749
26271
2914
1208
1596
560
33329
2680
13455
938
2359
1133
1609
2069
2217
2819
5106
2893
1856
3212
1284
2329
2876
11150
10572
3921
15003
2008
4021
1654
66627
2683
1908
16551
1263
5591
29176
474
1897
720
2022
4081
1516
1926
16646
31508
5462
47711
1931
1937
8337
20988
2381
1924
1526
29662
6023
4378
993
27655
2401
1303
1925
1917
1764
4627
1533
2545
1452
2681
1717
3493
646
2231
6435
2306
1572
960
1636
3025
2479
3583
2306
2669
838
16305
8097
1344
2552
1491
1707
2200
688
1655
3347
660
6631
2530
11656
2597
2729
1764
1307
1778
1950
2393
2606
2067
2875
1330
15016
1077
26216
1896
3864
35139
1548
2594
5323
3349
2633
2052
1473
1278
493
1496
8440
5558
1849
2388
5792
2496
2640
8420
3065
971
2158
29761
4483
1777
7260
2833
1930
2386
1691
42701
1966
3152
1322
2449
811
1438
3051
15954
1894
1958
2921
9910
1456
2319
2146
1746
1026
1954
1386
7666
2781
2422
2335
1212
2474
3367
8581
14772
31941
1624
2000
2262
1952
2061
1644
1031
16528
1614
2688
46520
1103
2267
24611
11171
1200
1811
2810
1803
2765
27444
1719
5453
34654
1201
2170
5664
3832
1549
8736
2512
2020
16805
1172
2312
3556
2284
1961
3699
1990
2253
1664
17464
451
11843
1551
1540
1211
1884
16729
18596
3459
7187
28634
2283
1576
3082
22512
2257
896
823
1045
1304
2559
1373
3469
17643
47764
60707
6517
2580
1340
5898
1845
639
2451
1532
1967
31275
3102
16710
2400
4790
2385
806
2392
42995
2288
1524
3476
2389
9732
2866
636
1111
861
2790
22831
7345
1751
1666
27628
1042
1155
2953
2888
1274
1409
2512
6984
25401
22700
10656
51664
2052
756
2862
1495
1872
749
17166
1744
1544
2026
2224
1813
1632
3961
953
1913
44496
14291
3316
3506
1938
7435
48504
766
1775
950
1542
3561
1078
1517
1284
15395
10533
7461
1584
2136
2104
38066
1998
2454
927
1577
9537
2539
3407
1936
5003
1991
804
26137
8840
1638
1018
2454
6458
6452
2623
8576
18700
25920
16317
1952
2721
841
2120
2556
2927
5900
45603
3181
1760
10143
2555
1663
2995
27134
26946
1933
1379
12450
1160
7673
2206
1007
8937
11690
44925
1567
11293
2089
40660
18183
2399
10395
2072
1987
2028
2113
3157
1397
3238
39088
3519
832
6760
1919
705
11185
2481
23375
1889
16449
1478
12376
1492
2249
2458
38297
2655
10249
2384
4920
2146
1521
1970
2755
13779
2929
2266
2024
16170
3411
1988
8758
2183
2158
1831
895
2183
976
2779
5129
2639
1889
1550
10302
3306
5221
2771
2517
2110
7771
5839
2496
4379
8451
3222
2749
772
3339
2448
31762
6455
2444
819
1177
5226
1597
2005
30886
33106
916
17122
2703
2075
2097
1004
3374
934
3122
1162
31204
1831
48376
12566
1572
16814
1912
978
3218
950
1237
2168
1637
2704
1481
69861
2739
1132
1789
704
2819
1645
30543
36832
3280
2624
2833
3291
2383
10984
6754
3146
10663
3376
1969
760
2626
1440
2825
2173
7355
28476
14411
1217
1229
2498
5219
1559
755
746
1875
891
1136
984
651
18288
2007
36462
591
1150
23154
5439
721
3172
24087
4806
2081
4291
1431
35986
3683
1694
30117
2701
63628
1734
19434
2035
2621
1503
2682
10149
1784
2218
1895
2231
10229
5854
2411
2719
3145
13091
12721
2237
2509
1865
1525
10032
1481
1167
16619
648
2202
1623
18991
1465
2226
2059
6412
2886
1366
1538
1741
1739
2731
2150
584
2642
1089
1843
3111
2776
1365
2879
2269
12019
1521
1786
2382
1725
4193
6064
20388
1478
12248
13665
1535
7313
1931
2041
19750
1886
1042
672
2008
4163
826
2711
2385
1233
17689
3294
1540
2243
1803
2622
10883
2558
1759
6490
2976
2415
2054
1268
18275
1569
987
7243
2792
46988
3500
1931
1850
1066
1360
1704
2686
23760
2008
15690
2423
2879
34388
7255
582
4275
2035
2896
3589
1810
3251
3182
13934
2628
22019
46557
19410
52481
11974
3233
885
1502
1331
7689
1779
11125
21537
1514
1807
3892
2328
1855
1177
2255
2596
16052
795
46679
1820
1984
1536
2562
29909
2326
27530
2092
3289
1164
2730
1759
2814
2314
1827
2611
2949
27706
44650
2147
15230
14267
3536
17983
16349
16334
26391
12001
6919
1869
1964
2580
1780
16281
2398
3877
981
7757
3106
928
1943
2297
10870
2751
2593
1178
1429
2379
2060
1674
4609
2420
2485
1880
1366
2236
3521
2854
926
3800
3001
2707
1522
957
18438
1635
1124
7257
1393
1774
5792
2776
1132
19705
2584
2162
12308
2472
776
2134
2288
1365
5077
3038
1527
7451
33379
16697
15431
2343
1407
6625
3535
17025
5246
765
993
8739
2836
2783
2798
42694
1036
404
45610
1825
1124
3585
56452
2643
1146
1112
2157
2594
2613
6302
1578
895
1454
17856
23625
6747
8872
1592
18665
4230
865
1474
1865
2265
11351
1423
1772
1899
1607
2786
1595
7707
1883
11731
786
2114
2706
54256
3590
34686
14051
716
3002
1256
7717
814
19818
1895
2767
13261
1703
1347
1308
1903
1056
1340
2137
827
1753
2404
1215
2773
1356
5443
18291
2724
1527
1824
2414
14065
3179
3626
3691
2504
1217
296
863
2109
2237
1227
743
1044
17520
3331
27914
6383
1739
2383
3091
42319
12071
2384
2888
2187
9470
22250
3288
4774
2668
2064
1825
1794
10791
2281
2733
2988
12663
2850
2908
3503
1282
2227
3661
34861
505
32817
8389
9969
6999
1445
27215
2704
2785
16715
3594
10497
35237
3556
2995
2266
8177
2193
8118
949
1059
9214
4361
1855
1876
2734
1285
3682
1439
710
16046
1149
1285
2635
1688
2977
13190
2233
12346
5452
14416
2598
29932
1706
1325
7756
3084
13236
563
2113
1786
1346
1713
2876
12072
1460
1958
929
1132
1645
2728
1700
1463
4427
35045
2139
14701
21382
2119
2543
618
3035
20059
28881
2989
2072
21296
11127
1629
1213
913
1605
2969
2508
8784
2413
23134
1476
8190
7221
18394
4637
2709
1437
644
2400
582
3367
2755
868
2581
1813
2769
2116
1403
20991
2129
1333
1923
3008
2066
47749
1830
2292
1157
2304
2357
1959
6943
37040
2641
5940
2330
1821
1234
1483
1077
3173
1810
1039
17112
1875
3072
6903
1750
2462
3183
1554
1095
1295
3432
14532
1585
3750
4638
811
2547
2299
1438
744
1156
1005
902
3506
2966
2827
1890
3129
19393
1352
1656
1648
1058
9589
3501
2804
29559
2032
33191
1259
3467
2014
13745
2916
2120
3013
1059
1149
15037
20678
370
9097
15644
1196
2666
1445
2827
1505
8023
2294
8161
1307
2944
2200
10685
2318
1907
28301
514
2077
7436
2628
27923
983
2914
1685
1907
2876
3034
2556
9048
1393
1940
1355
2157
876
31189
96602
2153
1560
12761
1087
37531
16301
1150
1202
805
2377
1065
577
2610
2025
2094
20259
2040
2531
1691
2711
3925
1604
1206
13842
2065
52857
2046
18106
2126
12495
1522
1395
2040
1362
57108
52244
2523
2718
2412
2078
4174
2732
2602
1919
1485
3076
1205
3657
1519
1507
15942
4194
2161
1138
1595
947
1590
1152
2282
2326
2242
1671
1801
8041
1740
1258
2965
1865
2985
1210
1429
1082
7379
2203
33260
1079
2849
33499
3207
22478
719
4432
33450
1335
2122
1255
1508
1490
1636
2855
31703
41279
38634
1172
2430
2665
1814
2337
1605
1571
16772
2596
2545
2284
7263
1414
3099
2121
623
5954
801
1117
2566
2592
1776
2699
1933
13545
1759
2370
707
2992
2253
15893
3103
1321
749
1483
13137
2519
3780
1228
3720
2446
710
10836
10653
3341
2099
2363
1647
2614
5966
1646
3965
1030
17435
3228
1628
25931
3001
6751
1480
1870
3348
3418
2337
10571
1856
2192
5169
2591
2889
22600
1629
2650
1394
2822
2012
973
1565
1683
17655
10556
692
1134
2245
753
19921
6352
8733
6692
1677
6346
1382
897
681
7139
1774
1536
2466
1693
1449
1070
2871
1370
8942
2506
20691
2121
5167
1049
26792
22413
2013
19501
1378
93029
1412
998
4559
1039
1825
2254
1692
2150
16853
10598
2802
1948
8228
3403
3305
1302
1798
56982
22909
2691
3100
16022
2641
35515
654
3853
3603
1675
3910
37614
9376
12609
2054
4513
7462
1827
2445
1128
14361
890
2969
10617
791
2612
2344
1407
3857
3329
2134
25122
1737
3305
3746
2566
1256
2778
1255
1799
1392
1439
2222
1687
1998
2395
5456
2931
1693
1381
20984
1639
740
18592
1202
2687
1888
40530
2263
2560
1767
1453
3019
1820
3184
3249
2278
2570
1058
2248
28093
2664
17856
1355
1541
1907
1089
1728
1587
1418
1162
2902
3577
35310
3977
1450
2403
2037
17120
1696
2162
2120
2516
54118
23440
14609
1436
872
1222
2739
6156
12152
45275
6494
997
1344
14136
7992
2019
2156
3404
10948
2650
9480
1570
21524
1393
2473
2103
2733
2498
1232
6014
5023
1793
24226
2047
3596
68669
2477
9540
2003
2615
1687
8330
40286
2480
1077
1160
5235
6054
910
1582
25818
3801
15126
63475
644
1380
11748
13210
1025
12831
9100
1462
3902
5392
7143
8754
2628
29437
21629
709
2826
8095
28539
615
1656
2260
1530
1543
3545
21477
16580
1687
1314
2231
6368
1404
1856
38938
1394
1791
1661
7142
44365
1906
12482
12583
23456
2952
27208
2707
1209
7429
3130
1606
1489
2022
1103
2181
1286
4844
593
808
8746
2059
1511
809
1957
2109
3280
2624
672
1891
2217
12764
1478
1979
2159
1061
2736
2845
1706
1635
11112
2144
1556
2686
18878
2300
1672
10362
10378
1345
13715
859
1616
1200
2392
2789
2535
1369
2449
12158
1084
2096
2348
2532
40922
1279
511
2217
1558
2691
7939
1600
3924
606
25219
3283
3054
2693
2816
3097
6187
3568
8473
3100
2996
1556
12248
1447
2027
2219
731
1321
3357
2769
2537
1311
2176
983
1859
1813
2299
5007
6882
4070
3352
2221
667
18715
1010
1006
552
2225
1925
2271
12795
2914
3392
1523
932
3174
1694
23039
966
11176
2186
11579
1180
5624
9949
2284
1084
1041
32205
1771
1713
9209
2055
2004
10696
1554
2451
11673
7263
1722
1436
69556
9397
2122
912
10227
3982
2114
2775
4614
2407
1625
1822
1971
1190
1232
1780
32684
27294
5719
2745
999
7681
838
14986
3407
13652
1615
2508
1401
2462
22765
4915
3523
1946
1130
1873
2132
3133
554
46405
2660
2243
1383
2796
2069
2545
2150
2276
2146
2545
4706
362
2747
16657
2652
871
1836
1708
2569
2007
1375
1167
2648
1757
14976
1865
2014
2059
1188
2375
1936
3039
2324
31658
3624
1028
2177
1437
1468
1234
20050
1443
1699
733
1477
1240
1191
1412
3857
576
6314
35676
13311
2066
3123
2262
2541
2540
1997
2422
26610
1725
7541
2308
1696
1358
923
6101
775
3378
998
1548
1445
7234
2228
2583
2480
2107
2159
24463
38120
1487
39503
17086
1818
13748
5126
864
1959
1117
1010
3366
6389
23143
3051
43720
1067
2327
8060
12675
3524
10166
2127
1016
15349
11528
19431
2023
2516
2131
2216
3058
31493
2334
3029
2530
1762
26057
1185
1829
4816
613
971
12344
1522
2632
780
10740
1556
2135
11650
2542
1219
1374
1866
1728
2408
9395
3465
28522
9138
32485
5854
6662
514
2663
2001
32028
1200
1966
4964
2093
24374
1616
5309
1564
2898
5558
2859
2615
1601
2648
2788
29589
1277
34421
1161
2391
1336
31294
2529
1059
10037
1976
5630
779
2736
2454
20725
1151
1393
8773
2336
2177
2255
7618
24974
5327
17043
2826
2791
34163
2513
1647
1555
1435
849
1883
3351
54802
6813
1627
2208
10338
3204
3292
2754
7915
3380
13666
1672
1680
2028
37014
1908
2977
2053
2904
1928
1304
2503
619
1615
21116
1337
21973
1565
2616
2840
19418
1111
1015
23027
2752
1822
1880
2218
742
2877
9025
1293
2092
5446
1970
1528
955
31394
2608
3008
1839
1457
7641
1138
2038
1782
651
2566
2170
21717
2945
2311
3196
10899
10775
3632
872
1130
1595
3302
16953
15036
49176
1518
1667
2444
1919
1512
24541
11090
1876
2128
20370
4128
2051
7581
2818
1026
15262
2013
1780
2165
1753
2400
30457
1273
2059
942
3759
9245
29591
47199
2294
104439
1612
3290
2205
1266
448
2607
11183
19382
2778
23763
1426
21129
1158
1577
2369
2526
2846
23249
1566
29789
7351
1819
1803
2409
2857
2254
2617
2723
5908
1854
1946
1640
1212
2245
402
586
2320
2419
2504
3259
1354
836
21343
2502
2179
14174
1583
2602
8712
2618
11550
6480
7964
3064
3172
2226
1150
6486
1626
1855
2200
938
16693
388
2441
24245
510
12543
11775
1347
2379
2675
12940
1937
8089
930
5704
6759
7724
2224
2239
3327
1989
3894
18116
6804
24463
1901
1835
5749
39450
2375
1417
2336
39849
803
3265
2735
1420
6089
64245
1802
1575
1056
5118
2309
848
1722
1318
2332
6466
1372
1351
18654
8085
1706
955
4288
2609
2803
1329
2078
1749
4848
2562
950
943
2869
11496
4225
1444
2016
1667
4884
4403
3811
9686
2216
1653
19198
18325
994
2053
1305
18764
8633
1193
1741
55441
23114
2332
7397
635
2771
2073
801
1825
1553
766
1160
1978
18917
2389
2553
1039
803
43905
2001
1295
1513
2063
2691
2304
1572
1115
2997
744
739
1416
1894
2887
2127
2278
1287
4321
431
8624
1684
34349
9357
3089
5378
2007
2221
706
1351
684
2016
2680
3012
2016
2677
1434
44991
868
2215
1704
3394
2086
8726
1920
37838
61311
22245
1753
4376
2144
1739
2909
12515
20564
19583
5168
541
423
3084
14062
5581
1692
2329
14306
1671
2488
1557
2516
7554
1669
2786
2687
3505
826
10829
1581
8675
8451
5160
5843
1728
1991
2918
11490
2104
6217
670
6489
1947
652
13225
1711
1467
11226
948
1973
3139
2171
11731
2160
9758
22882
2185
1738
1940
11787
702
1726
42730
3640
2330
1486
26880
2452
1844
1346
1906
12268
20021
1617
2978
2060
19591
3815
1107
1872
1094
1512
960
9886
1391
1493
3999
2044
18471
2678
2627
2381
3714
2033
2345
1854
2798
6429
1798
4766
26433
1631
1164
1313
8670
13053
18479
1445
2630
16606
2123
2247
31743
69915
2749
10564
2118
7563
1606
3125
1152
1428
2711
20118
2001
1276
1028
21266
1636
1304
1426
18321
997
6222
2039
917
14874
16616
91916
2474
2683
2487
24544
2847
15000
2547
2403
2156
1798
2507
2298
20361
10815
1709
17968
9344
1963
2187
2080
1316
1733
3617
1316
750
3429
12672
2634
695
5616
2572
2709
2622
505
1216
2116
2560
6712
2711
1130
1636
19917
2326
948
4918
36855
1028
2183
2556
1265
28339
3326
2709
1200
16678
39795
17377
1466
6986
3286
3765
2025
933
2115
11878
3097
1920
1131
2433
9731
3597
6937
1427
3506
1288
1339
2440
1565
15161
2859
26639
4619
2084
2512
3357
2130
2864
5488
2238
2284
1693
9467
2284
3292
1087
3385
3202
2416
2960
2131
898
2356
1545
2710
2811
2257
2164
2336
3715
1945
1657
2075
1509
55004
24470
1110
2723
27964
12496
9120
8093
1926
2769
3338
10601
2440
22579
12039
1649
1395
20160
3224
1651
2624
1632
1063
1606
2275
2560
4462
1602
1631
1506
2791
30465
1081
3144
1966
1292
5700
2779
1548
1697
2333
2294
1664
2148
23543
7644
1784
1286
1522
821
16961
1532
1033
2858
8123
2050
25597
1842
2273
1068
1399
2277
7067
3027
2376
7158
1272
2961
2893
2033
3070
5898
5796
1389
1568
3916
8676
3210
7944
1285
9347
8585
1527
9035
1691
16884
804
755
2769
1257
2538
3069
13079
2371
1276
1734
2670
3868
1351
2908
1476
1608
1412
21672
6693
1248
2018
4171
1236
1092
1974
48265
1756
2309
2779
2638
2869
2066
2194
2575
1945
887
2377
1918
1574
2584
26201
1409
24872
1098
2177
2154
2376
3044
8752
2641
7838
1811
8564
2336
22377
2040
22587
2866
19044
3565
1807
1620
2056
2521
2122
2705
39192
2691
2579
3007
5314
2604
779
9012
2923
1401
2541
40142
1785
26153
2524
2685
3550
23915
2336
1238
1925
2679
10167
1218
1360
2710
2025
56243
669
1981
992
12840
1272
16671
1068
1000
1780
8979
1186
6118
1695
1568
1940
2115
1749
2471
2576
1832
1289
2405
2696
2013
1482
2668
1271
2617
3121
1682
27121
5536
23306
1600
3000
17419
3517
2980
1295
1617
922
1213
2173
3790
9368
2078
1325
1812
2574
2555
2678
1463
1585
1946
2285
3698
1414
952
12952
1654
1541
720
2531
2566
1062
1609
27811
2105
12345
18265
2345
2546
4198
2119
9853
3246
2092
3120
2003
3361
582
2153
1675
1826
5732
2057
1667
868
1854
18025
2903
8296
1449
2333
4129
2868
1375
2170
1404
1031
1940
2403
1109
19280
1574
1300
3797
2774
3106
2078
352
1642
601
1281
10598
1699
2794
1890
1812
1150
8306
33411
1367
24420
1778
466
1325
8851
24850
2259
1837
681
1951
4056
32332
1070
1692
951
3459
4416
2396
3257
924
806
1679
1858
466
1302
1829
2840
3385
2591
1920
1153
1605
811
2706
9432
32088
2647
2632
1447
1928
2309
1346
830
1113
6064
2879
734
2737
2604
11254
2060
12456
4828
2761
7097
58153
2060
4544
1522
12217
2634
2788
1058
3012
1655
20492
2340
1116
2370
1498
1321
1840
1844
1815
9866
1368
2166
1143
1486
2628
12228
1443
1393
5116
2974
2149
890
1545
14581
2355
1392
28210
1438
5539
1512
10047
1236
656
13030
16406
34184
1695
2302
11029
15338
2653
2164
2195
12181
1688
1277
60360
1377
30538
1907
4713
55829
3694
2632
2738
1358
1645
1761
7171
8070
41620
1878
2578
13218
4168
10362
3501
3421
2366
3439
2174
39072
13259
2344
1155
2927
1412
2239
668
2388
18066
950
1299
2479
2246
2251
33284
5572
6473
2945
1341
7982
2673
15480
2687
3408
6602
10792
6652
746
2554
1262
2859
6574
2585
1727
4620
18845
1048
8323
2780
2287
15702
4815
8880
1493
1763
11030
6298
12363
5494
10574
4575
1150
1396
1045
30410
3989
1378
2347
1475
2359
2707
1295
3463
3288
14136
1345
3328
2638
21200
2233
2372
2248
7545
1429
1010
11911
2775
2603
1909
3467
2197
3007
16598
2042
2906
13129
2064
23235
1969
1092
1210
2172
2703
12864
1042
1870
2955
5989
43398
6564
18603
4348
9661
1106
1609
18645
2100
3966
11642
2154
4399
1146
1097
659
2247
689
1654
2830
2503
2810
937
1833
11524
54092
2452
12048
2791
2487
2039
1763
1778
3812
1018
895
1557
2826
1182
11013
1206
4488
1610
2645
3258
1060
1413
994
3000
2769
2432
20094
1925
993
1985
2309
4596
1977
1006
2229
2597
1229
380
1906
5644
10478
3212
54797
2571
1440
1101
1194
2322
2074
3212
3644
731
7744
1802
2602
2642
4118
2361
1574
2330
3926
1607
1857
975
1955
1499
2200
8558
2392
1446
3062
2859
869
2471
1353
3147
2319
1839
2527
24275
8178
1880
23637
2467
2138
856
634
30660
1173
4291
1228
3661
2147
2683
3518
1926
1891
6822
2872
24545
2480
1750
986
5092
2505
1853
1568
1905
1428
2622
28018
1946
9247
1347
2771
611
3026
2128
2041
1002
4463
6451
1015
2669
2072
14558
400
659
9457
1224
637
8061
2165
18060
2919
5310
2181
2752
4385
2225
2044
2541
4106
43118
1510
1367
2981
8757
1815
26937
3096
1402
2664
1774
1688
2107
3613
3289
2652
847
1189
54256
1876
1906
13251
1313
8582
2030
1548
1936
1491
4861
1578
4208
11522
16783
2294
22554
1453
1021
1920
1350
1347
2815
1393
521
21642
1570
829
2622
982
1630
4509
753
2209
17089
2256
50821
710
3835
3024
1283
1937
1050
828
677
2212
1218
2869
2823
1894
2788
33493
2866
1348
2042
1804
2076
2013
2457
1752
1623
15649
1766
4930
1447
6297
1100
2671
16090
1429
5072
2185
791
3261
2336
2561
3125
2793
2856
1497
1877
2024
26839
3099
2080
5302
1289
2140
3785
10139
2563
2092
1356
2969
6610
1371
2088
2741
8214
5477
2147
1475
8128
58732
1499
790
2370
2190
2863
2367
1537
846
2772
1523
3161
2900
1003
2186
4019
1988
13373
1146
13004
3511
3487
8699
1330
2527
8332
906
978
14887
92010
7303
1584
1527
2122
1154
2091
933
1851
2804
887
5957
3601
846
14583
2747
1259
634
1050
1810
1846
1453
12579
3577
11401
995
994
1068
8212
2725
2791
2829
2185
2679
2339
1310
2719
945
2516
1992
2023
7133
2039
818
1314
8776
12360
14276
3150
1112
2042
1772
2953
2033
2462
1486
2785
11061
9366
2753
17819
1918
5599
1772
632
44050
2043
2039
4726
5684
1960
3915
12620
1628
2425
2718
9389
2646
1593
1554
1745
12596
1510
2279
47823
1537
1519
10686
2177
4192
1902
9273
1175
2749
2445
1787
3101
1119
1013
19609
1311
4302
2203
12536
2111
2460
5740
2315
13562
51630
1612
1629
17130
34676
33491
1881
1968
2102
1828
2246
16193
2469
2096
2183
27956
9736
9188
32972
15985
32711
1927
2952
47839
1537
912
965
815
3282
1441
31228
10252
1116
2544
1773
4966
1867
1372
2783
15891
2622
2231
34042
2081
511
2396
3919
740
1493
3431
2659
5691
2067
1177
917
32380
1707
1283
864
2009
594
2520
18335
54578
2109
1439
2251
1976
15481
1111
30429
2861
1608
1729
10843
2381
583
948
1775
1546
2769
31233
2168
671
5526
1051
6464
3325
2226
25004
1153
626
3453
1617
2705
3890
1246
14311
2023
2370
1379
2081
781
5697
1475
2838
3400
1978
1823
2577
34415
2114
1794
13866
27103
6619
3853
22221
2200
5836
1147
1435
11438
900
1347
1425
2130
3603
942
2354
19096
2883
2820
1333
1053
2307
5620
960
4053
970
31018
1883
2209
1355
2077
1350
15059
867
2308
1111
1395
1369
15892
841
11080
620
1814
1689
2522
2731
3485
3936
1595
1867
2014
18797
2434
15760
2771
1734
4458
11002
2004
7769
2231
3009
1643
2380
3960
3455
34915
1918
3464
2873
2888
12672
1944
1877
42427
2182
14432
19252
813
3002
2822
1642
6999
9063
1951
1643
2654
9895
3018
17058
2359
14234
2400
1498
13319
1247
1723
1146
2139
1063
2279
1851
2737
2130
1581
1788
11015
31646
16308
13922
28593
59736
36370
713
1831
34331
1302
2729
2701
6206
14678
2414
2579
17261
4195
40296
17190
2404
1643
8415
1011
1794
3031
2048
13296
397
2094
1985
2077
1384
2061
2145
1048
2173
1046
2658
2125
2358
23134
2281
2378
11542
2899
2358
2128
2343
20180
3564
10306
19078
1375
1326
760
8284
3687
26520
29390
945
1753
3452
2119
9484
2772
2363
1371
1840
3363
2304
1956
2455
1606
4046
5191
6985
44126
1758
2939
1257
3084
1621
2752
1842
11423
805
9289
2436
26496
1554
10198
2228
3075
16553
19019
1393
2698
2071
7808
10314
12044
2575
2548
1095
1890
4429
2339
6919
526
15801
3082
1365
1863
1318
2699
1494
2217
7305
9322
11706
2867
1786
3305
1865
3665
2311
593
1751
13429
6834
4596
1442
4147
4101
7691
20360
3261
4058
1108
1111
2410
1504
2287
24126
4042
2995
869
31968
1080
3861
1842
1286
1243
2618
2854
959
20081
2755
2452
15474
1533
1867
4687
2044
2713
16815
13849
50091
7449
27120
3005
1907
1554
1071
2088
2051
3079
1657
2061
1546
2588
1831
2504
6386
2410
2126
26493
1181
46411
36844
1493
1421
1689
5660
2878
1128
2466
1581
2068
2741
1496
1585
2217
8093
2433
1590
2014
2207
1334
3510
6578
2889
2850
2675
1900
3817
682
20263
2479
2084
2582
1894
7118
2284
3106
3836
929
2712
2162
787
2700
3934
570
1546
1039
2343
3156
2302
1674
1677
2386
1297
7232
2735
16903
1555
7164
2743
1294
1705
1841
1577
11900
1230
2001
623
2220
9712
2609
2329
2670
2505
24663
14136
1575
1736
5835
1734
2305
1613
2342
5943
2097
54843
721
1507
10014
3605
1812
4892
36764
16400
674
2445
1705
2071
2129
1558
2181
1912
3440
1643
2659
3885
1764
26669
2581
12243
3024
3481
18713
11043
12618
943
14439
26670
4598
2233
1404
4064
1339
6531
80397
6819
2073
17112
2332
1527
2841
1552
10295
2540
3279
2973
3164
1786
1904
1054
3135
15916
73907
1607
847
1784
18840
2825
19013
1231
2753
2557
1706
2639
2256
1925
2366
1993
14306
24015
1576
2456
6895
1231
2953
711
10642
1753
2745
80843
3042
3080
18696
16188
2473
1142
1418
7870
1975
2294
11072
2739
1851
31200
18757
2598
1459
3375
2915
20320
2184
2713
1366
2268
1194
2888
2475
3393
1032
1025
1366
1811
2167
38353
790
1666
3302
1884
7015
12477
2333
11895
25078
3122
1017
2071
2648
2542
3108
3163
1188
1053
1927
1520
19214
1772
3375
9582
674
1092
12195
2465
14656
1233
1543
5032
2345
1106
10847
1443
1386
2517
1176
3896
19398
1760
2147
2130
45630
1416
5460
2285
1336
2228
22898
2111
2577
1959
13376
2157
30628
20043
18105
40480
41824
613
1350
1846
587
51959
42106
20925
1049
1468
2907
3651
685
912
1650
1239
1435
9219
1394
3788
559
1796
3572
3246
1292
1900
2815
3171
2116
2695
1231
1427
933
15402
2189
1295
2184
3144
23533
2030
2374
543
485
4267
2581
2090
18883
2453
610
1702
1127
26158
1725
1893
41320
1933
2506
2108
8974
7928
2097
2135
3231
2206
2116
2832
6413
1524
2219
2821
22580
21711
1671
24430
2955
3699
25540
2534
40188
13254
58543
23235
2574
3255
1479
2040
3082
2603
35813
17683
4137
2039
1111
4036
2245
4272
37171
3254
1263
2274
2161
2596
7462
3117
4814
12518
4595
2356
1642
22740
1663
40171
12727
14741
1315
1399
2545
1740
1997
2859
36503
9090
3531
910
7929
17694
12497
6276
2546
4072
2136
26700
2564
17822
3489
940
1841
2315
38096
4919
3101
2036
26017
3180
1201
1099
10262
2255
4420
1280
2326
1994
931
3934
2306
1884
1474
2724
1114
8235
2118
1823
2593
1496
18322
13584
2048
16605
29893
1786
12333
3759
2281
15017
3475
1356
8315
1303
1698
900
11043
29966
2878
2451
2410
1713
9194
22517
1047
3537
1665
1334
1699
1936
2953
1812
2071
3827
988
2239
1933
1192
1769
2355
1631
2130
2686
17425
1049
1022
1889
1390
2036
928
8830
1632
2819
5061
1951
16221
2556
3468
17300
1481
2161
27242
1081
7164
927
3105
2192
7245
2123
2523
2170
13948
1496
14654
1508
17309
1824
3130
2272
4933
1884
3487
25566
32486
996
1617
2845
2230
1274
3105
5856
630
2600
26045
23944
1097
8274
1360
1869
1353
2749
5209
1050
1568
7681
3478
2037
2334
1310
2435
36828
1080
5770
926
11366
2280
27648
14817
2477
1497
1679
32372
3210
2626
2211
10618
1032
817
33776
668
2402
2238
1546
3027
28501
19911
7697
1348
13715
829
1519
14950
2747
1445
798
2282
5507
1763
1829
4734
472
2555
3596
2045
1339
1177
1696
3790
1400
786
3222
5639
29347
1770
37117
2152
908
8959
2454
2173
1734
2443
3169
3184
1985
3597
3113
12137
2348
1856
1835
4367
11522
3710
657
1654
1309
1489
608
1199
2408
32344
1066
9752
2892
3265
2536
19622
4663
742
1172
1911
14779
3027
2952
453
5051
2729
2547
2379
2945
2645
2337
14267
2001
2767
3246
728
5295
7460
2070
3894
3142
22184
2678
19268
755
3207
36472
11608
6276
11023
1966
7073
18976
2764
2522
2579
1875
1805
2430
19310
19799
1275
2356
2148
44193
23560
3506
1122
6128
1454
1197
1087
2435
2681
29982
2528
20864
1079
4918
2070
9859
4977
4035
1870
3186
828
2632
1802
4712
26652
85694
12231
6177
1797
819
3085
2059
1804
2904
3185
1778
8065
14328
26071
1480
2934
