3734
1640
21629
5590
3753
2666
3221
1069
2918
1368
2666
1698
789
16232
2102
1965
1048
2443
1751
2094
1196
4000
36785
1207
1426
1096
1082
3121
2205
2555
2205
1206
404
2177
2073
2478
15068
2346
1437
2020
2407
1702
3026
6248
786
1881
24079
2829
10441
1112
1643
1052
2396
16551
1541
1656
11324
1792
2691
3109
3963
3796
2251
2944
9937
2107
2830
15332
2761
3525
2117
896
1971
1140
932
2112
2129
821
2466
1486
1301
2522
3085
1186
1441
28650
22100
1723
913
2780
49732
2145
2580
5017
6934
3329
925
12509
2467
5931
2242
2388
25957
76594
46479
32538
75114
835
1496
1855
19857
1749
12508
20362
13103
2413
1593
2230
1675
3626
1812
2430
5654
8229
1922
3439
1773
1334
994
815
2647
1864
14684
1417
680
2545
2139
3513
1794
2038
2396
33194
2440
21586
18773
1584
2255
1048
633
2871
26426
1668
1894
1297
1952
29774
2550
10808
936
1470
3135
1820
2016
1892
7714
1780
1453
11269
1407
1986
3618
2774
824
2131
3557
1209
7796
2797
1455
15999
1398
2460
899
1770
2103
4016
10159
3570
2385
3456
2271
2472
2038
14855
1270
16379
13959
2803
18787
1764
1797
1491
4525
1769
2019
7295
13386
1349
8937
1509
7642
5691
1494
2319
15992
2574
3706
1718
2509
832
1879
2700
1689
2574
3066
5135
24884
1410
24035
1881
3707
2568
29531
2311
2330
1020
1197
2320
1720
13427
1697
2562
640
1241
1910
1809
2193
1587
15110
3078
6363
926
3587
21583
1631
11601
1761
9435
1555
1483
1411
7491
2939
3142
14394
2447
9710
1006
53388
1574
1676
29738
2052
9072
2831
1541
1659
3013
596
5746
36237
13354
9553
3942
2606
1387
1392
11220
1418
4966
3792
10089
10908
3549
1949
1632
1016
2801
7318
1054
3013
2790
2275
1331
7325
2723
2194
1642
20204
1127
2803
597
6686
2514
2147
2483
1931
1753
1594
2709
7354
878
8652
14676
43981
6416
3641
593
7092
10786
2522
1526
1813
2358
621
3360
12407
22395
2285
799
1713
1128
1998
5083
22726
1849
2009
1377
1435
9014
1980
2519
2744
31284
1249
1726
16892
18695
1595
8328
1774
2438
10603
1939
1833
3389
2468
519
1161
1997
5257
2588
1700
3577
1249
2565
1849
1082
2259
1533
7139
3545
42291
3184
2243
2545
1057
1216
1699
1681
2352
17628
3788
1252
2517
1696
920
13862
1524
7864
3893
1237
1252
2138
2360
2105
972
1835
1802
12148
984
7762
1195
1092
2010
7392
2504
1278
3103
1530
2272
711
2917
2806
2044
1550
1343
35953
2027
75555
3793
18412
2873
43636
1983
11913
3688
2412
2924
2581
3138
1169
1038
2091
2064
1561
1410
2076
6750
8326
16686
1865
9013
1805
1767
3517
2541
30113
1163
2249
2265
7892
2788
1163
7002
1833
2588
2418
718
1427
134217
2746
4889
2125
1807
1253
1722
2499
9253
855
3912
9773
10443
1219
934
2376
27041
17332
4634
21013
2513
7755
5213
1640
20741
1668
2089
10617
24603
1873
8640
1174
2590
8597
1770
5427
1801
14035
1530
1100
2538
25139
8884
1648
1790
1094
756
2358
2059
2054
861
1067
1835
2954
652
20863
1990
3181
1929
76657
2110
3620
2535
3590
1924
1883
2000
2997
12083
2429
2909
1460
1614
1323
5586
3084
4097
1404
1707
1602
2838
9147
2160
2002
5567
5519
5114
1984
1245
2405
766
2978
2943
1118
3377
10980
38469
1716
1710
16140
3685
650
30327
2194
21357
3336
2356
2174
2976
1526
3074
51205
28092
1886
936
1911
40677
2225
2870
39041
2831
1578
2856
3595
842
2574
2496
2448
13495
3254
2194
47868
1457
1875
1928
2730
3469
34405
681
19407
2395
2831
1588
1017
6616
1762
2423
37249
18662
20676
1436
2145
918
35656
978
2327
2457
1984
4836
2992
3034
1781
1970
760
1815
2194
903
1875
2227
2970
1130
2516
1265
8778
2321
1178
1321
1817
7388
1995
3072
1784
9721
660
13048
3343
6705
25270
1937
2661
1368
783
2724
1807
2675
8412
2333
3627
3615
28375
36787
1430
1388
705
1149
2290
2824
65699
2102
2870
1382
2279
7887
21253
2638
1954
706
1218
1040
3812
551
816
6245
3505
50349
1552
3335
2836
1865
2292
2890
880
704
2624
794
2721
1470
34885
2082
2161
2412
1661
51744
2481
2786
1999
922
2173
1816
1623
1835
81895
1612
2059
1432
1289
16853
2007
715
2120
2143
25506
2925
7203
1760
8154
1326
9697
12772
2390
1379
8182
31615
6329
1956
1031
1127
2389
2362
25991
51211
15743
982
2310
2133
411
1628
5473
1612
2005
2996
2443
1409
1718
2156
1229
1086
2810
2850
943
10743
1733
1990
892
2322
2418
1512
1681
1994
2799
16987
12397
620
7361
7135
1636
1379
2819
2648
4920
1353
1979
33535
2185
47540
1652
762
1493
12320
2107
1856
2174
1797
1629
30352
3025
3449
1360
3437
2262
2058
494
16336
1371
464
1217
2416
1653
16764
2093
1883
32257
1488
1009
744
2274
2057
2215
18449
2383
1317
23802
1738
1034
2128
2484
1101
970
8846
25399
12082
1590
2146
1063
2486
10188
1237
886
2175
1745
3057
796
1555
1097
1296
1297
1000
1937
3802
1383
1865
13442
2120
33025
2572
745
13858
6054
2506
1055
1299
12853
2658
3968
1825
982
3008
1869
2137
17775
1357
10723
1480
110433
1083
1349
11492
18143
2604
2854
2115
4049
2538
1914
741
1760
1984
2059
9765
2654
1444
31005
2033
16699
2477
1707
2154
1245
16443
3021
14226
2040
6864
1907
2649
2445
19665
2635
1803
8302
6815
1550
1905
538
3067
2263
18808
12590
2799
735
1091
979
10442
1183
89573
1361
1262
2768
18836
5671
540
10519
9386
3265
2062
309
628
31759
14721
39181
2583
568
6131
22447
1946
2826
8226
2053
2170
2592
2511
29481
1421
3011
8091
1958
1828
1025
1455
1000
567
886
1482
3168
19639
1338
1731
2353
6643
15027
16729
6349
3313
19872
7665
1567
921
2730
689
2361
895
2329
1775
3666
3701
1380
15427
2695
1996
908
4939
16069
2553
2579
79150
2102
56468
8811
22788
8184
1701
12612
2133
2663
750
1464
2454
1528
1476
11867
5758
2106
9203
4148
1649
2444
1941
3554
16736
3579
2200
442
19911
9481
16138
17518
2971
993
20525
13087
999
1062
1621
13057
1126
1966
2404
3021
1365
11941
5217
815
2208
2011
3345
18488
6639
1162
1271
1868
2372
10558
4123
2148
2805
83267
958
601
1599
6146
1342
27805
1097
1368
3267
26423
1470
2261
5470
41386
1792
3219
934
2981
2063
81509
1419
7609
3870
1327
1281
2101
3671
3453
12748
25140
1731
3293
12171
1676
2628
1453
2690
399
3302
2471
7886
675
11674
13924
4806
1726
1681
10367
2684
14351
1889
1023
2486
2729
928
4803
7406
1225
1629
20677
3688
3006
2102
12545
2196
559
2036
10436
961
21230
441
1913
4402
2135
1305
1202
1897
13805
1122
2077
992
1093
2061
3674
1617
2478
1367
678
1933
1864
12016
2080
3477
985
1639
3330
1328
847
1554
11841
3602
1586
12790
1853
2645
2978
2005
3096
32144
21256
1852
2014
33378
3333
1456
17971
1367
2561
6794
2685
1511
1992
2705
2663
20470
10301
1294
26088
9381
1696
1682
1696
2184
1021
1686
1999
2455
17636
4259
3175
912
17222
9489
1425
6687
24210
2172
2776
2053
1049
5027
3503
1037
54917
18136
44530
2784
2892
3524
2609
19505
2303
30276
18568
534
6867
2622
2657
2270
1709
3587
13273
1469
1373
799
12312
2092
14663
12305
7340
2451
14285
1420
1311
549
1345
2998
2081
2004
1193
4875
1701
2389
1309
1276
3371
1733
1236
1036
1187
13667
10820
7508
1510
1377
1528
4532
1744
4839
2626
2944
2743
1670
771
2929
3195
16028
3282
4996
7649
2089
973
686
2430
781
28421
3391
2118
1608
2943
1142
2859
3642
4327
7788
30568
3544
1710
21109
5754
2923
15043
1412
8172
5562
3682
1538
6186
6543
20613
1091
2305
1413
2822
2006
842
1567
1600
1490
1013
752
2560
8960
3669
2166
1539
1172
682
2220
2960
5974
997
2704
2892
9175
12887
2228
589
2065
3741
5898
1204
4385
18460
3052
22387
2156
2509
413
19421
24272
2181
1464
2564
991
462
1401
1142
2477
2606
1921
1263
933
10032
9464
10773
1440
12956
1674
2782
1946
3066
881
26560
2609
2975
7624
2235
2462
1423
1515
1183
8360
3582
2506
999
1062
13550
4364
2781
2355
1803
4490
13782
3062
2064
947
2343
675
2106
640
7350
1709
1411
1388
2581
812
3679
1386
942
2586
3094
12484
28448
3508
1796
2271
1318
1626
4595
793
5663
2739
2420
2496
668
1572
29047
1476
1511
43315
8123
2948
7548
2579
2915
1492
2138
2716
2994
9080
1463
1741
18558
20290
1747
1129
1215
2187
5556
2382
12357
9787
1494
4526
13865
3536
14107
1753
1720
7083
21598
14592
1776
2697
4525
48081
2852
2383
610
22933
934
2732
1273
651
3090
11838
1349
1477
4816
4424
2306
10548
2432
2784
1442
2465
1628
14003
3219
3000
12398
2564
5553
1680
2368
1320
2036
1559
1020
861
1834
509
1610
2476
1417
11694
1892
1857
2123
3542
6102
1550
1738
2815
759
3587
1812
1107
988
2279
1316
18500
2767
1342
1804
24112
2591
3527
2420
957
1044
1957
1229
2127
851
10911
33801
9915
2188
2765
2751
3957
3390
2073
1327
1864
971
2500
2177
1535
2710
1120
1321
871
934
2324
46036
1386
2065
776
2923
2219
3020
3762
2490
3408
4383
508
3160
962
35344
3090
2197
2115
2029
30657
2824
6759
8287
2732
2075
3923
1635
1472
20086
2983
1195
1691
1511
1699
7833
2099
2524
2219
1603
13124
1960
2007
861
1217
2569
3209
1814
1994
1844
3398
2725
25133
6535
1973
1131
2518
855
1996
6078
1792
2597
897
3176
39658
2403
2256
1277
31826
1916
3434
2497
9063
2078
9542
2242
1938
2483
2901
1853
2757
2553
2221
1775
2293
1954
1083
10014
9487
615
2990
1533
2079
1851
1903
2041
49383
1856
1618
12248
2390
2313
16207
2662
16638
20826
3313
1750
1576
1788
7106
28764
5423
899
1127
11971
8742
2566
24410
2396
2026
4267
34844
2451
2385
1963
697
819
1765
3147
2438
18894
851
1382
2788
807
986
1668
774
1593
5514
1803
3008
2343
902
7310
1856
2193
10733
850
2685
395
780
815
2997
3240
2548
2135
1516
880
4141
1141
2659
3228
1554
6796
1693
15100
1946
617
51992
1262
3400
1970
597
1777
1754
2531
31299
1333
2119
2288
652
1508
1613
2042
4505
5572
1923
1837
2000
614
1082
1326
1731
6521
10181
8277
17960
2621
2931
2176
31015
12797
45391
3315
14665
1169
1971
14180
37215
1609
18668
26479
898
1266
1186
1364
22819
825
1316
2659
2430
1673
1013
2203
1347
2272
1787
30721
1801
1288
5977
2285
644
1183
1986
1250
35209
1602
2523
3014
2227
1807
1598
2296
2396
1853
2188
3014
4036
1230
2320
1680
3268
2217
8825
1153
2452
19667
12329
48033
1930
3420
1675
1507
2517
29405
1895
1189
1062
2180
2279
2314
1839
1896
2234
6916
23637
2003
11134
9064
2180
2450
1491
17511
1616
12363
2019
28650
1162
9009
3799
1253
972
632
4700
2024
2284
14332
3205
2881
1339
3082
3699
2049
1709
482
3506
995
3698
15490
1421
1383
3217
1616
1620
2894
2083
4973
7241
15001
2014
1444
12894
1883
1766
4218
3917
1074
2061
2196
2438
2151
1548
35032
3295
56473
32253
1151
3341
1350
43823
2117
986
2405
3987
23859
30534
1823
2624
1385
2706
2675
996
2939
1512
7608
1293
1522
3984
8882
6086
11806
1730
2817
11488
7159
1684
2019
2434
1864
1985
21430
2425
8328
2689
4197
26558
7172
11677
1270
21925
2115
33019
17187
2175
1428
2578
1969
1285
3015
24955
26713
8534
27075
711
576
1511
3124
1270
12670
1012
9238
1301
2898
38918
25916
530
1778
1210
1670
1362
2348
1892
6489
2956
17821
1607
1149
1266
1746
28600
14616
1003
954
2810
2761
25280
1921
1635
1499
2736
992
1281
40432
1817
48191
2162
2531
453
2635
1695
2403
896
1444
1384
1224
2180
3624
2228
4042
3935
1006
1660
2724
2912
588
3121
3178
8553
3790
2364
1079
2312
2122
7702
2252
2917
9205
2130
870
2528
1253
2746
2916
2900
6232
2227
2088
2151
2487
16734
1031
1215
2037
10995
2314
1529
37333
1401
2776
3364
1528
2436
1592
1884
1523
3752
5928
1304
1174
5348
3815
7666
4277
1214
1063
3517
1313
1597
1526
1873
2479
36392
35100
9242
53689
1242
2246
9434
3336
1450
1480
3058
2188
1882
2596
21758
31723
3157
9929
1085
2417
2491
1239
11120
28882
2247
2009
14847
3128
1966
2037
1577
835
1875
1610
1858
1671
2054
2802
16535
754
1123
2648
2219
1172
1547
1695
1991
9950
13835
33139
1856
1503
1837
12910
8817
2060
1543
2168
1868
2065
1176
18344
6208
2955
1772
1449
3260
1172
2448
1618
2929
27071
2199
1850
4038
24325
2314
2337
12027
11397
8745
56933
2292
1340
1453
3207
2812
10765
2243
2039
870
15347
3161
23467
1551
4336
2816
1648
977
1336
2373
1697
38481
2103
1306
3065
3097
8602
6135
24283
3276
2464
1057
1159
2190
2448
1045
2181
14458
27656
8946
2378
11755
11844
34659
1273
1971
1951
821
1384
3380
2017
10212
3293
3089
1592
2296
2444
20450
2516
1135
902
18291
1626
1162
6196
16925
2431
1806
1285
2559
1565
2839
2093
5160
2489
1089
991
10671
1577
842
2645
2676
895
3552
2031
2983
2917
2084
1978
3205
1519
22024
2518
39620
36698
10723
942
2698
1857
1279
2722
1872
3268
2732
9093
2543
1678
26830
26185
1154
1376
5340
2253
861
452
1571
1766
1797
3329
9509
2034
1464
4224
2558
35127
9856
9753
3603
703
22047
2240
722
8897
2772
5395
2317
3008
949
2106
11403
1909
1725
26475
1203
4434
870
1115
1106
2862
1243
1352
4048
2536
1419
2095
28561
1797
2248
2850
1619
906
13012
20539
1377
1276
2041
15052
2443
10895
12235
1965
2683
1009
2679
11472
2255
1106
3476
5561
2336
891
2436
4059
3417
5253
1717
8399
58790
11853
1342
1730
9784
18278
2612
1029
688
423
3908
1820
2052
1700
1898
1474
2098
6099
1885
796
971
8640
2549
1258
2128
922
1314
1945
981
1923
2320
2915
14868
3186
2835
28240
614
1674
2731
2225
4060
1271
3698
1919
1572
25928
1147
2262
3934
2352
14098
2814
2897
1951
1635
4109
4488
1985
13566
2021
3005
1043
2582
1226
2777
637
2195
3496
2511
1289
909
1668
3431
26414
6707
1925
721
1333
19533
2074
517
12009
12638
4329
14498
3672
2107
2655
2432
1932
2235
4116
1353
272
2146
9253
2605
1935
631
2778
1878
2759
2910
1421
3004
10274
1467
5078
3223
2547
2811
2532
2398
2239
1813
41943
2146
3183
1901
2996
21466
1509
8990
2698
2218
1389
599
3199
2140
1287
1537
22963
49178
1319
2277
2501
1180
1567
546
3222
1998
1847
2497
5732
1211
1421
1377
39718
7223
5713
2651
2290
723
2085
44907
2791
1058
2468
5491
3009
730
2996
1101
1745
774
2023
2681
18751
7651
8460
1536
919
2147
3246
841
29696
1562
1632
1716
4915
1995
771
1014
1956
2658
1815
3531
6816
1912
1709
1442
3029
18909
23850
3807
2606
9787
2310
26789
2763
15698
2014
2506
10851
1006
13649
19862
8821
13238
1218
1474
1059
1438
622
2022
3191
822
33479
1368
2031
2834
2803
10421
1433
2203
1713
2486
6938
1107
2530
3107
1305
19740
1899
1181
10306
2367
1945
5146
2408
7001
2293
805
2489
2542
1991
1773
2521
9732
1690
2546
2173
613
20878
492
2850
7846
5421
3167
11874
2096
3658
997
676
2068
842
1887
7687
1750
2731
1935
15607
54244
28882
2401
2160
1823
1875
7874
2974
2724
2394
4688
996
12466
32959
2525
1330
1922
2518
2933
2464
1706
11589
2536
17005
2087
2505
9724
35835
4085
10134
2664
6355
3215
2064
26632
10709
1839
1634
2559
1714
10430
2682
2831
2401
16993
1224
1714
2279
2821
2181
20897
1487
3887
824
3233
1532
2916
23789
694
2132
1975
2845
2304
31128
1593
1701
2193
5073
1338
15013
11848
2108
1342
1948
3120
2484
1548
2423
5416
1875
7620
1126
41487
688
2511
2205
2548
2810
20811
1222
1572
2728
673
1894
1363
2470
971
2125
9251
1268
2023
2871
2267
2692
8651
45357
3376
18883
10911
12391
3916
925
1483
949
18565
14680
3500
19491
2618
1626
1863
1986
932
12130
2760
3179
740
2292
16144
2084
17000
1704
3130
339
5549
2521
7102
2542
1669
1805
2514
779
1001
2297
51693
1506
2754
1407
1730
2841
1293
12316
4082
1312
2092
2075
6128
2673
6733
1987
2825
1076
4928
33924
1055
2144
2759
2808
2273
2751
15358
2094
6821
2399
1174
8953
1452
3724
3104
2183
1755
8421
4414
3321
2847
24302
1771
7299
2245
1814
2318
2151
1883
2514
1364
1580
14475
514
79125
2203
2261
1424
1741
2300
6707
850
2041
21507
2483
2777
32642
1676
465
41835
2656
13014
2457
2683
15427
768
3655
674
1399
3439
2114
1240
2520
1814
1338
1528
13646
5175
3211
2162
2173
1768
3288
30398
716
23425
1147
1283
1645
13484
1460
2961
1956
1490
1934
2706
8899
6883
22096
1257
3178
2653
1822
22168
1728
2296
2321
947
2131
6824
1737
2928
1869
1649
7587
9157
52598
2014
1438
2424
1696
2772
1737
1481
2228
3696
2667
15384
17515
841
765
2731
1721
1396
19357
1173
4017
3752
1186
1904
1327
662
1371
4205
3484
51455
21345
2324
2602
2070
1776
12635
64567
13669
2880
1609
1979
23172
3186
2268
2057
16841
1624
21212
19388
3175
1824
1831
2772
5592
1300
1478
1717
1396
7144
1202
15191
1583
9548
18973
1498
1367
6874
1865
2792
2185
3901
2530
14561
3121
4663
20651
5111
4139
2851
2322
1160
2655
2406
1422
26975
7655
1693
30873
7686
1362
2636
14551
2136
41133
8533
22434
1967
1193
1547
1198
1943
1611
12873
904
1730
1222
901
3687
2064
2323
1792
2694
1563
2246
35497
3487
2056
2615
2752
977
6375
14051
1184
2072
2534
1830
2474
17167
1971
1026
2055
2554
1844
21188
1543
1639
2818
1728
7460
7402
1505
1484
1557
1277
769
3312
3974
4497
1331
3969
2107
2929
2317
10279
2957
3436
2839
1694
7308
1202
1777
14370
19124
982
1929
1826
4804
1840
2647
2065
7022
2273
2429
1972
925
1954
4412
1955
1502
29386
2473
1459
3179
2404
2761
2817
2486
29546
2535
2458
2352
2186
1299
13581
4987
1471
7226
1779
2583
9504
1313
876
1714
2279
3066
2187
11452
401
2404
1841
2280
1561
10956
2897
1563
2867
6221
2716
2578
4111
9706
2692
3570
2291
1784
986
1308
1838
1172
47846
8146
2124
1606
19026
10559
14190
2956
9078
1351
2472
910
808
1700
2073
1694
2598
2397
1598
2710
2138
10373
1028
1769
637
1360
1882
874
19887
929
1595
10654
2462
15045
2546
1554
1010
6264
4288
2392
2184
19025
75163
1002
6661
7753
2213
4203
3290
10994
2101
2880
1065
540
468
2172
2570
3368
1805
2583
2768
2365
12496
1272
1289
1234
22513
1579
298
1939
20099
3049
829
2787
2556
24053
2723
466
12874
2536
20084
2182
2186
2412
26958
1176
1419
18986
10170
1057
1529
1805
2307
2113
2737
1400
757
16428
915
6984
2340
2480
464
23964
782
15203
2490
925
2276
1400
10445
2130
1417
2686
1803
2047
2714
2558
12201
5111
3444
1780
18984
999
2702
3287
2793
1632
37610
9679
2273
2148
2123
4918
1668
1915
1669
6339
29678
3912
660
2557
2749
1637
1782
2080
3358
1156
529
16132
1437
3232
1942
1480
1863
3183
2164
1819
1768
821
3556
2963
20455
3082
4236
20762
2370
1570
411
2517
2618
23777
23357
1884
13135
10880
20199
1436
9861
1254
957
2329
2560
2160
1229
6262
1244
1673
20132
3378
5898
1872
25659
36466
1775
5191
2939
12738
7822
2573
1769
1722
3059
1003
12988
1625
1688
1003
996
1738
3224
1394
2273
1320
2325
7120
3241
994
632
20049
4421
2492
1239
1316
458
1842
23867
2447
2219
2987
1761
5248
1152
2235
1833
1792
2471
497
810
2223
1881
1596
2100
2319
1979
1740
1405
2246
6119
2036
637
573
2636
1797
1858
2755
1533
1188
1269
2325
1998
902
1754
2311
3055
2104
2115
1743
2403
1675
872
3577
5332
3805
3177
6350
3441
7803
2159
1338
2262
3440
386
4513
2144
1773
1748
1466
2350
2208
1708
967
12364
2271
15526
519
1349
1224
2018
6693
24747
6129
1717
2924
1395
1786
1551
36963
48801
1619
721
2062
3210
792
2043
1642
9662
4395
1544
2453
1340
7767
781
3272
2766
1466
1822
793
2678
2308
2506
2727
19698
2800
1210
6461
2965
2015
2239
2256
3171
7596
2836
3218
18999
1921
10854
2756
1993
38644
1534
1925
2302
13972
2353
1529
4966
948
1202
2972
36652
2180
3553
28653
1979
26099
2795
1685
1016
23579
2098
10449
1210
1308
2309
2146
7557
11968
643
2696
8692
467
3783
2155
33646
2718
4171
792
3291
4070
1116
9261
680
1832
717
2564
1460
8330
2011
1495
10987
1100
429
853
1718
1970
11777
8285
2322
24256
1330
2186
1042
9921
2395
5459
25857
1103
1656
21451
2019
1420
1560
5414
1241
5097
2111
3742
1267
2040
1716
2177
2186
3168
1374
1044
2362
2431
2600
1469
1913
1485
3022
2530
2301
8893
19180
1934
52497
442
2576
1506
23642
6950
2048
619
1433
6388
2054
10295
17906
485
2803
2511
2515
7983
2254
3171
1200
12779
2426
2126
634
2279
1551
1637
2257
1166
9778
1392
4403
1222
2818
1303
924
1035
6067
29028
2328
1592
2395
17167
1815
1513
2283
3357
46077
6013
1721
32980
2339
10271
8418
18706
5676
1772
1562
1586
2214
2741
2335
19292
2916
17957
1303
28694
15271
1027
2183
2722
2211
2135
2303
2606
3513
2722
2150
1124
2479
924
2397
2385
3167
367
10633
3065
2936
658
2955
1876
704
1542
5990
2766
2750
8952
907
2544
2054
2832
958
2053
2647
1802
1377
904
11957
3577
6442
1848
14632
1516
1865
13135
927
2462
951
969
2930
11377
5861
5820
1911
22808
7370
4882
3957
740
4345
911
2215
1225
20456
1970
2790
15127
1469
2337
2315
9231
2506
5491
1922
10639
35728
1875
132270
5739
3779
2210
7023
2249
3745
1564
2047
9894
2493
3787
1030
15789
2108
872
14665
1814
1391
3250
1907
1374
1813
6081
1093
4481
4262
1076
2596
641
3295
1659
2121
496
1734
2161
1469
2836
1527
1742
53338
2218
4556
35812
1334
2681
9225
1271
1061
11955
2663
2901
433
9491
2065
3012
3554
18073
2106
14037
24319
24869
1821
1621
631
14783
1846
30398
1885
2700
10204
929
9425
1105
1620
1340
1564
967
2800
1672
62155
3248
1842
1396
6735
3135
33111
1350
26848
10800
3202
3846
1359
2221
527
3419
3298
1882
1356
10537
3985
2032
1696
1552
1580
981
1362
1517
43002
17297
17588
5499
8262
20753
1272
3607
2096
5308
2387
1601
33622
1510
6402
1072
3154
2117
2351
1952
2612
2035
3162
2667
1843
2900
1359
1251
8266
12517
1055
4169
513
7732
1384
40602
2257
1461
631
8436
1651
1307
1076
963
2079
2248
480
764
40350
1716
2003
1892
2225
1448
2817
2038
957
7644
13062
1204
2338
15961
22356
2915
2336
32381
860
3385
2197
2686
19415
1836
1438
6022
14356
1281
2315
2177
26593
850
1691
3977
30151
12243
2511
9193
1321
1119
800
1569
771
10627
1342
22335
588
1481
2243
954
2600
14588
1302
1863
2518
31884
46203
7104
2536
842
2134
3199
2314
3034
29284
1764
10397
40293
1836
1926
1672
1445
1912
2701
36819
43779
1249
2658
5707
1657
1421
2460
2305
10382
33040
1848
1695
3001
2065
1170
3409
2238
22166
9655
7704
551
1819
2820
1135
2261
720
1983
2454
3052
29918
1859
2109
2693
1083
2226
1744
1064
26412
17997
1972
1267
3515
3218
2474
1326
3033
3815
1324
1755
3701
5592
32176
11417
1483
867
1012
20761
4864
2251
753
807
398
2058
2510
2099
2744
13568
966
1953
3205
1324
19102
19967
1082
2122
1982
2072
3391
8062
2075
13525
1873
13231
4902
1095
4224
7081
51217
2793
2809
3481
7655
30607
1250
1823
1415
12400
12933
2752
2785
2349
1767
10819
21916
1992
2578
1980
2648
13341
5934
2593
1208
3182
1190
2542
20636
1142
1832
17323
1805
2116
2687
752
2326
1200
1996
2269
1560
1729
4260
1903
1679
7487
1884
1381
1244
1841
1313
1056
22082
2854
2186
1833
2597
2116
1571
11908
3419
2380
1258
9939
2637
1075
2623
3331
3573
1901
928
1042
1755
10788
2135
1818
19765
20000
54808
20138
727
70572
2892
1688
1327
2187
1931
2880
2204
1531
2599
1234
1839
1790
639
1581
5267
12148
5110
6177
1538
2436
2071
3010
2058
28970
3108
1911
21186
2158
11043
2387
2127
4163
1194
4265
10677
21553
2496
1904
1277
22194
1623
3021
992
1119
2066
1079
1700
3620
9489
2456
2586
1644
2202
6208
3500
2998
1809
1449
7204
16693
676
493
2381
1417
900
1594
3521
756
2464
1663
1779
1813
2497
1826
1695
3058
2605
2276
1545
1253
2533
792
2182
12305
2437
2223
16298
11372
1789
757
1286
12200
11118
16469
2439
1266
2026
2704
4982
2105
2118
916
1450
1080
609
3523
2815
1398
2320
13886
3726
2518
2743
2040
2845
2143
8877
2724
2310
1587
10182
13915
2913
874
2015
3187
2712
969
1363
7029
943
3091
5507
2700
2604
30811
1718
2059
2638
3162
1678
2075
2271
2160
2513
4203
27388
1214
603
1299
14612
17291
728
2673
2422
7548
1312
2596
1117
8365
1622
2889
2805
1327
1501
1518
11855
1956
59100
1286
585
13842
1980
3378
1536
8120
14838
745
2458
1335
1190
1227
8239
1762
2160
3118
1403
943
2016
3896
670
1705
899
2039
10505
17765
23185
4680
1527
821
2977
865
3082
929
16804
1940
1842
1083
1601
15876
1121
8686
1496
6550
1319
3653
3303
3400
2798
33356
1831
1774
3594
7896
2130
9158
1746
1676
3001
3468
1457
2467
642
3743
1934
8143
1123
11750
2543
14208
1837
2553
1587
5192
1662
1462
1170
10411
3601
2020
32986
6649
12117
5560
6893
9194
7635
1316
2622
8759
3596
1330
3198
9538
2040
915
1623
1301
20183
13716
1118
1750
1620
941
2453
2262
862
1235
14734
673
1842
2366
7472
2147
2015
2132
6797
2819
17508
2500
3599
2566
2401
24964
1763
2531
31967
4883
2354
1322
1584
1010
19212
22363
7866
2241
1672
2348
3815
1428
2224
1560
31581
16958
2758
2146
2330
925
6888
641
2642
2009
1201
2493
3211
1547
1732
2123
14496
1632
16843
4351
2256
1488
8252
4287
1080
2203
4447
33479
1338
10397
613
459
1481
2482
1001
100136
10616
10090
1844
10379
1473
14080
1330
1333
34463
2185
1850
2189
6361
1616
4024
1207
1908
1273
1561
17065
16315
14424
1828
21493
15635
1098
6758
1510
1616
1381
3213
2060
1420
1626
893
2456
2807
13921
24522
2590
2058
3868
1341
7035
3500
2800
1216
851
1120
44593
2231
14339
12881
1664
2761
1634
2842
3403
2569
2361
1740
4686
2250
3517
2450
3423
992
2541
3779
870
1989
5662
2607
21053
9635
2389
1916
1357
3525
1581
1123
11073
2912
8505
2777
1527
1126
15778
18242
781
3502
10571
8053
10466
11926
2036
1016
33735
2058
24201
12287
831
2477
5049
1378
2203
1536
1642
2880
3190
3664
1931
2710
13584
12636
13114
1620
2815
563
2279
2725
1980
808
1174
2448
1674
2906
1179
1710
3938
12305
3037
17916
924
847
4440
1829
3485
1850
1971
7879
4130
1708
2447
2145
3423
1542
1497
2310
2217
10906
26066
1151
2048
1394
1126
1543
6181
3021
1526
3392
31446
1855
3822
14251
2630
9826
2557
12263
1497
1213
36363
14905
1351
11972
1944
15903
2614
2234
380
1837
2009
6640
2959
1179
79086
1314
2436
8222
1539
1913
11326
1289
782
1687
2900
2788
2794
4003
2637
4680
1336
1390
1997
1923
1981
3240
2572
1500
1888
18102
1050
5156
3448
1495
1728
1501
9279
10005
1553
40119
1640
864
40509
2861
14879
1637
2298
2003
1525
28742
2748
1091
1937
2360
2610
17258
1006
36145
4129
7806
2278
3086
483
21735
1882
3224
2798
1603
1491
3082
41572
5530
1208
2501
1809
2738
2167
1115
17207
2330
2424
7583
1486
1414
1311
7042
2105
40538
2071
2546
1605
1856
20147
1177
1464
2916
2874
31106
2731
1357
2279
2324
3347
1720
765
12354
16973
3463
1439
1124
5163
911
1063
2605
2756
2106
756
1465
2018
1627
4303
2135
15913
4173
22465
2789
1341
10565
1721
1235
7070
2045
11924
6551
2205
4377
2009
2635
2771
2180
580
20335
8441
2658
1985
1748
2741
6358
1432
1907
32953
4210
1808
8340
1249
1249
2118
898
2750
30470
1290
2591
40229
2264
2603
7289
7551
1716
1505
2697
3312
901
1057
1684
53345
7772
30407
1713
1638
22451
2518
1857
2078
3027
3108
2351
2182
6978
18894
1699
39602
1558
1492
2577
1914
3744
23320
2780
2731
2870
3129
13505
2442
1816
5405
489
1884
2816
1046
3173
1238
1347
1715
2781
10310
2285
1417
1667
2262
1195
13903
1866
20324
2819
1611
3355
2864
1813
2511
615
6043
3147
2275
7052
11195
1048
2225
2258
1805
2030
2101
1925
2767
1512
3232
1078
3751
884
752
2582
790
9441
2645
2760
582
20249
2355
13391
1317
2051
2163
6120
2868
1653
6389
3120
1928
1552
20501
1865
783
1286
1667
1335
11782
1581
2698
3346
2474
4781
2933
7330
1275
6783
2034
592
7633
19651
829
1447
1654
2089
14157
5838
846
1164
3183
2007
2218
2501
2240
2357
2411
2661
11109
2183
1985
898
2761
831
5012
911
2629
22565
2442
1982
2414
2740
900
2485
2581
5043
6841
849
2804
4848
2509
3931
3316
1970
2092
12561
16253
1649
2030
3931
2119
5825
3967
910
2034
17778
12498
1927
18338
3011
1310
2006
2567
6781
1525
1495
3797
18632
26174
2169
1957
15793
2583
1466
1249
742
1402
2301
2056
2422
2271
3090
2012
1981
760
1409
10805
1527
2258
691
3031
2463
12853
1387
3806
5484
19245
3757
1603
1568
1373
3068
1088
1176
3894
1938
3067
5322
4546
1418
8221
26089
2491
2517
16584
1530
3238
20691
2942
2251
1740
25517
2675
2251
3617
1005
31519
1668
2086
1865
1012
29736
7369
50955
2691
13882
12675
1629
22811
9102
723
2978
20222
1265
7878
1727
1473
790
4427
1586
2672
3942
932
2967
13650
7050
18191
3508
2430
3359
1287
7299
2653
2868
7598
2869
4604
625
1690
11585
1906
1218
2056
30374
1677
1490
1778
2913
2379
21774
1808
1603
650
19942
2057
1993
31255
13596
1863
2894
1963
4949
1539
19630
1406
7108
2176
1945
6883
2287
1287
1936
1855
1581
2386
1199
12413
2774
1600
21270
1078
6801
21919
3654
3071
1015
2271
1766
1482
2421
26416
1868
2574
30666
1708
6698
2138
1943
21838
911
54604
1307
1640
4351
274
1899
1544
2262
1860
21675
1329
829
14111
2224
2401
1637
3349
2884
2965
940
3235
6450
2437
7065
1828
3440
2476
2295
1777
1804
12448
1793
2336
16020
22131
24151
1648
2228
8355
3316
2804
879
2047
17924
2787
2967
1617
2314
7677
3316
1851
22993
1888
1863
523
785
968
27507
2130
1666
1354
3444
2803
1945
2109
1553
19863
1919
1193
3320
8179
2498
1594
9806
2325
1165
1741
2257
2071
1191
10595
3200
2410
2422
1076
1492
2999
983
6320
2974
1245
4662
2117
13397
2921
3264
1886
26277
1933
2229
5931
2064
2035
1616
10396
2104
15665
23525
2910
1869
3127
1023
8117
916
3725
12912
1164
8009
2316
4530
7556
33181
15840
10085
1568
2186
1849
28689
3052
1495
10974
2773
2214
3356
6534
4808
7506
4785
510
1880
3088
5118
27763
24500
2319
959
1599
1406
2613
2151
2200
1401
1684
2267
1950
1584
1457
1795
1511
906
28533
1058
2032
1228
1220
1375
3803
15510
918
11615
1937
2497
2070
13088
1134
2547
1689
2087
2257
1339
1193
11946
1993
2477
1405
1455
16025
1607
3467
1895
4730
39552
559
22833
2923
1384
2448
10990
2764
3021
10903
1172
2904
1320
3117
2816
4105
2138
2686
25445
62268
20118
15492
46228
2877
1918
9840
6032
2137
6153
3498
2505
973
3710
38773
8022
5092
4084
835
3400
19816
47216
2221
3429
2675
2434
66812
631
1736
28463
13672
6219
1826
2151
8320
2285
2037
2318
991
2179
1806
2598
2922
2338
1642
2441
4797
2163
2651
1710
979
3571
14763
1464
11241
2451
6281
2980
2101
1343
14592
2190
8942
1775
3039
4935
1137
12124
13453
4805
16042
28943
1716
1302
2421
920
23080
2465
1298
87116
4125
1634
2480
8623
3120
1785
8664
4963
2591
9568
2967
2588
1488
1216
2660
1331
13354
11882
2598
1712
7944
2551
10307
2590
1912
24837
1708
2066
2199
1134
1414
2240
6521
21327
2599
2506
1040
2344
2500
6462
1817
1158
1283
786
2223
1974
1865
1821
1899
1194
18780
1388
15088
1855
2375
813
1788
5489
946
1536
1562
1827
2234
3186
1355
16479
3081
1993
1589
4103
6209
2696
1180
15817
1277
2717
1855
16341
1772
3289
2280
2474
19626
14695
2055
1311
1170
3787
1061
1320
1150
51205
2179
1671
4146
2213
2145
1861
5127
1997
1621
1690
2392
4264
3212
20028
2562
2546
1254
2601
2088
8192
1376
1764
57103
3361
1032
510
1981
7625
4110
1795
8271
8828
2774
38170
12777
1725
1955
29076
1495
4562
31639
2009
1488
5552
9284
3386
25825
821
13278
4783
3559
3201
1676
1485
50195
1686
1524
978
8914
2364
3202
1495
2727
1768
1351
1942
13856
2199
2443
937
1370
2647
2004
1970
1501
2817
1316
912
4302
2216
1048
1415
1684
1120
1951
18389
1461
2742
2506
10247
34326
1886
13874
4812
45444
2048
16054
580
2070
17732
687
1962
4007
9329
6801
3234
1396
2232
10545
1246
2820
1449
14146
1953
16980
1726
1905
7353
1872
2552
2374
852
1448
1176
1980
3083
12319
1243
8031
28702
1069
2222
15151
776
2775
2007
2693
38072
17944
2020
2644
1326
25377
1621
722
1545
1750
21697
2503
3672
9338
2847
3160
1954
1271
21493
23141
2113
3072
2097
1717
1348
2124
1898
2023
1688
3700
1762
779
1503
3323
2421
2114
1408
1649
2412
8835
2667
3773
33239
1093
1948
2883
1234
7535
1171
17086
1310
2605
10008
1211
38993
2083
3035
2699
2336
59796
23921
2660
863
990
2126
1240
4593
907
25050
1092
1792
2528
2225
1403
1502
2258
15067
14361
1781
2102
1336
1613
2653
18005
1665
79522
1080
2078
2590
1606
3358
1091
1305
3553
1494
2039
1954
2017
1436
2309
1673
2639
3888
3782
23867
2200
4438
3072
1876
6708
1338
2852
5027
2057
9867
11678
2112
914
2999
1520
2179
2427
2478
1862
1478
15277
909
1774
20629
3596
3501
3908
1978
1582
2688
9757
2003
4789
18135
1884
1656
1031
2297
1558
37008
1815
2269
3003
865
2435
14589
1964
1966
2598
2123
2056
2222
36216
2809
2343
2540
1772
2310
1934
8996
3015
6139
948
588
6280
22843
1813
24994
2572
3848
1499
10886
902
2525
2790
31686
21182
1310
2108
2408
1971
2010
2722
2764
19698
2098
2201
30316
1065
8856
9477
2227
1080
1638
5214
51683
7039
6023
981
2442
1395
1262
316
19841
17164
1894
1888
2944
1406
6225
1593
2042
1532
995
2760
2702
1111
741
2214
11394
1031
1164
3633
1717
2169
30504
1902
4129
2563
2405
1379
2799
3116
1127
726
20920
1073
2191
35630
2233
2445
1929
1890
2776
10027
7928
1180
2814
2869
1105
1382
1176
2339
1599
2508
2715
967
1449
5945
2127
8681
1905
2290
1199
1503
1919
2167
878
3241
1488
2261
1542
22320
1494
853
37687
26481
2216
1944
1620
2418
2996
3345
37272
3168
2274
1558
2219
51402
1292
1910
1949
1357
2514
18406
2346
2987
2153
661
13222
2426
2076
1948
1473
18603
23536
1648
948
1469
3201
1298
2573
2461
1280
1582
2252
2385
6045
13063
1433
14646
1338
1051
1060
20930
1463
22428
3323
6178
15637
2324
9897
3124
11082
14680
2393
557
2555
1145
11571
1540
1324
2583
29369
6722
4561
731
1711
37712
2501
54227
616
2689
26923
9778
2514
829
16240
835
4710
2986
2119
2064
1283
11057
2114
3137
1137
2576
2937
2326
2438
2212
33535
3145
1474
2535
1199
1484
45748
1771
1365
22525
1578
2103
6617
1133
2666
15359
1785
20968
2693
3722
3563
624
1938
1215
5631
16479
2218
13512
1077
11025
2382
1736
3829
12396
1436
2514
1187
2838
13520
2177
2163
1405
2181
703
1224
1277
15577
2193
50766
1375
19864
1817
991
3399
1312
2295
3140
2070
2085
1496
893
65695
579
3161
1974
2966
2457
2107
3411
3665
2555
1488
1875
2583
2650
17137
2426
2286
8594
58224
1958
2525
1973
1639
2479
15686
1068
13058
1878
1598
891
1065
3738
2134
1057
2735
789
662
3171
2979
2270
3064
2745
49803
1758
5237
2031
3055
1910
2333
2800
2972
2092
1202
2203
2604
1770
1090
7656
12049
1015
2395
11414
1839
27325
13138
1975
3165
1400
976
2256
1366
2032
17082
1570
2144
6814
3307
1740
1722
2865
1189
33307
2255
9242
2467
1810
41388
13438
1682
2489
3324
1678
1176
1846
1550
1458
2288
3306
5955
2633
2138
2686
9171
2939
1826
1543
1838
6718
4018
2460
2004
494
3530
2055
1990
8143
2030
2376
7880
2439
1298
1373
2307
1203
2426
2620
1768
7512
1637
1197
1819
21784
2466
1954
3381
23321
1273
629
1240
4339
2818
1778
21632
7146
20909
1948
12354
1944
3078
568
1254
861
808
1859
1694
2210
17670
1498
10659
2235
1322
3177
1416
2956
5126
1383
389
2965
1893
19138
1169
1291
3482
1596
2219
1134
2308
22904
1157
2042
2725
13716
1501
2820
1808
2803
4365
2125
23702
2232
935
9435
1514
38446
2979
2244
938
3170
2885
2276
1484
2386
13725
1517
1507
1690
1705
1094
6047
1318
5313
4940
1611
1913
7988
1741
1984
802
1510
2249
2580
1638
1674
1948
16714
2178
21106
9395
7121
8008
1056
2473
4314
781
8815
899
7163
1924
24174
1868
1834
1200
916
2022
1902
2987
1891
1635
13054
1609
37899
771
1581
25020
3003
3161
2010
1759
1098
14100
2410
2037
749
2367
1845
552
1908
3169
3323
2096
2389
1296
2062
2773
2985
1160
1703
1810
1926
1369
4774
12064
4169
1235
3380
1036
1268
594
28596
2216
1312
3090
2686
2087
1245
2774
2030
11258
1705
1163
8537
1337
22075
1854
8837
2165
1515
24598
1051
2903
2477
34356
1913
1907
3201
1941
11345
2517
2278
12117
17706
3605
899
1453
3273
1260
1526
8518
1262
1242
6790
8845
2479
3040
2023
1533
1525
2485
15131
1600
9547
1531
13954
29529
25636
1678
1801
8094
3741
1165
3464
5956
13909
2725
1799
12025
1572
18807
26571
431
28133
1785
2481
1998
741
1369
1578
27459
1486
1968
1313
477
2760
2515
2130
3351
10417
5742
1548
798
4472
3821
1333
642
3412
892
1825
3317
22408
1220
1936
2149
1485
3174
29614
1896
2011
1302
1157
2644
815
2472
2584
2909
39692
2289
16869
2294
1980
1750
3302
2974
1479
2118
1596
11398
51780
1646
2546
2614
1209
28434
2396
1054
1290
17723
3975
1243
7249
2519
1530
1481
1369
1695
731
64627
420
9316
3029
2093
950
1018
2039
702
45248
1572
1802
1342
13425
1815
10085
1562
1768
7910
1951
1176
2529
5653
2608
3405
2293
14492
54341
3926
1416
2717
15199
30808
1938
21491
55886
1486
1707
1556
41465
2476
1444
2102
8043
13322
1667
1823
11334
1313
2085
3084
1180
1792
2153
2724
1977
2115
15846
1221
1536
1465
11326
2970
20229
1985
19004
892
15317
33734
45304
5572
2589
3207
22732
5866
2435
1598
1515
2853
29095
12066
713
17753
3390
26855
3759
1053
2539
1453
985
1187
5444
2241
2820
2908
19369
5781
3977
2564
8635
2893
2435
1707
2548
2845
1878
1392
2064
2051
2248
1106
818
2395
865
2732
3580
2234
1017
2571
608
1324
1377
3280
450
1632
2371
2575
31090
1112
2799
2152
861
2553
8041
1664
1654
1762
9826
1766
1402
4421
8359
23891
2159
2011
1196
1839
643
2674
5870
1123
3560
1835
731
3429
4706
1433
678
19127
1603
2975
2780
1859
2812
3136
13843
2272
1530
2739
1860
2087
2527
1749
780
1269
2348
1977
557
1481
39064
17455
29261
3833
2612
24377
2214
1302
3093
1675
2924
2694
5002
1488
2691
3667
28696
2116
1568
1391
2897
1630
1317
2523
2020
1974
10640
1283
33777
2217
2281
748
961
4831
5150
3337
44018
1946
2029
1867
2987
2370
1054
16616
1749
2001
4384
2879
535
1239
1675
2162
18324
2731
1443
2832
2584
11141
1653
2228
18995
1073
2258
14305
3559
2516
1778
2223
8332
1494
3034
2376
1233
2808
967
2875
36521
2308
2377
1991
15150
1778
2075
1723
2832
2594
2516
21808
1719
26799
1375
13029
1499
3068
1893
6874
2162
1242
2616
1080
18596
1995
2469
1786
1485
1808
1566
17549
6736
1744
1412
1720
3021
2041
975
1967
2203
3761
14355
4660
2814
1836
6535
16910
2384
412
1094
2581
2496
52551
2913
45582
2107
1791
2391
2746
1632
3945
965
1726
1702
2559
2101
2477
1335
1555
1203
3118
1784
2895
1914
2182
1264
865
1256
2246
1951
20880
8164
1214
2063
1250
2174
870
5523
20816
3626
3519
3174
1069
2632
2223
1844
4589
1536
10505
2365
2728
3559
1949
9540
24121
5925
8019
1635
1869
1933
4405
23473
23998
1416
2867
10250
2067
1954
3219
1856
1289
1521
2160
2250
2050
2949
794
2095
3135
7272
1237
11691
2017
1619
1725
9148
21814
6679
2861
1912
2497
2164
2426
13394
3461
8661
2149
2204
2859
2060
39216
1333
499
2932
490
3344
15926
3123
1212
20354
1327
2335
2125
1835
10507
2015
3142
1387
2924
767
993
1649
6096
2270
34834
1089
26374
1476
1622
3322
2232
6447
3077
11316
3697
1153
1876
1190
1656
1859
1731
1557
3034
11221
1414
2009
1211
1467
11429
2135
3158
2423
303
6375
11612
1387
2142
2096
12427
2498
9837
2568
1770
994
2697
2614
1485
1185
9259
1138
16437
756
1482
7737
2160
1397
2569
1953
720
776
357
1780
55880
755
1480
3316
4460
12241
2377
2706
1578
2510
1513
5997
2348
2211
10469
3035
2411
13086
1915
2054
19815
1903
57193
892
709
3853
2793
7459
1854
1099
3200
16329
11750
1926
1596
2903
3967
1548
3115
21872
1324
2722
1359
1018
2185
2424
3744
1563
28887
1230
1967
734
2354
1735
2797
1301
1047
1017
4486
5377
13554
5768
2424
1893
1354
13792
24871
22987
1798
3249
2054
1735
11618
4199
1888
2667
2319
2847
1713
664
9333
10025
8495
814
1747
927
9658
2718
2104
1619
1496
1832
2133
1578
2228
1057
1827
5442
2876
3383
1720
2550
3143
956
2738
989
2245
1466
29439
13603
19155
2178
2176
803
3452
2220
2768
1257
2339
1164
19984
2059
2047
1639
1081
7754
18418
1388
1152
3112
1071
6700
2365
1797
2576
12716
1763
2759
2614
25572
5954
837
1526
2363
597
1936
8098
2235
7569
2991
8902
2404
1440
1958
6975
19275
947
7707
1010
741
1590
2934
1284
12970
4126
625
2774
908
2779
970
1731
1701
900
1426
2641
2498
1858
23251
2516
2198
2798
2348
1055
910
844
1964
1349
15931
13940
2282
3548
2980
12400
1039
2652
2263
42049
2231
2322
1647
23334
2641
2104
1750
4027
3938
16873
2067
21853
1866
1322
27429
1869
1166
2920
2082
993
1172
2918
2098
15623
15925
2227
2794
12045
6600
2708
1257
505
14901
960
1887
732
5673
2622
3421
9144
3036
1461
3146
777
1763
1667
3688
53736
14383
1361
22407
2611
1547
2806
2713
625
3449
2262
797
602
1165
1644
2253
1712
872
33372
569
28563
16974
37600
1535
1998
2169
2171
647
5831
2834
15294
3462
1962
3340
1267
2171
1109
15637
5958
3698
20150
1223
2098
2122
3204
1690
5405
2011
2201
1412
2479
2770
544
1577
1844
1393
18576
1566
1081
1558
574
3425
1294
2020
1796
1025
3478
1767
1927
1337
703
3973
1446
5622
30609
2123
1628
14918
1555
24851
1721
12497
18190
2429
3280
584
7838
1049
1553
1797
1954
29107
3465
1489
2720
1452
1424
1208
1290
1178
9923
1853
2950
48751
1098
2226
2098
1201
2132
2356
1674
10723
861
1363
2700
2991
2194
960
1044
2034
928
1826
1678
15226
10159
1914
1865
2034
4725
1251
2530
1587
517
1074
2956
22074
2901
824
2263
3046
9026
10349
1022
4918
2012
11271
42503
2165
2095
909
1409
2408
652
8999
3613
2772
1044
1418
3357
790
1217
3227
898
2345
3203
4963
2039
2391
1308
1534
983
1534
14588
3341
10902
24359
1727
2466
2734
1269
2738
735
2181
1506
2203
2311
4344
1550
1261
939
1868
1593
1849
3101
1436
9860
18827
13921
6850
2486
7493
1600
1712
14791
2080
1909
332
1327
5306
49470
3310
1571
11927
2359
2388
2752
18418
8353
1623
1028
2003
1636
1377
2464
889
2630
1587
2611
1986
56656
1733
2467
571
2144
52713
16961
3607
1946
87270
14295
1134
2282
1487
3940
82670
2612
3427
7738
1698
2171
3302
1946
16182
2744
10584
1121
1701
1804
1406
6132
1609
1478
1942
1384
2010
2565
2890
9516
2822
3478
21257
9101
2122
1272
41503
3448
11022
2456
2812
2242
68286
728
14479
15889
2222
3257
2636
815
20065
3102
2392
1039
687
1915
1886
3318
1614
960
10472
2551
5763
5695
2572
4221
23865
3586
1934
16584
1269
924
876
58434
2046
20549
2163
1919
1343
2129
1821
305
1115
45327
2857
546
8995
1653
3244
3127
1386
8447
1493
2776
13295
10231
2934
7524
2983
2209
2064
1987
11937
3137
2476
3020
3856
1472
1597
48775
1833
1951
1892
1860
21383
27591
22901
74143
2461
2606
1495
1988
2704
35767
533
2356
1388
2459
5370
2489
4013
1429
1156
22174
2945
2336
3285
3491
6553
23205
3452
5047
2247
2948
1150
20618
2070
2147
1570
10681
2051
839
891
2073
1595
1176
5473
16315
1685
771
5853
1641
5170
1017
2086
11979
1299
15711
2767
421
1446
1514
1684
18019
1774
2957
1781
2490
3308
1708
723
2353
1281
1025
2818
1942
719
2406
5668
5952
1403
1435
6939
3691
14900
913
1915
26044
5811
34134
3169
11562
9340
2932
4858
2162
2496
1470
1957
19542
2312
1294
9746
1314
1433
3160
2592
1098
57918
1337
2379
11545
4386
2054
6600
41802
2048
2453
955
2014
20267
1469
45576
11274
2150
41968
2067
625
2122
558
3129
2309
17524
1735
4227
644
10184
12478
2447
2495
12479
2352
15739
1186
2780
35057
18382
15026
2039
2083
2927
2511
1567
5550
1531
2263
10167
1687
2205
2352
11478
3091
1259
2839
17707
1347
1713
2982
1312
4018
1536
2132
2883
3762
880
1428
2347
8714
1751
13361
1454
736
2874
4398
1537
10835
1813
2390
1557
961
784
673
2280
3143
2971
10525
1796
2306
1780
34072
1476
1852
2023
1839
4053
15198
1368
13941
2085
2410
10907
1600
1863
1119
4752
4061
799
2910
3296
911
2219
1536
2001
2227
2394
921
8305
14841
1321
35011
2660
1228
1924
3348
14724
3171
1471
1590
10263
8957
1895
2608
1864
2122
29624
11071
1481
2690
2243
1378
2723
1163
16201
2024
2467
2235
38406
21061
9170
1743
23177
30185
14838
17672
2337
778
2028
2071
1097
3519
22838
30647
32549
914
2038
22546
23869
1581
2037
2642
5933
11522
1221
2445
22154
1654
2636
2206
1106
3152
11310
2370
15674
651
14208
1642
1924
3234
2652
3185
1536
642
2098
3320
10152
3521
1255
14084
2721
7035
30520
1855
2852
14068
861
6714
976
2077
665
9805
3018
3040
2049
2844
2115
2457
1402
13799
2254
2834
5181
32905
1435
2100
1366
1176
37866
2348
2179
2210
1724
12461
918
19941
55949
1398
28685
665
10521
2358
22841
2367
2348
451
16756
1606
43757
1960
35504
2109
859
2163
1576
2426
1972
8733
19291
2506
2507
1844
1953
2336
543
1624
8930
894
1654
1470
15387
1020
19395
2050
12918
26196
2376
1458
2235
21834
9213
3955
964
2770
2148
2806
2284
12479
18221
6829
866
7991
3185
19133
1561
3615
8539
2417
3129
22962
1865
13256
1022
2232
1767
14847
875
1384
19012
1748
1353
1904
1549
2236
3462
1820
1827
580
1792
1305
2871
13614
2360
1231
1058
27865
10403
1316
2179
1620
3056
792
5738
1433
2036
1343
11960
3188
2627
5711
9025
16326
2490
15070
1277
3327
1402
1532
1162
1722
3288
32788
7877
1558
1993
30773
1821
2836
2857
1469
3756
1016
2185
2986
3076
966
2055
1625
2781
2416
2750
2279
1447
1941
2647
11113
1359
1063
940
3697
1062
1912
3105
2182
679
2550
2218
845
843
1430
1872
1706
1629
2120
5585
1850
2527
836
1321
7022
1859
1757
3434
2053
3169
30530
1897
1747
6619
24757
12572
2042
1965
744
720
13368
852
790
1763
3067
1785
20377
4419
16948
1399
2522
3036
924
820
10853
2080
1534
16014
1624
1538
2313
1618
1864
3273
2764
1538
5410
7232
1636
1139
943
3573
3406
1861
1693
2955
20728
1337
27543
1563
1619
26173
16918
20242
2503
5158
18019
9660
1503
2064
17147
22255
1970
809
916
1912
3180
3907
649
1980
39885
14221
953
1075
1330
840
1573
1791
1663
26722
2505
2749
975
1179
31143
2407
808
3393
1898
2589
960
1291
1032
419
2605
596
24942
4557
2279
1109
37226
2140
5458
5273
4557
1086
555
3199
932
7600
2548
3468
34615
8621
1945
18442
10441
1344
17593
2184
580
43455
647
1926
2098
2314
851
21959
2062
8875
3179
1651
36400
2898
24830
2731
2330
1540
1499
6927
1703
14333
843
28060
2851
3136
1541
2261
2869
2469
4372
1220
10699
3034
2687
7052
395
1032
41152
1953
998
15037
1639
653
3756
723
2034
1054
2351
7502
1485
1916
2733
1521
492
1672
9216
1958
1111
2135
930
7591
2183
11799
887
1028
2349
15736
10898
972
5471
2244
598
11826
3042
1294
1618
2057
1509
7279
862
1881
2868
24747
1839
3076
4109
770
1719
3506
1673
5390
2794
1727
2137
1204
755
23406
4334
2922
845
3217
28017
1603
2761
1934
1009
2012
3025
2305
2111
1867
2832
1383
2382
24078
2576
2711
1942
1244
811
2228
1393
3003
10214
2435
875
3025
67691
721
2069
7957
2048
36212
1995
1582
8570
22334
2168
7296
1401
2290
1875
2141
5582
12019
2242
1822
3090
1951
10090
11750
3427
995
1028
7853
1508
23130
1352
17644
731
17092
1958
1586
1598
733
1207
2552
1430
13691
4556
1919
1197
16107
2477
2182
2722
1967
1658
4210
2395
12577
19938
19024
3648
1872
1168
2370
710
1826
1013
9600
1824
8726
34749
1236
3077
1738
33910
812
9506
13425
14601
2269
3318
1949
6579
1746
1682
2611
1707
1945
866
3112
5252
1725
2486
1155
6007
2778
2441
2684
4906
1687
1586
17089
1438
5861
2542
3179
1335
1209
687
26801
950
23650
2902
3095
1894
9341
1130
1745
1434
1281
2266
819
1460
28443
1831
1370
859
39413
3303
3388
2325
1377
1165
1687
2251
1494
1283
2418
12568
26070
11565
3223
2045
1001
2401
2790
2686
2118
1194
2793
1473
1060
4560
2825
1675
2507
1684
16643
3159
1678
2084
2344
3797
4095
2145
13041
1964
1852
1285
21428
3870
2152
998
2042
1478
38223
2390
1238
2524
2609
2901
41810
1057
1261
2125
844
12455
54635
85080
2572
2772
1841
1294
9145
2604
2593
1220
1806
14025
3265
2780
1425
1485
8524
9285
1152
4596
12774
2013
856
6198
2784
1823
2608
2334
1590
1927
2095
2973
842
7027
1768
29462
2191
13424
16831
26002
1858
7883
5320
2085
1077
1692
7542
1189
678
2162
2748
1196
2893
30122
448
948
3045
3311
2248
1966
34076
1797
3186
6715
2103
2633
1381
20802
1988
1964
950
2029
8641
8735
1357
2014
1881
3829
2442
22987
2119
38219
67334
35385
278
1663
1930
2064
462
652
11013
4585
20313
777
6302
1527
1685
10600
2106
3279
13093
7510
34075
2972
1703
775
7053
16470
3501
2508
8879
1119
2412
11244
2415
2717
944
1200
1584
1996
1537
11772
2074
23173
982
1265
40740
922
5100
2645
1717
2247
1353
1087
32239
1033
2995
1658
2681
7233
20601
1517
2696
1616
2528
2979
1804
1206
1735
907
2551
1289
1495
1879
70454
1646
2767
1217
10907
1938
697
1732
2802
14286
1770
11698
15566
3063
1687
2132
2427
8116
1856
1382
6371
2734
3217
923
2278
1796
2752
1679
1669
5794
2286
11549
1565
2158
7183
7596
27379
2240
5327
633
1286
3693
2833
425
5935
23770
1447
1624
3062
10143
803
1447
17494
8178
8518
729
957
11078
1872
949
2088
15850
3466
2258
34534
3756
1433
2563
18248
14114
16405
1959
14588
2660
6157
2421
7059
829
7279
2280
1752
674
2872
34625
2968
2962
1450
1194
1414
20713
8616
472
9170
2505
1357
28128
659
3215
42672
1364
1798
1136
24958
1381
509
2698
2300
1826
1718
2656
1879
2402
4866
2186
1863
3528
1338
1969
2693
2516
3339
2060
13117
612
2514
1192
791
6684
21681
1920
2427
500
20375
3196
1698
2491
11713
1996
2290
2307
1699
1066
1362
2239
2108
7359
9084
516
9423
2835
1456
2180
426
83889
2377
7688
1471
3029
1754
1688
2113
933
3036
2116
1529
1958
1623
3720
2757
326
417
2617
1654
1504
1656
14445
2630
1928
1435
35325
2008
1255
1847
2492
1446
2562
717
1981
2687
2617
5278
4713
1879
2498
1950
15178
2312
12094
11374
1132
2045
1587
6690
1781
1599
2773
2408
2735
2069
11064
24552
1607
67983
2200
1574
25207
62211
2234
7854
2421
1940
3945
2448
3009
18822
1688
33946
2555
1779
2218
10968
6437
7144
1577
27090
1221
1667
2421
568
885
1731
1933
1493
3193
2719
3819
3208
4883
1255
40150
2134
3324
1403
1397
6784
1163
2616
2116
15400
1318
21329
778
2310
2185
6901
2376
12512
942
1996
2310
2764
2368
2868
3069
1442
1844
5411
1737
2707
10814
1814
2096
2685
4276
1990
1243
2736
1437
2751
4176
403
3145
2672
1000
1399
1831
857
1249
4987
12786
2175
303
1110
7482
5179
2463
1826
2217
2218
1709
1756
1605
2641
762
2143
1418
1310
2303
1965
2864
3049
1296
586
16139
2727
1567
1308
3733
2032
2240
2322
1038
5813
7014
1895
16162
2827
3652
1388
2127
2824
716
21793
9165
2961
11448
844
1718
1450
1148
19955
4885
667
3593
1329
1417
17970
781
40792
902
26904
817
1794
8873
3336
44492
1123
1628
2357
2744
3139
1035
1450
7545
11590
2823
1710
2062
1530
3144
18109
3021
15606
1359
18746
1746
1323
781
4595
2594
65308
2263
3054
20825
2718
1625
1668
1277
1625
1730
3425
3132
4872
3095
2544
8901
1441
4545
7745
12569
6222
2612
3007
2165
2804
2633
1606
3289
1463
1658
2799
2599
16555
1095
1740
1238
2084
747
1260
2539
8312
2049
25642
35758
3424
1181
2209
2118
2748
2416
3916
1465
13386
2384
1524
2479
1959
57114
2211
22062
12849
8908
1274
2026
16550
1905
1173
2675
1697
2431
1078
5753
6198
1744
1789
2197
1438
3522
22842
2552
3856
2137
1361
13405
37884
3870
4265
1260
6332
1436
1480
420
5091
950
521
3765
39985
6202
2615
461
14370
1295
9010
1300
2066
1028
2879
1797
2807
2480
816
9356
30418
489
1222
30828
2309
895
2772
47936
1180
10945
58445
2188
2038
1187
2926
2171
1417
1669
1306
1901
1243
1380
2778
7120
1631
2328
2501
1713
9476
19810
555
18329
30146
2342
1927
1127
658
2560
1602
17602
2522
2189
22012
3136
34744
3850
1278
2425
2931
1027
975
2625
1926
18880
26796
22756
2300
16213
33176
1176
4332
9272
3460
2674
1445
49999
2150
9673
1659
2299
1100
2466
1754
12875
2035
1885
6394
13908
17620
8690
3680
9264
1851
2150
14065
5863
2815
1602
80261
2444
5361
2147
20663
2646
1404
1438
2496
2064
1629
1393
2251
2489
1731
18141
3308
902
5234
1372
2144
6943
1705
1625
2133
2382
23504
1672
5584
495
4872
755
2929
46542
1418
1483
1002
16171
1079
3544
3057
1607
4398
1814
28747
4807
1611
974
1840
2718
5963
1933
3137
2777
1507
1686
18883
2442
2736
1773
1962
2308
3511
26682
602
1106
5988
6901
1564
1725
4813
1169
2930
3568
1603
47698
2083
29738
15671
33540
1700
3748
15228
33916
25092
16454
1399
43632
3694
855
2033
935
2246
9374
1405
22801
2042
2497
1135
1414
11184
14530
44097
2893
1065
24284
2079
1422
10184
16645
2906
2881
3870
1908
1022
1381
1822
919
1430
2224
35477
2209
1974
7360
4298
2357
1646
1778
2026
1571
2438
809
3004
2617
3781
772
1807
2201
14301
2723
1511
1597
8627
5218
1820
2172
2990
1500
2973
1178
23550
2429
3145
2136
1749
2468
1448
52840
3376
31636
1182
875
18432
1475
1131
632
1186
21285
2629
3083
1407
1471
33700
23431
2401
5199
1812
8951
3910
2587
1564
1098
2158
863
2997
6056
2265
1015
11386
1387
1711
6220
2944
2066
6417
2730
3563
2393
1398
1758
2138
25646
762
26323
28523
2282
2236
1711
1204
25990
1661
2230
8562
1395
20437
47936
2122
12650
31443
1728
1329
5557
3181
46617
1219
2437
2049
2742
23228
2457
54429
2000
948
10194
3505
1857
2231
919
2473
24671
1891
7606
1422
3058
2477
1968
3890
2133
2249
1786
12936
2075
1888
1496
866
3481
12843
3325
22026
1222
2001
10651
2105
716
2636
2571
587
1582
24932
1433
1860
819
1540
1627
1734
11791
1688
2192
7410
22742
2117
1417
1256
901
20232
3284
6238
930
1615
2733
3243
1884
6365
1118
1320
27934
20094
3381
14419
1387
23691
1888
438
2283
23717
3593
14859
449
1752
2664
3534
3044
19514
10041
2532
1654
1186
8351
2876
66365
6529
15302
2514
1233
2164
1815
11133
1620
437
2091
2697
9495
2754
21751
1951
5951
982
1428
1876
3604
2050
2931
1441
1441
1066
9676
1401
948
658
1987
15427
1328
3600
1566
2009
48192
2549
1115
10040
21581
1281
1695
2785
22930
2943
1281
1744
25798
2593
2884
26045
2330
1740
828
1822
6006
17661
1992
764
1125
19998
1805
13982
14928
23912
11979
622
15512
2539
2272
718
2187
2395
904
1287
1005
17869
1263
657
1147
2970
2466
2216
2689
1637
1601
1229
1548
274
1223
6665
1250
3231
2762
49329
1356
2465
3909
3051
2701
20007
34265
89374
6711
1999
3402
3595
1082
12754
5725
10136
2988
2544
1063
1585
10713
727
3987
1776
6157
1867
2826
1294
1333
3616
2272
1601
4722
1538
1023
1003
2071
2622
6833
15680
32646
2198
1706
1449
1540
2768
1771
2581
12132
20537
1163
1582
21049
18278
2145
4045
2461
2587
2659
847
1522
1365
1834
2995
10111
2402
2062
1785
2480
2885
1787
1867
1392
8970
3081
1599
1586
1658
10838
1883
12645
1718
15285
2486
2696
1615
2262
1913
843
2346
9746
5941
1829
2199
1242
2294
2876
3062
1876
1061
15865
2111
3075
9569
17491
1310
1876
10333
2379
29825
1290
1358
762
34087
2345
2393
1547
3009
17369
8084
2212
2325
1510
1591
2495
1594
28442
1268
14760
2296
2154
3693
7920
1149
1005
2234
1268
2811
3528
7241
869
2986
2240
3163
1887
1087
1997
1256
3739
3059
3617
17850
5217
2559
2497
3197
661
967
827
3251
2331
2283
3266
1951
739
2602
3815
16650
1190
2677
1622
4009
3049
1140
15288
2353
16103
1767
1468
3380
2705
2580
1754
6385
2528
1953
1713
1371
33917
17100
14344
1589
2635
1456
16548
1788
3272
2598
2785
1507
1744
1540
1611
3749
15898
1712
472
3292
12168
1739
13113
1688
2172
3918
8198
833
1570
1669
3123
2211
2838
37798
2013
1706
1932
1022
2920
7484
2503
2406
2401
1798
1298
2974
17566
1621
3251
2882
2973
3499
871
12617
634
1955
2142
26406
1004
1248
16255
979
16728
37905
678
2340
2169
1872
18966
1646
25377
1958
1548
1774
1934
2543
4215
860
1214
2076
