2709
1343
3087
3618
3334
20274
998
1914
1490
3189
1886
1449
4095
2616
1310
7516
2464
1550
5088
3190
2388
3363
1988
893
19322
1537
9627
2351
22975
2343
24553
3081
14597
1361
581
26519
2674
2104
1460
30469
1990
1023
2525
2395
2314
5874
11730
15623
2494
12936
2303
1115
2655
3294
3614
711
2128
2685
1106
6136
2087
1147
1276
11514
1999
15240
1666
2916
1084
8535
3020
7603
1540
1868
1381
29938
1411
10024
3080
2382
1223
2503
1844
972
25920
1145
2254
2357
646
3805
908
3033
2187
2075
3358
1620
29349
840
2254
27676
3430
12816
3186
5997
9181
1887
5333
2491
2827
2826
439
1060
1122
8376
2026
15798
1143
35706
17470
1392
1429
4273
6869
3948
2054
1040
1768
1576
1082
1447
12161
25913
2644
16082
9948
1461
20109
30994
2091
1844
797
21621
23663
2378
13486
4467
15847
2404
965
8001
21699
2471
1964
5896
20571
2259
1878
2814
3353
1120
3525
2603
2431
1417
1744
2427
24568
1152
3018
2181
1588
1681
850
2781
35931
6698
874
4638
12549
13852
2651
4722
2484
1902
5127
1516
11143
11762
7409
3657
12276
2816
578
2357
10713
1353
9411
666
3220
2674
1205
2863
2148
2014
2053
9594
26595
2021
590
2772
3118
3473
1652
1031
3605
3473
2455
1698
2230
35653
1560
1825
1647
1456
2415
1903
5690
2117
1821
8189
2253
982
1579
3456
10888
39549
1846
4497
6391
2446
1959
3913
4212
3091
865
2399
2502
1891
2332
2406
2265
2774
1440
1119
1038
4466
913
1167
891
9631
33063
1172
13859
1314
5193
3053
1463
1555
1293
9574
25358
2682
9283
2126
2071
56725
656
1153
2067
1380
867
19167
4169
1469
2015
2180
3846
2465
1107
1956
672
22750
2663
1275
1119
3316
34932
2353
6054
745
3076
3813
938
22074
1140
2992
4136
2656
1855
7709
8179
2182
4258
17870
1716
2397
21222
32269
35771
13482
1396
2356
7480
3080
25682
18927
1186
1974
1819
1520
51025
2939
7372
1603
2677
9008
84456
6061
21470
1274
1053
1713
1094
3235
2396
2210
1696
2666
1340
4708
938
2939
9191
26831
2242
1448
2427
3583
4550
3045
2934
707
35183
2065
1559
1587
1622
1004
6961
3066
1741
2907
1073
2600
2422
1895
718
1575
79894
28674
2500
2415
2273
1161
3109
10608
3922
754
1059
64293
1723
8498
1388
2583
2461
12325
1280
3711
22094
13114
8940
2345
7963
2244
2439
29666
6176
27438
2229
3398
2647
27282
3156
2469
550
2764
3037
16827
1615
989
1072
9503
1301
31281
4206
1183
1105
2192
1874
2312
822
924
1734
1025
2886
1351
4925
2591
19966
1945
2546
1445
4641
2245
1362
4103
1606
2927
37286
2025
6562
2023
774
868
1044
29860
607
2156
12674
1883
23333
25023
2650
1784
2628
838
12998
1098
2955
48494
4452
10905
769
812
6894
6342
2372
1772
2652
1174
1147
1055
23841
3303
2107
1962
2240
24259
2626
6820
1859
1414
3456
10169
8571
1741
2447
12628
1821
27290
897
696
9690
11697
1234
3240
2041
1882
20586
1707
2839
12325
9378
38965
3581
2233
7112
2364
1598
1291
2355
2468
1154
2761
21642
1053
22535
2704
1203
4317
760
16797
7707
2797
3502
2944
1290
1741
1371
27830
668
2192
1753
2017
8173
25556
2144
14519
3400
1715
1906
5877
2260
1375
1511
9991
1213
861
1208
2311
1339
7603
2240
1172
2005
9826
3053
2294
2858
840
1041
2158
1067
6018
3790
9019
13669
3362
1002
48451
6715
3769
7073
39910
1358
749
2558
3111
1779
7564
3477
1385
5425
1070
20257
1505
3605
1521
9662
9166
10932
2344
9423
1891
1994
2265
17083
6845
1586
3371
13628
1976
12616
5998
746
916
2581
2210
1642
3162
913
2037
2473
47085
3577
2217
2232
2300
1140
2248
2928
2181
3259
3881
17524
2287
14799
823
2598
1652
1942
3362
1233
2297
10923
1170
2005
2810
1790
1714
2078
7427
1824
2179
1586
681
2464
2002
2416
2178
2691
3624
8169
9141
1026
51942
3160
15098
2068
5761
3242
6619
1946
600
1150
1536
1127
3116
8121
15123
2421
1507
2734
2289
25817
17605
11821
1653
4278
629
2061
25238
6755
14995
16989
2555
3325
53041
2487
946
789
889
2130
1944
3316
1122
1248
10446
79508
1033
1986
1425
1990
1415
26445
2007
2970
20926
1803
631
1507
16001
2714
1965
11140
35200
49502
2417
2007
2894
31459
11700
14362
5809
1553
1607
1550
2527
1813
1412
1737
16377
796
9353
23648
1359
2731
1744
2747
1470
1269
33360
16780
11423
2495
1287
2397
2561
3239
2303
18885
927
961
10203
4337
5789
7877
2003
26521
5333
20705
2963
2326
2486
57485
25447
1824
4978
1199
2446
1620
7120
1096
33093
2497
784
2826
33057
1908
1468
2039
8308
3614
10516
2580
1556
3601
20839
1169
9561
36005
1921
1358
2152
3177
1297
13293
1280
1692
1579
2816
1351
1796
2456
2286
2633
2774
1303
35468
5219
2060
2827
1457
1177
3491
1451
1762
1829
2699
954
1511
2395
2355
18515
1758
2528
2608
7840
3747
3454
2212
3840
2306
10413
2153
21248
3001
2248
16637
1949
1006
2630
1579
13026
3671
1736
1493
24177
2877
467
1348
2899
22989
8632
2730
4877
1078
20123
821
96923
2035
15678
1914
1716
3244
2584
1953
3304
7866
2344
1160
1265
19250
2467
733
3230
1633
2138
1081
2217
1872
17258
3049
2288
1268
3091
1781
1479
2993
3272
11036
5864
2353
2128
2195
1725
41242
21166
2666
3191
1337
2347
13114
4132
2531
1639
2362
24153
12931
1936
1617
26576
2562
2767
2355
1335
747
2017
1269
28001
929
1628
583
3636
6905
3774
22603
414
2076
2301
2510
1706
638
1765
9131
2638
1593
2374
1152
2739
32643
12836
2915
1117
2182
2301
2627
1316
2380
4346
2584
2955
97518
2701
2029
4217
11146
40432
9797
2272
506
2168
2217
9835
1184
1759
1252
21136
2057
3198
17173
3258
11883
25182
1292
1699
37796
5636
1461
18976
1598
1945
1043
28015
1844
7125
2110
10385
2062
984
2542
2040
1260
2344
30025
2402
2534
2054
1934
655
1729
3450
2918
1683
2359
8132
1472
669
2014
6028
1567
1314
962
2488
37972
2085
2448
2490
1199
1657
1754
7722
1489
1667
18922
28470
3439
2504
2681
1742
2453
2400
1872
71193
2001
8632
2623
2363
837
1926
2823
2285
23667
2063
1949
1352
39746
2376
11055
2735
1355
1751
6787
43561
4273
1748
1726
2091
2318
1998
843
25735
2624
34907
1810
3316
1739
2595
2050
1571
2476
1790
2445
9999
3477
1730
2863
3772
2506
1836
3321
7370
2390
1633
2330
1057
3191
1154
5087
2212
2070
34738
1267
1995
2192
3160
1308
18816
1800
2162
6078
7806
3326
2506
993
1240
2382
2915
36238
20096
18880
6688
7652
3707
20436
3127
904
2341
2145
1928
2068
1464
10372
3375
3272
2596
2232
682
1985
1814
2754
1987
1319
3972
547
1581
12753
2559
2925
32202
2584
36198
1904
10259
41470
13092
2008
2895
1910
1160
850
15807
2289
1737
2842
2421
5302
2082
1463
5080
14219
2100
3240
2855
2779
1271
1489
918
1449
40897
1649
1805
1625
1736
2771
961
1277
5136
14136
1039
971
3168
1296
800
922
2325
2533
1863
1645
2142
1893
928
1088
2593
2480
14406
26514
18468
4689
2482
984
1463
1956
2106
2270
1538
2059
2328
1743
720
729
18562
1328
4103
2266
3514
2502
2301
1547
14826
2226
1461
2171
2124
2207
2906
2349
786
6499
1885
19293
2418
1818
48844
2404
1760
16074
1168
2311
2752
662
4396
1957
5636
1953
4095
3142
2359
2840
770
5862
1059
938
1193
7306
2469
2123
12308
1403
1203
1647
3142
1648
897
20384
1736
2072
21601
2542
1551
4437
12405
1251
8719
4906
2078
1828
1411
2120
1863
2915
1269
3581
2356
1176
7157
7902
3844
1458
2198
1790
2322
6858
1538
2557
2763
3002
1510
3243
1505
1355
3104
1379
1441
49498
2204
3239
5378
12939
10016
39241
2250
1332
27106
10509
2467
2208
2266
4089
5550
2132
1956
1911
1127
873
778
35421
3306
1867
3024
2897
1797
3749
2060
2569
2270
2125
813
2558
17295
53504
1654
1742
1969
1912
2045
1881
4285
3680
2681
1876
1217
1735
1661
1970
4012
2237
3299
11001
2687
2570
1627
2196
1417
1687
3615
1138
8850
2806
1624
2771
2169
18746
1453
2386
16107
1298
6658
2264
2364
1568
1805
24790
2440
2013
3239
1829
1401
3080
571
1156
2049
2631
2357
1904
6246
1525
10330
1171
2211
530
2161
1992
1529
852
4016
1649
2837
1184
3752
347
4613
1335
14475
1886
1554
1034
12664
2037
58443
3138
1968
18401
4573
75956
1411
43226
2210
774
2350
1622
1728
1504
2001
1046
2552
8888
38687
1238
2063
1902
2814
10900
32120
15422
1641
3596
1598
2667
2344
5631
2977
2400
2756
2721
1352
19139
1448
2416
917
6089
3296
1656
14024
17065
2654
1364
27082
1950
39289
1235
1044
747
1066
30999
34424
3345
3080
5986
9041
2837
2891
29654
2156
2784
2714
2450
8423
2472
12277
1198
1833
5058
17027
42496
2147
1483
1564
1535
1079
2223
8473
22572
1446
2642
1589
5037
2462
6711
973
2634
1200
1135
13841
3105
1395
5346
1485
7813
2526
2830
2040
2135
1243
2351
933
61498
1911
3084
2250
1870
2833
1519
3329
2830
14759
609
2169
17411
3898
6219
28637
17697
7029
12810
437
1096
845
16642
1063
2250
2170
1540
950
1867
2511
1264
1317
1521
8081
10005
1704
2207
2188
1912
11915
2243
10388
5059
9065
15498
2076
2459
31595
9820
8223
2338
1169
1099
1513
1161
2594
13749
3285
1900
9126
6796
1458
4934
3732
2403
1512
2619
2818
641
30917
2358
8779
27529
2709
1568
2624
7260
944
7207
2410
2184
12325
9310
1220
1669
3180
50524
2475
2287
1536
1149
5981
19707
54264
2426
1779
8640
3714
3160
2717
1744
1963
1601
3150
922
24345
3304
3489
6354
39222
2134
2590
1088
1055
57844
5728
3202
2486
2376
3294
2116
26245
7968
21515
2012
11949
1387
2529
2489
10869
16382
1001
1149
19142
1721
2255
2433
1675
10381
6993
2440
23373
9382
1945
13899
2451
3072
2017
1116
3096
1947
3258
17071
2215
63820
2178
17067
7150
9453
1845
15415
3006
1507
30927
854
1660
2547
8221
2654
956
662
2623
3681
1764
1739
3758
2625
1280
1911
3276
53468
1424
2156
9546
2832
5874
2563
2285
2135
3697
1097
8552
1579
25459
15045
1178
2401
3311
1432
697
3714
4592
2867
1438
54726
2195
2793
2899
11400
613
23377
1562
18381
2151
3765
4232
35638
1194
2857
2161
2164
2620
16419
3118
3197
11247
417
2747
7006
7114
886
2274
3165
1892
10993
2383
2070
943
929
1388
1166
1876
2902
24035
1868
19867
2938
1261
777
1115
2143
1115
1071
12714
2503
32880
16489
2522
1809
1933
2656
1556
2441
11046
1787
2403
1485
11140
1707
2472
2326
1742
3383
7859
5762
2861
12952
18201
4737
1331
2701
1379
3111
1439
1048
2359
462
13266
2433
472
958
1961
2403
2252
2243
518
2171
2632
1829
19465
2260
2932
976
700
6346
2923
1569
12565
6551
1857
20637
1728
2119
1268
19363
1473
3166
1261
1524
2218
1646
7405
6723
856
1790
825
2328
23645
1335
4464
2889
2752
2733
3063
3035
14361
21516
2715
2987
13294
2410
3001
2958
2061
1081
8171
828
3177
2391
2152
2188
1379
10210
3465
3128
1687
3784
2108
2373
1185
16144
16834
59972
1626
14598
37642
2325
3079
32633
3688
45526
1040
1068
2185
2881
22219
12476
3098
2085
14698
903
1421
1055
2177
8282
17000
3702
1609
56095
14904
1115
1477
2088
2814
39556
28934
2274
759
1854
728
1540
1246
947
1045
3534
1996
1945
3596
1241
1025
1416
1526
38562
2228
12693
1254
1811
1047
4248
1800
45989
1523
2112
36692
17625
1351
15134
8397
19029
2876
1434
5617
3368
3613
14340
10025
10280
1117
16030
6363
2380
1017
940
4770
3803
55377
2837
2864
1565
1047
2374
1259
4406
1163
2155
2339
2975
2781
1124
3201
7643
2908
9056
29256
28084
2360
1470
76436
1956
2192
2135
1799
934
2316
802
3077
2038
28189
3006
2117
4965
8534
20459
24803
758
54968
2484
2874
2739
1286
1684
1939
7618
1988
1653
26501
1665
1914
2380
2851
2320
1660
1970
2277
3354
1445
10907
1905
48185
2862
2420
3222
2453
41121
16784
1221
1772
24954
4668
2758
18157
8254
1339
637
3424
1102
1705
20882
16079
2148
10338
26726
34687
1179
24064
2196
3067
696
2648
2932
1368
21887
3164
1867
1916
20142
834
953
3522
2932
1591
2088
8254
3769
1676
3935
1868
6712
24429
24250
2050
2156
17160
898
1499
2355
3400
14141
3848
2098
969
2888
3553
1381
1705
2292
27171
2110
1656
1997
11188
21945
11372
1488
2498
1628
1653
3347
2611
1939
1904
26566
3704
2987
1877
3442
1545
1956
9256
1363
1969
1557
2331
7422
2772
2263
5205
1106
2012
1183
20627
2428
25376
974
1383
1596
2324
1012
3093
12129
1911
2013
10001
1633
1529
19400
2456
2095
1269
1712
2407
3100
4844
6115
2421
2028
2533
2742
2101
7003
4639
2389
27961
3382
2210
1921
1509
26891
3416
2359
6950
2198
7505
953
21714
2602
400
2018
2165
1584
36242
2752
1582
1679
2486
4186
1739
1409
3119
1658
19121
18365
4815
3235
12296
2438
3284
1517
2368
883
925
3479
29499
2725
1945
1921
3002
11788
962
30546
2570
1063
3278
22439
2770
1308
1397
8906
2353
1453
2189
831
2395
5588
1583
24142
1534
1987
1909
2045
48437
1022
1935
2535
29870
2601
1376
2218
28039
702
17075
11281
2015
1150
1858
4273
2358
1170
990
10679
1413
1542
46434
1244
16685
1293
9738
1629
18679
1752
2334
2083
2554
1341
2184
1298
1729
3594
845
2425
783
888
2789
1447
3201
913
13934
1652
1268
43311
4222
5669
3471
1782
34780
1313
1757
1136
2402
1374
3016
1531
1795
813
3160
1996
1112
2087
1242
3338
2307
5174
3408
13650
8900
4462
13301
959
1984
781
2401
1097
3254
2213
1190
15875
1847
3068
3861
2494
2430
2390
1153
647
12156
2146
2737
2704
38862
56141
7727
1087
1955
2363
1926
37662
2464
2136
3631
1515
56425
6316
2499
20126
12791
6302
1432
4356
47482
4770
2385
969
856
2730
1479
1292
1027
82645
2578
3467
1247
1796
7698
2259
2244
29928
3488
2003
29474
24304
8400
6718
6042
6727
2009
2523
12343
2196
1983
3116
2357
1871
10941
15229
2751
7748
25637
2506
1687
1733
393
3183
2039
1494
4446
33754
2963
2054
2348
7840
2452
15062
2571
2337
1348
3070
2611
2068
26088
6923
7507
7731
1742
3910
860
2528
1161
1779
824
17439
1161
1007
3444
2539
1264
1120
9536
17383
2257
1565
460
1191
2906
6921
2022
1954
2824
1106
37247
14252
10093
3274
1573
1754
2698
3265
2343
2295
15171
6256
1320
1714
1502
1300
980
43996
25500
2930
675
1464
5457
2617
1515
1065
7039
1833
1907
2504
2067
2058
903
3246
1926
13251
3669
70692
22269
1641
1698
548
1863
952
2023
642
25012
4536
2273
1940
16997
1146
1533
2713
1987
2175
1370
2965
2131
1131
2585
3446
1523
1661
2336
1695
1017
1583
1513
2375
11868
855
2768
1841
2023
3437
506
10225
2490
3293
2813
2932
37230
588
34373
1678
28102
1935
2327
35558
11707
1212
1639
2089
28573
577
2590
1555
484
1518
2642
1692
2468
658
1595
2318
1914
7908
1895
638
11573
1821
1187
1307
2443
1534
1922
41364
25762
66922
3394
700
2779
29839
4786
31914
702
2834
2281
15256
5731
986
1808
1110
5715
1315
2804
2353
3061
1889
2485
1537
18552
1146
766
3418
2351
2399
1957
2650
3846
18544
5978
2831
3774
9630
2123
2506
1539
1003
14610
11045
1105
2604
1636
3087
2405
2192
5244
4561
721
1654
2704
14083
2001
10811
3634
13834
1655
3306
2917
2311
6558
4204
2756
3565
11368
2979
9196
1742
8176
2134
2479
3237
2815
7170
1799
1782
19888
2148
9266
2619
2085
1956
1916
1795
975
1360
30229
3047
990
2935
2740
2341
1889
16209
11138
1091
26911
1509
9788
1856
52221
1684
34387
738
42078
1969
1168
24833
1336
1811
1754
1678
1818
2257
2167
2653
3215
1382
15687
21802
2566
2149
1836
24456
1412
6215
2719
3802
668
36092
3390
2330
2328
6261
1028
36996
4154
3125
1931
2523
5284
1378
2110
651
1107
7142
2512
1756
10271
2969
2065
2052
4433
3097
10663
24774
16519
1236
3597
1073
2003
3394
1942
11762
9317
11335
1358
14408
3213
4172
2269
1900
2047
21157
1135
2171
2290
2168
22594
2296
795
6712
2695
3913
1961
38994
20434
1478
5982
2838
2058
2020
17330
3729
808
2806
789
10320
9083
1767
1121
60014
20970
2142
1625
3003
802
9013
2512
2787
1906
2056
1331
39801
2181
2128
2081
5202
1805
1917
29116
3941
892
2158
2637
2412
2598
526
1638
13435
30482
577
665
1023
2047
2670
52349
1350
9762
43095
18490
19762
12463
3266
1128
2318
5033
920
3020
1512
4976
7889
3477
1559
750
2128
3184
11718
2182
1404
3410
809
1512
41085
10170
800
32720
19612
2169
977
1246
1925
1345
4484
1961
1546
31425
3466
2601
2046
4967
18185
3535
2310
1691
3856
20737
2776
3747
2575
11586
1465
1587
19544
1656
15249
1716
13459
9877
6351
2584
2135
2528
1097
15130
1794
8789
27972
1603
30800
2125
1833
8579
11919
3024
803
31739
10597
3453
1570
2058
1395
7027
3172
1812
2226
2272
34461
2605
9378
1247
17919
3318
7238
517
18310
15215
2122
2228
2607
476
2092
1007
2733
1371
4203
29420
1319
745
24901
1121
1100
1853
1379
1823
1705
21241
3217
820
2806
2150
15902
2700
1492
1830
2426
2164
14226
1865
1409
1714
1481
789
1757
2304
1286
1088
1896
2611
2252
4656
23725
2168
45186
968
4554
35439
772
1619
1532
448
1478
22376
1766
3977
5089
5116
2636
4091
1378
6645
2263
3812
1823
831
1965
30338
2594
3819
2142
18304
3251
2890
1231
568
1642
10494
3164
3307
1916
1219
911
3466
1965
1931
594
30448
1655
1085
1327
1522
4230
13541
2461
17722
982
2169
7878
21705
36239
1431
2688
2803
23166
861
826
3031
1376
2059
1197
8731
3966
1462
2142
1750
3151
20548
7207
2652
2324
1874
934
2561
20191
2625
2248
2424
4008
1328
1375
2851
4341
24285
2916
2029
2198
10144
1171
49290
1933
1827
1876
1262
1735
15706
5775
821
1904
1133
7805
1334
1045
1446
3138
1623
2718
1467
2823
5835
29379
3265
4687
2851
3465
2905
2031
1873
4163
2309
26886
45079
2186
19674
2074
1112
1686
71462
1361
1391
2812
2191
1545
25294
2588
11762
788
850
36784
1953
1972
2400
1362
866
2325
1969
13725
1928
2382
2420
26770
2915
1829
4072
2502
1519
45795
15395
2399
22210
1318
1476
1938
2330
1914
7407
17587
2653
42259
2116
1238
1704
4309
47978
2109
2408
3175
3143
24275
2796
1050
8002
3418
2320
3315
1420
1082
20766
6550
2753
12061
2651
25631
3282
28384
1231
4291
3100
36097
6711
2376
2270
4886
1977
1903
1119
2481
1957
3065
15757
1978
3056
3815
2696
3705
1887
18010
10516
2989
2907
3600
2379
9562
1172
2769
2199
2522
7864
5041
1885
19136
1581
2573
4054
21220
3958
2296
2095
3053
841
1967
10387
1206
499
2490
1671
2582
1738
2535
2380
11699
2932
20932
6779
47847
876
1638
3033
2724
2275
1442
16583
2546
2396
1413
615
11679
83725
796
1256
2256
1883
8942
1304
2292
1462
1259
2213
4732
3370
2455
16172
22422
2387
465
32106
28768
2243
8341
2418
23225
983
2579
6511
1915
881
3041
2055
2530
17315
92933
2876
5533
6232
3527
1461
1536
2519
2940
1497
873
2631
1539
2823
38782
2805
29661
4035
11162
22182
1703
1842
1502
2206
2369
7791
9996
2601
914
13865
2615
2173
22519
3446
10541
80226
29314
15403
1853
1187
50865
2561
2696
1353
859
1666
13112
2324
4872
2217
846
1128
14418
7538
25314
1547
1467
1161
9555
1154
870
18892
1565
2724
2637
5144
2409
1924
1211
2775
10586
3863
21127
17271
3379
1631
8472
9604
2543
2295
2082
27516
1701
2305
2751
2010
25226
2634
1050
17961
2803
2702
1603
19028
9683
24209
8815
4695
13997
1238
1909
12870
18401
10018
35354
1562
21399
1195
4319
7157
27540
1551
1241
2098
2000
2127
2667
1988
406
764
2403
928
2058
23059
1651
1784
7669
2776
2357
1102
1923
14533
5521
1807
1085
1766
1386
34840
2753
1105
45696
16043
8612
1594
4913
1350
1467
804
2214
1480
972
1535
11351
1642
1739
3007
1764
1607
45605
2532
6935
3011
3441
2489
1159
820
3139
1758
8220
1128
825
2137
1869
19726
1293
29190
1175
4845
34672
2664
2993
7785
2910
3341
3034
2713
3577
598
471
1165
14140
1098
3355
2565
18223
2407
975
1533
1887
2684
17063
1388
1904
1098
5631
792
2870
1989
17338
721
19977
11434
976
13885
1459
3101
2999
506
297
3130
1571
1885
1912
1828
4925
2396
25393
7819
2367
2737
1403
10144
3548
1001
786
2809
3539
4062
3409
2272
1990
14945
1671
20733
3122
30782
7894
30571
3303
31830
2730
1795
8026
2270
27776
9407
30860
2191
2103
3035
1979
2186
2437
4510
16265
562
3073
6676
3097
1890
2813
1836
2065
19813
1345
2388
2653
24690
2641
1239
27910
1743
1953
14718
3198
2111
2272
2548
2682
1240
7194
20526
2409
1708
870
3799
8003
2209
1559
3236
16362
18113
1317
2975
2257
1379
3420
25820
2136
1016
1651
1940
2758
3370
923
14879
2218
2322
1673
3934
2757
5365
871
1670
1178
786
1484
2566
37328
1286
13350
672
1975
995
3210
2242
2157
2350
2810
2621
10341
2961
2719
3746
3118
2275
2094
2730
2527
2131
2110
585
2466
10908
2454
2100
2344
2281
45903
970
1909
1138
2627
730
1368
49576
2112
5998
20430
1339
1959
3544
2296
2000
17894
15853
2440
1729
6341
11170
19730
24075
2247
1046
13380
9152
891
2604
2551
8802
26206
1102
1732
1278
13312
1612
2424
2037
2218
523
1172
2536
13867
3267
987
2352
54696
18050
1152
4791
9375
632
1089
35278
2403
2124
1208
15763
1826
1301
3555
1098
30812
733
5117
2590
91466
1135
4628
1406
5280
2152
764
1503
694
20461
2486
78429
1276
6457
2803
10257
2798
1043
3867
2270
1785
2558
2217
11803
1841
35735
14941
666
756
14848
1718
4448
3187
2238
2434
23288
2755
1794
868
6276
2256
4436
3180
19826
2978
1267
19353
2272
1091
2545
1195
1530
2075
2986
2275
26630
3393
15331
13471
18981
1613
1849
19087
2560
4970
1708
4445
790
2615
1492
12129
1021
1625
20217
16698
12731
775
969
14858
2279
791
2868
23980
2156
931
2609
729
2897
2253
10427
947
2163
1527
1699
2067
1904
25668
27248
1888
7082
3140
1284
1996
2787
20467
32709
3194
2952
2008
5671
2147
1775
1485
25403
14803
1770
10477
18211
612
2301
720
1767
4415
1268
1358
12909
19253
37939
20953
3569
3304
50270
20573
1763
2018
2416
3927
35583
3201
1579
30950
1787
987
1783
22761
1884
3159
3143
2545
1540
2597
2019
2707
634
2370
5718
2119
1180
821
1688
2622
1558
12779
2478
2049
838
12800
8097
1256
2583
1785
1864
1731
281
1274
3345
755
5991
2079
8680
1387
37466
12430
1312
1515
22238
2393
2599
3082
1697
1574
3255
1006
8482
1618
13615
17855
1809
3269
3386
8570
2272
3678
1466
1056
758
1703
16831
2374
1257
17364
6316
44710
2483
3594
2507
1663
2158
2210
2877
2303
3728
3156
3169
2804
1601
50589
1703
36551
978
2545
768
1916
2869
13077
1398
1486
2290
23288
7691
1709
2840
2085
1303
2000
2318
8402
2979
2067
2615
1613
2467
11928
1833
3178
105950
1433
2006
1210
5986
7718
1644
2091
1746
1900
2151
34905
1949
2322
2921
9490
813
1582
1045
1861
2154
4266
1030
2754
3377
1408
1942
3854
2745
1695
17709
2512
1572
19824
950
2188
17576
9588
1235
3856
2740
2342
1996
17708
671
1498
2204
1827
1211
1775
16861
56077
3018
2330
1968
2614
2612
2888
10835
2660
896
1497
1293
876
2514
992
9373
25045
2195
16889
5769
4243
2856
2757
988
638
5134
1563
969
31989
2505
2807
2270
4439
2391
679
17688
3421
2288
1641
2321
11647
2435
10886
778
858
2049
1412
25776
1513
1988
743
15261
1032
1899
2877
2728
965
2120
34618
3930
3298
3634
10656
17256
2234
756
2916
1741
1048
2189
5652
1226
1549
2134
2654
1802
18483
20739
1532
1913
16874
2165
6787
2960
1938
16388
8151
1190
1589
1089
37647
30750
1507
1880
1284
9701
4906
9059
1550
2123
2093
17758
1928
2286
1951
1473
13424
12584
3786
2072
6706
2198
2505
11566
25536
24445
1018
1766
18569
983
2664
6953
13094
17476
40177
4897
2972
841
8654
2866
2927
7961
11391
3061
2079
37590
2025
6535
2995
21980
17794
3350
1340
19524
1144
7227
1040
2310
9031
2613
5408
2289
2755
4909
8539
2852
2154
10349
1176
72563
1863
1819
2774
1219
3368
2661
3092
808
1788
1587
1047
6497
2481
9880
2465
2815
622
9105
16557
9463
21105
2726
2726
2101
2225
20624
1856
3468
2516
3467
8268
3415
2153
2518
40383
3684
1877
13374
1710
2550
1831
884
2112
1025
2155
1488
2984
1896
1752
10135
2002
15814
3082
3185
2110
14502
1949
43294
38018
3397
2683
2939
1026
2460
2306
17372
5493
6348
819
1242
54848
1158
2049
2479
34451
993
9521
2250
2075
2364
1004
17292
1396
5862
927
14382
2541
36613
25891
1733
3192
2025
1203
2920
1105
1582
3187
3081
7754
1207
8531
3505
1773
1789
656
14780
1734
14410
6952
3328
2457
2364
3151
2627
38335
12555
3029
9947
2102
1672
741
2192
1316
2396
5546
2432
28507
21526
1202
1461
3368
3877
37470
755
508
1930
590
1132
1063
759
22318
2032
14723
591
1120
12079
2509
945
3184
1768
2576
1881
3580
1337
2256
33456
6187
3342
2736
20913
2010
26845
2114
2621
1494
2682
13610
1824
1984
44509
1934
9832
9290
2127
2719
7103
2625
5221
5050
27997
2386
1497
47231
1776
1647
11000
648
2129
3112
2561
1166
1192
18729
11314
1491
1756
1023
2345
2500
2084
1669
640
2642
1013
1760
10015
2776
1512
3221
6120
20718
812
1786
2877
1281
33594
13790
7355
1841
1904
2011
1535
1642
1482
1985
16489
2528
962
617
11857
3875
833
1755
2400
1070
28452
8388
1752
1526
1307
2622
53800
1858
1671
2109
2604
1971
2326
1073
7673
1569
1360
25571
2792
7205
3052
1917
2039
1863
1923
1651
2636
19492
2064
19364
6033
2103
50560
36289
572
4275
1883
1728
3265
2016
2559
8956
5890
2473
30883
11581
37172
10197
11121
2417
1407
1323
1000
5488
6782
11982
2115
1711
1854
2119
3660
3068
1392
2000
4457
5647
1529
30403
1785
1839
1579
2419
2370
2332
2096
16008
10116
1164
2858
1554
2549
2395
18575
3668
2198
25976
15839
2260
7251
5854
2237
25667
20932
8593
16797
32336
10714
2499
1711
2415
7507
21836
1813
9422
981
4968
6809
1022
2364
2588
2098
1134
2607
1468
1747
2017
24514
1725
11133
5867
2405
2080
1750
2029
16535
3952
926
8451
3219
1589
2399
2134
24012
1347
1124
30675
937
2583
2458
2365
1083
45900
3521
3277
11993
1597
876
30017
1841
1346
1955
3236
5915
11289
1515
9106
15429
1499
1055
5813
2661
3853
9139
793
1469
8250
2196
1954
51290
18821
1036
352
21259
2028
2261
1875
3580
24479
1406
1112
6882
2627
4208
19350
1812
895
1148
2594
2545
5805
14900
1313
2839
1719
2688
1474
1927
2620
26124
5464
1694
1993
6897
6668
1120
18375
1799
9792
904
2371
2366
30821
3644
34686
12432
1075
3183
1776
2359
570
17734
2253
2371
11193
1840
2346
2106
1198
1424
1369
2293
926
1785
3593
1864
2496
1356
4984
2269
2539
2045
1875
3845
3149
2430
2746
3635
2217
1238
300
1612
2591
2345
2099
723
1044
1874
2405
1896
2172
1777
2025
15582
3168
2327
3000
2593
1779
2293
9586
32843
4320
2617
2216
2293
2051
15616
9960
5202
2112
12453
2520
2633
3273
1329
2112
3661
10800
505
9363
18865
28189
9615
1869
11979
2681
1901
5005
4057
9321
25967
13384
22978
2062
9564
1830
25373
1951
1287
2007
2394
1778
11401
3262
35294
3426
1403
735
26672
1588
1113
2448
1054
3163
12842
15740
8212
8068
39975
2468
13640
2684
1355
5816
2084
2701
920
2068
1438
1346
1746
45692
30244
1092
2734
1190
1530
2027
17651
1049
1549
41487
14775
1609
29445
21846
2213
2818
840
2302
2018
2741
3885
8141
17065
2368
1432
1213
2263
2067
3085
2517
8374
2237
14317
2567
15034
105901
5640
7345
2201
1437
618
2400
365
3334
7730
774
19504
1815
2659
3077
1403
32026
1984
1333
1532
1761
2544
9184
1140
3136
1157
1226
2357
1509
11855
20535
3771
6272
1463
4202
1156
1712
1209
2960
1394
1039
2317
2104
3384
17561
2426
2297
4698
1102
640
1684
1718
12027
2443
3544
11173
811
2360
2360
1782
1569
713
999
1271
3814
3120
5722
1557
26033
25091
1352
1649
1792
1348
17594
20190
3815
10066
24846
4121
898
7272
17681
2639
2917
7226
21400
1240
1149
1437
65067
370
9592
2957
1190
2680
2954
2352
1619
25589
2276
22670
1741
4064
2250
1954
1947
1751
37953
536
1643
15461
2938
5687
1024
39587
1760
2488
1762
2109
16843
8875
1013
1617
1937
2816
876
32337
58922
2292
1460
6380
998
2560
1976
2236
1449
1031
2495
1113
577
2468
1766
2514
48308
1864
1881
1150
2443
3782
1566
1206
4855
1975
3026
2046
23567
34517
3148
1004
1500
1533
1723
24156
6122
2660
3061
2167
2322
18413
8206
8263
1408
1407
21242
1475
2117
1519
1653
2229
2859
2037
1022
14106
1038
1397
884
3567
2193
1775
1305
1294
2683
1044
1725
9471
1865
3512
1559
1081
1080
2129
2274
14768
1020
2906
18633
28291
22022
708
2428
8331
1401
2491
1101
938
1977
1637
2063
30235
1639
5637
1114
2962
4675
2470
2599
1605
1749
16522
4326
2494
2219
35830
1553
11310
2124
581
25076
796
661
2566
2882
1597
1984
2395
18251
1091
2370
719
2071
2184
1258
1793
1423
749
1647
28117
3214
3094
965
3230
1831
1474
10616
34733
15964
2099
4620
1681
19086
15294
2480
5009
855
4159
1361
1777
24877
2643
8894
1641
2629
1853
2483
2337
12473
1978
2479
20521
2934
3402
2716
1262
2140
1409
17240
1961
1308
1209
1980
19553
16369
955
3606
15714
1562
2217
1888
9283
6032
1707
5815
1231
642
698
8423
1626
1711
4624
1789
1822
1049
2843
1370
37763
2239
4736
2294
2746
1272
28640
34308
3416
2493
1302
2818
1259
1219
3680
1195
1953
2205
20222
2294
36054
41882
3419
2426
13803
2052
8679
1302
2342
3065
1968
11936
2959
19389
2162
11821
1247
3501
16104
2615
18931
10895
2654
3337
2309
5528
10313
1971
2214
1772
1798
921
7277
9196
1196
2818
5549
2132
2360
3504
1944
2564
1737
13424
8499
2621
1192
14040
1145
1394
1514
1578
2254
1643
2399
2260
2674
2755
1699
1381
22231
2023
905
19609
1404
26612
29699
3673
1453
2931
2346
1687
6895
2162
2490
2591
1740
2118
1592
1919
2319
13946
36863
1484
1717
6954
1905
2455
12795
1793
1162
2492
3952
10286
11676
1279
3377
3902
12376
2051
6791
1361
12538
8683
8439
17013
998
912
1565
13395
1490
3129
42214
14251
997
2318
15421
37161
2719
3125
3227
13230
20429
13669
2055
2116
2516
1829
1905
40362
2043
1378
3318
6323
1438
33509
2047
3232
2751
3205
11039
1648
2858
2144
6995
11698
2976
2955
1018
3293
2422
1564
1582
17243
3337
15264
33146
451
1513
34496
12936
1025
13220
7675
1312
6400
2225
19021
19005
1361
29001
2823
709
2236
8213
12760
735
2282
2496
1341
2278
2573
6163
88200
2177
845
14330
8661
1054
1864
126157
2423
2058
2348
7652
2841
2310
33688
12295
40463
3275
10966
2526
1495
4748
3354
5135
2147
2398
1096
2446
2096
14157
593
1057
2082
2078
1607
2014
2054
2510
2019
1772
672
1913
2345
3393
13020
3783
1758
827
2499
9666
1652
1958
10242
2434
1773
7082
2496
2521
2729
10336
29808
1170
8618
859
1576
1406
3539
2710
3699
1572
1820
18447
1204
2705
2339
2746
70799
1279
352
1877
1558
2202
2806
1776
2700
1333
6624
14829
3594
2693
3447
2186
28130
12904
8879
23215
2996
1385
90119
1590
2159
2168
1161
3313
3120
2656
2748
1396
2097
1029
1561
2368
1904
6454
3093
4426
1712
3035
667
7182
625
1469
1063
2225
2109
2461
6106
2914
3645
1900
682
3403
1694
16099
1172
2566
1215
22860
1290
1020
2863
2726
1084
1041
34630
4699
1732
29493
2069
1933
3182
5002
2068
10282
14559
1580
1222
23094
9309
1072
751
35150
27501
2898
2447
32379
9600
2052
1840
2750
3070
1204
1522
27305
2401
12489
3221
1253
27339
1142
28612
2712
74145
1909
5846
1736
1957
32724
21793
2833
3651
998
1842
15728
16153
781
9227
2399
31148
1543
2297
2178
14094
3263
2007
1224
3197
5130
555
2209
28678
1922
790
1827
1725
2668
2552
1362
1111
23728
1701
16055
2352
3172
1727
985
2876
1852
4704
18055
20907
3624
796
3045
2025
1468
5307
1542
1560
1572
1540
2189
1240
1191
1636
3158
463
19514
36284
19749
1938
3738
2221
2310
5159
2100
1658
19765
3066
72088
2154
1755
820
1018
7977
758
2951
732
1548
1682
7234
1877
17783
2468
2190
2159
17505
25512
1487
9420
38571
1514
2780
21509
1495
2079
975
981
2976
11528
31626
2833
43086
1078
1760
8105
2803
3405
23925
2014
936
2619
5350
20012
1707
1785
95277
1910
3033
30574
2783
7243
1270
1300
33508
1615
2430
4142
613
1053
14958
1538
11864
780
3327
1488
2210
37623
2052
740
1130
1968
1763
2069
3994
10396
28622
5214
1941
9410
3043
514
3100
2015
8372
1425
1719
1301
1918
11586
1697
4825
1559
3077
13921
3379
2246
1239
2648
8035
4210
1199
8767
1384
4018
1223
14588
1957
900
6276
2115
19181
779
2764
2139
20070
891
2170
11429
2449
1990
2173
11936
23589
3128
6985
3054
3225
65427
2827
2174
819
1435
884
1986
3207
13632
17436
2143
2389
5455
2361
3448
2306
12403
36501
13193
1918
2531
2028
2463
1523
3303
2177
7349
2072
1927
1813
518
1609
1989
1078
1636
1188
2804
3971
19582
1111
1343
13111
3508
2976
1705
3064
1461
3482
45800
1591
993
10366
1970
1105
1894
3061
3080
3402
1099
1320
11971
1184
1992
1782
550
3793
2170
4412
2814
2792
2936
10992
10975
2577
946
1828
1977
1454
17868
17987
3197
1584
1611
1063
1411
1360
34008
31105
2508
1436
39862
12571
2570
8075
3178
1223
21030
1957
1579
2564
1725
1950
15857
1966
1285
983
3367
2894
3333
41413
2105
2868
1770
3068
1962
1266
448
2654
7830
19542
2243
22866
1587
20743
1053
1804
2260
2793
8718
17459
1397
18888
39147
3330
1946
2348
2512
5637
2176
2652
3331
1729
2408
867
1554
20967
396
663
1315
1810
1415
1346
1405
873
4970
2304
2501
5328
1471
2564
16037
17424
7733
3655
1908
18321
6897
1688
1395
5301
3728
1503
3477
1451
22381
567
2444
37246
540
27517
11953
1519
2470
2056
30196
2524
6373
927
5941
8030
6996
1899
45553
11655
2036
1665
11894
8166
5572
2197
2672
48521
7088
2828
1252
1519
20888
803
2563
40618
1420
2841
11606
2569
33225
1056
9222
2263
1383
1231
1851
2611
13470
901
1476
17326
2021
2150
816
39682
3050
52741
1234
1595
2003
4848
1604
24883
929
2760
10794
42999
1444
2338
6718
3573
31300
2772
9481
9849
2461
3213
3492
1356
1285
828
4902
1962
17788
1741
34651
2535
14324
5197
1230
2846
2052
1549
2330
2537
794
1160
1981
2789
33689
2436
609
1069
6891
2045
1136
2503
2036
30132
8840
1572
2870
53735
1280
722
1647
2547
2749
2331
2832
3835
66289
431
6989
2214
19691
2675
1283
4291
1405
2135
727
1679
724
1221
34570
2239
1836
2655
2252
2802
1114
3657
1704
3533
2160
9895
1723
5378
4015
1309
2764
4824
3809
1583
2940
14873
2188
3208
12261
513
873
3084
6656
4596
2947
7903
7547
716
6848
3467
6624
14535
3538
13803
1830
5536
897
9908
2887
30578
6490
10348
9785
1728
1991
2271
8652
2194
6666
893
6767
2262
751
11332
12105
1181
59088
687
1972
3016
1922
6130
1985
8754
30561
2396
2729
1830
15579
753
1428
2132
3605
2633
913
2964
3517
1636
1268
2014
13485
4737
2404
2973
2060
16815
2810
1477
1047
1362
2121
1172
51053
2211
1985
1221
2123
21510
3009
2627
1263
1866
16167
1970
1686
12562
8178
3187
3378
12512
1541
1444
2379
4863
18866
22319
1654
1292
2544
1947
2157
16201
6736
2774
2627
1086
3117
32549
3080
1438
1202
2333
1381
995
1477
981
19309
1968
1544
1402
17573
997
5661
2025
2170
17152
94441
20557
2396
3472
2317
4058
2859
24401
2911
2390
32282
1556
5586
45702
7743
3255
1650
15509
14200
1224
2187
2080
2195
1803
1416
1328
750
3882
2879
10006
1159
45467
2628
26596
2018
476
1216
2474
1813
2193
3245
1166
1638
27303
2429
1482
2680
2353
1028
2614
2929
1314
2261
3409
1746
1628
3451
3251
2487
1372
12009
3191
2848
1498
933
2923
8140
25605
2274
1131
15914
34120
3924
1783
1496
15206
1542
2783
1902
1466
48456
2578
5088
6640
1870
1616
3310
11395
3210
2893
2362
14319
1481
30827
2284
1912
1178
3260
1740
29909
2960
2933
1470
2362
1604
2737
1817
27810
33959
2074
2137
2995
1497
2499
1657
4399
18083
585
2723
37199
3572
14326
8358
1421
3033
2391
2146
2294
42652
2745
2370
1734
20069
45927
5869
3001
1952
1177
747
2281
2674
6056
647
2324
5973
2364
23425
1397
5266
2317
1043
3124
1303
3299
2029
2680
1769
2363
1429
23543
5264
1236
1286
1597
821
17557
1579
935
2032
5745
2285
26387
1957
3234
1068
2761
2326
2236
1613
1955
28740
1477
2990
22807
2043
2488
8827
5796
911
1258
3434
9287
3210
2521
1133
15917
20344
2020
6701
2258
15198
810
582
2130
1799
5952
3402
2334
1656
1800
1766
2267
31384
1305
13066
992
1775
957
5240
9597
1248
29066
10144
1236
797
2428
3883
8040
1732
2168
2499
3460
2441
2239
1791
2064
1221
2377
1616
1826
2316
16342
1442
10785
1054
2521
1947
1988
3407
47947
2427
8373
1663
3726
2991
42172
2180
62696
2836
8130
2917
2174
1603
1070
2444
2349
3483
9091
2569
2055
22661
2202
2016
764
25935
11396
1394
2875
2893
1481
20159
1927
2955
10574
35783
3199
1915
3281
2522
58295
1252
1389
2710
2393
15812
708
1778
985
13295
1263
17618
1172
967
1756
10285
1758
6118
1782
1337
8588
2310
1834
2131
2555
1984
1077
2136
2891
4310
1230
1579
1908
2925
3204
2065
4763
2829
43841
1600
1261
9279
3631
2980
2825
1296
1137
1354
2484
13202
8985
2078
1152
27577
3196
2291
3842
1742
1670
2039
2285
3857
1131
1042
8339
1770
1974
694
2531
2019
1463
1474
17080
7901
2707
4714
4219
1831
2908
25014
11535
3344
2593
19682
1723
3221
1295
2159
1572
1931
3458
1709
1936
1106
1504
26953
2894
8169
1415
2050
1978
1941
870
2494
1802
1029
1834
3241
1311
3786
2555
1140
3218
1666
12740
5420
352
2406
452
1458
18218
2472
2876
1268
1653
1323
7108
2128
1796
14595
1808
616
890
11338
9518
2241
1837
1534
1951
3454
1970
1075
1551
951
3459
10477
2209
3076
924
806
1083
2135
458
1108
3857
3272
17095
41949
1805
1400
1605
811
3432
10214
27748
8316
2538
1733
4006
1965
1192
1113
840
1972
3174
1048
25728
3561
20375
1791
10939
3247
2766
2168
43103
1863
2834
1637
30427
2591
2788
1184
3195
2197
36903
1804
1114
2152
1497
1321
1661
2156
2502
9298
1404
2409
987
1709
2773
9228
1237
1690
2737
1820
1917
890
1965
35796
2678
1640
11611
1112
17661
2191
18985
1418
1275
8774
4017
5534
26653
2280
2496
13707
2653
2281
2156
44718
1885
1257
2068
1164
34055
1876
1653
13315
11702
2645
1878
1639
2268
1936
2743
34946
3676
1365
3717
57068
1148
13958
3668
2281
2039
2183
2101
20224
30636
2344
2021
10104
1252
2401
963
3122
23762
619
1504
2623
2033
2797
25966
2639
19711
1835
2048
16988
2572
24714
2953
2429
1631
3540
6908
683
3014
2508
1942
6508
2305
1743
1038
1655
1183
16799
10182
2215
2237
3567
26870
1901
2846
2513
6802
15383
9061
10145
1556
1256
1396
970
11125
3810
4206
2466
1513
1303
1550
1295
2067
4221
6185
1310
2254
1402
2575
1777
1326
3328
3876
1429
2133
3091
2967
43769
2011
3391
1226
36490
12552
2342
2752
2336
1786
2340
1813
1495
2110
2064
23225
9116
1042
2253
2204
3409
5668
3042
30171
4422
3579
1451
2428
22296
2118
7443
13869
2333
3294
713
760
655
1697
689
1745
2214
2281
2956
1815
1877
1992
3188
1545
11747
2539
2464
27998
1559
6710
4570
993
1165
2509
3234
2703
4063
1443
8571
1622
2501
10788
1280
1534
1109
3934
1970
2784
3126
1925
993
7219
2053
1659
14582
1020
2516
2970
1628
565
1636
2011
3181
21660
2951
37349
1581
984
1483
3060
11064
2654
2844
750
4667
1576
2679
2073
8381
1710
2263
1424
2339
1642
1939
804
956
1615
1716
7962
2209
1435
3223
5228
660
2391
1577
3673
2932
1115
2827
2972
2322
1788
10751
8426
1941
1407
639
1728
1638
3028
2799
1563
2474
2679
7649
3441
1891
8726
2872
5483
11318
2299
986
2329
5166
1853
1568
2392
1222
2216
2133
2198
13277
1047
2543
583
2199
1788
4174
781
2160
7154
963
8856
2026
1589
362
467
21090
1224
637
2590
1712
3880
6445
1911
2527
1752
1647
1968
8117
2067
48285
14051
1568
1421
14949
8091
2145
2707
2380
1125
10745
1995
26534
1866
2298
2909
4716
815
1043
10331
1876
1088
6291
1204
8422
2106
1548
2394
1496
11136
1189
12549
5152
32963
2096
7339
1620
1243
1917
1194
1359
2744
1393
390
33262
679
1235
3170
982
1817
4166
989
2183
4287
1606
19171
1182
3118
3001
1503
1582
1363
828
677
1956
1480
29297
3462
11840
2898
20019
2833
1348
2042
2106
2076
1520
1909
1630
1623
11124
1679
29844
1447
9294
1510
2138
3159
1815
7191
1763
791
3261
2499
2414
3704
8607
2327
1516
1603
1849
36944
3359
2964
5213
1484
1702
3374
21712
2448
2546
1130
2211
5971
1304
2008
2952
7424
2174
2239
1411
72149
26349
1366
792
1018
2423
2490
30508
1380
846
2141
2515
3354
35875
1367
3724
1567
1459
21096
1140
14399
18993
11953
8687
1276
2689
18993
968
978
1535
1471
3966
1303
1118
3443
1466
2477
606
2149
3416
768
4336
3201
552
2694
12515
812
683
834
8188
1504
1549
32162
2997
14528
35535
726
1514
8262
2250
3033
1041
1092
2366
2339
1305
28021
670
2497
1640
2063
2050
1827
1670
698
4348
28949
2632
2940
1126
1768
2415
29845
115341
2009
1526
3821
40718
8562
3937
37690
1918
1516
1772
523
74247
2043
2039
2667
2480
1960
3431
2763
11334
2935
3139
2359
2137
2178
1932
1745
11260
929
2105
48220
1537
14604
18623
1940
3051
1715
2873
1175
1406
2445
2270
3631
2552
977
6467
1807
7148
2397
20695
2133
2278
5324
2387
5336
37555
2604
1860
1319
7933
2474
1819
5173
2235
838
2497
17680
2480
2543
15210
2390
19283
42404
2845
2865
45239
1507
26413
11717
1253
912
1895
1600
3282
1441
2368
30617
959
1640
1723
51540
1819
1021
7434
2645
3391
2283
2124
14224
615
2640
19549
1200
955
18802
3115
6056
1458
2531
937
3044
1418
1632
980
2641
592
3278
3898
38092
2376
1979
2539
2118
7673
1265
16973
3001
2112
2007
14229
2556
791
948
1531
2951
37436
14776
1611
814
14972
1051
38218
22486
2290
22670
1474
737
3441
2914
1704
15901
1451
15470
1909
8811
2871
2087
1128
30994
1806
31845
2160
1978
1976
3389
19300
2476
1479
6588
2347
39030
3464
5503
2796
7267
1650
1621
825
900
29863
4085
2001
4136
1082
1261
39023
2651
3321
1333
1370
1898
15565
944
4053
1142
30022
15244
1995
1115
1478
1669
14500
915
5514
1619
1255
1431
61742
1102
15772
897
2220
1689
2522
2605
19576
2582
2312
2789
2175
62351
1868
24459
2740
1403
11665
10553
1925
4093
2231
2188
1423
8311
30929
2271
19108
1918
20826
2752
2932
2331
3199
1888
25226
2725
6603
11401
836
2965
16990
1776
9269
4473
1762
1358
1705
28136
2127
12442
2406
33071
813
860
26465
1167
2168
1458
2137
1399
1931
847
2874
2827
1685
2395
2921
1735
17064
21651
3000
28617
55898
713
2829
2567
1302
2715
1794
6174
16193
11462
2230
3122
9734
41606
6785
2404
1942
7156
1462
1794
11030
1816
1798
559
5434
1604
1621
1378
2172
2333
1594
1858
1045
2423
3114
3142
1722
2296
1759
5357
4122
1893
2204
1940
34805
5474
1394
1304
1375
25460
899
30542
3372
2065
12095
932
3439
3026
1686
25604
3058
2363
1160
1960
3363
2304
1956
2318
1639
32087
47408
1883
2705
1773
1850
1349
3084
1621
1442
852
10909
1236
10343
2279
2234
1945
1804
2734
3071
13579
32891
1091
19765
5727
2137
12576
17998
17306
2540
1053
2099
5220
2652
2637
892
7633
27905
1333
1863
1209
2419
1687
2411
2970
86616
6438
3755
2869
19356
1786
2087
1694
409
2047
18637
2795
3876
1523
3380
4030
3043
2945
1369
1670
1213
989
14651
1521
1543
1980
2630
31869
856
3681
1627
4217
1723
1278
1578
2629
2960
959
2066
3519
2452
4273
1533
1554
15701
1810
3644
22624
16501
31386
2524
9721
2758
1236
2284
1771
2076
2005
1749
1586
3035
1765
2299
1586
1882
2160
1980
1873
3502
1425
12607
26276
2276
1439
6625
5365
2389
979
1188
1743
11221
2338
884
2056
2221
9874
1914
2260
2113
2904
3850
2949
2405
2800
3061
3259
1900
12762
672
2453
2448
3491
2317
28819
18118
2284
2573
9435
745
37243
6061
787
3407
2896
804
1705
1088
2111
3156
2302
1622
2290
16378
1396
44820
45640
17312
1771
2969
1526
1082
1446
1170
1813
75924
1338
2395
621
1904
9128
8841
2329
2258
1717
17292
24435
2145
11401
2241
1063
2305
1649
2291
6186
4693
17464
736
1069
9697
2210
1498
2885
27198
3454
919
2353
1254
2071
2058
1280
2554
2290
2968
2417
4295
3046
2500
28214
2148
19096
58453
2730
2683
11359
19078
943
3804
14466
5589
2004
1836
2727
1139
4572
13217
3433
3905
17009
2740
1706
2957
996
8082
2507
20853
10180
2835
1786
1904
1161
2033
6816
8717
1832
733
2116
14918
2602
24552
1743
2753
2903
6171
2514
2037
1095
2788
3934
4969
3281
1317
3757
5026
1218
30973
824
7036
1984
2890
5672
1462
29519
7814
34572
2410
1749
1418
2777
1131
18025
4241
27621
7983
9921
1415
2211
1921
3416
13987
6327
2722
12516
2115
3134
1194
14029
2296
2404
3120
1025
1539
2116
2619
5399
852
1720
2025
1884
2860
34063
2682
21480
3437
3438
1057
2169
14060
2205
2974
69676
1282
1558
1671
1533
21316
1571
1873
17624
563
1705
3457
2135
2000
1233
1293
7479
2959
1105
2762
857
1177
25225
941
3467
16407
1532
1739
18862
9855
1416
2231
20464
1329
1872
2265
3556
3858
1479
5494
39676
23693
2379
2811
16477
25876
918
1449
7331
983
43756
38123
37436
1318
2229
3522
3492
628
912
34919
1249
1929
6575
1216
6772
1059
1346
3604
2200
1362
15973
1856
6618
3122
2695
1206
1723
888
18383
2098
1749
2190
3699
21691
2030
18544
510
461
1805
2441
2104
9440
2410
485
1188
1127
2027
2106
1983
9204
2797
2506
19887
2855
7270
2121
1087
3374
1816
2264
3132
28617
11773
2056
1592
28981
24943
1607
70075
2477
2462
2829
1865
30773
2652
5752
23169
11462
3534
1432
2009
2844
4268
10039
14983
12793
2039
1110
2907
7856
2618
1918
3254
1097
1597
8030
3012
2736
3113
35316
19661
2056
2150
1614
22740
1584
9660
9365
17326
1758
1235
1905
2616
2103
2897
12340
2537
10560
961
8207
11675
2595
31703
2664
2112
1954
10052
2627
2793
3026
1210
1430
2453
9470
8038
2590
1725
19887
8933
1368
1194
11518
2345
2870
1217
2016
2013
1134
2683
3461
1996
1567
2825
901
56974
2806
1613
2600
1205
2239
35627
1913
3844
25645
2980
3536
8477
2281
9540
3098
1151
10658
1678
1698
1200
6536
7533
2206
2020
2295
1986
7507
8011
1047
4465
2857
1329
3000
1517
1814
2836
1489
2905
2296
8330
1871
1049
1779
2493
1417
2300
14625
17324
1896
847
1514
1442
2431
893
30950
1675
2659
5061
1430
8330
1919
13038
8327
20302
2161
2284
1414
27805
927
3169
10816
42936
1322
2374
1746
15620
1686
55262
1988
55131
1731
3797
2426
6268
2700
9923
44898
62420
897
3416
22407
2294
2480
2639
8082
630
17952
2709
28130
1898
14873
1415
3320
1434
2936
2297
1455
2400
12988
38824
1752
2334
1932
3142
1989
2398
7028
1625
12130
2595
8002
15834
3227
1669
1869
5219
3210
5301
1914
2760
884
892
3538
1348
2042
1926
1612
2829
16288
1037
9085
1560
16450
723
1760
14601
47431
1445
798
2430
2621
1885
2486
10448
1169
2555
41858
2023
2349
1654
2277
3046
1351
671
7280
1852
22383
1758
28824
3119
1720
7535
2732
6618
1451
2403
1985
13529
1615
11725
3113
3565
2341
2290
1667
14058
5812
2587
730
1654
880
1156
679
1063
3790
8732
1332
8958
4612
3048
2939
5837
3479
924
950
1911
4038
2346
34654
340
3302
2328
1974
2172
27634
2732
2066
23991
1531
1865
3996
1140
3199
11084
2800
1077
2913
17211
1839
11728
1520
3360
35245
9028
1657
1910
1812
3314
14230
3375
5946
2289
1612
1805
3836
46157
36633
2045
2163
2154
14991
24347
6634
1024
18458
1538
1168
1221
48907
2875
14926
2577
24180
972
15501
2101
2169
14826
3710
12897
2064
828
1688
19575
3068
45244
10329
11724
11719
1036
775
3179
2059
1858
10785
7583
1778
60742
55042
17900
2729
2897
4120
28716
1465
1680
1688
791
1374
40083
2167
829
653
28791
2185
40439
3110
1959
4116
920
15244
16222
3752
2290
1105
1624
1022
3371
43844
785
2957
5377
9076
9372
2132
1120
2237
3976
4002
8243
52910
1309
2150
1399
2636
1476
1660
2295
1695
3644
2584
2747
3013
802
4980
18153
785
989
937
2713
1780
1215
1958
8852
1692
2455
3204
11469
2567
7456
4479
679
35315
36823
1032
31615
25017
3401
576
14176
2186
2214
3194
2200
3515
1731
11910
2277
13323
3327
1410
2427
1119
64906
848
1317
1060
4184
2902
1786
8126
4620
2122
2488
1931
686
2397
3986
2544
1430
991
7370
2195
2324
4419
1931
3190
25299
2969
14472
791
1579
4943
1141
11516
1066
2563
2795
2975
1612
1552
973
21020
982
650
58079
1396
2610
1842
1365
1246
4292
2502
36027
3032
1605
8158
2144
3729
2102
15917
1323
30555
2835
1018
1185
1359
18654
2035
2199
9415
2179
24854
3226
2280
1026
1371
7147
2159
1706
1561
975
23129
1781
3023
1255
18015
939
2007
2518
17058
2004
16093
2270
2932
3050
6075
10610
1912
3173
2328
2093
1807
2816
1932
1777
2088
979
1107
2022
1108
3109
11057
2144
2941
814
2540
834
1083
1646
19009
30640
20758
3952
1333
4272
2080
18084
3161
20882
2558
4538
2492
2140
3406
599
29056
3248
2393
2181
10846
4925
8027
5667
663
1851
4026
1865
1021
2496
56071
2943
13928
2383
2387
7421
2343
773
2195
1663
2141
2695
2548
15046
19430
17526
2710
740
1157
2062
2196
1125
2439
1261
1181
2593
2284
3140
1252
1668
3200
15812
19981
2645
2321
1498
2448
5402
4107
2066
1127
1856
2842
1469
1139
1626
2291
4086
2053
1106
1211
27160
64108
3524
1533
2050
804
40516
576
2170
7872
25168
3120
3164
1154
2229
1631
11994
2440
2789
2134
19548
2301
2701
2081
2398
2239
703
1589
1118
1764
5291
1600
2782
1689
702
1248
2447
33359
4112
2065
8092
1896
11932
1447
26882
1596
11297
915
2108
2745
25652
3076
923
2418
11261
1939
889
2983
1953
12075
4312
2429
5918
8111
5962
5013
1482
2080
6542
1885
7661
1951
3211
2011
1963
32906
605
2809
904
3646
2320
7841
20406
3961
871
735
33398
2609
8924
1532
1760
24009
1146
7586
3671
2200
1919
15032
3387
1489
1421
1969
8612
2389
2674
2931
18007
1382
2607
1212
35983
2592
963
2850
2814
1832
2028
2814
1908
736
1005
780
3008
1595
17753
974
13094
3008
3717
32661
27515
1149
851
862
1724
4208
17407
2783
2073
2624
28688
14654
1621
1882
25002
69804
16202
1922
2290
2900
2392
3913
21493
2630
4323
22116
606
6228
1256
1317
4042
1770
1768
3161
1746
27092
26063
2696
33293
3329
1654
1673
2140
1287
742
1382
1193
12580
3462
2696
1815
19358
2360
2662
2673
2360
2013
20086
2429
2703
2286
17779
2389
31463
34352
11603
2566
3392
37055
1510
514
8048
1776
1487
2038
38921
8297
41505
23567
15975
681
1641
1410
11824
29289
3037
2904
1943
1805
1481
2173
2532
37332
1122
18857
1857
2088
13808
1267
1532
1827
12637
836
1409
1075
45630
1604
3366
881
3148
2153
2580
7307
15315
2126
8154
9959
1591
1076
33620
1492
1185
772
552
2407
2707
2029
1237
2823
1522
9887
2049
2042
1450
28049
1582
1261
7081
2986
2695
3190
858
1095
2906
10970
4872
2024
1861
1077
6548
2460
16435
2268
27183
2232
2101
2496
3207
1204
1471
4821
16117
2105
984
2029
1809
2642
3137
2522
9708
2702
2335
21490
20274
18627
2761
1623
2369
2016
2317
2065
930
3396
44678
28651
35234
10921
1987
9745
5504
2651
3536
842
21109
1835
1545
6605
713
1999
15042
1987
2597
930
15626
2582
42730
3072
3276
9537
10475
65879
1642
11201
25315
6741
2750
5501
2575
88532
1537
31030
2239
1602
2088
1411
1788
1514
1437
5501
2289
2120
7714
4361
2886
2400
3909
4540
9713
1441
2715
29982
43846
1046
2401
2687
13266
1977
45452
2011
1282
2428
2297
1971
329
3002
1567
45226
1289
1253
38574
43695
3174
3036
848
965
7752
1129
9565
3071
1870
3342
9242
1701
1500
2892
6966
2046
620
958
1108
2335
1559
2300
1343
14621
2366
3607
2699
24632
30789
1852
9788
1662
3066
1215
2576
20951
25044
2022
12061
2681
21111
863
1278
1566
1742
1673
1314
2823
1730
1616
3026
1309
997
24402
1354
36191
2238
2800
2044
15223
1868
927
4399
8230
836
2175
2672
10916
2959
1710
3689
1747
1749
1889
2255
1409
2520
2186
642
2338
1210
2278
1909
1909
1426
1724
18614
2103
574
51911
2886
1212
4333
3759
2556
17909
8931
1275
1676
2555
18094
2077
2036
1931
1577
1906
792
2598
34744
10722
1866
2093
14601
1311
1476
1927
2265
2276
1627
1833
1680
10568
2509
1088
1540
2494
26201
1289
3555
1779
9619
5932
1617
1000
2927
2279
850
1493
1699
1797
3103
6968
1273
1706
8312
9362
3591
35504
3092
514
1118
3170
3247
2324
1618
18038
8294
1507
3193
29913
2553
16589
1529
3354
1581
2229
1433
18751
4529
730
3270
14554
12504
31688
20018
5643
23809
1005
25178
13213
2098
3548
1961
18305
10194
2769
2939
2637
5436
19874
3539
1937
2445
1838
3859
1511
15310
1443
2852
10405
2566
2477
1683
1431
2796
1332
1953
961
43998
2840
1847
2936
1462
591
1963
2782
2027
1863
4911
3280
900
2120
1882
44614
38597
2246
1143
3189
2957
3221
2184
1737
3404
1369
2969
23898
976
3968
1443
1647
896
3011
1691
4747
1148
5953
2478
2408
22019
1143
27339
1827
8102
14519
30272
2319
13792
2380
2645
1472
3156
2900
1776
1622
53457
2376
22123
3583
2579
2277
25583
835
1379
1273
1161
7904
29468
5528
2412
1376
9279
682
3377
16338
17124
4313
1775
665
2473
6859
877
8274
10654
2503
2081
1338
10541
1625
3617
2593
1410
20256
2397
29080
49674
2075
4327
22406
904
861
1231
3059
2313
769
1047
1601
2704
1886
11268
11229
1548
1934
2735
1706
1524
9881
2298
1462
2627
1856
3963
3060
2860
2385
3084
3664
1953
12398
2852
2452
1856
3015
23781
1526
15085
25287
934
1949
13860
1813
2795
3066
42159
3247
903
1921
2051
16232
1963
2152
1345
4104
2222
1754
2221
27603
1145
1171
9139
4131
1385
2922
3203
20986
3376
12711
16072
28682
2526
7788
15847
1702
1585
3072
724
37573
2757
6654
6826
2649
931
3574
2069
6984
553
2372
2201
1762
19513
16728
12454
921
19696
3167
2102
1790
1377
3909
2755
13377
1813
26029
9773
27727
4245
2053
720
3082
7664
1695
1336
2818
7887
2928
2579
3141
5853
3305
23115
2004
17204
453
1604
13327
1153
3668
684
2000
1128
35772
1436
3650
2124
22449
28789
1681
10897
3957
31256
58496
12247
2631
22098
1380
26526
74817
34003
2065
2026
594
1167
1490
3262
24637
5836
2450
2200
1878
2660
1528
13875
7441
48462
24354
730
2657
3075
12569
16570
2241
679
2375
1585
1817
1932
2030
2790
25854
11014
4544
875
17724
27665
1804
32825
9412
2790
34591
1265
14025
6583
2419
2628
1804
2380
1273
11711
2325
2356
1142
36334
5696
7143
29065
2948
13209
1194
1116
937
2142
7001
1115
8355
1496
10614
2438
25009
1530
1205
2720
1428
854
2798
2162
6917
1673
11445
3175
4675
1522
2440
16836
1955
2006
3001
2214
10751
2012
10201
899
17765
3239
1632
2994
1700
20559
862
1854
1499
34925
1948
7294
1402
2477
1589
1187
20200
2545
1327
23796
1831
11021
1467
3618
3923
1645
2469
1719
2713
2023
1612
1825
1546
17582
1949
2913
3145
1755
1751
4374
2104
3282
3588
2955
2191
1673
709
2591
39708
4079
2589
2863
3550
5868
2333
2177
2871
765
16167
1830
1770
1283
7623
1759
2134
1393
1455
1957
3110
3557
7472
4894
14690
2115
8309
2014
3295
28423
3609
32852
9027
1307
775
17126
3253
1857
20689
1299
1737
1363
2830
2143
10755
12254
2151
3164
1452
1803
1294
1831
1051
970
38958
3068
2301
1162
7155
2286
24753
3649
22948
1759
1594
1664
2065
2013
40425
3110
32969
39266
676
1889
1144
21994
3397
2227
2067
901
3283
4551
12920
8916
1933
934
2465
23825
66215
1731
1127
2392
1613
2536
3357
1632
2570
31226
6740
32816
1594
18984
2206
2257
2500
5357
1563
8852
945
1702
2459
1362
1429
21164
1128
2167
1504
2694
1151
1075
2037
863
2558
11815
1983
1481
2287
1492
1609
3451
1224
3400
1272
1233
1736
1360
5645
10808
21903
565
5053
7286
1821
14312
2230
14083
7004
1226
19886
1609
1979
2408
837
2994
2029
2561
2354
1085
1895
3457
8148
1628
2744
1572
1028
1153
2725
10061
1880
32521
2243
2247
841
12576
1440
1954
7659
1905
1376
1577
21616
1348
10725
21002
1103
1359
1154
7346
2268
2121
1824
3659
668
17221
4613
1629
838
881
2297
681
2849
2177
1873
8149
767
2128
1542
977
2138
25233
21905
2478
2905
2250
2288
2557
2690
1194
2314
2554
2943
31354
23565
863
1192
1797
13027
2181
16248
2512
2716
1041
5798
1546
3958
1972
638
2503
1064
743
2082
16295
3622
1796
13700
17292
2496
2323
10326
13350
2187
1826
5746
2261
2017
8825
4284
1306
840
2282
17176
6307
6518
12524
2213
1614
657
1327
1562
2622
2448
7136
1255
951
3265
1709
1930
3134
661
1747
1669
700
1161
2097
1939
1279
7761
1939
2116
7974
1643
14642
1151
1987
2909
4160
5129
10839
7377
1016
3438
1178
22297
1312
1550
877
7120
1785
3069
8961
2814
1069
1608
1643
14825
11054
1881
15153
9620
1116
9152
2159
13999
3136
1282
724
10177
2107
30115
1831
2134
891
22718
10208
22796
6709
2338
1730
1733
3157
2395
2538
14400
1144
7685
2083
2782
2622
1876
2608
995
2458
8932
1455
12992
2829
1768
1999
3049
2478
13989
5683
1577
10620
1860
2622
1702
17162
11679
