3377
17972
16235
1673
1947
2746
2391
12760
1771
4868
1719
2945
20982
1724
1213
967
1899
2444
1816
735
1893
27195
1950
27646
2716
8611
2355
2427
1263
3099
882
1574
609
2228
6160
7241
2494
2000
930
4775
2852
14498
3261
2373
1377
38885
1557
1795
1799
22556
1749
2969
669
2836
1490
1443
904
1139
3551
3512
2065
966
5508
2887
640
15753
15213
12375
3473
1630
15277
2093
1285
934
1690
24277
9589
2308
1972
1546
2733
2058
1003
2046
6075
685
1415
2317
1633
2464
1604
1048
26125
44633
11241
2978
2684
2473
55107
2985
2892
6586
2331
1597
845
18843
33888
8318
13638
1998
9669
1755
1574
13090
1802
1855
1868
2009
1979
1224
3134
2148
793
1852
6133
7283
2123
890
783
874
1673
560
2136
18026
2177
1719
2926
1615
2576
2317
2975
4015
1762
3019
2247
1825
724
1501
1346
2299
8981
1282
1978
702
1775
1693
2950
1156
2250
14714
5327
2028
1491
898
14965
863
2720
863
3578
2198
3707
644
1066
9295
56173
2444
4805
4268
2000
2179
1773
1247
13355
1882
1577
4648
8334
2456
3321
3314
25756
1457
6915
2394
1656
2665
2975
2336
2261
921
1063
8719
12748
1509
2549
751
1202
846
2475
4564
31985
718
1535
1817
23099
2650
3930
1627
620
2474
2220
18339
23948
2090
1204
2008
631
4453
2409
3013
577
1460
2689
1041
1980
2063
2527
1227
881
1518
1920
890
1217
4856
5931
3013
3068
4482
16584
7107
848
7790
2049
3570
2296
2741
3451
2336
2907
1811
9052
2873
2454
8587
16464
2198
2231
870
7530
1730
1903
1251
1089
1625
8520
1914
2815
10519
1240
52709
1604
27006
1987
1236
1482
1467
3122
1807
19381
18092
10668
14919
6594
1572
1906
807
29013
57117
1383
20447
2305
5697
1051
3190
1628
1072
1462
1691
21083
17917
1566
2750
1401
1184
1209
18141
1412
3587
2055
1443
16872
28286
16664
11099
10568
9152
655
9228
10008
2011
2138
1993
2252
1185
2212
1595
29186
3343
2090
2494
736
14103
1490
11834
3901
2709
18837
4702
41343
2174
1430
3843
2166
979
2366
567
1433
2392
8267
812
1562
2201
2149
8080
2558
3340
2861
2804
25288
980
3622
3712
869
733
21603
2903
2199
2380
2601
789
2521
386
1360
2310
33565
2018
940
909
529
11094
1014
35352
1775
2523
442
2719
3506
2127
1769
579
7489
8484
17526
2420
2053
3799
9773
2408
9816
3206
3067
4788
904
1454
35604
3399
2011
704
5218
2655
47776
3073
1706
1906
1520
2266
2239
2126
43512
1554
2756
1499
1729
1549
1712
39032
769
2196
1312
984
1418
13307
1674
2329
1184
3303
1328
530
2140
42085
1128
19286
1298
25221
22152
1878
2042
478
1970
24082
2307
7317
3090
2219
905
9857
2029
26904
898
4009
2219
17811
4501
1180
25553
1507
30146
1298
20812
2238
7235
3670
8731
2032
10303
21410
2473
10569
2520
904
7227
2386
3997
1438
1476
1514
18933
2648
1729
1302
1432
41306
13686
4168
2388
687
1769
1842
3291
2556
1715
1884
12653
3304
1380
14797
17340
965
12184
15413
2379
12861
10648
21426
897
38613
9443
1615
650
2524
4694
1062
2032
19760
2432
3736
1491
17384
7063
845
31998
1907
1943
13058
2570
2335
15416
4581
61907
20750
15874
1485
18118
1487
2937
16483
16491
1484
40616
1207
365
1856
2282
422
3399
1925
898
1744
1517
1706
11018
2614
3182
1568
614
2698
21358
2280
2590
14596
1086
1731
1333
9352
633
1451
5360
2341
51771
6903
16302
51020
5305
535
1134
3150
1349
2513
863
1935
4848
15208
3502
1640
80807
20181
2381
2394
1191
1788
19936
1558
13649
1445
5114
12559
1622
2441
11747
2866
2068
1242
32118
4734
16500
1793
1756
10108
1321
2832
2187
31815
1365
2047
1864
14048
2088
1979
1383
2068
4809
2899
2206
7243
10010
3248
15220
765
1725
2962
770
27204
2435
10584
1041
2445
1792
1084
24572
1973
2066
3443
2724
532
1983
31486
1863
9427
2330
2544
9132
2114
1637
1516
1425
1615
2393
1005
1438
2222
47191
18175
4597
14377
19534
274
976
3665
9632
1860
2308
17524
1583
2186
2707
2105
22125
2395
2801
26754
8433
2481
29468
2467
1171
1431
1013
1289
2780
1358
2326
2456
25276
2213
2286
2555
10365
577
1729
1557
2221
2808
1496
7098
1379
1274
17263
2338
1680
38314
1851
1924
7530
1502
1319
2357
2358
2188
2009
17628
367
5892
2804
2725
1852
3696
2168
1444
17645
638
18766
15756
2904
1102
3145
2938
2125
14172
2469
1477
4506
2773
2407
2481
4805
1504
46867
6224
1711
3270
1381
1052
1206
2246
2897
3067
1297
1755
3714
1705
5380
33627
1156
3214
18835
18306
1781
1079
20276
2474
1165
1937
1578
1130
736
614
2585
1414
1054
4776
1476
2931
2567
2950
30142
1096
45588
676
931
3705
1696
520
1085
1163
3455
1425
1891
8357
2056
2895
835
1842
21308
2524
3863
8608
32865
13766
1511
11320
2549
1143
2908
2860
3747
986
5603
1152
1677
3901
15159
2070
9896
1237
34668
9908
1491
2368
1320
2159
15194
16755
2003
2549
27472
2470
12179
2817
48790
2085
2470
2348
2312
812
32085
2432
7485
2058
20140
10648
27085
1178
2691
1400
1431
32656
2939
7718
15203
5145
8940
2065
828
818
1183
29527
3910
4781
7874
1634
1345
1115
2090
1144
2389
23634
1993
3496
3610
2490
1358
1526
1457
1921
1679
8657
1850
18283
2459
3021
2052
1498
2492
906
2011
2327
772
2159
15243
2329
651
1333
1665
1815
27925
1510
1440
23993
1504
11852
18635
2205
1426
2472
1839
909
2430
2321
2152
1343
862
2279
2004
2182
2805
2721
563
504
1891
2765
1801
2894
2901
1708
1305
6638
3671
19992
1808
8915
2117
45284
1219
879
1420
2272
2510
730
33877
1554
2433
1257
744
2701
2002
3758
1458
1953
1877
2154
1671
11022
1667
13499
11551
4865
1958
6405
16512
2735
1664
1613
27258
2403
1806
804
13684
4014
1899
27340
2976
1211
1929
13414
1111
3465
5507
1697
11757
2719
2938
2193
2418
21293
2744
2860
30061
2531
1334
2349
32540
1654
1928
2086
14224
851
2788
9241
2131
931
2979
10420
2946
15099
11289
3103
780
13553
1126
10899
2434
1878
1887
16802
18410
2201
1712
1172
2223
536
5935
2224
8317
10551
4264
2505
2031
10968
1836
5639
1809
2260
2732
28026
481
1787
1584
1526
2406
2272
2924
1880
35615
1735
2119
11221
1372
13026
3774
2476
2509
1910
12352
4213
6241
4332
1443
9137
1547
2534
1320
10197
1661
1381
15288
2834
2065
1807
2623
2313
1821
1285
8468
1576
2110
1098
15938
24298
4006
1018
1010
1240
888
2378
23150
18915
2202
10050
2240
2008
1017
60251
2419
1268
531
5048
2234
2325
488
1690
2589
5688
2337
3377
802
2156
3548
2124
1662
2782
882
8240
3255
2207
847
15365
3093
1946
3368
34937
2906
12377
842
26867
3939
2495
2746
2174
366
2479
2424
32608
30002
746
1752
2159
1788
2869
2318
1657
4298
2312
3056
2237
2762
2058
1981
1208
1039
1189
1490
1585
2339
3399
38494
2836
84935
1255
985
69861
1784
2671
2478
1761
3047
2638
1877
1881
1480
9401
1358
3264
1590
2228
9694
2264
3278
3155
1403
1358
1313
1380
3552
1652
1970
1661
1285
2306
2304
6136
5573
953
23216
7137
9006
7629
2729
16409
682
2238
5312
3202
21608
43643
2562
2852
13612
2002
1672
1580
6927
21594
2970
11711
9331
23287
18780
1714
985
1318
2064
1138
1082
1622
915
2300
2883
7526
1872
14970
3240
1809
1604
725
3317
2547
16490
1960
3562
2611
2026
12523
965
19436
3420
1732
3409
19167
2351
2546
2743
2654
12397
3261
2654
2775
9192
13860
2995
27149
1484
2590
3270
777
2673
2314
2585
2912
13315
28463
2872
2015
1509
7384
1892
2174
20929
27318
6342
1833
2410
3592
3074
2020
2854
1246
1995
1544
1695
1885
1785
2319
1106
1384
3242
12839
2582
887
3029
1308
2853
1631
2880
3090
3125
3599
2862
1621
1833
14512
1903
1755
1873
1843
1653
9404
1421
16518
13337
3938
1501
21300
17949
4031
4230
20700
3518
10234
1331
1213
17234
3020
2387
943
951
33479
1914
12773
21693
17117
30679
2342
1212
2737
1089
15280
1159
13372
2117
2267
2756
20703
7097
2380
964
2146
2321
767
16503
854
10291
1472
17524
1519
2264
1779
2473
2085
8650
2394
2834
1652
24635
1245
1065
3748
11592
1798
6733
2124
20055
2502
2037
1586
2983
2153
1957
892
1708
6739
2090
1711
3792
1795
4480
1197
1490
21968
1219
726
2412
1959
11585
1415
1540
1007
23878
3038
22325
4123
2534
36120
3532
2590
2792
1183
2269
3421
877
36022
1205
3636
7582
2579
965
2204
1576
3750
1099
29055
1349
15128
1735
2206
3790
1504
15435
3345
2581
1716
2031
17867
15973
2593
607
9758
2009
1946
13950
45122
1605
2108
1840
726
2309
2944
3265
1576
1370
17501
1165
5282
1920
2089
3230
15515
3021
2095
2061
4888
2203
1204
18312
1346
5571
4441
2516
3762
2399
1282
2044
2560
2354
13881
2970
2188
8484
2497
13654
685
1325
29263
3283
5183
1602
1642
1481
2174
52865
1261
1820
782
607
1945
2660
960
850
3566
1680
31241
2145
18643
1419
2518
26879
1778
27042
757
1629
2262
2907
5888
3067
14968
2174
6274
835
15137
2872
8937
10836
23373
1133
2511
5401
1501
962
760
2634
2566
8654
7434
4383
15902
1744
14190
1902
2614
1936
1975
4948
13248
10025
1754
64067
1707
3874
2315
3212
1124
2302
729
10576
1550
987
1653
1319
1796
8701
1255
21878
1008
2599
1533
1267
1653
2568
1305
1879
1377
16040
759
40081
611
11242
15480
10891
39429
1736
3072
3218
4203
1124
1553
7996
19970
3117
2542
13217
2363
8072
1934
29116
1836
1098
3149
31648
1861
4933
35016
1696
1083
2871
3401
5762
1704
27798
18534
1992
1456
1890
2519
2338
6025
2068
2340
1448
68080
2194
14901
4222
14376
1069
1983
724
3282
4691
5673
2198
830
624
1058
2183
1415
1513
3715
2612
10973
2741
18381
759
1025
2070
4079
28875
1865
41896
1131
2948
3777
1044
954
4360
2225
2509
5681
10182
815
2790
3120
2543
1860
4321
8681
866
2252
1285
1247
20160
1350
2365
1955
29325
1839
30067
1841
2513
2320
17500
12174
10675
5484
5128
3204
1458
1596
3049
1573
20481
3203
19120
30679
3241
1748
985
13864
1173
3222
909
2312
2390
1257
2676
4121
1807
1925
3402
2305
21033
916
2165
988
14180
3709
2857
5241
21202
1729
350
1090
1641
53173
4406
557
914
853
2522
4322
1743
3240
1178
4657
3573
17153
1085
1356
2134
3299
868
1349
1934
2186
1300
8027
1116
1641
788
2568
2875
2245
1059
1669
2431
2155
2238
408
2054
9962
6911
610
5324
2623
2059
510
1535
1857
2067
3804
1950
2213
1800
1383
5298
9663
1811
20074
1198
1454
24602
2281
2487
24137
2563
851
5668
1555
1883
14139
20979
1777
2205
2382
7689
16077
13501
6164
2983
3364
22291
2759
2110
4498
21087
2834
12972
1564
2172
16244
2092
972
2602
1893
10136
3421
2288
2555
2687
2137
1364
2672
3050
1612
2350
21775
4616
2542
2217
8809
1670
1009
5399
883
602
16205
1242
1252
1267
26953
3314
2382
34605
2845
2005
9203
2617
8454
10888
899
1795
443
2549
827
2090
1092
1293
1924
979
2781
33692
2908
11751
2345
14590
6676
1224
10939
1223
6664
552
27771
2676
53006
1335
1299
2913
1816
10192
2904
2068
1517
9052
2122
1959
2680
1860
2110
594
26856
6444
1252
39848
2174
2257
3090
1427
844
2218
2081
2193
1999
3248
10253
1789
1135
1211
18833
1138
1124
7708
28690
1764
2175
790
3109
735
4685
6326
2951
1304
1587
2783
8072
614
13870
1944
2113
1650
867
10240
1712
6401
19123
2138
1063
1548
3917
1746
1659
2658
2701
3198
2049
26805
1867
5912
15735
2707
27433
1085
1068
2005
632
2559
3060
2327
1156
2962
1226
33047
3767
2440
1162
11508
844
411
1524
919
1366
6294
1668
1446
2611
11506
1469
1203
24864
3359
12744
2951
1510
14641
7233
1417
36630
538
37022
14458
1805
980
2214
2497
2184
1153
2270
1135
12307
758
1649
1598
6191
18247
15334
3067
3330
32616
12389
17203
1642
1937
4910
1808
1736
15233
2805
4566
3297
2375
1879
2080
914
2620
577
14882
4656
1960
10036
10809
3218
556
19294
2083
5683
1758
2077
3571
33895
1954
4988
3223
2388
13939
1093
1732
6101
1230
1816
8161
3354
1633
2420
2924
6901
1924
3370
1510
2895
1868
2112
1966
2461
1001
748
1388
3413
3928
2448
2005
2377
878
14364
14351
1352
1085
1718
2576
584
2023
5075
1786
1975
2261
1710
2592
1339
827
1712
7192
3135
1566
1433
1249
2564
1717
2402
667
2186
1463
150784
1962
947
2481
2383
2330
15328
2601
1286
1491
498
9835
6991
1328
1574
1785
1036
2630
1755
1159
1270
1441
2101
2615
3711
4719
12110
22526
3609
3619
1660
1960
2553
2661
2723
17609
2467
1049
4549
2215
41204
16920
3594
8415
1412
3644
1976
15304
1910
11309
2251
5871
8794
2554
15943
2446
18727
2052
2699
1461
1814
686
1334
2599
908
15421
2437
37711
2450
1683
1825
2307
921
1544
2034
3097
1429
911
1505
1167
3448
2386
1333
16197
649
13375
2097
13886
1937
11048
9854
1594
13276
1280
2604
1253
678
25957
5088
19088
4788
1594
2155
1989
2825
30789
10650
3131
945
3813
6387
2907
1394
1705
977
2725
2085
1312
31383
574
3227
1735
2737
759
2214
1773
4016
3084
289
9489
1366
12080
1970
20969
9135
722
2020
15550
2156
3051
1326
1854
2843
1763
2382
2195
2650
21017
1809
2420
3485
1758
1024
1147
2324
3029
1224
2449
2222
1020
2086
19007
2324
23746
3396
5186
11284
1916
2080
892
1307
591
2086
13125
1687
2329
379
14626
3077
1672
2269
11324
2588
2102
1282
4331
2215
1649
1362
15715
1269
858
1399
1678
3501
1186
2410
6646
1589
2655
2226
808
3307
35206
19921
49124
1848
2085
2196
4418
797
1852
2027
1970
31805
1509
26503
1661
1395
2701
3031
5460
2339
2611
2422
2085
1138
1755
1314
1106
2367
3092
2748
3211
24416
1275
403
2077
15962
3034
8776
14972
2558
17620
2177
861
2394
2316
18031
1121
851
1254
1925
1129
3205
28723
2205
1678
1363
3740
1934
3644
4939
11492
707
1982
2459
3041
803
2603
20467
3571
31103
16236
5605
1436
1030
9028
3020
2229
10263
17598
12834
42022
7707
4315
981
1505
1696
1754
1765
2240
50867
2066
2826
433
1034
2183
580
586
1406
1832
8162
1517
8413
2590
2331
41544
5541
2220
2057
2527
2322
19983
5378
2433
1225
2966
1249
596
1923
1628
514
2674
1667
2682
17258
14679
2444
2466
4282
722
656
6365
2402
10082
77438
2400
2109
11384
604
10795
1753
8056
1308
1774
2555
2180
1459
1411
2293
1809
2703
41266
11880
46461
2711
5559
2558
28861
668
12727
2904
2509
3428
590
2111
2805
1421
4717
402
1697
12920
1082
1627
2546
2915
1124
1939
3315
3413
10497
29510
4019
387
1307
3266
2080
1970
9318
3146
15103
2476
1700
3936
28241
17925
1252
2945
814
2334
9455
1905
10570
2374
1289
16751
2062
2836
3052
2179
6515
1434
2106
1880
1536
6083
1367
2482
1364
3230
3206
2771
9823
1405
808
1193
1276
1562
2775
2949
5134
1963
1998
1495
1592
2176
1407
3132
2265
3447
981
1165
1612
13775
1855
1634
2108
7823
1649
1362
6145
2058
2164
749
2922
945
1994
966
2066
12230
2139
617
2776
1697
2822
2005
2243
2155
7290
2876
2562
3076
1717
2174
288
3249
3269
2759
6718
1668
1381
1654
2500
800
6430
48936
1790
4341
1138
18660
8117
2763
16340
1314
1304
2428
8740
2205
3084
9031
518
1520
2033
2276
1298
563
14369
1510
6467
2882
2169
8953
3295
2401
1571
4015
1217
326
2153
14371
2564
49593
3472
2758
12919
2272
47128
8350
3164
4017
2330
1801
4795
2119
2104
815
1077
6142
4499
3223
2216
1528
2073
1564
1484
3911
2584
1817
10186
879
1812
477
2374
2709
2183
6063
1734
2043
528
3487
2542
11152
9491
2105
2230
2364
1773
8110
876
715
2266
2161
11504
778
3112
3099
2847
4058
810
1032
5804
15017
579
10982
9153
42515
1412
2428
1588
3173
1576
1806
3736
29444
3449
39801
2865
2257
2137
2126
972
1175
1613
2047
2431
3226
2865
3171
703
1911
6905
13630
10580
1805
1556
1265
2766
7168
11332
2190
1536
1712
7360
7599
2622
568
1985
26724
1704
1544
25081
37521
1695
4360
3190
14181
3094
7609
2329
2137
32444
1246
3567
20975
48477
21097
759
19399
12097
8924
3003
1414
4075
6460
5686
2973
9228
1293
28935
1573
2331
1497
1909
2419
4375
2851
2387
27832
1877
2181
2382
19982
24630
2308
6183
2930
1763
1451
14591
15235
2602
1241
1985
2185
27925
2084
3037
2079
616
944
2347
1062
2227
6700
2006
1160
534
2052
1872
1934
2568
1488
2733
3376
2231
19776
1792
2010
1930
1396
1043
12268
2686
14938
8850
2789
11621
2612
31158
9580
1328
2064
800
4244
1024
2315
4035
10647
3434
2296
2097
57100
9098
3783
11206
835
1477
12095
1613
2407
1949
7940
9765
1681
31495
1296
3182
7007
1592
15334
2389
8862
720
1112
1905
1492
615
1426
3412
13456
3538
903
9923
1847
940
9291
2184
1918
2000
2458
20839
1926
20007
5715
3172
27153
1815
11129
1914
2399
2999
2582
1128
14269
2167
1923
2778
738
8069
3094
2056
2171
912
12629
15020
12366
1320
3562
1744
1448
3596
2427
4394
1669
1825
3102
1808
2223
1761
2372
9001
1957
1599
969
1381
5814
2463
2633
1234
10858
22079
2234
1796
1466
1466
2420
29494
3629
1001
9653
2153
778
1458
1370
2439
1399
2982
16293
2324
6649
1778
964
2285
11577
14562
19142
1257
2195
1732
3223
1784
1398
1562
3517
3330
3470
18833
621
1451
1073
29590
1390
1811
1664
893
2439
2114
2112
2327
2816
2757
14595
2495
2718
2233
15103
1641
2220
1131
1132
3461
1421
1760
1395
15529
2944
2124
391
15196
2382
10931
690
1850
2843
2768
17412
1144
2157
3205
44386
448
582
2586
25391
2292
3834
6156
1171
2258
1312
2140
1819
1928
2457
1922
2128
11296
4835
3281
23811
34511
1923
1265
19987
1736
1440
3133
10122
3731
3553
2756
719
43996
1192
1999
9935
1955
22892
91939
1472
1475
10849
27991
1604
1883
1838
1765
10565
2807
4279
1921
408
25633
4958
10874
761
19747
13522
2654
26584
2840
1890
39429
2960
2865
3640
2963
3129
4927
3046
2421
2259
2210
2326
16112
878
7269
1904
2465
2954
1425
2176
1483
1827
2631
1954
1520
11811
1831
2860
6989
868
1167
1812
1963
2955
11816
2056
2636
7008
17019
2283
5781
1301
4041
1551
1826
1982
56628
2604
2241
1634
964
1195
883
57674
7871
1774
4214
10356
1309
1642
1399
2373
1447
622
74460
792
2752
2899
1173
497
1141
1381
2423
22915
2324
1276
1463
2028
36424
2045
2302
2171
1148
3058
616
1768
9651
676
2555
5889
11088
31559
4073
997
1387
8194
37854
2802
6954
38411
1863
19686
1470
8621
17397
2236
8120
2332
11725
7051
913
16672
2263
7548
2742
857
5212
14120
4123
1254
1990
5475
1514
1371
7887
1883
14602
2415
4152
3432
2211
2418
1649
2156
2267
2517
1318
3395
13020
2437
21325
2268
4662
1612
3474
1941
1267
19231
7361
692
24946
23744
1789
2621
2288
516
2716
4647
4381
2390
1678
1651
18143
15215
4058
38840
2393
12219
2397
1669
2216
2499
22732
2611
1646
2427
1959
12489
530
8339
3072
14000
3847
1034
7090
2504
1207
18858
1346
2918
13036
37190
3523
861
1431
3311
2251
2384
2019
10671
1485
8137
2573
2671
7250
1750
2142
7405
2589
1563
3095
4795
30362
976
2075
3069
32768
1774
2708
2887
1987
850
1958
1688
2560
2199
1079
1563
2580
7848
1029
1183
1041
2389
1656
2083
3532
27792
4738
1517
2518
5698
2892
1564
1012
44982
2777
4563
7831
1772
4131
2648
12414
7696
9162
3334
836
3228
1778
2113
2719
2274
1424
1935
4363
2255
939
6599
1600
1790
1896
6711
37785
21014
2467
848
8961
2508
8465
4177
4161
9962
3481
2599
2532
1410
1724
2228
3707
2153
2035
1234
2352
9683
3575
12544
40598
821
3991
1317
6432
2953
12432
1514
509
1680
1488
1358
6651
1038
2827
431
11024
1279
24741
2110
18236
1270
1848
383
1156
1320
1027
2334
2512
2106
1460
1438
20974
1487
4678
758
4167
2720
3876
19147
1707
11296
1767
1805
21215
3063
23648
1150
634
709
2185
1738
13865
2078
1637
933
4607
2181
754
1733
1963
9144
14635
1500
2410
13995
10392
2842
16612
1064
9965
1658
2206
1824
1156
19358
6694
3195
1593
1697
1964
2176
1377
2619
17101
18785
24019
2232
12981
15983
14107
15426
2489
26548
1486
2581
2165
2988
14684
808
1110
1954
1560
12383
7364
2555
8970
851
2008
4599
3089
1035
1445
2003
1762
870
2386
1225
441
22629
1333
53185
1212
5553
19995
1119
1902
2619
1746
7924
7967
2675
2709
1576
23569
1072
1833
4969
11640
2234
1056
15337
2060
1990
1075
2228
7988
1734
2415
2920
2412
5838
1015
13419
1532
1625
20381
20524
1875
1717
946
17092
1444
2418
1845
2638
3606
34273
2326
1874
28083
2167
3086
494
2251
1127
3323
1398
7383
35006
14882
1093
992
2227
1271
3502
2186
860
13508
13516
1203
2280
9127
938
3620
1402
3185
1343
1365
2228
2702
1406
2834
2000
816
1750
6303
2287
2743
1934
3521
10792
2275
2351
2301
2287
16509
13252
9981
1787
1422
1804
21607
4484
1699
1800
1394
20065
738
18428
949
1819
985
9240
2823
2110
1994
3014
2348
2210
2212
26129
25039
2550
9840
1829
4356
753
17025
2096
883
16554
17995
19121
1767
1595
1355
989
40868
1453
1788
1736
1565
13039
2459
2125
1930
2168
24852
1991
33857
1650
2506
2121
1765
1077
2535
6206
1590
2044
1207
3399
2515
2514
1439
857
34007
1976
1403
16008
22110
2013
921
1794
25447
2485
1588
18044
2225
2644
2816
1989
1504
9303
37888
10564
2427
10737
919
8493
712
5091
2085
1939
1393
3064
32711
1793
1689
2431
2619
2194
1302
1618
2127
1032
1700
552
2233
1382
5939
1108
2588
1247
2137
1991
2155
2426
2270
3381
834
732
7176
723
2071
22214
2279
17499
2516
40786
2031
672
7206
18241
2413
13097
1724
8494
3582
13023
1264
1964
6708
2025
1379
40748
1725
6368
1612
3297
10523
2113
33307
2200
2037
2612
1645
1165
1890
5475
560
1792
1182
1514
900
2218
776
1512
2135
868
1008
4187
50984
813
1461
1470
2159
1979
2630
3153
1927
1441
832
15837
1633
14914
2002
6664
1339
2226
1406
19967
21209
22177
3364
10144
14227
8161
2590
2019
2201
22032
1929
1650
2016
7058
2521
12184
3064
1804
8001
603
1611
887
3113
6426
20520
2278
2707
2101
1174
1369
13330
7270
2606
2275
14626
1370
1609
3250
2811
2266
7566
17805
1617
3454
11385
2392
33526
1167
3439
1573
7944
1569
12649
1805
43790
1840
19411
3352
3213
1541
814
653
13819
22072
24787
568
1362
1229
1230
2002
479
2144
2643
4208
14270
21728
1618
2138
1912
2393
856
6843
2784
6577
2634
7082
2964
1450
15981
1324
6356
1472
2322
2096
2144
1043
2531
13224
1918
2149
5809
32239
1486
13906
455
2594
2957
1457
1832
1970
7819
2032
2145
34309
3821
3042
7739
2448
2938
2335
2085
9517
774
26151
23036
11506
5396
3048
843
2626
2059
2759
2690
6258
1920
2056
17067
17473
2416
2643
4969
868
10185
2176
692
3567
1241
5495
2317
2413
1851
8129
1808
6131
1333
2578
892
2157
28497
2462
2021
2042
2313
1614
1469
1730
28157
3529
2533
1054
3396
861
2153
20801
2205
9068
1387
30452
9279
10336
1264
1191
2776
1023
19627
1113
1771
26520
1672
1848
1305
1912
2944
8807
1248
1056
22072
2449
6037
1749
2903
4130
2727
15265
2183
846
2916
874
1059
2345
3027
2184
3027
2220
1843
2128
798
1355
2252
2685
4190
7609
1224
30008
6036
1210
1109
53825
1708
2859
6859
7708
2580
1943
2736
2237
1876
880
2249
3001
10692
1962
2059
2150
2769
584
1093
1374
17948
3744
18387
1298
1270
14942
2641
2097
889
3037
2212
2198
3894
3146
5897
12251
2113
7660
16559
1646
2690
20295
1153
1783
3577
2174
6848
2011
2418
12662
2367
1572
2457
1597
1840
13928
7293
2259
2471
2062
12280
1763
2621
1090
7968
2969
1703
7791
15734
1445
2863
7256
1111
2626
1699
56405
37299
23328
2102
1422
1121
952
2332
24125
9527
2014
2699
15600
3446
2720
17492
1373
13970
2977
1787
2906
3936
1423
83516
13229
1874
24368
2362
2281
1287
1602
2152
2131
4876
7952
2101
3758
1779
4096
1994
7360
11265
1082
2040
5926
1164
10508
2169
5340
6110
2469
773
5792
2258
3567
1373
633
1392
1566
2652
8301
2168
7170
2883
2964
996
16588
1799
1838
15313
7019
2750
1703
2336
2539
15142
2000
1062
13325
1106
1318
3301
1307
1822
2455
3544
2653
13206
6145
2507
22273
3200
31019
2512
2998
1657
1329
2378
1078
1248
6885
1430
2260
1589
722
1841
2238
2169
23083
1710
22838
2913
1426
17346
1051
20058
1661
6701
2006
1699
5124
46344
2492
2362
787
2067
2292
1925
1718
2130
2659
2695
1172
1036
26211
11267
2510
1184
1486
8167
15560
2313
2109
1373
20398
47355
1419
21171
749
2572
27148
3137
7396
3310
14905
2579
1132
1995
2617
2975
6540
1079
1545
25455
2668
4906
3137
1644
1169
1816
16791
855
1494
15936
1317
2641
2159
2036
1663
1994
1110
1261
2163
1622
2193
1007
757
1205
2032
1484
2872
2430
3314
1999
3471
13931
26354
3146
2508
22800
1641
2529
3389
2988
2307
1215
833
2501
1129
1659
2178
8003
7791
1158
763
3342
2401
2690
1007
2681
29204
24595
2705
2325
1114
3104
2225
2519
628
19852
6118
1105
59599
2361
41851
1596
2057
2866
2327
4764
1086
83073
2112
1347
1163
2792
2334
9826
10093
1793
14136
6448
8891
2243
6930
2509
1124
1627
807
12362
3325
25179
11135
1856
2093
2318
3129
3207
1769
1342
7697
1151
9683
1935
24305
14838
6146
8946
1840
10541
5111
1546
1248
1355
2375
55863
13925
613
1474
2152
1985
7882
2518
4967
1585
2118
1723
14022
13039
15781
612
6073
2222
2338
29356
1013
2107
7576
832
756
1190
30451
2526
8200
2218
2903
9746
909
1580
9617
2679
54934
2215
4272
1747
6575
1242
2071
5332
6621
3051
14098
1520
2645
615
13140
3474
2161
16677
4270
5956
1616
14314
56162
2026
2170
7908
40269
20635
2950
3550
495
3022
3524
1086
1621
3500
1956
13558
2000
5671
3587
1889
9152
2098
58377
1243
33424
2377
3254
1849
35048
8681
1150
1220
1682
2851
1347
7308
1790
2587
17056
2917
907
2191
3652
2710
884
662
4828
2061
1951
1331
2764
3108
2143
3405
1606
2552
675
1350
1855
4784
884
835
43883
1844
2621
18888
813
2439
1566
2397
873
967
2323
4736
1488
1439
2238
18360
18667
2357
15699
1835
2528
2560
2293
3714
2180
2076
20854
8410
1150
2054
2228
1916
2565
24219
21645
3133
1790
1280
728
2344
1224
2426
1489
600
2600
987
786
2149
4608
1286
2449
2606
895
1705
1582
2884
49605
2386
1359
7382
29961
12568
2201
1626
1862
1834
10999
2062
1987
2385
1302
715
2979
3019
1743
1159
1517
2385
3384
952
2117
3139
2706
2023
14557
3430
1533
883
2565
14510
8735
7454
17923
28760
3141
2324
6802
1341
6489
1762
1093
453
1390
1868
2942
15388
275
12867
738
7497
5247
2101
2125
17023
1460
1990
1257
22130
3513
2415
3461
2399
10629
630
22245
575
1404
3070
2326
2750
2374
1670
2209
23300
2509
2570
1738
3303
1362
2287
1238
2542
1424
21974
1683
25161
1062
2204
1818
3648
907
2132
3947
5509
1965
1012
2038
1182
1447
10802
1730
1325
2151
1292
1414
4090
758
20121
915
1429
2515
2090
3580
2304
1765
2387
10415
1339
1136
2118
1220
6488
1509
4952
978
2429
2210
2448
15052
4104
7973
1758
20534
40373
2719
28721
2029
1600
1132
2809
4795
19743
1314
12339
778
1539
46672
10566
577
1815
1134
2078
2232
2912
1111
1459
646
3369
1940
1791
2921
17234
3550
3350
18800
4629
3052
1767
1798
1835
1045
3245
3596
2841
2730
1772
2538
418
3974
1766
1932
16060
2151
35920
1702
1377
2610
24303
2579
9641
11119
5202
1210
1359
3237
2402
256
19843
795
3120
2764
2682
2195
1785
2556
1997
2317
2016
746
2525
695
2230
1769
1666
1537
9109
1927
1971
443
1126
2103
32297
1023
7087
1750
3002
1090
2037
11983
1038
25999
1504
13830
1927
4281
436
1056
29412
2364
1938
3539
8990
3912
994
2103
2317
34886
3302
3929
1860
2983
1858
2092
2736
2889
1151
2660
817
4575
3469
26466
9714
11186
1279
1670
1681
1532
2093
846
2454
2513
18298
15354
34452
3055
17595
1480
2864
3597
883
2565
10285
27663
1863
2932
1556
1942
2365
22012
20402
11788
20629
69854
3577
3634
2571
7913
1686
2402
2633
2566
22775
1419
11856
722
2308
1609
2559
2677
16138
1889
993
20350
47206
25063
2982
3408
37659
22003
2347
1777
2935
1689
1460
780
4354
2022
7344
1833
2975
6000
46761
25153
3003
1241
703
2323
3534
1502
14009
999
1295
1170
1589
2043
8041
2997
2081
2014
862
1002
3646
1564
2522
1485
2333
3937
11407
5548
673
4107
2046
1540
1519
3011
1355
22592
1352
2414
29203
1265
1186
16104
924
961
1926
2170
1821
4196
6206
3279
1915
629
10264
2984
1242
4345
2017
1451
5936
1121
1637
3345
3163
2462
12983
11558
1770
1801
1942
1809
1202
16661
2699
2298
1070
3085
1183
450
4802
1816
2982
1945
1882
3794
4948
3350
984
34334
2168
3842
731
2098
2408
2755
1205
10570
1499
1950
2304
996
1261
1977
1219
541
1186
1885
2328
884
3433
1249
3523
1349
1766
6050
1948
3036
1851
3468
1435
1280
363
1985
1927
767
2528
3223
1022
2652
2551
1590
1816
1321
787
2016
23793
24877
2262
602
2371
18877
2241
4133
2403
2352
25612
1894
2445
3549
2392
639
3536
2064
1698
2096
791
1449
3058
2355
2101
1852
2605
2633
1200
1448
2657
2943
26173
1824
6444
796
1569
1359
1015
837
2753
4954
12554
1629
2550
1362
14602
2816
59024
16526
1005
1326
20271
1172
1859
2780
1561
656
1611
2858
29535
1946
1966
3021
2297
1684
3104
2986
1226
36671
12951
3144
2458
1238
1998
1018
1942
7899
985
2230
2975
2526
2638
1561
1188
1365
1653
2456
1991
4197
2685
9849
744
3519
18018
2400
1709
1905
646
1546
5457
2528
1022
1625
38714
9613
15536
14073
1011
1707
5842
3245
2463
2371
1373
1789
2040
3784
3010
547
7355
2958
1551
11824
1326
16684
1100
25138
2527
2858
1765
26725
1659
7840
5968
804
1247
3186
1909
2613
1187
2249
1843
1485
1099
2303
7036
1437
1039
2713
871
5618
14290
10241
25552
12228
1345
5270
2009
3697
633
2870
19408
1855
6820
1795
812
1196
37443
1884
1223
1431
1487
675
4118
1394
10330
14482
1530
2598
2084
1893
1774
10725
1642
5919
2914
3029
2079
3113
1528
2988
2347
1026
2558
1185
21291
2515
1640
4303
1786
1828
7744
22688
2180
1754
16328
1691
770
1335
6877
10923
12510
2896
1940
12984
1940
1144
1457
7652
2131
1736
1454
2777
1722
1193
1702
1276
10997
2207
1996
2695
1960
9437
2784
37302
947
13169
35651
23973
1968
5208
1097
11008
18350
1932
1497
1061
24220
35249
18880
964
21872
1048
2706
2611
2555
3191
1317
31272
385
1283
2392
902
1780
2519
5547
898
1140
2228
10260
1331
2518
1929
1934
12755
2849
1001
1203
7033
2805
2843
11734
1528
3136
8078
2413
2000
900
2574
1869
7639
1199
1587
3229
7281
16865
2143
36256
9763
2808
6009
1288
2296
2349
2105
940
9314
6326
3014
2406
1913
1362
10464
5243
942
3415
2822
1660
1464
1567
461
2523
13431
2282
1566
2846
7065
1927
20313
2661
3130
2008
728
1160
3083
16368
16190
2436
6789
2191
2183
714
1939
5671
2339
1135
2158
1060
926
2465
24966
4361
6347
9534
3646
3860
7604
3830
18721
1992
1783
4879
1729
2425
3580
2836
48411
723
671
3929
1871
8191
1762
778
2239
2572
1699
583
16106
18058
2357
2339
2821
48195
845
20968
43782
1386
2294
2959
24835
23108
23962
1608
2196
1164
7925
451
1624
2952
1886
1288
6703
2352
953
1361
2964
16248
28502
1891
8975
14014
6356
6232
5873
1233
2551
2188
2734
2227
12837
1745
1939
2654
1682
2664
20319
2078
3514
900
2025
1685
934
3731
8020
3008
14229
2794
1140
20476
2738
3724
19958
7893
1421
1893
1915
1585
1465
2329
12969
1235
1532
2632
1615
23750
2592
3082
23953
1198
2663
2211
2178
1076
1696
3613
3194
1863
1202
2476
2977
11245
4008
919
1561
4680
1481
17407
962
3357
3906
54285
2721
1578
941
4977
1194
15609
8213
47366
1946
1987
2729
14123
872
432
6795
2846
5579
10024
1735
2210
969
1497
4670
1996
1382
3688
2517
1744
2576
7206
1673
6035
3739
1602
5228
860
1707
2213
2209
4611
926
1628
719
2469
606
17816
1053
49582
14036
2130
3025
1986
3561
2980
1179
782
7494
1039
1812
2815
2523
41163
38105
2207
2438
1345
1007
1146
1821
1390
2181
2441
1038
1139
2091
2067
651
569
2872
3197
1289
1470
1931
2110
2516
1975
1763
1905
1476
492
1621
2538
1620
1876
1455
554
1327
2895
1547
10673
1468
17585
2551
1881
3271
1840
8995
9787
2130
780
1285
2951
15871
4256
2845
3608
1788
1580
1874
14784
3412
834
6691
24764
2229
1078
2310
2130
2828
2315
1770
1486
5633
1726
523
3815
1806
4483
2340
15087
2237
10374
2270
1214
6330
7923
1506
1699
3925
7638
7236
15007
4122
537
1949
11847
1970
8094
2059
8730
21934
2026
2194
12247
3206
2002
2176
1891
9912
25602
1491
1639
11302
1551
2568
1226
36219
2776
21091
810
1514
1856
11502
2495
4239
1045
1329
1196
1896
2291
3279
21136
2470
2180
5439
3565
1835
1766
2378
8125
1995
8295
4000
1891
26310
3493
14421
44007
17959
31699
709
2403
3771
3186
2827
1994
1441
1713
387
1479
13960
1764
1926
1003
1945
8590
1396
1565
2087
1991
1444
2933
2318
3110
2362
1351
3526
3175
1964
1676
694
3276
5942
1972
2417
3139
13143
1229
1757
2551
3344
1590
1722
2919
43423
2384
1618
2306
8939
3436
1685
34070
1538
10795
3175
9876
10222
35973
6828
50588
8803
3280
28633
2152
6471
13858
1003
1096
4391
1449
2094
1245
3107
30391
24925
756
963
2313
1321
2721
783
2548
14509
2450
6857
2576
16936
14099
17002
2882
2191
42319
3312
19372
2369
2487
1379
2188
2396
2675
16957
1448
16146
2053
10908
3344
1976
4057
2613
2300
2977
14399
1133
1795
2521
1252
7651
958
11807
2781
3272
1528
12966
2161
1542
8102
49547
950
2364
42225
2169
792
1217
1103
3074
1370
37088
1358
9843
2747
6825
3223
2922
6506
1598
1007
2444
11307
2182
22787
1622
3626
1917
1237
6709
2037
27543
1846
2368
15886
37319
899
2746
20170
1890
3050
14881
7798
10382
13072
2417
736
33023
1304
1683
2178
22914
4215
13681
26804
21431
27981
10513
1941
866
2053
9317
31501
2736
405
1876
2727
750
762
10624
2729
1846
3324
1172
1526
12930
2451
1244
2816
7881
1483
2132
979
1547
7451
2033
2236
802
1709
6882
1409
5649
1693
5139
861
1558
2093
5803
3301
1191
6968
2441
1398
18744
1181
2321
2741
2862
14923
3086
1435
1541
1592
2190
2092
28103
18371
4337
16063
1506
2688
2255
25779
2904
1543
1779
1258
3546
2606
1287
7415
2365
865
61400
10972
2397
2205
7305
2122
2714
20456
40135
27314
3477
507
1459
1853
2117
1122
791
4931
1318
3462
1013
675
1399
1503
2659
937
2616
1686
2444
410
2207
1123
1949
34464
13501
28166
3223
10273
2944
1085
2423
1487
2651
3141
2440
1806
1811
799
23369
1560
1245
1468
12940
17980
2389
1952
2615
2886
18287
11942
7321
17336
1001
1477
1727
3284
12609
3286
11042
2024
2740
1647
659
4528
1269
1489
1079
3746
2083
17265
997
2760
1648
2952
12070
9171
9027
2935
1530
4173
1852
1898
27264
1723
2710
2239
817
1896
7459
1242
1854
2283
1111
2243
2504
1462
11239
1991
4672
2347
1857
18332
1197
2303
1494
3294
2408
2000
2586
1598
1947
27520
1501
1781
12429
2082
3464
2178
1953
1020
1694
1535
968
2297
10253
17898
2467
1575
5899
1920
1734
1522
10317
1939
3017
3080
3330
2299
9817
1864
1961
2145
41663
1273
3382
2168
2015
3076
2038
2777
2378
12075
2620
2886
6834
1639
1098
1430
3041
1794
1479
1483
2107
3218
3183
1097
22113
15488
28271
2533
959
20162
1435
922
831
1122
1356
2234
2457
5487
1185
2541
1738
3688
1350
2465
2256
55368
3531
1493
2718
1870
791
1567
673
3163
3054
6446
29534
14539
468
39715
2830
737
2565
3219
1917
3151
2259
1722
3265
8933
48616
6861
1386
2917
15029
3022
1626
2610
7377
2942
702
2709
12316
4831
2461
29334
2916
988
789
2040
14912
28310
904
2152
1831
1648
1843
33817
3274
13093
864
499
1879
5586
3093
2462
2900
1150
1170
919
42648
2031
2262
15244
2619
23737
1790
25603
3308
2190
3595
9412
2065
3103
1567
2067
2586
29681
2412
36558
801
2003
1143
661
2876
1754
1781
6629
3233
942
2771
7133
1991
1695
1880
2141
46465
2429
24137
1009
1409
1413
1750
13778
7636
11659
15173
1922
2018
16547
2993
2142
1897
1527
3713
2694
1974
3934
2517
669
2040
1317
16731
2968
4246
28608
2095
4571
1710
3114
1671
708
2756
14592
2314
1718
1470
11984
14380
5368
1085
20866
2225
1006
2340
1063
1092
1804
3122
8050
1762
1605
2354
3475
2935
14571
7334
1108
22810
2699
5613
1494
17560
1570
25700
4539
1506
783
6070
1723
2008
5640
3706
2819
2101
11774
735
1730
1656
2758
575
3566
21838
1216
1274
1718
2719
2613
43334
1764
10513
1486
4053
1692
1042
11828
2165
1437
1596
2502
1724
28734
13248
2393
23765
2484
510
37246
1465
2989
4369
9005
2223
14289
27807
1945
2393
447
18912
2562
2241
1143
9002
1891
1166
1650
2348
15882
14803
22071
3949
2831
34283
54742
1316
1526
1393
2048
788
627
3531
1431
12003
2771
1176
706
6719
2030
2252
1548
1883
1358
11040
14739
7024
1546
1467
1786
18529
2396
18669
2383
2066
1019
3415
6940
1651
2394
513
2223
1398
733
2633
865
27614
1804
4461
44105
869
28276
584
1186
17147
9379
19221
2064
3570
5631
1299
5954
1698
2183
2559
567
1650
1021
10462
39087
3760
1134
14339
20497
1530
2202
35923
3268
10845
2634
1003
1760
1862
1651
1369
2126
1900
12806
2114
3421
1456
41234
1334
2535
2389
778
2552
7183
1267
1908
6412
7995
2570
1665
5059
3351
1405
1228
2834
3397
889
2945
2447
3564
680
1911
2172
2065
1630
2026
1001
1949
1389
2432
3183
1609
1590
850
2674
2678
2811
1303
3098
3694
20826
2626
17712
9604
2025
2437
1367
2885
23585
25508
2310
30173
1798
480
1596
14369
2894
30608
847
3658
1391
1215
22410
2080
1107
19701
2216
36492
6574
1035
1634
3232
2763
1033
1231
20956
3039
4128
12580
4723
2815
1374
1727
1649
1317
1835
1278
26279
1760
9625
1108
2504
2242
2449
26654
9218
28707
2424
1935
1945
6960
1341
6582
2833
2439
904
2292
2870
1589
2299
982
7547
1835
969
1424
955
16287
2059
1981
1220
2765
6942
1371
1337
1092
1748
15401
1518
13359
25716
5428
3432
2807
3148
3188
1788
60850
510
24129
1156
1359
547
3459
3068
18460
10475
15848
4341
2973
990
1490
561
1611
2448
1594
1130
7504
2631
2244
22565
992
2996
2646
703
49827
1091
2727
3874
9487
2046
5341
8326
2328
3619
4630
645
2220
16877
15452
1301
19910
1231
8677
1578
2635
2482
20365
1367
2528
2359
1654
3650
2755
7646
3987
17183
35449
5051
2584
5306
1110
1622
1391
1663
17439
1685
1556
1557
6352
1945
1982
605
8613
10611
6157
11648
1338
2304
3374
4144
2205
2874
899
2783
11009
1511
1150
679
995
4047
24343
2003
2233
9512
2890
2183
1819
755
1526
17243
17148
14432
2933
24103
984
3022
2911
1985
754
787
15090
989
13440
745
2034
1556
3863
10500
41461
2559
20705
3993
2105
8019
2922
8780
2419
1053
2449
1579
2822
1556
33777
12776
1554
776
725
2887
2956
1780
1266
977
1998
2141
7601
1932
1326
2407
2215
913
1874
711
926
1331
1276
1995
1191
2393
3520
6256
1671
1920
1245
6524
20935
1725
2374
1189
55942
19466
1978
6790
1453
777
1508
1301
9622
1766
1785
18270
2356
2621
5536
2604
2088
24469
1855
12998
1102
2304
37852
30033
11063
882
1128
2546
21390
3059
864
1548
2361
1903
625
1686
13114
2689
2282
985
1332
13037
6734
1771
1555
2881
1024
4121
1386
2559
2315
1957
2991
893
36967
39386
28340
1522
10860
9642
1341
3134
1705
10179
2750
8599
24493
2464
1686
4533
2402
1777
1673
11342
1321
2284
1646
3221
777
8035
2022
1404
2130
909
15182
1015
4705
3176
1932
1862
1559
2285
1573
687
1794
1449
1931
2456
41487
9046
775
3826
1945
2314
7468
2434
1356
805
2722
14858
668
1457
7338
757
2349
1399
1278
2551
30261
3890
1481
1034
765
1016
1691
881
15814
2983
3980
35657
2864
697
2726
2449
49837
787
1760
1839
812
21172
2036
2569
14078
2023
1785
2919
1611
1179
1516
2601
18107
1775
20343
4319
23061
13831
2299
1994
2354
1910
8859
883
3921
1711
1156
2705
2649
623
847
1994
7474
12439
2769
1047
2040
1967
2885
23452
3821
2030
3205
1459
12907
2675
2808
1978
2394
7625
7547
5288
1004
6816
1976
1122
1136
2734
5834
10801
1308
1682
2617
2920
2622
4807
2086
2006
3343
3229
1681
3003
1720
10346
1359
8725
3543
6762
2327
1288
2808
12039
1884
2282
10909
2961
1516
1604
1734
1764
3633
24085
2973
34813
4547
10798
2106
1842
7942
10678
17854
1740
6385
10420
750
4496
3435
2121
6627
2218
3573
3239
2493
2201
711
765
992
17533
2402
35546
1932
968
21195
1919
1048
1992
1657
1627
12116
14660
2161
2061
9371
1427
805
1527
2064
2743
8694
3228
1429
2214
1655
1748
28192
16865
2539
11289
10460
1565
1491
3358
19031
2339
3241
4439
1388
769
15412
8734
22405
11807
10225
17805
1423
2177
9992
18320
2254
3545
1249
1931
8911
2376
2743
1763
1146
1397
2190
15008
15665
10248
2470
2363
3275
2227
3069
901
1751
6477
3551
3555
1090
1082
1635
1363
2831
934
47225
1943
2426
6318
3119
1522
3427
4233
5988
3873
13992
2506
2257
1918
37706
2559
9078
12935
51948
1776
1760
1003
949
8651
1673
1694
1686
2487
2345
1473
2183
2649
1713
1876
1325
1751
35236
2109
1384
794
1386
2333
948
1767
1868
2617
1697
1340
2295
1979
3342
2151
1889
2483
16591
1850
3418
1702
3277
3136
6890
1473
2382
1617
2094
12804
12069
2867
2295
2170
3830
10041
1424
1950
7268
15109
703
1763
1688
15709
1960
1934
1769
1419
5758
1152
2809
2274
9208
907
2114
2625
8696
1288
5500
2977
1566
5970
1208
2570
2844
1134
1987
746
1147
965
2112
1704
23258
2495
2191
1618
31677
1841
1042
1218
1640
34941
9296
2887
2337
2164
1754
2377
1652
2660
2872
1248
17668
3102
2567
14841
2107
4252
27157
11966
1902
2332
2674
2082
2638
3737
1145
1067
2199
941
2066
1113
18406
869
1294
9722
3433
34465
499
5358
22518
1758
1203
679
1496
2886
1398
2339
1846
1287
2138
1438
2802
1860
443
2250
2237
2567
773
2561
21055
2400
2875
11023
15328
3141
11309
9102
9254
1656
1927
805
2321
1565
2256
3220
1759
1702
30189
7508
1875
9975
9393
2170
3703
1781
7605
19052
13156
1252
1909
4266
1625
3825
5577
1122
1994
771
5495
10073
1005
2473
2681
1354
1640
8599
2455
2191
2266
13979
1585
14058
2524
2880
6831
1574
3846
1560
524
1974
1270
1924
1347
802
2849
29249
1665
4062
7192
1375
7480
1754
16641
1312
2484
4496
3921
1413
1289
11062
2323
3221
2307
3426
2261
1190
8089
1857
3191
576
1936
2272
2134
22719
1032
1055
1940
15874
2573
91475
1841
2612
1431
23131
2600
3385
8425
8858
1851
3301
1926
717
2945
1561
1707
2556
22380
2056
2009
1416
1526
1449
10094
1908
2324
2904
1431
5855
3547
1368
1844
1752
25138
6446
1775
24919
1806
4842
3344
2252
5328
5681
8226
1169
2406
11037
2488
1311
12100
816
9955
2176
1481
2983
2069
1525
1045
1120
8982
3549
2190
1998
1782
4030
5068
10111
2881
1893
2979
2221
3084
1784
1270
27557
2875
2492
4380
23321
964
1321
2217
6363
1403
1417
7006
779
550
10511
2504
1409
7991
2898
11451
2882
6816
1319
15474
2443
2579
2094
1254
1606
1967
2550
1636
2357
2574
20653
2475
1487
1996
5961
1858
1623
2568
2185
1335
1143
1411
1526
3430
2473
21633
29401
1053
3625
1266
2014
2058
15777
1265
959
23500
51135
873
574
3761
2000
1421
2435
1443
1248
645
879
2253
1352
13183
6017
8093
2696
2388
602
880
1956
2214
2262
1105
2467
24132
1159
1199
979
3169
1607
1590
1277
3017
2017
2574
1790
1002
2226
2088
13007
1566
1401
2611
2112
786
13100
2785
63551
12831
2060
20659
8833
2383
2274
2759
2642
1443
380
2430
707
2107
5029
2699
12548
3957
2156
974
17506
908
871
1436
35626
19000
5788
5978
1413
1242
1448
3278
1751
1198
96296
2023
1708
2755
1307
1486
1390
3083
839
3256
32948
2128
2167
1418
1376
1875
1918
650
4965
1021
1244
1798
4754
667
1744
2262
2744
1247
1894
1675
1774
18188
2219
2796
23778
23958
1485
2894
2438
1447
12089
2207
3502
47579
2640
1771
12366
2333
1571
2744
2450
36668
2914
1809
2473
5033
18043
3233
2283
1007
1005
1349
21423
18870
1633
3258
13110
1721
2880
2530
18911
2779
1491
1068
3204
2521
2987
2173
3387
2069
1448
4091
2140
4400
1223
8318
760
508
16922
1606
22705
19651
3113
2711
2715
1161
2445
1585
3116
668
2523
1686
773
2116
1895
1611
41432
2743
3746
1618
1858
4131
2351
2762
2198
9183
1568
11239
11740
2355
2347
5332
2932
1004
2494
421
1057
1601
2317
1860
1232
3887
1802
23763
1161
1644
693
10359
3354
1431
904
8923
1180
1172
1772
10354
301
1791
1220
5283
2593
630
1482
2283
4217
2244
10883
2235
7124
1787
2357
986
34329
1689
1348
2775
1296
6395
14678
2043
1996
2240
2092
21677
968
2780
1424
2551
7338
4013
2580
1454
1719
14171
2101
1460
3018
2036
1798
2127
2586
2371
4177
5862
13128
526
6089
2966
1967
47357
8447
6302
3623
7869
916
1749
11944
1358
643
4798
1493
13287
2825
1278
7998
2202
3445
3594
27398
1636
1776
2290
1128
2557
2182
2986
1861
8051
2368
8363
32431
1625
753
1184
11179
779
1328
2348
10881
1802
2653
1667
1959
3540
2019
1047
2634
909
1122
2933
6232
963
2583
1393
5875
1046
2014
5390
1999
1046
2514
25589
20219
2024
1589
2235
1846
7605
2525
3161
2576
9452
1099
1943
1188
1705
40156
3447
1696
5767
30339
582
1036
1243
14375
2407
1684
2195
1375
1718
1624
11589
641
2015
1106
19784
3548
1651
1466
1572
7503
1454
58175
2658
10545
751
1370
2874
5964
7167
15291
17774
2879
1851
1375
1710
2991
2830
2047
952
1154
8240
1440
890
2761
2174
2678
926
2598
2443
1198
1335
30406
27774
2606
3206
1267
3226
2125
681
16893
1075
1775
3622
2084
759
1451
2194
2131
2602
1586
1536
4572
2310
3874
25580
1442
1845
14865
24318
2065
8860
4803
1457
2318
2603
1776
45902
3207
6753
6399
3025
2587
4864
700
1559
2111
23983
2823
2217
1852
2380
1264
1475
3292
27443
1485
29844
1891
9501
3116
7845
2345
1347
854
31036
5805
2329
2270
1820
10811
1730
2725
2014
8168
1761
1349
1779
5051
1700
2510
1815
2454
2862
24526
2400
10466
918
3161
5083
48096
2340
2333
1918
2373
2079
1701
1739
6731
2257
3737
956
662
2744
3859
2040
8232
3579
1954
1446
1749
2025
2357
33324
3173
2476
11604
4026
2536
1811
1922
2630
825
8942
24084
832
3387
1978
3887
17280
1591
447
7255
2396
1999
1724
9803
2359
2809
2376
54541
707
961
6712
2433
22044
18463
2806
7551
1019
2470
1816
1140
2677
31624
4185
7634
6442
515
2836
4170
5911
761
1539
32703
1679
9465
1782
1732
1309
932
1605
1713
8073
2650
10235
1211
2832
1970
1520
26357
899
8358
1782
2185
2859
2317
15383
6649
2352
2032
3266
1458
969
1909
2832
2287
2631
715
1783
1673
7844
2260
1378
3242
2680
1426
2541
11217
2799
1977
737
1852
1016
2908
1554
1788
19739
700
4187
2276
749
1757
2751
2019
1274
19311
869
51020
3388
37071
1514
17193
2986
1136
696
2324
8641
2005
1691
1952
3460
1694
1751
2148
1789
18240
1512
2057
934
1394
2218
3188
5748
13656
831
1391
2162
1982
27835
1662
5923
2535
1429
19822
1618
36721
1997
23599
6132
2761
2739
1877
787
10556
1324
1882
26107
1809
2835
2490
1337
6673
2014
25522
6291
2159
5377
109381
2482
2373
9784
9171
1553
1402
2068
4222
2226
23397
28646
14065
18983
1359
1082
1091
5585
24010
6991
16647
2592
2355
5861
1305
678
757
10928
8183
15079
2017
2287
2885
2554
1115
1607
2223
32142
9773
3747
1580
735
2233
6384
814
2055
1937
26856
1988
3709
1260
5045
1076
978
1847
1331
26616
2331
7004
2053
1741
1092
3561
1949
17573
862
1377
18801
24802
2067
2016
10964
2129
1682
778
8484
3743
2613
2260
34224
2420
1920
1772
4504
2594
1838
2293
11736
1963
19115
13152
4480
3334
803
5132
1665
966
1534
14826
2167
2469
2224
1587
22586
7928
1939
3443
3027
3423
2042
3427
2854
2154
1744
1844
1681
934
3100
572
2859
2029
3670
2728
2307
2701
3216
3865
2869
2512
1748
1622
2107
2286
659
1600
1109
2540
1188
3005
13697
1750
1691
1904
1420
1491
1171
2809
2475
4841
932
19118
5148
1707
1530
27983
1221
1094
2151
12890
1660
1813
3730
1611
1901
1847
10596
766
710
3359
774
2003
12618
17187
1724
8185
2923
4490
2338
27603
2286
2981
578
18678
2465
2377
5158
7809
2310
1174
2689
808
974
3244
2811
2042
1651
2298
8726
2220
2981
46713
15881
2453
7513
1270
1911
11256
845
509
1849
17387
2175
3991
1688
1043
2122
7395
2260
1890
11539
2200
1570
1730
1160
3520
1796
2437
3254
14395
1417
16192
2573
1848
1939
1413
16527
1891
4427
1282
2287
1120
1629
13847
33246
37591
18554
2822
22415
25067
2629
2349
978
29904
1607
3535
2621
52997
1320
1613
2003
3503
944
1652
13930
1530
2600
1433
14579
1492
32131
2789
961
2273
4872
977
2943
1968
6504
2167
2197
8888
2286
1957
4321
8603
1763
35396
1006
2255
1237
1509
2617
13629
840
17187
2255
13235
1688
8086
2763
392
1848
1631
1816
2321
2012
2048
26065
1150
3672
3327
2055
1972
1660
63153
1043
8828
2210
2546
2474
2300
3963
1082
36577
1462
2345
52194
2766
1184
1635
3291
2426
1438
2483
2434
942
4514
3115
1384
779
1083
8903
2727
2561
18782
761
983
20167
1507
2326
2420
1242
2119
1265
3276
1036
3551
14966
24670
3754
1805
2267
17368
527
2372
2812
43518
2996
19071
10740
32638
2167
755
8089
4613
2407
11146
1210
3373
657
1451
951
5553
2204
8207
2202
15344
1402
2592
1271
4285
2498
776
3042
550
893
4327
1479
2336
786
33594
934
1072
18782
1665
5274
5186
2530
2367
1047
1559
343
3236
2004
4368
1887
22385
680
3407
1918
1711
1307
1552
1745
3288
4729
2639
11887
12634
22134
15873
448
611
836
5551
1789
3416
934
1224
11084
1288
1942
22398
2829
28598
80007
835
628
4333
7805
10047
2664
1143
2998
3122
1620
1863
17072
2145
2596
2722
1488
6438
1925
7157
28654
1870
8466
2719
8207
1018
4115
2585
2683
22933
1551
592
1368
1333
1221
2047
7466
1737
3135
2576
2153
11329
3780
1907
59353
586
2045
1894
2260
2473
2018
22760
8715
2684
7343
12537
14638
1943
7795
33735
1940
3102
2149
20201
24365
2140
2065
1823
1317
540
3058
1557
728
1562
1627
1472
2423
11227
25546
2369
13743
14005
9193
1036
2310
1632
1939
5200
33021
2723
16261
8371
40268
931
2496
1225
12537
651
3123
1675
1263
4014
14679
1625
1173
40356
9739
2328
1243
1658
1237
3214
5102
1470
2367
1815
860
2855
26140
2155
3094
1762
1302
2640
2538
2260
2809
6714
9399
1339
1609
608
1299
1009
3611
20720
9712
1562
1009
11259
1354
2008
584
19299
813
1879
2807
1401
961
1011
2351
2252
1526
3571
1441
2648
1920
778
1099
11022
827
7075
455
1874
2137
2452
2285
1880
1146
1509
3225
1984
2537
1355
1406
1585
1309
1698
9542
987
1034
2118
2054
618
897
901
2793
5092
1715
2559
2015
5761
28000
582
1287
22590
2228
2756
3931
1847
638
37493
2280
10949
31165
6929
29367
4633
1158
5888
2089
2288
604
24291
3336
1837
2071
2390
5899
2847
850
1919
2269
1246
25472
2000
1026
15563
1670
27288
2547
1477
1955
1911
5640
5118
932
2599
1584
1288
16339
2453
34628
871
2108
1535
14838
9630
1382
1831
1674
7124
1030
3762
1950
1340
1460
2421
1961
27340
923
979
2045
5413
2762
2697
2118
12357
2747
1570
3602
1089
12108
8007
3324
1789
882
6460
7878
1721
7135
2238
3079
2305
1315
4760
3195
648
18575
1547
1246
1538
9910
9741
771
11576
1634
2845
25788
4991
2267
1747
2937
7125
6546
50815
1711
10382
2223
48414
16744
3891
51554
2628
1282
27037
1324
3073
2184
1048
3503
1441
10506
872
1442
11532
7002
1083
9234
53233
15898
13481
2909
1299
1031
2897
6219
10612
5042
41964
2477
2407
661
2819
1974
1406
1723
1130
14764
2638
1679
1051
1966
1395
2894
2726
728
8050
2236
2999
1629
2920
1923
1317
7589
2238
3569
1125
2169
23275
2918
1494
17737
622
5187
2683
3011
2145
2122
9872
1820
942
616
1218
2833
7760
2122
6958
2539
1821
17652
1919
2274
19243
12221
2852
1678
31775
1299
2590
12778
1959
3582
35857
3967
1277
30096
2026
3396
1424
2221
2779
2335
1491
2531
8602
1935
2522
23390
577
2988
3334
30946
2527
13107
15473
4430
3889
1378
4974
1179
2969
4146
1132
1579
1053
9030
3436
2249
675
8306
14171
26504
1283
11508
1325
10320
1861
10100
2270
5894
17198
2705
885
1706
4323
5506
1188
1192
2232
3112
1519
2260
3338
19607
1648
772
2712
11246
6838
1234
388
1418
38533
2935
2075
1755
1933
5029
11953
1693
3390
1371
1307
2207
10150
1353
18072
1905
8783
2660
3799
1313
750
2013
11043
8279
939
1160
51955
1065
1040
1761
2623
800
70559
2525
1125
1497
1790
8852
2183
3662
3976
2030
13297
1325
16538
1601
1129
2273
4291
1223
1690
1127
15593
47437
3093
7192
15682
1448
2342
17486
2371
2589
1151
5691
5793
1979
1570
9823
2478
626
7621
1157
1775
2502
1639
4107
2212
13705
6189
25142
2583
2816
15911
12597
2556
740
1122
1845
3834
1758
3100
1750
3431
2719
3193
3488
1370
3207
1985
2549
500
2235
1298
2582
15065
6210
720
8261
1652
4410
17363
3170
22736
1071
812
13718
1631
631
991
1185
1802
1998
15596
2461
800
8516
2313
8689
2036
8130
1909
9002
1566
1072
19008
1193
1578
26210
1651
2085
3150
1512
1894
2279
2088
9071
5794
28002
2775
8591
1358
1166
2052
1041
2920
1291
612
1634
830
3100
23921
2165
11942
2636
2904
51145
11473
2148
1194
2381
831
2487
3182
1805
2417
1598
8362
1956
1661
992
1047
1505
1697
8585
2058
2690
1849
17208
2205
1696
1147
834
1327
1087
1070
2218
1319
25195
2203
2509
3175
1032
2039
7334
2287
1927
1140
2668
32276
3036
1084
1051
48071
1498
1836
3017
1995
4602
2376
2083
1751
2880
2115
56309
1612
5839
1548
711
2441
17305
1639
1268
11278
2508
1087
1902
2741
31827
25239
1869
2290
1688
1953
1912
8969
28659
1620
703
977
1954
24442
2200
853
2111
685
31262
1270
1368
1179
8410
1246
4686
2410
2638
25057
3217
1959
1254
2564
2948
633
1551
1422
4565
2751
2600
3402
22618
18037
23616
814
1424
3289
2046
2573
27032
2529
2111
11847
1799
4857
1388
1276
11163
2152
2431
3146
1354
1149
2155
1871
23242
683
2475
7450
18821
20548
1829
2510
2606
1153
12607
18089
2356
1959
1210
2031
1653
2486
2394
1555
1621
1260
63438
11041
1446
1611
2512
37387
20913
2847
31528
3243
2770
2678
1693
6762
2641
15696
1408
1042
937
12427
3581
2612
15305
2111
3268
5398
7336
2387
14808
2283
2892
11529
6770
1816
1525
5003
9354
1190
5869
1646
2439
21897
1779
2288
6441
9662
2168
35077
2179
2267
2050
2785
3201
18927
1680
1598
7109
6506
4181
18959
27270
2224
3598
1456
14699
2869
9070
2688
2928
2280
2279
1173
1976
9925
819
471
3015
4734
3749
1190
3780
1960
22402
2800
2746
2945
3036
1250
1284
6405
2091
9440
1370
2346
2742
987
859
802
1572
9445
712
1007
1481
700
2354
1211
2258
1462
1484
27117
13823
22055
583
7754
21265
2001
501
32586
22637
2418
14725
2710
1382
1379
1432
17153
1463
922
2412
2356
28431
1780
10344
3040
10543
19675
892
1713
1627
1474
2424
1932
1713
2024
1418
2222
15822
1386
3488
2007
1513
9984
2157
4244
14757
937
4410
9531
14913
2512
1072
2151
1590
1798
1989
16121
23177
4958
1040
25381
9684
1138
16821
12581
2793
1433
1533
971
7254
2577
2012
2643
733
1538
1444
22166
13820
10906
1299
736
16948
1934
870
2183
1364
1674
28416
5091
10554
31654
1245
9514
9852
1466
2707
39941
1631
2358
17594
6593
1937
1880
1463
3566
1465
4596
2484
5770
54422
2091
1101
4114
11106
2249
523
42744
7241
3587
9612
29278
2238
2958
2262
8876
20366
7274
1911
1511
32097
1409
4133
1198
15111
2292
1347
1903
19321
83317
3009
2104
396
644
2386
18165
1412
1299
2222
18014
13859
3694
1865
355
1311
13497
2961
1750
1097
1442
2451
1726
1681
2011
25012
2690
1868
1594
2945
1791
873
1027
6249
1400
1076
1662
2342
759
1124
1841
10661
1522
5425
1657
11167
4323
2172
1827
758
982
1867
2013
1879
859
727
1124
1129
32721
1846
2209
1215
15508
2889
2181
3512
67175
1407
1756
3430
1191
2151
598
740
1175
13421
469
2445
2529
4967
1611
1314
981
1395
2700
3379
2227
2018
856
9906
1036
3283
2437
3418
1262
3157
4481
1678
55668
2072
6114
2865
1006
364
16117
6916
2242
1846
1573
3647
13653
1905
4400
6923
2312
2640
2608
9646
1011
1645
3326
3054
5851
27385
4079
3320
1268
1671
2398
13206
4212
6745
2681
3369
7787
2392
8398
23404
27774
18603
3143
1652
1671
36237
1177
1449
2856
2469
6985
2686
996
1903
3301
1149
1024
2656
1858
25247
18079
865
1754
2364
2237
2829
849
42391
1550
2208
3079
3245
2335
1944
2557
2603
926
2749
1922
1909
1756
1304
1352
2563
2954
1385
2271
11045
1620
2115
2051
1881
776
1288
21324
2903
1151
1347
2018
3288
20611
923
6628
1832
2509
1018
3373
1904
6316
1696
1591
1203
1062
1228
1658
2095
2633
4551
1103
13311
1014
2178
2244
2606
1928
1466
5131
3730
26793
2717
1992
2448
18743
2115
2468
19406
2375
2607
504
3048
1984
2586
1957
2070
2180
