1346
7248
1253
1054
3281
9423
1625
6886
21670
1702
22100
2040
18111
2503
27992
1422
80026
2823
1711
2746
1898
1291
2351
42382
22217
1909
2265
22703
2212
3097
3311
809
3152
2527
15986
3899
1154
2630
39792
43532
45980
5743
8726
2693
2271
2532
1695
15320
2511
723
3012
18828
2035
22223
18684
1235
7489
1717
6229
2912
2738
2408
62684
724
1796
29303
1286
919
12447
1220
3520
11155
3053
22059
9920
2299
2261
2781
3258
3079
2030
2440
15202
1178
2507
1951
16892
3046
11310
2262
2246
2984
1887
1891
2853
1068
2593
15458
22380
3007
1830
2166
1926
1122
1250
1507
2671
3397
1333
1017
1108
2951
3141
8980
15392
1186
1802
2444
2434
867
18216
1020
3493
1829
2067
2721
2499
684
22534
2161
3179
2073
1539
9231
13786
3089
1944
32169
21738
1948
13340
10022
1761
3336
1534
2999
1774
1243
2198
5236
2157
1830
1550
2679
2637
962
2998
1865
8056
1939
853
10160
3016
3196
2558
27781
2255
2204
3928
2942
2219
1769
1705
32618
2779
3623
36208
3174
2468
27329
8768
3035
42457
10527
3220
1124
2484
635
7168
629
2594
1763
2746
2890
43019
11444
1244
25492
1842
7616
2029
1418
2686
16905
2841
9253
3687
2714
1168
1712
1238
2336
1793
2647
1591
1867
2403
10035
1812
1093
25921
33291
3453
20950
3072
21530
12373
2035
14252
27352
2811
2704
1777
2075
2266
19728
5010
2575
42138
2222
2719
1251
8726
3810
5540
714
813
1493
2543
1261
3300
27029
1933
1213
616
2787
2760
3114
2887
93323
26073
1882
7865
2468
2029
12509
927
49448
5655
16683
1135
22045
3785
2352
1390
25918
1719
2627
791
16563
3575
883
3871
12213
2688
815
1791
2168
14515
37681
2774
19269
2212
925
21880
4537
17830
3871
3718
4481
2118
6685
8583
2613
2700
956
1608
2833
26080
19375
2662
3047
3147
16057
3465
30793
6238
3328
5608
2405
3638
3652
2012
20469
3977
1138
1469
62687
7734
337
7346
3763
917
2114
1513
1298
3123
3221
2486
2311
1799
1956
1870
2260
18149
18880
3069
32307
3975
1547
12726
32814
3152
2480
1464
1941
2306
19674
1561
3370
51228
25326
2055
3947
912
3901
1400
3849
2036
1530
1975
1979
2463
4037
26261
2710
2411
2243
12861
2790
4532
1220
2000
1351
4165
2734
1446
1048
2880
1707
3485
6591
21299
1109
28429
11220
668
36419
15755
2191
49519
1418
2235
2711
1827
3286
3067
1123
1930
13001
1279
4004
18720
3253
5361
17827
3317
55967
2964
1913
1915
20719
2263
2097
1945
1742
3133
59584
6559
2114
7403
19725
1995
1124
26277
40884
2398
1920
18191
1200
31057
41043
18567
8392
7434
1283
1291
2450
720
2052
6821
16675
769
1389
2653
2094
2441
3193
18401
590
48578
1927
1899
2066
1643
28199
11811
3811
4675
2194
1494
1366
13589
2722
3623
1179
56141
3789
2267
9628
1915
38820
1297
3750
20482
1568
1115
3062
1494
2604
32301
53906
3989
3231
959
3145
2274
2222
1565
753
599
840
603
2189
1920
1548
3463
2067
40763
17306
1817
9072
26194
1230
3273
2008
2319
458
16741
2071
1862
23694
949
1308
2405
2749
2608
15463
70199
2014
1554
4160
2346
1698
2822
3354
79420
2961
1160
7511
19871
3092
2178
1672
1403
5508
9394
15527
1308
61592
1311
2145
2235
3295
2824
680
2830
28828
33758
2390
24078
2551
1162
1182
2278
1839
14301
1807
1911
2582
1712
9566
32637
12397
1109
2275
1363
1325
1565
1251
1907
1081
27202
2905
1814
2321
2334
32513
2222
2336
16386
1217
2667
609
2636
1474
8017
22954
1916
7431
1502
1413
7040
2426
3027
43905
25503
1065
1958
2484
2108
29006
15393
1706
2931
1539
3970
1322
29508
1475
1095
1027
2169
8983
2580
2330
30970
2550
3286
2150
2206
2134
19816
2201
28222
2616
27989
2644
8312
1885
2681
567
2717
1635
1464
3183
2135
1018
2316
4317
1907
1232
3735
10144
2144
3055
1140
15068
4483
4793
1274
1802
2509
12347
41471
2458
3714
11593
53169
1471
1688
2243
2232
1716
2211
2986
1980
20425
8533
2218
2974
1764
1400
1216
2402
20087
2865
3160
3349
1783
63052
11103
2391
9073
18305
643
2250
1069
1671
1119
1714
46140
3380
2971
2279
2811
2258
22579
2176
2400
2375
9177
2068
2425
2742
2340
5791
33719
3041
3661
13561
2653
1501
2329
8171
2649
35747
1181
14280
41967
18947
2404
3244
37089
2004
774
1543
2884
1313
19648
2082
2041
44916
1839
9040
1823
1155
1003
937
7527
3989
4707
25599
13279
1776
4872
2254
2360
4167
1905
1346
2112
13242
1126
15801
970
1856
2732
1953
1828
2042
7669
1902
2731
3005
2182
1839
46372
3251
14529
2015
7708
3639
3453
3381
5129
2140
2939
1893
7187
61266
2587
3115
3271
10559
1729
2132
1793
2408
6739
2646
1337
2092
2804
22842
35129
2860
1910
3434
2716
26001
21911
4530
1566
1671
3073
1341
806
3323
24463
1101
31817
19237
7329
2316
14050
26661
1674
13206
2360
2646
21914
2242
2373
2242
3164
34271
9275
28716
1573
1709
1161
2934
3034
1428
1016
1018
2106
3098
2613
1944
4613
34484
2087
1377
2910
2932
1603
22869
1973
1614
9563
13591
21698
2017
461
2027
59609
7787
534
22960
1237
1313
1536
2498
2054
48897
3643
1861
2267
1165
5892
14912
514
2184
2191
53788
1975
2137
1629
1771
29226
2778
2656
31298
2876
2735
15446
7120
2530
2722
2371
3788
28970
2713
1179
1812
39022
3314
52086
2432
10794
3612
2297
2381
2014
4781
38969
1668
10486
1093
2929
10490
8565
1947
2103
7949
2569
81421
3201
1494
1545
1281
11028
1921
2038
22265
12156
15768
1824
10026
2621
1473
2887
2437
32292
18395
579
2269
20616
966
10211
1998
15432
11892
2103
874
1585
5206
2570
1934
11710
1955
2536
2943
2826
59327
2979
1868
15172
8164
4174
46607
2420
53184
1684
1948
9692
3436
2930
1111
2363
2014
3092
1818
1799
2048
1564
26308
2789
2593
2259
3053
712
21633
2473
2240
8398
3029
8254
9073
3293
2893
44099
1073
9691
2666
2720
2536
2581
1578
5318
4829
2522
17187
2955
3386
2315
4014
1448
752
4750
43990
14971
1421
1674
1863
5689
5681
3303
7457
1860
1503
2812
2312
1840
14050
330
8267
2043
8754
2116
2575
9255
14062
6924
16101
4429
770
2897
1680
2289
21997
2034
4298
3376
24393
2630
2352
13455
34753
305
28047
2810
2143
18073
2859
3288
5247
54981
1326
55000
66219
18879
2869
28265
23402
2424
2610
16559
2423
13775
1843
39984
3179
2205
1487
1584
1938
2094
2627
2133
2606
1224
5250
2518
3066
2228
3893
929
3530
2742
1887
1768
1927
1689
15536
2365
1718
3021
1890
28106
51248
2495
2794
1538
13965
32898
9474
2168
1920
2253
1681
18060
6474
1654
16193
1607
2163
2945
1756
2173
2335
28608
1784
2183
14888
4412
41754
25870
1754
2246
23131
2046
8877
1225
2266
3134
1457
1803
2423
3518
2022
24146
2217
2183
49722
2806
18892
1040
1771
4289
1364
12009
972
18649
1664
6510
3141
20747
1177
13915
2526
2422
2242
3134
14783
1247
3313
5861
687
1925
2255
1808
1098
2139
2137
33575
2854
3762
18729
1393
737
978
740
29535
51655
2860
2960
2094
1216
2673
1566
2851
1896
2493
1424
1836
2106
42240
66884
1614
3054
1910
1321
4653
12485
1776
7403
16910
2496
1632
3804
3420
1596
1975
29700
42960
2984
1934
587
997
2193
2825
4311
5721
31065
868
23233
4317
7829
1847
2725
1557
55692
2120
2516
2205
6183
1200
61995
2036
11154
2201
19453
2449
2652
2087
33501
10605
1342
4058
1760
2777
2885
2174
40689
2006
3260
12145
2965
2605
1694
2032
2396
2910
1068
1408
1495
2779
2732
1961
19622
10011
53020
19277
18495
818
2240
14040
844
2516
35840
1825
2429
13757
9176
3210
2147
2544
26709
1419
1348
2201
1069
3178
1085
1611
1131
1988
1008
2303
830
1264
1514
15559
2134
2281
857
1511
18720
2326
1995
1400
1590
2636
30747
1652
1729
2569
1903
1195
2393
57679
2563
2229
2176
8401
14658
1460
1199
2532
1962
1932
2751
2770
878
1088
8940
2532
2057
2456
2905
2191
1600
1109
1569
3326
1712
846
3671
1174
12138
17813
2165
5179
1330
1240
1667
2086
3680
947
1408
5479
1565
6933
2298
2404
11786
3466
2758
11460
46594
2466
1153
4511
24042
2085
2412
10399
19189
56708
1219
28885
1040
1306
2803
2603
2546
2736
1719
5475
2386
28331
54916
803
4103
2242
41475
2439
1514
2331
3328
2515
3947
2269
7731
3075
2461
1271
4169
2016
8845
8809
1594
2137
2737
1542
1667
1574
2438
36465
2474
2163
4214
2813
1278
2137
11421
2395
8366
1929
5444
2897
842
2650
2734
3515
7023
1961
4298
890
2976
1756
1640
1572
2504
2079
1792
1486
16412
3212
1549
13630
2294
1943
2932
1025
27979
3158
15426
1591
4298
6969
14475
1545
28601
2030
1039
26032
2445
56649
2127
1729
2873
3372
2327
7739
1611
701
19576
1659
1869
32138
23930
664
2320
2057
898
21394
36760
1780
36455
2420
1338
2450
4743
19292
496
1603
29168
1387
2221
1431
1644
15578
1209
1924
47935
8734
1654
19332
10553
1336
1938
1947
2020
1411
3441
3239
3148
3626
12445
723
42342
9580
2619
1267
2267
1799
1445
1427
2504
7361
2053
26307
3562
4681
1438
2335
2304
3581
13822
6339
3446
5393
6664
2804
2085
2095
14080
915
2247
20243
23688
2495
4097
31201
1692
1870
3430
1353
3482
1331
2897
27309
2618
1700
1211
48155
1997
3063
11364
2239
2428
1949
3022
1859
1120
15310
1900
3546
2347
2771
2375
1260
638
2627
1674
1791
2570
4721
775
1298
33174
2214
7524
2185
117079
475
39607
2261
33557
3357
2650
2825
3248
3110
1868
1692
1883
2337
2143
2727
2600
2588
1227
8938
4492
25547
1122
2214
546
6036
17058
2551
1093
9763
2740
1459
1853
1049
39562
2914
1753
2443
27753
3401
3798
2349
6021
2503
1189
3619
3884
3669
2163
21951
21357
6982
20987
16801
855
2147
12298
2077
1453
636
2596
2036
1428
1841
3270
11256
1449
1780
2081
6280
1331
1620
9454
2736
4865
1132
2226
2268
941
3330
2867
1360
5270
19185
2693
7606
1291
2761
3469
10981
3199
1722
1864
27310
829
3949
2055
1733
10980
1871
1875
1883
2900
10108
2871
2914
1952
1112
2016
2807
33821
1550
1485
1958
1649
15252
17725
3902
31977
789
1515
2891
17604
2802
1464
1498
2008
9901
8658
1231
1706
18052
2126
1875
28002
2331
2478
2067
1426
711
1792
2331
2368
1653
40164
1539
1433
1879
3163
7065
5688
3180
33246
5479
16228
1126
2320
2221
604
2046
66120
2796
989
1307
1566
39607
2191
881
1353
66010
16566
73919
53227
3122
1548
10583
2818
2771
19719
8450
30401
30874
9768
1261
2855
15189
9588
2160
1374
974
1472
2109
2240
3837
23055
2345
1954
2562
1887
1703
13831
2228
2313
2572
1984
5718
20952
2156
845
2686
1189
59291
22217
3294
1450
5153
1208
3091
29847
6252
3217
1091
2805
1638
2891
1580
854
11245
2132
27278
2043
2740
45893
2333
1236
4250
18006
1506
1882
11732
2620
1989
23208
2865
2618
43200
1421
1937
2524
2664
21921
10491
1526
1292
1401
7589
1277
2829
27455
1043
2442
58798
724
2169
2163
43461
2427
10501
1641
1229
3783
1261
27034
2976
3926
9633
24582
3715
2477
1560
2310
10552
2984
1907
1907
3502
2457
10276
14032
1917
807
1791
37056
12691
2560
27109
1888
1926
1530
869
1636
28147
4763
9730
2779
1143
19276
2473
3906
5704
19814
25408
2568
1466
2943
2015
995
1997
30071
2353
1280
23565
34176
1522
3568
649
9498
952
2230
2192
1953
10750
3618
1764
1366
2122
1942
1235
49207
2088
3271
17695
3114
6694
1433
20963
2888
3297
2198
1402
15601
1657
2556
1559
3232
2156
1899
1933
2212
9212
2806
1019
2825
1552
22053
2713
14354
15607
3934
49523
19947
1253
3536
2606
841
2192
1618
37027
1864
8827
2897
3241
1974
19997
3459
3067
2208
1681
38929
1808
3653
3756
2915
2058
1937
1920
13789
3411
2258
33948
831
2255
7080
2675
944
1104
1722
24682
59935
2556
1863
1561
20263
1828
9935
2701
1982
2036
1764
2391
2226
2062
2456
3303
2176
1997
2788
2002
1298
2223
1533
2150
949
4815
1863
2050
15186
8875
784
6530
1250
25299
54034
3632
2647
2654
2117
12690
1923
46730
3021
1162
1820
15955
2655
1516
1604
2401
2945
907
28445
6800
2758
3303
1385
2853
20601
1435
30776
27167
10282
11711
1082
2245
36490
3250
13881
24900
1735
2121
1011
829
48729
2749
2380
5088
3240
4015
1895
8910
2196
1581
2065
5550
745
2378
3129
815
1131
3189
4118
1229
1973
1234
24750
3466
2387
1757
11047
2713
2722
4795
6558
31773
2474
2492
2209
1675
1762
1804
2366
1333
1272
2173
1416
6340
13170
1492
1859
2311
2980
2646
577
2226
961
18243
1020
1521
10838
1534
10714
1383
3997
12705
2051
3439
8936
13184
11490
54224
3356
17727
1594
2037
1446
1326
2888
1032
2062
2247
2040
1653
2877
1406
1054
23778
708
8948
2441
17990
1792
5134
3245
7836
1930
1832
650
2496
30130
12667
2037
3466
1303
685
1514
3403
1239
41915
50202
1329
9291
2669
61580
967
2452
1691
1992
7955
8939
5550
1378
8071
2807
718
1942
2208
4293
1193
2260
1021
2708
2688
3188
1615
10937
2417
1021
74600
2576
2364
5875
16058
2385
806
1404
2611
2054
20965
62607
2805
7402
69061
1179
32569
2698
27149
2145
8698
1070
6763
25947
20703
2732
1575
900
1706
41502
2088
1258
40892
3111
2975
3191
6184
1862
2048
1715
1263
1393
1132
2472
1323
2533
4567
2299
20590
101724
59057
28300
1660
33576
2554
1797
1492
5943
2302
2702
1773
1724
1825
2483
2080
1701
2171
1186
20275
5706
2331
15626
1663
2823
2004
3120
16558
3781
78586
2054
14967
1909
2505
2839
1993
14126
1754
2809
3429
8186
3101
3427
1434
2399
6649
43116
10023
1538
2649
8176
1518
56611
13487
1959
7649
2724
3640
1911
1447
28029
29283
1911
3075
2485
1841
2138
2903
11519
3780
1886
3032
2022
15280
1560
20883
20693
2147
1940
2958
3416
1500
1104
2618
2375
836
1748
52803
1144
2213
2062
20090
1436
1288
52449
16384
2401
16610
2074
11401
1745
2981
2774
1663
38883
1782
19039
1258
10357
1931
1345
970
3239
2381
13300
3075
58183
1224
17183
3198
3373
2206
42542
1123
1612
1968
1738
4112
1476
2025
3834
1466
2012
2825
999
2239
2345
1465
5378
2840
2812
43899
2511
974
27100
10058
4158
27259
1990
2685
2624
2123
3993
1877
9079
2153
7221
8041
47844
7831
23328
1296
1756
1116
3294
2294
12322
20346
1727
3037
829
33618
23930
1893
25562
2546
2984
15822
38937
14293
27902
6756
4071
2118
4945
4040
1440
2237
2695
3193
2357
2799
3358
2482
3299
3188
48170
35224
30465
2527
9957
2080
1435
14407
7396
37470
17574
52381
3187
1169
4119
2626
45027
27130
1385
2597
2166
22596
2256
25025
7482
2072
3002
1786
19342
2867
3524
1426
1018
3415
15560
1581
33449
4022
1766
10198
890
8309
1758
16058
2709
3621
2044
2084
2350
32599
3463
1115
1196
3540
35648
7825
2694
1937
6848
60304
13714
4254
2363
1526
8042
2697
1282
26892
1137
3275
3029
9874
2391
6428
1319
534
1416
2230
1037
27883
20489
1384
3248
2376
1676
28639
1957
2936
15788
2091
3240
2412
2058
26064
2320
2616
2823
1276
2648
7496
1259
1887
2079
549
6466
26036
1916
621
1712
2533
4854
1834
2590
22006
2371
11251
1403
1996
10127
13181
32403
2592
5391
6632
55673
1799
3040
28648
6411
89096
2821
2537
21030
2925
1515
37451
3971
2914
6097
2402
2735
814
1580
2156
2620
1470
2711
1182
3155
4122
17368
2193
10327
884
3327
2032
2932
4830
1555
2297
19600
1851
47541
1370
1095
65049
17360
711
2957
1710
1076
1469
2895
22694
16411
2779
10636
1072
4935
1680
2654
29556
2423
2519
26510
2356
8250
2325
10925
18542
60735
3197
1940
1557
3128
929
13122
22567
3052
1628
2391
29610
24465
3031
2080
1227
2610
19176
11679
6569
2876
5654
41044
1821
1069
1935
5483
52172
7389
2780
2090
1342
1358
2274
30832
27109
2039
2251
1272
1939
1842
1341
6908
3291
5711
32935
2651
3303
19094
8739
2787
1742
2156
2719
20251
2040
4173
11154
10034
5386
3426
2744
1577
1894
1897
2514
2153
755
2976
2376
10394
1725
3625
64058
26551
2029
30244
1186
2372
16808
5110
41390
2949
1180
2372
18306
81826
1929
2412
18632
2783
2360
2197
2800
16640
13606
1604
1508
21443
485
1095
24107
1223
2192
2110
1198
653
33438
1495
1036
36587
2033
33031
2256
47950
3994
15534
2529
10016
2357
1080
9931
7471
3419
2470
6879
36943
10758
29366
579
1988
3343
885
1349
2044
1738
1307
2238
2403
2098
1493
18880
1592
3067
52758
8340
37015
2182
21552
1703
1670
2787
1420
2179
2634
82712
2435
81091
2236
2501
2547
1445
2294
24976
19597
2767
6501
1095
4235
784
14579
1730
9028
5197
15023
2041
2746
4064
5385
2577
16622
2899
1950
2658
3715
2441
1710
43886
2130
1712
25832
1149
1965
1845
2292
1985
1136
1200
3637
3050
955
2956
2858
1892
1837
999
1966
1753
1511
2016
1651
6805
1599
2473
3620
3242
2207
21610
5427
1929
2438
3530
3201
2102
1060
5316
2192
2693
1926
1484
21633
2323
3389
1347
3337
32496
2004
17137
1959
25231
3979
2750
7307
30377
2016
3341
594
2835
1215
27946
2096
1821
2582
1935
3780
1239
29861
1293
1611
2940
1587
8887
3196
1542
2101
24845
3650
1267
2366
30363
1994
9652
1374
3009
16524
13198
1866
2036
13445
3317
2194
2441
26807
31870
8216
11614
1910
11687
3374
1447
10129
42003
533
1262
791
2700
2743
2007
1932
1343
1821
2072
19877
1167
2132
17119
2141
2509
1893
31267
977
17544
2225
3084
3040
3208
3095
3829
15023
3271
1688
16076
2844
2345
2912
1976
28160
2048
1708
3594
9693
1916
19290
13242
1236
1974
31352
854
13636
1405
2722
3220
2147
3054
1770
2379
2077
1313
1188
2698
3008
6808
1218
83984
5738
1114
5530
3147
33912
1435
816
2295
14031
23245
3199
8047
1528
844
1562
3189
3238
10863
3075
2054
13184
22193
2723
5485
3274
3214
2910
1333
47114
1665
2280
5216
1607
2281
10345
32683
17833
1849
2379
7953
1504
1450
2434
1232
1791
2491
1858
15045
16351
59065
1804
11175
21828
2943
2039
3394
14738
1894
1219
10262
42376
3338
2915
1409
3990
5672
2946
1227
3614
2466
2665
922
11456
21128
2505
2708
2025
3152
1726
13770
1743
1697
1240
2658
1798
3216
2132
2199
337
1505
1321
1966
2746
49077
1267
20431
1726
786
1272
14711
2452
20864
29383
25018
8681
3071
2297
3523
8173
3121
2630
2674
80821
2312
1880
1207
840
10128
2953
2191
7547
3231
2540
2037
2319
64033
1002
2414
1433
1453
2746
2589
3196
11486
2397
894
14508
1146
11535
2664
2124
1315
2143
2565
2880
2095
37298
2558
987
2115
2763
1651
9514
2148
1399
1784
1884
2684
1967
2402
2088
2687
540
2033
9287
2873
1567
3148
2421
2045
7231
1226
1343
1655
1881
2871
2199
1901
3515
1998
24481
2463
1295
3113
8723
2554
7758
5648
63161
621
50155
16234
2850
1310
14238
2832
10858
2165
2685
1979
1689
8123
1346
8698
13322
15380
2489
8357
1279
25664
8239
1116
3123
20852
1950
1784
1139
16095
2035
4251
3329
2263
38368
30805
37556
1609
8323
2648
3075
3143
2583
758
20377
1036
22318
18121
1580
7470
2532
1989
25066
2421
14064
3333
3352
2297
3445
7229
32144
2750
2192
1573
4223
18814
1423
56709
2195
5923
2078
2241
27329
2261
2375
1798
2725
4515
2467
14794
34502
2819
9848
1069
6658
7142
1972
2386
2237
1834
29129
1637
2893
2489
3156
7519
1729
2725
6351
1293
39421
971
883
39340
6023
5568
1875
4701
1018
1489
790
13062
2914
2298
8299
1488
31764
7300
1265
1473
2103
2192
3317
2682
2097
1417
2853
1235
2135
46931
1240
1510
27998
2199
47698
3339
15020
1889
413
50704
2390
9655
1517
788
1177
2218
1876
2423
2292
967
3013
39253
1537
1448
2088
2464
1969
2733
8894
1903
3526
1461
24667
2110
9184
2677
950
2235
21467
1728
16993
579
24904
1537
3529
5270
3351
1470
2221
2291
1756
80326
2234
2024
21208
3435
524
903
10722
8733
3719
2382
49494
10263
26241
32207
2003
10405
1073
2736
2418
1884
1824
2257
2136
2561
3287
1325
8365
1217
1374
2512
33690
1622
3147
1800
2063
2973
2910
3471
7972
1632
1318
3022
899
13294
1849
2440
10031
1767
1058
2974
3091
1476
1225
1642
33330
3161
1795
2356
2711
2198
2000
4273
62779
3566
1153
1722
1804
1681
43121
54651
4470
2512
2255
2069
34854
14433
18896
3399
2717
2852
2970
4514
24515
56814
19753
1632
1379
3533
3613
7109
6914
1228
4595
2435
3294
1687
29191
18557
30966
19197
15086
2831
2333
2755
1306
12151
1975
2080
8150
16286
1941
1306
783
2761
31668
2270
808
13577
56646
1336
934
2241
25957
1603
1109
774
1567
29483
1122
1916
987
1071
3802
974
977
6978
1824
2106
1991
1295
2966
2271
1167
9033
4742
35741
3540
1636
3387
17173
1926
8669
1604
467
61726
1327
2363
1401
56968
55234
3361
1502
2627
2784
3249
852
2595
2293
3091
2088
2652
2275
1937
2773
34780
3866
1063
69452
11313
3307
5985
968
776
2446
1438
718
18028
35387
2427
1570
1876
2769
9418
1925
2713
2413
27678
1161
3377
1870
2133
25639
2286
10257
27416
2697
14023
1998
3475
206504
58320
1914
51214
1202
2056
1253
30674
1373
1564
3386
3467
2696
4423
2265
23698
6310
2253
8424
2041
2304
3345
1646
4295
3654
1710
16480
2800
3557
4122
2575
18038
7328
3270
8219
2973
8989
2299
2424
2376
2616
11787
16239
1481
1645
707
2843
2183
3030
7375
5390
3350
21403
1915
4099
15693
658
3537
3672
2350
3104
21189
2804
2149
2927
6301
2624
3085
1949
2150
1331
1831
924
2724
1685
1925
17343
39672
17772
14944
11219
10908
30062
4649
2902
3065
3361
2777
2262
5589
1588
21809
2911
2543
2136
10543
2955
2209
2938
2257
36582
3162
1198
2641
6879
3872
49740
3097
27132
16718
1165
36284
5540
2284
15335
992
32031
2030
4272
1732
1257
945
2983
4994
1976
26377
1619
2327
30567
2691
952
22615
3142
47241
1561
2637
2925
2622
2355
17508
11272
4000
987
2015
1934
13614
3630
13400
18912
958
19943
2228
49107
65625
1930
1563
1388
30433
618
1402
2417
4669
1437
14414
6001
3841
14198
1393
1407
2854
2821
42249
41651
22408
3013
3344
4606
1693
1430
4879
1860
1762
19999
4889
1657
31682
2191
3416
598
17238
2014
773
1761
4312
2881
6238
4280
1861
18996
9173
5494
2135
2402
2768
2101
1245
2736
997
2809
2217
9160
1021
2110
2186
2826
1549
10929
14371
7610
841
1479
2277
23143
2123
2014
1712
7697
2634
12507
1178
5350
2523
1692
5708
2715
30218
31870
2352
2377
3164
2461
9298
1566
3787
682
1262
2835
2863
18665
6300
1431
1442
9225
46668
3931
2139
1567
2758
2825
1852
2803
600
2089
19606
24339
592
2445
898
2341
1199
1397
14116
27224
2595
1216
2186
1911
2065
2960
1584
18260
43115
5676
1591
806
28069
24661
3367
2738
800
2811
4901
1561
494
922
2275
15844
2686
1068
1090
1367
48423
2946
1642
2555
1259
6646
1906
3016
9136
1050
900
2707
23022
43401
3474
3578
2001
3327
1299
3658
22531
1740
2388
693
1718
22195
21750
3074
2031
1959
3485
24109
1386
3037
2275
17431
11574
1944
2050
8287
7751
39670
2997
44557
1994
2307
2033
1555
12798
2257
10616
1807
50066
1525
2873
6031
1162
1756
1860
4538
2304
1788
41390
23941
4594
3398
2549
2062
2663
2708
2081
1280
2035
54035
15539
23127
1289
605
1676
1226
2602
2196
52813
2625
4533
14529
24264
2116
2921
27232
24578
7545
1682
3298
41602
1421
3302
3156
33095
2472
3159
1979
382
9733
2599
1897
3124
3045
9522
3422
1875
3159
3722
21559
1616
1940
3158
11799
11053
880
1619
1368
2439
49702
16020
3205
1888
3319
1561
14801
1517
9388
1124
11028
1649
3044
4014
6206
1730
23268
3637
13839
1767
24847
15572
2609
859
3691
17949
2558
1725
10426
1127
6189
2643
2083
2493
16873
832
3411
1820
19688
2035
3033
2995
1881
5462
1789
1370
5850
683
2364
24162
1664
2539
3442
13190
1815
4210
1561
33164
10323
2600
583
2476
2421
40078
20834
3329
1723
18524
6666
16320
28392
1962
1510
15669
1905
1364
2369
2462
1485
29093
6903
1997
535
984
50823
2290
11345
2505
1512
4718
2886
11150
7225
1991
2375
2264
3329
2338
16929
13573
49646
3368
2187
5420
2345
1431
1472
1506
5345
1574
1998
960
33889
2161
1846
3115
59802
4248
2050
24726
2456
8614
1911
2371
33515
1323
2260
595
17476
2079
2815
2443
872
3223
2881
1465
3168
2105
27831
90806
3890
1863
31305
16159
992
1302
2958
1512
52811
693
4104
1939
2724
4164
3313
2561
10338
468
23479
3991
3243
2473
3463
1448
3245
29280
18111
44640
10721
1727
22608
2216
2566
1402
37783
68289
5054
2940
2635
12447
1979
1198
876
917
10022
8042
9131
1820
2133
2614
3595
1390
1346
2749
3579
10409
1683
11757
40381
1383
1773
71668
1571
3530
2767
1948
1347
1085
3106
14944
1290
25081
1986
787
12484
4151
4991
1099
2657
15459
30763
3301
4690
1281
2219
12235
19920
3668
2287
16926
2334
2376
6698
1754
2042
677
4256
1182
2697
1327
2245
2199
2969
21326
2068
9683
11737
2484
3079
12359
3276
2260
1764
1463
3086
2723
2856
1493
17383
8660
1061
943
2719
1366
21620
1932
5725
2617
1494
2977
4345
2211
9493
34751
1681
1051
2225
2441
48401
14439
27456
2221
2868
549
13993
12697
41948
2666
47452
2938
2119
1669
1119
809
1228
30116
1040
2734
2675
11402
1869
1621
2666
1668
2321
2011
17102
21674
16608
1884
1700
34261
14902
3452
15950
21273
2390
1513
1141
14965
20445
26272
444
9121
1737
64382
44066
3569
18740
2202
12947
15802
1509
1777
1873
1367
1293
1962
9043
1934
1955
2194
1945
2792
1050
4517
3215
2442
2061
25746
1017
32615
22631
2168
8032
1878
17516
2240
25854
1594
2035
2908
1533
2380
2648
27632
9068
1930
2507
2575
4748
2506
40824
2334
1528
2005
21777
28985
5015
2439
2580
2327
474
1965
20267
1599
854
7363
1804
3009
37243
12036
24868
703
438
4203
2068
1105
1697
50523
1803
3169
540
2203
1875
899
786
2852
2031
2998
2111
2423
2418
1287
1928
63461
2787
2597
1036
1680
2835
2147
1812
29778
52847
1818
2612
1951
2028
2918
19806
1971
28688
1195
2538
1884
14698
1118
655
11583
2617
12796
2462
16982
2923
2526
2042
2812
1222
818
1888
17808
1196
1370
3331
863
2663
10803
2256
2366
851
3838
22425
2323
1599
1067
29476
9108
18473
3728
1367
2356
4581
3306
9913
1866
30016
2494
2464
1582
3957
1435
2799
31521
2002
18805
46218
872
1374
1692
37498
6624
33733
2381
1107
2232
1246
1202
2590
39833
5211
750
2411
9075
17740
1663
1640
1000
1873
2763
69944
1912
2865
2082
2233
2448
1218
28868
1986
3113
3990
1713
1178
16696
2135
1618
1400
2482
1734
1574
25876
2369
897
1045
28397
2498
1765
932
1265
647
897
1916
1426
6463
1154
33798
2709
40240
2055
23018
3576
1530
6367
25305
527
12723
1437
2155
2351
1109
2201
8610
1422
2999
6542
8607
2019
2728
27309
23228
3852
3480
1876
2420
6985
2277
12019
16176
3716
2844
19686
2942
11616
2123
56012
1162
2919
3093
24288
6901
2769
1627
3725
1675
2490
842
1691
6365
36888
2287
18664
1224
4392
1317
2817
2117
2304
2550
50151
28636
3209
5258
1874
10094
2300
64225
1988
1540
2595
22272
11133
3973
2816
2817
1441
1394
3222
1704
42070
2058
2108
3380
2012
24964
3595
2318
2849
16402
15190
1793
2805
3160
3746
2648
956
2907
797
1786
1203
2358
1929
1514
2164
1680
1188
4128
10582
2927
2848
1852
2215
3177
5878
601
3219
8967
3186
3276
2385
3675
2581
24335
1949
32946
3302
37033
25341
2730
3364
1714
1827
2063
1329
2115
20831
14949
10336
2086
3321
2483
2895
33140
1472
4499
2142
5183
2838
2468
1430
3431
3383
1693
1329
18571
1245
2703
54519
7618
11269
14445
3229
30122
2696
2768
3824
26846
1999
8294
1451
1574
1994
5269
11640
1133
2728
977
6513
7619
2167
3188
939
3769
2024
2761
2811
3435
1646
1168
2869
2835
2111
3623
2466
5828
13212
14908
4868
3116
2977
2418
1822
2937
46191
1594
2113
2115
661
2108
26827
1934
2532
2606
1521
3795
2920
2425
687
2051
2251
7846
42192
26003
2319
1640
1493
28888
1374
3341
2074
12420
14192
2707
17430
2663
3804
1424
3408
1470
18840
23267
3017
3395
5839
2327
28530
2068
1373
2057
12847
42152
2949
17810
2893
2358
20480
3099
38387
12947
18426
1042
1850
2199
1475
3994
15992
13005
3723
4708
31180
19555
1237
1754
18313
2359
1761
1008
1013
1694
1854
999
2251
6359
1001
4091
1100
1270
1504
2151
58023
1120
45692
28611
1127
1368
22274
1904
10932
2322
13016
995
1667
2958
76517
2863
2452
4449
28581
23104
1986
2923
2879
62259
1599
25693
3226
5571
2782
2727
1708
1488
1769
3017
18296
1803
1840
1230
9024
1499
2518
995
2144
1279
1565
52365
21209
1670
3382
1338
5961
1092
591
2648
1797
1205
2567
1459
1468
1019
18420
35477
17218
1465
20168
2805
2761
20461
1020
2020
1474
93159
6792
1506
961
496
1734
1255
14571
2498
1533
1582
6558
1044
15054
8944
2066
1977
39937
2308
15515
17413
971
14666
15756
9041
544
2613
58573
2250
26772
3345
733
1089
3217
15679
27478
78675
3113
1195
2510
1111
2546
2339
2599
3621
4363
1948
48879
23987
2855
1722
57170
2660
1869
6588
1420
2228
1182
1312
61978
18323
2871
3562
2041
2013
2439
2090
1842
3500
1559
1186
2651
1439
2415
2049
3826
36868
1818
10444
1461
12569
9713
9363
1760
4597
3544
21696
6401
2138
3001
5447
2223
1240
3877
2885
3104
1682
710
40875
2631
13369
14761
1759
1949
1521
1722
3238
1629
1836
20386
2217
19853
1900
2973
2486
984
3387
1947
1728
3321
8258
3273
2036
897
2149
2331
7828
1708
1574
1356
25344
2518
3255
2641
864
4417
9365
994
16461
1068
2771
1921
1827
2731
2452
3075
930
2307
1748
2062
2026
2920
1019
3329
1881
3477
957
2688
11646
2915
1596
2779
5800
1318
2706
11204
2175
16864
2727
1276
3566
2832
25897
1955
1025
2740
1749
12905
815
1439
2728
837
2811
1868
2092
7982
2551
3552
976
2170
2333
1198
1388
1492
2358
1141
25800
7339
565
94526
2688
497
576
2461
1032
1643
2525
30196
1761
1959
38834
4629
4461
3589
1785
2623
1754
2234
978
3173
884
1130
16085
16794
1545
37956
11696
37396
1778
1222
2848
2657
2179
1526
1458
1508
1242
2260
2135
15418
1492
1060
4712
16400
1044
1977
1040
17413
35662
20880
2307
6686
3270
2631
3465
2407
2714
8489
2201
1743
2432
41332
3181
1877
2088
7014
1755
2530
2995
2263
1602
1237
665
8281
2506
2066
921
6939
1687
3110
1288
1424
775
3061
1299
1405
2041
3431
1715
11721
462
1609
1617
2573
11838
27438
1417
2436
32297
1040
15402
18305
2519
2552
2136
1849
2276
1349
16167
7697
68090
3522
20453
1945
75616
26018
1153
1532
1904
1874
1393
853
12430
1050
1601
14028
1873
1735
4228
945
2279
1814
64994
6884
1699
1419
1466
2328
1403
20939
2512
18575
781
9767
2542
1279
3952
596
53771
2309
36173
2809
1961
89248
1305
973
2057
2703
2230
1476
18127
17128
1015
2984
2072
2017
3108
2123
3506
3046
1832
19518
1638
2949
937
1769
12020
859
15378
1701
2027
2982
747
1250
2466
10805
2802
1891
2542
7397
36045
4141
1462
65706
1537
1987
6885
60774
36400
2667
2235
1206
2627
2620
2664
56569
47684
2202
1587
41429
2401
1931
2045
1288
6505
1640
13820
3402
2329
2721
4751
657
32423
2500
765
5913
18362
919
3051
1952
2924
23435
1715
2365
7044
31986
2602
9695
1783
1830
6320
2587
18087
3061
1572
2037
2573
9370
1843
16995
20474
2296
807
14515
1704
1464
2193
2876
1717
2018
2913
2232
1774
2987
827
3030
1962
2802
3605
18860
4173
2572
2295
20927
1666
31075
1401
4889
2095
1252
34713
2004
11546
568
1658
489
55679
6878
5525
1155
2958
2200
2364
7556
5807
2185
2001
1239
1769
1636
2532
15520
2816
10152
2566
895
1464
12691
6784
7990
35757
1006
2928
38758
974
2594
15344
26142
16820
7142
8779
1692
2425
712
1767
2551
1012
1897
9365
2798
23231
2861
2251
2980
3465
2152
1419
2087
83734
2935
2675
1442
1292
2200
1760
2017
2078
20887
1193
2938
1646
3361
2651
1089
2340
2837
1552
3382
2728
1836
2678
14640
2504
2160
17109
17256
3099
2431
1606
977
49446
443
2543
2579
2192
3602
51716
1989
2367
851
2591
31557
3834
39496
32252
15789
1237
2219
19574
3172
925
2781
4321
16254
17214
575
2007
1659
614
3287
3791
9643
1472
19616
10966
2168
9276
43100
9303
3493
2392
1537
1533
36665
11555
5169
2416
2755
2745
785
2146
50639
15176
11950
2134
1177
6863
2666
1402
45081
2499
2226
9467
2631
2545
19552
2320
9078
2616
3218
16384
2150
573
2945
17074
965
1529
2439
42705
2059
13298
3658
1852
24822
656
3234
20149
2553
2505
1768
486
2264
1961
22831
2906
3967
917
2591
46727
44056
4353
2077
1161
6999
1783
2127
28305
1897
3505
2779
2144
2144
20143
1577
1965
2198
2266
2232
3651
2007
1263
4045
2543
12099
1512
675
5888
585
1053
1224
2628
2665
29961
2539
704
2845
2225
2292
1710
3194
1345
693
1993
8241
1877
556
64366
2253
3030
12693
2721
10105
2332
1894
807
2028
502
1255
2292
3073
12775
1834
714
2339
1341
7188
1807
1008
2481
1697
4758
1527
1883
8563
3913
2329
37210
3192
892
4556
2398
3348
24861
2322
2620
2621
2372
2334
9576
2843
3198
2774
33556
20348
36273
2068
32995
1932
1692
2404
1186
1444
1966
1235
1371
13899
3308
2969
1985
2937
22718
622
17720
5960
10872
1210
10665
1535
1724
1513
22226
38501
26727
1291
10822
4407
40774
7586
2105
1814
2175
18634
17909
1734
2273
9091
1647
1366
2315
2415
3718
1422
2190
1631
1877
1373
691
8123
2360
1427
4297
2200
2235
8355
1038
7774
32095
13865
6698
1578
2071
2360
2890
2040
3676
22471
1444
1931
85641
3060
1681
2341
2584
2755
3798
1632
2349
894
1063
18742
1751
2316
2672
24945
2659
867
2229
6003
2838
24222
1649
2282
1659
7424
2733
1538
1911
2981
22323
2601
2670
4816
1874
2034
24029
1296
4490
10449
2391
2403
3178
24698
1331
3270
26726
3671
7339
6104
2064
1607
773
3215
1829
2219
2501
2680
18876
34141
17684
2076
1072
977
2308
2354
851
1841
2572
5914
7839
830
7719
2041
39627
1742
3403
23816
1805
1703
1635
12826
22238
1801
12563
1528
16291
7918
16538
2861
18424
34948
1915
4675
860
3191
497
2208
1698
3593
1298
2424
917
3215
19284
3943
2011
2290
4226
2097
8685
54733
2153
22490
1803
3470
5317
8173
3163
29824
2089
1765
1701
3004
15892
2200
4205
4054
4746
1825
14235
1492
1853
21380
2513
20180
2114
1705
2095
2552
1158
1708
2570
3372
1864
1963
1347
805
3178
1836
3530
1492
2113
10950
1491
36299
1170
50348
1399
9154
3225
3442
2405
1858
3814
6056
1187
13696
1795
3862
2826
31127
2007
3522
46265
2825
46497
3855
41104
28146
3574
37873
1002
1872
1634
3169
862
3790
1785
11684
1438
3098
2346
58077
3390
1381
12915
3789
3523
2209
24351
2439
2534
19101
3927
8014
2321
2231
1289
4148
1500
4554
10226
1260
3295
72093
3464
2772
1093
2455
5013
1897
11067
1323
2620
1116
993
72295
2029
1906
2950
7016
845
12411
2071
2444
2278
3083
688
860
2790
2882
1973
3891
1221
2197
1618
2688
2227
3174
11169
1989
2080
1854
2374
30585
20713
1604
2263
72593
2307
3209
1838
2165
31202
2176
2557
1118
1826
2828
4356
2836
1421
2665
2558
2962
1711
2879
79618
2597
2318
15543
8144
11043
1434
1889
42721
9171
3387
18334
917
2428
3070
3049
5230
9886
1729
1693
26408
1906
1011
1906
2565
29905
3438
2316
55712
1473
1928
9231
3317
1901
37712
8142
1228
19586
26429
2038
1755
29509
15493
3414
1481
36050
786
2960
17241
3161
38479
1597
1829
2371
8111
2762
833
3121
2665
2061
11335
2077
743
2101
3803
1261
2009
2200
19118
11837
2382
1585
3602
16641
1370
12636
19732
3187
2139
17336
23909
2856
1175
3023
10278
2384
47046
2272
800
1848
2439
1421
7248
1634
3683
4927
3508
2033
72815
57710
18528
2563
56692
22287
1193
2838
527
4519
4640
3538
52930
6370
3572
2558
52926
2211
2257
2238
1911
1012
10343
785
26874
2002
1591
773
1367
25830
66010
3007
31494
4001
2134
2707
5210
20207
9344
1774
2139
1999
17380
1414
3676
15679
32094
5296
981
2412
2629
90821
1312
3096
16788
2527
32914
1417
16801
20156
2312
12995
1395
41371
1874
3197
2434
621
47830
1739
11228
2449
2435
1478
3118
14788
3990
16814
1452
2280
15199
7326
2820
12602
2342
4134
2512
1167
2745
2337
2513
2499
1853
29254
3244
2269
2322
28118
4053
2155
1119
4342
3130
37076
1373
2469
2213
2456
1813
2087
2456
14354
2810
2987
1624
1901
7614
5564
3063
1731
18533
3018
1804
10070
2914
3873
2489
52839
2454
2268
33406
3015
2546
84555
2028
2715
15416
915
1388
999
12089
3335
2074
8164
1437
1992
35669
917
11180
3302
1530
2749
3140
3358
7979
2007
2931
20820
28807
1155
11227
4627
25252
13190
22551
3447
8455
1920
3521
9846
2759
2507
1073
2367
14153
2910
1331
512
1898
1462
5735
2721
2542
3388
2699
2496
16830
1999
3970
1940
1732
1817
2299
1605
2588
1212
2705
3344
33383
2753
2132
1994
83315
579
2456
2468
2779
6343
3064
2475
1441
1809
1725
1610
2147
16487
31756
8228
2489
1629
1966
1447
1190
1582
9034
7759
505
19313
2027
3494
1216
2533
1530
2163
2428
1888
2668
983
2386
35547
2863
3037
10061
16120
2529
2708
6075
15455
2124
3140
1912
991
1229
992
3103
2442
18049
2380
6264
931
880
25855
1784
3063
1656
2963
22935
4362
1501
2231
34855
857
3241
2625
1804
2754
14136
1391
8329
3498
1294
1501
18502
1636
2645
6956
2300
6979
3415
2620
2741
1903
1743
2381
2794
2412
2167
543
1448
2302
859
1602
2773
2560
667
2108
3064
3485
7194
1486
2051
5190
2994
32316
1917
2394
5706
2666
3369
7372
3828
3029
1458
29491
1725
21980
3120
1133
1237
1437
2625
1812
3239
1076
2676
1188
2103
1219
2160
2614
1409
2131
669
892
1701
2178
2509
1684
968
11641
2512
2723
2961
3307
1757
26671
1829
10026
1606
1885
43966
2672
28407
14233
1491
1695
1618
1251
851
49147
4199
4412
10385
24420
6562
4346
3041
23256
1447
1336
1912
11436
1046
2562
2292
1944
758
14623
3752
1954
1822
5404
809
19516
3812
1808
9523
1987
19518
11919
1779
3028
2767
3454
1840
3139
1884
1993
1055
1867
3683
830
1064
1508
1942
2181
2091
5475
36172
2106
9224
4008
1868
3506
2535
1832
23175
3775
2521
2425
1897
2805
1100
2361
2626
3465
2169
2642
1400
32453
15355
2116
20825
3083
1611
3583
3133
16055
2690
2847
683
26126
2057
1440
20821
4611
7250
9922
9790
2881
834
970
18509
1405
845
8327
1461
8051
1554
1416
7344
2177
3125
2195
1842
1890
898
2349
2583
12518
1983
2363
2202
15825
61932
1851
999
1730
6985
1157
1504
4643
1158
2175
1365
2993
48532
1583
2671
1159
11370
3495
3634
1017
11496
1298
1162
2861
723
1554
1973
17654
41738
5459
121729
1428
2067
2130
16294
2408
3328
2900
1936
21718
2109
1779
1717
2692
2912
5174
2041
26865
2266
1675
734
2245
31839
13815
10384
2375
2002
53340
1517
3655
10650
26779
3220
10953
24324
1246
1025
14327
1323
887
1308
2094
1775
1589
17351
10383
8504
6943
1567
30904
3919
22560
27361
3015
29584
730
8827
3132
16558
2863
2688
10114
2449
2064
1236
2976
1211
5739
64282
11663
2605
2405
1010
2749
1243
1993
1661
5378
12446
51543
30481
17957
7729
2333
44897
1726
1795
19175
10320
1882
1910
971
1490
2866
23287
10245
3171
957
1940
3438
2628
3492
3278
1834
3778
3487
2229
3526
1420
2500
3695
7029
3709
623
2279
3147
2616
2913
2750
2440
2664
18272
1061
1826
870
3359
4386
11837
1754
7403
10798
3083
13972
41975
1606
3504
2353
2426
2791
26813
1385
2340
940
13602
3766
24542
38806
622
3059
3004
30858
538
85361
21970
1662
18987
26650
1828
28253
29956
8067
15476
12239
2741
2062
2425
16749
8585
3050
1486
2230
1353
2168
1358
1205
3176
2696
1711
1187
1674
2282
3831
1229
3306
2230
9963
3728
3757
2697
22680
2695
3724
1848
9036
1852
1494
1138
10928
2311
57380
27725
862
16139
686
2161
19064
20576
3647
46350
1359
2690
3455
2171
3586
1273
2320
2574
1989
2018
3900
2345
19555
54311
2397
3493
24201
13808
41181
1336
5468
25377
21834
2221
1057
36070
2034
2105
42070
55000
1703
1325
21070
17224
47229
1126
9234
30934
2306
975
2055
1361
1581
3097
1320
1175
2916
2231
2407
3002
667
1992
1707
3586
1232
21832
24546
5372
2528
13767
3603
1547
1611
3767
4973
2267
19559
1580
2255
1348
11427
10988
2726
4013
2334
1986
2415
24613
7052
4919
60529
2886
2173
2802
7672
3552
3016
2711
7604
1101
845
3327
2349
734
15418
2229
1485
3857
74058
2300
2284
3386
2203
2102
9836
1525
5941
14168
2048
3310
1416
949
3752
2661
1503
46360
23576
4509
2604
2373
2992
2366
2092
8726
3014
2707
1620
77426
1517
580
3587
8644
33224
1852
1359
41541
2699
2657
1601
2340
1990
2544
6157
1608
2558
8297
1552
1743
895
17259
1779
2038
2477
1454
1601
2934
42866
1789
3109
998
21940
1503
1273
4170
7354
3259
1102
1600
1650
3016
2791
2761
3752
7105
3390
1683
2642
2252
2216
1679
2589
2857
2535
12676
1891
1619
21085
5638
2090
2405
2520
2702
18002
3347
8799
1017
1112
2187
22191
1613
1985
2022
13261
46120
3141
2486
3876
2222
1901
26193
1669
23525
1645
1315
34214
15042
1351
2988
21429
1807
13370
28353
44168
2803
2646
1152
1874
1131
2488
1413
2074
35833
2919
3505
1480
2658
1028
4714
1789
10823
4132
24249
888
2050
5866
24179
3141
2810
1802
2288
25115
8621
54669
4477
1216
2247
1360
27909
2895
1938
32815
32872
1457
2297
820
2551
1290
18449
2635
1942
2877
1970
2007
2285
2383
1956
3871
2636
1611
4247
2345
1938
3622
2447
2644
2580
2671
6827
2668
1326
2891
1575
37664
18694
1878
71813
10160
2445
61399
2079
1654
955
3745
859
2229
2406
2351
3785
25782
3061
1307
8631
3897
2017
836
2109
2620
2364
12995
11811
5360
2325
2212
1802
3442
3174
981
1400
2519
1629
4726
1603
983
1408
1177
441
1028
25704
2777
2647
4087
22929
1600
2089
3009
9750
3027
2395
26976
12591
2213
11844
2264
16123
1376
2547
17872
30426
1494
1570
28318
1199
1431
2485
13070
51608
6799
461
5606
21495
49578
2941
2470
2294
3530
55723
1028
10483
13549
3289
1853
2671
2343
1461
2277
10981
8298
1257
28566
10183
16797
2076
979
12348
4136
1455
1577
3151
31239
2259
687
1492
10280
2405
820
3416
880
1723
1836
615
22950
2098
1956
22680
38765
21581
668
1527
1849
1392
1563
1803
2591
1996
2756
4506
903
20679
1424
7228
22892
2530
2331
7173
2038
1251
1753
3280
2820
10269
11247
2930
1167
1833
6324
20294
2614
4238
1995
1553
18523
1442
2834
1547
2949
29389
2398
592
1864
2167
17615
2250
6952
2123
1916
1870
962
1398
19369
1935
1542
2054
5441
641
1690
2031
1899
4494
2699
37152
19753
1978
2077
1066
10926
1573
2219
2479
3906
2229
1556
15892
3760
32616
4338
2897
2522
2198
678
1199
1562
2403
3542
2119
1420
27148
15223
3698
1546
2485
1739
839
1475
25989
2262
2863
2544
1822
3100
2711
3929
1159
2858
2090
1304
11114
3193
4863
2165
17995
2807
2426
15189
1190
2698
3584
4191
17630
1992
2789
2174
48677
1587
2252
1173
11288
10369
25149
7564
1678
2688
1521
39467
39751
2686
12958
2042
1777
2037
2241
1818
2905
103718
1989
35300
708
1297
1531
2149
51901
18891
628
2921
2132
3180
1113
2130
7138
2287
1104
1084
2737
29611
1286
57105
1995
13953
2600
2688
3159
2218
589
3469
3560
3684
1640
1188
2038
29315
757
5284
2235
2422
3319
3146
2690
792
14302
26475
13386
1633
2743
17983
835
2816
2609
1170
2267
3286
1984
1976
27773
1052
39932
58098
13107
1807
14029
16357
2969
3860
2426
765
2057
2465
3339
2803
2529
2458
2028
3879
848
18944
1456
3250
1261
1808
1954
3438
4442
3486
2192
2341
1083
2877
803
2967
1938
1665
37476
1485
3120
2439
1592
2361
2008
21097
1283
40849
503
9651
25455
2191
6548
976
20083
2546
2167
4814
2644
55107
1357
2144
19341
2901
8643
11882
4955
1715
3130
1219
1982
1382
3414
1559
2470
2253
684
14334
19925
1797
2095
4215
1527
3816
2928
7935
1908
895
43602
1109
2491
862
2181
2155
1801
45089
1761
2181
1657
1963
2437
3609
1887
1945
2265
2628
1477
23053
86161
2121
1363
1725
858
11041
1268
857
25891
3312
2375
16830
13594
26647
2075
3341
1802
11076
1385
2706
2242
2862
3178
2002
2109
1904
15449
1312
1773
1440
1424
2348
17262
2216
719
32183
19485
36049
8157
20212
2870
6713
9558
2759
12699
24967
6159
14022
92776
1884
2231
29512
2994
3382
2746
2773
1055
2340
1161
1971
2237
2091
16566
2690
1701
21906
1747
3760
2428
985
2498
22452
1011
9540
7876
48166
19604
19864
2061
2800
15661
2112
1157
2184
12583
2666
1233
37485
2444
2515
2635
1433
4330
3038
3478
1954
10456
1354
21870
4720
979
104392
711
1132
1431
2980
1750
19961
2738
3842
591
15177
2627
1655
26679
3341
3312
58494
31217
1583
1614
7175
1304
25661
1162
1561
3570
7737
1684
3462
2370
3083
4584
24968
6333
939
6550
1949
3741
1903
51807
10507
2777
12186
16639
8403
3658
1241
2280
2323
1557
2435
28290
3337
2586
814
1934
12487
3010
2869
3272
2028
2347
1064
2317
623
12222
1558
2023
3178
2704
1750
1915
14797
1824
2594
1598
3763
2574
2597
3299
1446
1823
3386
1531
2545
1745
2046
5318
2425
1790
23598
6816
1174
1740
1968
16793
12147
2128
2090
35315
1997
10288
1657
15681
2079
1152
5616
2554
3767
2833
1961
3307
1897
969
3217
2529
932
1835
907
5310
6428
2587
36728
2239
29785
2707
2961
2145
501
3339
8698
6810
1396
19938
1277
3146
23556
2622
3600
49082
1992
3433
14238
2810
1981
13123
1084
5741
1783
2358
12304
2460
580
2986
2053
1271
1471
2891
18360
2448
2777
3414
29211
11381
19943
19768
2175
3350
2310
1955
1649
1681
1197
1780
2430
3371
14625
12289
1026
1685
1656
1962
3823
5185
2318
2069
2733
20817
40844
1100
3277
3515
1130
2489
924
2745
2443
2398
2219
1087
3016
2170
2688
110579
6308
1780
863
805
8906
3852
3919
29888
850
25850
2715
2095
2094
1250
2595
1425
857
1853
682
2685
1777
1673
2910
2292
2202
11781
1835
85029
4363
2221
948
25869
13993
1800
1850
2322
2804
34661
6134
2786
41701
27379
2394
2094
4540
2526
2494
2936
7643
2402
1555
2353
1984
3711
12859
5728
2711
2334
18048
2027
1136
1083
31980
1010
962
12871
12506
908
3818
2036
21115
1444
48899
15785
2584
4635
1997
1935
2294
2075
31598
1339
985
538
3067
48359
9973
3006
1157
1892
2397
1709
8241
77338
2321
11980
3401
2075
1878
2319
1946
2226
6696
49235
2439
19985
2266
1240
2713
2578
1018
63728
1885
2988
2942
2061
1865
1531
2829
1435
60033
2164
39842
1355
1256
2204
1149
2983
21260
2729
10258
2109
1499
22858
3331
1041
11452
15400
3961
34305
34206
2229
1997
1039
2375
28470
1228
2595
973
8665
4373
4044
1740
1941
2978
2556
22912
1242
1858
3009
916
3350
2841
23439
2067
9780
2132
1359
2696
1127
2500
1634
550
1409
1903
3810
6297
1781
27566
2807
22094
12436
3623
3575
2554
3310
17262
1797
994
11343
14618
5303
2388
2172
13306
1650
1733
3593
2266
1870
2491
7524
3151
41980
13318
4432
2410
3568
58228
1626
9680
17702
2747
80977
1361
623
2032
1756
1301
2258
1310
16975
1823
1005
1629
1904
1592
2952
11375
1664
1445
1967
1348
2528
2405
2978
2301
2670
3225
22585
908
1686
2452
39408
1819
1221
1308
9449
3693
2174
3324
6335
2847
1855
1152
58338
2080
2679
977
42060
1933
14428
2397
2499
1283
1690
24269
2068
22136
3805
3213
28738
2379
1471
3086
3202
1112
1901
2286
6960
2781
1329
779
2314
3747
23376
1956
3436
2109
2365
36474
18904
2362
4991
11713
2674
4365
1601
26424
2573
1999
1137
2197
1945
1918
1140
806
1644
20342
2996
13875
48222
2392
2836
35186
23356
1845
3133
2587
31780
1000
4838
1411
36898
13925
2396
1417
20884
1110
27781
2505
1859
2622
1167
2315
30880
2296
1421
6305
2064
8143
2154
1738
531
4042
98102
2305
1588
1758
2017
1601
50304
3257
3327
9393
2131
949
1802
23021
6385
2434
1095
1719
2243
2525
1760
2447
29127
2753
1962
3145
2678
48073
2202
2436
2229
1956
2364
2968
2337
3850
16346
6334
14339
1151
2578
948
2575
7349
10621
93442
2399
862
2433
1539
1774
2384
10045
1177
5630
639
9519
3153
4736
3669
25646
2560
1173
1105
3434
718
5777
1174
7577
3978
903
910
1642
5607
57845
2611
6382
23538
2763
1532
1278
29475
17017
35544
3087
1361
9277
740
1791
946
2394
20946
1035
2191
1857
1935
10989
1964
25948
1860
2509
32041
7074
3455
6670
2071
2886
2580
3516
3516
2653
3822
743
2787
56111
2521
9320
2745
2194
23712
3203
1061
39224
10594
28231
2610
1379
2407
1447
27994
3943
551
43834
1482
1481
32751
1616
14653
3507
2029
24252
3126
2784
14148
14504
2105
1521
2624
89490
1078
3324
15070
2098
2870
35861
31453
1224
2144
3051
2301
1104
2993
2458
4813
32196
1101
13885
3524
2193
40315
28478
1881
3528
1648
65954
2082
3590
2151
21389
2420
1071
2329
8925
3224
3737
1963
19709
1274
1641
2347
1473
4733
19470
1492
2771
1434
1614
3985
1443
18338
10013
1968
3979
1288
29964
2388
9813
3434
16177
2452
2102
31417
2797
18373
1519
2995
2463
2476
1596
1750
1945
1463
49305
1761
1282
3373
1428
6998
33598
3117
1819
3560
15036
2997
8048
3064
52388
11509
2776
2916
21748
2515
46676
1909
1993
1740
2044
17022
35888
1818
1217
1403
2205
2336
3720
1660
4640
1245
1036
2771
1993
2515
2720
1676
2475
6137
1567
1840
7783
3560
2358
29992
26320
1592
812
8167
1194
2112
1370
3038
2733
1865
1932
1480
3342
1507
1216
1768
54035
12679
2883
9330
1547
1955
2064
1316
940
6949
2886
744
827
2139
5256
1876
40842
1503
1775
13398
3188
7469
2413
2990
11408
1769
2321
1911
27239
37700
4316
1567
3275
3317
2105
3025
1341
10053
7630
1792
7549
24352
2163
2634
1596
12674
1628
612
13334
4760
1841
1287
3526
3108
5000
635
2625
3579
2114
1629
8031
32634
4482
3052
3081
1346
4899
730
3484
31309
1231
341
1475
5510
3089
15124
721
12800
1995
13415
3635
2570
2780
2969
3182
2507
27635
1454
52785
1882
2016
2094
1215
2628
28582
2021
2653
1192
25264
2935
2277
2112
3144
1362
44067
24976
2132
2669
1803
1803
3445
4660
15419
2449
1592
2117
2306
2423
3995
11100
2187
39946
2708
40850
9740
1872
2282
19702
1965
2438
2513
2047
2982
2995
923
905
1242
1445
2693
3313
1452
23891
60389
419
1336
7599
31174
2380
1977
2057
37951
2280
2881
2716
2411
1601
2042
2753
2311
1865
4069
14395
2633
1811
22136
25055
8996
36945
39104
2229
2992
2561
2489
2679
1338
1635
16095
41780
1368
1696
3412
19905
2153
4432
25803
3088
2370
2773
2497
1207
2260
40828
12249
399
2206
3390
2964
1393
2610
2069
3003
3510
766
3469
31486
12390
1148
12665
2374
50602
1013
1384
4017
1640
1783
400
2581
732
1092
2090
2042
7513
2059
2634
1860
2062
2385
1465
2764
6370
1467
3352
52211
833
1889
1948
959
13249
1468
2453
9173
645
17467
1809
2293
2524
21188
2151
1052
2553
2050
1956
1979
2672
2712
3048
2616
7375
1754
3284
3044
1739
20200
3035
3038
2992
1562
1172
3540
30884
997
2019
2621
1486
4281
2506
5413
10550
11242
8961
1988
1494
57344
2081
29299
1835
2921
6439
2588
1464
15810
2640
2869
1643
28450
5756
2655
3165
10324
879
2278
27794
2609
17511
2982
8887
1760
1268
17351
17909
2926
20884
967
2043
6070
15526
5849
2514
2059
4145
23135
1051
6008
502
1025
4448
1530
2239
1832
56987
2758
1999
2738
47049
2504
49843
933
31219
3262
1142
2155
3377
2735
3810
2914
1279
18143
2860
4922
3326
1894
8620
2035
2381
33622
42031
839
7617
992
2408
33668
8956
2294
2063
2109
2304
10236
1245
2275
13313
2411
3082
14822
8958
2310
1760
2976
2112
25382
2484
3041
17205
39617
2514
44341
1838
1102
9529
760
12494
1914
2125
1779
1584
24687
34573
1103
1746
1886
13824
3589
2733
2808
41964
2596
1156
1050
1566
990
6129
9969
3430
18089
3264
3513
2363
23478
2457
10313
1313
25218
2086
3565
2169
28086
1929
1785
1516
3188
2007
3878
3291
20835
60068
1577
3361
20188
22316
70360
1681
1841
2618
4488
3656
2063
19455
2590
5380
4232
1455
1896
11286
6661
2858
1551
5010
17347
3036
13561
1652
2606
1671
2172
1657
1890
896
1737
8528
2446
2655
37265
28940
19303
22714
1477
40983
3149
10454
2864
1052
13729
2753
1909
987
1329
2936
1774
2402
2788
924
985
4773
1593
36450
27312
3364
44045
1896
993
11060
2641
20980
23237
3775
19936
1767
5345
982
1251
12184
9307
6720
2210
1013
53809
3525
639
1096
2622
2636
1197
12463
2913
2287
9824
2346
2937
11956
1104
40238
4469
1584
2206
50819
15312
12624
1320
1951
15528
667
57370
1963
28259
10512
1316
2710
1840
12695
897
5569
2770
1377
8300
2265
4190
3221
765
8930
2886
2267
3385
12189
6108
31630
1563
345
1486
16323
988
18066
1194
10053
65096
2303
3352
27906
1942
39161
1477
2308
2763
3594
3141
713
18486
1792
3161
1648
2760
1093
1669
8529
9430
1725
3797
2652
9893
3663
41531
1596
7156
41220
2199
22074
35637
618
963
2751
2959
77135
813
2630
2282
3259
1772
27017
807
2453
4722
541
12662
31761
9348
3006
1734
2769
1941
1850
3015
987
2235
2620
1535
27281
1737
884
2639
11743
2414
4395
2898
2328
3694
2118
9694
2810
55089
3304
2467
1920
3286
1400
2312
2814
38348
1907
19761
2177
1104
2933
2960
2540
14027
1333
2614
2908
6996
751
5673
2000
1467
2374
1142
1995
1705
6203
13012
2984
3935
3839
1227
3166
5148
1531
5366
9614
1899
2393
1198
2369
1177
32236
1702
2323
2754
2409
2187
2445
7720
963
583
3298
1391
1209
14639
9746
10716
1811
1409
817
17481
9779
1912
2956
2652
9154
1670
1362
2160
1608
2513
28483
29668
2658
52486
1797
5352
1771
789
481
19751
2556
2241
6521
21533
17777
1558
2003
6117
1689
2975
13206
1229
2613
1442
74526
50908
4313
1976
2089
6944
2050
2960
1786
2521
16984
96380
1403
2069
5438
2507
1287
2294
68918
17963
1464
39826
2964
18217
29204
740
2045
1940
1899
2500
2713
7659
19813
3031
3424
2674
8196
4790
13396
1125
1498
1593
1342
2824
1556
1822
3254
3606
2767
3141
1908
27994
2695
3307
3211
2212
2429
2825
1226
1812
2625
1725
4287
35564
9364
4244
664
32713
2834
1486
2620
1217
2093
1001
1573
1941
1312
1716
40294
1879
2920
2179
1837
58423
2587
2219
59991
2383
38511
2860
21967
842
15412
1739
1957
2131
2936
2020
2048
2817
2568
2323
23286
9716
2435
3439
2298
15648
690
21485
2720
70335
1980
1497
2621
3200
1403
1917
10903
2258
14107
2858
2844
3811
2259
1414
1124
2538
2070
18067
2233
2421
1294
1801
2607
2547
2646
3224
18877
2599
1153
2357
997
57947
1555
25209
4811
51553
2888
1502
1746
1962
994
3002
20658
3697
906
3083
3099
1414
1931
3289
17146
1215
1821
28796
2606
2620
3976
5810
2697
1687
1159
2582
2030
31223
1050
2062
716
1865
1294
9510
752
2486
2221
2312
1415
853
2704
23899
2475
4284
2590
1811
25120
1987
1705
2889
2956
3329
810
3163
35087
874
17481
746
1541
6440
643
9668
3982
1923
19987
2529
3535
2020
1367
2615
1841
14226
11506
25303
41709
7385
730
1433
2396
1076
2565
48488
2697
3116
23103
1686
1968
14376
1045
1813
2294
2785
43102
1495
22369
1742
1473
2595
17470
1518
1939
1382
1544
3327
2242
1490
1788
33537
1037
1659
9428
2019
3226
5978
600
4146
7557
2148
1693
13727
22179
58486
6875
5374
1787
2594
2349
1824
1126
3989
1939
2172
1455
3768
2472
11125
1745
2814
2520
1741
15049
2342
1331
2415
1083
16890
2248
1702
2438
1683
1365
1836
13847
901
1367
2692
1535
1379
68012
1250
65069
14059
1171
64780
1817
2198
5290
2842
2838
628
1336
3319
2315
22676
7973
1463
53762
1182
4064
2062
3082
1493
3546
1518
3412
2155
2517
3894
4629
2588
2385
24253
1406
17083
2364
1401
1070
10640
3524
1476
1519
1994
1081
2663
2418
34393
1637
3080
42018
18783
14909
4410
1188
2000
2150
1733
4931
20445
3100
2452
67653
1614
929
784
2837
2447
2469
6458
2082
2426
6341
3072
32076
3226
14586
891
2668
38659
44050
3577
26948
1784
2080
21334
1811
1923
769
1964
1006
3597
1916
2081
3221
5013
955
11271
1919
529
14552
2298
2863
2330
2131
50391
28099
1722
18701
2078
2498
8736
1597
4591
2487
1370
2840
1283
1299
2968
28434
1817
2655
47856
11931
2535
3068
1921
2591
1663
1919
11826
1516
1889
1972
16607
1780
1030
1037
1517
12187
29459
36183
3449
1616
8839
1678
18058
1956
7011
2138
1332
8021
12059
1781
42209
1572
1122
1099
19892
3196
1780
3739
1757
5170
1823
20769
2800
2239
3322
2275
7041
23453
1485
1832
2013
10096
2289
1561
12898
1175
12738
1491
1981
14045
86261
2797
1796
11637
2713
1551
2685
2346
1559
3172
25364
6950
11051
3049
3197
11563
1229
3007
2265
4156
1680
17704
4086
663
2013
2329
38448
843
1633
20490
2304
962
9085
31427
4652
2110
17579
2154
39428
2738
3544
2652
2535
1483
1185
2325
15355
2117
5472
1320
14090
2240
2929
28208
1712
1883
697
54967
2995
1547
1144
2697
1610
15879
43842
1707
1586
3171
18398
18439
1034
2824
15746
2249
1347
1370
10183
2361
8986
14547
1392
2027
790
20294
1130
3066
2617
2793
3404
2965
2576
5138
1203
2245
3027
998
1730
15486
2330
10974
2832
2928
69907
2281
2806
2948
1440
1671
16585
2672
3629
7080
38232
2702
1388
5405
2154
1324
2596
2047
622
2045
1282
1775
2527
3084
2390
1249
2256
42273
1197
2890
11146
2675
3360
1302
46591
2377
864
2207
1557
637
1267
1609
1540
2231
22522
3102
2339
1574
40861
3201
2454
1975
1503
16531
2125
2183
15974
5414
2033
3054
5657
2696
1641
1799
2299
2108
16815
8602
1251
2327
12149
2827
1620
29839
2138
28996
957
2411
2181
10614
2804
96022
1104
7583
3312
21754
2463
2242
2129
10419
3023
9808
2021
2367
49765
1926
14711
55664
1409
2480
6363
15345
21937
2902
2084
1855
1606
1841
1249
2992
1792
1281
1532
2124
2249
11779
12066
2125
4263
2689
2072
2861
2023
2728
1947
59431
2210
12554
1011
2265
1913
2815
