938
2317
2333
9984
18315
1027
2611
1514
2244
1812
10975
3031
1916
1763
22678
96340
35700
3091
12198
1521
2219
6356
1917
8578
2004
14967
1994
2387
2193
1539
2357
28626
3169
2018
11090
2107
5895
1625
5520
25990
1750
25275
2776
1758
6780
1572
4801
2332
1713
2835
2117
9302
42802
2494
2377
3516
2422
2012
2267
1551
1742
35833
3053
2933
603
2527
1672
2570
4064
2161
2093
3206
2809
1184
886
1071
7231
2930
15132
16115
696
2285
2033
2893
3312
7578
21618
15344
6812
2267
2938
2753
49491
1900
6197
2653
3455
6856
2722
9064
2036
2271
2488
2981
1004
627
2599
2761
1359
2477
20214
40973
66678
1611
2158
3320
1479
28283
2237
16124
28109
3108
1916
2296
9630
1596
3350
16353
2964
1997
13092
1956
2118
2398
9563
25010
49736
923
26546
2839
2841
22428
17281
3209
4069
956
3650
78617
18027
1023
12731
2402
2623
1368
2768
3220
1918
1973
1735
2783
2435
2060
2733
3634
2165
10638
5936
2467
2401
759
1624
1773
5082
980
5419
19592
3712
3756
2330
13136
1385
3718
1937
3319
3127
3896
525
6106
1956
2545
20328
2305
95033
2427
18447
3319
3755
1527
2524
2994
1859
2393
2192
3394
1756
4111
4764
2451
1294
1187
3427
1335
3789
2339
1242
22993
3003
2339
1076
1040
1558
4604
2432
3021
12199
2796
4291
3478
16514
9272
35082
11015
1248
2936
1965
1659
1277
1886
3661
13518
1715
3915
3929
2610
7032
28472
1666
3138
2227
2390
1884
1704
19576
992
2746
3407
33819
23649
1371
2959
2952
64906
2424
2204
2344
2771
2843
1057
12003
2771
1092
1358
7321
1029
53568
1597
3832
1973
2122
71835
3350
11880
21688
1081
30977
1773
3178
3319
31158
3131
21575
18157
3402
7524
3510
3254
2726
1401
2665
2139
2544
17670
4744
57364
2983
52107
6093
961
1147
1526
13953
2527
23458
1711
1703
1904
1566
2754
2395
1495
1561
3486
2285
1972
1240
3143
1319
32901
1795
10107
2977
1210
1352
2618
2489
1222
1407
2613
17319
1422
3279
5506
11462
1003
29657
1987
1607
3649
25731
1162
1551
2401
3643
4941
2144
24397
3024
2330
141823
1672
2582
1689
25282
704
1527
1007
2341
2337
3158
9934
6212
21341
28964
1415
1768
1530
1260
2022
12331
1934
3733
1799
1360
1692
2919
4435
1686
1096
19250
1189
2234
2781
49788
3030
2034
38104
2113
2957
12735
2679
2097
5273
20108
39141
1674
31004
22517
4013
6102
764
10713
2591
2837
13274
2525
3669
2644
2031
2204
3888
1843
2723
1130
2902
15561
12509
2307
1672
29961
2618
2537
1974
2670
1986
2732
50348
1428
2801
60956
6827
2393
1520
3159
1293
1964
11436
2468
2639
691
28242
56641
6168
62251
43471
1848
2122
2569
3153
21489
70650
8859
2825
2320
4207
2984
1507
1658
2485
2133
2568
878
2726
2678
2597
2924
3470
3844
1853
2621
1697
1950
1621
1757
2506
26950
2048
1501
3581
1957
3212
3360
3082
22898
1968
2422
2975
3645
1760
10666
1551
3532
2391
2860
1682
2360
29974
6868
2722
716
2938
2190
1867
918
2646
2679
2782
7068
2287
23428
1336
420
2095
1722
17099
7092
10996
2226
3116
1090
1489
5583
1395
1433
15982
1700
3074
10063
30143
694
1639
976
3736
2124
1241
1019
1849
2134
5206
3927
1639
21964
2239
1890
1981
1177
12991
2637
4927
2917
1137
2855
2204
2734
3502
1476
2258
2366
13755
3642
20441
34997
2785
2398
67342
1222
1104
1907
55318
1460
2275
19954
849
2431
2141
3742
2479
2024
1867
2181
1645
5417
1788
3257
29749
17126
21457
1264
11541
4607
3306
42138
6504
2929
2206
23786
15121
1949
2392
1601
2824
1058
9331
76857
987
2227
2033
9604
2096
2365
46434
2841
9691
1891
805
14238
2216
2365
1579
2910
23768
1124
1536
2100
3486
3776
34132
2019
45916
1853
17722
2514
1002
1882
30785
3781
2825
3554
1809
771
30552
70411
22367
1343
2738
12497
1217
21356
4011
824
1445
115911
2938
1567
781
2058
1806
683
1529
2493
30876
1117
67180
1608
38237
2157
29608
2833
14619
2681
71877
476
2312
2671
31867
2147
1364
1608
2275
2411
1958
36871
3424
3009
9907
7769
17765
2484
3331
1764
2100
69839
2144
6233
2543
1159
1487
15486
2647
7408
1909
24829
27170
1863
3016
10495
3157
93065
1045
16597
2135
1263
19064
1641
30439
9930
3321
12793
43747
2959
1348
30583
1475
1526
1810
2635
18008
2191
2837
2594
2357
2804
21679
904
2499
1560
2695
58172
3962
2240
2620
1595
4548
3093
3503
1866
1555
2137
27944
19891
22845
3083
50931
22163
7823
20882
2079
1919
10130
2289
2553
809
2878
1454
1124
3133
2635
2367
1065
2056
2215
942
1690
3390
3142
2416
1156
2551
1689
5231
901
2761
3476
9110
66969
704
2672
1629
51897
6800
3075
14508
2775
10846
8805
2539
2978
8842
73928
807
918
2022
23195
1992
2290
2412
2091
2452
4204
16821
3423
16355
2914
53067
3204
1556
2585
90613
1464
55335
27901
1482
3218
3199
3090
1283
2305
2346
3311
2103
2614
2461
11928
1215
6649
1832
13462
1449
9776
7684
966
3821
1874
2088
2396
6317
3052
1192
1884
1788
43148
2024
2065
1063
2069
1482
3066
2274
2054
1090
2633
3068
33565
1929
2263
23354
1782
22197
2659
36473
11865
1872
2927
704
10657
26560
1422
2832
2751
1276
2218
27704
1648
2067
3576
1794
2302
8940
2570
50283
36561
2529
3797
23541
1484
2352
92227
37947
1847
7743
2600
3842
1309
2350
819
9589
7779
2459
3066
6359
1246
7566
1860
730
54731
2067
2430
3138
2916
2042
3131
1596
1252
1939
66149
13761
802
48538
2315
2617
2215
20243
75933
75530
11683
3669
20840
2920
1813
4512
2367
12202
907
1855
2577
821
1658
1770
3000
1926
3613
1219
3304
1136
2399
7799
1529
2274
16092
32693
4911
3472
1885
2698
6325
2269
748
2763
2736
31402
8758
3041
9475
2215
2087
1749
46757
9556
3162
2388
28387
3859
1560
39401
2816
2398
2347
1895
2458
2279
2325
1354
1712
10611
2186
2077
1278
12340
1627
2108
33796
1538
2710
37859
2042
1773
1844
513
13801
3761
27964
2566
1808
1346
2109
2863
13630
58979
6209
3040
3220
3233
2480
1456
2159
34065
36367
4267
16903
826
562
2433
2664
5068
2932
1800
1433
8506
3125
2232
2016
3229
2232
2330
2326
26260
2453
1339
5324
53913
3150
738
2210
14284
8371
8016
4209
769
728
2175
29150
10100
2786
3180
1421
3062
2050
3577
2675
2449
10086
2907
20064
1783
15586
3522
4555
3646
1599
1505
4896
2746
1387
1775
1800
1098
2625
4667
4034
1752
18364
1591
7069
6502
12777
1671
25395
46899
1851
18974
2265
7427
11087
2853
2275
1536
179933
2636
21142
2459
2015
2910
1864
10125
1416
2413
19055
2627
1548
2664
43884
3755
1944
990
2181
2542
3698
12024
1573
1276
2591
1266
1716
1677
1967
3691
2669
3847
2126
2477
1731
2290
3528
2891
2448
2656
10960
3126
37888
6328
28586
86432
2799
23543
2505
4070
3011
66264
10451
2380
1285
1405
2930
572
39911
582
2577
12825
1123
2940
16542
4823
2059
3536
1933
14010
2713
2316
1628
46230
2327
9853
1933
1378
24268
1935
39199
2194
51366
1295
2268
1438
2028
13364
24501
1955
7665
2612
16042
9276
1950
2387
1022
1533
897
1416
3847
826
2214
2510
4381
1779
1782
3334
1110
1805
21508
23412
2559
1144
123548
1626
5527
3154
763
3052
1543
922
2117
2018
1290
865
1390
2132
1790
2303
61169
2620
25881
3271
2381
2882
2142
10882
1187
26305
949
1090
1546
2696
611
2060
22236
40724
1242
3052
40305
3180
1573
18582
2421
801
1198
2339
1780
3809
993
1813
14076
3917
1832
2453
1299
60061
1263
15250
2487
2587
2744
1437
32872
1503
2625
1856
28736
1377
47512
21872
3305
1924
2251
2854
13999
1516
1864
2290
3757
2302
610
27508
2342
2496
958
3938
1290
2046
1108
8528
795
3287
1090
1483
2225
2574
2112
15720
1371
18294
1656
2114
4022
13224
6648
6629
3698
1459
18659
71824
48785
2988
3405
1351
1531
11365
46284
2073
5636
1143
9700
1637
2686
15173
1727
1990
1949
1423
1239
789
10111
958
2022
5151
2400
1412
2761
1255
16294
1658
2655
3866
2243
863
1689
16514
1235
28244
18920
16499
474
42006
2076
1824
33465
836
9995
5963
1396
2393
2527
23850
1265
2232
2085
2766
3066
1121
2231
2319
17659
3237
2867
2310
1912
1998
8475
2852
50008
14031
34136
2292
904
1403
27343
1343
4331
2929
1833
3035
901
1575
24013
58990
2678
1610
4276
2238
64631
2315
2040
9191
2442
2559
6485
3463
2301
5418
3966
923
15445
2370
3139
53828
2296
2416
1260
10122
2637
5667
1961
46585
2945
3117
25385
2893
1942
3182
2260
4919
3809
2092
2144
10246
1866
1438
14067
3360
3551
102017
1377
2871
4781
1845
4365
2059
2265
2476
23413
96146
2276
10864
1924
3746
54188
2012
3523
1809
40499
1979
1281
9341
2916
1661
13424
2429
2818
9791
26761
2772
2526
2076
2191
2246
2319
2025
3260
3901
2997
24385
2337
3523
1470
2652
26677
1691
3319
705
25885
63550
60378
1113
1712
925
30547
3073
1665
712
1253
2382
2717
3361
4570
30412
1846
4321
1096
1233
2511
7724
3192
2519
2894
1504
1864
13290
9106
22621
9383
745
3065
3917
1955
7200
9069
7477
2768
33647
1900
1739
2111
669
3094
3044
54390
1274
11536
16593
2750
59860
63092
17030
5911
2210
39610
2324
10603
3060
16481
1813
1057
13905
3074
2742
53134
2591
10850
2960
3469
2355
1768
1515
3703
93903
1417
18906
2202
3268
2071
2468
3156
7513
16989
2270
1395
12093
950
16317
28669
1324
22380
36769
3139
69894
2857
30042
3173
1042
741
2782
2482
4510
1825
25098
2514
5490
13097
1937
3257
2745
1901
2475
2723
1092
2833
2041
1346
17375
2498
2956
1376
10101
18297
2178
3125
16304
2479
2316
41222
995
1913
8042
3849
15632
2819
1511
28119
880
5813
2058
11796
998
3835
78340
3014
5953
1633
2516
3698
2278
7603
7732
53133
3490
2320
13609
3303
1693
3443
2105
733
2200
878
833
959
2151
34511
2452
41378
2804
2133
19969
3111
33341
1685
1290
2694
1700
1255
3271
3337
1411
9437
9956
746
2125
2263
930
1644
1857
1809
2416
2173
1303
2449
666
25501
29882
2400
1821
28876
16046
3095
17060
2955
11822
17472
2012
1401
3140
2824
6927
1141
938
1014
742
2031
589
1813
2405
3687
2125
672
1217
3030
18803
1355
4496
1162
1370
8403
14260
1463
1032
3446
3132
8437
3057
2940
3207
2121
2012
1440
10140
494
1614
2405
844
2965
3195
3505
59817
29807
20251
2943
2979
5977
2874
3025
1271
18087
2500
4113
2882
2199
3234
1710
90576
5556
6730
1575
1903
24776
3361
4522
3408
16065
2609
3890
78929
1547
43291
2307
1882
47850
8369
8537
4770
1169
1074
2764
685
2574
3207
3118
2124
2064
21170
48543
912
25781
9931
38406
26219
25514
784
1190
28117
3598
2445
1861
1653
11387
2512
3668
3570
2214
45795
22353
5504
26345
27648
32692
40243
1301
3144
1130
2081
2261
1860
1861
49874
2934
2291
1936
11110
1716
3853
2782
1675
2218
2463
569
36177
3496
1183
2814
2311
3021
2486
5712
3443
5139
3826
2678
1477
8576
7103
1471
1602
2939
1718
1976
2355
31920
987
2196
1681
1131
2254
37393
59072
7238
2036
2962
12630
2039
3620
2094
21544
474
1399
2408
2701
7164
1310
27673
1175
11280
18232
2112
1070
16369
5693
5003
13840
13154
7429
4885
28939
1978
1958
2948
3030
3183
1544
61919
1457
1786
1828
68879
2579
6391
3603
1602
6796
2349
1997
1866
2121
2301
22956
1036
1806
16644
99590
1506
1961
3315
14908
2729
1958
2028
2515
2272
1831
5270
9356
11253
1632
5495
1460
31236
2544
31470
26018
18338
4259
866
3251
1318
9562
452
45365
21382
2330
1260
2002
672
987
2088
3118
21690
7335
20261
1543
64574
10493
1899
4789
993
2715
19166
58711
3383
18789
1039
4552
985
1245
3431
1458
12439
5205
4795
18346
13515
3971
1049
1529
5752
2955
2474
2996
2144
13438
1051
3972
3378
8969
2377
13507
1361
718
3217
2808
3732
1460
11703
33399
2915
5545
1422
19806
2692
1991
1745
729
2015
1191
12850
13911
2076
38509
2427
2688
2725
20648
3658
1766
20133
3534
19209
2397
2071
1808
10899
6150
2866
2594
1264
1199
734
2470
1893
2579
4383
3348
2338
13486
3419
2628
1949
2268
2483
1414
6901
2617
1708
3417
2336
1578
1168
2928
1680
30991
4530
3860
15310
1774
2808
41216
2934
3384
1563
2675
5815
2255
3013
2854
6348
1509
1293
2258
2854
1875
2911
19645
764
6015
2443
2082
2394
2283
725
710
23737
3684
2050
2581
1615
1731
2017
1864
26413
2098
1678
1322
2369
1890
3189
2149
2547
1574
3025
2485
2017
1740
1405
1737
2146
2172
2245
1392
2403
1866
1234
1201
995
3272
3193
32590
1711
2703
40018
1514
4206
3688
2127
25938
1331
37197
3703
21729
3324
12514
1429
2802
16413
1165
2581
31984
1415
23287
21586
2476
2673
1626
1868
3050
3599
3193
20958
2662
1476
2292
7873
1879
2964
2216
876
42442
13092
2346
814
1995
3064
3328
1671
3138
1377
2480
2369
6122
8277
15300
964
2776
23644
1973
1064
2742
2870
2375
23284
2933
3841
1174
8238
749
3361
2289
34409
3627
2032
3105
12747
4559
2492
3445
6454
26334
33392
20163
3443
3722
991
1555
2239
1742
38032
2459
1018
1718
1185
1737
2324
1988
1007
2738
55181
1538
7172
10565
1370
1669
1933
54710
1872
2709
1023
12785
2390
2687
32951
6478
3273
9912
18753
6974
6977
1053
1304
597
11687
1132
17387
2682
2579
654
1917
40184
4118
2394
2532
1761
11882
59771
64276
16795
5131
83523
2161
2830
6366
1262
3544
20867
15493
2514
1253
33467
2925
1313
15071
33317
1537
1625
3288
816
2625
32061
4325
29028
1715
11995
1419
1969
3615
621
3020
2382
2027
13018
2285
1019
5570
8775
6686
2657
1827
2745
12935
4520
3942
2585
2332
3600
21638
3597
1655
10128
997
2862
1834
2385
4049
3872
3771
60140
29038
38370
1313
18263
16053
21132
1086
30564
1937
21164
2236
2887
2404
11954
2004
13713
1563
1452
22918
2119
1402
2046
10284
1875
1894
2802
3290
1492
2777
1552
24413
1993
46313
2863
998
24954
1656
3544
1194
1633
1973
1607
18264
976
1465
7207
2431
1840
16061
1087
2690
7924
2247
25586
790
42207
3329
3974
1868
18531
2435
2446
3473
1470
34607
7748
2325
10139
2012
2380
3012
2427
4209
55688
1218
1770
35953
71222
1628
1117
2041
1388
2063
1825
3052
2811
1240
1565
42017
35182
1200
50568
5574
2053
1254
15316
2135
1809
2446
5909
41489
11581
1446
30031
2737
2433
2550
3126
12908
2602
2151
43430
1990
2537
2847
2053
8938
9801
14017
3853
2828
1830
1710
1350
3025
879
5429
2736
490
1472
2182
2363
1274
3385
1937
2985
2273
2051
1338
1935
1658
44521
2883
2355
2925
2638
1710
23857
2788
77603
1840
32160
1040
899
2870
1204
2357
3315
29981
18612
3532
777
1211
2707
8890
2571
1236
1058
30186
3741
11218
17359
3111
1116
2626
2129
2526
9318
3256
1778
1929
10100
1589
4656
35927
2491
1351
10146
2649
83417
17026
2422
3142
2018
1939
2324
2357
2956
127014
474
1708
1456
1464
1039
2787
2738
1085
3365
1561
2315
9627
27954
2156
1724
8761
10185
2694
3426
39183
4048
2921
3937
2231
10707
2710
3302
4310
2823
15224
580
1926
1241
8253
2048
3758
2206
2025
1249
2203
2041
3327
1630
1622
2979
1206
1153
2870
3079
2199
2829
935
2421
9365
1594
118621
3102
12457
1839
1772
2260
3668
32237
10228
2745
11465
7903
2064
2756
2447
1463
911
2529
12350
3117
4526
32138
2395
39639
2472
2800
3390
2097
3863
2193
1322
2803
1921
2585
1183
15862
33081
2121
3068
2625
2117
4051
3258
5842
2073
3282
16027
13489
1690
25603
11594
1555
3177
2710
1955
2762
2763
51980
3135
2128
1944
1221
1693
12595
3105
13987
33668
1388
3143
31780
2044
3616
2642
74797
19332
21172
3597
2293
2623
2388
2608
33923
2417
2099
19861
2261
960
79676
17728
3005
20536
2027
584
3087
2469
1285
3076
3245
1769
2276
49788
1541
4433
2057
25327
1770
2226
2348
754
2267
1643
2036
995
11083
11184
2559
2275
940
10586
2605
3269
2239
2205
1847
1627
1334
1694
18974
2006
23854
2697
2809
3937
3404
1027
2399
10003
1877
890
3400
1192
84811
2618
2786
13712
14511
2370
11612
5195
27301
8421
2638
2199
859
1388
1283
1137
2454
1909
2670
2736
2925
2101
1271
1438
2243
13092
12172
3397
3127
7976
29693
2976
2045
3518
2936
2912
2592
2630
3043
1270
18533
745
1863
18437
26292
12862
2617
15610
2984
2570
2694
3240
28190
3821
20455
8106
1905
1212
35022
1339
528
2511
3601
1033
8089
3163
6087
37127
33007
970
27800
2338
2806
9373
3409
7387
754
2271
2030
13084
18539
4148
31003
25971
1122
1893
2412
1597
3652
18614
48146
2673
41389
1000
2876
1411
1682
1907
1049
5836
6522
3892
4045
25475
76059
1908
3643
2381
6100
797
1226
4055
1370
1157
3300
56425
2575
3231
1489
3557
38439
3056
2970
1302
2766
15111
35770
1934
1912
1366
2275
5147
14907
2616
807
3096
34506
2416
3169
14394
9678
5137
2824
3805
15481
1404
17868
3826
3617
2504
1526
1884
2067
3047
31118
2680
2769
2263
14904
12191
15133
1381
1828
950
3590
1041
1852
37762
643
2828
64112
2742
1053
2560
2918
18532
9887
24231
5239
2627
4082
2925
1716
9796
39319
13472
2674
3540
4201
1240
23033
1581
933
1703
1313
1658
2468
2902
100032
2028
2270
2448
2806
2030
2500
2232
2195
19030
1999
3077
2701
1123
1926
4130
2272
1641
1597
1129
2309
2014
7669
7239
2141
23084
787
19272
2507
2123
2295
7265
2333
2413
3540
1083
8733
3137
5622
2568
2534
1954
10715
2683
11699
3973
1968
11742
49897
984
2485
2892
3281
2377
3291
3296
1682
2500
2911
2451
31882
48056
1049
1086
90350
5631
1788
1753
18854
2089
2031
5896
25821
1076
894
2318
1196
1225
2219
19654
20944
3045
870
2275
14504
2848
1527
4872
2604
2222
1607
14605
3119
1842
3379
2291
5962
3594
12063
2065
3416
2705
3772
3329
12905
1308
3861
1831
81843
33319
1907
21756
1759
2538
62911
2467
61969
14121
14929
1089
3044
1101
7170
50223
2701
965
3974
1820
1210
4172
13730
3542
39130
61921
6037
2704
3267
676
3289
6459
5351
1287
1345
1100
24422
17975
2143
18411
44220
1971
2023
2361
58851
1467
10056
13764
1082
2414
11763
2501
6688
562
6397
1865
1873
2342
1069
1215
1606
2265
7909
2180
1294
18428
1085
2739
1261
15183
2292
4214
819
14951
30867
2922
2473
2179
3130
10806
2816
2624
2674
985
3119
1813
1309
1862
1894
2875
7053
1834
14629
30763
2380
36290
3723
22970
2365
85296
2662
1943
2402
3110
2801
17682
1946
1274
1945
2285
4126
4136
1666
1442
18150
12094
1889
9198
2059
2353
1407
2850
24771
889
1557
41311
18081
59863
3638
1654
3104
926
2812
23502
2233
2820
2114
2561
1291
3118
1025
28678
36843
1372
14134
2446
2964
48710
3347
1540
37050
1322
11572
2113
17483
3004
67231
1342
1040
3554
2215
20961
3019
9766
2682
26164
889
4040
16595
797
2305
46348
2170
2453
13497
6361
17188
1039
707
2550
2222
37714
2436
23219
20797
9072
1189
54692
1045
2143
1682
3599
2077
2616
1814
1839
2202
9517
1410
2603
1990
2643
1288
3288
2686
2588
13358
21366
2357
2849
2365
2973
1624
1750
16634
1762
8620
2696
1057
4166
22359
1880
18413
36538
22848
1681
2445
1082
42813
19431
952
2440
15830
12605
2223
1085
2428
2001
1213
3149
2074
1908
65316
54276
55431
2267
2063
34624
38051
4446
1678
1016
2456
1617
4269
1667
983
1548
2177
1306
1515
6229
2004
48483
3283
1511
4348
3716
2483
4456
2325
2383
3858
2190
2397
2258
1587
15290
1938
1991
36363
13313
2953
1350
3556
3225
12215
9187
13637
2448
1388
667
3169
2094
15752
1881
70142
13810
2578
2639
1943
71542
4368
7975
911
10038
1286
2168
2129
3531
8907
1360
5818
8599
7426
3296
925
76058
1643
1144
42896
4441
4464
3427
648
1800
16263
1723
810
18788
1991
3080
1841
2151
41830
11774
2237
2139
1910
2045
574
2636
4000
1168
1298
18701
2731
1955
21260
2209
1486
2761
1028
31173
7154
13795
35142
2608
7335
10790
688
21394
2647
59410
2461
1947
1815
2280
13531
30080
8115
1656
1246
2171
24439
2247
50190
2376
30369
1920
2606
399
3664
2778
59567
3990
20873
1752
1507
1929
1864
2096
1385
2135
985
2251
3641
1393
2069
3554
12252
63448
14923
2017
9254
42552
2689
1494
24339
2416
4021
3397
2664
1649
1602
1950
20286
4719
11896
10552
11298
1931
977
5106
1236
1199
3205
1415
1792
5722
6702
2607
1489
3759
26441
615
1730
3195
9552
1394
2724
2744
2950
3067
1405
10618
1681
2193
2024
2856
3157
1994
2503
2196
2589
1761
3660
26074
1519
2222
64021
20140
1881
6265
2485
2723
1751
4482
1685
2442
3208
2383
8079
1783
8985
1602
75497
18270
56571
28408
2212
10115
3134
2108
1115
2845
1964
4749
2947
1124
2161
2997
1312
54601
2256
790
2614
1948
13276
2139
1206
20266
2564
696
1214
1626
17614
1253
3928
2755
24550
58300
2756
2603
1167
1155
24293
3054
3758
16683
4602
1530
2694
1216
2128
1838
3241
5024
3286
2795
1758
5835
12786
40989
2361
4892
24105
996
9160
1544
3308
3260
16572
1198
2653
65359
1495
4765
24406
2809
1647
2908
2806
3721
3308
2344
1294
1559
2488
3145
5031
2624
18782
23082
2831
1366
25007
1412
1317
1619
1511
950
2659
2435
2276
1414
5062
1651
2589
536
5242
3003
14538
14090
26864
2302
2439
2587
1937
2445
29737
2738
3120
687
13765
2990
1534
20843
419
27673
3653
2752
1351
3389
2214
2628
35480
54325
18400
41760
3354
1125
1761
7741
1542
2464
1790
4074
1873
2223
1016
893
129257
2506
1247
2660
4041
1413
4607
1949
19661
3954
472
2575
1015
11888
1338
1673
2212
1929
1852
2422
2923
1779
3913
1890
2501
1078
1769
5849
14481
1393
1780
2930
2318
1230
3291
1545
2998
1840
1221
7319
25068
20134
2888
82205
18281
1832
3228
2807
83927
15418
1947
5559
2233
2246
1305
3890
9735
1626
1512
23569
1184
2484
7458
34788
7458
1494
33098
56566
1314
1214
2514
2415
25620
2886
2738
62151
17557
3862
19337
15808
3389
2258
2194
2637
11740
21693
2372
861
102194
1099
1677
1903
1568
16484
10255
943
1406
1277
2039
2662
1130
1473
10940
771
2150
2514
1845
13106
49332
1542
6353
10328
1461
1199
3576
11061
2301
1078
6857
2877
2151
2998
1256
4546
29261
16915
1774
38393
1819
2520
3075
1107
2978
2688
782
941
21299
1589
34418
3140
3401
682
2890
1968
2315
2073
17516
17002
2367
2005
1975
972
7074
1452
40901
1130
3065
2647
1670
2812
45798
18267
7894
3088
28229
2270
768
2923
1958
19111
2957
1668
5082
83586
3617
2125
7940
2586
14462
8716
6259
1244
1235
2152
22770
1768
796
3597
23033
2186
2785
4179
1367
1880
1832
11050
813
2296
42324
1017
2689
1848
11141
19626
41424
11725
3033
1871
1220
2596
32478
2977
1763
1398
2177
1643
3081
1414
2278
71548
1978
39495
2276
47946
1213
1386
38587
3471
1939
3063
1918
1163
1991
20787
2149
2043
1747
1064
2650
7601
61975
2742
3054
6581
3404
1005
36450
1923
2229
3127
837
1278
2307
2190
22576
1085
9277
2353
4571
2368
728
2975
26900
8861
734
25380
2032
2043
3263
3167
4216
28925
2633
1805
9086
19634
14914
11254
609
3082
2159
54071
48942
7407
1016
4611
1392
3501
1421
50122
1954
3403
1224
3542
1819
43430
37016
2117
2421
39637
7351
2040
1796
2684
1521
8620
3672
1607
3231
10926
847
3044
2835
1828
2461
6457
1823
33485
2233
2201
2165
2675
3320
1642
2160
3292
700
2710
3552
2417
31524
3307
1965
3988
9699
4370
2769
2085
1209
905
3149
2485
5958
32350
648
47694
2105
1526
2473
4329
7946
1027
625
1553
838
3144
2134
19820
3873
2250
1573
2680
1328
3748
13075
2018
1337
4375
2184
820
1991
2453
7018
20842
16587
2112
56908
42245
2259
2348
2277
60107
1752
2658
1735
11663
2137
2561
5782
22932
2565
2523
2398
8234
2486
2798
1072
6533
2282
1044
1713
21832
25735
1549
2446
1977
17384
1650
3452
25948
1632
1742
2018
11186
19813
2815
4027
2579
1145
476
47449
2923
15816
3255
1459
2143
1947
27109
2888
1525
7550
3303
41861
56607
953
2799
2544
1559
13124
2959
44870
33122
2564
1491
7860
43212
1746
1653
1690
2441
3435
2199
1477
25196
3842
3068
4912
3380
2549
921
2224
6962
2415
3787
12557
9555
1764
1234
2205
3510
22311
1809
12726
11294
17083
2091
2387
3354
1833
2433
2595
9753
2107
842
1520
3547
3520
2432
1703
3716
9102
1673
4428
1245
1684
2634
1525
5351
25568
2289
4717
2741
2581
1968
12374
2716
37466
1296
1041
1342
2425
20314
51105
1787
30271
3595
1649
13002
32989
18529
2391
2654
12018
2292
499
16367
18025
22721
25637
1584
3554
5679
1127
1936
1361
926
1191
4495
2254
3097
10740
3987
40537
1185
1573
2530
4473
1873
1637
1469
1275
1012
37601
3175
1104
8878
1676
4014
2859
2784
872
1519
2228
2244
31029
814
1658
2386
1730
3973
2287
11748
16526
2606
35447
2528
1581
2310
1804
8786
1144
1609
1470
13460
2688
3206
10267
1910
1612
2145
3901
3548
2080
1561
1788
2369
5773
3073
2358
2617
2028
2239
6561
10038
8997
9548
3367
17215
2285
59765
2673
2624
2504
1380
2304
41521
4463
2287
1066
1057
1675
45042
988
3277
1383
2843
77882
3117
2360
3309
2189
3029
4134
703
35975
12740
2115
3854
19604
3526
2028
1582
417
1875
3079
3301
34230
32804
1489
17490
7219
8019
1940
14355
1966
3486
1626
1378
954
19790
12757
3563
9023
3142
1414
2358
1903
40446
6843
2484
2679
4350
3947
696
2228
2088
15554
51544
2519
1198
2347
2242
1451
1495
32886
2682
1675
14851
2819
1226
11957
1585
889
1264
1898
1143
2768
1600
1893
3146
2011
2678
53831
2665
3475
31090
1542
2178
2065
2672
10202
18386
3172
2048
2504
11944
2573
7335
5191
2338
2170
2830
1039
6131
1952
2662
5081
1309
971
6292
1546
2151
1591
2440
1589
12482
1980
19084
2582
2419
3061
3631
31603
1328
2077
1861
2155
23181
444
2734
1569
1336
1241
2146
2054
6608
3031
1761
1436
59969
2323
1526
2309
21790
34180
13629
3142
12681
10686
864
1892
9473
14488
1078
10751
2714
1299
3462
1966
23171
1623
2573
4279
7290
1702
1941
3629
45137
2881
2238
8236
3651
5375
679
1134
2025
2251
2904
3219
2404
9126
1896
1386
2947
2859
2181
3989
1860
3496
2567
27319
30276
825
1975
1701
2255
2520
1777
2974
3749
2132
43217
6912
2023
2637
81720
2450
2372
16103
1454
974
3322
2588
2607
2947
34085
2714
1711
1809
2561
8271
1665
2289
2965
5057
28690
3361
2570
3051
2385
93806
2360
2725
2467
1082
8425
10845
2253
2360
2268
23224
1842
1247
3028
6169
3195
2982
2553
743
2945
40121
3389
28900
1672
1800
2222
2286
2225
1958
1525
6733
9685
2027
2602
1094
24104
3826
5876
16703
15037
2242
2535
3574
2532
6103
1075
11910
30934
3834
1464
3327
2639
1126
11359
825
1501
2437
1549
18861
2494
6042
3000
2432
14777
42791
1382
2393
2183
3545
67259
36817
75655
1635
39719
1817
1563
2286
2319
19204
2772
2270
16028
1726
2366
3359
64507
1442
2529
1341
2038
35703
2176
83390
3447
1855
27015
16249
1052
2326
2507
2752
2004
2610
9897
1562
760
14167
838
2286
1271
3038
33853
1474
865
1096
1441
1540
16116
2591
3451
4578
23996
1825
2170
2713
1846
1911
1387
31330
8802
2568
936
40587
7706
9887
4277
2635
1555
30517
2842
7492
2295
2160
11984
1755
8948
7370
18882
12411
22346
2987
2148
5375
2949
18770
932
2545
2803
2526
2013
1017
3410
18414
11147
3685
924
1198
20158
1700
2163
2256
12913
2663
3253
469
5999
1955
1894
16124
2346
16280
2886
3360
2265
1347
2809
1175
7081
6912
3276
532
2100
3145
15117
23595
1246
11171
7462
2991
1654
5692
2149
16751
2898
2734
2764
3784
2412
1564
2518
2429
1773
3165
25725
1707
3422
700
2770
6532
13534
4784
1880
3511
53243
3456
5262
11013
3134
6072
1844
14745
1277
2482
2830
3514
2076
2287
2470
667
9230
4680
2605
6708
22478
3162
28469
2182
2311
3652
3534
1429
1961
54877
1389
28314
19668
28610
32881
9367
1436
2082
4764
1435
1222
48634
38315
16386
2070
2898
2388
4850
1966
1650
1383
1142
1081
1823
3609
1957
2892
9352
30091
1720
7271
2940
37512
50587
37482
931
3164
37298
28741
2711
2277
1097
3181
2289
1378
3843
1767
2551
2164
4776
44754
3069
2333
3016
2950
1127
2224
3559
2980
409
13455
20177
2432
1092
18393
1872
1264
1625
1530
2482
2395
2623
1481
2002
2481
2767
1469
48601
3365
2000
2044
665
1500
1452
4531
1740
2598
18719
912
8673
1901
2276
2501
1678
2607
7190
1787
6706
2110
1019
2277
76024
27213
1935
1332
2165
3047
826
13614
1155
1786
1608
2859
3418
2185
2637
2172
2679
2724
1460
2629
1902
3275
3299
1295
3422
42322
1918
10452
16702
2103
2717
4446
970
5976
12097
633
1293
12926
2394
2663
2505
2036
39190
2619
6934
15479
1808
2625
2610
4069
1782
2694
20526
6238
2111
5370
9960
17641
2439
59912
2190
2192
3106
76196
27555
3350
2141
7637
2380
31416
26522
1239
12626
19665
9180
3021
3058
736
19008
2408
4644
28112
2816
3698
3853
2352
1620
21788
1106
1562
3051
1611
44663
49344
22917
2178
2199
2570
3698
2453
9389
1366
57539
2604
1379
1899
1611
3008
3287
2953
1482
2084
3252
2168
2251
1983
4063
2509
3056
4175
34101
1019
3555
1607
2732
3611
15269
2996
52149
9364
2522
34936
36831
1317
5422
2298
2487
1905
53981
2988
2248
33874
4035
2071
1955
23166
1971
58413
2518
17730
1479
18856
3405
1382
2028
1819
31506
1269
1435
92799
2673
1910
3491
15167
5722
2871
8708
2185
16397
3714
1371
1376
2017
1178
2182
44107
3153
21555
22828
1728
1896
1963
45735
2855
1483
25539
2148
17033
2402
2218
2087
2003
1710
2056
8150
29401
3253
27993
9101
2484
3566
3505
9685
10034
2302
2097
1221
2103
3463
27725
10287
2775
1695
53212
1673
2134
6338
30323
1882
1764
14454
2212
9897
2753
1396
13839
25057
2557
1964
2828
1456
2307
2347
2982
3839
3557
42856
2467
4639
1662
1434
2776
13944
2594
1757
170727
1701
24959
1273
2598
3845
2901
1874
2388
2212
739
12650
2672
2182
2935
2155
28763
1547
1547
11969
1410
19848
2719
32810
128743
1685
16688
967
1297
1895
41001
3357
4224
2592
7526
3677
558
1481
14359
2283
1596
39303
1746
2512
4210
2734
2653
1763
19068
1816
12299
1282
15589
32680
17035
2602
2151
1572
2103
2295
19649
1786
4388
4659
2671
1481
2034
41351
1743
17338
2217
1874
13591
1899
9566
2429
1690
2380
9015
7679
2576
20474
2762
1661
3302
654
935
4535
5377
3241
2350
1915
3031
2343
7919
2659
1418
2324
2611
2573
30332
39565
7471
1515
2710
2709
5707
2029
1793
29990
2473
2101
2938
21804
6224
3197
41573
49307
2836
2796
2817
41033
3087
7870
7478
685
36973
2589
2972
1678
2557
4025
1771
1247
1920
18971
848
2444
2642
1377
17314
13817
2641
45514
2415
27292
2389
2426
2000
1329
1857
2435
1078
3236
1917
1204
2946
10397
58971
2907
2372
2913
14676
2713
2350
4740
13180
2760
59186
1868
3190
1446
111883
5178
23724
1998
28825
1501
1904
4311
14528
2264
2714
1992
1896
2361
1488
675
36359
1571
2140
2176
2425
2330
1836
6107
2802
2784
6580
98270
2123
2132
2195
2351
10816
10205
19777
3245
1606
2296
958
51470
2492
8306
11937
3762
24731
26197
1030
1107
1547
3025
1594
1775
2904
10953
47617
4737
1900
2358
70338
2286
2163
3613
1214
10061
826
2328
2595
15320
13853
12288
3228
3463
876
2521
2308
2333
744
1441
2631
2651
22560
2113
6964
3445
2254
2062
37356
2041
18843
14569
1702
1725
1436
31881
2672
2031
4257
18804
2679
1928
49241
2154
5673
2375
1962
2048
1644
2535
26610
1572
2198
33694
19283
3859
47333
2182
20736
50132
650
2092
14090
1495
1825
2427
10735
22115
27840
2445
1807
18330
2164
4023
1020
2187
1713
2670
1046
1250
11681
3509
1992
2008
2728
18280
2251
2402
1859
2445
1792
2794
1760
1374
3549
1534
1816
3034
1133
4886
1758
649
903
5677
2559
32237
1058
28868
3448
1079
2468
1093
2500
38830
2098
1985
39963
1964
16197
20032
1855
3105
3535
17026
3325
9956
1145
3450
1479
2045
38193
2594
2687
1381
2229
2303
28235
3550
2662
1967
31445
1034
4024
727
3612
2118
3089
2399
1557
2507
3253
2604
3335
11268
2065
6065
16896
64641
9157
2131
1759
18711
3049
2459
8433
2964
2047
1404
3715
13462
12199
2786
2885
6687
2777
1190
1368
1722
71910
982
2442
3422
2493
2043
55796
14494
2867
1151
3868
18646
3494
1323
2031
1511
1870
1816
16547
26019
2192
2372
2519
15960
2411
2099
3270
1201
1941
1620
2741
1038
24232
2065
2910
752
3243
6385
3537
1418
3075
3174
1241
1477
1190
57519
2352
10110
3100
5480
3168
2405
2410
1634
2227
1977
9018
1095
3265
37902
757
17937
608
1251
1748
2166
34023
2812
8159
3649
2742
2333
2601
1816
14820
2758
786
24018
1816
21482
5399
4902
998
3013
3498
1052
2366
2860
2914
24172
2229
1469
7399
2269
1252
2863
1131
1804
1795
17266
2572
2765
1252
2514
1549
2562
792
2149
82846
3141
2161
3531
18178
2402
2569
1417
2127
2473
4023
2191
3889
2695
3420
2242
2360
2478
12948
1836
4385
2088
2730
2450
1374
1937
3158
1830
2101
1448
1947
1989
2577
2967
8481
2202
1494
2964
20938
51801
1040
1790
8903
2748
2053
9463
1528
2426
2845
17854
584
896
33634
2891
1546
2443
1929
23605
23305
2778
2022
2688
3196
54085
1703
3278
60557
16618
24723
2354
1607
2277
3949
14404
1423
2807
36157
27414
3118
18001
11654
107909
2403
1098
13871
3399
2100
12768
55870
1314
1596
34898
2941
2086
2237
4161
1693
1025
21592
1936
2948
2492
22832
2926
13607
3518
13647
3242
1931
2009
2005
3671
2487
3274
6995
2194
1549
24979
1880
1423
1067
19912
12628
12248
3598
1994
11942
30737
3752
2114
1998
1538
1470
2834
3649
47783
2687
2532
711
2714
2594
1970
1180
650
2002
1963
3248
2026
25063
1884
28116
2218
1281
17166
1656
2283
10966
2357
2840
1783
21217
28300
2187
1679
46781
2749
6817
2250
50673
2654
1295
2146
2189
63111
68070
3783
1635
6132
20410
65327
13390
17511
1679
2270
2446
2008
1837
1314
2645
1621
1499
2179
1107
1011
1201
3577
2231
50567
5334
14059
87819
3105
14822
2407
22179
2580
7557
6490
79511
1578
9863
1099
1237
1929
2243
2982
22622
1391
4492
12757
22291
3018
1903
14218
19913
3748
8169
43727
1700
2571
2595
2228
2262
1397
2642
2260
2594
1677
882
10949
2687
2673
12591
1496
2553
3878
2494
2570
6244
2780
2435
20246
4810
46699
4142
4209
1348
2320
2782
9628
2164
20616
3470
2441
1438
7927
2028
1276
972
13757
3598
2423
66702
2957
8678
18566
3498
2507
18857
2756
2750
2093
2513
2377
1623
1232
2834
1718
2946
1714
1836
19859
3426
2287
868
1941
987
1627
2443
2966
982
2338
3219
2934
5413
2050
2810
4040
2868
1164
1078
1936
2172
2002
84682
1050
16998
1271
30141
4473
7176
1972
1295
6519
1211
9499
15801
5411
15961
2712
3746
5182
8738
4471
2613
716
2414
22981
2938
11334
7823
22333
21023
1842
1387
1994
1919
5657
7850
2730
2515
2605
2823
2600
870
11198
1817
700
31758
2823
1864
954
802
9310
2552
29465
2579
1070
2916
3087
1771
21633
2083
35034
3460
8461
2341
38079
535
1409
1365
1603
2494
35104
712
14290
3896
3841
46616
2084
2081
1388
14417
23191
1384
2123
31932
1848
9818
1642
2329
2205
40142
28867
2307
2220
7974
2851
2499
22141
1679
6817
2995
53811
16461
11687
1792
3606
937
2401
2623
4130
2489
8109
2514
3881
3987
31123
2009
2928
1261
2483
2514
2743
1757
3091
25133
3182
15952
3987
892
19147
4395
34432
2542
2055
1967
2117
1314
35601
3311
2205
1632
1088
1013
28569
1529
3898
8637
3560
8473
37022
987
28341
35488
13504
9601
22231
3143
2110
1041
2163
2898
1836
1779
1794
2465
994
697
13221
2303
16536
8118
8707
906
2169
17015
1992
3015
20716
1537
6112
10007
1326
2912
2581
27852
2204
1317
2460
2006
3196
5207
2683
1747
3824
1597
946
2139
1310
1290
2568
2502
1427
2186
8429
1045
31415
2356
2638
21047
3416
4680
2811
1333
2910
43527
5970
8575
73251
28177
9235
14738
2580
1877
2794
3108
2933
3701
2664
3011
27120
26915
1044
889
1298
1948
2628
2997
1920
1515
3079
2542
13760
3049
27060
2021
64550
3471
1295
1044
1609
2668
2845
1957
2722
1653
26533
31143
3024
1572
2280
3134
1262
2460
2139
1533
1947
14971
2342
23568
1376
3559
32842
2198
1302
2143
2222
8393
2577
68754
2007
13263
1110
1857
21594
1646
21142
4111
1922
4557
6151
3136
3814
2626
2501
10921
1972
2337
2203
1026
9820
3668
81749
2641
14054
2791
1846
2865
2949
3073
2184
60444
1020
1855
30380
2821
1577
4538
1931
3664
1684
29433
775
1959
4569
17645
7019
1560
3806
1141
23701
3376
1103
943
35018
1579
3684
2871
11453
1139
807
1485
2559
30319
24414
1004
15197
1751
1633
1190
2093
1188
1261
1739
2690
1310
991
1859
3424
2654
2546
2801
935
64203
3455
866
750
7590
2727
667
5985
12060
504
1896
30486
2824
2259
1024
2548
1667
2253
774
1841
3053
3884
1927
1743
16805
11581
3596
3045
19802
1946
12581
18934
1245
2077
2868
3145
2117
66280
719
2725
773
10363
2438
26656
2002
3160
866
7641
3214
2589
63700
1892
1935
4776
2067
13398
2140
935
3232
997
564
3213
2084
1214
2157
5545
21171
1978
3314
22617
1862
2986
2574
4630
2473
4536
21821
2474
5886
907
1386
16776
1571
2894
7054
3481
2028
16234
33133
1370
1884
1156
39666
1477
2250
6333
5750
1501
3659
2235
27326
3152
3900
45187
9712
39309
2017
2610
28558
33139
1008
7612
2662
1814
36556
2227
761
3171
2397
18940
18412
1190
10122
3602
730
2135
9467
19875
2340
730
23406
2108
2411
3319
2810
62082
6257
616
30191
6730
4985
2913
9973
17942
2214
834
2274
43659
3239
1813
2385
1477
2226
3120
29579
2433
677
1654
19937
3097
2659
8520
6548
1746
1841
2173
2328
1817
1998
1414
1262
24989
3082
1291
2326
3357
10943
2365
2921
2452
6346
3796
15573
9266
960
78942
2736
3999
1642
2052
2155
2402
1700
2223
914
831
3499
16220
1277
1673
1729
2402
1515
4085
1260
15960
2471
2177
2810
911
26356
1838
1255
11835
1824
2993
8898
2012
7232
2414
24219
29132
2420
2594
2837
1399
3985
2265
1058
44606
20131
2933
1900
4982
3305
2639
3778
2867
1599
36686
2571
2563
1894
2803
24122
1310
2528
1444
1312
2437
63354
9436
2518
33041
1710
3175
1053
3570
3112
1060
2524
3310
2436
1551
1747
2529
10450
3143
1590
1365
2206
1650
929
2036
3128
1319
2624
1719
5165
2342
2275
2142
1680
1627
49579
1524
14864
3182
1987
1601
18619
3373
2106
15877
1803
9710
2314
1605
1688
1445
25261
2410
20304
14901
16501
2207
3868
22823
36492
3304
3518
3566
1596
1888
3014
24494
923
10514
3702
2472
3540
3016
12051
25648
3759
8204
2898
5633
13990
20855
5775
1630
9759
2911
3315
3592
8209
2897
3083
4592
693
2875
3222
2005
9436
1865
2330
698
12865
2380
1715
1867
24796
6208
2465
2517
6338
2260
2765
2464
11286
12430
11912
2064
1048
2187
1950
3240
1790
3458
17023
1739
1365
1858
2856
3355
2626
8827
27280
14808
1714
1916
2762
7558
561
8727
844
1261
18422
3261
1086
69572
2156
3630
2469
2041
3748
2617
2758
2978
34538
10617
2163
4658
597
3556
39255
768
30425
1291
1186
2506
2823
2261
2721
2441
2862
1010
2163
4754
3163
3308
37123
2152
2442
20563
26536
31338
28631
2324
1352
531
2939
2969
45618
837
1687
2298
1888
28580
3475
3551
1483
807
48397
2380
17364
8865
1954
2777
2840
2235
1307
2483
3279
1650
29504
2488
18571
3502
2564
3156
1510
1693
2141
22693
4276
53479
1439
9643
4025
4156
1508
1331
77360
2928
16416
2576
2317
2454
2262
14219
5179
2984
3927
1495
2933
1038
10030
2828
1659
8836
26211
2273
1577
2069
14166
1102
5054
16011
530
1922
2717
14203
2298
23658
1498
35803
2095
7788
58974
2128
1333
26960
25042
924
3540
981
22237
700
1442
10899
7725
1138
2990
2280
35250
3272
3224
1076
5594
3095
36125
1717
2848
743
3183
14314
19333
87181
1034
1253
2837
19304
2386
1934
2910
3556
15526
1443
24702
1817
3577
2473
64005
1493
1703
2676
2151
2636
2444
40914
794
37090
15400
3083
6905
2740
17287
4665
21839
1358
3854
21302
2129
2399
18721
18729
2048
13658
963
34681
24783
19914
1236
23207
21292
1575
2280
22780
85553
2504
1668
1734
2065
1812
2552
1867
2264
3570
3964
3520
2232
61273
1347
12312
15830
1982
2937
2053
37404
1041
854
28947
9136
1587
2037
60251
2731
20385
1081
769
12961
633
2171
730
1493
42229
78070
2010
2927
870
10017
2248
2440
2624
6679
1720
2002
38593
2331
5867
7016
1806
13274
2370
3731
10168
19741
27463
2123
13640
1655
2000
53089
1578
2436
7656
12022
19557
3825
11356
45512
3730
2257
1941
2588
27614
2532
12921
16414
20133
2872
2097
1736
1182
1792
1056
10760
11848
3782
21220
20352
47224
1463
2351
724
4320
843
29836
3215
2983
4264
3827
3035
1195
1721
1256
15833
1750
43330
34365
28023
2297
41009
3980
3213
2416
57419
4633
17023
32960
1559
2879
34908
3390
73161
35983
4714
1934
2327
1072
1138
1391
2437
7151
2617
3350
866
1908
1578
2031
2935
25983
1725
39355
15205
1052
15456
3428
1025
2408
2022
5370
32245
980
19803
1211
2695
792
1659
1821
33813
1691
2162
14734
2229
16921
1674
2498
1594
6302
1334
10360
2320
2936
1313
6511
32626
67629
27573
53505
1785
3366
2939
1626
8831
1598
1653
9281
2303
1656
3968
35989
2430
3602
2797
16020
21842
1970
2554
913
3264
1345
2659
3033
1322
4686
3093
3376
24438
2130
3095
2087
1403
30084
1415
1002
2257
4312
1969
8174
2570
51766
3137
1798
2633
1836
26574
1591
2012
4829
1094
4030
2828
3196
834
56233
2644
3208
2592
2711
2343
10003
2683
1420
2162
591
11718
2284
1736
3769
2156
16218
3364
1452
2947
3015
13835
2347
1410
1749
1781
2863
5040
13263
2579
2859
2152
1005
717
1355
2727
2531
1454
1156
3621
13211
6849
10794
3513
837
1161
2883
2315
4156
956
4369
2364
1722
2075
2299
2564
2306
3091
2356
2256
17205
3486
1097
50071
1204
1372
1424
1830
1444
2386
2793
493
1404
2743
8358
70907
1864
2703
32030
30579
2888
34430
2750
3046
2120
51455
2622
2288
5389
50506
1964
26849
2305
2755
2580
653
3513
1958
1995
3337
1532
1811
78944
7962
14759
2585
2715
2516
22073
2568
1379
3706
7804
2190
20156
2196
1399
1156
2307
21837
661
2241
1705
12683
5975
919
3123
2255
2420
1054
1897
2725
3026
3333
2415
910
11990
21325
948
72970
1593
2800
1115
2088
2345
2642
3814
1470
8999
2239
1466
2038
2120
936
6095
1259
10273
19160
1469
1256
1664
3073
2590
4295
3851
1633
19432
1953
1979
4257
3543
725
83256
2216
19936
14767
2235
2292
2447
66855
3185
25743
2226
11130
1605
34948
2169
2077
3543
47980
3050
6993
1612
2922
10120
3292
2208
2092
1326
2894
1712
81708
1652
2463
1225
44348
12387
16518
3068
1954
2177
1999
6580
2601
3435
1683
3148
3823
18697
1390
1608
1051
2316
7309
2548
4534
2679
1772
23244
3184
2897
1945
13368
1995
5419
1016
19870
8842
2911
1057
11363
1473
2709
1553
2413
2892
2626
15134
79440
3891
2561
2338
1937
15402
1650
2264
2228
1554
7877
69245
1083
2256
2838
2978
91848
2139
3157
2500
15705
40432
9726
3425
1586
2805
1741
1263
1084
5013
15668
3624
3071
2448
24464
2299
3182
2829
7271
3599
1555
3025
11953
9237
2853
1537
1476
8305
2574
2536
1915
2032
2645
3058
3294
3244
2024
47131
2875
14239
4363
1595
1197
2205
2680
4143
1114
39235
33032
2386
15258
2661
25679
2192
1972
31535
2604
1032
32988
1355
1962
7631
9996
34952
9900
3678
1458
13955
1500
2513
11599
2668
17266
963
3094
2642
784
3793
3606
3643
2432
2712
1842
10422
2374
945
2980
2774
2914
2369
1313
33917
2051
2187
12820
1839
2923
3200
2494
2988
1534
1805
1912
2187
12141
7911
1691
2200
1916
1385
5243
1658
2999
36204
2033
1879
56165
866
3604
1221
1163
13622
3614
2323
32299
10268
2023
2625
10195
2302
5885
21061
11504
2426
2510
49424
1226
2624
2637
1329
1985
2491
2348
13016
2490
8985
654
3148
8410
17774
21978
2920
2228
18125
591
7745
2191
1570
2034
723
47128
46307
1302
7106
2870
3199
19785
2663
2717
32332
6872
3365
9345
2471
58555
20493
17746
12001
476
1696
39968
13375
28750
2455
2253
12045
4267
2247
12014
45191
1033
2766
5252
26769
2787
12333
3011
1854
2464
1450
3366
1864
2310
1695
6130
18700
26365
1550
1081
1117
3140
3202
689
4137
58754
2507
1917
14429
1322
2768
2568
22386
2292
2597
3814
45539
22985
6620
717
9800
2993
4168
3019
1332
2287
1510
59347
2199
13542
2763
2090
13333
5561
1778
24631
9519
5803
2420
4791
2169
1087
46084
17505
2792
2512
3276
1039
2623
39377
3972
2139
3490
22159
1222
584
2050
30976
2135
1355
1877
3102
2176
13763
1265
2439
28557
2328
2826
3744
1843
6781
1249
3726
4179
3470
3148
677
2398
17713
1929
3021
2428
3013
32749
2629
5174
2326
12377
2689
1151
4023
5053
1189
2725
3403
1982
2620
5455
2250
3049
2880
19785
3220
3367
2717
3367
1473
1015
8793
1844
1397
2227
2344
2413
3452
1986
2603
2599
1577
2641
14917
1782
15989
3039
1331
22278
722
20426
955
1514
2328
2744
12289
512
2113
3711
679
2368
3350
21580
1596
35408
2372
3037
2521
1735
531
1622
2284
2379
1067
49419
8778
1583
14047
3688
2056
1155
4795
2558
2590
3336
2361
3850
2567
1393
13740
2634
3509
34832
23119
2387
1192
2758
2023
1639
2619
4432
12595
2482
765
2495
2305
2944
2975
1868
1977
12106
14982
1648
2978
3826
1262
2132
1347
3283
19902
16448
36488
2894
7371
2079
2652
2770
36743
1649
2629
27473
2670
1777
3714
2775
28279
1137
23124
1907
1989
1475
14060
2195
1661
1532
12378
1420
15711
1630
2365
3345
33625
1999
1161
47137
1832
2702
19633
2366
19618
1918
2019
2111
1887
1474
1116
2075
2908
74555
2087
1460
10700
25252
42416
25740
13626
105792
7479
724
1964
1415
2736
2548
3285
2639
1952
1509
27658
2801
10150
2081
12118
3009
2252
1492
7039
10560
2338
6252
18192
1580
52204
50226
2867
3966
1109
3393
2120
7567
3631
3104
2218
3145
1172
2505
7929
2471
2291
1406
30324
1788
2895
2079
32697
13461
2359
2564
3347
8416
1420
2226
1831
4132
1744
2890
1883
11106
13304
2138
2052
58567
24936
3423
23786
4395
3456
43947
1862
2971
2792
2125
816
5209
1434
3402
1394
5489
2230
79102
2209
14257
24669
1570
2127
2939
2599
2473
164571
4474
794
9392
2498
1965
14400
13838
3388
24448
2383
4492
3307
1474
1552
47912
20259
1816
3977
54069
5246
27047
24369
3004
10519
3017
6426
4302
66190
1594
1347
710
2530
2088
1993
3025
10632
10432
1241
11121
41319
1537
1933
10477
10331
15008
2583
103454
2334
29860
2454
8236
21877
54617
10515
9155
2340
2687
2094
1963
1522
9904
21769
2043
88487
31112
2847
2151
2296
2561
1722
11169
3518
3112
13865
2110
6996
2133
1244
41374
1175
1558
13278
2349
8720
8858
1766
2952
1955
33882
12195
2054
3186
2688
31515
2482
22849
2046
4109
2957
39830
2318
1913
1603
3335
1576
2553
3128
2459
1972
503
2102
5145
3911
41693
1818
47722
53519
13521
7256
16531
64026
5794
1103
597
2116
2819
27103
1920
32582
2691
3970
2718
3233
3771
5704
1295
37748
1698
2668
1828
2839
1846
2160
3511
2513
4127
57341
2995
2539
3541
64284
1281
45318
2399
1016
43308
4132
20153
1406
2079
2473
2792
8376
12445
1779
29665
3215
2957
1657
8629
4504
9664
2275
22498
3155
1738
4457
1952
18780
2003
767
27635
576
10340
9116
4049
29318
1689
1801
23211
2292
564
2520
2777
43975
2368
7980
2769
2493
35591
4521
1741
1469
2888
2710
2574
1008
1478
9549
15184
4185
1180
65261
3610
10293
49316
28429
2990
1694
8308
1931
1988
671
1462
1673
12859
27470
1738
1382
3117
546
1836
1496
3043
2899
2159
2095
835
27939
1054
3018
24780
7408
5056
679
27665
3250
2260
1739
2762
1845
2119
61816
1862
3060
24012
3937
2308
13758
2943
1903
28538
1498
6982
3102
1687
2908
15282
841
19492
3290
3214
2389
2771
2758
2932
2618
37940
2091
34572
2959
12457
2400
17035
3718
2222
31750
1267
11244
2911
2318
16573
12203
2054
2841
24983
1144
2956
818
3852
12202
2058
1700
1347
1545
1515
50673
1589
918
1397
3857
3051
23797
1552
3364
41399
10996
1735
2363
625
2133
41614
1402
6433
31372
1887
2014
13013
10417
1627
1875
3188
2619
2497
1355
15952
2077
2818
24976
2456
3022
1760
16124
1401
21715
2236
6231
1808
1997
2628
3533
1958
890
1656
11129
2119
2734
43874
3117
1210
27779
3271
41873
5060
2792
81650
2631
3530
1992
2193
2897
3380
1874
3111
3039
18658
612
8291
2194
10726
42398
1618
52204
934
3234
1584
1117
2576
2079
1500
44257
24121
4247
1774
35292
2301
3329
63975
10019
2082
1496
2599
2925
2611
2530
3479
2811
26528
2223
1454
1400
3493
11956
1974
2066
2197
2686
3135
2621
5682
2335
2944
2376
3314
2296
9333
16281
28634
47645
1308
1871
2282
8396
10650
35640
597
5366
6989
1535
1658
3672
2433
2739
72672
2070
4082
3286
28173
2824
2691
3382
1199
1238
1239
2043
41603
16136
27972
3036
1332
2762
956
3655
1065
623
1636
2539
2622
955
17869
8381
30490
42462
2782
32305
5113
7366
1786
12062
3314
40843
43070
94278
12704
1871
1114
3563
2179
1950
27353
3412
9812
3006
2356
5033
18008
5006
2257
8290
24499
1353
2367
5980
2563
1686
11629
1656
1657
2649
12075
1090
1119
13586
1954
3019
1012
60087
1406
2682
2608
39674
2775
1996
9215
3507
2350
2988
42145
3228
2259
2985
16906
51226
2110
614
4028
3307
3468
3106
2406
12669
3344
6704
2437
1487
2388
979
1842
2025
50036
3200
1462
963
1201
22246
7126
1124
13420
2549
2292
3984
2614
1106
32322
13017
8385
1462
18544
3636
816
21989
21799
19399
16689
51350
2791
3218
2901
10113
2864
2059
1763
2717
36270
3055
30471
7944
2221
1339
7550
2390
1447
4348
2029
9774
2477
9018
1714
2950
1709
3221
14929
2252
2522
3329
26378
23140
30148
10954
2555
1583
22006
3531
1531
2479
28858
2106
2286
1140
2891
2386
16641
2158
9663
2086
3346
1267
17097
2367
1575
554
972
1653
17883
1737
2564
856
24714
10409
16792
26707
10251
2256
2008
2586
2380
2876
13482
3359
18837
1246
3662
1578
2509
4147
2563
7040
2553
21223
1971
3465
3780
2200
9838
1764
2974
8687
3378
5461
31853
3987
2378
716
2549
66013
6568
2859
2179
1131
42674
2968
7708
8576
9805
3552
2701
14872
2374
52581
33662
2256
3107
2421
3038
13336
8552
9192
634
2287
11695
77600
10129
34121
5712
38555
16152
2725
18022
12876
44272
64500
2614
1558
4048
2436
33169
1736
1489
1901
28204
3060
4484
3242
4754
2063
1827
1165
1423
2589
1013
3389
11923
2555
2575
2970
2542
3203
10267
8838
1504
2299
3611
1514
3485
58988
18254
2022
3521
2716
868
14205
2867
1307
2244
28901
10790
66213
3215
1700
971
1393
3033
978
2237
2485
3689
26935
1393
2178
1133
8565
1175
12224
2825
13675
1196
3917
2174
3122
18113
891
2876
2107
1834
38724
803
2581
2575
2259
1151
15381
1959
3024
27682
2727
1112
881
3690
1432
1425
2753
11598
892
48540
2224
19395
3343
16473
1668
631
10616
56530
1275
32505
865
41623
1330
5640
1828
40264
7300
2030
1855
2258
2296
1367
997
1779
2256
1488
20673
2733
1979
2271
29452
2972
3089
14447
2635
4049
3382
17799
1831
7479
10338
1915
1422
1634
1806
2728
2315
2771
32778
1081
2703
17423
82236
5272
23847
1189
3266
10326
36361
1478
2605
1359
1277
1911
1217
54151
2280
1780
7559
2183
2831
2756
3059
2109
11691
6774
1892
2063
945
53492
39485
21127
44975
1675
1392
1974
2559
4689
31820
1433
1505
14301
2098
2976
2640
2876
2672
1863
2430
2626
1572
739
78435
39892
2174
2250
2344
21591
2326
929
3069
2088
1370
8233
3188
61389
1514
1800
1627
10731
1198
35633
24338
1546
2656
1903
938
3068
1903
1731
13572
1037
19174
81488
1725
37506
2739
2226
3979
2822
4253
3315
2675
9288
2971
2880
19370
3627
809
3044
1206
2400
2881
3294
2984
490
944
2159
2834
1234
52057
9980
3601
27090
2800
14420
1960
28851
879
1492
8192
2353
48192
2862
1078
18092
3526
14056
45733
2560
4392
1565
2161
1637
1070
970
1971
59962
2523
2051
1420
2866
8152
3093
3355
19120
17673
57380
3453
3105
3647
39404
2484
2060
11891
1432
22661
2268
1733
1997
18958
2165
45800
134480
3840
2644
842
841
3206
1633
2804
2002
2305
3238
3539
2966
2078
967
12194
6615
2992
1757
4467
2305
535
26486
1668
3724
2264
3483
4689
12281
2383
2855
12506
3002
1598
7374
1937
2484
9152
434
2824
977
45525
1865
17314
40101
2176
828
4141
2260
99482
1092
4267
5588
20805
732
8684
2071
2955
2845
1809
1767
2671
3069
1737
2015
18060
5923
1478
37339
1764
7945
1872
20579
2347
31332
2358
41706
12815
3500
5021
1813
3450
2904
10217
2058
3078
2981
1798
1318
3883
2275
1171
1949
8930
3423
1890
2392
1380
42409
928
1192
3821
1748
1766
101689
21029
2079
2345
3404
18512
2268
3325
7629
1653
3704
2969
2770
719
9656
1286
13043
2231
3198
1817
4100
2130
994
28336
30653
2218
15888
10824
10435
3149
6000
29265
18391
731
2130
2323
2973
1660
2494
3126
2885
2949
3158
2014
36055
2558
577
898
2627
860
2318
1379
3255
6084
4117
15679
20116
14616
3469
11271
778
15107
1174
2993
2282
2489
1824
2526
2139
3470
2863
984
3729
20468
1258
21965
14217
34155
7085
11311
31108
2839
4155
3918
2390
1731
2316
1938
6409
2497
2833
2576
2252
36446
14748
2844
6553
2788
1306
19339
24356
939
3247
927
2379
3303
17369
1832
18125
2021
1787
2690
2711
807
15769
2723
2405
3598
7197
3451
1999
786
694
1809
2641
1341
1957
18081
4108
918
1508
3502
2597
1311
1010
45425
2207
2680
511
974
1729
1953
977
2675
4441
2159
1067
18667
916
2759
17787
2365
988
2292
2440
7388
57769
10944
1101
2969
3625
3069
2898
10530
1454
112534
2391
1021
13303
1781
9169
2425
72799
2773
1019
2484
3148
2751
7664
1435
1395
1394
812
4216
2716
581
10546
7245
2640
42355
2547
5569
2252
2688
3463
1804
2387
2694
6292
1017
1506
1356
2590
11454
12206
2883
2393
2782
42371
21840
69774
2331
871
10933
3947
1729
38767
1926
2021
3972
31092
24164
1163
1671
727
4303
39621
4086
1526
2542
1515
2076
74765
1345
2995
2941
14992
17245
6675
2258
48289
2439
24452
44604
1345
1694
2528
23998
1241
5135
2958
739
2644
1586
1671
4263
68657
2038
2445
11325
2360
1335
2340
1760
2065
2623
8878
10759
2597
11028
15436
691
2894
67768
68207
12086
1878
1991
2009
3009
22806
2857
1374
1485
1236
17731
50584
2784
40105
2207
2656
1205
2731
845
2223
822
1382
1355
899
1522
1664
1676
1546
15197
2195
1680
2156
2257
1359
2318
1887
1971
45778
8056
54649
6294
3039
1199
9239
3421
32447
73021
8522
2864
1869
39752
3713
18183
2395
1660
2877
3276
52578
14228
41390
2305
2603
4002
3130
23249
3851
23345
2122
3143
10264
1412
8641
17198
1783
2308
3065
1428
89877
1605
2335
1345
1327
34613
1448
1710
1140
1568
50748
1978
2454
12905
4608
17174
1535
2111
12588
6291
2726
6029
2052
2032
2083
3693
11455
10428
2656
1251
3303
24559
2167
5132
9264
982
2344
25770
14207
14110
1662
791
8103
2195
1506
1081
1196
1021
1537
2921
2784
1870
2839
2700
1753
1277
7135
2170
1190
24306
492
2201
1799
1909
2839
1727
9257
1286
32106
1605
10677
3297
32003
2376
1949
2269
3558
2278
4163
4148
17210
2251
2677
37443
14910
4205
35110
2128
3066
18961
12195
46579
2555
9554
2263
922
22490
1624
3983
794
4181
13439
6048
2880
2686
1933
2744
3253
11509
2924
2987
1135
1747
2209
2003
2554
3274
2135
2468
568
2630
2746
18545
14975
2898
34485
3238
2365
17563
2193
2259
1878
957
2635
3056
2614
21486
2464
2310
2601
2655
14595
2723
1283
2382
2221
22676
2821
2382
3185
1699
12656
1567
27481
2251
2824
2494
1718
2200
3041
2677
2250
1752
1945
1587
2283
15046
3443
44715
1215
4090
1057
6964
7183
1038
12532
1499
5956
1889
9039
13952
1312
11975
1472
1594
2094
1673
4141
1742
4724
18491
6472
883
2887
24222
2004
1703
1901
2282
2124
2322
31499
1748
1598
2293
2132
2590
2753
2953
4066
4599
2502
10115
3067
28173
33728
3216
8838
2932
1153
4532
16131
2091
42391
1533
1472
1211
2720
14564
49467
1530
8401
2381
1742
2610
1324
23563
1994
3372
1684
3284
1981
1541
2973
1811
968
3428
1748
2301
1457
17113
35086
1592
2751
2953
1834
3334
3286
2375
3748
3174
34693
2678
1362
26561
38217
26174
972
3336
5345
922
2776
1991
3817
1079
14978
12740
3929
51236
1296
3125
8928
2435
1198
1430
13150
23180
2136
2097
4154
1010
1986
5267
2513
2954
1422
3110
1611
2821
5899
2992
26699
1879
2668
4380
2360
1328
3276
14137
3306
2271
3971
10540
3322
2950
2664
31772
2567
1198
1554
1015
40430
2144
3340
51732
1678
2311
40185
20850
1953
11997
708
2443
2910
28030
34254
28715
2055
2278
2256
1678
2817
2367
1411
2749
2360
2190
2886
27348
1108
8794
2314
3070
2948
14861
2551
3678
3139
2268
1919
1619
11704
3525
983
2832
1473
4223
3117
2379
1494
33224
1845
3691
2642
5111
1797
4688
2135
4391
15130
1376
3541
1847
2153
2517
2174
21022
1191
2646
2306
35982
3541
1042
16451
2551
6136
37373
6008
2297
8906
10285
14197
14510
1632
3324
20780
1669
19281
1560
2101
2188
1154
1832
21763
3909
1071
12428
33004
3406
616
6642
2710
9625
14005
1541
16459
2308
3029
1015
31152
1137
1835
2157
1801
9300
13954
3214
45316
1507
1672
2768
2055
789
26986
2414
50238
1247
18326
3350
2904
1317
1797
2335
1711
3313
3438
3442
2993
2196
1077
923
5674
1801
3719
19028
3891
5896
1628
2486
107665
2226
1696
8223
19629
1772
2033
2785
4025
2235
3120
1412
1538
2521
99899
2053
2184
3640
2271
1555
1704
47104
2483
2940
1819
2488
1369
2733
23119
2497
2149
2099
34920
42714
1618
2259
17002
1340
926
66198
1197
3414
1862
3581
2420
2615
24576
10231
2819
1668
502
13166
2535
2966
3096
1215
27618
2796
13278
1098
1473
10219
1583
4693
20292
3640
1344
2385
9080
1294
1034
2191
1545
1767
1565
38423
3308
1886
2192
3175
1959
2970
7355
35874
2117
2465
1200
2968
2081
1208
27986
3072
4642
13606
2369
1365
1937
2201
1694
