2783
12054
995
11455
3550
1610
7601
3254
2483
1691
2582
5214
7073
1430
3142
120855
4001
2216
41774
3953
2467
1845
44050
970
1997
4541
2660
1926
1860
2717
2117
41629
7740
1906
11066
1915
1891
1099
1007
1506
28170
8787
1921
1217
4243
20917
2476
3807
2110
13846
1687
2787
1902
2873
2850
2875
3111
30186
20841
46188
2969
2276
1573
720
2549
2196
5225
2648
12032
2555
1977
3479
16806
43717
36492
10265
2439
1928
6047
2272
11950
2276
2191
1831
4341
29610
1365
3311
36841
54402
2104
2641
29625
2069
3312
1412
55849
3246
2042
1824
3740
51697
1858
1024
1971
2152
1967
2692
39319
1209
1255
1922
2587
2416
3493
819
842
23822
25050
32079
2698
2302
2294
2178
1831
2047
1446
2424
1535
2825
2606
1410
8866
15272
1989
1789
16179
2451
1136
1245
2326
15921
2577
8794
1078
1480
3805
2435
1425
578
2757
4510
9003
3892
2675
77199
4181
4277
8801
13487
6838
1087
3858
3415
8550
10137
25407
1819
3540
109619
1161
1957
3312
1668
48427
34407
2377
27856
41305
2949
4540
3008
6989
9241
2303
2360
4237
4253
34794
2695
2785
873
2700
59873
1887
797
2572
2268
2669
30194
7331
1545
3312
3153
2066
7242
1768
784
21839
4643
2559
1033
1898
87750
1654
24646
3085
1640
1038
3859
992
36907
2477
70157
64665
1904
1506
60971
57640
3589
2711
3352
25530
3092
17453
24467
3890
1441
19554
59904
2509
49356
2143
1065
1884
775
2836
2706
1599
1741
3070
2522
1647
2779
30212
2304
2771
2234
2006
3270
2048
1175
6086
37046
1369
1518
3901
1731
1745
90511
18072
10453
16922
1844
830
39324
2645
3552
2927
8975
960
1155
44819
62310
2107
1538
1543
2669
1765
24958
2997
3360
927
1909
2325
56995
5597
7693
2528
31902
2571
846
9398
2169
3041
3223
44721
1395
1776
16888
847
3895
2077
2555
10229
2586
22267
1336
68324
3694
628
33563
15417
7110
17902
45343
1686
3540
2395
4405
53945
1800
47924
2996
2631
3236
27381
3592
2516
42368
5649
1664
2803
1623
2978
1164
3109
2284
5170
3131
2348
31868
3017
805
12948
18493
38891
709
56307
2724
2002
2737
33621
3101
21490
2034
20159
1119
1444
14047
13798
2848
3348
8888
10652
3186
2223
2494
36036
4698
22991
48574
2268
5480
2371
1314
18115
12623
2602
9193
1248
2875
2473
11689
10416
1753
3112
18395
960
39215
5859
4127
10598
1323
24907
1137
4432
16198
3322
2038
4170
2311
1863
8607
1655
19118
14185
2436
2544
1067
2529
2675
2849
3180
5723
1218
3075
44373
3315
25378
910
2422
1627
3067
1856
3122
1733
2575
2142
38944
12819
1902
70435
17194
2346
843
1878
2350
1456
2190
2393
5860
2713
1744
45696
2256
1320
7314
2336
7421
2052
2443
6957
2137
2513
2342
33318
3234
21337
18922
3199
2788
2176
2096
4275
40546
1252
77936
2117
682
17930
1701
9642
2273
2389
2275
2471
2377
3953
948
1563
1329
1877
2776
2173
2462
4501
36592
22951
3673
23313
2156
61871
2181
1189
2873
1424
7119
2410
2494
3559
2016
1068
2392
2516
2751
5525
1289
4182
2161
2255
1600
3210
1870
975
2495
1513
3321
93652
17500
2915
28648
2442
21350
75938
2943
2349
1216
9332
2543
30839
5419
2569
24975
2924
1268
2212
1770
2800
23058
1078
2504
2969
1241
2123
1987
10333
1218
1064
16837
29877
2405
4011
18066
21481
2793
1793
2206
60510
3261
3355
3076
3103
1954
18930
3346
2555
8478
29369
2437
586
1465
1413
2700
1890
2976
1425
31679
2178
2341
2159
4892
1035
43128
11573
850
1238
9385
3185
73226
3345
9762
2187
11073
2378
1881
3227
2661
2961
1773
2276
3208
2543
45774
2685
2707
45229
569
2964
2017
2000
614
18858
5294
1311
10134
45303
3989
2322
2433
1812
3139
6138
30460
24150
2266
2470
1921
2712
758
34320
2919
1770
1651
2630
1205
2403
44183
1106
29709
2067
2214
21060
2532
26838
67905
2153
2841
18726
1789
2793
3961
19997
3481
1304
1800
2753
28676
4759
3736
3076
3419
882
3158
16292
2193
1685
636
1559
1993
4024
1579
2826
1870
2831
1614
5627
1815
2856
2736
2285
1110
7200
3171
16331
25902
1329
1141
2293
2835
1659
77746
3348
1636
6497
2795
2302
35359
2238
34427
51123
11826
1860
1031
2755
2112
2120
697
1785
9417
2104
5565
1028
18606
3798
2214
2003
2504
2160
1124
2479
2623
64642
2894
2012
2693
2321
14504
3823
697
4067
15751
2509
1947
3567
2467
3279
1582
8045
53941
2344
1996
1394
1678
2465
23044
10082
2047
1798
1153
2009
2039
9638
1447
3797
2191
2827
14879
1582
1448
55126
16613
31311
2390
49678
7334
5079
2078
3021
6696
2753
3458
2367
1506
39281
4249
2083
567
2753
9541
3381
32583
2782
1673
2696
1400
2664
2586
2854
25324
9577
1751
3182
2655
2473
3048
1010
2512
1681
1372
1991
2623
3902
2704
7449
1007
14055
2458
3158
2032
4212
2916
2054
2571
1881
1335
3511
4484
11256
34323
1667
1034
1862
1292
3012
2644
4376
44219
48357
1124
3134
1101
1388
2993
1469
3823
3649
2552
9938
1840
24823
4829
3166
1811
42521
4088
3053
9718
1250
1307
4385
3367
2383
11722
1534
1727
3544
1932
2827
32629
2621
2595
69838
3040
1201
3716
1889
8932
40380
3253
868
9780
71443
7799
28630
3061
1921
15809
5375
1781
102592
1614
12519
4531
9105
1410
66678
14197
2812
1214
3295
75524
8687
42789
3297
1986
46047
1943
2334
685
3705
1528
2084
10715
756
1809
2407
2294
614
66209
13823
1132
7768
9367
7290
2426
11551
2099
2661
6026
3434
2589
1662
1005
3006
2665
2885
1141
1235
1232
1418
2326
3075
3835
1768
2870
2479
2882
22342
1675
2921
1229
2393
58465
1952
3639
2131
1969
2816
42943
65367
2110
2090
1718
2209
2621
8511
2929
14115
3399
844
14340
8450
1274
13060
37332
3254
2386
2979
1663
3258
1788
6110
2410
1835
11774
2664
2786
16766
3184
2141
2576
2263
1353
1994
2693
3155
2841
4580
3565
2551
20546
36403
3175
46668
5275
3218
929
26781
2484
2640
1371
6892
2258
2712
1773
17755
1126
959
2931
2166
556
3611
69311
1490
2603
692
1565
1390
17454
2489
2400
2124
1863
2899
1566
48139
1742
5254
2496
3320
1308
1865
2676
39024
3199
7147
9696
2221
662
37323
26780
3684
1754
2367
20414
672
3255
26359
2569
1347
7756
12320
1507
2943
1079
3046
23049
3395
1214
18258
2066
1121
3588
21398
3543
1359
2529
13042
45811
18270
2236
3437
17967
1988
1993
1821
883
3005
1698
1773
26616
44232
2466
1868
52239
12489
2076
2080
3008
852
1361
31879
3245
2858
833
20650
1501
39591
4761
1424
7066
1120
3810
2322
1345
1842
2740
2315
2015
2662
3567
2168
13146
877
3879
4893
3069
20440
36032
2686
9356
4520
2826
1872
1615
3669
1813
1393
1885
2088
1742
1874
1301
3749
32742
3305
6455
22286
57417
2503
1827
2642
1741
13199
2204
3113
33636
2122
1866
3097
2394
3561
3711
1594
1329
5913
29571
1320
1949
2001
3271
1252
2638
2363
1125
1772
18239
3483
18809
3123
2596
3396
752
3120
97534
2529
23032
8806
2643
8420
1203
2187
2229
2844
1676
2657
7802
3727
7102
3749
3723
3833
903
13262
1504
4864
59546
13658
1469
1173
3850
2019
2038
23990
3175
3818
4248
1210
25563
2335
3075
2512
3283
2272
2170
3583
4272
3146
1642
1551
38615
1395
26121
2715
19117
14361
47505
2099
20422
1045
1584
1815
13284
2183
2906
6551
1664
1998
6822
1591
2434
5135
2466
3512
57967
2277
2887
1743
5811
3147
2739
2682
3751
3099
1032
3241
1929
2503
2914
643
3001
17550
1460
26922
34805
1795
1303
2432
1159
22009
16367
1720
21424
2814
6096
2820
2289
2252
1949
39469
1882
9536
2883
25931
38331
18912
1708
2534
21732
36751
11024
1678
2073
8415
1674
4660
1851
983
1614
2261
1816
978
2256
2721
25913
4893
1520
2824
35429
2413
9076
3090
3224
3415
3091
13659
2749
2797
7992
1821
1503
36826
27578
3238
2011
3445
1504
41601
2346
2476
26130
1180
1208
2206
2948
14394
2816
3000
5522
8131
12274
1954
34256
61020
3547
958
3257
1545
1433
3325
3623
30578
1773
2767
25110
7732
2613
933
89662
2399
1596
2464
3459
2672
3270
707
1695
2498
2948
571
79695
1226
2818
2891
846
16615
33341
9533
2784
2273
3574
774
2989
19183
2217
4290
40547
1912
3602
3164
24691
1690
2747
1272
6315
1985
20741
5161
2679
4079
2970
1002
27507
1121
44292
64168
2489
2231
2156
2744
28536
44933
2117
1703
1363
2482
2251
2788
1823
2979
2441
3098
598
14650
14848
2298
4189
15842
1909
1910
2502
2100
1653
3238
1883
1293
2203
2802
507
1707
2728
4519
2603
68889
2834
16052
6780
3627
1495
2939
4048
2970
2419
2539
2063
24450
1729
4057
70664
5553
4490
4038
2434
1046
18173
1782
1333
3320
16842
11638
3147
10224
3288
1523
2737
3855
750
1769
5897
9180
3223
16685
2379
3485
34836
1458
1048
3628
1927
3152
3023
11790
36423
2939
2607
3555
32192
31671
1153
2010
1687
26128
40042
1227
2332
2486
33662
1986
40085
1615
24427
2074
2741
3018
1933
2633
2210
15694
2466
2173
7963
4703
108130
612
2001
843
3546
35005
2585
2668
863
2901
1453
1837
3047
28781
2359
1529
1854
3408
15826
1284
5522
5739
1318
1653
1361
2386
2249
22649
2272
2880
2450
3499
3399
1424
719
2802
2584
2457
3551
4701
2061
2817
875
11754
1736
2118
3651
7733
1612
1803
2300
3138
21153
2666
4311
34144
1121
1502
5120
4275
1971
3499
1303
2739
3275
944
3071
2568
9311
2364
2711
3437
2657
2718
3103
2036
2432
33424
3801
11566
2589
74347
22514
66158
1973
11538
11341
1317
978
1825
1270
2553
2238
23979
17319
2120
954
2678
1070
5525
2842
3361
2953
1581
1932
2269
2292
2069
2179
5762
5335
2780
634
4631
10624
1223
3299
694
3099
2836
2337
4383
1806
30533
696
50589
20945
19730
1516
25730
1397
2131
6650
2311
2167
1711
3794
1903
2402
2686
1033
5436
3605
1814
1833
14025
63285
17243
1703
16766
2573
636
1583
1175
3047
1605
1035
1839
1593
1860
30512
1019
1619
2308
21238
4086
2928
3067
56003
3590
1573
2558
1695
22891
988
46132
837
3301
3005
1041
5794
28495
15819
13920
1646
3061
1253
2890
2457
64098
27625
2231
13144
2974
1925
700
2750
16658
1529
1688
3696
1387
3008
13211
1858
1840
1582
19829
3095
1975
1460
48014
2544
2820
2359
2517
7432
52172
3653
31704
2831
7865
1724
2711
1536
1962
5927
2034
1529
2182
1023
2477
1560
1528
3885
16904
1897
2079
1456
9708
2715
1852
1491
37332
1067
3112
2976
3507
3617
27126
2224
5766
6429
29851
2435
12343
1563
16196
2934
75679
2600
1890
2342
6340
6640
19428
10060
2403
1149
1488
3036
4184
710
1583
1860
790
3582
3310
1338
2799
29445
3831
6681
3167
2809
2232
20069
13217
1699
4132
1761
4051
1027
45665
1143
76427
810
4034
4133
2301
2778
3451
26908
2023
5401
20731
3871
1933
3531
1600
5657
1387
44105
6097
14738
36247
2673
2441
1696
26296
14632
2273
1822
924
1888
45974
1331
1172
4339
33736
2627
2779
3345
1647
1490
1002
2654
1241
2505
42686
807
20542
1714
32824
3687
5904
102265
23014
1756
2621
17318
39955
3542
1546
1941
1280
2509
3151
1079
986
5589
1331
4443
7249
25783
2632
2439
35201
33214
2233
2236
4000
2486
1106
4074
2832
2533
1466
1167
2580
5968
80328
2448
3291
4737
3920
20763
22038
2600
1877
3633
1282
671
6954
2880
9032
2960
24547
2235
2067
2017
771
3601
20250
34594
1799
2012
2048
6737
10001
2985
7187
2133
2446
1154
2115
7057
2216
10653
754
3444
3126
2664
5314
2711
23544
22124
1519
44026
1277
12978
1695
2982
1960
20715
1997
4290
47411
2824
2331
11177
28733
88289
5191
18453
2003
2392
2389
2066
12452
1774
1187
2137
1413
2025
2320
14630
11223
1603
1513
3263
2463
2353
23785
1070
1606
38842
720
2079
2198
2220
14630
4571
6763
1642
5132
88558
2061
1781
1669
5149
5984
3222
3155
23935
838
2684
3071
1989
3098
1563
2106
4925
2311
3116
877
2771
1646
24616
2373
1752
1389
2279
1038
3252
16921
2289
1475
2459
1931
1502
35953
2306
2185
35525
2485
1781
32908
38381
2013
2704
12012
35886
1326
15734
1524
2949
1785
4514
3226
2498
93374
2958
2288
2120
4174
6782
8401
89750
1454
1306
3238
20147
46939
1874
3001
2137
12841
2163
2150
2485
1254
1471
1701
10608
1720
41856
6604
2685
1143
385
2652
3577
80693
3741
1640
2407
953
52128
2888
1253
29788
24367
31767
2324
837
3607
1907
2749
12623
3915
19232
3566
1806
1841
2951
2584
1636
18123
2419
8407
2476
58483
2436
5311
1602
3567
2613
14749
14125
1385
2113
16868
2149
2700
13935
3582
2318
2572
12948
3029
25865
1370
2135
2398
3062
3782
2440
3425
1831
1827
3085
3135
1838
1511
1299
3071
10959
60766
1497
1719
3364
12810
28176
1215
2020
16108
2431
2437
2039
40887
1723
4958
2748
1740
9525
2515
6655
2269
1069
1643
2693
10398
28018
3376
7097
3046
19020
3417
4487
3493
2685
2575
12286
11862
507
2687
42658
8447
1868
1099
11101
3478
1300
2491
1596
1169
875
31675
2340
1810
23663
1988
30369
1841
5512
1695
38592
2348
2026
3053
2003
1010
3284
2104
836
8498
2464
3310
47461
2896
2705
1176
1388
1690
45804
892
3463
2543
2940
2615
1715
14475
2312
3139
3919
2856
1010
4918
1462
11031
1042
1330
1735
37801
2700
3336
37736
2023
1135
1987
18431
2644
2941
1751
1273
2728
2156
2147
3066
2586
1610
4114
3027
3826
3207
60433
2806
3787
18849
30753
27157
30461
2194
1666
970
3374
25322
1553
1112
1742
1787
2381
2254
2716
764
20079
2203
3299
2727
3892
19181
15988
3066
2433
43526
22312
3123
12114
13922
2186
1698
2041
2937
4844
2416
6887
2934
35672
1501
3457
2498
1868
2707
3165
2636
2238
1289
1775
2906
24031
27930
2419
2647
22678
1428
3223
2706
2534
1862
2035
2315
7890
11435
767
2614
1988
6585
2225
2361
1586
2906
1399
2278
1916
2798
2717
1996
65024
2819
1635
32154
5909
974
1067
2409
1365
3075
1027
2999
3265
1853
4253
25640
2078
67406
52450
2062
12282
3374
2128
3106
3626
1401
1955
16854
1747
18765
2981
6701
1610
1398
6096
1066
2457
3270
1747
1953
1168
1469
2513
1320
2225
4327
8256
1194
869
813
15111
10388
15905
3087
2657
3220
1135
2166
4988
1168
4948
808
2301
1625
1247
1243
2118
2322
68724
2846
16739
1379
118051
1940
986
3965
26333
1051
3125
2361
2821
27814
1602
958
2387
2889
2181
8585
1997
6555
1888
1642
17088
2329
2680
6476
148593
4158
2250
37100
4290
2668
2697
3246
48747
23919
798
24057
3431
1785
3270
21322
1240
21458
1608
3885
53669
2384
3145
2819
2010
2271
2458
63205
3359
619
5900
1707
1905
16704
3256
9370
17736
2983
2013
15082
1803
2556
1055
68471
24813
3758
1607
998
4015
2351
2360
3340
1442
14674
1674
7258
2758
2085
2216
1714
2742
6422
17134
38954
2492
3288
1768
13456
2437
47508
1795
18373
3811
2581
1605
30402
2499
21111
1781
45510
2602
2328
2867
2117
2162
1354
14699
144456
2459
3120
1224
1990
3150
1860
10333
1816
2787
2064
3012
3352
64620
2601
30192
1986
24139
66724
2497
2929
13039
3090
1962
53702
1073
32747
12454
3770
1613
3035
2253
2569
52827
1246
1303
4685
2684
171859
26174
4009
1761
2823
1874
3729
4385
7040
8728
2332
15861
4633
2408
3000
36337
1236
2229
1914
8531
26336
2898
54294
3217
2057
25991
2162
3149
1620
22846
1694
1955
15760
4612
48042
3262
2606
19426
2080
2002
3459
2866
2666
1788
15554
17060
3176
1237
19760
1090
1728
1699
3185
12662
1267
899
2120
2798
2123
3272
9111
2468
2794
2602
17252
2140
3116
2035
2523
1408
53775
3251
1477
2509
3363
10937
2453
1899
40243
1903
12918
17615
6081
2992
26567
22524
15408
38625
10598
1411
2580
55981
2467
2778
19427
2422
11113
922
1868
2701
59053
836
1930
2198
3484
3297
24601
31177
969
44350
2681
2229
12305
9550
2912
21573
903
2453
1442
1605
2376
2771
2838
2647
8217
4282
1636
1952
1827
11494
47512
2453
1234
2593
41155
2342
9741
1621
19603
6949
3668
1691
2631
2498
1995
9634
2184
23830
50842
2088
1979
11480
2214
1619
2255
2814
1251
17302
1347
10636
57550
18711
1976
2192
1779
30927
3187
3166
42987
2547
1466
3077
14551
969
3597
19566
2782
1915
3121
2434
1959
21031
2836
1664
2157
25533
2211
3049
2342
2288
5799
37483
949
2316
86399
922
1663
1760
5809
13242
55912
1366
2549
1809
1703
1392
12785
2655
50265
3611
15530
2488
1540
2565
2673
1742
997
1483
2653
2109
2014
15853
1267
17316
2536
1392
3612
4416
2280
7009
1392
2445
84391
3751
1666
2475
1135
25225
5894
1346
3691
3137
10104
6581
2463
4066
3700
2269
3569
3911
1999
1471
1701
2539
329
2164
2544
4610
1512
2103
2001
5718
2659
2302
3240
3077
3012
1553
6410
2549
2255
1481
2752
3946
1150
2146
597
2920
2042
34922
1723
18483
19059
3445
14081
1573
2816
2757
12562
2075
2062
1712
8695
2900
1397
32033
3574
30786
7384
2273
16084
1963
989
2979
1080
65973
37963
2618
1772
1816
8925
2153
3565
2389
1918
3785
2659
1900
74694
3667
2672
4093
2752
2551
1365
38605
3042
5114
1940
1589
2367
1342
1961
9361
2291
50460
2748
26578
2440
3003
43811
1406
2142
1559
87994
4169
7601
3854
1996
2709
2629
7078
1947
2310
20909
2951
2494
31233
1778
25046
133396
2134
2516
33592
3310
2543
26645
1025
31347
32779
46853
1215
2055
662
2813
3014
14225
2916
18234
3361
3558
2433
1273
32279
1200
1357
4252
33355
1809
3075
5416
2271
8780
1616
1960
1055
18207
22909
49146
2281
1094
2567
3136
3692
3322
2890
1491
1952
17423
1990
2764
2266
1514
2652
2813
3110
2957
1314
3864
1597
42438
9318
45071
4074
3826
14520
2066
57513
6141
2948
2162
1929
2995
11246
1957
2386
2510
2392
2928
7927
2651
4400
39300
2652
3609
15436
2414
12630
2513
1235
1847
2332
14300
1049
1844
3363
2983
1830
2619
3829
3038
3141
3303
2647
46067
5227
1355
1256
1781
1166
2997
22890
2767
2068
67374
2497
1429
3158
2441
12631
2125
21067
1008
39248
34851
63155
1987
3991
1688
30020
8456
61265
3961
21620
9985
1744
20087
2928
2743
11771
1892
1573
945
3321
12082
50362
1885
3408
2050
1808
1014
1920
10981
1559
3451
1601
2460
3271
12429
2264
1516
28724
3888
19044
2024
2148
1671
2702
2523
3474
4331
3389
54711
2527
32945
1142
2104
2545
50611
2630
1799
9282
2018
1969
1142
2920
3457
2230
6250
2485
7703
784
1290
2158
6011
13597
2220
17949
1296
1450
2826
26818
19826
8628
15050
3027
3285
1030
18922
1276
1817
35110
2560
2754
2676
2848
5743
739
968
28454
2343
2497
39066
2157
2597
3812
3449
2074
2735
18787
2464
10211
2907
3204
30461
13272
2657
1963
1575
4461
1606
4710
17917
33974
30801
3434
14407
3207
3745
19119
37026
17591
2934
14457
1904
1571
3837
1255
4505
25811
8447
3318
24407
16280
1707
1394
751
2350
23136
6304
2440
2097
2427
12045
1797
3936
2240
44145
2563
27568
35940
2228
38406
2735
1936
3594
2970
9337
1687
2030
1139
12173
3276
2882
24130
31479
1523
3622
2962
2970
1540
2333
7305
2474
12048
3393
3520
2270
2111
19416
1560
2928
3098
1771
3184
2102
1717
1642
39903
2674
740
3332
3107
9062
4065
2119
22085
2166
2961
3190
1600
1969
2139
1855
2493
3765
931
1609
13326
7790
23408
2951
27072
2111
3613
1592
2545
10482
5462
2973
2585
34199
1433
39091
2581
2313
1613
92022
2253
741
8427
2412
2504
2628
2008
2274
2812
42899
4038
4513
1407
4393
86945
14965
3297
11110
2179
14575
2622
10907
7706
2220
2015
2130
1643
13633
3341
1538
2242
1289
3181
2137
17039
2143
2705
3734
4025
9151
10440
634
1062
1758
3394
1857
1749
7657
3187
76432
10770
2287
10726
6415
2447
14964
2886
2876
40905
2188
1793
2230
41286
3861
38964
1744
22334
1192
27923
3286
1507
706
2094
3076
2162
75414
1030
1972
13818
2476
1778
2692
25832
23584
8550
1524
1537
1940
39754
2853
2887
24594
1938
23697
1188
2111
2368
4339
2154
2936
1475
3320
2501
36757
38098
1211
2265
18506
1298
50700
36762
63811
18056
734
1408
2199
2239
3289
41694
2479
2749
3889
2594
5338
12819
2827
5291
1954
2762
1761
2540
986
2097
2931
44053
944
9259
60915
4422
3637
36461
3371
2149
1008
3443
2748
3230
23934
3443
31217
10359
943
36640
2299
1109
1637
83031
2450
36727
1840
2560
3417
1360
2491
1435
1851
9859
54536
2006
708
2338
28162
12459
1331
3718
1904
3268
7006
17786
1629
2425
1053
1583
102708
2118
2835
2064
2899
13440
4748
7495
14668
19185
9817
1364
42440
1203
13709
2769
1370
2413
1692
3454
2311
1656
30251
8721
3416
2944
1607
1716
32339
2368
2500
1672
2867
2658
2573
2717
2820
1141
2805
55586
2689
1798
37385
17901
2738
978
1585
1987
10955
1408
2422
1527
2094
1464
7523
2211
3248
2151
49897
2112
2456
1980
3643
2332
1444
1729
19309
32236
38735
2285
53042
2166
2370
8054
2196
1497
1206
2818
2385
1038
20820
1506
1938
1275
1550
4428
3054
1713
3522
2413
1998
1955
797
14089
4543
2597
2845
43706
4241
17292
1970
943
2203
2299
2641
1367
31640
25430
2320
1951
919
810
2388
3147
3404
3427
91403
2782
24270
48471
4015
1241
7153
2148
693
2862
1908
3307
1770
3219
1408
35939
3060
1021
62102
2060
2643
2606
1980
1387
2578
1701
3603
33266
1196
4915
2352
12846
2800
1938
5455
118790
1490
2510
1248
61269
3740
2938
10248
3337
7302
3104
1771
53413
4716
21690
3876
1815
8672
1604
2476
2836
28262
23865
16972
9377
14603
19243
28370
2799
1739
1725
1602
36798
1920
2766
2323
2305
35212
1449
1591
2558
1450
2684
21134
3979
2133
1665
2602
3478
2493
2553
2236
1375
2103
4333
847
19171
11412
1340
4427
2131
1885
3129
11936
2831
2821
1524
21693
1345
2041
1184
2490
1761
2861
3261
529
3096
5438
2550
767
2365
44991
18425
2394
4499
44291
45328
1554
1058
59739
5448
2624
2385
2899
681
1935
54458
2582
2338
2900
2218
2820
1073
3553
64499
3164
2425
34495
42160
14384
2811
2771
3253
2645
2575
18156
2972
2626
4157
18127
45626
1926
2455
2441
3820
1352
3027
2115
42265
3986
1883
3597
8533
19439
1266
1341
1389
2327
4148
2705
2321
2429
3420
731
2886
2058
1818
1480
1095
2294
2479
17692
6057
27150
2127
2187
2675
1462
4454
1029
2082
25426
3015
3660
18035
5637
2504
3152
2000
2107
1798
13537
3417
6414
2180
2891
2708
3109
3026
17015
32711
1745
2261
1753
21971
81885
15400
2014
6386
2371
2291
1164
894
1572
1910
1590
1671
1900
1280
2234
4495
26663
2073
16837
13992
3481
34238
83219
2182
2995
2659
2380
15864
13946
2376
2995
1496
1055
25466
1918
58948
98423
840
2330
22677
1751
14141
2456
4406
2629
3684
11615
2593
3263
2532
2417
2994
4123
1374
3200
4625
3000
1443
1288
29448
3055
2253
2150
3653
2874
77215
4311
1388
32175
2569
13131
2459
3040
3337
3102
1204
1480
2500
13273
2450
2730
15952
1656
1921
1717
58309
2300
1409
1772
22951
2450
59874
7956
2030
3593
3602
2555
2897
9102
3411
1675
2140
3436
2976
1923
1560
25729
3790
2276
1115
1690
2988
39218
2382
1405
2212
958
2982
2102
2943
962
3502
1296
73411
2810
1258
3561
2742
1040
1878
4954
2509
2032
108251
22602
1350
2624
1476
11733
2129
17916
1593
2599
2129
1172
1892
3105
4602
13560
778
22549
11686
8532
2803
2687
1340
2238
3099
1820
2720
1042
16523
2925
745
2914
2307
19630
29901
51152
1635
2906
1796
2845
13718
837
7401
3073
2444
2669
48828
2031
1610
513
2424
2714
3192
1280
2674
3000
6648
2000
3273
1959
9769
2511
3256
2816
4329
610
1133
2533
692
1759
1754
703
1624
2214
21319
1237
2624
2872
2361
2340
117600
3012
3446
2791
1109
57512
2820
2050
3776
2585
94435
3006
3672
2795
9394
2031
22269
10351
2836
2852
9076
7107
2250
1585
5238
1161
1909
2606
60631
48116
2527
2305
15592
32293
4444
2939
3603
1929
33314
3307
2743
3251
22705
24928
60054
5733
1708
945
3051
2666
56702
3183
1237
1823
4222
1433
16249
2940
2680
2160
1864
1882
2247
3212
14317
1134
3423
2613
22418
2135
6197
53723
30862
4358
26991
3099
12068
1119
3941
2354
1766
24919
2526
2788
1837
1435
3632
2511
2252
9208
27707
1284
3760
1525
15489
2639
2991
1291
6250
8341
2866
9781
3329
2179
3091
2552
3618
13288
3133
2189
9547
2060
26617
1842
2037
2735
1877
2271
1332
5014
13565
6267
7332
1045
2189
5174
2089
19977
3112
1065
3103
1519
1925
9813
2455
2120
17785
27866
17824
2624
90412
29060
1660
2933
4684
3767
3002
13626
2932
3057
911
860
840
19817
1448
53460
1007
1420
2182
3220
3050
40706
2412
4130
14183
3728
55545
2931
995
7335
50241
1274
2266
15216
2743
2470
40145
1200
2924
3224
1818
4016
120077
1409
1973
2423
1648
11480
2895
4813
8600
1662
909
2600
46212
11290
2171
38167
1631
1951
2062
1932
23647
2287
9622
3458
2250
1101
1693
3419
3250
22096
1797
7513
2008
2593
2715
1030
21899
3248
2775
57771
1770
3908
4002
1698
1986
2407
2292
3026
849
2322
35689
4023
2221
6523
1520
3020
1760
29322
1012
1303
2276
4501
11774
3111
2652
1044
1831
3292
1113
2206
10244
2130
2359
25281
2724
1700
1245
3177
2020
3907
2889
785
5041
2047
1386
1048
2902
2739
1725
2363
2461
2057
952
46082
1953
1596
1716
3576
906
54413
1448
1507
2263
8187
2247
758
2909
2316
841
1492
3050
3488
2086
1074
2179
31474
1215
598
1622
1446
2582
2729
2486
20756
3450
31280
1987
2405
2167
2110
26843
42693
2888
71611
12117
2555
1571
835
2319
771
2225
1613
2138
14486
3717
2670
2026
29782
2747
2278
1745
15054
27665
3742
27654
1614
935
47819
767
2376
1955
2497
1447
1736
16469
6546
2011
6063
52517
1526
24520
1071
3835
2079
3428
1950
2955
1359
2309
7161
1886
2564
2984
4411
9126
44169
2796
11967
1822
2329
58919
19990
1887
13836
3448
14937
1292
1177
1989
20651
20473
1687
19282
2268
2657
77170
2826
3519
3396
1235
73837
3720
1156
43827
1571
1431
2722
2525
17500
2381
34714
2887
2312
1114
2777
22694
2966
1760
649
2443
2642
1925
3363
2819
10222
19670
680
2337
3419
1873
2475
1882
19464
3184
1223
17989
2068
9003
2801
1283
2385
23165
18323
12822
14281
2750
1496
14273
18779
2532
11737
18031
24931
1889
2680
2685
2463
1623
930
1671
25979
3191
702
1760
1426
31014
900
1377
18198
38313
27073
4372
57198
1869
34485
3000
7824
917
6654
2075
2297
1576
2226
1302
846
3445
2688
33873
1466
1940
3135
7671
2950
11498
1139
1967
2066
2307
2983
2448
2077
1870
29417
13361
1935
3099
31667
1129
39632
2237
16381
3152
2773
3425
2303
3899
12349
2052
2463
1924
3048
1395
6909
2305
4455
3261
25163
69602
41356
1271
3236
2774
8041
2645
1407
9968
1836
4365
12548
11039
2298
1974
25931
16269
29947
3867
2968
20696
1376
3811
10953
2647
1744
108101
2742
12363
2638
7004
2053
53078
1436
1397
2596
1630
1354
2053
2519
2667
3654
1644
2572
2736
15175
2400
1768
3391
2067
1597
1450
33074
3441
2122
85678
1680
1330
19603
1291
1980
1027
78247
2645
2462
2482
50539
5969
24651
2673
2478
3833
22522
1566
2096
1705
1959
4939
607
2659
2067
1814
3008
8230
24026
1588
19991
3456
2943
7343
3318
2707
2134
1663
1535
2225
2756
12952
6619
3337
64580
12347
944
1722
31609
5261
3378
3330
10894
758
8678
2231
11894
2507
66928
2932
1666
2882
95344
2538
2758
1719
7244
2892
3360
1583
1294
1449
1237
1459
1387
2332
57302
1584
17556
2925
3064
23566
15180
7246
2710
45330
1934
2854
3179
759
948
5405
1640
1954
2634
2011
1082
23223
3357
2959
2808
1170
1884
3662
2071
2578
2411
8917
1540
1591
691
2258
10149
1853
49625
735
2373
30709
3056
4701
2990
4073
63416
1381
1361
44116
7344
4841
16360
2474
47910
2258
28405
42182
2576
2165
1671
761
17677
130139
3015
763
1908
1918
2248
37458
7612
2503
1754
1601
3088
1610
3393
32561
1635
3248
2231
2989
1843
37384
2357
1760
20391
3587
31190
4729
2445
8828
786
2946
3265
2315
21513
2596
1399
3092
84567
2716
2907
1660
6438
2603
2372
51012
2115
32033
1613
66181
1812
3691
4481
828
2842
1166
21678
2711
1642
4139
1901
1219
2066
1755
2378
1264
2451
2900
619
6027
2487
18904
2220
22854
2753
26823
2610
835
43333
2120
19497
21602
7792
1580
16435
2481
33700
1169
718
2391
50011
1440
13951
1869
111414
2811
1758
1019
1957
1574
2462
1843
1777
1176
11562
2886
6806
3806
817
1243
2051
3306
1622
5542
9584
51079
31025
1919
21689
21188
27629
28342
9217
1889
1613
1936
989
2391
6466
2661
1904
15289
8436
1860
8789
2323
68432
29779
19374
900
1864
13158
1294
12341
9939
3075
34598
110422
11817
1133
32215
3157
880
21607
15999
1291
12868
36355
2462
1801
1720
2527
1888
17471
2328
1801
2102
22416
854
2700
2613
1244
1439
7032
79070
34773
2593
2586
13890
1759
987
64178
25356
5033
3231
2308
6315
8396
10786
576
60212
1104
1306
661
1766
2261
2433
5709
2564
1738
2696
2909
1834
8737
32487
3144
2116
3308
16635
3367
3606
10788
4615
1776
3419
9528
30292
2772
3507
59367
1228
30747
57117
1576
2251
2916
1421
5498
9150
3958
73063
2499
2627
20272
1205
2225
40235
38760
9892
2094
3635
1856
3075
2420
1218
1727
2663
3058
11477
2730
2942
20897
1137
2795
930
3885
645
5066
4235
1627
14008
3470
4234
1374
1571
1933
2283
3162
1831
3235
2795
2306
1354
3173
3097
1966
2531
4139
11341
19834
1822
9118
9822
27886
3002
16015
2297
1138
2991
1121
2353
3323
32305
2667
2747
3430
1033
1492
48206
1551
1993
5782
1508
3828
22391
817
2254
2862
2248
29047
1644
1318
1794
833
14141
1754
2821
2216
2072
923
3293
1921
3075
4562
1341
2397
43682
26492
2694
12859
2633
2972
21200
2624
1840
1229
1381
63706
65362
37145
2476
2414
34216
1686
3315
1696
1280
2510
3016
1191
21522
18783
2237
1413
62423
8435
9516
1692
1806
36119
2848
1608
1801
13637
1506
6702
14025
2470
4429
19864
1941
10251
1715
48762
3835
1000
4171
2650
10083
7695
19387
32352
34217
3076
1928
1900
12924
2254
2216
11569
776
3221
2961
120446
1449
2807
3415
19568
2591
5661
26354
39521
2062
1913
2806
720
1149
31346
1817
5378
3254
6473
43884
1355
23049
8626
2612
2534
837
26178
2100
2820
2264
2365
2413
8789
1408
1320
912
1355
3504
2948
1595
1980
6755
42313
3604
36799
2317
2079
24779
3662
66567
31682
2805
3011
1181
1009
3688
806
2802
1912
3134
1538
1460
3502
1609
14779
2039
12298
1202
3753
2643
2348
2496
3148
1672
2123
3163
37501
7354
1207
3210
21344
35684
4244
2927
2523
32564
2309
1845
29834
2085
17596
20770
2424
2353
3635
1232
2871
1390
4780
964
5114
48529
1754
47147
30794
4825
3325
2977
1410
1342
1857
1539
68462
31905
1630
3022
5523
2119
3762
1106
2974
9671
703
2949
929
2434
6396
1245
3519
25209
2450
1022
26135
2534
3611
2725
1098
2772
3748
34246
1346
7267
1887
2536
1822
2335
1917
1725
1796
1249
15353
16110
1895
2656
2248
1935
3008
1517
3194
8138
26050
1362
36954
2850
1756
5862
2917
2035
3831
84258
3140
25058
21542
2625
2774
1705
36842
4734
1660
2159
2920
54392
1668
2243
1166
14604
2891
4471
1071
2405
2040
22171
20199
5191
2187
2594
17027
21851
12007
2387
1805
3020
102823
2024
1218
2775
714
17937
2330
21729
2298
2063
1933
2435
1991
2514
3579
1438
3011
1098
11463
3063
1523
1432
1131
3416
28621
3573
2171
1705
80177
3165
9932
2269
7581
5791
2792
1109
9627
1846
2435
1428
3189
2236
2166
1252
2295
2892
2482
18483
49139
2839
1184
1500
2006
21770
1604
2763
28828
2991
15877
2380
1017
2085
2750
11332
50242
2726
3455
2953
2411
16241
23517
2542
26627
166875
2278
1219
959
1682
3067
1697
3045
12683
2557
2606
24509
7821
15154
2547
2358
30296
2174
83382
3058
2328
1854
63214
2431
2320
2528
2640
2383
1983
8110
2483
3190
2084
2716
1147
4187
1882
1448
2211
4427
10528
2106
2650
2397
2418
3945
2605
4612
980
37146
39189
3286
2112
18251
39381
3007
8617
5386
1690
16443
2868
1349
16623
1446
57388
11322
2518
7552
1160
34455
1917
1505
5268
2977
132397
2402
4293
56386
11454
4435
1088
3503
19709
3302
3559
1075
2628
3092
2352
31878
61953
2277
2018
2538
3443
1159
9757
2453
3170
10138
1625
2364
1731
1500
1925
1388
1688
44843
9383
4641
2956
46249
878
1271
2560
3105
4545
3411
47587
18927
3342
2344
1736
3502
2808
2595
1771
1583
23819
1410
62812
855
3354
1539
1599
2121
1503
2256
1852
32364
2469
725
2852
47861
3592
2748
2002
3010
13896
434
34549
9680
1149
41102
930
33581
23602
2823
121161
2517
3011
2243
23162
3245
3903
2041
1777
3446
2391
8965
19143
1435
4691
770
1305
24244
14822
29864
37101
118293
2548
5065
28740
2526
22605
1184
44120
10326
17505
2721
3441
1978
3213
7824
873
2863
10172
2131
1878
1988
5885
2179
1813
2940
25211
2739
2938
931
3628
54079
16263
2163
2270
1116
38628
2668
9846
30499
45337
28505
1742
25187
1958
706
13211
1462
2703
11650
871
24919
2441
11132
2972
2663
2649
2648
3610
2408
1522
20317
8551
2686
2745
6897
3341
928
3443
8212
3814
4036
1901
892
9889
7393
3196
3218
13390
1495
1544
521
2058
2072
2694
1774
1761
30969
1797
2849
1711
3333
63921
2569
4200
13549
3744
15717
1520
2313
2161
3104
1283
2141
3145
9213
19129
9466
12408
25518
58113
2772
2228
2002
1492
9626
1350
3517
64720
2355
2725
2602
2881
2925
10310
1171
32514
7041
3594
11692
1241
2909
2523
1622
1295
80705
2205
846
1989
2709
2752
25344
3855
2863
1946
1442
2990
2277
3022
53894
38788
4345
35971
702
2853
917
1681
1285
2744
55927
1196
1702
3482
1183
7937
2819
1746
714
80071
2157
1911
2288
1266
608
1611
2654
3188
2082
92351
2120
1492
30080
2936
1494
2077
1897
13076
3227
2582
2518
2460
2373
1417
2277
3284
2792
71073
2377
1753
1500
2641
2489
1767
56569
2700
2208
1592
1216
2131
2769
2056
5370
2094
2396
1639
57185
2668
7160
2471
1381
2073
685
2136
21092
4211
2805
2348
8322
2032
2572
1923
3273
4191
2888
28192
3654
1983
3912
82296
13562
727
2426
1667
2436
1615
2319
1852
1027
1921
14314
1509
3108
2250
2479
9653
2521
20412
2822
2703
2079
17377
3443
95494
2886
3232
22601
3803
2180
2838
2360
16396
2654
2751
2458
2045
25099
4378
3816
2343
13930
2806
32785
1439
25440
811
2189
29711
2933
3359
2478
1250
2238
3682
6057
1216
2788
2031
1961
2752
34764
2138
3503
27885
2517
1590
26426
70554
9558
26660
1464
3013
24941
3047
3255
2527
3474
2848
1428
2385
12295
2727
62515
1576
21025
3030
30234
1270
1650
18762
1519
24127
98279
2410
1850
17465
2121
4358
1122
2391
2168
2370
2872
1477
1641
56188
3530
3070
34397
31813
27165
4259
1755
2177
3127
20174
2539
4341
1354
2976
1401
15285
1640
3071
1659
1353
30225
767
1155
6675
3011
1423
2176
3259
1565
27819
1076
1829
856
2333
70797
4252
1437
2778
2400
6191
710
2397
4350
4173
2220
7829
7131
19114
3380
5824
4384
1526
35568
2894
2142
3784
2610
786
2320
44783
2018
3398
8311
68190
1183
1477
3457
1133
1422
41297
2928
7686
2609
2243
14505
11916
4873
2859
14060
2434
2507
5944
4049
9262
1920
1646
75322
2154
1740
1872
2911
1605
2547
2816
855
18357
1956
69878
1846
3097
4017
2239
7638
3208
904
2570
1247
1553
13292
6868
3214
1367
1156
2311
1672
41658
2385
1602
3201
2636
2133
2482
24238
6764
5706
1453
30228
1489
1592
22597
2538
1701
790
45058
1814
2930
1517
1536
24541
33427
47038
974
3702
8541
3647
3656
3763
3214
13195
1785
1209
3344
2432
4057
2829
5186
2792
53784
3240
2688
3086
1400
1401
3395
1877
2550
2851
16280
2686
1829
3631
2005
1575
7531
2663
1168
3986
9592
2210
3537
26948
876
2097
1615
2855
7994
1651
2499
46880
36529
979
2935
11528
2114
2813
1354
3654
3567
30021
1755
2127
1251
54151
2079
28292
47284
4523
672
14296
937
17475
26442
2652
2078
3119
2439
2167
3509
554
2503
1832
15539
3192
2895
3768
3810
66648
3569
1717
1488
3441
2452
875
1289
3432
18107
70188
2018
926
23378
2721
2634
2325
11204
4215
2000
2237
10404
3061
1583
2794
2718
96403
1866
1269
1720
2471
759
1554
646
2524
2725
40540
1561
1276
20834
868
2907
29256
2344
2362
627
949
20488
2179
2795
54856
2413
3563
3708
2342
2256
3565
46067
6695
21850
66821
1634
2290
2180
51260
80110
2621
19217
61025
817
19290
17942
1989
31199
2948
940
2385
2949
2362
2964
2500
45010
13175
2820
3193
9679
1263
21715
1353
2375
41762
3260
11209
59061
2093
1952
40951
1530
2131
2911
2547
43566
42784
2123
1455
1760
1398
13684
1484
814
1644
2413
3451
3448
1830
34142
2087
2397
2238
21911
1610
2604
16619
1300
35070
1742
7201
1302
2973
5044
9555
2243
3118
2144
2384
1510
16759
1854
1284
2981
3042
1925
2198
2736
1476
5407
2278
2525
1799
1097
1411
6222
1430
3094
2181
11383
2342
6924
3414
2451
738
5960
4061
2265
31409
2972
22012
1894
11968
2858
2247
1997
3655
1519
3197
15651
26721
842
2877
2368
2537
2417
3564
1452
673
2539
1584
1052
2725
2578
1829
37360
2184
2605
2415
3815
2189
89622
5728
2019
2631
1459
2000
7692
5409
89414
11490
12376
10399
16113
2890
796
1510
2130
1966
1453
1712
3601
2560
2210
11958
5286
2350
2198
3946
1599
2802
3329
3179
1842
1226
2777
25657
30314
3950
2204
1980
15486
7956
2120
2093
1469
2443
1422
1952
2143
2397
4461
50052
2141
1445
2726
33920
1562
1174
1824
1758
2610
3044
27022
1879
2539
764
2418
1243
825
1144
2204
2670
837
2567
4180
1199
26462
6189
4648
10157
7404
1640
4407
2144
2092
16585
3260
12673
2170
1938
4349
945
2130
22502
34125
2694
2590
12535
14577
4041
2229
3113
1877
2936
2462
36668
2636
71410
1588
3277
2458
1310
1253
2286
1201
3013
19141
2235
1456
1611
12190
1202
14042
1879
10127
1979
2125
19344
2435
2786
4641
25265
38606
2421
57209
2825
2088
3498
1088
3375
3113
2663
53175
5277
30220
1707
20001
1773
1807
2683
1631
1242
3309
18561
2508
751
1306
7722
2646
2189
3396
12319
2091
3268
3156
2394
892
24292
2895
8981
2382
21732
1322
3048
2450
18029
2862
3740
8883
21902
38948
3071
12135
1623
2193
2750
2100
44199
25176
13770
12551
3050
2614
4140
2200
1197
12262
44015
2687
1684
6978
1714
2510
2246
16478
45428
21440
1485
3981
23952
24226
1957
3080
1301
2279
10415
2747
1731
4878
2584
2127
7293
1005
2248
2749
2251
26656
22148
19529
69354
1519
22946
21168
1122
929
1324
6960
65819
4037
3870
1538
3211
3746
3534
2287
10583
2343
2718
41108
4554
14369
20983
2692
40809
3135
4056
1737
1804
8467
22786
1660
14921
28065
3974
2824
2811
1854
3391
1042
2615
3120
3561
6460
1611
13623
2035
768
2772
17412
23554
2268
13946
95976
1544
2000
14162
9004
2797
10755
3285
12205
2955
15053
9082
1737
36695
2338
3126
2437
2752
33579
737
2825
33454
28399
3072
27260
4542
31439
19691
3531
10583
44729
23897
55995
3082
2424
10368
33980
17310
1798
2363
1375
1878
2132
57064
2760
47367
1994
2886
2380
5560
13376
2244
2825
97701
1677
2915
3220
2936
1387
90689
3082
1711
1691
19841
1945
3324
37333
2588
2185
12572
72902
1726
19818
2402
2018
2333
21684
8658
3644
3609
1419
1317
1268
2680
547
2234
2628
9781
2316
2498
2639
1603
1836
2649
2721
3228
2229
2512
2212
13056
19451
10557
1228
3563
992
2451
2377
1102
1572
2426
19282
1096
10920
2998
3010
49339
2902
2130
916
2750
736
1618
2477
25364
1482
1381
28489
12522
3314
33729
2498
833
14455
78798
1105
3152
940
2750
2196
1487
2191
1999
1577
2797
1921
2974
25422
814
2563
2568
76141
1297
2687
1922
2740
3006
3204
2687
2666
12999
2404
3438
3134
13345
24462
1930
2702
2421
3738
1953
2287
6730
2909
1543
2198
9047
2093
4271
26068
2692
2510
951
2415
18890
13876
2347
2146
704
1152
2715
1660
2127
3803
3621
2788
2104
3711
8805
2119
3886
3143
10598
2453
922
1679
81276
11703
1641
2630
2956
1704
3459
38707
2195
41470
2285
1017
21581
1909
2218
1409
15342
2947
2150
2442
107274
1467
1218
4060
8769
14380
1795
1321
2054
2553
769
148576
2584
1370
2246
5024
3383
1705
1313
2086
2881
1190
25352
2084
2455
2144
15416
1519
3186
1668
3534
2836
2081
26234
1963
5781
3629
11805
32684
2562
3137
44008
2261
2990
1901
2329
3235
3268
7103
1051
6809
1037
5089
15346
3074
2895
450
965
22359
4023
1763
3524
24132
9670
29642
29871
9297
1862
56385
2542
2775
2823
1861
6157
2022
1830
30885
3075
2031
1962
3512
1968
2168
1700
1716
1835
1126
63399
2853
13422
49173
1437
2635
2827
3879
2696
6550
2751
11110
4691
10997
3511
13311
44080
2062
3364
674
3041
2576
2121
4488
5100
2456
24149
49705
3115
33742
3715
754
2835
1057
5741
3326
3832
2893
2128
873
2724
1463
22227
5130
2850
1492
2274
2305
2058
1557
2848
4085
26534
2243
20898
1685
1939
2725
27539
24296
2135
67361
1847
2320
2279
1212
2137
1302
55883
846
1083
13660
2938
859
2546
12888
20022
3097
1837
26476
4418
2891
9392
5471
1800
1932
2660
1015
2487
2338
1220
2816
7374
3218
1569
24525
1277
5336
3395
2106
2599
47999
3843
13192
31640
2234
2224
2622
14678
1874
1940
2242
7988
9934
63302
2884
2419
8093
1692
1587
7645
23973
1851
7937
1813
23211
1811
1428
1536
3015
70961
1647
2223
6098
62739
38268
2522
1704
8108
17189
3062
2746
3029
1989
1822
2286
961
22728
2723
1949
2287
1890
3553
943
3023
49672
3310
130594
20189
11165
3299
1431
2624
11307
519
1803
2493
1380
841
2170
16953
915
36117
16148
54881
2329
2121
685
1007
2116
1693
18328
1333
3475
2716
3643
58845
2958
9516
1769
3356
987
1752
914
2406
2001
2097
4835
3393
1346
2517
3238
997
16201
50669
911
1290
1739
29011
14841
25004
4168
1672
9375
3899
35373
2714
9879
1105
4768
2806
5247
2424
1025
2055
2013
4445
16546
3022
791
4127
90938
1277
20649
2567
3276
3272
2336
1420
2209
26037
1753
1842
33022
724
3579
2191
2818
3045
2894
13837
1857
841
1672
2226
3243
1125
3337
3373
1770
1235
2013
3767
5453
1290
1010
12379
2492
16722
928
1065
55197
2208
2302
762
2622
2853
963
1947
967
2704
7999
39416
1688
1365
24795
5193
4728
15460
1476
3015
3219
7338
2660
46471
1081
2334
19706
1103
8826
2803
20441
20039
2778
7506
562
2552
3921
3186
7182
1672
2607
2665
1628
9982
2174
544
13107
23475
2492
2151
94508
2542
2095
2765
3241
1673
2188
3365
8192
1304
2188
2185
2404
2013
1551
2400
2530
12780
4253
2449
68121
3047
871
34069
3119
1319
2398
1728
16547
3712
30146
2168
1070
1755
721
2498
2534
2939
1218
27899
1149
13399
25919
1729
2400
1720
50531
2200
7991
2724
41135
3044
3117
14148
1253
88671
6977
6434
1349
13353
2906
4755
1836
1343
2754
20674
4928
1358
3076
46174
3589
32998
2678
1677
1518
2275
28692
3243
9671
62025
9432
825
3360
44210
53652
9078
1872
2054
2648
9895
3415
3507
2453
1735
1402
3983
2818
2354
3653
31899
1766
1605
2216
929
2545
1790
2756
1708
1082
1906
46695
1278
2265
2931
12520
2165
11551
4440
1157
2103
2234
2315
1586
1725
23167
2151
14023
1115
10107
15208
4285
2375
30674
12187
2442
6399
36459
44813
2899
13959
2860
3946
2497
4038
3647
734
1642
14584
2673
2176
1269
3299
2122
1195
23140
1699
10491
78528
880
2108
2038
1402
2349
1544
1964
5696
7936
29131
2552
3261
938
1787
17061
3115
2728
2539
5638
7743
2001
3366
6044
21861
1667
17737
1382
2289
2041
34285
12118
17467
1800
624
2250
45705
3681
2742
21297
1086
2677
3306
27677
2578
2010
1015
3651
1467
2012
1706
41212
975
2481
2846
5623
1180
2747
11441
2624
2335
3382
1339
1975
19109
567
3958
1654
1504
6354
1329
3462
1773
2515
766
29286
5817
3064
3565
3823
2701
3527
2196
2509
4325
2305
23095
2417
1747
31286
3399
45266
4056
2440
3019
12955
2452
3147
3935
1846
608
79148
1796
9453
686
8946
2304
2491
4342
2114
5204
36224
26405
15720
2519
2673
913
1401
2164
3296
1082
37537
24060
2986
1533
14372
2765
30931
63365
2183
23272
2972
16027
18403
1522
4052
2201
603
2328
18634
1925
12628
3781
8281
2655
33280
2399
28475
1868
2106
1847
7077
2885
29137
3308
31321
54527
1586
3017
29891
52940
2771
743
1054
2886
2667
2837
3078
39884
1280
2461
26208
16601
972
2632
53546
1453
3026
4035
3161
3520
3609
2226
2246
54438
1856
1546
11604
2038
1811
24004
966
4141
2403
1544
20936
2565
1268
3610
1183
1943
35376
1733
2032
33942
2171
2954
36829
1334
1473
51431
1255
3467
19981
4791
2130
3020
2136
14561
9562
18844
2962
2630
2825
2009
1569
94923
1977
2775
1793
1015
1173
17026
90028
31126
1637
1782
2104
2011
1199
2676
23563
1574
2311
1609
1263
1854
2661
22089
1678
811
21652
153780
1720
1569
24056
1808
51181
47457
28830
2220
2615
3475
2740
3398
1649
3263
1755
1346
2208
6534
25191
1076
3727
29610
2053
31277
4719
3601
1260
14735
1207
4122
14014
1653
1290
60792
2192
1679
1496
3781
53786
1194
9568
2825
1751
3245
12539
2465
2344
965
2431
1390
2106
27591
2802
2700
4698
1231
9495
2278
838
5895
1685
13936
3596
3819
1418
3322
19354
2928
18369
2550
1468
1656
2546
1976
88676
3173
14143
2444
1907
56528
15241
1763
2353
1217
34359
5215
3561
2715
9478
2577
1324
2527
3303
2883
3725
1444
1984
2422
1930
2573
3438
1188
6087
19839
1292
3238
20927
2340
72054
3189
1642
1816
1618
2394
2473
1164
2374
1102
2803
15830
2237
48384
2897
1807
3143
2793
1352
2555
11184
1766
2918
4445
1133
2888
1007
11631
2730
3166
34466
2864
2297
5350
10793
3070
885
17042
14657
45000
3037
8177
2027
2002
2866
20117
18955
1584
44769
45834
1224
2958
7434
2372
2314
784
2906
17001
5350
1002
14188
2926
1815
809
2840
11864
19325
2819
1979
2689
848
1952
2009
1529
3191
1227
2747
1633
24570
8882
3654
2698
2254
1368
2325
2048
1109
13606
1690
40981
982
20528
2286
2140
1846
1604
62582
995
3356
2783
3064
1412
31147
1483
1480
1840
1845
3445
9690
2773
19858
1649
2834
44248
22242
2390
2260
2940
1375
2017
2947
4232
2172
9534
1511
1424
2359
40494
2852
1846
4900
2924
1611
1186
18944
2396
1891
32482
3007
52062
2913
3488
2638
2810
6652
5165
2563
2221
2832
15947
1374
793
13282
893
5256
1383
3096
2519
14483
2943
26687
2117
2041
441
3861
2051
1372
24809
1390
29952
1729
2204
7097
1427
3628
2043
6533
2096
19419
1235
2897
1997
4461
1277
7642
26738
2135
1613
2631
2676
16106
2038
3225
2008
45690
4756
9825
27064
1810
1537
51362
2053
2210
2039
2077
1979
67535
2228
3038
1992
1527
1441
1455
1464
2075
5782
1788
4284
2844
3078
6622
1863
2634
3295
2504
6864
14577
2308
1722
2396
2308
2122
2875
1041
66745
20720
1931
17404
3116
19639
1771
2053
25674
3005
3233
2285
2064
49195
56014
2819
2251
3145
5774
2516
2634
61579
71640
1416
1614
2326
2619
35688
679
31356
12046
1974
9497
2172
3342
6729
2646
3496
12663
13562
39895
3231
3084
2413
21250
2323
58461
1817
53547
16568
1390
30948
1436
41685
2945
2816
17934
1578
56802
64615
55659
2838
21358
12712
3348
40622
7277
1228
3095
20284
2996
2936
1726
3045
2560
1391
30096
2078
3027
2446
1253
1234
12361
2336
50571
1297
1966
12161
1878
42191
5402
42856
1042
3380
11827
2290
45114
1882
553
1747
11512
968
2603
3183
4699
11805
2986
1484
4733
1964
2511
6008
3267
2964
24438
3832
623
23338
11835
1100
4341
17189
2567
45797
1054
2439
1143
2525
740
2583
345
11128
5391
1030
3074
2533
82203
2101
3082
44061
1494
18628
2013
4084
765
2848
1364
2688
2923
2952
1275
2644
25981
1565
2892
1186
28102
3266
3212
6677
2789
4364
3007
1511
23052
2096
2236
5226
2795
2081
2620
843
2251
39449
72675
1877
3450
2501
80725
1168
2170
13833
5520
2329
2728
13405
854
1342
2025
1231
2271
1939
15058
2239
3967
11906
8777
1740
28021
2915
1043
3553
2018
3117
2885
31445
3291
2837
2824
55368
1303
35028
4461
34909
2124
2229
3702
3508
2802
4694
3646
21619
2034
11525
3727
1683
9382
2704
1875
1901
3071
1286
7525
2073
2552
2379
35914
2720
12653
9117
737
1407
1265
1678
963
8271
2097
2470
4087
28569
3353
14523
1315
15877
13159
2523
761
1262
21293
1047
1769
1798
2066
33494
1133
1390
1938
1945
2937
2144
12552
2803
17610
51050
1871
1176
3445
2897
9220
3183
1925
52726
79495
1717
1414
9976
13733
10382
22102
1747
2332
2871
2507
4095
724
1481
3066
1831
536
1900
1063
40003
2578
914
1063
1337
17062
3429
1377
2044
36832
2763
13852
3822
3483
2063
1381
1517
2616
81929
2436
22725
13404
1765
31504
1560
1831
2757
18454
1645
3713
48392
16875
24353
7588
2274
42343
4212
1147
2885
1850
1847
1492
834
49009
12376
2749
2255
1381
9282
1962
48377
1840
1435
7476
2014
2705
2328
1084
1927
3281
3021
10244
1664
4090
4240
2929
18777
1317
31397
2825
2318
2490
1662
20787
1517
32867
2821
7543
2912
48004
1131
3416
5377
1964
2452
2339
2105
18452
4128
1325
2884
2664
1485
2150
3798
1425
63930
21709
46498
5768
1681
926
3015
2875
1845
3724
2588
39583
995
2097
2931
8516
2873
45367
12959
5137
20094
2527
3325
2026
8876
3083
2585
2516
7562
50125
2238
1727
3409
20864
17790
1329
2212
2812
49871
3890
22993
515
2457
4086
1731
2471
15574
1379
3863
6737
2439
1001
1578
2538
2724
2653
926
3277
41814
59373
2718
2423
2054
29792
3215
3733
2096
1715
1854
3056
1445
1703
3698
2118
29932
3684
3097
2850
2822
44162
2610
1465
1873
9070
3564
16215
3422
2989
3649
11571
2928
4013
1310
1999
38800
2928
16131
2212
2201
2206
2529
2271
2514
14497
1952
2872
1291
17752
9611
23921
3793
432
6244
9424
2294
3282
1332
2668
1230
2030
32767
14682
14359
2056
1490
1538
2378
19954
3561
2250
2848
1700
13613
2547
3303
2184
1141
2018
2848
1088
1335
2520
29851
2866
2295
1349
1043
6468
2939
2700
1649
2677
3125
1116
3291
630
4948
3206
2720
2521
22867
51964
1476
14915
2299
60197
3912
2029
2516
13127
15062
22461
4131
1189
808
1811
2657
2219
2695
3400
2019
2734
19065
1169
1625
1385
1541
6206
10457
13692
2505
2157
1487
5232
1926
1271
1232
2779
897
30515
3468
3016
3232
9154
5536
2340
1395
1840
43355
2094
3298
1932
2638
22926
3941
1100
23811
3168
1005
1850
2195
3281
1660
2400
1789
1526
1768
2647
3457
1265
61248
1593
2712
14432
850
2291
3258
46213
4259
27428
2008
28953
51812
65300
2386
3700
15507
2882
2775
1722
44215
13993
18760
2791
2483
3489
2223
4772
11483
2469
9269
4310
1589
5368
1123
11169
81914
83165
8325
3180
1408
2157
1302
2691
17267
2313
38841
35454
1083
1911
35757
13468
15808
1457
22553
2667
2475
6816
1777
16114
2444
1532
32480
14893
40780
1534
10229
3177
2235
1126
33801
13211
2406
1625
1609
1642
57372
26090
1643
39285
3298
7036
2697
2425
10307
2673
2737
3097
809
57460
2845
2715
2639
4474
30021
78925
778
17626
44630
2428
3019
869
1623
1003
6848
29254
1443
1407
987
1828
3458
1834
21911
20886
7297
4259
3321
3394
1896
1470
2125
1704
78401
3194
1304
2060
27761
16034
2872
4908
9774
2814
3037
1423
1247
51602
778
14511
2112
2669
2679
4641
1996
18931
2534
16539
51006
3230
19088
2063
839
857
2236
2113
1386
1704
70173
1210
4920
1395
36215
1744
2892
6569
2202
34321
1671
895
28040
2553
2180
26708
1025
10751
3007
23628
1169
14272
14703
16470
685
56293
10622
2810
1447
2284
3387
61255
4513
43250
1040
8680
2891
2850
3542
3772
1228
1594
4035
1352
3835
2666
20538
2539
2228
5210
3084
2001
1663
2651
3123
20901
1411
34896
3372
4305
2169
2021
1420
2232
10597
1976
2373
1124
20267
1452
56563
3069
1707
3531
1518
2324
15319
2275
2289
649
2923
2920
1034
9598
2422
8301
9573
14827
25441
2702
2373
17924
2316
54132
2633
1809
1507
16516
63220
2519
1731
44758
8975
26140
6391
734
4447
25168
1788
1722
2302
1899
58601
3193
2671
2985
2582
3121
1491
10023
2553
3194
602
2257
1980
72256
1780
1937
3323
28213
4038
2176
2436
2901
3378
2869
1204
1076
3481
1963
13756
2047
1537
2759
1527
2648
1533
38032
53183
1476
2966
2484
43956
2766
2624
1679
52026
1926
2601
3869
2335
5667
22420
94797
27682
2638
2601
3435
1466
2406
73162
1198
2958
18471
899
113334
1240
1328
29772
2357
19360
705
2867
2081
48834
2128
7467
41541
13717
1304
1301
2941
9093
5091
2947
1245
1679
2400
1203
3390
1803
6629
1978
3274
1105
1479
2480
2301
1202
1327
8263
1731
41563
2838
1325
2641
7982
567
49254
7786
65952
2045
1856
2919
1472
2062
1635
3517
6792
1897
1400
3103
1764
2412
2527
4065
31883
25632
77760
21408
2320
2440
14393
2027
1274
14984
12119
2057
2921
3541
22761
2793
3135
1060
2483
1666
30234
1552
2230
681
2527
2617
1753
2653
2854
1360
2854
9666
3627
1184
35138
967
2549
1033
36841
18110
3535
1337
2886
1824
2047
1086
2732
3948
1298
2696
7402
10194
17066
1749
2468
11346
4168
46402
9975
1252
7382
52353
1291
4596
2443
2375
720
3185
21946
17827
3551
1606
8096
14273
2443
1327
2493
25678
2687
1415
2619
2119
11104
4490
3687
1420
1713
2141
1682
1695
2256
1817
2312
4123
1781
24627
1603
2813
3625
3655
47456
2429
35964
3685
27096
2235
2943
5104
2207
1540
1863
4296
2636
7446
2925
12004
2815
78033
873
1134
2021
1938
9517
700
2558
3216
28583
3308
40237
44053
1360
1928
33037
2057
1851
2710
1418
896
7904
2177
1625
872
2016
3620
1710
5995
5047
2795
3182
20735
1271
2312
2495
2198
61958
38148
2941
10177
2434
978
1435
1996
3192
1500
10851
2529
4918
1386
3603
6056
2609
8583
1445
1223
3877
12743
1709
2633
8916
2006
37908
1786
55753
737
2661
5290
2224
2934
1080
3346
2553
30796
2303
17855
12018
3768
22937
1398
1074
1697
22520
30597
2085
2351
1530
813
1447
14110
2834
2128
3375
1088
42007
2359
2283
5047
2467
2199
1647
4449
1547
23168
41594
6358
2317
1759
728
12601
2637
1183
1559
2201
2039
7777
2377
3024
26295
56243
39163
2149
12373
4063
2322
76292
2386
3683
8382
5684
1651
1722
73982
9771
1769
3427
4636
3542
6113
2266
2482
2437
60654
28024
4167
2874
1772
1799
3110
3072
20736
22463
9150
1468
11717
2511
3150
10796
9140
8567
2443
2629
1564
7684
9718
4013
38905
6990
1245
3545
1747
786
2663
812
1782
4296
2726
1839
3050
4536
1363
1765
17890
1936
33870
1660
1039
780
1111
12113
26533
6181
2196
1915
2997
41073
1775
7529
4371
2551
14471
2897
3341
1114
1844
35730
27706
4285
2248
40384
3004
85400
2444
2537
954
813
26414
98295
2529
1163
3076
2303
2814
2556
10868
2666
3242
3707
2128
3381
1183
18302
6447
1691
15425
2467
2335
1938
2989
56721
2866
1115
1311
1735
120405
5390
2586
2412
1666
2738
21201
1357
3182
7338
1935
13638
60395
1650
973
1017
1924
3209
6634
3537
2818
9467
1932
7965
1141
7430
2542
1953
17646
1860
3736
4956
2609
15604
19415
40677
1834
1403
6873
2082
12569
3383
3742
2027
2459
3455
7627
1470
1744
1446
2555
1809
2185
2817
3552
3840
3190
2610
1426
18089
1689
939
2550
2368
2763
830
1649
14598
2896
2812
2752
35074
15637
2931
2660
1145
2069
2204
2987
1520
2685
1492
3164
13764
1926
9977
1458
14113
2167
1750
20860
48591
2162
2570
34405
1083
3354
2159
2232
25128
2719
11297
3363
6172
3907
7037
13166
4812
3051
3174
7392
3507
2683
43721
3226
21254
2188
1082
2260
2296
4321
689
933
2605
42566
1907
2208
5675
1451
2402
1532
2781
2850
1629
2198
20081
1375
1183
23818
1622
2767
1562
2499
2813
37326
16085
2510
13502
1635
14383
2570
3585
27419
2943
3646
630
3575
10232
950
37275
1303
56726
2119
24727
1563
1886
5380
2366
898
2574
31579
3824
1521
4028
2426
1206
2924
2955
1613
2082
1943
20871
907
2060
9040
2487
1566
1274
11271
45617
3351
12243
2178
11034
25512
2271
2880
2785
2173
2105
908
1902
19054
72022
2790
18424
2925
2283
28702
2795
485
29867
2621
1083
3602
1953
29987
1644
2700
3352
2892
65629
103200
2190
24509
2355
36924
2084
3271
3626
43958
8284
2635
2373
29808
8303
1430
2355
2130
25421
2336
3606
3128
2173
2492
2756
70822
1271
3000
3483
6912
1841
2169
1162
13895
45964
3988
15962
3847
1799
2621
1731
2229
12548
2096
89995
58594
11230
2123
902
1742
2741
3393
85751
1315
82977
3200
2055
9275
6732
24133
2070
2175
1709
96833
3208
14327
34553
4819
1696
949
901
5011
39913
2403
2539
2521
5983
4148
2290
2608
12549
2567
1772
1698
3529
2033
24201
55786
10097
2884
20804
29300
1972
2942
3395
2431
2933
28458
33114
4137
1584
1951
5478
2230
5163
1611
2211
1669
2399
34332
2783
34282
13389
1520
2931
3644
651
21774
8505
4557
55880
1587
11177
44429
2278
31392
4256
2553
6730
14013
1478
2046
2817
2359
53336
2897
1778
1686
1449
27999
12244
29629
2025
12071
6566
884
2265
1590
26599
841
86662
983
856
31270
1624
7887
2088
10024
2106
2010
1693
1830
1844
2269
2701
2785
1428
2544
30155
8854
1982
1301
3132
1032
1487
4229
1921
17894
3236
1923
17134
14476
980
1602
21348
40504
2934
1473
3226
1506
1692
2879
3354
2160
3091
27841
19921
433
2098
2256
28740
1196
29652
2504
3157
31509
2199
2762
2030
2094
211483
1158
989
3436
3006
3192
86658
25346
682
2410
1679
38821
27801
9703
33398
12826
2298
9050
3005
3257
1868
1187
5001
2761
6144
1710
2630
5105
2348
1978
2171
3436
2704
2942
3156
3532
14289
3150
1495
19551
3859
2483
1791
2147
1034
2138
1136
2481
3290
10808
12634
2343
1509
1154
50963
2100
2684
3345
6402
2889
1815
7226
2270
19578
2781
13533
4836
2963
2126
1279
1603
2817
2688
2938
1765
29363
2763
3630
27078
2368
56481
2570
3032
2415
3619
3276
2330
1885
1321
6946
1553
6242
12151
2652
1677
1822
1643
37253
26817
4093
2732
1504
48644
1988
2346
1945
2731
3120
2738
13595
2437
802
3157
44644
9639
2089
17459
2210
2960
976
22108
23226
1468
2454
2752
3414
3636
21133
18656
25196
2589
4147
1370
787
1285
12849
884
8050
789
3034
1106
3379
4430
8075
2510
2745
20601
2270
2934
42173
13996
18364
2789
985
2504
16270
23821
1207
41006
2249
3172
1568
