4885
2600
2486
980
11733
31523
37579
1191
3011
25303
2945
3158
2468
2614
4007
26691
1837
24553
16015
7158
7529
2848
16224
1880
790
3909
2698
58749
1849
1393
13936
28010
15245
1809
1276
1688
9321
892
11479
1229
2306
3812
1861
13793
1684
13334
36243
19186
8199
11360
2289
13674
6905
2832
6912
2136
1039
106999
1043
3244
1271
3294
9020
1460
1856
3033
1857
1886
3752
4167
1968
3869
3359
7556
2617
3067
1541
10651
1584
3413
5170
2872
40871
3256
20748
1235
37059
1485
23325
2635
52021
41319
1694
2544
2199
1843
1721
2218
1338
2210
20731
1860
1920
2341
1050
1556
2208
1646
2430
3038
8863
22656
10793
67540
3246
1850
7355
1461
787
6082
2938
53927
3049
630
48686
2289
6988
3043
1043
19103
22379
4230
2129
1676
1398
4837
3036
2431
2783
7767
16729
1985
529
2218
26308
2652
2130
1498
2011
5115
1349
3670
3070
576
2047
100850
1912
2902
3559
3540
2586
21079
2693
20541
3438
4232
3023
650
711
916
1613
1715
2903
44799
1381
2977
3054
1909
7790
2176
3327
7761
56197
3555
2036
953
2611
1815
2465
3102
3700
5611
2706
33949
3064
9870
2809
2195
2263
1729
2595
13484
7293
1158
14286
3141
1207
10046
2647
2241
1615
2794
1249
1289
1840
91276
2546
1413
1813
5297
2485
3380
2353
914
1740
2661
30445
1735
2820
16106
1643
12815
1168
2134
2721
3357
2392
2479
8386
2622
1161
8691
4898
77847
2678
36094
3631
3144
2598
2122
2421
2639
2240
1693
9171
1544
4381
40647
1745
2433
2412
6856
15600
765
2886
2398
2328
111139
72104
17135
3232
1144
830
45418
2352
2972
1105
1844
674
37124
3612
3075
1890
1618
2406
2447
2045
1755
19505
2135
26787
74717
1900
1365
23760
1739
12964
30688
533
10170
14821
2949
1576
11832
2473
2379
2401
50550
1917
2724
3016
2453
1573
2818
1173
2075
1059
2751
960
22498
1710
3096
2006
26978
1905
1716
3970
17129
3706
1165
1449
1960
2555
2339
1481
56643
2721
37912
2284
17784
5641
2430
1215
15652
2588
1870
6645
2687
2833
1119
90340
999
3551
2951
1533
1992
1562
1328
1249
1128
1831
1966
17389
132706
1650
3112
809
7512
1652
2762
2755
1373
89610
31338
79585
14022
3289
2836
1234
8528
3576
2428
3894
19796
2651
2037
5015
37246
3756
2652
30176
2654
2119
1844
2693
2505
1952
1317
2192
2134
2666
1387
3231
2349
2092
19561
4992
15825
10626
2188
31654
2548
1787
2750
17080
2016
57143
2521
62713
1042
2531
2718
3799
2013
2465
2076
30841
2891
2540
3327
2699
52223
25284
3428
3145
7489
1106
3344
3707
2049
3811
1469
8261
8960
3170
1405
3445
15445
4472
2628
3638
20698
604
2811
1736
1307
1730
756
2470
2633
4089
26726
8638
2783
57851
6478
66547
11881
2562
16815
2339
1832
2212
2925
60092
1147
1938
2477
2036
2930
42668
53774
5147
1896
1973
46323
25850
15477
2948
67269
1626
8043
1271
70035
2461
2550
2200
3166
45881
18993
2501
29693
2016
1449
1271
19723
2720
1568
1124
1027
6002
1813
1538
23402
6810
2506
916
2552
2648
2174
2627
1494
21184
22911
2629
990
60381
845
5516
1115
7591
15706
2576
1515
2254
1211
2315
2801
1989
2064
1369
13243
1325
532
1695
2556
8920
6098
2596
2509
1489
68523
2882
2717
1210
1592
49039
3789
7312
773
3082
1339
3460
1871
6077
46383
2299
26223
3214
2605
2791
1691
5892
1042
1240
3161
2814
15816
1590
3459
19032
1110
2278
1039
2354
2151
23415
1593
21984
1299
3058
3160
2825
2991
1522
2709
15565
2988
1929
14798
2185
57705
3352
2807
4080
1120
3681
5504
1306
6554
3003
886
66249
48976
9043
11411
2167
2909
35228
1581
1929
2301
3155
1480
3317
509
8863
43720
2144
1917
2228
13610
2910
31320
2868
1402
1394
115337
20030
83348
2576
1545
2971
1467
17619
1200
3137
23889
1794
1424
1706
1270
1202
40319
2347
982
18923
3264
1170
2266
3222
2367
2593
2273
1028
2272
1783
1674
1332
5838
4252
1872
2454
4115
1832
25867
36121
15156
15075
1990
3280
18738
3025
3375
3102
3172
3437
16305
60540
1627
3386
103508
2642
3815
3130
33799
10991
12104
1617
3013
1290
29091
814
1976
2797
2930
8600
1356
32556
1354
1453
2050
37899
544
2461
2252
2121
1370
1771
2928
2669
1320
2721
1835
3280
1463
56401
8958
2141
3160
69512
1418
1253
6876
3260
3775
30976
2811
2513
2608
30804
10088
2317
8793
3392
1266
31359
2923
1486
1590
18633
2592
2520
2883
206730
6054
10603
1621
16301
1148
2677
933
23027
2875
19865
2442
1814
2067
3435
61084
2243
2319
1849
2579
4206
5586
2169
18999
18336
2109
10757
12947
60318
1459
36618
24016
82723
115056
1849
1538
1260
2093
1597
18783
2720
1301
1697
3294
1345
1466
4528
14407
3184
1302
4190
2122
1628
9213
4601
3249
2189
2290
38796
1885
2512
1256
987
10048
2394
2359
6561
3428
1437
2406
1362
2596
25419
1430
1868
19953
2562
898
2157
29784
2973
1600
1862
2524
1321
1541
935
1732
1912
3957
20307
50198
63170
2377
2109
2640
1816
2071
4163
2549
5101
3549
19540
3397
2893
2669
1489
2705
11422
5820
1200
2326
679
1659
4129
2493
2736
8819
14720
20971
19228
2937
57730
1242
2832
1561
2361
24174
2602
18777
85613
2463
2654
1835
3707
3303
7942
3698
2870
2048
4069
96300
10943
2549
2186
2189
10102
2730
16533
185146
2800
2126
4148
927
692
2448
8457
53728
2421
9188
3034
2714
2420
11024
2274
36352
2964
2435
21827
2477
24196
1586
40958
2817
2370
3390
30464
1788
4813
724
11055
3366
2831
31747
2715
577
6764
1972
704
2783
1114
1944
49280
2349
13323
1952
2144
2518
1389
21506
2828
2387
1922
58731
2214
17375
3114
2813
1040
4416
2072
1014
82328
27088
2378
2048
14079
56562
1956
1803
66307
2787
1962
12353
13401
1883
901
6602
19720
2514
1905
3043
3769
4606
33534
3137
2832
8292
2899
30219
2894
2507
9651
2780
70805
2845
3000
15259
3348
2828
1490
24402
2365
4632
3117
1199
3771
2221
4309
13177
20295
29604
46609
2188
2376
4213
3154
2455
2100
1191
30240
2404
1811
1272
1150
46293
2818
10696
1393
1061
65749
1328
1847
3394
25378
20075
53884
3551
3037
2572
977
1437
2220
126495
3161
19530
1928
2111
13261
44149
47233
1310
27302
1494
2014
2978
2106
14069
3434
12638
27852
4097
2495
6253
2007
3146
3359
2443
39410
3873
1919
3024
3316
74861
12195
2313
1782
41852
1367
1762
1934
5742
3656
31874
2703
7829
30997
5068
870
11452
1725
12962
3494
9056
2435
14447
1970
15933
3346
1279
1553
1445
2129
1840
856
2769
1753
2320
3483
4504
3165
2900
2502
1228
2511
3283
1194
2579
17276
2858
947
8400
2573
753
2434
2698
1063
56679
10991
918
1430
2222
2629
3878
6666
46405
2081
2424
10179
1961
792
51621
2572
766
1774
1946
928
3200
1467
1827
24963
6231
2826
1844
2197
1843
3711
1928
2407
35650
2577
23128
2389
65129
39949
1432
1873
16909
2551
4595
3163
26047
2252
5838
2713
38831
174565
7010
1310
13826
7302
52864
2321
1241
1908
1570
3245
1049
1807
1678
2096
1664
2246
3541
2176
16163
918
3011
1289
161171
4845
3542
2500
6782
14774
2560
15427
19888
2809
20743
2444
1291
734
1854
1110
1609
15829
3388
2240
11761
2593
2496
3169
21426
10671
2883
1226
2417
9446
25924
1915
3278
2601
2539
1942
6674
10553
16547
1088
10452
2610
2075
1472
29014
1422
2945
11559
3531
10788
3455
2068
2348
1460
2657
2084
1647
913
38960
123363
634
2288
1885
2334
1472
1090
5638
2185
2491
2422
2877
3169
1894
51868
18745
1402
61520
21545
4065
1849
24885
2185
1733
14522
3266
1014
28736
3002
2290
899
5113
604
1833
2357
1570
2022
3926
1515
1213
4072
1056
1912
3141
3133
2470
1823
2464
1815
40570
6657
1206
18827
2088
1907
4437
1080
2358
6104
6821
6825
2619
25800
1688
2612
18561
2574
3379
7593
2188
2324
803
3458
2743
2269
13314
3136
1827
4101
854
2013
1347
2453
2492
3619
1893
1741
4060
2507
1223
1762
3119
2342
1952
2509
3366
633
908
2466
20122
2510
4404
30989
2281
33878
1603
1962
2684
2815
2265
26249
2953
1349
2560
12098
2300
13826
18348
3120
1823
2850
3068
13242
2838
1955
8648
1353
6802
1997
1714
2889
1139
2702
1332
2459
2635
2420
1478
2583
9322
1973
10787
26545
1411
4394
3517
2466
11013
1102
3509
2738
2929
2612
16664
898
4069
21371
3758
2854
2266
3195
60365
1874
661
8855
3458
1488
3747
11869
27462
18491
2265
2643
2822
2343
1646
2479
4094
19546
1691
21280
2428
2069
1763
20654
26477
1662
3429
2936
2072
48096
759
3106
40370
58637
41937
1559
3141
2261
2729
27139
13733
2699
1245
2884
2555
762
58206
71837
32851
1535
5325
2311
24125
1284
24876
1518
1408
2772
3586
6077
1422
3602
1037
1212
1931
2500
10952
36270
1104
2884
1519
22321
25960
11992
1125
1453
1254
11670
2199
1456
6452
27635
2874
1318
24828
2495
1710
27287
1355
2329
2943
3211
1862
1099
24687
1779
1584
3461
29267
1880
1197
11779
2564
1979
11222
31187
3062
4398
17283
891
11845
37360
3453
670
13974
1512
2544
50538
1262
1826
4516
3368
4320
29174
2355
42843
2173
32129
2940
2637
13663
2876
3764
22095
1265
1591
9244
2918
2588
8069
2075
2908
9874
1234
9519
8519
87876
43050
2760
1732
1789
2629
3111
2671
8739
2328
24205
1063
77087
2139
19280
6890
2087
1711
2654
24505
1841
2588
2529
11469
18782
2326
3185
2542
2244
64071
2782
2092
2611
2168
3477
25501
939
940
2205
1195
4416
3008
1008
3207
2645
34977
2624
1163
14723
11311
1498
2091
3369
1249
69157
3446
1506
14203
2664
2845
2957
47692
50092
24839
1894
19028
3084
3567
2634
2852
57497
3429
2588
4646
1980
1947
19977
917
1055
3301
2999
905
10414
2508
15074
2026
33096
2290
2089
1384
2022
2162
2051
2798
18181
24375
11817
1686
1705
1786
1943
2454
1198
1971
8909
2128
2043
3108
3059
2296
96634
1516
8097
2483
4863
747
26448
2719
13032
2944
120430
3672
3614
2042
15523
2926
25951
7078
7887
2733
1499
2254
2660
5330
3367
2666
22002
3450
7554
2884
1527
4367
51749
38862
1283
27887
22524
50147
3380
934
4223
2712
15625
2312
3037
36546
2384
2825
2477
2484
15527
66513
31428
5823
26871
4977
1931
2066
20636
18403
2100
747
3107
2827
2867
23940
11863
1668
2804
3402
2080
2173
4895
2048
3255
825
1963
58685
22973
10702
3933
54205
1824
10248
2051
3273
29032
3193
2019
2318
2501
1255
1154
5210
14158
27357
2643
1738
1772
3144
3585
6098
959
2535
1853
36798
2279
22273
2409
4088
7457
2156
3388
3603
2821
2920
3025
1907
2367
958
2003
844
4045
11756
2711
22240
1773
1604
7488
1432
1431
5466
1484
1076
2882
2655
4923
3140
2062
3116
5970
5146
30756
7671
1353
1858
1344
15701
3032
5291
2560
12626
1590
1597
1528
42719
2411
24732
1394
1541
33250
2453
1437
10348
61736
1765
1078
20398
1488
32736
123037
37905
1548
18306
2673
1741
1829
2625
3224
11931
3136
2291
34122
6288
22895
2176
1785
12745
2729
13529
1710
1542
3617
2717
3212
1011
1936
3198
16640
1877
1898
6998
36772
2437
1128
3110
3265
19158
3002
3803
31169
2610
2546
1662
26611
1022
3441
3013
949
1989
1906
1863
1558
2529
2957
15477
4278
3887
4185
1237
1290
2665
681
2550
7650
2386
2677
57680
1315
21693
1263
3025
58956
3582
3278
2782
2767
7222
3787
37537
1988
1139
2102
1723
64707
18092
3867
1569
3912
17638
2936
56001
2217
23267
2704
16355
15068
16746
2328
1798
2190
2597
8793
2213
2199
1972
41039
1718
2960
2750
2742
2698
2142
10585
1583
2217
2864
3235
12128
1769
1567
7767
2878
1689
1340
24573
1097
3264
2283
3234
1840
16646
1560
2952
2517
21065
11371
49428
2689
2101
3356
2011
14761
13169
1386
47544
1530
30336
3898
45580
6477
2353
3549
26627
860
2570
18416
3587
4041
1865
1707
2208
118207
2181
9604
2453
12433
1307
2823
1833
1405
73813
1492
727
40264
2425
1980
72452
6001
2515
2679
14274
2559
5861
1574
40073
1628
2628
2628
30356
17211
8864
2208
3055
3861
2790
24157
16051
4112
3707
19949
3163
44609
53548
2304
2857
3848
2589
2375
1496
2916
2148
1734
936
2367
3270
8695
3449
1756
3244
989
1592
20829
25740
30254
1949
2136
3020
2673
3865
2221
1953
2067
4711
1343
70282
2926
2531
2490
1182
2266
2219
22779
6037
1377
29244
3030
2057
1148
1027
2711
33241
4009
804
2940
1773
2845
1877
2329
1723
2255
1629
38488
823
3234
16314
2034
24402
19310
32426
1077
1679
1449
1357
75469
2031
24604
1327
2530
3145
8738
2576
3478
53079
3628
2816
19103
692
645
2272
3585
1539
2248
2547
71490
27986
13138
14019
2657
9142
3210
3333
29527
2244
38217
2233
2007
1906
1130
13179
54333
24775
1137
1194
4148
73201
11071
22677
2154
2131
1628
13243
2845
2477
28020
66701
3539
22470
8369
2533
667
2759
2781
1481
2309
21173
4661
2340
6515
2491
29468
2042
1566
3749
2721
23797
1004
19912
8722
45910
1959
27906
1324
3067
1780
23538
2674
1139
5869
16642
42101
1272
2564
1411
3406
56292
1053
2382
2784
2295
1998
3585
4163
1362
1685
677
30826
2127
2996
21853
11247
3100
14350
2233
936
758
2768
10915
2590
2638
2146
2410
16916
997
2666
4169
809
17537
20486
2334
2005
14383
1178
2623
2873
1676
2794
2876
2217
2258
2812
2719
21216
39344
1592
45890
759
2969
8929
2551
1910
1725
46519
578
2076
1469
1165
24094
3046
2674
3240
2184
55286
564
2363
25057
646
1713
3968
2218
10059
6101
25780
26805
3402
1991
1945
3970
48284
4806
1011
2564
2399
44920
2214
2661
2427
3075
1421
1497
16369
2563
2959
1957
2200
25752
20247
1722
771
1477
37989
1729
2243
1926
1666
2888
3025
2378
21782
3006
2313
1594
1320
3017
3180
25159
1946
1035
10677
2535
1866
5204
16261
1471
1775
1878
2222
17655
6075
2450
940
3870
1243
3619
85221
36889
2583
12067
1720
3109
3446
3141
11920
3295
18983
2352
2375
2181
30015
2073
2809
1620
1595
4614
2307
1245
1931
2854
5920
74857
20658
34709
2345
2952
3452
1835
38218
1575
3171
2435
2864
2562
3281
20985
29755
1284
3041
1175
37691
3664
1605
2101
890
3187
2116
3190
2009
3935
2322
12377
20680
1079
59251
45508
2054
2383
2898
24509
2841
2880
1610
2516
2473
29852
2391
17655
16559
7200
28705
36442
4445
79054
1431
2685
9397
2306
1571
2381
69560
2293
24693
2448
2131
3282
19515
48609
2623
1770
2133
4122
2571
2879
1340
74443
2124
3101
13726
1738
15791
2610
4067
1366
4669
60196
44012
1397
17229
34680
1413
12742
9984
3863
29660
7904
2642
1821
16721
2195
39602
7691
1870
2219
2912
1703
56609
2484
3002
2859
1154
2679
2841
3264
938
1510
2110
2739
1156
4194
1769
1872
43277
2167
2124
1737
2175
2925
2053
2589
2982
29312
25646
1237
2554
1870
1843
5768
33115
4876
1660
2651
2143
3231
2192
1220
1166
1038
1564
2977
16606
2702
1988
3666
2049
1406
1463
2291
2369
23595
78540
19612
4128
1685
1174
1882
728
2866
2319
34692
3041
20150
40595
5905
1850
3011
3475
11986
12517
92587
38006
2048
62826
1801
3664
2997
12225
2212
2603
2869
8156
3263
1712
35686
2282
54088
2253
2371
102353
728
2425
23926
11674
1794
3582
2252
4803
2149
8047
26939
1827
4412
2777
3419
10938
1528
2452
2098
3749
1311
30003
1233
2622
27594
2544
2146
1344
4273
31142
2544
2815
2218
2117
2851
2014
75181
2445
2627
1430
38408
2070
13301
4045
2050
33090
8089
2125
3234
1520
2219
9236
17111
2009
10188
2655
16829
22478
15943
1600
1279
1861
30143
7736
1883
1048
9330
2290
2732
17173
2470
1900
1921
19506
2974
2599
2111
19493
2343
1542
2620
2649
2962
15496
963
2906
1444
26515
19017
1492
3549
2520
71255
50794
2787
9201
2115
2265
4390
3226
1591
16740
2246
3144
2511
1696
2591
1231
1234
22980
3987
1971
1331
1721
1653
1532
4576
1481
3503
23481
3852
1884
2800
2547
1931
2429
1769
20041
21574
2099
85014
19488
1531
11483
1399
2182
12142
2144
2886
1190
3409
3275
19598
4444
24510
39765
1535
3855
2325
11471
25726
21571
14062
3171
3746
3443
56624
3201
3874
1490
3108
23037
2675
2696
2986
988
2653
1443
13967
2193
3416
2320
2101
2376
2608
1514
63388
15286
1216
1353
2101
2928
4825
2160
2542
3170
2488
11278
2907
11355
14034
1119
1174
29897
725
2961
1854
1889
19991
103243
2263
16467
3292
2213
71317
2491
8327
38305
2793
1981
2124
1036
1968
4741
16128
3663
15234
3153
1825
2261
1757
2404
2189
1976
3302
2219
1641
2349
2365
2414
12590
15320
32731
1856
2052
998
9182
3033
16812
7470
23684
3159
2268
1127
3357
2377
2091
7180
5116
2476
3795
1323
3131
2034
1911
2134
1553
822
1977
2545
14639
2317
73290
2201
3437
2059
2342
3205
2522
733
1970
1972
1733
2361
30506
1690
18203
1522
30219
4389
1652
123034
2192
2750
58015
4017
2760
2505
2841
9972
3376
2083
2963
1835
3522
2472
1896
8372
3333
1107
14041
820
1652
1648
17597
3287
1863
1232
29079
1088
444
2273
704
72961
2233
2921
80691
1359
983
1231
3173
1744
2551
1982
1899
2952
11381
2652
39341
20586
48271
9013
42441
13669
1775
2807
2886
1843
2438
1422
7286
1494
55603
2833
2226
2390
6630
1600
1901
1245
1436
27764
2810
2672
1158
2721
1060
2011
1316
8931
2170
1876
2824
28228
1048
1941
1787
1982
1296
33897
1746
3202
1506
2891
1178
21045
1830
2854
2740
2668
5869
2750
1495
26292
3326
94634
3478
1803
2516
1241
26355
1455
1556
2661
39557
675
51049
1634
2308
2791
2895
18757
7333
4616
1705
11476
3087
1392
1849
62302
2673
57952
1407
19166
2492
72623
2812
3167
8108
1819
6515
11615
2289
1191
9155
2390
2983
65701
1398
5084
3348
1266
1952
1365
5850
21391
678
708
2478
40562
20373
1926
2897
12893
1980
2947
1002
1339
2246
918
2320
1864
2865
1035
2026
3446
1358
2556
2370
2196
19911
3121
1964
2126
25421
17522
19075
2441
23550
13561
2940
10019
3439
2308
17517
2042
2067
2432
1839
2483
1577
3026
1549
1696
3373
32214
6451
11948
3753
22325
3467
2361
24142
3522
75272
2244
1420
3058
3670
1863
2549
1428
1950
1944
92375
2023
12612
912
72510
1430
3474
2195
2879
37476
8723
1834
2317
920
3259
7801
2433
1382
2224
1981
2288
10681
1410
23804
7211
1731
926
3371
1147
40100
2049
15373
600
3213
33031
4325
2356
11626
47390
61740
23289
1811
2027
1543
2254
2519
2100
12658
1807
3475
55178
16907
2977
33926
1381
3808
1106
2043
2220
2587
34021
1928
545
41863
1184
4239
2818
72188
2708
2259
1696
1660
1995
1436
3763
2852
8629
1604
23402
6213
14468
3150
28848
2221
2770
885
2444
83452
39274
905
3940
2781
6255
1168
87900
2698
3376
2646
29259
56964
2356
3077
2143
1668
2742
2912
979
2381
3616
6875
6443
816
17217
3495
844
3175
965
3193
1714
1278
2158
1905
36652
2105
61091
3826
17787
6653
1887
40293
3984
45406
13087
2692
2932
3868
38571
2283
2847
2131
3263
3566
21852
2796
3333
1545
50775
1061
2806
58034
34399
2465
30301
2532
2101
2130
8524
1779
2665
4008
3634
2569
3315
850
4693
1183
29547
3119
2446
15694
2218
2835
1503
2426
1907
17608
892
65739
2563
2476
43784
2470
6942
1990
1095
1731
46961
3190
1963
942
56685
69523
2237
2534
12995
2025
1082
3005
2709
2071
1647
2887
2550
1704
1296
19495
2275
2299
1619
84285
2502
1499
1680
3938
2530
2704
2488
7602
10442
2317
3122
2630
9494
99934
3044
1968
3501
41013
4332
16371
3191
2700
4111
2877
1532
2307
2967
1540
3147
2660
4007
3166
37247
1277
3954
2411
2560
1701
3303
2904
1907
30995
3480
4217
3054
3245
54398
8338
4837
2980
582
1647
64632
17519
46901
2839
28454
4597
31571
2640
3367
2774
1862
36466
14508
2525
3280
2686
9035
3371
11943
1875
4787
1644
2616
28853
1828
15487
4320
854
4684
16566
2073
2194
19507
1999
12302
1634
2524
2807
11312
12076
1926
18803
2444
3082
20430
1384
2991
958
3443
949
2646
1590
2874
3033
4452
2245
904
2333
1780
1520
10980
2808
2851
24712
2528
3790
6697
2262
19923
27030
1414
26471
3177
2361
3678
2659
72714
1725
2065
2080
8644
25345
1687
628
4491
11226
49339
2671
1610
1464
2873
131845
19490
2748
873
13956
6289
6970
25617
30923
6987
15854
857
3088
3688
1583
2345
1670
39229
4008
2163
1889
2963
2005
4270
1413
1171
45659
2595
14130
2734
9870
1482
2034
3289
1266
19623
52114
2276
7000
4880
2717
1744
627
2747
4360
3836
8769
12703
58944
2061
1281
22601
51491
1728
1473
41615
2812
2707
2792
2157
2049
19672
15517
3623
1358
3407
2327
1352
1124
2838
3192
4243
3862
45897
3687
2396
2835
3309
2528
1985
1826
20402
45200
2915
2746
3238
1064
28542
5124
2039
32181
11723
24899
35417
38563
53856
1991
21674
3879
1313
2058
18992
37271
2708
2562
1821
2415
9006
1986
2749
2787
1868
40216
1958
1376
1210
37293
2356
2340
20292
17870
903
1732
2407
6263
1771
9160
2843
8353
2395
47641
30867
2436
1946
2477
1598
25961
4451
48662
2380
3373
2387
1787
3442
4770
12934
1937
14282
4452
2613
3006
2045
22740
997
2316
10841
1180
2311
1118
2319
18832
1732
62847
1569
2196
2806
20131
2735
32677
2153
124719
15289
2378
2737
3496
1686
9885
3190
546
6743
1063
1833
2655
4808
2431
4345
2505
1343
1656
22104
3717
966
9146
2304
1377
600
21345
5925
16745
3559
44982
3344
1888
20631
2409
2272
8172
2437
1885
2730
3346
3477
56175
2365
3270
1659
1774
2285
4842
2498
92267
2516
3701
15585
12565
87858
16781
19361
68307
7498
1463
35868
8358
2106
2536
523
2762
49237
3258
684
2004
27821
860
21167
2191
29618
6436
2749
19764
26731
9730
7842
50627
1589
10340
51248
1691
3440
1707
2460
1756
1746
3736
1482
2177
3837
2245
1998
2539
1387
27489
6386
2370
7435
2602
18558
1439
48597
50298
1857
21317
80336
1631
1949
41976
15648
9516
2883
3001
2697
40632
583
11991
630
2226
4184
3432
8067
2830
1873
3957
23646
26603
1129
3561
2083
1990
1497
6314
43375
2969
1084
39851
27316
1911
3757
3137
1005
3245
2400
1278
12442
2837
1343
51783
11518
14528
3042
1963
35995
3657
2163
1732
2075
27919
2947
3555
1221
39720
30064
2991
1637
3345
1956
40509
4097
2747
3459
7744
6771
1578
13190
59876
43853
42179
1843
1250
3178
3583
1314
3100
8622
2161
2870
2428
2638
24398
3343
2825
24570
10222
3493
2518
3005
1732
1336
2589
1297
8326
2549
3171
11744
1681
3287
2344
2450
2916
2038
3261
14783
1821
37568
2755
1388
1520
7829
1818
2013
1467
2716
3242
1305
1298
12150
6941
22822
1884
3584
2643
21567
14238
1353
6797
2872
1457
26215
1207
2679
2082
37781
1512
958
7733
1324
90385
1814
2169
2431
13471
1381
2329
3695
18128
3927
1355
2391
16603
41455
24960
115721
2632
3313
1941
3437
12112
97027
1936
2050
2865
1232
3281
1218
13217
1032
11723
2316
2039
3716
2875
1411
1438
4386
3263
24773
2391
8352
2199
1153
1682
1827
24157
3250
1400
25805
1931
43532
937
30059
22808
1758
1056
2962
20129
24379
1186
2646
3068
12189
5575
2593
2055
25172
1866
20608
63402
3322
2637
2503
2506
2129
72623
1446
2097
1175
2213
2831
48324
2661
23232
2315
7012
2815
2287
2290
2126
752
2351
4773
2757
3417
2071
17289
2492
3686
2884
937
1327
1809
1397
2331
25567
2312
31157
2231
16003
22854
89224
668
2090
3735
28359
19078
2616
66272
3117
2075
842
3487
19525
2351
2214
3891
25635
2460
2524
93143
6188
70596
18769
2119
2514
996
2148
4214
2053
23790
40639
36609
29866
31050
1884
34577
2042
2992
34340
3384
1780
3137
4631
22375
63729
5944
1862
20644
3329
3212
3177
1989
1006
1729
11896
1382
1911
22810
5931
1124
27980
2173
2338
1046
2794
40891
35597
2670
2130
2430
2354
15646
39282
3004
4183
29797
2796
1249
1911
3258
734
1157
17266
1942
1322
2142
494
14037
3536
1040
3743
21168
2796
2713
1547
2752
82687
2594
2734
40345
25690
874
3606
3161
1381
3375
4318
3285
2525
975
4166
3183
1994
1410
1875
37471
1262
2246
1741
3327
5248
4597
3234
2315
6996
1995
3043
2707
2000
74535
2551
2140
3349
48590
3258
2753
1134
10029
1687
2382
2314
11000
2647
40571
1605
2734
3069
23169
1499
21741
3379
5127
16707
2479
4232
1218
8047
3613
2955
3807
1408
1989
1787
672
3118
2270
2087
1768
1472
1094
1927
2866
3949
1679
3638
32190
77726
1960
16885
3922
7672
2866
14433
1382
33548
1601
2843
9662
29232
1485
1263
2882
1278
965
46759
1419
2843
14975
1283
4170
2015
2317
2907
2286
1652
7708
2014
5664
1671
5446
2047
1897
17962
674
1938
1941
1031
3534
2581
2486
4224
36858
2823
4766
11060
5232
29282
9895
951
2511
890
1498
7371
24126
3120
2851
2943
4773
30335
2473
2019
12756
2043
2091
22966
1422
8164
2285
1521
3010
20358
3532
980
632
2652
3176
1484
3789
1774
2433
2259
7873
1421
3156
2684
1103
3935
1356
3140
24332
5219
2618
4472
744
2923
1768
20805
28402
3967
1604
2696
1309
2553
19534
1751
999
932
2356
1065
8272
36845
3137
1970
2203
3623
25480
1094
2834
2756
20457
1871
13910
17622
24278
1280
1375
40090
1863
2887
1301
1832
1346
13791
3078
2500
2172
3151
3265
8232
21199
5772
2018
10913
3965
79586
2100
2696
3322
10808
24842
59899
1854
3138
1591
2719
2622
1785
2165
38973
57360
2807
1726
1417
1729
1653
15800
1341
2085
1859
2125
11909
831
1931
2743
900
38038
99294
3465
2412
13973
3401
3490
1731
2979
3858
2019
6116
1112
15753
12256
1514
863
2034
2779
3467
3292
1897
2792
3137
23315
14889
2458
1966
1749
6955
3281
43475
1720
10075
1398
15941
16377
2266
2397
2474
3032
1393
36525
614
11920
14551
29333
3947
90231
50974
1519
10639
1586
1545
656
35479
2185
2657
25504
1611
27846
3812
10449
1340
2532
2554
1250
2920
29886
43226
2284
8678
2388
2383
79174
2473
17600
1843
2633
1309
2215
1234
1613
2561
653
20473
2332
3375
270
12971
1337
2410
2215
1762
2438
874
2798
70041
1122
1732
11771
1907
2585
15990
1795
2231
33238
1256
17581
2051
107816
22533
1268
2424
58805
2910
16876
692
9444
2934
2108
1811
2363
1674
3142
30467
2634
1281
1944
3470
3945
2428
1448
1029
15602
4036
1694
2574
3623
3878
2916
3549
2180
979
9338
1378
728
7617
3429
1879
5796
29464
102724
1662
3098
2171
78306
2830
2127
66550
20275
947
2482
14538
1720
2801
3845
2521
15594
1157
1726
1869
2790
2081
3584
12903
4425
19864
21058
17085
3632
1679
2653
2901
2517
32096
3000
1906
1848
11099
1619
1678
1506
2908
2478
1060
2841
71858
6322
2366
2018
1392
14091
2009
3564
2562
682
2554
4437
118599
2610
2176
45206
22571
4454
1838
983
2954
3881
1178
2989
2725
720
2274
1615
3512
1317
43381
2403
26289
15652
2345
3133
54376
3569
16567
1583
3265
47096
2122
2742
2193
24802
574
2856
2624
48898
3739
3283
3470
8617
1958
3077
2889
1468
1301
2959
2523
2488
2473
2863
2345
1925
1023
10716
3500
3753
1829
32660
41681
3421
18474
2766
2086
46653
16529
1676
2120
1566
2838
56525
11512
2447
25191
2487
619
3283
2798
1578
2556
1352
1779
2351
23688
35426
1825
2105
796
3685
1014
18526
7074
1560
1008
2832
2097
5035
9374
29242
47224
3167
14630
2190
2547
2978
1168
1648
1722
10474
3225
43780
1559
9933
1937
1450
1286
1965
690
2921
1904
2698
2367
1697
1674
2574
3286
5380
23288
2799
1581
7538
2999
3472
861
2729
1644
27677
51002
2688
3013
7461
10475
2288
2211
2906
2870
1289
1865
813
2411
2642
52217
50129
3022
2200
9795
33378
2447
2746
2995
2567
46175
2514
36927
5533
773
1818
42175
1193
2367
1592
66803
1317
2889
1391
1816
3969
1000
2109
1785
2026
2469
1418
133741
1912
5472
1219
1527
1620
1858
3129
3024
3866
48184
52901
22799
1254
11268
4468
3463
14195
1664
5351
994
2788
1189
1966
3743
1807
1625
3315
6411
1416
2809
2238
2433
3713
4164
6621
1009
47468
14075
1578
2159
34890
20882
25263
3915
26145
3822
12613
3112
23051
2533
2399
16927
1650
1190
1697
11812
39193
31072
23107
2590
17735
1244
3142
3265
3048
951
426
884
38587
35224
1913
3611
2160
5050
70362
1730
53955
13893
1478
5058
12829
2345
1754
2525
6111
718
42210
5916
1260
13181
1961
493
28278
4265
2531
39495
8270
10491
15449
2898
2305
2210
1842
66427
2227
2992
1408
2019
1982
2301
1164
7108
34037
28096
32809
2193
1897
3545
2161
1043
1157
1838
36343
1229
2544
4898
27667
3168
1062
2685
2594
4750
4907
2878
2110
4000
21257
2470
2154
1750
1274
2227
32509
2679
1556
1925
10192
4601
3442
3057
2651
1283
22266
60018
1828
34226
1543
19707
8157
4057
44776
1281
3097
1977
3022
1227
1625
3385
1652
1124
2088
86052
3070
1364
842
23446
2431
2555
2142
2162
42812
2471
4292
34001
1774
2749
2142
2430
1872
1451
55699
2124
12745
43302
1884
1705
5456
3430
1890
25052
2244
2344
11541
1025
20905
2572
1418
2128
3051
2819
1837
3302
71435
2952
2890
39987
2564
32631
4070
2246
1110
1314
19765
2483
5763
15817
1408
1185
2328
2477
3480
2107
3059
2065
3242
2785
2685
22851
20130
1356
1842
33883
3596
2279
23322
10797
1693
2277
3174
11689
3818
2911
3702
1358
1341
2763
2464
4205
42232
1015
713
2436
1850
15253
3436
2199
1380
51835
3522
2431
2928
611
2651
1339
2638
2281
15366
1443
2867
2499
3224
33627
4259
1988
1331
24126
1931
2275
1154
9929
1660
39064
2646
957
4130
2690
1711
2120
14905
47154
1006
3774
2071
1951
1149
2237
4798
8752
1352
2843
25144
1032
1241
11220
2438
1202
1664
2042
2939
1895
1768
1562
2208
16615
1958
624
2277
1669
14100
3249
1284
1873
46642
42426
30865
3233
3099
3776
2074
1089
3298
1324
22233
1694
3221
3206
1201
2353
15389
2900
16400
26531
3007
2485
1840
2667
2743
1967
17172
29215
5405
45565
40970
19256
18359
2212
1388
4148
2015
2692
2433
3932
1491
2357
2915
2467
1787
1551
18556
8952
3435
1797
6044
4315
2117
6897
3710
2501
2753
2521
2105
1361
22862
2327
22158
1813
2345
15441
2325
1830
3689
6365
2648
33977
17647
2964
1771
2683
2092
2024
2644
6136
2342
1447
23529
10035
2402
25522
4620
30580
18887
3411
17960
8117
17926
84955
43240
3658
1920
1726
1249
1956
2098
2192
18488
3273
2594
20513
3276
2224
65491
1799
2680
6479
3739
2196
1298
2669
2695
3125
1560
853
3308
2181
3393
33790
2740
2987
11993
3031
28833
1038
1450
2588
1149
5938
3388
6065
26653
3635
54380
1829
1026
901
6882
24142
1795
2486
2384
1732
2979
2265
3461
4256
3007
11993
31604
13058
1878
4929
2627
9155
1233
2243
1228
1237
1808
1730
1032
1598
501
3150
3612
65732
2859
3047
1457
2673
2102
29428
1915
934
564
26055
1718
1241
16782
1765
3302
1697
3123
2381
4594
2668
2820
1074
1487
1554
7466
25909
4046
1738
2708
2337
1040
3462
2622
2804
11705
2969
1980
39321
1084
57478
3600
1051
2443
1823
2496
2335
1167
2392
3110
41543
1040
6243
24184
45202
1733
2719
29068
3338
1613
3007
2579
1637
5187
2284
1951
1428
529
20127
4365
1776
1443
32300
9666
9181
1257
2520
793
31872
3446
2375
56361
21515
1545
3340
2639
35261
1349
2159
2937
1313
7962
1699
17794
1583
16465
2794
2389
2267
2031
2016
12602
2024
6729
1586
97221
2309
838
3336
15509
37730
30672
1473
1294
28960
12271
1934
2842
2817
2966
4401
14559
2466
5427
1762
27946
1521
1126
2535
7608
2234
2115
2298
22405
69797
19797
3400
2769
852
41170
1037
2372
4695
1580
4129
34351
1466
65889
3841
7564
2562
2284
2111
2614
75987
26455
60405
1744
10994
853
1958
2113
2393
1960
29062
2564
2211
3708
2579
28498
18435
1990
14611
2637
2283
1628
1146
6211
8349
1993
3185
3983
3762
2032
1477
2253
2328
3540
1739
2634
1905
2107
3058
25042
2210
874
3936
2031
2987
7469
22467
1968
1320
5788
2381
2584
64480
12516
3312
38275
14314
17695
5498
3115
2590
2623
4183
2263
11282
1384
2215
2365
23024
5533
55305
1234
2939
1241
3896
2263
1613
2013
16021
3649
2142
1058
1097
2204
1898
2151
1779
1510
2270
2273
1898
976
26361
2114
109347
35177
10907
1890
1208
2904
1624
1170
4648
3742
1672
1557
3720
1986
62008
2365
8108
6392
1072
1798
7631
2124
1901
942
2986
1099
3072
1487
1164
152848
1889
1243
16371
621
56703
2892
19027
34968
2557
28532
2671
3505
1808
32126
1202
53915
52143
2082
1342
2620
23970
1778
1945
49232
16340
1212
649
13806
20350
1803
1349
3670
3278
1748
10192
1751
1173
17012
3372
1376
3427
4221
1748
3468
3854
1285
8008
2659
2687
2323
2481
1772
2906
2930
12713
15316
2730
3587
2001
1439
3615
2247
42695
63878
1820
1621
6969
2467
3280
2957
96219
41848
40872
1651
61001
2472
17623
1460
2236
2823
2579
3330
1914
3132
2630
8940
3710
2673
2154
1312
1990
2778
13446
891
3122
5906
27164
24170
2965
2362
3708
958
2780
26550
2127
3445
24194
3993
8676
2322
1429
1448
1791
661
28569
1707
1879
3701
6018
1876
13003
39984
12534
2991
4813
56953
2642
3479
6860
14329
21959
36875
42048
1407
973
2038
3622
30403
4204
2785
3593
3332
21860
62930
7519
1431
1979
3493
48495
3439
2491
101860
117624
8058
26821
1981
2548
12003
3855
1439
2333
1851
71534
3770
663
3820
2668
5158
1822
3512
2767
34158
3503
1772
4399
2585
11368
2644
17557
4722
2824
45748
1725
39259
2070
851
2345
9743
1068
2111
1098
1454
12723
104398
379
3002
954
2810
3832
1228
24434
13591
3473
1921
1412
82562
3195
1962
2410
41992
2243
3334
18932
2182
3238
2971
5910
3088
3383
30912
10237
2880
92608
470
1466
29912
479
113614
733
2084
2702
2270
1664
3469
3086
2712
2268
2021
940
11567
2521
1878
2554
14367
1814
5237
708
1672
1348
1813
1854
1715
3698
2507
107771
11047
1695
1234
7981
2078
2439
1331
2065
3348
1813
19947
21081
1705
42916
2026
4799
2649
1347
2267
2251
2007
3532
35816
2064
6051
4012
3644
3391
65298
3275
3308
2826
3126
42689
1034
2576
1408
1600
2206
2462
6893
2798
3540
2888
2320
2745
2395
896
1285
1763
28528
3749
23235
3312
11525
39907
12145
19267
2107
43491
3082
2433
4613
3007
1917
10841
1386
6688
2500
1774
1967
64148
3428
3875
2943
863
18881
1718
2118
1514
1072
3211
8844
3051
2448
1337
3529
1925
1470
2668
9860
1927
3833
12518
2786
1055
14995
30223
1989
3073
2235
1907
24670
2433
1996
3387
3835
3504
3096
1194
11611
32231
8981
2354
2285
38906
2330
2141
2090
2752
3482
1303
3290
3896
3085
2968
2338
6518
10702
1602
514
2919
17426
2815
6025
1513
1514
25941
2376
2571
3206
39996
34248
2419
2698
711
3524
3907
29144
7539
1877
111800
998
54933
33425
10477
52046
1953
1429
2452
3323
3136
972
5537
2464
1751
26481
4219
1658
50738
19949
74990
2484
2756
76076
38283
13552
2763
1727
2345
2491
3588
2069
2664
1857
3765
1639
60944
1528
3001
1125
2591
2355
1303
53740
50009
9937
1941
2571
4003
3833
2805
15438
1694
44098
3324
17272
1468
1171
3964
24041
29624
52217
1395
2369
34450
2518
2404
10820
1144
529
4398
2874
1710
1959
4547
37749
2885
2607
56303
43952
1930
1001
2708
3628
2510
25289
5079
2293
22492
3045
1424
45939
35095
1756
44968
3082
16190
2980
1553
9141
2642
30375
1709
1031
22328
3394
2615
2639
2744
1903
3691
1786
2041
12686
2558
9107
1852
2431
2613
2535
2285
2095
2245
61828
66500
39276
1481
2575
16875
2339
964
20565
1913
2351
22703
52178
9712
7807
31463
1880
2273
2106
1661
4207
7000
13529
1194
2154
1977
3421
29289
6719
30182
28615
9201
4160
19261
2771
2221
3705
4691
6813
16048
2205
58398
1845
2051
55362
2875
1308
28061
62336
1477
1025
5219
2046
14091
2477
1126
2630
1571
18615
2944
8516
7078
1095
4233
9187
3475
883
2814
3051
56887
1973
840
2766
3054
1092
2080
1037
2016
20551
1109
1735
15967
1712
2359
594
3094
3949
33223
1942
23168
28100
2357
18213
14939
2787
2789
2743
2618
15529
2620
2789
7807
2852
3199
2719
2798
2523
1637
1351
34153
1058
2539
5813
82659
3383
1274
2214
1559
9424
7978
61446
28694
48012
42013
32123
523
11203
39394
6350
4568
3991
2717
1851
2164
2233
10472
15422
517
1664
2518
1937
1772
2720
74079
15076
118741
6822
20597
3069
1578
1132
18273
1821
39587
769
24499
2749
3098
10477
3187
46677
5026
8316
16992
55074
14491
2700
2600
1900
1982
3192
28525
2676
51151
3585
1943
1297
3779
57845
3472
79125
2309
1380
945
18279
2578
2000
1783
1618
691
1867
17488
2168
1847
2826
80460
8771
1381
2202
38323
1813
132730
3214
1485
2393
2287
2547
58083
1164
116730
28036
2997
53126
46689
48528
6554
2271
6708
4327
2053
46287
66343
4952
1651
10386
1597
2740
2659
11745
2461
1632
976
11041
2789
1282
2995
2429
13786
2992
6683
8020
1811
4157
3470
809
2998
2004
2781
2069
2881
4350
3259
3238
3527
3050
6023
11910
1882
1632
1888
1010
2740
1831
3805
4357
1454
3066
852
22176
3590
3044
10182
2003
2564
6457
2312
1712
2282
2562
2183
4729
2503
1504
22461
2292
2082
3127
2465
1619
1555
16781
3315
3199
11300
3990
6172
2536
1362
8729
1572
2367
1549
59986
61181
3600
1543
1103
2278
1912
14015
5942
3516
2340
3769
814
1825
57321
813
4585
2851
2058
1003
3275
1072
33068
1284
3005
2715
13122
13821
765
74042
1855
43051
15547
3432
3226
2135
3105
3242
1726
3330
1435
5072
2974
3084
1641
15752
1509
2789
3784
15581
2398
25824
2108
1683
2001
1554
3034
1598
1209
1924
12506
2336
3346
25058
18515
2776
1983
2982
1354
1926
3282
1111
3360
2160
5570
2542
1977
2155
18575
73843
3425
2216
1475
1309
859
102790
4537
18236
14005
2458
2588
13024
2497
1891
2296
4188
3110
1632
2096
2901
32146
2746
68049
3422
1702
1933
24623
2409
2544
2443
2309
1634
2734
2397
1925
949
1750
620
2585
48900
33536
2657
15422
1364
2807
2577
77676
1117
1802
4919
2512
1945
4313
1692
2029
2408
2499
440
30835
78172
2340
25306
20312
17877
22440
19323
2211
9123
2970
5225
20956
2080
1638
47267
46754
64767
871
6270
1858
3967
44969
1897
1187
48464
4018
2460
3011
40034
1259
1660
4530
2529
34854
20699
13768
1272
1388
40902
1693
2368
77851
18539
2232
2851
2088
2424
1362
35171
44263
2231
2838
1308
2752
24579
1532
2038
1090
3042
6491
2562
2735
2528
63344
2056
1577
2210
2992
2051
861
2920
79782
3150
3442
22906
2412
2467
910
2118
1447
1424
1912
2891
4239
2565
38803
1751
1492
2625
13057
3240
14794
27964
2012
1522
2540
553
2312
24437
2283
8744
34824
2276
1392
916
10903
1671
22027
2308
13473
63073
37117
1697
22022
2232
4386
2744
2031
1302
7006
2573
1148
2294
1023
4046
1390
2350
13979
1773
2848
3417
1975
2912
20147
2248
2943
41798
44519
17686
70369
11984
2273
2311
1834
15853
1892
1770
1065
21712
2719
1472
2469
2666
2379
1859
1088
2832
2511
41203
2857
3241
1359
2221
2650
1420
2854
2326
27214
1921
10902
5416
2455
2072
1773
27298
14441
2721
26620
12144
2506
3858
3716
17693
43981
2582
2896
2261
2018
3366
2708
960
1114
2165
3793
16489
451
30431
24426
2255
3231
2049
2840
10580
1466
2054
20558
3774
52958
2292
2157
1238
3805
13316
3273
9904
1589
1768
2288
2977
3753
9561
1345
3868
1965
2603
26304
2266
13849
1863
2563
2332
2420
2831
9438
1875
958
20263
2252
1098
10939
1390
49121
4084
8192
1349
2062
2006
1843
1912
1841
17896
2136
7924
2205
1240
1635
1315
1555
70398
59970
3116
2268
2660
3324
3017
2875
20906
3967
1327
20564
1105
10774
1861
18887
24771
60410
2723
978
1894
2816
36665
56998
51177
2842
1424
5861
26714
927
1214
11728
2830
1418
92434
1875
23335
2664
15563
1590
2788
42226
4748
10477
1246
4884
32908
75013
1512
3533
1827
11820
2162
17851
2438
1449
2755
13891
3406
10270
2426
1683
1175
2010
973
22995
1591
1253
17814
2493
2958
17984
4939
3310
2757
3067
15810
41298
15308
39002
21103
1326
2041
2154
759
2163
926
38662
40365
2883
33418
9649
2164
48458
3121
24328
2251
8575
8484
1189
3558
54328
1910
3824
1578
15752
2610
15198
1324
2894
2212
34568
2225
35082
3004
11297
3396
3335
3482
1539
34556
21490
2774
23782
845
13533
2525
127224
3608
12434
2761
2144
2206
1698
1544
5857
13177
12495
2059
2552
2542
45771
2396
2200
3753
9259
2591
2826
1474
11432
3025
3362
3119
14838
895
3259
3880
7813
2013
29335
3025
2613
1765
3802
9979
2795
19155
2429
1309
2542
1865
2253
33962
1870
1274
1408
14530
3252
8086
2357
1171
11753
1205
29983
13099
1981
13036
8875
36940
8623
1684
2209
13596
1973
4927
2160
2950
37384
24055
4610
1013
2566
1754
2071
2459
122993
1143
1316
2824
8472
2434
1179
1566
2684
719
13761
2354
20152
3625
28616
2841
3094
15735
1408
2641
4012
2968
2304
9754
1717
11260
40628
933
2670
1973
5136
2927
1793
2871
1118
2327
3283
60336
2663
1911
71959
3053
2872
2351
1438
3927
2774
1724
2250
3028
3098
1736
34849
3519
2826
1985
725
4547
29918
6395
2018
56074
14895
1993
3284
2825
3384
1353
1091
1624
75136
2159
2722
2092
714
2073
2383
1806
2814
1798
17220
3240
1336
1451
28914
15842
40043
19031
78564
1329
1897
68906
27878
2623
1436
1312
14567
2552
2394
1441
4569
47309
2865
2378
15308
3945
29402
2629
2420
711
5885
31017
1802
2155
49770
29413
14535
1804
1477
86317
29474
56181
2705
32028
13748
25387
1567
2813
3517
28620
3440
82939
24700
1634
4224
3363
2948
1395
5803
2996
2019
2964
3180
879
33149
30712
1139
1119
9072
3872
3270
3559
2739
3437
1641
9259
2207
2534
2064
2480
1906
2824
790
2324
1898
2373
746
1801
2083
2739
3270
33035
20116
1990
1595
1598
1452
1962
818
2441
20354
4309
92053
2074
4590
2563
4052
1906
3389
3317
17504
1938
1819
2682
2951
3392
23492
22843
2816
3112
1584
4035
1230
28658
2727
89697
52190
57959
13636
4301
2184
1437
3850
1319
3142
2148
3426
1693
35441
5209
967
41397
1361
2455
10584
3314
6238
3349
628
964
1886
4487
5219
2926
3004
3251
15451
10590
15671
1770
1033
3033
2013
3527
1240
3782
2911
2523
3371
3114
3343
2423
2415
83273
1586
31678
12121
34918
13705
11737
1361
14701
2528
29970
4162
1893
1355
16546
2746
1488
1939
82219
9441
77382
1289
2945
152544
2404
3251
2862
73788
3594
2512
9456
2054
1353
54183
1537
1980
18170
2460
34115
2906
2335
3304
1779
1058
2938
2606
4726
2161
3474
1228
1905
2516
8992
4873
1445
12536
2216
3087
2126
40193
1837
3139
2569
3670
15021
3560
17862
3266
2750
2870
24685
2283
1293
1869
25117
2919
5840
2210
32933
32458
1648
47420
1891
1762
2775
19478
37708
2529
18968
2691
2825
2516
2840
7730
3546
2767
9558
1129
1834
4730
19187
3829
3313
2301
3358
1464
2353
1980
1470
4235
2523
2212
2622
3524
18933
2982
15452
1552
1757
22567
2456
2429
2803
3100
1967
1689
1601
3743
3405
1538
1685
35968
1874
2921
2161
11792
12032
1963
2444
2164
3359
12402
2610
1033
1777
1243
2786
2186
1991
3405
940
1980
1756
6546
3752
47446
3204
1310
3134
2176
50936
42491
30239
2913
3585
2337
78256
2661
13324
2752
1384
15772
47348
4228
2380
21657
3776
1947
14005
34472
3247
4686
2228
34395
2795
15452
1339
1740
4598
1494
109435
3617
4599
2785
33268
3608
49875
6935
11560
1451
1748
1805
13176
3645
56830
3796
1919
2486
1648
2061
11429
2285
11971
5394
2389
2927
10422
1491
14538
1158
18232
2580
39825
2582
81108
31825
3493
6282
9790
14273
3763
1817
12238
4946
2092
1881
1576
86075
2802
2184
5385
1638
33572
1095
787
13826
2431
1964
2905
10101
6507
1951
55755
23747
46614
1797
2413
2495
3759
2716
2639
3175
7860
19345
21144
3250
11507
3100
24560
2128
696
2660
1932
2368
38200
1273
4412
40687
2157
2137
27652
1858
46102
17592
2413
1987
3007
10902
2393
2532
2607
3662
1276
1811
1885
21465
2501
2742
1835
2815
3770
3453
641
29614
3318
8329
6092
1961
2242
13868
2508
3928
2124
11970
31196
2988
2410
2085
3506
10178
50620
1947
2073
2244
3223
2067
7131
2817
2026
4819
60855
2636
2967
3640
2183
69706
2638
25187
1109
2669
509
1329
156018
2385
4026
714
2296
1751
14661
2919
20710
786
2474
27639
1837
1713
1593
1875
4608
3695
1928
2731
27820
43873
2981
1906
2868
3867
1796
2905
1379
3894
2292
1111
12043
9471
3730
1423
2487
3063
2608
1582
1809
2443
2815
1866
2521
2428
10877
3197
2677
2365
3280
2118
21430
43298
2426
3916
14583
6121
2557
3094
3991
2688
3501
2689
22687
980
38327
1814
3127
34601
17934
3663
53017
88827
2327
1089
1238
1708
40984
2173
3656
3461
2612
29042
13751
89089
2043
3775
6409
2954
16569
3130
4842
1946
2031
3009
1043
2264
2119
3454
58238
3354
2693
3238
3699
2732
2641
1338
3904
4527
4593
2040
1612
64485
2547
2782
15379
3170
1790
46041
2532
12818
66448
42829
1427
8162
6689
11139
1883
913
838
1215
1852
3090
3409
1699
3811
18066
1363
2947
2703
52324
28641
1524
1701
2207
2624
2920
3149
15822
2033
93496
19129
65811
1049
1757
4467
2843
53774
38232
2514
1679
20587
13545
2676
2597
3162
2222
16781
3177
32008
2705
2835
1440
2777
2047
14418
1100
8904
46710
2391
2799
8074
860
2603
2404
26376
3090
81410
17815
2574
2928
15581
2140
2156
1768
1988
1982
3194
2587
2019
1624
46351
12707
13452
1092
32726
2500
3482
1949
62846
3961
2364
48955
1962
2580
1324
1454
2804
3887
1559
3286
1698
6708
1716
39942
36139
1709
1295
15948
17308
23967
2960
2272
2348
2805
2501
1974
918
2570
2891
1306
32558
1462
1021
2139
25720
2252
5147
1962
2790
2216
1087
16635
1546
3273
12015
2962
2536
2463
17845
36784
1891
3300
2052
2224
2819
1396
49826
3053
19187
3960
25710
15116
2721
25272
1427
3406
27908
3711
1594
1171
3248
2369
21707
1698
3250
2255
3664
33594
53397
7567
2791
15886
2093
11108
2622
3302
3300
3144
8733
3704
41983
3810
11112
1053
3501
3107
1812
466
2023
7462
58066
49092
21418
16141
1258
916
53099
3002
720
7919
1418
3629
2536
20769
28853
2302
2504
3481
2025
3430
2115
1278
2718
2635
2868
2302
3620
22169
48386
17628
41573
40789
2852
3293
812
8907
1307
1956
1308
2910
25761
23156
29719
2566
1453
2938
1681
1491
14411
1887
1963
12821
2456
1138
1112
4327
20630
1995
8004
1610
17181
1350
11882
795
10899
3968
1149
27495
67085
2015
6988
4141
33652
2629
16800
2057
1106
1643
1403
1884
3397
5309
2608
2749
5574
20272
9443
3138
31219
1969
35788
38339
1894
2175
4216
4144
14117
2637
3216
23262
2468
23211
53902
3011
1915
2633
3030
3083
1752
3780
52675
3086
1611
25709
59545
16631
2299
2642
1546
30565
4348
2254
49792
11452
11621
1573
1573
2322
2079
3073
1596
2565
25925
2301
2605
1834
7412
2716
2108
6633
5350
61167
3519
35510
1941
3080
1290
2139
1042
1334
1705
18543
3056
24928
2082
41749
2205
3880
11250
1671
3620
31972
2376
2476
2586
1240
8807
1525
22428
3402
738
43945
2895
3375
3673
13767
2101
4530
1950
2462
2453
1979
10572
3220
1854
2739
18082
3730
25314
23695
3091
891
1609
1193
59964
1644
2187
9070
32267
3175
2247
3903
1595
2821
1993
2457
2932
4186
3171
3181
1216
1478
3406
2103
2102
8884
4957
583
2377
1783
1022
1587
2126
1615
1505
2121
2152
1440
14510
33970
6868
15100
3097
28694
3049
51392
51168
2330
1715
1464
1750
2584
2855
2003
2809
22284
3038
3117
25990
2264
20354
9117
1375
2493
1846
3513
30420
1425
2510
2682
2775
2971
2308
7875
3502
1478
2039
20243
3147
64796
18559
1577
11719
1062
40699
2352
1483
31638
2315
2461
1946
34205
1422
2062
13595
2679
2127
22022
27611
1882
606
10045
2507
2204
2183
1274
3026
2606
43808
1058
33861
9635
1901
3101
15325
1745
533
964
11752
1056
2856
2931
1562
2716
3171
2797
8919
1880
61503
1868
1769
1640
88743
19905
49483
1066
1368
2104
1525
35350
3524
790
1991
23598
9855
11496
33791
2478
1677
35621
1342
871
1572
7326
1581
2325
2305
5251
15929
2739
1545
38627
1486
12154
2324
2723
664
2421
2167
2355
30566
1219
2407
2611
3076
14662
1565
33153
25821
9734
22264
1647
3404
4182
8239
2956
42444
3302
1817
2330
2050
822
2621
27747
2312
3078
3749
2633
853
2526
1694
3476
1715
1356
17720
1286
15402
7620
3658
2376
20994
2578
2485
15035
8622
29132
1981
1625
2071
6169
46873
13732
1807
1687
1807
6448
2387
13446
892
2530
11751
3695
11692
2265
3347
3790
4983
1515
1021
72875
3316
9886
1186
2783
3252
29332
1240
3632
2757
8049
1939
1082
551
47477
60415
10821
23556
4444
608
11561
1147
2758
3602
5416
1509
9913
1293
2847
4594
2482
42527
3160
2741
6195
15115
5432
2403
2516
3643
2054
55719
2377
2924
1884
3362
3954
2210
3531
2405
936
10657
2444
2898
2499
16548
2439
24967
26050
2673
3506
910
7437
29044
2365
1964
22359
1134
2315
1331
42077
2740
25541
2648
1103
2192
2413
2881
16132
2704
1190
1886
44189
2225
4181
2849
1258
65268
1631
31412
739
1905
2592
1994
887
3287
2577
2195
877
1204
2002
3079
3480
30878
1680
77621
1996
28040
738
2880
2387
3546
2992
48478
62260
1347
2358
2632
2458
1981
16329
1222
2676
2745
2906
3295
2054
1362
4590
1973
16720
5186
2098
31944
2326
22059
2543
2786
2607
1198
23157
6941
4248
20187
1704
3673
6580
1586
25859
2309
10968
2850
2585
17841
2064
2221
2605
1696
57789
993
64151
4864
2578
1568
2514
1279
2512
6768
8028
1946
1210
1372
44350
1837
2313
3486
2055
2789
2334
3163
6677
2998
1834
34178
1737
1390
5014
2679
3726
2680
28206
37568
2812
20268
17158
13870
21100
916
2318
21503
1317
2943
24629
2063
3271
3525
2566
2948
2212
2269
89937
2923
2099
3876
29508
6325
2297
3031
3271
2793
114947
28722
13512
28701
4988
2468
21568
1939
6942
1780
33756
2442
11334
10344
3363
1563
2771
53482
1267
14583
1569
1904
2064
9263
2732
67413
2361
5434
1765
1192
2231
961
1206
2803
22282
3866
4244
1082
3517
1639
829
2162
3722
2081
2109
2178
1163
7949
2614
2440
22658
904
2062
1116
605
12450
98046
2308
8655
1751
9944
1015
1845
1620
3956
1135
2678
3618
2646
64094
527
23706
15485
20711
1092
23531
16740
47890
2420
2206
38313
2908
2745
2968
38911
1555
3625
1176
9678
16739
3651
2001
2462
2370
20730
3926
3902
2085
25720
5225
1990
1706
10657
1738
3143
1688
2720
32430
1609
8458
2508
2015
22341
2852
4549
2638
2516
1504
3189
3555
1452
2928
1985
40282
2993
2330
2917
10780
1501
1283
1825
2306
1682
33179
35134
2156
1947
7220
3184
1281
1612
134282
3049
3582
20706
1788
1941
2268
2558
933
25735
3229
2975
71038
2854
27081
1871
25220
11121
1807
2793
3237
3890
1500
2335
59385
26744
1395
16367
3479
2932
2766
2670
3277
2576
8126
3315
59669
2207
2224
7048
30195
21753
18596
9500
2585
2514
2305
2853
3329
29667
65261
3103
20933
1451
821
2433
1642
13248
1307
15881
2230
1995
4630
2658
2977
3495
158282
1582
2257
1926
3893
1792
1616
1918
1443
632
1126
1277
1427
3448
27592
3037
3631
1767
2949
23717
42126
2297
1237
2468
1285
2556
1119
2729
804
31774
9031
17724
2289
1886
1200
46091
2358
1027
3093
2667
1354
37063
1152
2610
4164
34177
1740
2703
4450
7298
57464
2855
15451
4004
5974
2363
1723
3016
9375
750
3571
950
1015
1300
3332
2989
1924
2583
3957
1444
1948
2005
27587
2529
1153
2125
42848
653
2650
2726
1501
2182
836
14557
3989
1454
65151
15114
43067
3701
3277
2875
34975
2898
2077
5639
1484
40510
2303
17013
1995
3074
3611
3246
2587
1172
3412
1437
4135
28014
2768
8389
2069
3625
12705
2469
10020
30460
13671
10729
2908
2114
20317
815
1069
10057
1974
597
3428
2633
72769
4906
2661
901
2362
4513
2116
1439
971
2941
663
2240
3355
2350
1578
2323
2335
2538
2670
25834
29794
4786
2345
854
3779
34051
2017
3682
9308
1861
31661
30605
20319
1109
1351
2771
30424
3185
87947
2078
16945
11698
40923
1092
997
1749
2114
2382
1839
27181
16882
3625
6550
2293
2439
19079
1478
3240
1446
2308
14876
5452
3640
19796
846
33843
22816
3407
2745
2490
42432
10125
31043
2335
1664
46276
28733
3947
2612
7464
20928
16121
2645
2457
5245
1293
745
29031
1866
1810
1707
2021
2285
2579
2321
1941
1979
11986
3117
2986
1249
16835
3120
3574
120716
1769
1289
2645
20689
1286
5131
3215
2757
53353
12213
3097
2474
2355
1927
50599
1621
42851
2014
1800
40629
2916
6251
1497
107385
1679
30306
2466
3301
2779
25573
2844
4959
44100
3067
1123
1334
2263
2191
1592
52167
2515
2516
1695
22558
75327
1625
14224
880
3180
948
1401
2090
13130
3723
3023
1857
2221
1845
2349
1626
2044
1310
6163
1406
22846
52163
2817
1735
1836
1901
3172
2115
16187
1414
1280
2106
13212
40268
1086
30723
1700
31496
65535
1782
1274
27025
2486
2652
1993
2277
1804
41058
1830
17568
2757
19677
37203
7213
2480
13771
2465
2784
2697
36425
4116
36448
2617
8719
4667
44306
3582
3103
11112
3978
55786
79934
17988
1291
2956
946
2473
23044
1168
1862
1545
749
2337
27048
2652
7765
1886
2237
1961
883
2421
21519
22742
2739
66570
5405
2073
1543
80797
1430
1255
2287
5278
3018
1644
2080
3374
38255
2096
2488
3376
2563
2376
30572
1731
2161
1630
3218
2106
3225
5236
2538
2306
3373
2020
2502
1389
2077
2482
81153
2572
19200
3233
532
20045
2848
3069
8351
24737
3469
1075
3710
69706
3445
60523
39438
1872
867
28599
3404
41731
1389
1991
3426
24817
8063
1876
3774
2812
2414
49541
2165
713
2598
2513
39643
33596
1880
1632
2109
3010
2676
2075
704
40795
1983
2775
2726
2300
3513
2852
628
3787
1198
1976
2794
1054
2053
18016
9289
2145
1875
11229
10897
52340
2905
3930
3408
2257
1930
16103
2208
1659
3175
27695
1834
2406
3791
3568
13726
3068
2936
3787
43943
7146
2482
1400
13619
1564
1251
1806
1122
3459
2334
2787
45679
2635
2535
2585
17573
3447
738
1728
4767
2372
2000
91304
1268
3632
1086
1662
3793
2355
2115
590
2085
1709
829
103944
1192
1572
3124
1841
3276
11260
20532
2213
2685
127725
760
1505
1597
15996
1677
43477
2050
3736
5512
6199
844
2628
2976
5404
1855
1989
1660
1007
21430
2350
19687
2335
28820
1806
1352
1736
4827
8796
3574
2768
4152
7527
30046
5031
21987
15672
1986
1586
2935
1872
1419
2543
18509
3910
2107
13839
1958
19637
1961
12744
27039
3148
2871
10904
2058
3058
2584
2424
1603
2104
14401
11110
9603
3087
2231
31312
2780
7735
2607
34690
7849
11866
60622
2206
970
3637
42910
3976
2943
2466
1340
987
28839
1666
21117
39475
2219
1543
10736
9408
2940
3034
1334
2164
2141
1069
13093
13268
109646
1215
1744
2616
2361
3488
14165
21968
1840
1586
2788
2343
2607
3073
2754
3463
2989
1680
33458
1508
1279
2622
2187
2034
733
18307
2473
23180
1904
3205
2645
2499
11600
2370
20564
9499
3207
2899
11935
50220
8714
5245
3524
1946
2808
2307
3038
69159
1873
3017
92427
4629
1751
1774
5994
16077
2916
45520
2365
2590
25130
23008
2344
135523
23637
1650
1773
2456
3974
1233
3154
19157
2074
8771
2104
84325
56465
2845
2892
2855
3591
1152
2649
1987
1753
991
21216
2387
2067
2035
3000
1738
31155
22292
4502
1390
1448
2095
2366
2772
1857
4563
3102
1729
3351
731
5911
2072
1802
2007
2893
940
28646
1528
1650
15156
29669
3696
4401
2110
419
2012
16155
8598
67402
1184
3135
2702
2161
55778
21417
3492
41756
1943
40918
8774
6773
4427
2401
7800
40539
1974
2183
24313
3375
3242
2159
24928
30328
3432
3355
2355
3617
54179
62104
2590
3784
2148
1440
3296
5143
33020
2182
2765
3850
2826
78688
9150
1985
2946
1696
2157
3416
13673
2702
2570
1866
7238
5551
2333
3514
1264
2693
2953
3226
1589
1672
1469
3223
15072
25994
2146
1293
3361
3382
3039
1657
2163
3948
2285
27758
44295
2780
2404
2973
3600
2067
1002
2202
16970
2666
1749
2203
2555
2211
1567
22671
2649
2214
85954
3469
2971
881
2263
23146
16274
66336
11553
1424
50324
1561
16741
2633
3695
5433
14449
3496
2461
2511
2631
1182
776
3174
5665
2772
13560
1936
11711
2855
2326
15094
3727
2867
3357
26192
7828
13495
1140
2400
2639
44454
50868
3011
3322
4691
2904
3929
26125
3394
7864
1238
2621
3029
1755
24693
1710
2336
1258
1419
2074
3473
1261
33489
3246
66483
2167
3756
1700
12023
1331
1218
17914
2326
2420
1459
2135
1316
2689
1524
2165
2787
20089
3398
1456
22304
1086
2232
2385
2537
15594
12967
2892
1263
5253
1777
31871
2429
2051
1291
10039
17651
1590
1736
2163
1594
67439
3632
3443
2945
1781
2080
52308
2959
1565
860
28939
79922
1541
19686
41164
5870
2823
39299
2411
1437
9656
1945
7941
2200
2832
1176
3066
2542
1721
2112
1553
3140
3107
2232
9858
45199
1574
881
907
37376
2573
1637
9568
6338
1000
2947
2726
1632
36088
2013
4091
1861
1971
3564
1569
43812
1580
2185
1583
9674
16469
4567
11344
456
35819
1313
1325
2081
23749
4053
1780
1637
2952
831
1130
2283
1576
1975
49104
11431
2133
2353
1341
1018
796
3037
1448
3063
26857
2831
38274
2011
1820
3575
2677
5340
1607
26411
2891
974
54658
2943
1685
75673
4287
18185
3097
3717
4227
2955
821
2737
30899
17152
3754
55465
2075
35365
618
4063
513
1567
7894
2354
1558
2174
1392
1485
1376
21720
725
2064
2446
2758
8789
17536
2830
18234
20736
2456
134256
1319
892
25301
2738
985
2393
28121
2299
1517
1432
1554
2318
14059
1833
2835
61762
2593
23739
9359
2950
4148
807
4176
44880
19414
1736
12915
2849
2647
2518
17865
3852
4485
4661
22246
10766
2191
2293
1831
1042
14759
26073
9646
5499
1358
3471
75416
10442
3741
2494
1731
1836
1141
2942
1083
2840
11161
2747
29921
2592
1169
2981
2503
1788
739
8812
6156
7961
27451
2391
2882
2223
2888
1825
1921
2403
24265
37617
3072
26029
2410
31284
7996
1419
14160
3778
10711
30630
14401
2094
2228
1239
1739
2185
3778
11018
4850
1690
2775
1233
2289
2026
1197
2083
5632
1031
2240
29758
1966
2203
2389
2551
12657
10950
2085
52907
99094
1603
66184
3105
28644
1960
1217
1362
17006
2261
981
1812
4233
1944
47249
1716
1037
2334
1085
15179
890
1058
1789
2828
19995
3436
3118
2045
5985
2212
18085
1966
51028
2419
1218
3700
651
1566
46916
3175
3274
1489
1988
2715
1844
17642
17154
2208
2097
8371
1326
107855
41200
7573
43284
2094
4253
12358
3041
1915
2526
1236
14893
1482
3285
2211
2583
3430
10821
1245
2114
14409
2032
4751
2412
2513
2458
1519
1970
743
12242
1461
1422
4201
5837
2359
1686
