954
22042
1987
2345
31436
23028
1836
3475
32470
2580
19162
13161
3014
2598
2973
9006
18832
3686
35794
1867
9228
2047
2762
1584
1828
3129
20601
1846
2447
2309
4948
27361
2995
20319
3085
1451
3687
4242
2621
3097
2597
4297
11968
2341
2657
23237
47663
1302
1198
1412
2672
2587
1056
2826
1869
2506
2279
28546
12227
18494
2612
1680
2462
3960
21322
1234
60478
1544
6497
2373
1863
2648
2777
1930
2986
4382
3869
1825
2050
3752
8380
1936
1550
1273
2159
2070
2879
16462
2708
14447
2666
2562
962
48125
3165
2858
4383
6003
1361
1567
1505
2075
1752
2287
10523
1553
2779
2078
2570
2256
3098
2888
1731
3345
1714
1289
2949
1367
2752
1243
22487
1943
18958
2570
2799
2884
5144
2589
1717
987
3369
3369
2985
3312
4529
1523
25353
12024
3222
3825
28851
2286
14596
3562
4166
2380
2825
3663
2801
4091
1811
1682
13262
3716
28852
2287
2460
3191
66488
10996
8840
1928
2878
1649
17785
54034
2692
2413
26767
1320
1566
1967
2109
18962
2218
3391
1577
1819
892
2043
3827
2759
21576
31649
1569
1909
42747
54345
1116
11125
2022
1509
9071
4507
9083
2615
2905
1524
3010
14305
2780
2270
2010
2530
2278
2485
33218
2148
2112
2276
13118
1296
41957
2919
2840
3625
934
14373
26900
1229
2512
51804
4371
19187
1585
15466
10818
15026
2851
2903
35737
3185
2000
2127
5667
1017
3974
8954
2269
26322
2260
2174
1289
56495
7681
4867
30682
2464
17443
3191
14332
46360
3860
2881
2391
3149
1401
1821
1839
2875
1531
2452
435
1267
8580
36598
1762
29858
10294
60775
31608
3588
19383
19538
36094
978
1986
13980
1730
2575
2631
2054
3249
2764
49922
4375
25686
35754
1917
13124
2999
1443
1510
2810
34220
8399
7749
3030
1783
4079
16181
2650
13725
2628
9864
3424
46684
21339
18698
79202
3625
2595
1372
1512
2583
2625
2098
21046
55221
2948
3828
17795
2584
2876
1281
64291
2151
2311
3231
3357
20412
82502
2403
1652
1474
37558
3472
21829
2581
5451
3109
15547
1133
1230
8025
34473
4833
10725
2269
2908
2275
8971
2744
1240
2736
1162
5086
2791
1622
1920
968
3366
2550
2605
89642
3249
2023
2155
6802
78063
2444
37436
16651
2877
1364
9391
2365
4910
12262
2547
2255
2358
2966
1730
2318
7975
3896
2988
27497
2274
30333
2280
2281
2554
47316
3181
4534
5061
2183
31507
37178
2734
3665
4417
2684
837
55439
1568
1333
3402
2353
3019
6639
2639
2059
3630
1902
10715
3196
3808
1843
1353
4203
19021
1922
20068
13629
4351
3032
2998
1436
1841
7335
2417
50033
3372
2487
2185
9018
1243
3880
2292
2654
2522
2526
2311
894
15190
2647
2848
23271
67506
38533
2608
4291
1302
2382
1988
1500
1880
3759
1715
2889
30841
1783
2245
13901
3288
51099
2305
1254
1581
2254
2884
21024
2155
71041
3506
3240
13078
2534
2310
2910
2480
754
2230
1467
6449
3202
2558
34393
1407
8252
3181
3504
1142
48003
3020
1326
1102
8214
35298
89508
51646
28269
2581
11063
3308
1540
2307
2427
2481
3303
3735
3410
1123
1173
6415
73772
2998
17259
2084
644
2948
2508
31886
3694
2331
3157
34599
31741
2404
5278
3487
1266
2796
2989
15571
2121
3411
3844
32650
34649
5038
3178
1387
1200
1572
5197
3513
1214
3137
2203
3003
5523
3159
2711
2933
2772
3257
1677
1700
941
2713
2689
53752
1292
1991
2662
2171
1432
26709
1008
1723
65225
66317
1447
64250
1814
2556
35769
4977
2668
3152
1626
2517
2488
2305
1409
4420
2483
2920
2928
16642
16948
3153
3341
3261
1695
2676
1519
2336
102805
1967
2230
3221
2701
2862
9096
1104
2580
6279
2115
2118
18769
25686
3496
15211
2062
1179
12115
2973
3059
492
4195
1536
1251
4196
1647
2238
1884
2961
25908
9051
21508
3076
2252
2993
31707
2278
3191
3212
2871
4114
11435
3715
763
1581
684
1177
3131
2062
2214
27053
117996
14768
5375
1907
2626
3068
12300
2743
3009
3000
142729
2938
118349
11414
64811
32573
52271
37266
1795
48817
19669
10204
1307
2998
9995
12255
7357
1740
3719
50049
5899
2637
2021
1485
2191
2137
7874
2464
2338
30033
14867
1606
47472
3063
42212
4764
1748
2349
23354
9723
2548
4108
2867
1656
3665
3507
3355
1844
1846
4145
1462
5628
3552
816
2819
876
2460
180107
4429
1933
2517
4385
42552
17529
4145
2279
24698
3535
2485
114703
1795
3054
34271
3078
2729
2006
1502
2367
20618
45141
2511
28719
12420
1661
1969
1996
47151
36591
2162
14139
2395
4406
2373
2918
12896
789
1955
15342
1587
2793
874
2463
1279
18647
2319
1286
18884
38311
921
2655
2101
1847
4624
16671
36626
1565
10440
3268
2129
32493
3045
1259
2090
3780
2248
2359
33436
72142
2485
7498
3116
7063
2286
63772
2448
2387
1824
4442
2030
48461
1544
1058
3048
3652
1078
2417
39565
1075
51265
3085
53942
2904
1336
1580
2039
2251
2156
2188
1067
2592
40960
3402
26292
46330
2610
13654
2431
1089
40720
1162
3050
48056
911
2945
1802
2741
2963
2855
8464
1087
21966
89365
3067
39026
1494
2312
2610
2493
3729
2028
6400
3518
1441
23665
1276
1877
3377
16714
72380
1399
1522
15532
21555
1942
1897
1034
3572
1448
1987
33668
3284
1302
2831
12781
28540
12673
3570
6405
1054
43892
17091
3314
2582
1116
1158
2106
1147
3069
2655
2466
4362
1345
16176
3894
21154
55754
2346
2986
3949
83857
3501
1246
852
2123
673
21823
1915
22246
6846
3499
63596
1913
1525
1700
2202
7714
2458
4660
776
39032
37280
3180
5508
3296
2429
45958
2039
2940
1217
1345
1787
3305
20306
2534
3719
15449
1584
3445
6651
3330
3893
27673
3738
1953
2659
7843
57887
2423
2754
3777
2005
3131
3333
2477
45083
3024
2442
4774
1395
43953
3382
1627
9311
46210
3273
2535
1069
669
1732
1077
2345
15056
3116
1703
2356
883
4518
3152
20510
13610
3343
3354
2767
157386
31311
2625
853
26845
2915
2836
60971
2616
2188
3335
1316
6988
2374
2033
1784
71021
16136
2647
1575
30353
3827
10881
1052
2264
30280
1186
2000
2794
2066
1931
2279
5909
16139
1000
3164
43389
7337
2638
41588
144050
5479
60008
38802
1898
5738
2591
3454
1334
4498
8764
2934
1661
3062
2095
31904
1501
18147
3082
1936
3797
1251
31560
1738
4283
9581
3456
60384
2682
2349
35992
1341
2506
1273
4105
36864
3548
4607
9402
3871
88799
1396
10097
45082
2070
3951
2134
1544
2175
25910
43919
1241
1135
2482
1240
2921
38021
2582
2943
4044
48157
1806
2578
52559
2518
70424
2346
1633
1570
1158
53152
2502
3191
2606
2589
2144
1487
29533
3138
76925
1290
17581
17993
2278
3148
17057
1346
1167
2719
30728
2374
1723
1780
3244
12058
2262
2156
3051
1230
2979
2334
3141
2728
26611
24733
20982
2431
2256
571
2498
2612
2110
2350
11998
5649
2138
1989
1493
61564
1979
24838
1293
3104
1843
4064
1076
23977
1709
3465
2509
2552
1194
3162
16438
3150
6034
2713
1894
2560
3049
31714
1445
6867
2680
3039
1110
2464
3082
24711
6397
4304
2336
1784
13059
3654
2458
76347
1797
3003
3143
1298
2327
22601
4193
2213
2257
1899
104575
12406
1477
2652
2551
3502
52675
2139
997
3607
1330
1541
4250
1034
1981
2041
23841
2948
3364
41829
1363
3285
2056
2185
1324
14434
2716
63314
2455
2525
3390
2850
1902
1752
2783
3026
93458
2962
2949
2540
3573
686
1463
7920
1779
24370
3293
1451
22734
2601
1846
2472
166717
2559
2121
2110
1974
2312
1756
3744
2539
11052
2178
1398
1727
2921
2306
1755
2907
8709
2414
2284
36535
6240
13089
4521
28352
36060
5772
3659
11611
88934
4129
89742
48964
2354
2324
9951
2380
3909
53270
1775
3908
2807
3373
2229
3043
6670
2176
3786
2132
1491
19564
2845
3552
2376
20378
1535
3031
1374
3003
1414
3034
25201
3997
2117
6157
1037
17130
9068
1788
1860
2733
13889
2015
1911
2942
16705
34476
2519
72629
1755
61984
6936
5889
22270
1735
4429
3275
5280
22834
2716
2082
60619
2800
2194
1467
2818
13700
1202
1655
2689
2772
108153
2186
2767
12662
3455
4161
3541
2415
48609
1204
30155
36958
11463
2289
63618
9664
27433
2185
3851
108060
50349
2260
60113
14684
3467
1366
2692
50553
26701
1287
2615
1216
24819
2057
4001
66044
17087
70794
6694
3866
2187
1783
1992
2697
2480
2516
2598
1141
20149
7094
2150
2304
4989
2008
2058
3849
1760
27531
15909
2003
2976
2590
4014
16419
48319
3020
2312
2226
2652
1238
2857
23250
39963
2427
2805
2471
1657
2565
2252
45544
3949
8640
78697
15666
2525
17518
1526
1471
8628
2475
2025
1201
2120
3086
1767
51993
18388
10275
2642
30920
2635
3461
2424
72822
1398
4470
1301
4494
2072
3598
9723
6070
1930
3414
2651
3181
1589
738
14710
50499
1985
1907
7669
3081
44018
2498
2428
2366
1688
3073
6866
14466
23668
2177
8002
2865
3512
2648
2484
1677
11395
3106
2246
2708
1247
1229
1806
1249
2111
559
3421
1504
2116
1496
2940
13395
2101
3928
4989
1280
4037
3161
2691
699
2803
12093
1373
49655
8224
1955
2426
3179
2290
1983
1586
40885
2061
8259
2543
2957
3014
4766
1094
2516
2763
1559
3483
4154
41123
1833
1297
1545
18030
12670
4581
3272
3802
1641
12705
4220
6654
4755
2370
3124
12238
2163
1176
8045
1777
820
2583
2867
1543
17036
16613
42294
1193
2049
2591
686
42315
2748
1562
7822
48219
48660
10133
5715
3465
2132
3639
8659
1565
19671
3327
1367
25560
1680
1495
41826
2896
1708
3264
79248
2563
3678
3436
16633
2252
3409
714
11730
3032
12310
108142
2641
2158
1654
18750
2670
2333
1682
2785
1873
2736
3940
8526
1866
7761
4214
19639
1524
99299
1742
16155
804
1220
3591
1940
1701
2968
2946
1861
17352
16610
1713
4226
3379
46266
13235
1594
13968
72924
1716
1390
2173
2704
1705
4106
1473
1885
18894
2154
1674
2167
13739
2072
35968
3530
89119
1367
1350
3136
3479
26835
2853
3292
1531
1923
883
1294
52849
677
729
13286
3123
2117
2361
21298
9123
2164
33105
1495
20978
24203
2803
2015
1000
20330
5462
2708
1943
3062
22285
1768
1802
3296
2240
716
3023
37194
3520
851
2959
3390
2255
4317
41313
6680
2420
3562
1157
2230
4642
5545
30895
9196
6217
80637
949
66841
1842
2548
3414
2573
2062
87242
1283
941
20950
3558
15170
752
3638
3204
1162
1998
1727
3304
13256
23979
2588
1104
2828
2158
4159
3013
2228
1950
25672
2466
2539
17140
2773
3220
2488
35003
210201
3945
2549
83107
3028
2867
5432
2139
40739
4796
48450
2661
6479
1066
1234
3071
34783
9759
58850
2716
3205
3565
1510
2893
15042
2433
55491
12191
2300
2937
3459
3185
27005
1319
2095
2602
80367
2095
3559
2659
2591
3318
2553
1367
1217
2384
20648
1856
30648
8194
760
21288
4196
1248
2086
3209
1186
46703
3277
3345
8428
1173
3039
60231
45319
1240
2063
8867
2258
16676
2243
2847
1669
2547
2212
50668
15976
1887
2741
1345
4762
3302
18398
5863
3511
2915
21153
10580
26562
4294
1059
3289
1821
1142
2926
5190
3019
20914
28981
2664
41001
18466
22353
2681
2157
5123
4337
2199
2205
2409
950
3350
3534
1045
947
940
1719
16926
1909
14888
512
60106
2397
1951
55600
2433
34253
867
75860
4703
47333
2483
1821
1834
3127
3280
2883
19393
53757
3159
2304
6397
2535
2344
1688
990
9141
2516
4610
7494
12872
6496
2764
2225
1353
4990
1607
3727
69730
2080
13256
12284
1172
61806
1456
33813
3797
3375
28855
22277
2463
1192
48970
8608
28018
4269
13097
1929
2131
3266
10792
5077
1414
1102
1649
32082
2181
74433
3190
22962
3653
10418
975
1917
1633
27470
31007
2052
28845
3780
1252
1045
2172
1074
1439
1358
2179
1366
10764
2756
3054
2486
37890
3168
2682
2658
2652
8103
2248
42581
3820
47574
1686
15977
1419
9662
1679
2168
2851
4057
2570
1946
2254
3841
1938
33919
3812
2347
1303
2687
8334
19043
64318
1080
1810
2517
9963
3755
2557
2901
18838
2192
26564
104067
1818
15698
11987
2347
2908
4083
7661
3665
10853
2121
3293
14225
16203
11063
2427
2949
2747
897
12667
5025
5803
3360
3389
22654
2091
3170
3080
2040
1322
24622
2777
2575
3012
1550
2431
2695
2858
1752
1211
2461
31131
37754
5368
2263
4287
30667
2540
3271
6459
8368
2235
2587
3490
2074
2962
38640
2309
1795
2326
2208
1735
2838
2339
29033
17907
1853
13522
44537
3023
9643
4650
13033
2764
13684
3462
2919
3649
11420
3201
63468
55008
50694
2935
2438
2054
4124
901
2854
774
2492
11681
1109
2285
2706
3197
1379
1947
1884
2117
4078
2536
23025
81755
3025
2545
3189
12711
2565
3640
3315
1797
63367
2642
1106
24161
2911
3669
10543
2042
2812
3157
578
114641
2334
2598
11227
18110
2885
4033
18338
3912
3738
2204
20757
1409
692
2007
2752
782
7103
1676
1407
38129
2939
9271
2527
19966
42698
8634
4417
2869
2789
2347
72888
1831
45867
2503
2792
3337
1169
3721
1360
55781
26713
5216
1037
1737
2203
1839
1186
3571
14414
1441
2296
2923
3610
2003
3060
22342
2908
4838
2522
1743
18718
934
13008
2666
4321
3241
2172
1976
3124
2278
2411
1545
44686
2283
1563
2953
1644
2642
1405
27120
3048
2719
2935
48874
926
73836
3565
2335
4816
2343
3129
65638
3246
2194
1590
42415
1969
1454
4253
2749
1957
16578
43108
52169
10028
1825
5730
2646
28806
12261
2226
1387
3865
1220
3119
3078
52957
5305
2459
36975
19389
2807
3120
924
8254
3212
2087
824
2273
1480
1473
3869
25285
16681
3417
6539
2281
17993
2194
43913
2976
3180
23032
1533
2450
2912
1361
2996
54863
2121
2544
28984
2511
77678
45461
1276
2404
1380
2795
3966
3209
47093
1425
1469
2688
3255
30720
2474
1570
3556
4003
42362
18746
2691
4969
3595
6693
5344
4134
23575
47229
2691
37371
2493
42954
3064
1549
10645
41069
772
3435
3490
1070
29917
3348
1573
2338
2605
23810
598
4834
2024
2620
2033
2358
2361
1477
2481
14591
7949
2515
3178
3465
921
2409
55265
2043
75950
1130
3218
3859
3482
1695
1732
34837
2373
2438
1373
2789
1062
2450
2508
2172
3363
20977
433
16952
41678
2188
1915
2422
2632
1378
2727
3317
3916
29397
1983
1952
4235
3312
14987
25383
12835
3943
2217
17937
20145
9698
4193
2463
3002
1399
22236
2845
1170
5387
2574
47066
2229
1431
36601
1642
2308
2963
2677
2835
1609
1616
53034
1668
1778
69765
1719
2209
2847
4174
1972
3031
1208
2868
1181
3372
3739
2026
1511
1633
1650
2599
1873
72603
2325
1520
24568
3163
2097
20634
13534
2446
6177
1970
35487
2456
1104
4755
2517
53316
4107
2850
3648
3283
30441
7422
1780
5271
1620
2294
2789
38687
2570
1411
12977
1991
45348
2821
3244
86089
2819
3042
2455
3708
10157
1549
2748
18877
1226
2113
2224
1267
42396
1241
29997
7905
16776
7078
1008
2413
2485
11767
2692
3181
2196
2691
1897
776
3189
5264
56618
22101
1347
26743
2677
1472
1679
2387
2345
3166
1170
3614
3074
2620
2352
2922
19880
26548
23374
2275
1891
2187
70076
3436
974
15793
48001
2210
764
1900
3137
2021
1541
6568
7550
23776
17517
911
1408
3264
2836
41551
15113
1535
1762
2527
11539
1755
3110
2964
1606
6202
2885
3444
1684
2192
40150
2435
2862
2038
2034
4486
1804
1583
1889
2836
1561
57707
3351
32145
1538
115919
1009
1849
19327
1170
2191
2294
25544
2192
2410
2515
19178
8578
1928
1899
5362
3704
2289
4475
2416
2032
1345
1326
3111
3114
33068
2252
25142
2621
848
1370
3744
3583
70071
3636
3199
1694
17539
41778
2620
730
2122
1627
1409
1516
19835
1776
2570
30775
88362
28921
1753
2991
6370
2920
2212
1725
68516
30637
23366
14821
9005
2951
3858
1181
1476
11211
1427
2453
3042
21614
7923
2653
2621
1931
28250
1988
45698
4583
2240
1653
3363
1249
4155
4585
3350
11230
2400
3625
2720
3097
2909
796
27621
2091
2345
2295
1431
21199
3611
11663
3440
3801
3315
492
936
2148
863
2294
8283
1831
2010
64606
42893
44943
1537
58249
2095
16365
1832
1227
2793
1894
4272
29639
28986
136451
12578
31569
53761
6629
24073
3743
1707
2320
2884
1533
1390
2769
2369
53430
70137
7103
1643
31421
12280
2149
2286
950
2896
3426
3490
2501
9031
11747
2206
3199
94067
16850
1541
7427
1691
1432
2169
996
3812
19897
1017
3920
2998
16047
2413
8368
15142
1878
1858
1973
1970
11580
2292
4521
42705
2841
10584
3154
1800
3596
7729
2115
1486
45718
2556
1251
2113
1851
2597
4280
3060
3073
12112
2121
6543
1112
4699
2871
2290
3174
7313
2541
3631
18635
2838
45759
3323
8234
2322
3169
3894
19002
1989
22685
2519
9761
8771
2348
1285
3987
13182
2995
1079
3874
2044
3290
102891
3979
44806
3606
2804
2501
1272
6330
3775
5342
1051
2813
929
3953
1590
3577
53078
15383
2861
2818
1368
2342
2592
18375
1345
3575
2556
54538
24317
21621
45668
3536
2008
2081
2328
4672
5244
2671
4489
45637
43853
1418
1995
1273
19442
1103
1684
24337
36134
3668
2344
3636
20254
4815
3843
3371
3331
1094
2676
2814
1498
3084
1061
1975
20292
16582
3833
15882
1389
3082
47354
15389
1595
1952
60959
2500
4725
103315
2310
3958
3435
2184
1383
3666
1974
3039
972
1506
36123
2841
7364
2633
24590
3082
79851
1176
2662
6774
2693
2653
1356
1542
1697
1778
9658
1162
6680
703
9353
2129
26094
14637
2456
24770
1651
1773
2802
2695
2957
2377
3439
56490
2054
1849
69547
1267
5833
969
2055
1873
35784
2181
748
3489
23018
5163
3435
10181
23295
28900
3506
1311
14608
35905
1381
1505
2566
1460
3130
2537
2529
3150
2742
19294
1513
869
23386
2073
3420
2380
2202
3403
2152
22738
2637
2549
37451
47817
38458
1786
7869
2663
72326
3065
1326
2761
10271
1825
1583
8291
2549
1047
2186
2967
33092
2997
2401
2780
2743
3062
1873
22137
2340
2897
14476
39013
1864
1691
844
3259
27131
34513
2595
3468
3216
2706
58497
2254
3581
2703
25220
3103
1371
4083
996
10292
2869
3246
12073
663
8982
1787
2969
10737
29021
1860
62429
2744
2752
40732
2976
68237
3515
3072
17861
4336
842
17847
2446
107026
2649
55231
2342
4019
3199
2153
47635
3196
70699
2663
1431
85414
4701
1667
11729
2488
3552
2835
2257
4064
8533
3230
3190
3613
1827
27471
1626
920
2528
2899
1588
25134
2638
3166
2455
3007
2784
13665
2908
2171
3186
1359
4196
4080
3130
1417
3531
707
3118
22411
35924
3250
2150
3243
3430
1775
1673
63394
2895
1506
3388
2412
2299
13076
1698
37630
56267
3351
2507
7035
2889
1145
1799
43459
3846
1641
2994
633
2463
5563
10099
2787
1206
4630
2431
1247
1609
2408
2092
3147
1899
2158
4136
2204
5325
2331
2814
2207
78934
16403
1152
3115
23547
3972
17125
3278
10525
24069
27915
3496
4253
6283
8739
2722
1604
2284
3817
53808
29811
3400
1889
2241
57782
866
1412
3215
2634
1932
2856
2331
2428
3082
2774
3531
8207
2027
3037
2723
1104
1497
13417
2988
1944
25912
1622
1172
2196
33593
8920
3744
2190
12962
1375
25923
1955
2602
3035
2539
25878
3362
2358
2808
3041
3610
1445
2306
3154
1398
64339
3172
4198
14504
2292
43627
1874
3290
3141
2961
1667
3077
2911
4539
1851
1888
2497
1711
31419
2137
2049
2047
1051
3421
26387
1184
3002
3294
921
24146
3230
4006
2081
4262
3050
2290
1615
2990
1295
18659
6676
6482
86867
31179
1967
3386
3600
2620
1949
2712
7443
46987
4295
198607
3278
1492
1984
12342
31871
3221
18536
20877
1543
11076
1641
3410
4222
1685
10360
1619
3248
1518
3875
56547
26738
3463
12999
2891
4076
1169
3804
2206
74902
2815
12726
10662
3797
998
36018
34034
2239
46187
3044
121028
4373
47706
17579
29732
1460
2762
3315
1341
2091
2623
1910
25169
2763
14373
1025
61643
3957
13867
2892
15831
53574
1778
3310
62119
3046
2666
2302
1247
1545
25007
1157
1373
1923
3185
3306
1895
2720
2194
2485
822
4893
2233
3705
2375
3158
15445
2272
5545
6573
2860
32161
1747
2549
1595
14930
2992
5742
30397
1980
2614
2549
6914
1644
52365
16315
3183
12981
2577
21429
1170
3437
2748
1018
3742
3309
2016
2390
1394
1694
3400
3242
1678
56087
3086
1330
2317
2483
3302
3364
2371
2946
1889
2146
1363
22076
2910
3863
3205
924
1629
2531
1498
2519
1440
1767
1705
3234
2524
3865
1625
68592
2260
5817
2125
27715
1655
44620
3438
5937
41901
83982
11590
2228
87564
11080
2073
3134
1492
13345
19822
3998
1740
4285
2611
2751
61039
16613
40460
17761
3414
1952
34827
8806
74231
2262
2982
4398
10590
4384
64469
22448
12291
14659
1885
3178
92573
51943
28720
3098
1257
3092
2270
2166
68707
3139
6767
3376
2144
3036
1267
2468
2157
27924
3248
47057
30759
2747
9909
40840
38161
1212
1173
17669
3097
11799
2306
16638
4009
5935
3098
48028
1302
2033
3817
2325
2253
65615
9377
47460
1034
1649
2574
4174
55989
3860
2679
2931
1708
28592
3239
2935
1944
16029
8224
2079
2827
37857
812
7384
602
1026
4701
3471
3042
1043
38791
3291
2891
14274
2308
32815
3407
2019
2750
2232
2645
1790
2235
2309
3276
3118
3816
21481
27530
1999
4038
1222
6506
3956
2730
1595
3400
27976
2444
1737
2935
40216
21424
1936
1086
2481
2227
1906
16348
13370
3723
38624
2422
14391
2059
2269
30638
3808
3851
1947
5981
3410
19669
2850
1880
4389
1882
2114
2484
35851
2560
1360
91635
19427
1673
2276
600
4058
13998
2680
12381
15825
1599
2473
3252
2437
22856
14355
2076
37581
33545
29816
1313
2780
2655
3993
1710
36224
8474
2314
2995
1980
14995
3082
791
55495
1698
21736
2784
1960
2275
1415
14297
1485
2770
831
2745
2209
4144
3746
11163
3047
3761
2312
967
1956
13639
1976
14261
71518
1428
1834
30945
2414
1308
67031
2913
2771
3493
2377
1804
1799
55961
2271
984
1418
12376
1937
16560
3458
12658
14890
1947
24419
2217
3603
2510
4327
4280
3035
4179
58200
1514
2905
2372
5976
4487
27666
3705
20009
11336
2459
2745
2418
3603
2364
1913
28176
3471
33488
1007
2471
2277
1283
2305
32324
2469
1296
1873
2176
2362
2280
2339
64706
637
1842
4405
2652
10001
7550
6745
27342
3126
840
1623
31647
13911
1674
1713
40541
3556
940
895
2791
101459
3917
3256
3557
6942
2635
2921
9684
1106
3711
37605
2378
38757
1592
3772
1130
1720
2657
609
2536
6835
913
1537
2213
2147
2373
2435
1041
26702
62463
2748
1606
2658
31818
2044
1475
1717
2803
17813
3984
4301
2156
3203
2253
12647
2451
968
18020
1737
1727
2693
1066
3077
946
4130
4686
5470
2825
3225
41568
3738
2439
1351
2257
1057
3283
2661
11012
13024
2482
1294
3204
2703
2553
27516
42058
1270
3134
4574
11306
3173
3427
3311
2579
61523
2111
2484
56161
1772
2616
1899
42233
4912
4478
2015
2669
2216
2171
3225
5930
35154
2221
4862
15972
7038
1148
3181
1998
3131
1631
25808
2688
2938
2096
24782
3453
2169
1801
8275
9029
3868
1783
1949
2345
1208
2797
26358
2251
12915
3018
1018
42430
2319
1407
102609
48428
2521
10414
14864
1982
2001
2132
3149
2892
44241
1091
3758
2386
528
57086
13145
5541
14238
4617
3179
4162
80821
3057
2860
3250
63351
1805
1757
2350
1568
1931
1923
2328
2152
2749
2740
2999
29357
1649
9980
2752
28803
14391
41529
2394
22820
2843
5618
46633
6775
14043
10668
61858
2285
2037
2222
2106
9424
38303
1738
12263
28035
2304
3473
35412
109207
11438
2195
4544
3619
2458
2696
1018
5512
3815
2683
1576
2730
2950
28283
1201
5937
3913
2793
3113
1689
2046
757
99664
1532
79906
1708
4005
3207
4241
3221
3510
2485
36239
2286
14016
2652
13180
1382
21628
1975
16423
2379
22797
1721
12305
1049
2489
1417
2980
1330
1310
4051
1222
2778
1808
3428
2848
24860
1982
2106
7821
1585
12050
2057
27785
6916
825
2512
21709
1470
1459
3864
2224
1509
2126
3195
4781
28778
2562
2037
46392
73033
6325
17505
1661
6069
2250
1237
1307
90037
18798
2684
1961
18084
2055
18018
2326
2510
31076
5206
2499
2961
4603
71689
1257
844
3493
47393
2211
2002
1975
1834
3168
7471
1672
13867
2419
4906
685
2651
3300
2610
2587
57387
4825
15126
2625
2205
2197
3151
13186
1772
2184
61801
2026
19774
1715
35556
2412
1048
46720
2685
14154
56859
14127
25165
1165
1780
2231
85196
1683
2559
3159
4054
2708
3795
2855
2540
4629
3379
1463
4076
2514
65657
2093
1194
3832
9571
20080
2774
2623
1923
2404
42346
1554
3104
2064
36414
2753
29743
4531
33120
85667
78630
2888
2931
1057
990
1100
9704
2798
50411
1647
55335
3143
2960
3060
59305
1642
2119
7219
1505
2597
1623
97299
41661
1476
52484
25280
3120
8972
4124
2596
2366
979
2302
1233
19119
3555
2136
7167
5833
63196
12577
3507
2872
3456
9523
3028
3131
22418
1373
1591
3039
1839
934
86856
39422
3271
8870
38723
1238
3106
3009
5951
2464
45545
58343
3702
15815
3631
2085
2273
65743
53369
3044
2293
2573
25871
2143
3049
2081
23870
65472
2615
2666
2960
4056
2111
1987
35704
39174
2415
31552
21900
21381
2644
54008
741
4068
4094
2923
1773
1522
33938
1121
3244
1997
2380
1380
23372
1547
1535
1532
2795
33397
2581
2573
44848
1737
2894
3842
2658
3983
2786
813
1029
39854
38086
10058
2044
1944
1776
1186
74776
14680
3144
12162
12788
15980
2268
3160
879
1552
1221
2635
1169
24715
3012
2247
882
2282
6474
2271
4084
2623
1905
1888
2998
3434
1110
3029
34125
3213
2414
8265
2811
2662
3734
5141
9732
21399
5885
56640
3654
23519
115784
3245
2551
3014
2800
1984
10919
2058
1165
32969
2723
40712
35201
1452
1911
51115
12665
3312
38342
1592
2413
1614
7036
3801
2423
3557
1713
10768
5303
18842
2456
1625
39678
1746
680
5193
2933
2497
1397
3330
8562
4770
14345
2329
1827
2417
1554
12285
3021
3470
2625
3514
9411
4373
39876
7988
47666
1453
1912
2673
15485
1412
29845
5531
60870
1715
1532
13849
8118
60952
3135
1585
1092
4016
2323
2514
2426
2479
2599
3952
3114
46029
3675
2454
2720
6993
26191
13721
6455
2045
17984
2805
2362
82419
2528
5622
2564
1502
1820
2658
3806
24545
1678
1779
1055
19843
1224
4095
1648
23587
1461
3555
1196
2926
54459
2117
38420
2267
3987
2315
1681
50203
2284
2788
21559
3039
1433
35968
4630
740
1250
12748
2594
3395
2580
21434
2791
24694
1016
8832
4189
13701
3881
14907
58631
1954
2275
2638
1628
2734
1396
1775
2158
11361
16776
41830
32174
2342
11239
16657
5221
2648
1574
16733
1422
33720
1084
31255
2769
46452
3919
2105
34817
3848
3183
29122
10180
5820
1744
1030
3779
1727
62695
769
21094
3143
2132
23290
3625
12072
2601
2769
1612
544
66926
2063
1583
1298
3780
1370
34504
3150
22116
5870
1105
72439
5110
1888
3384
2441
1148
3385
2600
1520
12012
3626
13058
3066
36677
86464
2904
3291
3944
2724
66665
3442
1278
15230
4459
1252
27427
3102
57318
11622
1013
54828
63499
2975
1666
1534
29233
1984
38220
38203
9581
2940
628
1408
2467
2876
21450
1635
1862
66048
2691
3827
10278
3597
32843
2857
10390
3894
1953
2856
3109
1607
1277
1057
9840
4276
2717
2946
6003
1928
1399
2840
1382
4426
15178
2311
27280
1559
5109
15388
45621
1492
7756
1668
1577
8254
74489
35745
19967
2437
25714
10644
73798
4417
31574
10637
30792
5995
2698
2499
2505
3060
2826
3782
1564
2239
1970
16090
10742
4591
12409
2735
3235
1052
44531
21398
2046
3357
842
4114
20281
6942
37228
2411
2902
37151
5100
2693
1298
1678
25184
14567
1132
1831
2400
48823
1385
1975
14425
2981
1558
20785
2045
3869
2303
3191
4017
45657
4730
2153
3379
6746
5094
1062
2978
928
2309
34950
6239
3739
20930
1670
4903
28144
2325
3468
7032
67637
2627
5682
2654
13121
7737
1691
2398
1509
3239
1935
1576
2427
1867
880
3725
23348
1378
2006
28106
32475
3179
2105
982
4131
1856
2472
32135
2190
30198
1590
2546
62939
5613
1708
1583
1257
2523
57682
13134
2382
28849
1207
2944
2647
3292
7376
5636
1150
987
2450
11008
28359
3031
19407
2996
16481
4522
7459
14610
3147
2036
3354
1458
37242
5459
3617
8929
3095
68987
1637
42574
1665
17860
1074
19603
9468
1649
3961
1172
2359
46835
18047
4332
9520
3465
42613
2352
1241
6717
34336
1548
54942
2144
7913
2650
1284
3659
1301
720
1747
2690
1958
3430
3724
41853
12869
1970
1745
3075
17971
3484
1188
3466
2041
1944
83558
21836
3897
1730
3631
2534
2620
88745
3010
937
19779
2855
2999
1472
2838
911
1816
1782
3929
7050
2330
18969
1540
26551
2508
25928
3303
2857
3878
3921
2629
66918
1764
2730
1609
39460
894
3455
32169
48242
2928
3367
3458
43970
2280
11771
2893
2559
3620
976
3409
8845
2251
4496
32616
2587
11068
6815
1435
1505
23903
24550
2240
25166
2958
4824
39160
5960
13898
1723
2343
1392
2019
102152
2956
3602
2313
1551
1170
4369
3807
1015
1432
1565
3519
2240
2596
6156
2829
1853
4078
1524
13492
51687
13997
32637
1911
41483
438
1831
3175
1554
4737
1786
2311
1508
1224
2266
2864
7578
3249
29830
2903
2268
1722
2402
41716
51656
2806
3293
2283
2881
54633
1752
2358
14933
1986
1720
2908
2690
2303
2154
12985
5193
3316
4449
1857
38596
1701
2311
5952
2496
3450
888
20777
38311
1311
2325
2377
99892
873
2359
2391
83036
1428
39022
2421
15179
1986
4491
2715
5953
4131
2690
2749
900
52677
2959
3291
754
67983
2609
14311
4995
1290
2078
1861
2799
53057
4080
2550
1359
2569
4383
922
37139
2153
2137
11394
1254
34317
15215
2145
106727
1306
24448
14067
2290
38952
1533
3217
3791
2625
72428
3404
3174
3760
1938
3279
4082
25665
2285
3135
1564
2373
8455
1872
44592
3281
3194
3709
1160
3403
19073
3120
53462
2606
1152
2596
3313
3188
2857
1480
1215
1105
2949
1703
1785
5923
3169
11905
1939
2526
2527
49912
1733
2676
16463
21114
29961
1869
1289
1982
1107
11602
19528
20728
7517
44353
3927
6416
912
1719
3452
24727
3207
11401
2574
2671
1899
30117
1496
6439
2086
103113
84291
3252
1733
2500
2963
3283
3693
60649
21120
2888
2614
2529
3450
10743
25363
2251
8880
2485
54595
49466
3365
54268
2332
6661
2045
3111
1953
1891
2427
919
3430
2275
3068
4708
2918
4457
8939
18994
849
3901
2464
4518
3162
2099
2390
50340
2650
46900
24851
1781
58570
1389
11537
2120
3093
53345
979
1196
3412
2134
1717
11252
4272
3092
1402
27482
1626
1607
891
2168
510
1679
1354
2415
1569
21797
3097
2975
1242
2145
1403
2526
1427
85957
6922
2044
24377
2083
1411
2867
977
6447
1429
83386
2660
2345
1663
16374
20824
81203
2254
2489
2952
4407
4194
16562
53911
2267
1903
37199
1430
2576
2832
2893
17391
1236
2592
47341
1948
1763
2239
686
9605
3563
14692
1991
40606
5695
2422
121036
4347
86296
1631
2914
2580
3445
30465
66231
1142
6718
3102
22095
2986
787
71023
3379
1370
1372
11759
3308
8376
3668
3480
1954
79828
1747
1798
79740
2415
1581
9308
10399
2202
29586
2529
2001
16670
1970
17367
1658
2983
32271
2577
1157
2694
40261
2499
1670
2603
16124
2209
2257
2258
2706
2411
25748
52447
2648
2427
21579
39526
13515
2041
21864
5874
2929
8519
1724
2049
17436
1715
2284
8372
1853
2778
803
3371
2042
1191
1657
1671
2380
16962
40931
3748
5213
29197
42881
2430
1608
2997
2428
99520
1437
13626
11410
13271
3907
2178
2566
1533
2157
13943
3489
71189
2341
68213
2123
17860
3149
11675
22730
17435
40410
8867
6540
2058
3044
2567
14398
49101
741
3260
10254
15273
3983
1590
1599
2529
4886
2742
694
4068
3976
13082
30054
3251
3759
1487
3335
3538
1347
56902
859
2755
31499
9659
9953
4774
2877
2216
3667
76805
41173
74145
25230
8641
2432
3236
35259
2779
19727
1238
8153
18397
9317
2593
1684
1778
3023
2060
26748
1877
1322
1303
947
1431
18091
1886
74392
1630
879
2040
1802
1911
7775
2203
947
19948
2016
2432
8697
3877
1613
1698
19030
6353
3351
1852
1493
2399
2861
791
480
2661
2475
8613
7436
2235
8016
5063
1842
1928
1532
1727
21599
3032
10313
1069
4821
2988
4107
2245
1214
9505
645
859
16042
1465
2034
1809
20586
2239
3016
13585
23116
2655
2348
2710
3658
3073
7945
45407
52542
3214
3524
1594
2552
5055
2297
5881
2082
1944
3243
1964
34227
3410
22398
45454
44581
31288
4013
2578
3001
35477
2033
2768
1000
2008
2360
3229
3372
2674
867
3452
28158
13268
28028
87543
2933
3495
12050
2676
421
3099
3103
4396
3145
1130
74978
2274
11238
1705
2167
45777
3416
3388
11808
1867
1900
5604
3902
30313
1859
2674
1248
3363
2883
6217
2399
3822
1910
1387
2966
5435
1728
29440
9740
2785
3427
1481
15290
3707
1706
2612
1345
39883
8059
129118
2154
2321
2860
11825
23525
8417
19297
3494
1041
2439
16697
1030
62204
24822
2675
3751
1695
1288
1293
2611
3744
2488
2596
803
2976
3871
2907
1378
2407
3348
2855
3372
86415
2589
3015
2891
2641
1718
38426
3338
2200
32953
1733
896
1657
2387
1814
2646
25545
15046
450
1612
56319
2651
925
1605
3048
2975
3155
3691
3019
2830
8682
2369
1759
940
7680
2863
7376
3719
53135
2446
3716
1666
2618
19383
2132
3046
2578
2834
47932
3823
1093
2725
2683
4105
14679
2198
1383
10571
4109
1096
7916
2701
1785
9665
18540
2135
7907
1011
2426
1274
2288
21273
59738
17223
28980
1055
2479
1927
1489
13612
568
2911
30990
911
2503
3044
1460
1490
2071
2726
2879
1201
2361
12519
1731
2741
890
3044
3052
22111
1545
1673
27766
22270
4324
1724
2648
1772
2706
29494
29706
19959
1762
1793
3650
31903
2953
947
91103
559
2961
2276
1619
1981
16114
9464
3910
2558
13160
2698
41912
2151
46620
2038
1889
20116
3061
2423
1955
1377
4622
1964
1111
2460
1392
60078
8832
3249
3452
1736
1410
1953
3917
7024
37564
2946
23545
2638
30519
16449
1598
90691
2821
1685
3365
39651
1952
2232
1011
29631
2858
4431
3634
2660
26634
1774
2291
43410
2014
3310
779
1954
19458
1744
1616
24087
58733
3087
1831
2569
3362
10807
1371
29559
4821
3992
5851
3003
2934
38061
56104
2927
28275
1843
1785
1611
1331
2456
2405
1704
1845
2799
2097
20286
1654
41754
1515
15507
24860
2290
39137
1351
3199
2205
74414
19683
3118
2179
1226
86405
2665
2070
10775
2109
11487
4740
828
75832
10309
1209
4125
2271
84478
1917
874
2888
95258
81134
1997
3074
1326
93480
28136
17998
3297
2797
3117
2083
17026
9800
2433
3171
2838
1611
4079
1480
2780
2798
50655
3755
2496
14490
11137
20194
2385
31046
1242
1156
8481
28498
2567
1042
2404
7043
2307
3072
26175
17201
2887
3651
22099
2766
2837
1692
1793
586
2567
3298
14571
1206
1850
3851
6326
948
35767
2991
38015
16320
20286
856
2877
1322
53552
2235
3089
2096
2991
6887
2919
67764
1907
19844
1894
42903
2790
3298
3666
947
2823
58093
2873
1977
1271
49609
2848
2124
2323
1634
28877
3055
2243
9264
3772
80840
14274
1838
1936
2033
2182
1480
2806
3491
2071
12745
3344
1861
20631
835
2151
38066
1107
62419
412
44728
4651
3009
1133
12343
5353
2663
3434
10587
1988
34744
3193
2339
1853
2514
1604
5528
1870
1895
15680
951
112957
716
2508
2134
2525
2710
23541
2905
47996
3855
64465
3713
2050
1737
33629
1354
6808
2172
880
36353
28724
1894
8720
3160
21158
2486
1363
2268
2407
19129
2251
18538
2533
2511
2888
6538
10616
2909
3917
32083
2777
1680
941
2979
3197
3740
1322
2481
59841
2380
42181
928
12807
1220
1602
2617
3210
2240
4027
2513
1828
1590
10054
3441
1428
2044
2181
1940
1322
2053
93920
9062
1622
2892
2555
3134
25952
1254
3316
89088
10269
1492
30122
2330
11534
2070
5219
30681
2548
76309
47738
2433
1303
9232
1919
3729
2207
2514
17913
2439
3177
1410
2209
2329
694
3341
2753
3764
20930
753
2005
63309
6647
3302
2279
2886
3000
120445
43182
47031
1580
1030
1606
1779
1546
2579
1455
2510
30503
51759
1366
848
22713
3060
21660
1657
1462
3079
4808
24616
3001
73250
17779
12123
6730
15996
2912
3429
2843
2390
1710
1669
4911
1995
3859
11008
61836
14901
8326
3004
1967
35454
1035
9925
2491
1443
2628
1308
801
3130
1762
11272
2200
4079
28791
2839
1722
32850
14822
3009
3024
2868
2783
2692
3298
3112
3162
38781
3721
32862
3067
8006
1614
15020
3387
2722
3538
2070
11788
24263
1293
12912
106983
2892
39008
8459
2673
90258
2286
1701
2309
2754
33437
154465
3071
8146
3958
2557
8281
2714
2972
2525
2862
50478
982
49073
8581
1431
2883
3099
17947
3374
2757
1099
3333
1863
818
1135
1703
3761
2525
2069
701
2532
10034
62298
1448
76576
3313
2025
1375
2436
15580
2780
167544
1776
16446
978
3258
53871
2242
2776
24499
3173
1637
4004
1554
2306
2761
7965
3228
1730
8495
10785
2300
2575
2971
72587
10453
2123
987
61771
21237
14551
3578
1996
935
2328
21003
22810
32559
2050
36873
2822
3490
2689
8414
18397
2441
3843
4784
3784
12026
20158
7801
1414
42722
3274
46064
1043
11969
1784
1635
2597
1496
2584
3039
12027
2052
2803
18113
10661
26298
17979
49004
2808
3512
3273
1624
2316
2555
2738
40565
1899
3433
3565
1504
2822
3108
2457
1316
2425
1510
2799
2589
3239
1347
1166
2705
2830
19268
9726
1863
1417
1984
1832
1858
3099
1773
2491
2069
2876
1716
1189
14745
25957
970
2108
72857
15552
3415
1412
3702
11075
777
2967
1252
29961
1945
2002
954
2203
1509
23757
13576
3147
26837
2925
2421
12385
753
2018
2761
9305
1353
780
2198
2540
2483
3949
1066
1026
3258
11200
2793
1763
26553
4421
58513
9987
3308
7084
3507
971
24514
3241
1902
28394
4064
2206
3275
18513
19601
3375
2444
1896
2794
2040
2511
1399
590
7899
1788
731
83561
1661
2467
2360
28937
14780
1044
48607
53995
4339
11567
17030
3395
1930
3037
2931
2119
110818
3266
2031
2704
20859
3182
3112
2325
2025
2795
55086
13444
13653
3612
2528
2834
2435
3479
2749
2525
82196
3110
1474
2322
6684
2000
4187
1447
1794
1112
1155
64591
1583
2949
2813
1751
1035
36006
5080
2499
2772
3480
17294
47179
7591
2641
3061
2902
7924
4631
9124
2927
2601
2573
2944
1655
23675
2537
2414
2724
2946
4368
14662
43895
2957
2903
21154
1971
18204
6238
2753
3667
22792
7049
1191
8231
3119
32164
2964
996
1159
2342
3747
1658
3159
1669
3669
3529
10378
55066
37244
1205
2819
13879
17944
2432
2613
3174
873
3964
918
32023
2070
2718
923
1368
2803
16273
20879
1690
2675
28074
1816
3247
1322
63133
2683
40739
2893
2782
1914
6660
17304
20566
20442
6720
1870
2505
11829
1367
8634
2421
3693
2221
3028
3635
8665
4997
1893
39358
16338
27170
1480
34346
2056
33051
1045
2382
5603
35617
39366
2727
50681
2333
120357
3417
13943
1481
1991
35914
58361
2941
3258
2286
24420
1124
2178
2181
28880
1133
2031
1921
931
3766
1652
3681
2266
49036
3072
36334
3572
3514
3766
2104
4781
3590
43872
3503
1766
1811
3117
1075
23249
1755
26516
27964
2253
35252
4541
1383
14603
2901
6068
1227
3240
2157
2947
2952
27611
85422
17324
1896
2722
2970
58297
36265
2096
937
20641
3105
29202
2091
20076
36191
5200
1532
1583
913
26732
2748
2220
2964
1754
3715
1770
3485
25958
4714
37229
1995
3776
1538
2424
3360
1286
2044
15153
4637
755
4194
1009
3323
71700
2547
17058
8277
2792
14601
3583
57089
11475
13306
24486
36063
21563
1560
2671
30235
3183
2549
1570
3681
45680
1204
30184
947
2413
3187
26973
1525
49679
2911
11728
4174
2702
1231
11328
967
5132
2284
4361
3065
2601
2640
20226
16312
18958
3729
24149
3821
98711
33463
6717
2474
978
3571
40997
13948
1619
2372
78623
11199
2811
1610
2357
1509
2864
15462
3552
22270
1077
894
2102
70396
14597
4229
2402
1941
9847
936
40810
14140
2800
1999
3057
1357
9613
6256
26961
68024
3571
3395
1862
2472
1513
3301
35634
71896
3451
1348
1755
2691
3888
1660
3815
30786
6967
50110
4521
13010
9560
3158
6429
2536
2017
12608
891
1803
27486
1359
2558
3878
18639
1908
2081
2231
3756
3333
19305
2624
1345
1914
3052
2723
2472
1536
507
102887
1474
2697
1676
3924
2083
2808
3344
2939
1068
2261
3309
92838
3537
24408
1372
1266
67318
2778
26021
2271
1841
15299
1333
2371
1262
110540
1909
21996
4506
1752
106491
2432
1459
8560
2188
1853
2220
1397
3064
1094
3884
14061
1774
1660
1181
7295
1249
2237
14281
3059
2422
50067
10024
641
82902
18990
1561
2054
20532
1755
19514
46056
2948
3517
3939
2909
1535
4185
5771
1566
2204
9763
1516
1312
3115
1876
7226
1051
3254
3394
30515
4619
860
67086
1115
2317
28623
3279
1564
2676
1628
881
1823
2302
2052
1156
55769
24796
1678
5811
3023
2464
41917
2031
3547
27187
1371
3911
20702
47786
1368
2929
1675
2892
48874
2328
2105
1714
10027
2771
3708
1514
2489
2105
1080
4749
2443
1954
1260
2049
2966
2901
1120
3299
42148
7084
2832
1871
1009
2682
2848
4822
2092
5944
3185
1357
1482
49451
1282
35671
2156
2821
28169
1182
2245
3005
1315
1463
1596
31060
889
2365
7976
13807
4312
1403
2903
1721
3116
3279
1906
10179
2509
3964
29839
3800
1339
1523
3283
102131
15571
1987
2975
3253
2406
3093
1731
1188
40090
41985
2929
2849
1192
28886
103631
2815
2448
1659
2964
1608
21002
1071
2484
3444
1382
11842
1443
1596
2461
7488
2477
2162
63219
1277
31121
2276
1897
2823
3279
1827
10068
6616
35428
3341
13741
848
3232
2384
5044
2842
1991
2930
34296
4119
56466
4578
842
10245
3097
3129
1185
1614
8386
2948
2142
2897
40074
2110
3619
2824
10119
14631
2921
9551
1211
2346
2001
2670
1593
1418
3116
2342
2759
64418
2016
1436
4237
2073
2006
3043
1943
3076
4227
2879
1381
3224
1535
1780
2148
53305
13606
31599
67551
66764
1510
2842
1693
1671
3021
1612
13918
36134
2030
7035
4033
3112
3764
12224
121866
1887
2457
8897
60090
4563
27158
2163
40485
1215
19642
2939
982
3232
12546
2583
2508
2742
7708
2177
2759
45422
20211
3660
3470
11339
2152
8116
3316
3047
3261
1600
6436
2327
1929
30434
101311
44868
3322
3015
3420
2490
32810
2689
2505
2277
16525
2447
967
2619
9711
4035
3179
2990
3714
1264
2076
13290
2533
2898
2589
1723
1702
21597
43863
2068
2806
2873
3253
6012
40821
3768
46772
2865
71734
2542
1733
1329
17856
2168
3357
23890
1944
2514
12125
2455
3250
2793
2447
2915
8470
24837
1833
15001
2692
3093
2458
10264
1879
2198
1345
2864
1961
90640
2863
21394
2808
3091
1720
23669
3622
33954
2059
13875
3344
2276
2177
11870
923
2981
24947
2925
3634
1712
3820
2146
2320
50093
964
1724
12878
19219
2141
35230
4084
2023
97367
14435
15779
1014
5098
1498
1863
2683
3293
1973
3507
36884
6257
4705
4169
14033
12737
2233
7384
14269
3501
2475
2095
39606
1883
1828
28826
3362
2572
1888
17051
4196
2627
17415
10346
9370
24039
2827
797
96767
16715
6907
1447
9019
2520
4158
1228
2842
2883
10511
2602
3340
132950
34752
3292
1881
2795
3755
2369
2136
2389
1574
1087
1231
2944
4097
1349
1421
2673
1730
8869
1099
3293
1611
24691
2692
3216
1932
3418
69634
95822
2777
1541
67247
3437
3094
18916
2120
3564
1424
2020
2117
78152
3535
21407
3169
2299
2012
2574
2312
28247
104916
36238
2524
21389
3208
2727
931
1032
2500
2976
1848
1021
1265
1019
2315
2828
1283
2654
18746
1643
2647
14896
1946
4635
1883
2142
3135
41304
2726
19175
2694
2238
17634
2792
72545
9103
1157
3469
4312
3873
1146
1099
2552
3235
4713
7943
3852
17294
49642
59882
28489
1566
4296
2728
6762
1819
17378
2286
22632
8468
1822
1138
1463
2897
1792
1996
16417
2923
2197
3782
2110
2355
14651
28875
2569
3556
4284
2995
3883
1947
6549
2012
2201
4264
12547
2231
19335
3341
966
41524
3397
2243
14008
2967
17751
3385
26193
3552
61045
2952
15084
12129
1461
2178
35595
1597
2871
1120
1654
1842
53311
13869
21202
2886
2731
88171
3046
1793
2210
1116
48549
4129
87205
4354
1785
2837
2992
4643
2585
1636
26917
1385
53228
2610
26414
3167
2717
2681
2980
1773
764
3636
557
7961
2102
2307
1992
2008
3040
25452
3326
1432
33165
3286
1342
1087
3312
10555
1298
3092
2313
3396
2347
4136
1029
1340
2231
1212
2799
2555
17044
2210
60852
4147
2636
1888
1726
995
2390
69742
1957
1396
1961
7594
1463
14079
21812
3431
19086
31278
3326
2390
19709
2688
5891
35646
1575
38237
4780
23662
14775
1776
2340
971
23979
1972
2030
1343
1666
2599
1243
57214
2535
3513
2594
1180
46678
68278
1407
1075
2768
2699
3934
1822
2479
2942
44295
1606
3293
2531
36965
2436
3308
1999
1181
20551
2692
1925
9662
2353
22584
1466
109680
3134
5890
1270
3557
1640
2512
10288
3990
2692
6029
3496
2436
2299
1911
4025
3462
2240
28810
1062
2781
7308
2731
3378
2179
47604
2127
19715
10879
4460
2937
3505
2795
2289
3304
2574
2953
3244
1745
3670
3267
2342
2523
2415
2049
8752
64553
4176
2514
4114
2923
2113
2900
36155
2880
1268
1595
2560
2533
1873
33511
19818
2534
2569
2067
667
17030
8795
7271
2486
3224
3201
1663
2234
2040
10452
1361
939
15688
33018
1401
1785
3413
4237
19253
2916
72893
2876
14391
2967
2553
2653
2096
5467
1759
24508
8840
34253
3941
30894
19525
7010
3590
34930
1535
2233
1611
2623
33808
3025
8548
1705
1232
2895
2633
33157
1547
2176
47895
2598
16500
968
2531
1570
2509
2621
7586
3030
14747
1929
130792
3547
1044
12174
895
3176
3170
39882
65760
2502
2348
16204
1438
1685
3635
2797
11556
2438
1573
2204
2154
2096
6224
3167
1366
3243
2933
3945
12335
1489
2153
1698
3368
3061
1878
3225
6662
1779
2327
1022
2053
2202
1610
2840
3110
46770
3745
2468
2954
2956
4123
2103
1084
2649
1556
2730
1968
3939
1892
3261
974
2537
2253
1718
1808
11628
23697
28542
32632
2134
14755
1131
1389
2434
7648
1905
3480
2957
2739
2276
77238
10700
953
2332
2495
2471
3665
2325
14623
3081
23990
19879
2444
26218
2409
3609
2372
40252
14658
21105
72293
34100
1785
2767
3061
3264
2416
2359
4155
12706
3156
2269
1292
2709
5656
2896
43130
63911
3217
1523
1300
2251
43165
3713
22206
1375
72132
1353
2563
3118
2141
2918
6193
2547
61422
1184
56909
12774
1695
1666
1822
3164
1601
2568
1683
3002
16780
3035
1890
2562
2993
3859
3083
2043
965
34944
69795
1840
1222
4554
14756
3745
2007
2111
2961
2136
8509
49069
12143
27523
24180
2528
2532
1660
9975
6370
2722
1448
3184
7728
1284
1124
2398
27237
21050
2568
6585
2270
43749
17803
14398
2527
2982
2238
1488
15534
837
3463
6417
2497
18422
1662
12077
1313
2786
1138
77456
2044
2127
3310
5476
2924
18410
2197
3006
6070
2122
2310
2769
39618
1548
2748
27712
995
3054
81966
10022
2816
1464
2595
4194
10158
2283
2163
3112
3641
2887
4726
2231
1493
1879
4116
1594
1183
31855
1004
12898
2387
1877
3128
17102
2982
46141
13126
2465
8636
56944
25696
3601
20695
2174
1830
2345
1051
1629
26433
17500
3035
2692
84060
1577
44208
33602
58815
3614
1385
1957
3039
140303
12598
3044
5499
2695
2245
3428
1817
1133
1793
42891
3157
5948
2543
2375
3454
2391
2775
7969
2574
1724
2972
1593
1265
2493
37620
2516
3708
2416
3749
1470
2198
2774
3081
2896
36193
2216
1738
1423
3432
1331
21074
14084
915
3634
15451
1464
18619
3256
756
2284
2825
2295
48694
1447
2111
2736
3571
70290
3009
6810
1125
2363
3079
3197
18242
2709
3552
3047
4788
2495
8861
2973
24321
3319
30641
3952
2583
2177
774
6953
4644
1234
3461
2505
3599
71739
34272
3333
2914
1685
2172
3238
3157
17774
2460
3590
52559
1721
2108
41969
1536
2652
1993
2565
23677
2817
2769
9380
3415
2812
1818
4516
2734
19763
1818
20882
3573
5238
67222
2926
2468
2854
2385
3741
1802
84520
2847
1267
69091
34838
26823
2298
2647
1872
2796
1955
9217
2007
2638
3739
1336
2465
573
2264
2428
77509
1384
1102
2402
2641
12657
3866
1216
125884
2123
12496
1894
12667
2326
2257
1348
3321
74603
3865
2346
1877
1703
84513
22645
2116
3732
3010
5885
2414
25795
2315
2271
188302
2682
3827
2063
2413
1894
1488
17170
2004
889
2409
58435
17699
65997
1596
3267
1483
25717
21262
2930
4092
2522
2829
40965
1131
32805
840
44944
2088
20639
2881
3899
622
9118
2627
29868
4165
1825
2117
1308
2393
65046
2774
2723
2325
1695
47311
16963
3970
2444
1491
855
2410
1762
2305
1562
2587
1138
2120
1997
4078
28137
952
2014
2855
1756
2446
66466
3719
2221
3674
18397
2366
823
79007
26197
2552
823
2844
16441
3492
2614
4365
6515
6056
17425
3499
3417
3125
1994
71882
2800
9668
27275
1579
21954
7840
2030
17840
13149
14964
2189
51537
58725
3073
83238
2922
3820
2823
1739
1884
3779
2890
1875
1699
3858
2617
2155
1381
854
21040
2796
838
17775
2100
2170
2783
1110
2146
1579
4488
1613
3663
23456
3116
2877
25053
2286
3257
1532
2887
10789
23099
8738
12597
40377
12319
13669
768
26647
1216
1833
10521
2300
2131
3309
2372
7628
21036
20747
8373
2014
2188
2514
750
2626
2440
2412
1736
3472
32320
19331
3222
1311
133222
2053
3098
3225
2612
1630
481
8951
708
27085
1358
3720
39515
2029
2815
27781
10489
1914
2967
2268
33924
3377
49288
2601
2756
1402
15671
2336
8071
2808
1564
2059
2258
2144
2220
7588
2473
1865
2881
29943
3247
2635
2982
2731
2318
1231
3318
15101
5816
2042
34622
2149
15515
4435
1629
2906
3583
2029
3231
3153
2826
1384
1789
2927
2932
2712
1151
4432
3342
1457
2570
978
2710
3628
1729
1451
2123
2994
25612
31099
2874
3726
2186
3192
932
18261
1338
2286
2256
50080
1902
46421
2261
3448
17817
1961
6991
26325
14664
4903
1180
16183
3310
12899
74326
4553
3897
3200
4916
2441
1627
2562
7253
1895
3484
78782
1731
30577
2396
9369
18762
16655
79660
1922
2455
11470
1855
2437
2197
2885
2361
124082
1778
3978
1960
5491
10659
2736
50226
3671
3031
2276
34040
2343
2674
15466
3165
1704
45102
2030
16606
28372
988
3092
2327
13711
1723
2486
2508
2155
2806
10716
2148
24259
2024
1627
2636
3348
3069
2608
33534
29529
3424
19008
24868
18402
4018
1104
1767
841
4043
2610
2019
2857
4904
4431
2310
2926
3835
11916
3005
1385
20505
55029
2738
2887
37647
2278
10211
3087
17291
80723
9391
1884
2403
2062
779
3500
3302
1421
901
54089
963
8408
1965
2779
853
3582
2650
14050
4369
45589
3512
3193
114606
1161
1028
6804
24504
2077
196506
3002
2934
63549
889
2587
21643
3322
2172
3707
27473
20514
3424
2384
38307
42742
2064
2060
1217
1201
2754
51972
1587
2395
2457
19992
7926
2325
4121
91504
44283
3583
756
37846
30338
1761
64471
2110
16572
2390
1761
23463
1958
3467
2992
1803
3321
3026
39207
2922
19978
1989
1820
2947
2945
1844
35026
16488
47965
18828
3299
5098
2617
2639
2439
7931
43727
2217
2307
2373
3375
13045
1415
3256
16814
2402
3021
32386
4365
12648
958
2682
3407
1878
5164
8917
2962
4470
2510
55001
2271
1153
2149
1900
2255
5466
1961
1757
21874
2411
2340
31696
1373
3197
1554
11373
10837
15055
26779
35667
61339
9186
2620
3886
11103
18689
2604
2734
2227
1637
2842
1318
2290
4284
3777
48123
16369
3917
1810
2903
1654
3603
3711
2822
3487
2667
2709
2074
2268
1961
2503
3150
10805
2042
7127
10568
2353
513
2314
2674
3128
2452
1025
2231
4314
59700
3033
8702
2570
3288
1297
103194
1374
2534
4014
15693
2324
2934
26903
35872
2761
20399
3818
1620
1779
6683
2347
2783
2412
1784
7665
10874
3101
21202
47927
2105
807
994
2286
3649
15323
3533
4266
3832
64111
2335
34022
13377
2162
4773
4003
2071
3221
4100
3230
2000
2030
1987
1029
2712
1888
4498
1531
4354
26753
1966
2625
2228
4114
18858
2450
18415
91019
37917
2254
1475
3836
5814
1148
25218
1180
1868
3473
3025
4436
2594
27223
73432
32290
2327
2389
3021
6591
28219
1754
22480
1259
1728
24455
4623
5381
13839
4248
10706
1950
87829
2723
15723
1351
2819
897
30422
18309
2800
17322
3123
2230
1660
2827
4409
3518
2788
3134
2549
3028
2989
3051
2189
73834
33799
2093
3286
3640
2191
1745
2519
23829
2025
35979
2065
1150
4671
1979
28649
21456
6248
37273
11645
2565
1195
4043
2596
1318
988
72569
2164
3751
7107
4015
1714
19658
7988
5607
1864
33229
2071
1650
1040
3631
40274
36739
12159
3279
2885
2665
1598
60570
19783
19945
1192
1720
3995
1330
1238
743
2674
72525
22782
2766
2316
25693
2524
4039
8696
2995
3145
947
9379
1618
1297
1329
3290
1493
2043
1554
2536
3421
2439
3188
83616
3385
23639
412
2341
3685
92306
1638
1259
3014
2740
2931
709
3292
15452
2373
2408
6473
2590
1698
2723
21676
13763
56310
1180
1321
2826
7051
57811
4734
3182
2123
3406
1676
3320
2578
678
3795
7562
2616
29032
562
33804
20180
37316
2552
1705
40222
17044
667
3301
2653
1321
92563
3491
1272
2320
1509
3758
2195
51749
3270
3435
56937
1607
3322
1618
2312
3614
2116
1320
18000
11626
1509
2011
16284
2075
3546
3146
18816
3936
1909
2241
3186
1996
16515
3031
4139
1543
15723
3057
2928
12409
28183
3966
1992
28307
2523
3501
1229
1940
3334
93364
1754
13389
3438
2674
17803
2594
36382
2719
25750
3221
2732
4654
2462
2909
3775
2574
2550
8454
2541
3907
1518
6880
83737
14261
25592
1536
2901
2038
1352
659
92367
950
2091
1872
33650
2451
3691
2001
15616
2159
695
2625
4012
2022
97360
2654
1264
2347
34094
1456
2697
1053
3921
2591
2506
2174
31819
2031
597
2458
2500
2469
2235
1555
18677
2307
1880
3662
9167
14416
2369
2930
18211
1962
2285
3222
2609
3144
2689
1036
91732
4184
1060
63281
2188
4587
18635
5017
1894
1849
2921
2491
2432
3340
2792
1068
3945
2812
3562
3166
2154
1271
1476
3405
1347
2886
8996
1066
35808
2394
2585
44234
1074
15698
2973
26146
9242
3794
2035
2536
3434
3628
2194
1111
2550
2523
19829
3635
11636
71367
2595
3964
3357
2447
15791
7381
2187
3132
2673
2040
3181
7660
3483
1820
1711
1959
1281
2765
1873
11809
5377
5838
1406
1858
899
16655
1012
999
2253
54550
11408
3546
2545
26461
50162
1629
5511
41625
3522
818
2541
164539
18949
1744
1632
2853
19518
3460
2861
3257
3590
1690
30328
2910
1975
1692
3199
2914
2129
2791
23093
1253
1976
4248
807
3045
42642
3751
2283
956
2502
1416
31484
48315
16310
3056
74719
1691
1936
3456
2510
9032
4917
2974
1650
44460
2697
2599
6419
1573
2429
14743
37998
33444
7156
22497
17467
1970
2122
93073
3394
6018
3377
4289
2593
3189
12312
2761
2244
2438
1584
2580
2649
1151
2391
2498
922
2093
2140
30943
11424
18386
3224
2057
7666
2263
100504
978
6249
8615
5578
4040
53917
2702
1568
19891
2617
1583
3377
10769
1391
5161
62256
7795
2341
1475
7985
2270
35228
2413
2688
2815
1119
1316
48618
3207
1888
32829
2308
48105
59255
3179
5413
1731
2382
1434
9446
33456
22865
1881
2675
2611
1743
3543
2839
1414
29162
2162
12887
2988
8290
34136
3068
1366
2270
1433
25730
3856
16564
1607
1955
25587
65313
1597
3333
2900
2848
2950
58752
2907
4020
60651
2151
763
2455
2256
2139
2021
1467
2378
2470
2639
2271
3792
49061
39788
1578
35208
23426
1081
2121
7849
1750
15616
3201
2444
42380
15578
2746
12048
95305
2686
9811
12778
8459
6247
16253
14896
3749
1185
1952
2469
2045
14520
22184
22697
57867
1934
2352
2815
1059
8220
9015
1492
26492
3149
2898
1192
1719
4576
2799
6813
3016
1681
3136
26783
42741
3523
4065
855
2818
1886
12550
19239
2713
1965
1756
10928
1761
2059
2254
3621
1864
2924
2009
1433
23964
7059
45898
30406
18499
1963
2954
3996
94625
1642
2868
2793
2423
1714
41947
1543
10969
32587
63310
1586
2640
1272
1808
1802
4470
1815
3614
10056
3217
36768
1055
1938
2709
3323
4204
12896
2922
45275
14004
3210
1457
18693
3121
3196
44815
122775
2571
3980
2268
98512
5167
46314
65852
1655
1994
1385
896
1193
48110
1668
13093
818
8139
3060
1683
1552
66328
1482
788
25752
3184
1786
8494
2578
2705
93906
19490
8667
2548
1621
2351
916
3468
22687
2464
7809
14878
28330
3035
32041
52034
98342
31164
8037
2063
31181
3432
1877
25434
11808
3442
17508
2641
3781
2663
1502
6141
22660
1389
1694
702
1885
1250
33533
6915
3022
15737
1440
2309
3152
1822
2224
20212
4769
11708
10172
19762
2428
1165
1888
3110
3310
3869
2579
1769
1919
4145
1873
6978
3211
4366
3318
2234
17907
1334
67339
14128
16618
15036
2023
7512
2501
16259
22632
1639
16499
20677
1898
19966
2911
2040
1585
964
3070
1859
2563
2901
25559
5259
1318
1747
2195
1202
1191
1902
25706
18952
1099
1612
2661
1868
2237
8562
2187
22925
23709
34637
1715
6705
2301
780
3125
3241
1736
2986
3059
32006
1563
2262
3606
1097
50030
3258
1424
1903
5415
4587
26851
7454
41665
4194
1121
1992
12692
1576
3632
1447
11745
68861
1819
1612
1810
1095
89022
828
2577
2250
136658
3194
1533
1737
2122
8705
1728
1427
2642
95492
13423
20103
2131
3285
1972
2062
3121
2799
3244
26541
54551
9959
1037
1886
1636
1894
2487
68758
3440
37913
1986
3113
2604
4845
25806
3618
4922
2414
2322
8790
9378
927
2788
3060
52828
43479
2080
1001
40120
54100
16121
1795
37220
11736
3341
1311
3494
3211
4339
8219
3700
2668
62558
2486
1958
1914
3110
23741
42996
2753
1672
1714
9766
8021
6310
53611
2809
1293
3541
843
1454
5447
3080
35229
1870
2796
2730
22155
3996
4968
3561
1271
2111
9884
2005
1975
2711
3608
2373
2987
2370
2430
25154
9003
3117
1544
9342
2902
35650
3841
2459
1850
29908
39129
13700
3216
2868
17925
3223
1971
1037
31574
8552
1037
1756
2827
1346
1733
496
1900
2649
10007
1049
2109
1409
2366
2103
3457
65277
1199
11314
6401
9116
20576
1318
24008
1918
1613
2734
1047
16499
11989
7015
1527
3136
19033
2906
1979
828
966
1218
3777
42943
2876
4779
1321
3642
2316
6150
1105
2385
1832
9531
2724
16035
2755
3534
3070
1637
42561
2039
12610
1858
2557
1567
1919
1179
4190
2081
10533
1108
1709
2215
3701
3476
854
28904
8457
4384
17292
3708
1208
19881
2432
1746
2021
1230
10800
1095
3551
1964
10574
14094
1683
2639
2014
1291
3006
19990
130642
1895
1656
60157
2994
9140
1966
1901
1756
5384
26265
1688
14116
3282
1945
2125
12009
1606
1016
3420
3646
2503
2302
55019
2146
3471
28460
9596
1435
1531
46730
2575
13605
5752
1381
923
2256
10665
3680
2590
28412
1054
21156
2986
3356
39927
3066
13559
9715
2293
13412
5011
38119
2308
17424
3511
3833
45507
2919
1718
3048
2757
2333
1979
9895
6611
2437
43696
43392
28955
2690
43000
2327
1891
46154
3249
23209
18716
2323
2085
6775
31589
1457
2272
2712
4693
2374
1645
1966
2122
3107
1957
8383
2165
2880
11890
27707
1328
16323
2400
2576
2489
1285
3055
1499
69784
2562
1759
30695
124859
76390
2558
2000
47134
1738
1392
58767
8180
42633
3253
20578
1952
4353
2714
19741
1728
1688
1731
3531
1075
26329
2614
2456
43856
4367
4123
2653
2621
4219
1669
584
466
1565
