79326
2672
1814
4052
2933
17772
2018
2193
3663
11769
3045
2353
4187
3138
1366
2599
2339
1423
53127
2992
25791
3931
34273
2479
1478
2501
2551
1513
3696
2044
3118
8490
1992
981
3367
2819
22432
2001
30057
2498
3478
34199
2821
59986
2974
3547
2704
1491
32233
3034
2954
1728
1559
1405
1071
110004
3748
3219
2683
2811
1691
1082
2031
1166
1982
1404
2252
3031
2103
2880
3273
41101
1625
2015
1221
1467
3770
1713
2763
29870
17487
1337
1817
13226
2664
3453
2405
1546
1981
2298
3652
3349
3707
31826
26231
12097
3919
5506
3527
57724
1644
3425
3563
2952
31552
1651
1927
1974
2000
1895
5781
25643
27190
1983
54502
1915
4665
2257
27967
2741
3048
3571
125395
5160
3885
36511
20518
2080
13187
19244
13971
2726
1391
1060
3205
24586
2113
11461
34078
2319
2179
2861
1870
13502
2411
1152
1966
2282
54249
34584
4183
17030
2376
2212
7957
2740
53150
3631
3201
2230
979
3054
2422
20679
2212
2345
2610
2818
18366
19371
2597
2717
42413
37750
1916
1953
2902
2752
1071
1594
41625
3253
2310
2598
4674
2166
3898
6557
3119
1123
1988
10003
2328
867
3031
10703
3332
45982
4638
20978
31356
17945
18246
3464
2917
929
1155
1992
1899
3774
27971
3468
3598
4400
48350
34823
2217
998
2804
51326
11907
1988
1464
1087
2480
41557
45683
1972
14159
23801
2879
1993
1798
35153
3254
1501
3354
2998
1614
54068
1225
646
1473
4231
12469
19699
2541
6100
3053
4995
59657
8479
4236
4602
1942
2395
1269
3452
921
2079
2322
529
1881
2562
7079
11733
3024
1293
3719
1520
2990
3483
2385
1756
21616
83921
2624
2009
1703
2021
2747
3283
47979
2636
7607
2781
1826
3236
1922
1621
3349
2854
3822
1416
2435
1810
17568
2510
1803
1524
2560
2450
3180
75124
1897
4256
3439
3934
4427
24547
77054
30366
22300
1770
3456
95948
3474
16171
5553
10005
925
4087
9342
2690
5017
3448
2566
1406
57769
3779
3075
3276
6013
79411
3392
3227
1329
26362
3436
2494
1812
39370
1981
11859
26277
1679
1175
2909
1201
1451
2162
2817
2265
3162
17239
50301
2022
2331
67574
4095
103957
1650
2574
2351
15766
947
3299
938
2701
3714
77917
1210
3032
13445
46029
52611
3032
3400
47332
2352
3309
1659
3777
3030
2672
1307
3144
3345
45392
1392
2435
11880
3026
2460
2938
2574
25370
1412
42063
34480
3344
7948
2141
5301
13976
2042
23841
9990
2694
5352
2568
2138
3078
79711
1844
2136
12011
1980
15361
13267
47896
2111
1093
34784
4273
2023
52302
10143
2625
966
18934
3192
8847
1923
2088
3660
57195
1186
3817
1222
2963
2526
6002
3258
4464
2454
3329
1428
1452
40367
1495
2293
27052
3880
4148
27781
2682
1971
3834
1571
2801
122981
55124
2953
4633
22471
144769
2346
24366
2177
2378
1446
3406
2412
2922
7166
1203
1299
2371
2281
3995
2450
4297
47271
25374
1624
987
3670
13150
24998
757
20392
3129
2791
20446
3705
22136
2610
64985
17858
2811
1462
1511
2113
1998
36109
4209
1350
2908
69075
4234
1570
1942
46874
19222
3232
2110
7973
2606
3179
505
10418
2518
1796
27423
41236
1938
2815
1161
49328
2714
2135
23680
2461
13394
2597
2477
1386
1666
4201
1639
2495
3015
2740
2032
2487
3705
2261
2307
1568
25212
5426
3378
3145
16546
2254
1707
17357
1297
2176
1917
4292
2117
1903
2641
52038
60108
3432
3183
2821
48103
11962
61833
2522
1690
3499
2855
2318
31561
1667
4809
48537
1827
3298
1956
3360
1461
77328
2411
1533
1681
3029
21420
1398
3032
29106
1035
44886
4276
3433
3853
4759
3323
23277
4226
2987
773
4184
1611
980
747
2690
3395
2017
1758
1558
3285
2084
3291
2492
2571
2396
17997
2790
17040
36816
1898
39525
2483
34864
29054
3238
3189
2494
29522
2954
26721
3730
971
58673
3055
17651
83796
2524
43724
2936
2222
6433
3117
8056
2315
3277
27529
3449
3558
2317
2721
3226
2314
26527
10728
3722
33073
13092
1956
923
3392
1401
1667
2806
3844
15629
4346
7691
11525
1218
5282
13469
50428
34440
6767
874
2169
2266
17914
2145
2637
2939
1667
3285
1893
1482
15216
2779
2416
2622
18853
33413
3352
16290
36655
2643
1458
5413
2531
3427
1963
29749
71778
15113
19316
2048
1849
2412
24041
34476
58551
2340
3527
3574
1463
3451
11388
2108
1270
2782
1151
3036
10717
1410
804
3011
17708
2366
37552
2618
3600
3029
12270
2585
22141
69352
3234
8357
2862
3274
3331
3625
2018
3823
5238
3564
2153
2002
2965
2943
2602
2334
2997
24987
12325
54773
2230
26087
2713
1954
37981
2827
2736
2456
2611
9116
1958
3072
1440
3580
92618
76720
1336
3072
2342
6059
1363
22248
3674
24314
4134
1877
36287
8159
3033
2575
19551
1729
50730
2664
1124
29380
2215
2301
4455
10620
1653
2599
58263
3464
2498
2099
3132
11705
3337
1925
2584
3210
22661
11770
6811
3861
30843
3161
2361
22862
2242
1230
1005
2299
3236
2429
3755
1707
5048
3377
53834
2432
9636
1262
3937
1921
23397
3172
2082
4046
3763
71243
3306
3011
2744
39672
3106
2457
2961
85576
3352
3832
1160
4023
6215
101208
28908
1375
3240
2737
1112
13221
2726
765
2188
2398
15857
6043
3174
1812
3534
2898
2311
3027
12444
3355
58858
69876
1950
4282
20576
2413
2184
1512
86185
2182
2961
38815
2075
4421
2307
64309
3366
4374
2971
2103
3429
32267
7060
4093
3145
5460
2366
3119
1242
7806
13174
1793
28475
1492
1618
21439
2674
22668
1146
1444
5159
2968
1881
2555
1508
4019
13440
21865
3462
1639
2383
2088
2867
95164
3838
1910
3177
3882
1534
9063
57663
2505
2065
23474
915
31151
2196
1530
2585
15025
20270
17762
1336
3733
4269
2095
3535
475
2184
27714
12193
2420
2769
30297
3459
1617
1899
29441
3454
4360
2383
2052
60733
3755
28002
24833
2611
4071
3686
13922
14843
4152
5308
3612
4014
1552
2163
2483
20216
13555
942
3718
1832
1570
57937
3846
2698
3316
1889
1361
939
2710
2657
110916
2011
917
1592
2286
3174
1831
6983
1555
50836
2592
35149
2256
3401
1887
2931
1628
6817
4945
3604
16301
15800
3177
1355
1512
2736
4043
4617
13915
1978
69573
3337
3448
54224
15936
4674
1920
2164
584
23925
34908
2045
2863
2722
3343
1776
2518
1198
4842
11091
10520
9427
3574
747
1398
2197
1897
1600
40596
3000
14167
16306
1667
18247
2573
24196
16806
2226
26589
756
1004
2516
9521
2715
1717
9852
3148
15201
1204
35671
90993
37091
4512
2625
1919
3015
2480
2090
1243
900
1759
3550
3513
2585
2136
2124
1734
1505
812
65370
1831
3025
14052
32506
7862
11664
2787
1437
2058
3781
2728
126983
3027
1506
1545
3185
10077
3927
1613
10862
6729
20376
2735
19536
7148
82887
2795
9837
36849
2533
1442
1342
1486
2916
1406
1906
2575
37210
3007
2066
4252
687
4865
1296
1817
4391
2191
61703
4132
33980
3530
12256
2068
7214
4099
57170
2169
6713
37687
36516
2645
5416
1354
23385
3808
577
2239
2699
3236
2293
1025
2045
14324
2478
3469
2550
17559
2249
1197
2875
2056
4428
3089
828
65515
2714
23330
2731
21479
924
2114
11776
1932
47874
2411
35843
3467
9785
2750
2639
12099
16242
1104
2675
63414
1710
2952
1994
1008
3640
1074
30334
1908
1689
1653
1815
1712
2190
3398
28611
12748
3270
1741
2813
10138
3031
2899
7968
36782
34042
3407
1887
1663
1745
6827
7313
3012
2515
1659
2683
4251
3383
28714
81218
2997
3841
2605
931
1475
70944
2755
689
24014
2023
3342
2273
46938
17808
2643
2983
2484
2725
1091
31585
1307
2357
1757
3272
2197
1879
21403
8613
1757
964
31205
37513
16028
3191
1264
3422
26727
2740
33598
2958
3692
24627
1082
2889
3367
3262
44747
3651
26733
2390
26528
36965
2167
2576
2339
11815
19245
2352
1612
36007
2388
2961
2510
2827
2516
2951
62922
2183
1630
2883
22613
9537
2543
2018
2813
1356
1668
16362
2046
1681
15087
988
38377
1974
1734
2175
1446
3331
1080
3814
698
3731
19514
2881
12553
3711
1928
3337
2982
2891
2849
27627
3520
62892
13278
2982
965
3682
1453
2018
52509
2204
26501
2601
3714
2279
25850
2651
3907
3123
2309
3697
3711
2467
25608
1219
2515
2986
2513
2195
9271
1645
2548
2995
44351
2298
3054
2717
5395
1612
3449
2377
2797
2920
1776
68989
3793
3285
6420
2012
2106
3122
12505
2212
8696
3565
18074
1625
4557
2120
3088
13260
2147
36852
61061
2516
3411
1994
66132
14233
4914
3281
2758
6008
3611
1471
25508
24320
2380
2814
2455
2817
1524
9323
1832
1721
2120
3374
2429
24918
3627
2312
10402
2357
2821
4646
1368
744
2250
1924
3315
2299
1725
24461
24589
3378
3416
4194
8973
3623
2220
1672
3305
12839
3723
4165
65667
3167
16728
1340
1333
23834
3667
1035
3988
3372
57531
2256
2791
3923
1285
42537
44011
3233
54196
28161
2348
31573
35810
3601
2452
4980
1439
3016
2782
43364
4141
1865
2009
16320
1085
2795
2728
913
2717
1474
3316
2652
1289
2158
5847
2767
3169
3162
1653
2966
38636
18219
885
49192
1389
1728
2333
2237
4596
14402
5018
2099
1711
1904
2127
2530
4549
3549
3807
10431
1640
3086
2048
2234
2779
4116
13288
2868
1236
5214
20277
1998
4664
2797
2041
3342
4122
18024
3586
2440
1208
8401
2410
3175
2141
2973
32332
2342
1288
1270
2613
4107
3533
2847
3548
2185
2087
1972
2304
124183
1463
15780
27519
4107
3090
3319
508
42236
3018
19650
17552
3379
37574
4134
24408
2253
3470
2051
3639
1115
4054
2723
4027
2572
2463
2258
987
15704
2074
81876
2548
2669
9558
1297
3817
1405
4192
1181
2937
41888
3484
2821
23057
66599
50804
3300
2576
3899
3948
41046
94824
1831
2246
3004
34402
3023
935
3049
781
14077
2001
2177
25250
25509
108012
3260
2901
35877
2216
2788
82540
2152
3328
2492
1167
7853
1382
3300
2070
3556
10640
3443
2483
1222
2964
21401
23846
1870
3409
8580
5431
990
1700
33424
1171
1905
15495
14347
993
2221
4796
2560
17547
1139
2399
10016
4133
1241
27320
3529
2965
1563
33052
3823
887
1415
2200
29848
3399
3283
31801
1916
2636
1473
1596
1987
2084
24572
3608
3194
9857
2841
16846
2398
33844
1292
2832
3822
50402
2406
6589
11669
1904
12148
2250
74295
2306
103645
1184
1475
3176
3473
14996
2635
1550
1316
3692
2074
1713
4356
11155
1922
1966
14483
3790
2153
3381
3927
2779
3739
6377
1014
761
1760
2728
2189
880
1655
12507
2366
1922
3042
2125
1392
821
2237
39303
2524
7783
29205
2495
17470
2421
8003
4139
1106
1413
2664
3084
1287
1341
2477
2487
15198
2312
2430
1226
99423
20976
1077
2260
2312
2895
3030
40097
46182
1576
3117
3178
3203
2958
36629
3321
3578
2582
2671
949
5023
10441
7344
2881
35549
1437
1845
11371
31233
14993
60828
2956
2447
2406
3135
508
74797
53491
3788
2888
1300
34041
2554
4134
1264
2018
7613
872
1560
4271
4387
3020
2123
1971
3938
3370
750
21905
3475
2537
2979
1823
2928
2855
2416
4140
3113
1418
2440
2516
3892
28229
12734
3823
1655
16635
35415
73640
7133
2622
4957
17513
3443
2706
16170
7591
878
1330
1986
2094
3160
3432
11790
29264
2985
2904
47834
2806
2511
1590
57223
2792
1495
39849
43868
2541
2247
3262
13579
1411
11219
2245
22111
2296
1661
3631
1077
4329
2118
3640
1128
6169
2660
1815
1076
1144
22542
28397
13812
39733
1609
2400
3443
2871
3070
2283
773
1890
3318
8719
3103
2353
1024
1372
1452
2444
2038
3002
2149
1142
2244
17505
2381
2503
2069
1939
1644
1926
55943
2474
2697
2508
3809
3424
4710
2387
1278
11007
2148
3416
2555
2710
3509
1719
67092
3214
3152
3186
2225
3872
1476
28372
1203
4337
3021
4157
1868
2440
14260
13335
3529
1979
2241
53826
19328
924
2168
1652
1047
3736
3641
17871
4052
3176
3159
2602
2781
3142
3044
555
60265
24788
46483
2879
20672
24329
39907
2461
1913
3224
2678
2670
3404
113928
11698
4625
64169
14859
2573
29304
3940
22862
1155
3276
2524
38183
6827
2494
14768
9917
9244
3590
2567
2892
2155
2300
1906
5235
2312
8782
3428
2742
94523
4062
2612
2985
1571
3059
2031
2789
3270
4644
2620
3843
46232
96065
1819
12121
2120
8533
3537
1206
6428
1967
1901
4131
1122
3059
1356
873
3102
67618
1736
3134
1847
2185
3597
841
2413
916
3436
1830
3222
1950
2642
2850
2150
1159
2278
1004
2256
3881
23339
23715
25264
23765
1997
3007
2054
2414
3415
45446
2305
2930
87092
1768
1938
9639
1783
3955
2965
3993
1624
1931
3166
31279
11865
2447
2970
1956
2347
2412
3333
3278
1099
78760
2721
1858
1111
3441
22907
3284
2923
4986
2457
2881
748
2137
3756
1326
2353
1976
1695
1765
1812
4181
32352
2365
2123
1885
1242
1765
59465
2926
7161
1269
110553
3051
3480
9736
2962
9323
33625
1883
1108
2117
2611
60029
4532
70922
4376
45146
6358
11572
3214
24317
4415
18994
39233
12807
10978
768
4288
1813
2403
2110
1473
2394
1242
1889
1368
2360
3478
1785
1239
32600
1956
3666
1881
5701
40935
172452
3050
1760
13874
2541
26271
17283
66202
132072
2494
3359
8618
12623
2108
3060
1101
12464
2190
3612
12239
3568
2555
3523
32413
4462
1518
78784
2815
2530
15862
3402
798
2390
3659
1617
1934
2790
3202
2315
51025
2536
14609
15416
1939
1350
2844
7641
2581
3156
2847
2744
59425
3451
3242
30235
25900
2071
29533
2791
2927
1617
805
2196
2371
42234
1235
12723
2634
1635
3522
1444
23883
2999
4057
1889
36922
1479
3571
47859
686
2207
3070
3800
8339
14262
14406
2986
1974
26012
2093
3646
3711
1676
1644
1546
1689
1169
1954
2788
2516
3153
2907
3097
19300
3623
12369
14255
1583
22219
2428
1540
1579
33877
1775
1695
2459
2845
33479
4023
2433
34272
2506
44930
18736
1726
39137
2129
3832
10425
1151
1923
19619
3941
2194
2974
2525
2482
1456
2910
70487
2340
2276
25879
729
2819
3400
2972
3173
2420
4264
11456
2381
7226
3774
4219
2600
2554
2611
3074
1888
2700
1800
3541
3706
60149
2553
1776
2457
44782
35172
2969
3347
2552
1589
1855
2461
7968
2171
1638
5894
1815
7322
4606
3305
42680
4285
641
4153
1457
3091
2603
1147
3859
1597
13562
20125
1808
38574
2032
35144
980
3845
3613
2988
2656
1468
32248
12574
3300
3448
41401
30972
10024
2027
61944
1788
1338
14986
3966
6491
5666
9914
2902
3827
18086
2746
2273
1381
2572
1951
17286
1400
3172
4296
816
76644
8534
43889
2029
1459
810
2926
1235
2253
7666
11735
981
3804
51092
21289
28390
3123
26547
2982
3225
2603
1960
2981
13308
3478
2124
4191
2688
2611
14673
104861
3324
51209
2631
2217
2772
26406
1974
3887
2286
1835
2371
2000
5647
2419
2636
37127
19613
2645
29244
1936
3159
26189
1865
752
1449
22219
3471
3249
4376
4090
2814
3351
885
655
3440
2384
3985
1241
60525
2300
67657
2820
2305
3147
6068
1560
1880
19585
2393
2410
3766
2643
27831
88282
2775
2933
1796
1734
2888
20132
2929
2395
2629
89219
25240
3472
5449
2106
23115
2009
2265
11106
3714
4027
1571
2953
45166
71307
103295
39806
6050
16948
1331
2865
16183
18931
39775
60509
180310
28296
7104
1421
2348
3647
3027
1935
1668
22746
2351
31599
2642
2138
9333
2250
4944
1864
5566
3434
1401
115854
2216
2413
4036
840
3084
2359
4253
3166
1666
1253
16473
27059
3591
2109
2669
5903
1882
1880
1740
1439
2425
19511
2610
21304
3031
28275
3598
18255
1201
2608
1191
821
18219
2635
3045
2446
2838
3570
16314
2385
1629
2559
12088
2846
2878
1295
42398
858
2219
911
29697
1758
764
2021
12472
5962
4260
6640
3180
2233
16460
26485
13641
2625
2881
4562
1228
2741
2306
2194
12183
93703
1230
2937
41022
17434
18649
16059
12755
1896
3959
2439
3328
2367
2755
1750
46664
2024
2860
3688
25111
32258
29752
2972
85519
2791
3724
99019
84568
3127
2983
23398
1456
2066
6990
49825
1302
3265
2528
45557
6886
7370
4045
108897
15421
1308
1416
1242
1713
3602
2725
1603
1730
38604
2714
15794
119529
24158
2697
39210
9621
622
2926
1214
2455
3068
57873
41055
2227
1852
1761
36848
41485
32919
1531
37860
2907
1115
24790
2593
3183
10860
2445
3498
2856
3181
1719
1554
1466
3138
3517
10362
663
2205
8063
18262
1769
2885
2983
1268
1568
3284
4423
8905
3444
3478
3164
14899
83993
3268
23680
2085
3369
2808
22477
2604
164514
16544
135413
20280
2265
2198
1174
92677
55030
185078
21788
3182
63041
3378
2110
1948
3620
19057
2280
1903
2909
10789
1343
2086
2976
2814
2509
11682
2922
1350
3320
2997
16459
2473
3354
3533
3243
34324
15593
2270
2961
42899
2600
1493
31986
4232
1849
35107
3327
3560
34583
5998
1596
3048
101571
1882
2467
1589
2176
13653
10626
3057
1549
1401
11142
2537
3506
59626
2397
37645
2060
1146
10959
2683
48428
2639
2701
3597
3345
19975
2902
3588
1097
2675
2314
2645
3255
11195
2963
3278
2439
28500
3209
4312
35218
12376
886
1619
2284
10338
2843
3013
1375
1966
3556
33268
34679
34615
2914
13932
1831
5349
1239
2061
1541
134739
28751
1038
55755
887
2247
1913
2727
32414
1518
8449
2093
5114
1449
3070
68944
19673
3185
2063
2659
20163
7299
1125
2403
1477
3437
75671
113171
2258
2594
1198
1940
3246
19091
3491
1896
1503
2676
2093
9125
1294
25377
1947
3100
2202
23587
29000
4835
2256
2125
1565
14026
3001
2455
2791
1278
22526
4951
2936
2991
3708
1321
28735
3196
2190
2915
50218
1452
3142
738
2958
2709
6556
1932
2993
43704
1834
2451
14673
50536
4515
1734
2758
92858
2728
22874
1929
8416
3229
3230
16139
1000
17780
14058
14908
35925
2698
2919
34367
2836
22734
12562
1302
2634
5662
3003
27766
561
4548
4061
31060
2843
15429
1425
33289
1479
2530
1912
9636
1811
28586
1544
20239
14920
3426
3007
2385
2523
4257
780
2280
4289
1512
2615
1627
2480
7960
2030
42018
2980
48952
2008
16267
3210
22210
1215
3334
2514
57137
5252
4750
3579
2491
1000
2041
1298
909
3606
1315
2120
2596
4019
3746
11985
49344
15176
1602
3024
3116
32345
12434
2929
2852
2914
3542
1950
88049
1071
3521
3963
66454
16696
18047
2769
2613
3942
1700
27355
11836
9966
3255
3106
2442
3049
143831
2401
16934
1590
4584
1525
2384
2480
1840
2919
2876
1314
1657
2584
2568
42059
2900
2935
2472
20199
2942
2578
3239
1865
2841
55538
575
1630
3124
1975
8000
2372
2246
11342
6288
49792
4149
3148
59948
13242
3243
5339
21393
3016
6023
2148
3622
1137
3070
8897
22656
2191
7910
21312
2103
7925
146886
1102
2538
1072
24935
37412
2508
12988
38660
26323
2032
12378
9556
15505
2442
16217
3036
2224
3401
1575
41797
3038
2556
3184
1558
3562
2833
68763
1974
3658
65215
11967
2622
1751
1310
15847
33224
3699
1657
5712
3256
3164
2043
2239
15921
14366
7103
1181
2193
52348
2689
3170
2522
2222
3568
3153
2692
2318
4037
20443
3316
3807
16894
2742
25852
52717
1524
74028
2329
6037
2203
3953
1971
43831
50332
2628
986
3134
2533
11369
3076
909
29650
2250
86148
2541
1028
2299
2909
2881
17796
1728
25199
2420
2884
2795
1032
33038
3542
87869
3013
3167
3723
16036
39960
1875
2809
24958
3356
3964
58425
3887
988
9299
3268
1570
28011
1478
4797
61367
45798
31687
46347
2001
2820
3973
3533
99155
2540
847
2576
1024
13726
35279
4022
16073
984
74029
2517
1258
23444
1875
56875
1627
7256
33705
56435
4055
3451
1995
19666
41178
30963
1805
3042
3028
3777
1326
1201
3494
3520
68458
44921
1322
2863
2659
172177
24560
2839
2128
1817
1414
14242
2568
78811
1887
3369
2293
6804
81243
10780
2742
2490
56259
27866
15912
1703
6705
23560
27350
3064
1052
2289
15640
20434
44003
2832
8560
2962
2638
2447
3066
2888
3462
25732
71722
3314
2389
2486
1742
43854
1574
2787
3024
30472
2876
5355
1126
2478
1446
3188
39952
2344
3496
23065
638
2711
3797
2338
2685
1802
2445
2927
44043
3054
1841
1438
11698
2055
3790
991
3585
2135
4260
15650
1829
27878
2999
1869
2444
2781
1361
39503
46789
2100
2165
1817
3839
2825
2756
1659
3362
5498
4027
2107
1846
5080
12847
3008
3192
61579
2551
18948
2397
17757
2230
9838
763
2356
2835
4509
45850
22293
56637
1320
2126
89100
3062
2474
50617
56520
1463
13457
3613
2245
2905
41222
18248
2722
5007
14032
2772
7376
49053
3849
2644
1041
16337
3108
575
13978
2968
1731
51990
4288
1805
4282
1468
3049
2833
2253
2785
1768
32444
1481
2640
2009
2976
4514
71738
1489
3274
6148
1912
2737
3543
2642
2062
2492
62967
3531
10338
2010
6186
2482
11173
23424
2537
1697
20656
2495
3309
2619
2708
2102
2113
3378
758
2394
13207
2749
2904
2956
1184
61878
16992
1063
2391
3112
3232
90253
1352
96496
540
2107
13786
2847
1059
1805
2918
2263
4122
28978
2483
1257
3475
1233
2018
3579
4369
1647
2430
3286
7985
3131
3272
9924
10491
3254
10505
33815
3167
1788
2539
1469
2033
15482
915
1807
1500
2990
2599
2821
915
1618
19820
2465
1226
993
18478
3240
3654
2028
3424
14158
4038
25028
12520
7979
3282
3671
3699
38892
11997
2081
2904
4761
1514
5724
3255
14790
3691
150197
3372
2612
3327
2154
32079
3193
1310
3160
2552
2171
1467
43894
2413
2268
2999
3568
2377
2792
36467
20634
2954
3186
1983
1607
3305
2628
1422
12832
133365
1929
2595
3301
2720
1746
1369
1857
1407
2218
1506
2900
61308
18365
3016
29965
57255
109423
2273
3517
2305
39611
2159
1806
5249
2451
80206
2158
3935
1324
63918
28205
1685
1780
2260
22426
3099
2588
2115
834
2639
21965
11879
39521
2871
2862
28999
2599
2361
2192
4864
9752
1064
3431
6541
1933
1734
2325
2387
2202
2262
3837
1930
11345
2770
35524
3971
3484
10748
2780
1617
2846
20177
1322
2830
858
60510
2218
2160
43966
1710
1403
2672
1097
2118
1391
3456
3153
2546
2013
3422
22458
1598
2954
7315
5098
2841
2348
1696
4167
2887
1387
2510
2271
2799
2539
26620
14217
876
13094
1881
9074
20421
32970
2772
2450
47038
16784
1158
2592
2325
27766
2895
1060
11317
2966
49248
3231
43921
19906
1537
2163
3270
3797
2962
19303
19372
2089
42141
2754
1786
2424
77709
2351
2047
2158
3064
1521
19505
3265
1648
1303
2308
2784
11321
3949
869
2202
2742
2337
34498
2858
1765
579
1653
2027
77464
1061
1789
1370
1851
3547
3131
3392
3264
2738
3788
666
4888
35082
4242
2913
3410
2782
2616
1529
2066
2217
3285
5271
2045
2134
3117
3756
17785
3585
68755
2170
944
2420
7530
25987
1097
16850
2989
3673
3540
3062
2577
2897
4767
2034
32996
2686
2694
26047
13441
4064
45892
1784
9345
1997
2226
1346
41650
3710
4996
2950
1595
2418
6040
27897
2735
82197
76781
18438
2466
1590
3295
4249
2190
1124
1505
6292
23655
3056
6151
1994
952
2740
16582
28129
34951
4975
3677
30767
1737
2727
3583
2614
3917
8674
2968
3010
1956
3367
2292
2303
4836
75090
2105
1620
11196
3879
1767
3449
24871
8567
1236
4145
29987
18347
1531
64311
1979
4536
3064
3215
3775
1445
4056
3936
1966
1454
5949
2650
1509
61964
1779
2881
14239
3499
47708
6084
4092
20896
80142
1221
38804
17700
1658
2898
1703
3053
3585
1261
2261
1426
26514
2102
2928
7618
3439
2891
1668
17310
1788
56986
2756
950
3411
1302
1802
15093
5215
7251
25001
3375
1798
2842
2020
3531
19139
22179
2350
3178
2264
9772
2127
1755
1403
2117
16299
4091
1761
2579
81915
1707
2161
18711
2660
2262
3078
2827
2089
4491
2790
26234
2148
99641
1994
66952
3631
24131
3617
52620
2600
78663
15538
22121
2843
2883
86400
1504
3555
15414
21888
3649
23787
2947
42391
3426
2560
9185
1338
3089
1677
2364
2001
5065
40559
589
2816
47144
2229
22310
2685
2974
10556
2004
1580
21708
12793
2435
2565
4153
7110
3967
2468
3631
2329
1299
11261
2020
45112
2808
13840
33259
1951
2545
1407
11746
3534
5083
3287
1277
2281
2367
8300
2792
43615
2817
112945
1037
2420
8095
1829
32732
974
3170
3344
25180
2245
2727
40479
1470
3384
44403
4096
2534
23359
1750
27802
1864
142174
2758
3451
3188
3472
2417
2609
1445
36495
102400
2595
2412
2650
2127
15963
1121
21265
2761
24774
1016
13253
2523
1206
3301
4191
33509
2791
2729
4033
19572
1667
10449
2717
2160
21473
738
3519
2800
4505
5963
3304
1348
758
2692
2278
4937
1603
914
2463
3720
3286
4255
37756
2722
15450
2028
10680
10377
31126
2072
989
1353
2082
2170
2540
41129
2576
2760
4015
2404
2335
2281
2130
2705
4675
3843
1788
31981
2895
2662
4080
3925
10242
3499
1969
4209
1691
3791
5330
4191
703
2016
2745
1389
1353
9428
4058
4056
2912
3204
38546
7058
3724
15758
2989
2269
11284
1981
1817
2470
1975
2695
1141
1105
2856
2167
3147
16648
33751
1725
2526
4735
3711
2331
20800
37193
5382
1986
2496
3232
4887
1443
1726
2655
2295
1834
1037
2745
2414
2523
3158
12716
17124
101639
17093
2822
1999
11561
16092
2945
6892
1462
4018
1821
3220
848
2748
36001
2580
3293
71741
11191
13777
2041
3056
2513
2909
46280
73342
45968
3049
3026
1474
2690
811
1560
16712
3177
2535
46151
1915
15712
2459
966
1359
2048
24019
1152
2521
2603
1200
3459
1230
1615
1608
4450
2908
1525
1087
3407
3877
2941
24070
3683
2106
2211
2167
3580
2907
21437
8169
10748
13560
2841
2959
2317
1054
1876
3229
9119
23988
48408
51526
3048
1873
1761
11180
52898
27702
2754
66367
2170
3909
1018
1904
22833
2812
3840
3988
3041
14964
33317
2498
34308
17884
12453
3042
813
25613
2045
2638
79195
9309
3820
3737
1899
7962
3888
2882
2421
3838
2298
3156
2676
3147
10514
2861
2866
3542
81437
1997
1700
1155
1704
3104
13076
4247
1921
48083
3123
2986
1359
1253
2556
36194
954
2290
28791
2215
2374
1840
23091
2974
2155
3172
4163
1844
3340
1610
2687
2286
25585
3059
2851
2183
3242
23381
3622
3474
2530
1772
3215
3206
2337
25115
6820
36157
25460
1355
4578
2901
3588
810
24530
99695
36945
2364
14469
2431
3870
45838
14498
4075
2177
1756
1769
2684
3377
7963
2899
3433
2233
18631
3462
25255
8552
4732
2458
8442
1705
47243
1868
3400
2837
2707
31989
57854
17035
2410
23400
2842
21710
16305
4456
2324
36976
3967
45048
4553
2400
892
38811
24396
1231
1055
1888
1776
15362
868
1358
2734
29129
6098
3382
3108
15546
1898
2152
3901
14414
8300
2608
3012
29706
75643
17859
3018
3609
3778
3665
83048
3372
2323
48061
11982
3223
29874
1987
2685
7933
7028
15914
6391
2672
990
25269
12175
2230
755
10261
3504
2806
11778
2574
24062
6166
2238
3880
38952
2462
3741
1423
2538
18402
18374
2617
1810
35833
2450
154359
893
36243
691
67298
10632
2189
1745
1802
8659
1351
2656
28075
1463
6549
1791
3796
2223
26807
3298
18985
10533
3076
2868
3272
2240
21189
3675
2175
2990
3907
2458
1888
4395
2623
2897
27597
114038
11814
2972
1239
3060
4182
2677
55866
3845
2625
35465
2222
11625
8850
61262
2780
2212
8706
3073
3730
3212
13553
2125
2049
1283
2280
10106
2340
2120
1556
10052
3213
1523
6142
2665
14019
1938
55151
10762
3433
3928
2447
1910
2904
1941
2468
38355
3656
34969
1597
1775
2697
2276
11078
3686
2399
1417
1947
21723
3047
729
1960
56516
1573
3520
1832
3474
2336
3417
1023
2080
1869
981
3872
3323
37115
4325
3424
2913
38159
1313
2867
1564
4565
14077
1835
3178
15129
46717
1485
3931
1374
2517
2432
2750
2909
2868
3403
19376
2035
3356
1861
2141
35047
1506
29304
2848
989
47549
3863
2437
1434
23673
2816
4305
1659
20699
2846
2390
2034
46115
3828
97563
2916
3016
3395
1753
16065
82499
3328
1994
56009
1410
2262
2160
1395
28230
14729
2057
1359
3029
3795
1260
4450
196790
4109
2098
1619
1819
14205
1482
2981
1160
18832
13163
9649
2633
2298
4033
4199
843
10619
23287
35555
42811
1999
27951
1906
5054
173455
2490
2126
1357
3664
2701
2914
1663
3480
93776
1414
14190
21742
487
2409
39522
22883
1165
2901
2791
1311
2221
1512
2437
2390
3506
2035
16295
979
1685
24070
1844
3318
44450
12192
2855
1013
7426
2108
2465
2429
14462
1761
11483
230618
4190
2800
4135
39958
3225
2404
2845
1211
3408
1227
8537
2011
10134
46177
41634
1192
2772
3080
2376
4169
2617
3983
2736
2484
1351
62679
39032
14539
3521
2125
50451
42326
1688
1115
1727
44210
64126
4759
20798
3220
19999
3218
1580
3250
1043
3595
1185
1896
1509
1076
4475
3373
1096
3079
2284
55510
2259
2030
2331
3161
2501
3331
3023
1280
1179
3605
3990
3513
1376
1304
20989
3701
1721
580
1941
1452
1754
1108
1878
15161
12287
3144
40121
2816
65973
3596
22306
3584
829
1370
3265
1462
2747
17780
3390
2573
16013
3287
27343
41413
1382
38748
1102
2820
2723
20138
1175
2892
2796
2059
2588
50205
1160
48234
2763
22088
1713
2916
13721
2808
2479
77483
1446
2744
2548
34964
9748
19360
2509
2420
4168
2450
1881
1922
883
10258
22556
2043
1346
2548
16752
3381
2434
2603
1415
47191
5232
2382
59822
41190
1404
2539
3774
2416
2701
2344
2215
25533
3102
1215
1487
7587
3393
3010
3578
3390
2128
2104
2694
1031
29502
12356
1065
4549
1386
3472
1768
1455
15148
27787
4345
1556
2894
2597
2335
57089
1216
1187
2720
10432
2999
2781
13971
19818
1538
2939
2871
1568
3970
2236
7819
1358
2306
3722
4314
10334
2039
3039
2352
2551
3040
2595
12330
2881
3535
991
36925
858
76080
2602
1526
51416
858
44726
1582
22863
54329
2723
7531
2365
62444
1527
4252
9984
4426
3506
2632
2738
2353
2348
2754
1852
58624
1422
13342
43469
54516
2710
2047
3863
2849
1402
2297
9605
4100
53516
2413
3386
2609
1692
2532
3756
1809
2074
2986
1236
2928
3930
3162
3495
2065
3136
2088
2204
13483
8351
6010
70013
2146
2361
40878
3186
92154
37712
3075
96071
2513
2747
12496
1990
2526
2287
21323
1039
3659
2349
3714
16195
3447
23838
7543
2317
7803
1644
1967
2184
16055
1748
9488
2380
2640
3441
42382
2061
23433
1116
4732
3446
21927
3202
56484
45108
3259
2388
2337
3470
1944
15795
2895
1461
8682
1462
3459
2381
4092
2454
4225
67442
3369
1962
4277
3204
3828
1819
3018
1843
2887
3956
51307
2796
1893
43306
1993
4123
11155
3680
2777
11386
2469
5860
1266
1721
95836
121197
2784
7592
1357
1039
2994
3381
3989
2200
2723
675
2116
4588
33432
23834
15063
3594
2190
49352
42064
3547
1145
2416
2361
22106
57221
30742
10100
6954
3208
2581
894
2890
2847
22865
1963
3802
2603
74782
1861
1360
2389
3728
3945
1821
1469
16549
3830
1451
2903
58186
2787
999
3333
6958
24350
18468
17014
2557
2942
83778
1698
3719
1315
3147
1728
3183
15576
16657
1261
1271
31203
3590
4746
2095
1269
1447
50453
2871
4272
34058
754
3450
2981
42185
43467
3910
3357
3426
1036
2508
3549
3755
3196
1396
1816
2901
1448
2969
24721
2775
1786
22043
14254
3984
4027
2024
3197
2267
3526
2698
3342
2151
3054
53161
3651
4915
3731
1486
3156
61149
7437
58258
2671
3654
2055
2881
2175
1877
51911
1334
9772
2191
2264
3072
4109
3005
31151
66311
3410
23930
2592
16745
2442
3559
3643
2236
1255
2178
12572
32203
3163
16396
57306
2306
2385
1869
2451
16480
2338
1489
17996
2391
2746
3276
23266
17540
4152
28054
4765
126877
3228
10221
47081
27333
2322
1427
8899
60858
3106
1117
3469
827
34641
3069
1164
54529
11173
27595
3231
3149
2317
1971
34262
2166
2672
1797
4422
2015
21952
46223
14867
2425
2615
2307
4396
76254
2165
10280
39502
1518
16098
2773
3208
31036
6513
2893
49527
3509
14046
11783
26627
1601
11997
2175
2529
3916
1551
2598
2929
3347
1314
150644
2929
4428
2321
3330
88956
2530
26002
35147
1684
31628
2410
2585
2509
14988
1944
852
3411
3406
1455
2850
19902
2260
22753
15057
43842
5238
2020
44891
67804
23490
35431
3355
1382
2581
2071
47106
7091
1121
3303
2746
1022
16684
2043
3550
3934
2352
76586
39017
86198
11891
2644
2608
1808
1736
1648
23820
4108
3333
51124
14526
1060
9411
63128
165054
1492
2059
42340
3541
27072
1089
52856
2162
15463
1020
3431
1893
1526
4241
53677
2024
3431
16493
881
1651
2061
13989
3220
1059
11744
113120
1964
11982
3264
2078
45690
2297
3815
1628
2584
1621
2148
2777
1824
3151
1821
17339
2400
2492
10126
16601
2435
1883
8259
34328
32744
3272
54377
1638
63110
1263
3002
1664
2632
1541
64565
67045
1999
3676
1532
70458
7508
2536
893
1739
1316
1042
1624
65525
204603
8135
44523
3746
9654
2222
9720
52616
857
47701
2678
3237
2463
1056
3505
10199
2578
3422
1913
28796
1617
2214
2417
2077
56373
2718
1608
2990
2119
2777
51309
1104
2762
2411
787
32042
4060
1308
9273
1540
1920
1194
2237
32902
1697
4098
2523
15345
3530
937
3128
2721
1682
2162
782
2449
54202
27388
2677
41508
2997
1419
1828
1957
1732
7569
3160
5435
113618
1811
26125
26243
2652
1497
1989
2241
5037
2621
9149
4719
1338
2696
3056
2279
2817
2633
4142
1255
2742
2510
24188
5232
2003
2876
8170
5490
3626
2343
2747
2195
2174
1968
3859
69566
3266
106344
802
37505
2350
1700
9345
92425
18112
1818
2349
2457
108002
1634
1834
2677
2207
27199
3310
20679
1271
16858
16835
43570
5068
2533
12782
3731
3928
6050
4102
2836
4677
36338
1283
963
29003
2821
2880
30522
3028
1537
57202
627
3602
38234
1686
4138
17278
2808
20604
2371
1536
1996
2708
24931
3906
3306
1911
22587
1016
1231
1979
2773
1907
1040
2401
48494
3622
3227
2114
40348
3496
26026
1689
2714
88969
3356
3226
2463
2939
2432
3316
1556
2928
6214
3396
32493
2516
2939
44644
2028
973
2521
1106
2777
5704
1474
4674
1757
1186
26696
24507
2336
3018
2861
4724
3001
11662
2497
2487
2155
2808
2064
10341
3379
7466
3204
3113
11055
3498
4359
25291
4202
2942
1215
1559
2961
1957
4206
3975
3540
2450
3186
1529
1780
32937
17784
2537
3382
3537
2932
3654
75194
2633
2352
2562
2881
2251
11097
2275
1576
65125
13533
62539
2168
3197
15814
3534
21629
2256
10966
702
9844
24475
773
3302
3273
1694
3189
4157
2711
10584
2941
2841
3501
13274
3734
2508
49944
2048
2402
1564
15301
2338
3043
2434
4395
2915
14440
2301
1154
1999
2909
79355
2335
3000
29143
36422
25481
29890
43881
3090
6920
2505
3238
3333
13106
40158
1237
2509
1511
2856
114131
1370
1518
9571
1390
14373
9050
1776
22217
38180
3834
1223
1504
4165
3346
13773
5070
8502
3265
3934
31497
2395
1774
7936
1326
3965
1921
2882
1490
6658
12572
2565
27478
1807
9440
8982
1503
2498
3279
2810
3356
1884
11380
5512
12908
14785
1850
18762
998
3164
2260
3028
1844
9937
3248
3350
26673
2180
2981
986
61940
1910
11400
1052
30000
1646
13833
3180
9903
4097
1307
2703
9694
3530
11175
1038
2456
9285
2512
3779
2158
11826
2162
3065
2896
11794
2674
1941
27124
3047
15104
1156
1235
2918
4163
1759
2614
1238
1032
3138
2651
3092
2233
2271
3223
3475
5265
11780
2819
38267
1834
10065
2540
29958
3464
1328
3021
685
1949
12776
1101
2708
1375
2815
14914
988
2116
3820
2454
3468
1126
4157
31898
2019
26931
19113
2580
3200
52000
2839
2618
10189
1316
890
7956
2534
2289
2515
50433
5223
2368
3345
1932
2889
2339
2825
11506
1808
43516
2737
2477
2410
1639
5294
33784
2554
2977
2173
2014
3719
80816
3410
2936
3218
1133
44481
3600
3331
14515
9163
128767
2982
66091
36028
2170
19964
22957
1423
1700
36040
3385
2724
2309
1241
3887
2405
52121
3605
2902
12633
596
12615
1409
1686
2136
698
1470
34945
2748
45220
2681
2302
1266
1181
21933
2705
53252
28673
3296
3555
2220
3219
1196
3591
1722
2092
60930
56641
3837
3088
2826
2353
1890
110674
11892
6389
2181
27583
1359
1385
3287
7855
3547
3262
3291
24821
82316
21754
4237
17917
6963
2156
60568
1242
2697
1031
3216
14672
2772
1258
1915
2078
2856
2616
3854
2172
4166
2973
25621
3804
2333
1651
2651
78971
7180
38583
1669
3425
8048
1603
1509
3379
2567
2642
3234
13414
34154
3049
4140
2888
23854
46741
925
4534
2967
36356
3050
41399
3517
7595
12317
45119
15544
1921
2183
3724
2855
999
995
6490
3110
2724
9134
3412
2124
3877
27735
2819
1719
1227
71335
3889
32224
33305
1940
2675
1550
1883
3040
4234
31118
3417
15759
2892
1029
9126
3628
2115
1684
85284
1692
3754
1794
1468
28201
862
32640
27621
21568
1737
1787
35696
2404
4378
1703
755
2348
1027
2388
3315
6865
29399
2143
7339
3846
84619
3467
1994
2129
22653
1979
2643
30441
3990
3170
1564
2347
1509
2721
2914
2520
3490
2228
2157
5703
1988
1179
3259
3087
7866
51423
11165
1812
2006
3624
2448
13445
10282
14991
1642
28001
1582
3723
1328
1414
8418
85100
1248
25902
1635
15039
39861
76148
76503
2093
1640
7420
1160
2722
49725
1354
4416
1385
29878
2467
34097
1068
2226
4717
2847
2082
2677
1443
1491
1083
1915
2000
40125
3365
49273
26350
2581
11683
3609
17800
4336
3885
2300
2894
101333
1377
2767
4489
1216
2185
12429
2128
14909
25828
2572
3423
2317
30789
3633
2495
14691
3464
129641
2234
3281
3489
3030
2794
6109
8549
2218
2529
19576
40070
3466
36040
1630
2711
42545
2290
22738
2182
2404
7736
8572
3977
4030
2260
2422
10560
3803
4158
69566
3656
1362
3367
1486
45553
4850
1742
2034
17775
25221
30940
37123
3063
27369
2640
1030
3518
6303
3229
3754
24783
2088
1905
43995
4237
876
1760
2806
3872
1040
1487
1813
47610
9898
3446
2908
2943
31477
17458
4162
4543
2603
952
2143
2665
1178
3132
3753
2858
2414
1894
24879
964
1045
2501
940
2026
1742
2376
6004
852
2818
3812
2311
3554
1112
22001
23422
3402
2629
2755
2441
2740
3708
9352
804
2024
5847
3622
11174
2882
1785
2855
48299
38397
120441
2243
23207
3101
49664
2671
3837
42220
32775
4236
33916
24567
58964
5297
974
827
2869
3315
23519
1770
3850
1061
971
4044
3315
1164
3237
3336
4387
2422
3262
3162
48396
13993
3363
1030
2642
43918
4407
1846
2221
1181
2690
2121
2558
2764
2717
24297
3464
2970
1500
927
15894
1907
2598
2449
1430
1590
2309
2496
1949
8211
71308
3992
2671
4354
9207
11826
3488
5545
1594
1156
3184
875
2396
3844
1945
1731
712
3843
23823
2298
31038
3034
3401
7127
3235
4460
31066
2779
8373
2698
22133
1826
66999
746
1719
3618
1728
3320
2073
36344
26198
2903
2692
2271
23684
1620
6159
1912
1276
2394
3000
3407
1794
29677
3640
4652
26489
1091
2592
1492
2072
2633
2342
3570
2133
3160
2141
2427
3135
75778
1425
28074
1830
1367
17193
2378
1995
2663
16753
2919
60762
14823
22170
1259
2168
53935
3776
3063
9836
107161
47432
3117
41469
1446
1099
1809
2725
4124
3827
13425
7682
20721
2789
3096
2029
3181
1596
2127
8993
1709
2900
674
9090
27092
5114
3942
2771
1158
3648
3429
2846
2858
14480
12463
4475
2795
2252
2797
1081
2466
3162
1047
2964
9394
1435
2817
1608
48384
125543
78410
2445
577
39247
16558
13655
2528
2994
4201
2499
17208
1887
11156
13124
20302
36890
1972
1335
3697
2628
2388
19270
690
65661
37220
2422
2188
463
11602
16978
4065
2309
14504
1735
2199
12123
1494
2921
2653
12055
77109
2692
3940
1637
2565
36282
3730
3670
2441
30036
2962
9149
4590
2342
1522
41715
3593
2031
18288
1502
2610
71721
3104
1986
681
1877
2240
2436
1178
34141
7029
1030
6049
4176
53253
3544
1098
2670
2503
1986
33846
3916
3833
2646
3518
44433
80150
18888
15590
2599
3726
4141
2065
1260
23626
1366
3414
11035
3212
2076
2655
20672
1745
2468
1992
1951
75397
53986
18778
3488
3016
2720
562
23812
2234
951
5211
2162
6243
831
1106
1196
3077
2730
11536
2981
2653
2909
30192
45023
2736
3118
1761
20639
3057
4306
13896
111069
1349
3826
42708
28457
32537
1059
2600
62242
8402
1084
2854
9220
2098
2175
2109
1501
15683
2298
2776
2813
28788
2851
2783
2906
4728
17549
3111
2376
4407
1271
4414
20227
12331
5277
2369
13824
3689
11636
2991
1781
2275
5120
1738
1378
2736
2633
4449
47115
2349
3260
2055
2511
3467
40737
2632
11727
65790
82090
1302
4017
63910
49717
1463
32138
928
1199
2429
1864
82963
1682
13798
2593
2403
2528
2915
1908
2544
1645
70911
2473
28309
1587
1618
1872
1083
11818
2108
37062
2541
2902
2076
2976
8679
1553
2450
3310
624
2895
1200
2086
4575
944
30508
25160
20898
1431
37824
2442
5055
4154
2408
1237
4296
66793
3314
1568
189418
2263
10478
6889
26972
6664
34487
85413
29378
11003
41478
1916
2282
2563
20757
1122
2713
2533
3623
16932
52424
1179
4517
3307
2485
2489
2798
34252
2200
2577
70701
2718
12016
4088
2358
45076
2433
2682
2498
1251
3054
2694
3391
2883
2294
23826
2773
7667
2516
1939
2899
4390
2706
27793
3379
14462
2135
2255
128736
17497
2110
89163
2052
3611
2149
1194
2926
6579
998
15196
906
2455
2316
1759
47411
25949
1956
6815
4190
1575
2094
3341
43909
1610
33709
3494
7450
4233
30638
16460
14023
1044
1238
2386
3007
22447
1415
43637
21379
8575
2211
28573
21944
1487
2481
2677
20227
1742
2686
14109
3861
4079
6500
33533
2526
3813
2881
9568
1679
2417
18182
3398
1098
2226
3218
3677
16418
3194
1534
24781
2828
2325
42457
3358
3223
2014
3552
1636
26118
67787
2735
8914
3866
2949
5360
30917
3108
2314
1264
46239
876
3867
1974
7105
2340
2530
2055
35776
2876
3862
75880
2795
3515
1717
973
1653
1910
33058
1739
1722
15424
3077
3655
1329
2863
110266
2485
3314
13268
2401
2369
8335
3124
2987
77480
15667
4729
869
27265
9926
18078
14857
866
17278
2037
21906
2929
8300
3179
3722
2724
1995
2555
2630
2313
4394
2565
2164
3312
53752
2575
2588
14614
3879
1732
29543
43960
2415
39692
467
17621
2919
118732
7517
1379
30236
2844
13409
1147
3527
731
2213
32027
3301
2575
1023
3504
1713
35165
1738
3748
2048
4313
25293
59010
3139
27514
39807
47850
1974
173859
1531
2302
51825
27283
2537
3353
4449
2464
3022
3177
84082
2526
4515
70075
5202
2586
2202
817
27376
1732
3086
1994
76539
1702
43244
43060
1651
6500
47519
11318
1976
6906
1643
2618
2531
3939
46585
2943
2893
1694
2390
2267
2437
13368
7870
1649
2721
2472
2261
2547
1983
15493
3298
35055
17949
3126
1189
33200
43927
3627
2587
2130
1587
2691
1956
3403
2826
1539
4077
8933
2341
2804
1341
2824
27228
1125
1938
2242
10424
84088
2222
2832
2883
28722
1466
3743
3021
1478
19109
19391
1333
56071
2927
1659
4994
74602
2055
1744
2399
2831
2497
1767
3589
7764
2965
3502
2018
2165
11552
4247
37364
35977
2574
3446
2697
3458
825
26457
3532
4119
1561
3509
14949
4027
3558
1883
2649
2670
149266
1817
2354
977
28092
1706
1864
3779
14113
3253
9594
26976
4227
34145
2632
3554
65484
2622
9455
2423
943
2412
2469
2268
4338
38732
1586
1898
3798
3432
3311
2800
3755
3570
74134
2732
1534
48982
2965
3582
52206
30632
4234
2624
2883
42795
7749
42530
20425
8087
2915
2546
2773
3109
3122
3612
35402
51011
42805
23887
1224
3557
3409
1589
37884
79804
2029
2376
67742
1416
75483
2964
2063
886
3479
3362
79708
2177
3309
3291
1668
4125
2080
2303
3563
5494
3315
127976
39826
10700
11852
68224
14710
1353
40184
2049
3205
3443
38425
48430
1845
3488
93978
10008
14154
2562
1363
71299
2713
1104
3022
562
1698
1570
1589
3787
4955
1261
615
3240
2179
1594
56438
2666
1918
3695
2854
26686
38300
1508
9448
827
2139
6198
2194
1978
2065
12389
2272
25396
42815
107318
3325
2205
14399
1900
15282
28630
2386
2938
45177
2967
3182
1879
15644
2384
2293
2263
13050
80813
1387
2794
3819
22082
2578
4544
2256
96878
2051
10871
9677
10384
2945
3704
1474
2795
39077
2370
19524
52658
2400
35521
2066
30172
3633
1460
26755
2114
3582
2641
8081
3895
2801
1331
3110
1983
2481
1724
2370
3962
3138
801
3500
1905
12459
41341
2858
6384
38766
2961
3767
3150
21166
1805
45735
1505
2089
32805
19398
1997
1590
14092
10957
2545
1833
2644
3557
2853
1218
46820
31749
1293
2976
37875
1840
58550
2680
2141
73144
3392
2229
1499
2431
1369
1087
1062
1165
1288
25066
4229
13317
2416
8560
18944
1934
1827
1903
60936
3770
1922
2375
2657
6158
2352
83632
3793
2475
3126
4117
10889
1731
56621
19461
2808
81581
3448
2075
1722
2650
1121
3288
4053
2070
52770
55273
22481
1412
2828
905
2102
2035
35196
3211
3734
2497
1278
43579
7468
42919
17816
34039
3222
1784
3913
35212
47685
810
2817
2979
2145
49176
1471
1275
54489
2945
568
1812
3222
3910
2754
2813
2662
24426
38871
19833
1815
3797
10249
62188
1341
2513
1359
1597
31653
34010
1907
2845
20633
1337
47109
25088
2294
2490
45276
12952
3306
29776
2977
3595
795
3738
18018
11812
1794
1972
19172
2590
2951
45740
3614
4611
3573
1801
54365
70037
4729
2644
18770
2466
35710
2726
2513
1057
1386
1564
35278
4233
2801
3076
1595
15756
8103
4544
17946
7141
15162
3046
1972
4487
2966
33489
2029
2328
15209
3929
10069
17428
3258
22079
1007
4905
2380
23292
1615
12232
30461
25600
10382
3045
2060
3317
9254
2996
38212
3202
2057
3292
1269
3815
1974
12190
3725
39569
14695
69125
2982
1835
3853
29360
7048
2874
50007
2436
3350
25547
3051
1577
45392
1831
2627
2242
6966
41984
13249
10572
1190
1533
79873
2278
13715
1340
53355
6327
2609
4184
2972
6400
41058
1550
1588
3679
2169
2263
2832
3977
3090
2843
3197
2207
28142
8872
8589
1210
9209
42550
11239
1321
1012
3305
3068
3775
1621
2345
3469
3617
2233
2454
1786
1924
2820
2721
3011
5033
2116
2830
2942
2537
1870
23449
2422
2824
1775
2622
98659
2665
7978
3599
1617
1639
1843
28663
20289
62056
30178
1768
38259
67694
3905
63938
3107
1842
2248
49903
2499
2516
3452
6918
7580
1728
3294
3411
1242
1781
1655
1238
32769
58255
47934
3155
32735
6225
2756
3318
11782
4138
2454
21567
1449
8981
48323
2323
1733
15753
488
1645
3818
2259
1638
940
18475
1574
1807
85946
1216
1617
2992
1694
3963
63760
9079
2022
962
3945
1609
2242
3084
1607
17925
3832
2496
6191
2436
25150
4892
2038
1823
2694
2573
15137
9154
3310
2551
1643
3495
3286
1885
1709
4097
31986
3032
8220
2060
2010
1461
2884
2821
3196
1696
15922
2171
2531
74706
2564
3389
27760
25765
1635
1715
69027
3161
1611
2618
1764
2875
1547
2394
2139
122719
8035
4064
1387
13945
1702
21074
1604
2140
68136
2397
3551
1717
86869
17859
2092
2677
2995
2353
22933
3923
2478
1596
2645
2657
5295
2483
2257
3329
3436
3357
3170
2564
3046
1503
2444
1180
3667
3759
1578
3167
2228
2563
2193
2950
140283
140387
2548
16629
2775
80701
902
65960
43320
2682
2833
11669
833
2623
3238
28449
17844
3255
6259
1404
1905
11453
1892
39169
11143
3585
2023
2952
4278
4341
13055
3931
3250
3739
1748
2771
3104
1374
3218
1373
47469
2443
2519
10565
1631
25681
1817
4402
71536
42298
3892
2146
20666
783
1382
3079
2792
2286
1753
9781
3060
2172
27490
1996
1226
2253
2974
33695
1347
1170
10848
39226
1709
8690
9264
78962
1082
19045
45764
3038
3338
3072
3727
2182
2797
22956
4389
23669
3366
631
18260
3816
1848
1965
28821
53422
1870
2189
18834
3004
18216
1441
2122
1321
2526
2328
1741
2987
25756
2495
19398
957
2924
2130
3723
1934
28106
33648
3300
32117
2176
2056
2744
2744
25832
2865
1053
2619
1127
2782
2528
4085
19864
2771
6729
1711
2814
1766
4228
1976
36825
35618
19903
1742
24371
2710
1839
2020
36677
1511
1483
2413
2389
3138
8288
3253
11822
2565
3477
2739
2410
4138
2096
3376
2283
3109
2201
2550
2218
6704
32437
1216
2903
2854
2076
67844
8825
1634
50440
1389
2708
1203
54027
1379
29747
25649
18222
6937
1889
3494
21679
1064
3517
2717
3128
1366
18272
2719
11880
1025
2194
3336
8488
960
21214
128822
1655
1084
4325
1690
1266
35431
1008
16725
1591
7979
3471
3270
21852
4109
117063
13455
6127
4801
8077
1586
1964
17931
3601
2863
3444
5507
16321
3706
1731
2546
19254
3103
24015
2208
2241
20184
3704
1798
2013
3394
9399
2455
75788
11441
67589
4215
73601
1675
40044
4143
1452
3299
16143
823
54683
72304
23164
1261
2254
20002
2391
4072
1992
3212
1394
1934
17779
47405
3207
72868
53917
4370
3137
103207
3114
13500
1724
2923
1637
1354
65734
125124
811
9399
6310
1004
74712
1104
2680
2193
2091
58638
1994
1890
2496
2004
886
4939
22800
11150
51192
1753
1655
7901
3422
1266
21195
3635
13904
2224
24855
1540
3186
3231
23048
1910
2588
2510
1715
1063
1968
20128
26488
4081
4273
3124
1607
1695
2735
47307
10727
1545
2467
2606
2938
2796
31153
39854
2306
3934
2552
2126
12853
35890
2120
39649
2659
4798
1583
1036
5764
5048
54518
2570
28658
9060
3341
3045
3344
1734
15764
7014
2168
37451
15087
2009
7595
20487
2370
1611
58567
14728
1511
3176
2382
3195
17572
2918
905
1136
6399
8131
29337
4731
3245
10222
4115
3659
2353
3315
10511
36033
43913
4219
1970
2398
2920
4162
2805
2622
7104
1977
1260
22538
975
20907
2324
12278
3428
4009
3505
5841
1770
10580
827
1596
1252
23018
1718
7680
3308
2213
2880
32875
28751
3122
2510
4425
3047
768
2249
1366
2822
2369
2535
11913
3747
3022
2403
2265
11968
33476
2023
2967
2671
55326
2878
2914
1069
3503
1258
2156
1651
3512
8067
2907
1706
4295
3287
2613
2280
2477
60641
3348
2578
16633
4633
10508
11737
1367
3138
1608
2576
2148
6600
3529
1278
3203
2628
1564
1771
3073
2379
1343
39622
2784
3292
2930
1572
2313
3234
3594
1346
19566
88356
1556
45855
73698
18299
37843
3952
93173
4389
4212
12003
1679
1170
1496
8531
14085
4134
2301
2367
3748
2458
3103
23278
2693
4811
2929
106285
1283
6579
4074
35591
1096
1865
2505
13753
2313
24926
1693
7237
137547
35030
2319
2153
3844
1269
2097
1404
2931
1712
2259
1661
24824
47568
4142
2765
24357
1172
18778
742
37179
2560
5812
53661
3604
1590
2081
3166
2547
526
2665
3508
1900
1472
10895
1301
18741
2658
1201
82508
2510
12364
17937
3699
3615
3458
25444
2459
2266
3311
3462
752
11619
2685
46409
50201
2263
2230
51898
2089
44687
3607
885
2897
1895
2593
2143
91725
2750
2887
1708
4164
3884
3019
17461
16931
2842
50565
2109
4573
4128
9913
13802
3407
3766
3448
4358
33697
1985
27153
3239
8055
2821
11360
1878
2125
45626
17468
3717
91161
2900
44697
33751
2548
18168
2274
45789
2368
84762
2424
3504
2455
2596
21559
2326
3241
2253
4667
1702
15684
1447
4191
27014
1707
73873
2172
1794
13374
1445
1035
2664
2112
1859
1701
8323
1811
2376
3437
3556
16736
2009
4420
26073
2845
1907
2460
2607
20878
3397
83308
7096
4030
15722
8008
3116
880
1449
3144
4774
3089
3018
2863
822
2376
3968
1885
1379
9964
16193
47116
3559
3860
11222
52611
49470
1551
3616
2901
1975
1933
26827
1043
2368
83865
3638
52624
2092
49294
3152
3534
2756
3372
3449
3097
2321
3793
25207
3318
3777
1872
13240
4247
5607
2578
2433
22261
6274
1573
2500
1755
11077
2024
39088
13373
4037
13183
28338
2199
2465
1601
49059
22351
1572
2882
6357
26932
2457
3431
83116
25026
39185
20612
3142
1444
3634
41346
2010
75373
19121
2196
3448
5108
3000
3417
68802
3038
2004
3367
29016
837
2104
759
9995
1120
1613
4617
4381
4433
6462
2054
1739
2498
11923
3249
3049
2447
23074
1010
65983
42082
21238
1945
24040
3331
2571
3286
2554
2381
10121
18448
1758
1759
23378
2031
4477
1073
1861
5120
3918
12628
2116
3207
1972
19779
70135
7017
41468
2794
18732
2805
4929
17342
3309
3185
5458
1426
1743
53781
4375
50887
2056
2170
2675
908
2771
23714
1980
1522
1070
1551
2987
87908
1425
26906
2906
4039
1554
1365
3818
21008
2462
80385
3270
68271
1817
3672
67909
3136
11794
4361
81040
12032
21665
1663
13084
2437
2656
3546
1663
1372
1677
1284
19991
18222
1969
16103
3312
1936
2947
61934
1521
2785
2968
22382
10900
1861
65307
4086
7650
26818
8309
2231
1876
2049
1001
2346
1264
804
3596
18785
29040
1713
13747
2504
2466
2396
2674
51640
3132
10903
54581
1354
2679
1685
37860
2567
2691
2848
2762
4233
2394
3706
2521
5529
1702
3720
24343
3440
3701
3802
1838
3642
29527
1600
22694
14533
3663
1928
2212
2254
1927
1632
23085
3946
3444
1784
2931
2703
12117
3167
1842
3605
3255
2695
155037
2514
11205
1747
37184
2032
1373
4652
4092
17920
3276
50803
1678
4587
1522
3469
3372
3292
3678
8256
5347
25516
1925
21536
31039
2440
2977
2502
1170
2224
17509
1782
2431
47568
2149
22700
43824
24148
3879
5929
2403
21930
4355
25765
15590
45233
5209
3779
4582
72486
2489
1830
20950
11114
41861
8143
840
1244
58970
2891
10948
40031
30557
18994
2583
1626
2415
1800
2628
2913
3052
3444
9929
2809
28806
33526
1271
1306
2675
1808
23386
47042
1227
1472
11342
40820
3058
4261
46648
2507
3711
16619
2894
18554
2950
3809
13002
5848
1270
21976
2049
23705
23469
3773
2660
1076
75916
3452
1918
1715
2607
2837
2319
3850
2596
3071
689
1029
5669
98126
831
4235
3019
3741
2920
2283
1916
2645
60917
95142
2744
2889
20270
3324
3879
2558
25710
31533
3489
24392
2656
2031
2764
2161
1650
3349
13161
63214
1513
2565
2946
21384
2289
2679
2383
10962
2207
15050
2142
3787
6454
1081
2708
4030
2279
3223
11226
1058
1224
2901
3012
2452
2322
28626
3063
2763
38260
3660
10215
1384
2337
24040
25698
3180
2158
2074
2023
5758
1347
4273
3349
2167
3570
48020
3729
60088
41370
3130
3428
1703
55582
2202
8008
3820
2959
5272
55122
2680
3014
13118
2731
19880
2662
2195
2924
7065
30012
29520
14588
3753
1475
2900
2637
90150
1585
4189
3702
1673
24476
1076
2879
1569
3040
3575
2800
78173
3037
2079
2183
1918
2827
1227
11743
1198
35313
3179
1097
3008
3231
16202
13229
3597
24434
2450
4379
2687
2679
39411
19809
76423
2785
20453
85066
53470
2934
12250
2092
3294
27122
2518
54331
56738
3783
2625
70210
2603
3798
2766
1622
3364
9691
35647
51175
453
29944
1454
2007
849
2382
3020
47445
29911
1786
73815
76556
1272
21159
21532
1814
2953
3345
1554
2210
3456
3576
12908
18293
5399
3121
29228
47177
8664
2749
3390
18318
4553
3361
1777
3369
3772
2473
1779
3194
1400
2866
2753
2258
3341
2452
18400
1284
1761
3916
3557
14665
14510
2997
2530
2468
2675
792
2842
4823
1118
1916
2951
10937
3150
2649
2412
1930
19322
2362
14630
4265
3026
5261
46286
2450
3310
2897
2469
1089
2391
4080
2935
1510
17407
2538
3211
783
1593
781
9808
2120
1934
3317
3911
1625
3081
1955
2932
60358
2605
3105
3378
2903
52069
2879
18605
26349
35091
547
1297
5369
2660
17988
12153
5109
38507
4297
4491
3570
50991
33270
42789
2662
862
1131
2384
2741
1801
19147
38575
2859
3171
2907
12126
2834
2026
3700
2246
52451
1151
3297
22218
41978
2808
6201
2710
27429
3247
68900
17165
3658
1297
2789
3243
2896
3043
2670
3739
17831
2472
1599
45068
1303
1548
1275
2585
1771
86870
3710
3157
3114
4112
3027
2881
85685
8502
1635
52776
3022
2836
2566
2048
36655
41812
2703
3182
5068
13656
4465
1552
2941
2412
58404
3840
7066
10798
1746
857
2294
84871
51946
7829
1609
66625
14386
3096
6179
2642
2140
1567
5483
2941
1759
1815
3124
22878
1334
2368
16206
2575
1114
3559
3546
3551
2870
2645
903
8630
3372
3705
1384
28131
2197
19918
2366
837
82838
2720
49068
32261
2815
18580
1630
2611
43263
1760
2988
800
1936
20358
3136
4193
23495
2504
1622
4532
74840
1489
2992
15938
1809
2557
2770
2356
4045
20110
3168
1786
1885
3020
1222
2643
11988
7277
1155
3291
1119
3730
23963
1397
39198
817
1965
890
1994
2034
2594
11034
3401
3103
3240
2584
2887
3006
3517
33041
3399
2476
3115
1616
10280
3625
40388
960
2199
12223
2708
522
2852
16083
1456
68875
3014
2272
4307
3198
2112
1241
4088
15230
3967
8500
17957
1329
2606
1026
2908
1773
18040
31062
3133
3258
1885
2887
4780
2245
3048
2894
2407
2573
2268
26872
3253
2594
2100
2329
4618
19685
22672
24789
1736
2996
2753
1772
1870
5105
1920
3610
1718
1683
44940
1814
57926
999
3283
31973
143825
1674
3362
31611
81523
4114
2522
4010
48462
34786
3375
4366
15331
19445
3253
22336
46581
3018
2485
14418
1854
3862
16608
3506
1396
3288
3315
2321
1250
64700
3283
2341
2396
1266
50295
15250
10976
2818
3828
5422
5931
1581
2139
40130
17498
2697
1141
4224
1853
1469
22531
19209
34379
2554
86886
6828
2282
22543
768
870
5780
3899
78085
46867
3009
3294
2357
3005
2609
2640
3393
4215
1938
1805
33109
34722
1064
3679
8337
34503
3094
60584
1022
1541
2353
1184
24710
1440
9961
1710
1695
1007
1521
17839
3288
2146
36127
3459
105941
1403
3398
25700
2885
2276
2447
2303
1372
30459
3258
1119
1371
3753
1893
22512
13549
1622
88638
6267
15345
55038
22030
1772
34411
2362
8961
1513
3769
18546
2336
102861
66441
4885
2145
15594
93188
8661
1403
2135
13467
20856
2442
2930
16378
4188
2160
22378
2363
20761
55621
2560
1599
9826
22461
2513
1814
1995
53709
12890
6579
942
2644
62635
23695
914
6069
3823
2402
1276
3124
1157
1165
1618
20666
8375
3372
2254
1693
1992
2226
6633
35200
2471
51345
47339
1602
13505
9222
18312
21433
25894
2177
34940
10773
48011
2383
32026
26382
56415
3210
78767
34685
2742
2342
56499
3067
81089
3319
2529
3418
2266
3341
19518
1733
3231
2066
32480
1935
2216
4724
99591
3099
21103
992
3967
35658
3220
2873
5762
4165
51141
23460
34195
910
2444
3204
2046
1808
2254
1873
2252
10640
2065
728
1080
3483
2113
20853
309
2017
53679
1700
2805
1377
3049
3132
1763
56834
3163
2566
1981
76689
3340
18757
3046
1763
35543
16971
2163
2968
7023
2641
2852
1818
2334
1843
35450
2063
1646
2585
2444
55061
3781
2797
1456
53485
1040
2243
4457
3105
2447
1844
4267
15226
36068
34504
3697
2584
1687
3948
1273
2523
2670
11799
896
48088
1772
22395
1240
2067
17668
685
3076
14984
2700
35450
41219
6768
2467
3302
3181
8773
49061
13987
4237
15534
4505
26872
962
8618
3618
2284
1006
4094
19351
1458
10067
23649
1425
2863
50628
2196
3449
2540
820
3364
69559
3488
1510
1417
1422
771
3688
39434
3104
3259
1372
1746
28893
3273
1295
996
1980
4038
2555
26459
920
67267
65250
1440
3198
2125
1378
2670
2734
2583
2411
2065
4208
20682
42395
2716
2497
4857
1678
6314
36064
1357
2017
2393
22238
3902
4546
1678
1188
1140
2385
1864
14368
36276
2577
918
2926
4841
3711
3007
3182
2545
1204
23458
3227
3880
26657
28037
7013
6509
3518
24518
3801
1921
28474
1755
3285
58265
24261
37801
1709
40355
1362
3222
30403
56258
3361
3167
1660
3045
2320
8688
43633
32525
2958
2950
1690
2670
13808
2023
4050
27652
269600
4526
14610
1973
7631
1543
30844
3017
27104
1931
2722
3502
65267
2015
2962
18199
3357
37386
1496
2921
11049
6991
2110
1830
6030
1620
785
2484
2182
8470
4658
16035
2090
2741
3695
2689
3072
3603
3322
43792
3332
20526
3691
2546
1742
2355
4536
12206
1745
