11052
48055
101066
3752
1748
1999
9512
3728
2478
38582
1876
1238
40529
6960
24771
5240
10391
3592
4076
1258
1795
16980
2445
2406
2235
3975
2770
113195
19234
28857
2402
4775
2382
1665
1958
2530
3035
2090
3216
1094
1621
3140
2744
2983
1939
21041
9206
25233
29241
8397
12059
4203
2969
839
2151
6655
69740
2282
7647
13042
32089
4034
981
2344
2189
2724
37832
8407
2702
30151
11003
2779
44438
2122
72541
4188
5650
11795
23065
67977
34088
2122
69445
3161
1795
1142
3518
30565
128253
4607
3561
80806
4259
1502
1344
3093
10297
9982
1661
13018
1219
15429
4025
3300
3603
3511
93864
35690
3062
5456
24133
1303
3268
30629
51342
158066
3162
3595
2094
4755
2906
14200
2908
844
7903
9005
1947
20775
3845
2859
1298
2317
1860
2332
2762
2412
2236
15614
3049
4731
10577
2205
769
1219
2605
969
1110
2563
27362
2991
16907
2853
1236
1077
3320
50812
9137
1396
2491
21396
1712
1967
4037
24896
3464
2889
1757
2056
2102
44767
1837
5264
1189
4224
1102
1997
45115
46831
37517
90780
3343
3114
1076
928
2471
3943
2365
1800
4752
17241
58722
6131
2204
2939
24171
13840
2144
72629
2205
1971
65072
2745
4072
4270
3779
47130
855
1225
31263
3088
3327
3554
1769
2537
34176
3168
1640
67543
4031
11118
2134
2533
3256
13462
23601
1533
2091
64870
4505
34909
2695
2752
1156
1365
68245
2441
2696
122159
2504
9026
2883
26362
2729
1523
111292
2989
2691
1850
93425
6238
3444
4208
13316
5495
22772
2276
11227
1214
868
7224
25881
2425
2387
18942
4454
1375
2018
1604
2219
2882
24304
3257
2512
3798
2545
26746
5067
2613
23786
24481
20114
33309
752
1133
2812
3664
3129
83878
3371
3333
2667
16037
65920
1197
3426
4020
19917
1467
3594
1023
10262
3019
6266
22342
2610
1001
4795
2090
3506
2120
1131
3939
27360
19144
19050
65406
1086
3912
2196
2766
14929
51870
2469
2249
1465
8192
3930
2266
1201
2239
919
2979
4313
3927
2806
2448
2462
1577
1209
2109
2236
57661
1877
3017
24867
4968
29210
2117
2006
13495
2295
17373
4564
2365
2888
25394
1209
25114
4086
15518
1377
3070
3487
3288
2649
2895
2469
2139
26517
1567
4551
1782
5007
44565
38858
3464
2075
4773
1384
2882
3187
3436
21755
32594
2402
2422
2764
2880
3043
2685
2500
11162
20995
2533
22594
8076
16879
2856
3633
30658
3599
2441
1636
2830
37090
2398
2898
1979
28950
2301
2311
65773
10824
3046
47493
1225
1534
2903
13718
2953
10721
57799
3779
2402
3108
1710
2631
3254
2958
6888
64024
40088
3741
2839
146087
60634
6729
28524
1681
4045
13289
2436
2580
1289
1454
14972
2973
2322
1376
3383
28328
48709
2101
3333
1689
8705
9099
2316
23199
47455
31145
5133
2998
25567
2706
2934
3102
1452
2688
3387
2748
11875
1975
2845
1402
8828
27003
43179
3534
3760
1337
1982
140841
58818
2449
57464
23384
2386
2900
8457
1992
2581
2954
2077
2010
2018
2020
3116
47821
2916
2163
31095
2492
4121
55687
63267
2217
7494
1440
45649
3472
3532
2644
2683
3337
8066
1814
1768
1137
1751
16444
779
2309
2625
1434
4022
2923
2612
67146
2833
3668
1750
2303
1914
2384
33699
1611
2470
3087
20924
1440
2658
2628
1105
2146
23089
2730
1486
2341
58669
2260
2636
3109
3030
52379
2933
2168
955
3987
2163
3646
37067
1953
40953
3299
7879
43876
4080
99694
1956
21683
2929
2062
84036
1085
3558
1517
2680
3367
1863
3645
61094
3583
20497
2013
3274
1852
3248
10452
83058
3191
58868
2967
6451
9001
2298
20040
9991
98985
3966
2012
8572
1502
2389
1982
1856
29622
2100
4849
1725
2716
23968
2315
1264
4102
2220
3115
3364
1821
3308
922
2143
751
3243
2955
62443
3694
3917
1199
1437
53028
4701
2326
3383
2112
1434
3445
1835
1402
2688
1817
1948
2873
2162
4857
2062
2622
3519
1702
1908
2247
4487
10225
2919
4475
12512
2684
1881
31859
177487
3779
2418
1773
3682
8354
28222
76270
50082
2091
2332
2581
8056
19404
41325
2919
25242
2543
3526
47783
31026
1711
2191
2299
18937
2057
10154
4084
28382
2573
2811
3258
1187
2546
1233
9514
3825
28576
2576
69911
4360
7737
31875
525
17546
44131
5621
2283
2919
3591
3061
3515
5138
3246
4189
53644
57783
1522
3460
1552
30319
2170
1791
2477
8065
2605
2305
29292
116051
2652
2161
37703
3033
1933
2536
2809
1604
2413
2801
3428
76797
786
2756
1627
3269
1876
2389
54306
2848
2794
1722
11632
4390
2274
32530
1109
2571
10686
2224
9042
1773
10845
52344
2213
14075
2775
1984
2518
1352
36798
1431
8434
2493
7340
20949
1359
2852
2999
13824
2900
2799
2536
1877
20615
9143
2742
119601
2808
20840
10917
7043
1982
2037
4717
26726
2202
6504
1617
26505
42471
12632
1955
34581
1478
807
10187
4420
1672
2469
4734
1892
2746
2512
13601
2236
972
2849
29892
16801
50666
1327
10430
2499
1833
4794
23821
2496
3935
1094
14151
3703
5452
3265
1518
6406
2928
4699
2356
1821
3201
2883
3378
39368
19966
2792
1532
40583
48708
31736
2500
1176
15862
1169
1330
11643
5150
3446
24345
2444
1788
37896
7924
12425
20196
3882
3503
2358
1916
3959
1797
3113
18258
1899
4822
2779
2563
1429
42802
2727
2830
2592
3851
15842
3144
1730
20747
20989
2747
3145
2572
2115
2745
2845
2254
673
1196
30822
16626
9288
65793
39280
2362
3332
3351
61781
2358
3043
26495
2972
3067
24395
6303
3481
2579
15857
771
1899
11713
27489
7996
20410
2864
3311
1017
1920
2479
15921
3156
4608
35059
15531
25511
80846
22856
4070
3485
43446
1131
21700
1609
4339
1905
1559
3660
921
1893
1522
3176
1013
2092
1573
3005
2382
3373
23475
3962
34832
36053
35581
3765
829
17797
2476
2633
2895
2806
58435
3335
3166
1866
2402
1066
2251
1471
16172
3576
886
3850
2455
32230
26341
25745
8934
2690
5716
3140
3091
2127
2905
2422
3516
1108
6131
13637
711
39373
2696
2952
1659
3341
2338
2132
15528
2868
520
3823
1989
1588
3096
1498
11755
2980
10687
2052
1888
2657
2552
3444
2086
2759
2454
76019
12929
1485
2136
33030
2385
1574
1767
25834
2261
4010
3846
2523
3043
3297
1924
2364
2516
2809
2551
3163
44805
2585
939
3041
7756
15667
35233
2894
36657
2619
2342
2333
1914
15837
2897
2817
5037
3460
5578
3353
7715
17084
16731
561
58619
3458
16047
2810
3284
9641
1675
2374
4079
32735
1972
3240
49358
3235
2005
3625
2274
3608
3504
43202
1221
207175
16211
3334
2419
30133
1095
7706
22718
2999
3820
15822
12216
4256
1366
22455
18546
1860
3359
2947
5165
63343
2507
1995
5015
3732
20996
28472
37938
20700
668
3940
5985
2572
21248
4007
1537
883
1699
3658
2282
30210
9100
3026
2629
1778
14579
2697
35987
10417
78119
2022
46255
2251
13563
21491
61169
3150
2661
3479
1238
3208
3689
21916
976
3177
1510
2142
3947
21226
2398
3001
2827
3379
3151
1487
2618
2551
1435
1926
2647
31763
2045
3388
3213
3361
2996
1572
848
43280
2010
115452
1662
2558
52806
1312
3375
57187
5217
2291
3387
2895
11647
2509
12811
1057
3459
2587
88850
1897
3555
1082
2861
2168
3748
1874
2186
14974
19568
49717
28411
13294
1118
3010
1817
2064
74089
3024
3131
1474
66097
2853
2602
2463
1914
3618
3274
1406
3490
2776
1209
4879
1266
2554
1049
1660
30447
3455
2031
4264
2510
1613
2786
31337
61236
69965
2824
2869
23777
2011
13091
109253
3621
3448
73182
29053
2338
27307
3361
3499
1453
17844
2218
2440
23623
67661
14761
1943
963
1259
2212
35513
2882
14101
2701
2209
1871
3590
2416
1619
3848
2077
2328
1832
1533
1801
11300
2200
1309
3710
25374
2672
34524
2634
48181
4058
40956
2779
2670
30290
97726
14224
2386
25590
1606
2744
29628
3605
2453
6695
55940
2079
1436
3404
3012
2703
2914
3160
4009
3142
4401
632
1258
2884
2624
50279
2827
3667
3489
29093
1392
592
3079
2797
1505
2237
3892
9008
1574
2514
13502
4933
754
1927
12302
2813
63319
2168
9443
2533
1081
2242
2490
2535
1607
12465
2232
23903
12385
45873
67622
2820
41207
2577
3298
2219
39533
1742
1524
15174
1273
2328
3166
2815
7046
3238
2536
2751
1763
11039
2702
2489
2336
2495
47540
3040
23627
2095
18239
11521
2148
12031
2869
4033
2604
1808
35141
1211
3129
63635
2087
3110
23077
61527
642
10273
1888
2605
3414
4160
49665
3085
1975
3503
4902
3554
1990
3604
3927
4121
87658
2623
3785
31335
3329
2336
1268
6195
2609
3590
2964
9395
9410
1327
1050
17366
4027
3206
34045
3262
2697
2586
11107
1126
3420
2786
31830
2277
1124
6457
26522
14558
2713
2662
20933
22799
26845
62394
4016
20124
2816
1853
2212
17941
2504
80606
2587
41687
25666
2195
2462
1566
2531
2568
38926
2114
2805
3741
1531
2756
2535
3605
2269
3113
15793
2051
28520
39815
2872
3576
984
30645
2475
1919
2848
1194
16300
1547
17320
1296
3026
2317
2165
2380
2473
3721
3611
24756
2177
3265
1767
37056
4822
1380
3554
2820
39960
62383
2548
3397
2437
2708
2724
3271
11026
1279
2218
2520
2236
1727
923
2305
2209
3102
17693
3348
14526
4877
749
20128
1790
122874
3595
4342
3273
1185
58859
57401
42787
3694
3686
1046
3518
9504
33385
52564
3180
2106
15013
2422
6379
14944
19875
2332
14448
53157
3206
1427
4957
24489
2545
2961
2555
2255
4133
7926
466
2355
124308
1956
1665
2974
1969
2196
8982
2922
7329
1537
4521
56462
10118
20985
4116
2671
33677
2831
4956
3667
24509
1944
5652
2446
18475
3946
1990
2308
40658
1351
3853
2540
1223
43126
1656
3312
3943
86205
3970
7568
1912
17783
20444
20290
2996
1460
3428
2277
1145
1150
5831
4506
48021
32810
3232
35865
2254
3172
38574
2234
109112
3222
10216
2818
58965
3503
5611
2220
2727
37621
1887
43745
1963
7105
1587
23218
1939
40298
4230
3252
3415
2484
6355
30762
2166
3352
2976
30696
1431
2602
6353
2191
3098
37949
1345
3918
106911
1117
2572
4845
72397
19289
14997
1645
32152
1329
4063
59543
51107
2588
2426
1905
13420
2202
1039
5393
8114
1005
2677
1606
43678
10541
3129
3390
15565
3007
3830
11998
2528
3894
4171
3037
29291
3313
1581
1344
3069
25262
8596
2907
2954
1719
62465
9161
1914
5019
1807
2748
1899
2308
2432
15871
2053
3128
12811
40936
4314
1665
616
3366
25024
11928
7928
3573
1807
3476
1803
4831
14084
1502
1871
18532
1169
26869
19843
3415
2856
2959
856
1665
6580
834
6381
2458
5841
3582
3885
3400
1725
2288
2692
2463
1520
2445
51987
708
53035
17797
2290
3605
3612
10485
57439
112196
2125
8768
3091
1832
95527
1018
1614
44069
1656
3425
108275
3014
2888
3267
2778
2230
2021
30950
2892
11972
2542
2884
1201
3845
2845
2540
853
3487
2038
15214
1499
2504
2271
2252
1763
1545
17675
3536
3399
1779
1692
1767
2992
3672
1551
3193
1625
3475
20438
70078
4600
4094
12310
1709
9407
18005
2563
92024
3216
1354
4020
20494
2524
2191
2102
3119
1563
2970
31226
3173
896
24211
2531
1825
1691
3048
2785
4175
2177
67217
6064
19673
3103
32526
13152
1490
3349
2867
2373
3999
3284
3938
4000
2476
21470
2590
3905
21332
529
1363
3235
1979
1490
1459
1713
3802
1702
59442
3648
1401
4375
4037
2310
65418
24211
7401
10471
2820
3358
2131
1606
3143
9512
1203
33727
1069
3890
2640
2880
59209
1104
1118
2112
1803
1399
2945
2562
2050
26035
24662
21312
3798
3059
4418
4027
2413
1444
1494
1951
4392
3314
3143
95373
1758
24634
2496
78704
2203
3617
13240
2171
3025
32572
28942
2935
20464
2288
1830
60749
2785
1876
31168
49431
3395
1425
2385
39353
1171
8346
1458
2419
1937
21594
3281
1638
32184
2593
2945
3516
1321
1840
873
27995
3494
93304
4152
2655
915
15360
10912
2094
4213
3487
20998
6775
24670
60701
3227
1870
52032
1986
2366
1819
3400
2498
962
39324
1419
2074
1928
1604
2186
2210
3657
1520
2532
1842
2949
1246
978
3053
4237
7888
57729
10715
2369
3350
9818
3088
6019
15985
11667
2106
1299
1576
2953
1919
67600
2404
18364
992
2170
2302
2986
55826
2937
1426
1187
2131
13828
12290
135762
39188
1621
4380
1407
14956
3260
2301
10261
2475
3408
54250
3033
39211
2204
3147
3210
1004
3195
2738
28357
2214
2481
1514
11867
13176
2235
2552
3355
3905
34969
2477
3216
24625
27033
1785
3919
2303
8986
4317
1504
3037
1222
49285
2301
1337
7017
2124
4195
2158
2495
2202
2281
2292
20079
842
39474
37469
3513
3328
3811
2209
28948
35590
1765
2638
4497
2626
1287
3012
3646
49171
1202
2076
2816
3367
2993
2010
983
31524
151265
979
4082
2448
38494
2298
24371
4484
5519
2671
3108
2341
3661
24225
2510
2528
3227
23662
2213
2144
40419
4747
2794
151075
2763
2025
2662
3033
1814
20400
3816
2728
93834
210234
2480
21972
1328
86262
1607
2024
1627
2686
3909
4768
1994
3644
3475
1054
14464
16431
2752
49247
2154
22235
104122
1852
1216
3124
2397
3179
20029
2349
8480
15562
1658
2563
1895
2840
2165
996
3638
3352
106507
7533
5189
2629
11251
15464
3764
1566
3020
1225
7203
3656
3377
2729
3469
30743
15066
15668
775
1469
3093
4175
11937
4097
10293
5576
2119
1504
3237
2594
1701
1536
2503
20418
1788
3340
2304
41132
2019
1475
1179
11165
1512
2199
2172
12752
2592
3448
2342
2269
5411
2841
900
1990
2891
3550
2902
3610
46193
2762
1349
1593
1459
18666
881
1358
81838
1733
2917
2580
3934
10435
4034
3730
2903
1089
2782
27851
3673
3268
2375
1700
1156
71818
42057
2427
1457
1603
3155
2955
3040
1558
1461
2479
4203
26820
10534
2168
3345
2083
64164
47722
15114
1893
3221
6615
1255
2336
2401
2476
3718
2247
2927
2269
16982
1402
1614
21327
1517
1985
3945
2732
3617
2528
2016
1488
3147
2312
3619
46425
1258
13889
35305
3364
3069
11010
2630
109344
12434
1096
1189
22701
69854
19128
31375
3547
684
2317
2791
923
2388
850
2141
1191
2183
2911
3498
27742
2733
5823
21008
2661
2798
37214
53026
3211
2216
3406
41238
2951
2006
2317
3210
37802
1796
2562
6371
61020
2080
3139
3242
2034
2581
130502
1108
1613
4895
52240
59802
3310
3380
3225
4543
1133
4345
1321
40438
4874
1097
2777
41056
3660
3852
2941
2827
7265
3699
964
3690
2941
10426
2848
2995
49136
4727
31424
2440
2460
27267
3128
1347
1886
838
16485
11916
1835
3392
2217
3733
621
10094
14617
25247
2659
2084
19899
2510
2519
2388
8378
2212
2049
11027
104046
1816
94528
12589
18976
2593
1495
911
20881
5461
38280
2069
2799
3281
19062
20282
43559
3568
1772
3755
25399
1282
1708
3910
18086
3010
33083
2081
2128
61734
3164
41030
2845
1796
3197
3177
1288
61128
40139
2815
3574
3508
80197
18352
2393
2840
3202
2540
2962
1978
1182
26449
1531
28365
2016
3521
882
20814
1908
3545
10409
67316
3333
2092
2683
11514
1618
4225
4128
1042
3126
2785
12723
3914
50980
1990
3227
15618
2280
1689
7412
12688
2492
68366
4061
2785
35843
1613
1548
1555
13614
3643
1204
2708
1526
38591
22367
27627
30254
60581
40560
3192
2426
2092
3209
14407
24448
21179
3727
44929
73543
3972
25661
2933
2668
65322
695
1777
3747
25859
3484
17884
2122
2477
1332
1679
2988
48297
19512
3227
2570
1090
2105
3017
29418
944
2781
1136
40380
4795
2319
6224
15964
2248
1131
2284
1116
2201
3297
3537
2262
40919
77195
3325
2680
1105
2396
3021
1890
1845
1452
2877
2540
1283
40772
2166
1476
58152
3802
1753
46090
2545
2398
2943
2538
3526
2971
4320
74932
2278
1805
3372
63266
3139
1408
3880
2190
26954
19308
13717
27432
3692
1926
2684
2830
2593
1065
3928
1255
791
1467
3753
1109
20066
664
2375
1696
1646
4810
1785
4901
2827
3940
14160
26722
2581
7255
2154
1700
29836
2425
1349
4827
1210
27118
1921
2339
10876
2830
2727
36480
2302
17598
40123
2077
708
1106
2588
1519
1574
2805
39528
2025
44767
31863
2461
2873
2107
2613
1264
2033
92567
3002
1797
4226
17607
3750
956
64758
8267
1952
40623
7418
20233
2825
2971
6411
16146
987
2680
2926
1358
671
2697
733
23347
1170
2925
1596
6640
2108
1330
1259
12772
47802
3966
2212
3339
862
1310
1459
3751
2821
3531
3285
4115
49525
2883
2886
1770
3462
3387
39836
364
3330
1081
2073
1805
2300
1501
25174
20987
1929
21268
2964
4294
1673
3096
51372
1458
17479
5716
1629
1360
1970
2508
12210
9839
2639
20321
39767
2738
15066
3713
3165
47643
2224
25420
2075
19871
4454
58650
1303
3109
1143
20167
2806
20331
2998
3829
2319
1956
2683
2554
2759
2252
2473
71483
41007
1137
1433
2350
2804
2159
58190
2171
1080
4273
19278
1102
3908
1949
1315
30375
2912
1546
13776
3843
36064
1361
2320
2881
2818
3608
30270
3296
1580
3416
3360
28445
1411
2368
19215
1327
2362
11955
1464
1592
2957
2763
2372
951
4063
36877
8260
3361
3309
44032
2108
3570
31751
7036
3374
50416
1610
2774
2967
1491
2485
3375
1989
4120
18392
6262
2577
2998
3571
3775
8380
1184
4515
1983
17467
5698
3161
120148
1878
21661
24032
6601
16091
74140
634
2250
15540
4090
27367
3036
16841
1451
799
14940
125905
1941
2696
2361
3014
1230
1986
11746
4677
88674
3078
2531
3138
803
66875
18638
3009
12602
2010
37318
3015
2919
1277
3645
3696
15418
1398
119809
2609
3368
1683
4739
2175
15024
50689
1823
2360
2565
2468
1830
1983
6550
33789
2095
3886
13705
140056
1952
1778
1369
2188
2643
1689
7302
6081
1464
2814
25478
5208
4381
71090
22749
36122
2088
23291
1895
3003
41827
2121
20261
69275
4360
1693
1507
4380
2850
2415
1336
2363
1891
1000
3457
894
2661
2601
3475
2832
2310
3776
2440
2262
3427
2878
2343
9785
1752
1360
782
2539
4488
78012
1046
2771
27544
10520
2263
2605
13083
1827
1043
14544
2184
2804
1892
3759
15016
8466
1860
8655
11636
3528
1582
2325
3515
1964
1708
1992
26758
16277
4011
2909
9043
10799
1822
4169
2050
56321
9166
2969
3285
3035
23490
2603
4544
29151
21211
1933
80816
3578
16773
3712
1350
3473
2217
18593
16916
49101
1139
2390
4578
3142
57890
4051
2365
2588
20005
1170
48026
3156
3546
14130
21527
55161
3127
1402
9765
3039
5281
1571
50865
4462
25106
894
2127
5484
4592
804
1702
2278
41020
5249
2999
2184
2218
1140
3791
21528
1180
2526
26982
2117
1869
2503
1798
7722
63201
2618
2683
4278
4857
2184
4514
18583
2976
1521
2949
2387
2858
3554
25674
14075
2700
2505
76057
2941
2719
2744
1910
1980
2922
18845
1128
2143
4465
31889
2552
1476
15021
3507
3387
1159
2326
77544
1782
2207
1379
3542
1792
21609
2646
2572
17635
24306
57843
17600
84388
20543
3093
3742
1889
3116
683
3060
1841
80569
1950
2880
5125
4346
9389
2221
3875
87072
102377
111241
4205
43818
462
840
3577
3862
2884
7518
12003
2953
1342
1135
3804
37599
1731
3681
3966
2306
890
67755
10497
643
3420
1848
67771
2467
2864
2826
4425
3752
1034
10691
2887
1691
4036
10272
4371
854
16301
1504
21534
2308
2498
1763
2150
52594
9156
2540
1154
2338
64951
11024
3087
6760
1595
1277
53893
8263
6399
2675
2832
2727
2745
7504
21474
1302
51160
40491
3097
15114
73816
3310
46225
1455
2321
5545
3642
4147
21571
10885
2442
66367
2215
2852
21349
57888
1743
3448
4521
1327
26787
2595
3139
47568
24978
2095
1908
2792
3155
3240
28626
2857
1745
985
8939
57979
2687
985
3183
4164
2148
2859
5802
2337
692
1222
53531
1866
847
1815
23739
63818
2524
2921
2295
2388
30363
3361
3945
1166
4104
2784
2572
2629
3643
1543
3099
1378
2589
1062
36151
2611
28912
15011
1974
35399
29424
2530
63296
3036
3589
49794
2391
49015
2290
388
3507
3073
11806
14004
2863
23200
7100
42745
35100
2924
3641
3785
28247
2367
2530
2454
1210
3322
2211
1380
14700
53112
2476
33398
3296
1183
2076
101273
1093
2064
3185
3493
14462
8022
2370
3880
2103
3099
2519
3060
36625
2477
4373
3726
2462
3416
41599
23228
1704
3333
2029
3021
28675
3153
20830
796
4450
4022
72934
2732
49661
2876
3453
24727
4237
7885
11454
1307
69754
53568
26958
3577
2373
19001
3083
2921
3980
2410
2855
2194
2606
3280
57491
2595
5962
39595
1632
14399
746
1827
1554
3317
3818
55523
94438
29442
1003
5104
2308
2873
4330
3710
1043
2180
3290
6645
2464
33944
945
2383
1058
16896
2838
2182
8348
9773
1990
1498
3663
761
1484
1985
7580
13583
1057
2898
2571
2695
2409
3060
2856
4084
1780
30249
2039
3676
4706
3513
2436
2435
1823
1161
54275
1544
3313
2009
14111
1854
5304
3068
3295
3623
2656
3599
2140
3264
28929
4335
36643
2139
1660
2105
3887
11881
1217
139134
1600
2901
3106
3191
24159
2739
2229
4421
82104
1042
3275
1850
2921
38321
1096
2950
1732
1751
2965
11943
1647
2488
12447
3450
2977
1476
2017
3604
2537
2825
3239
30383
62568
4285
64683
644
807
2705
3060
1290
2410
3006
4635
37440
6233
30400
2726
1236
85594
3274
2252
3169
16508
2458
12632
3787
7741
3352
2464
12768
23320
29094
702
2672
2123
3204
2689
1728
52524
2871
15403
2606
113293
729
914
2429
1831
27174
4503
2346
2628
26837
2366
4749
40050
1826
2320
2449
918
2270
1230
19533
821
2651
2377
29771
23085
3905
2571
2871
2767
2379
2576
22360
2753
3715
3091
3253
20572
1787
1566
3230
74365
2550
4500
13940
26388
5533
3425
2233
51788
2028
3464
2295
1646
30641
17199
46107
2005
940
13463
53086
3023
2686
20942
15100
4391
2607
2863
31210
3302
3020
3575
2629
2556
1635
3146
25296
1301
2107
49966
8500
11629
1243
2503
3481
3282
1821
7324
1006
1202
1439
1060
1505
2749
1539
17156
1267
13852
70683
6523
2029
11389
4221
3147
985
2274
74846
3411
4211
2420
23487
1855
3618
2054
7285
3138
2831
45984
3485
2824
2146
1380
2706
1302
1504
2735
1719
2105
2227
2960
14827
113911
1250
2791
3204
2619
3878
3826
19697
11287
30343
31780
6272
2569
3312
51690
27689
2979
17326
1865
3791
4386
2540
79275
2286
1557
2497
1341
2711
954
2226
1365
2331
33174
1184
4854
8692
2966
3529
3886
3384
3655
3721
8462
2175
1221
5456
3623
1276
3297
3121
1268
1765
1546
52113
15979
706
18967
18462
1632
90804
2009
97392
10086
1996
61412
2247
1861
2784
31069
2514
3697
3097
1814
3447
21454
2577
35973
1252
2307
2538
2164
3208
2661
2746
3591
1607
861
3300
3890
2770
2521
2773
31201
1111
2702
19902
52672
2616
6418
3460
4329
2500
767
2057
2125
2109
2351
3889
3631
2157
7025
17460
690
9396
6874
2034
22356
2247
12898
2483
2372
156810
1656
3202
29531
1002
912
1810
2093
9159
2819
3285
3165
3809
2352
1405
3380
2317
1519
1922
2361
3224
28856
2410
3317
2806
2360
2171
3188
3166
61458
14533
3454
2413
1717
1464
26818
3221
3007
109683
13808
4974
1528
45649
3454
4391
2109
1464
4155
1328
7557
3688
2193
2844
3441
2423
5035
4227
32405
781
3680
1391
67151
3769
14224
1232
9169
9983
45568
2609
1735
39657
1317
1751
3094
3163
3942
4847
2406
944
2653
3782
1977
1654
3336
32366
4573
1904
22943
9266
2515
3265
3313
1870
110634
1599
1742
2796
1142
3349
781
4294
3751
10467
3488
3213
1400
3022
3070
13501
48596
1430
1310
3169
16685
2733
1894
876
2611
2322
2498
786
3163
3022
96159
1835
1274
34686
1777
1790
48176
2452
5469
15847
2598
1369
14389
609
18744
3238
134173
2230
2124
1803
18009
15716
13755
3229
31378
1521
6208
1345
1388
3240
2398
917
2820
3122
1868
2531
1261
12527
93356
24211
1752
1469
2113
2487
1176
2033
7872
1839
2410
3173
1659
1940
1227
2285
1655
3014
2232
1550
1445
3621
925
7279
1696
1454
73255
14713
5002
36140
5672
2118
3744
2728
1308
958
3033
10920
73855
1948
2974
13569
2352
2149
1063
17396
2390
3417
835
60212
1779
9952
3213
4044
2056
3049
29951
5933
2893
1830
3087
986
2617
47973
2017
1636
2296
1452
1254
27562
910
2930
1708
40727
1279
42091
811
12567
2998
9591
3025
2934
20499
2626
2417
2272
115741
3508
32591
2897
6649
3511
2483
3260
12229
4572
1328
19006
2358
3237
1166
9921
5236
2817
4032
25256
11635
1988
2962
2824
1675
2876
1514
2981
1412
1109
142211
2727
3937
27949
3155
2433
2494
28646
2097
2781
33950
2903
3422
2563
7647
32697
3091
3467
2215
2232
2040
1509
16204
10442
1409
19151
92529
2803
2945
28303
2074
1196
19541
3721
1392
3467
3428
2932
3573
1290
24434
21756
2644
2363
1643
3413
3542
2290
3024
2606
4207
12403
3809
3970
3438
3445
52604
2702
52163
1035
9520
1277
103921
5635
10461
1833
15684
2268
24224
8037
1006
2962
1381
40467
3492
21267
70717
31464
3143
5087
1344
31564
37570
2402
2355
3114
1754
2572
1709
3133
978
40576
3975
5444
1423
975
748
2391
3437
3805
3696
26856
1568
1398
21220
5553
33637
1766
1458
9022
2106
1275
2675
2824
19892
9768
3044
64897
29590
1994
2629
937
1844
3791
2973
2539
2021
1812
3035
2799
25768
3037
15847
1885
951
40699
1736
63367
22274
3544
24626
2739
1939
2501
73048
1354
19815
31751
47635
3353
22079
11014
948
23742
2038
11588
4548
38802
18330
45686
2642
4301
27220
1869
4994
3546
1827
17318
3161
15290
3798
4045
3372
8213
18619
2827
68626
1859
1651
3569
57905
1244
5636
1900
2674
51759
1938
2778
42980
1828
2295
14797
1664
2612
2716
6897
1908
4585
2823
2197
31822
1707
1254
1217
2826
3190
1806
512
1272
3207
10050
14566
2509
3861
7849
13585
20987
2371
1595
28432
31405
2693
3821
10982
1805
1301
3402
3209
67846
3723
29826
3996
12695
34504
2288
19276
118978
2071
121092
1424
3419
2974
1604
2204
3475
2340
3106
58909
3337
3704
1490
3986
2813
2838
13491
581
2332
2124
47677
1540
2629
16159
35322
1837
1334
3766
5666
1085
1445
800
27633
12711
3312
2911
2308
15318
2739
13985
1393
1781
2515
4807
2773
4245
3197
12217
3327
18389
2662
26099
7351
2718
1745
3646
1635
1127
3095
684
7628
2851
2445
2118
40335
2524
2167
3746
4097
50202
2547
30237
15472
15124
2806
1719
3447
2815
2118
30206
2438
1922
786
2567
2433
1306
2616
2839
9050
1922
4665
15447
3379
36325
1152
19997
2048
3714
3812
2748
2962
6153
4126
2402
1226
12438
14352
2635
38254
47173
19774
2739
3000
1516
2230
1271
8397
3706
153222
49727
2521
23569
1885
1096
1489
3186
4585
3382
7806
85721
3050
18606
2726
3375
1693
1558
2584
3031
2823
2093
2189
7509
2955
1658
2760
12307
13410
3013
5274
3242
2881
2523
14001
20272
47674
2416
1080
1292
31113
25832
2097
55776
2903
775
1749
3558
1718
2654
2207
1609
2690
954
2032
2749
64390
3876
68303
44004
18562
1396
43708
1951
21100
9338
4899
3005
4772
41568
41355
2763
2739
28880
4383
52472
3031
4678
2966
2784
31680
25162
1563
2290
3993
1813
4045
3232
67044
79989
5160
3440
2255
2651
68796
2223
19882
1035
2560
13643
3282
3248
3075
3031
2869
3119
3315
26124
5787
2987
2175
3082
10466
28410
3470
1113
2408
26598
18328
17847
931
2953
2898
23595
1928
1057
2522
3052
51632
5218
60560
19869
10610
1412
4277
2678
2420
3852
2378
2633
8902
3865
3648
1995
40676
2091
1755
8189
96430
1857
3304
3064
2154
78777
2459
2805
44563
2940
2769
2493
30762
11531
2475
1011
2274
3397
1871
21388
4103
2517
1553
10133
1927
2364
96036
1070
1651
4181
14424
3691
3036
20403
28423
2135
3780
99941
3616
2162
1686
2809
53580
2791
5073
1859
1764
4319
4278
64424
17736
1152
717
2316
2112
1993
1474
2298
1469
1485
16644
2617
3661
2888
2552
3883
3799
858
2103
42499
17907
2314
1309
2472
2563
1573
2794
1799
52724
3710
4043
3302
2241
81308
4052
1648
939
13645
2959
9054
21300
2113
43237
3402
3401
1231
1886
2706
2254
1775
1408
2807
532
33848
2393
3484
10294
3723
3628
2862
3386
29611
42762
17442
3941
4180
1726
4512
3475
3358
28277
2938
2701
1312
725
1916
2862
3291
4619
4197
27240
13033
2066
23366
3892
150284
8440
11314
3147
2550
1894
3272
656
1893
2341
52651
2325
2751
14184
4278
2674
833
2733
1575
1657
1337
1239
2778
17735
1557
26826
1565
1009
4610
21668
1847
1795
49048
30297
21422
47042
56006
3220
2946
29303
4491
67883
3081
2101
728
1967
3268
1888
2701
1860
24026
3535
1368
61612
3668
36773
14901
1807
11368
1300
2782
1557
5050
30563
2423
44862
2810
1057
3382
3404
1359
2826
3500
2746
10215
34923
4602
3172
2581
14771
1958
2539
1850
3520
31700
2110
1927
83753
2758
3342
3014
42238
2498
2535
1398
2314
2612
2309
1074
3587
1863
11866
4494
1320
39243
1269
19449
19004
3212
49167
1901
4011
1218
3110
26542
1609
5308
3440
15175
21050
3651
2954
3937
33731
44051
3258
7963
1677
16935
2073
57004
19120
2766
55148
2694
34880
791
3369
2095
10477
3776
1291
1866
3120
27275
2675
3212
41838
34384
1339
3120
14344
74100
2167
3658
3325
1443
2290
18991
2485
1128
2726
63840
1299
3227
2545
8529
1676
2363
9868
3686
2778
2753
1516
13163
2768
1849
2097
3265
2212
27545
2279
1672
2650
1832
108562
57651
3415
3565
2485
1414
2226
2431
3767
3359
3499
2266
69344
1596
3414
82099
2862
2073
16447
2193
10233
3163
3898
1837
1902
3742
136831
52846
2912
2179
1823
1787
1708
3465
2019
3942
24502
2996
2094
45303
5013
2046
15936
35157
14048
36241
2970
1622
27390
4894
14864
2558
3140
3952
15403
6058
2706
119670
1970
2646
73405
1140
2295
23040
2129
1898
1901
44724
20483
19871
27126
1361
2817
12326
2059
1966
46691
3018
1548
1348
14562
57339
1690
3037
2895
55268
1543
1550
2940
17149
2197
1619
2518
2806
1979
2802
4147
2153
7312
1942
13143
3680
672
55849
3881
2676
15050
10867
1302
3190
1915
2017
68854
3933
1314
24724
2015
1900
3137
4561
23131
3056
2314
1515
3557
2601
55318
1808
3286
2943
16204
1572
3349
3193
925
11545
2749
4600
9056
2225
2135
1354
2781
2804
2852
3031
3968
26288
3262
63371
23372
2983
3388
874
2800
2245
1934
1665
2399
1620
4120
17119
1177
3531
51778
2937
2494
20867
3758
60731
32586
5403
30473
81637
1759
3728
1514
47560
1874
3962
11453
1768
3034
820
3434
1786
22408
1744
1485
1764
1949
46439
3693
3477
2338
1355
3768
1996
2950
2908
840
1224
2109
3740
2781
1845
3012
1677
2256
3963
2888
9702
1358
17433
2382
3070
14225
1347
4059
1312
2978
3000
1105
3408
33200
823
91238
3869
2877
3851
26837
2458
2152
4095
1616
2427
15919
1262
2771
7214
1196
3490
1936
3035
1840
10850
7940
1136
2447
18259
3312
11766
46669
2456
2437
3491
2601
2034
1096
2412
1383
2790
2199
3043
2772
8516
4112
34243
1365
3526
37859
3358
2316
2747
101807
1081
50397
3166
10106
1505
1876
5652
3136
3047
2097
74718
2548
43850
1288
3140
14866
3334
9081
36942
4446
2605
2607
3105
3990
2516
21318
14706
5824
2572
3550
11418
3727
2993
3397
2760
2495
1841
3078
1785
25665
3743
2912
23853
1451
1722
30634
1415
6423
118770
18219
15139
2006
1055
1554
3298
2094
963
785
61210
4326
14461
2075
4750
1022
11224
2337
44471
1318
1686
32820
30214
1648
1200
16946
3840
2885
28748
3111
11618
19810
67247
3403
9525
3323
37115
926
15294
3395
16188
65834
80696
15984
3401
3525
3906
4136
43916
12532
3359
2127
28010
11447
50188
85386
739
1578
3606
2029
1186
9033
6845
19158
1498
13714
3902
37090
11858
107097
31987
32029
64246
1651
1602
15230
4332
3649
50915
6210
3335
1188
2515
2203
47982
723
2925
659
3708
2724
2114
22414
2783
4090
133823
8380
3214
4620
20563
2744
4982
1382
5657
3045
1728
25837
11280
2353
2672
4245
35602
2203
2873
5878
2410
1686
2221
1984
53986
1759
2198
3041
36904
2484
41784
2673
2424
29375
3006
53955
8275
2670
2511
1887
22906
81818
3898
34853
2808
3448
1684
38823
12906
1748
1809
28800
4013
1967
2173
2430
2227
32041
4007
2584
76698
3477
8669
3906
3171
3063
2934
3610
2603
3393
4227
3264
4018
1227
1934
53533
2833
16147
3211
2439
1595
24932
28983
10694
4614
3206
4355
2768
2954
34071
2321
3377
51086
1810
3859
2459
3476
47316
1075
3268
26511
4455
4697
8521
88558
3015
3506
2105
10779
3071
23355
2192
1999
2302
3213
2167
786
2682
3450
83692
1938
1257
1413
2710
2936
1008
1644
14728
2974
3717
15002
2726
27687
13889
2656
3209
2071
1593
1407
4221
3000
3131
3075
2669
11210
3698
1155
1967
3020
1621
46581
24284
2117
31747
2737
51309
4137
1964
3058
1485
1082
2242
2221
18130
4426
80408
3338
85372
3099
3211
3139
2941
2381
1090
3320
10145
717
1983
2394
111443
2082
2375
51327
30870
15027
9898
19250
3712
2958
36517
41416
3625
51749
11100
2862
37118
3186
1321
17962
1993
2334
29947
10612
11068
2773
15949
26060
9807
3699
1347
3175
1867
1842
3239
1441
4672
2745
1616
2055
3035
95732
2561
16980
8759
15968
3161
26221
1015
11542
2868
2742
2167
1825
3632
2063
3304
25259
53547
3758
36508
3159
31282
2745
5950
109779
25874
42441
21334
45434
2569
1712
2107
1813
3474
2830
4009
1930
2350
35802
30502
1050
1364
3175
1090
27997
1745
31835
28744
3852
45233
1063
2500
9048
1190
13151
1487
1581
2888
25392
2340
2415
2326
3148
3001
3123
2561
3061
1741
1879
36265
2242
2919
3328
2251
2257
2964
18343
1536
1753
25881
1766
1408
2369
14933
2518
9678
2686
47442
2613
2576
1874
1617
2768
2166
3327
2645
2293
2745
60112
2259
16534
721
3055
5808
72289
2860
2023
26255
6286
2746
3082
2121
1439
19855
28718
2182
8511
35261
1745
2734
2197
12716
3142
43501
4548
19778
1081
1953
2311
1081
6260
2160
8425
1408
8086
1607
48344
574
2776
3219
67528
27933
1756
24583
16803
2215
3655
33510
3866
47167
10764
13692
2978
1253
861
1999
1239
1465
3437
3648
16870
3623
685
18965
74570
1624
1568
22780
1670
7775
1310
3066
58315
3480
5308
4881
53866
675
2857
59360
51555
3423
19240
2581
1721
1977
1763
1931
1888
39177
21673
32796
3515
12792
1412
11816
2371
6407
2757
12749
4918
2287
1111
2288
2755
2288
2824
1081
3250
2036
2488
3137
3240
3745
2796
3836
1286
2737
1639
1169
2530
6910
17513
15074
1760
4798
2084
4496
95170
87362
2398
2831
19123
2908
85233
2675
1134
2277
13278
43117
3125
28439
11822
2015
1570
1363
2025
25482
1930
1271
4212
23017
71122
2810
2822
24452
2643
5373
1491
2207
35358
1800
1225
23243
1279
3574
3070
5390
1064
11601
15144
24210
51033
5301
3573
8463
8335
1218
14022
1820
22083
2973
2100
46343
3523
3960
2810
3245
22882
2275
15785
3541
1013
2957
15275
3280
16126
2710
2290
7132
1533
2392
37672
80882
3385
21965
2827
3547
1104
2251
4154
1564
1191
1403
1944
11292
17544
2740
2324
41825
858
12389
2234
37644
11101
3235
1103
4180
2805
2188
3094
3108
1517
2920
2493
14971
3479
1918
68413
5145
2094
2352
3128
2707
2979
3218
3686
2602
3037
96167
2159
4330
1900
2699
2239
21270
12229
1101
3210
2971
3319
14824
39854
4011
2567
21006
2788
3142
2737
16995
2987
742
48746
7245
1981
2713
24435
4593
5768
10356
17057
3514
1936
24241
44705
1941
16478
1072
3581
2304
4076
1045
7524
1770
2256
2660
3549
1356
12761
3717
