1350
4634
1445
1799
2227
4106
1516
2123
3148
1876
3285
3437
3213
2362
1659
4188
1893
4633
2298
4236
3646
2679
1961
1323
3283
1513
3832
1681
2984
2538
3112
4140
1612
2734
2576
2046
1924
2157
3592
2359
1399
1433
1400
1795
1878
1799
2527
2849
3495
1735
2754
991
1556
5398
1249
2284
1896
1540
2428
1407
984
5259
3580
2569
1786
1827
2498
3070
1883
3613
2709
6820
1185
2383
3012
1621
2465
1929
3818
1539
3207
4003
2243
4382
1268
2365
1146
1660
1734
2925
2929
1906
1823
1567
2420
2635
2910
1914
1809
3626
1863
2598
2242
3154
2134
2221
2844
2222
3679
1301
4277
3460
1474
1517
1588
1564
1755
2172
1499
1258
4396
3346
1805
2478
1360
2010
4703
2885
1417
2150
1871
5768
2443
2139
1459
2010
2476
3937
2276
1539
1402
1216
1764
3043
2842
1827
1358
1879
1932
3674
3374
2979
5290
1399
2419
3785
4530
4913
2646
1113
1154
2678
1384
2984
1711
1009
1463
1530
2664
2509
3225
2517
1622
2337
1111
1409
1942
2116
3613
2033
2364
1817
2325
2887
3759
1550
1390
1367
2070
1551
2061
1472
3183
3270
2796
2954
2946
1337
3489
3524
4192
1769
1231
2099
1285
2453
2964
2812
2271
3656
1900
2546
2753
1637
3684
3264
1795
1973
2330
3043
2097
1520
1783
4589
2190
1379
4943
3334
1451
1359
1691
3263
2206
1274
5740
2278
1790
2850
1553
1843
2685
1976
3448
1516
1298
1708
1025
3208
2470
1635
2073
1682
2104
2673
2573
5265
2739
2033
2235
2012
2417
868
3267
1852
1682
2912
1834
2647
4098
2533
2278
1476
4419
2437
903
3590
2627
2540
1676
2321
3609
3144
1973
3056
2768
2554
2504
1929
2438
2821
1835
3120
1437
2430
2592
1312
3085
2005
1708
4932
1511
3903
4216
3882
2193
4090
3789
2277
1527
4362
2003
1443
1720
1011
2583
3574
1860
1312
2288
2400
2314
1309
3241
3220
4183
2509
1961
2435
3669
3378
3133
827
1887
2308
2807
1741
2544
2706
786
2147
1688
1058
3179
1223
1853
2121
3806
3242
1584
1293
3953
3313
1190
2522
1914
3859
2068
2595
1719
2362
3409
2213
1713
1934
2099
2982
2193
1631
2328
1612
2473
2692
2204
1775
2080
1800
1774
1604
2469
2806
2853
2830
2801
3159
1672
1905
1278
2733
3160
926
2501
2513
861
1993
1708
3002
1877
2009
1670
3179
3032
1656
1922
2918
2609
2127
2409
6702
1853
1459
1921
1758
2825
2341
3114
1477
3628
2465
4285
4770
1677
2887
1590
1854
2467
3086
1510
3180
3474
1302
1877
5252
3785
3372
1367
2541
1618
4617
1764
4188
3720
2073
2290
2120
2223
3018
2613
3513
2190
2042
2543
2437
2340
2239
5099
1866
1837
2527
2615
5039
1972
1019
3347
3069
1963
988
4394
924
2193
3415
3774
1443
2249
2243
2641
3481
2651
1815
4249
2829
1523
3376
608
2094
2327
1630
2571
4827
2637
2204
1314
5730
1785
1461
5104
1250
1171
1242
2100
1723
3175
1408
1208
1681
1573
2457
1240
1166
3063
2428
1230
2172
4075
2919
2727
1023
2570
1664
1604
2136
2760
1596
3918
2246
2634
1172
2374
3548
3832
1855
5878
1978
1245
3397
2208
1551
1893
2013
2064
1097
1343
2621
2559
3510
981
1739
2073
1877
4830
2230
2845
2396
1745
2098
1213
1457
5747
1598
2732
4327
1274
2448
2233
2569
1886
1901
1690
1421
2823
2187
2882
2185
2474
3910
1993
2317
1094
2775
3797
1362
2012
2294
1713
1436
2379
3691
5277
3876
1362
2268
2127
1724
3259
3133
1716
1212
1196
1732
1302
3516
2458
1621
1970
1863
1548
4204
2787
1408
3031
1267
2642
2099
1621
2627
1355
1166
1969
2027
3530
2008
1811
1216
3233
2415
4014
3081
2941
2976
4467
3972
1907
2319
1120
2322
1970
1910
1058
1069
5069
1895
1919
1555
3133
1781
2178
1683
2142
1686
2734
3591
2669
2893
1246
1083
1686
4952
1486
1182
2174
3292
2581
5468
1033
1792
1456
1723
1894
2079
2255
3031
2023
3515
2230
1137
4444
1954
2061
2912
2434
2082
2153
2909
3331
4639
2268
2506
2903
1649
2595
2221
768
2309
2430
2215
2066
2843
3245
2376
2560
2767
1889
1248
4032
3319
2732
2692
2210
3121
1551
7963
6617
3125
2969
3190
3758
2934
1873
1445
2528
1593
794
2174
1580
3398
2117
1630
2632
8869
1538
1587
2183
1484
3081
2091
867
3596
2299
3177
5206
3739
3212
3385
3623
2344
2412
2448
3699
1434
2904
877
1616
3343
3608
2071
3528
2666
2654
2410
2875
2574
1787
2100
2136
3370
2189
2433
4107
1711
1316
813
2235
2332
3211
2704
1589
2316
2123
2843
1251
3534
3192
1976
4446
2155
2773
1762
3293
2121
1897
2274
2978
4510
2270
3738
1295
1408
2069
3403
4565
3662
1957
2009
1168
3919
1602
2269
1906
3208
2313
3193
1722
2949
2292
2722
3672
1619
4057
2605
2443
2437
1717
2752
3151
1710
3095
2566
1394
2222
1275
2340
2540
1413
2164
2494
1116
2750
2180
2496
1398
2748
1164
1748
2078
1916
6045
2007
3374
844
3145
2571
1713
2895
2154
3635
1790
1719
2368
1982
1557
921
3102
1696
2583
1983
4187
1827
2666
2596
1870
1128
1231
2972
2161
727
1311
1913
3443
2939
876
2105
2318
2349
1607
2157
5465
1483
5546
1970
2726
2937
4017
6305
2321
3588
1578
1366
2532
2501
1129
1348
3316
3645
3932
3973
3608
3029
1710
1684
1304
4285
3448
5591
1431
3081
1243
1524
1378
1203
6983
1501
3599
1362
2697
1553
1322
1449
3006
1436
1431
1450
1789
1723
5114
1588
2341
1611
2752
941
2222
2332
5772
3116
3426
2667
1944
1765
2158
2336
3727
2770
1321
1382
1283
1869
2817
2768
3458
2210
2003
1820
4675
1903
1262
2826
3454
2266
2174
3796
2051
3802
3753
6231
1723
2600
2459
1352
1652
1400
3285
716
1549
1505
1836
1302
3771
2458
3007
3109
2870
1236
1499
2476
1124
1989
2379
2733
1990
2365
4846
2981
6020
1665
3079
4785
2911
1105
1163
2033
2688
1820
3367
2441
2999
5451
3059
3336
1923
2121
1854
3881
7554
2423
2364
2214
2246
1974
1460
1703
3918
1186
2487
1918
1576
3162
2239
2309
2724
3254
4042
1453
2760
2018
3618
1737
1656
1721
2350
2860
2604
3881
2528
2011
2863
1967
1443
1839
1673
5274
5783
2452
1835
2515
2478
1567
980
1852
1554
2572
4530
3198
2851
3269
1877
2015
2379
2775
2051
2118
2465
4222
2219
1424
2175
1263
1991
1951
1337
3333
2124
1761
4509
3609
2058
3826
2169
2140
2824
1413
2219
2340
1751
2141
1438
1844
2230
2234
1417
5007
2184
1694
1735
2021
2841
3069
1860
1543
4494
1303
5928
1542
1320
2279
3950
1781
4818
1346
2969
1289
2735
2321
3206
1986
1782
2618
1833
3006
1889
1734
2198
1529
1695
4330
3199
2049
2505
3923
2106
4129
3687
2641
3698
5304
1253
4246
1827
1182
2170
1845
1894
1903
1490
1716
2224
2553
1406
3791
1888
2389
2275
1521
2931
2247
1701
2549
1500
3902
1443
1598
2904
3091
2254
1558
3257
3578
2398
1060
3551
1565
4054
2566
1873
1681
3420
1513
2897
2493
3180
3737
2242
2850
1154
2342
6413
1995
3169
1294
3481
1457
798
1717
2371
2634
2384
2290
2759
1712
1583
2194
1243
2594
1165
2770
2222
2985
2184
1756
2276
2853
2917
1921
2789
1508
2229
1423
1656
3681
2232
1317
1688
1786
3181
1916
3755
2424
1364
3551
1547
3714
3419
1671
5180
2977
1434
2271
3554
2971
1457
2683
3432
1602
2868
1611
1740
3596
3750
2170
4872
3024
1321
4019
2651
1770
1510
6395
3825
1623
2786
3065
2570
1474
2872
2045
3092
2207
4217
2739
2417
3131
3030
2631
2346
3634
2320
2862
3129
2505
1765
1728
910
2181
1989
989
3647
2213
1749
3717
1083
3115
2172
2530
2244
2369
2537
2112
3784
5482
1271
2242
2971
1007
2456
1581
3143
2358
2612
4005
2246
3549
3675
2269
1798
3226
1408
2163
2766
2727
4082
1922
2926
3032
1695
2329
1729
2333
1301
1093
2972
3775
1932
2664
1871
2234
1800
1921
2898
2023
1083
1944
1868
2488
3960
4184
2312
4392
4044
1848
2450
2483
2201
3480
2651
1154
1287
1260
4198
1806
4274
3581
2980
2038
2507
2960
2013
1388
2718
2535
2759
2215
3916
1436
1956
2525
1638
1865
1815
2464
2434
1453
2382
5010
1861
2362
1352
1843
2616
1424
2015
2514
1979
3426
3112
2882
1473
1477
1867
3170
4317
2360
5677
3822
1243
2235
1437
2000
1737
1627
1941
2618
3316
5002
1251
1597
3601
2212
3123
2150
1844
5963
3334
2655
3224
1851
3163
2467
1207
6209
2130
2690
2430
1767
1694
1565
2916
2503
1782
2629
3337
1621
1976
1585
2353
1819
4337
1749
1895
2258
2205
1668
3075
1619
2264
3960
2532
3113
1590
1704
1136
2144
4044
2676
3198
3331
2350
2159
4356
787
4521
4464
1699
2692
3242
3461
1444
1854
2504
1735
2673
2340
3429
2143
2751
2936
5111
1117
3322
873
2161
3713
1595
1806
2515
2207
1190
3991
1707
2221
945
1249
2153
1241
1840
1958
2893
1661
1921
2895
2513
2079
1947
2220
2468
2639
2082
1109
1359
1843
2938
873
3902
2251
2213
3983
2656
1593
2596
3737
3044
2818
2112
2646
2536
1907
2410
2252
2147
2382
1573
3140
1712
2339
2035
2699
2385
1575
2889
1486
2625
1488
4410
2917
1683
2679
4467
2568
1270
2480
2707
2225
1790
1857
1943
2358
2292
2537
1821
1348
1997
4595
4655
3296
3407
3794
2214
1862
1457
2368
1525
1857
2283
2409
1807
4121
1380
3894
2254
3298
2647
2285
3838
1694
794
1856
2047
2727
1604
3184
1802
2346
1329
2810
2161
1478
1697
1945
5895
1851
3209
2319
1529
2232
720
3744
1603
1950
2021
2135
1506
2022
2570
2204
2398
1368
1329
6306
2358
2394
1682
2414
2481
2076
2010
2746
2055
1469
1673
1697
2065
3497
1695
3102
1169
2089
2312
2325
1273
2638
2204
1017
3101
4038
4319
2998
2525
1762
3518
1583
2950
1645
2059
2106
2001
2154
1852
2789
2674
1638
1178
1455
3226
3087
2193
2850
2304
2107
1116
1949
1996
2357
1846
3712
6075
1972
1473
2546
903
3536
7258
2546
1333
3092
1909
1452
2832
3085
2900
1298
4084
1618
3405
2179
3912
3017
1115
1965
3378
2080
2803
1008
1893
1379
3203
1356
1078
2468
2032
1977
4060
2345
1462
1373
2757
2089
2703
1224
2932
1562
3758
1888
2466
2342
1531
3282
2769
988
2604
3119
2157
2871
2448
2393
2450
3265
1961
3530
1798
2186
2603
2246
1832
3767
3541
1347
994
4005
2153
3196
4223
3710
2507
2955
3464
2262
1266
2303
1804
2987
3298
3688
7499
2564
1912
2056
1838
2660
1970
1226
1620
3062
5113
1378
1093
4662
3904
2304
1584
2388
2669
1456
1564
3094
2621
2996
2252
2122
1886
1592
2681
1583
931
1485
3042
3531
2299
3485
4613
3214
2006
1476
1620
1328
5458
3959
1283
2231
4651
2132
1716
3266
2282
2249
2228
3284
2673
1989
2778
3243
2125
1411
1566
1600
1334
1419
1376
1859
1051
2139
2350
882
1829
1184
4609
2342
3550
1867
4777
1906
4527
1726
2444
1622
2466
3256
1792
2452
986
2360
2464
1289
2986
1195
1568
4254
2366
2059
1165
1457
2636
1204
1188
1450
1883
3297
2634
1530
2120
2074
1247
3687
2134
2146
2342
2478
2156
1369
3865
4750
3408
1274
6726
3397
4828
1085
6259
2852
1410
2352
1455
1990
2682
1302
2361
2084
1586
1794
2084
1548
2983
4348
1438
1782
1708
1596
3495
2587
2059
1103
1603
4078
2240
7205
1147
3846
3304
3964
2194
1495
1672
1778
1615
3043
2851
2424
3171
2158
4475
1404
1670
6306
3513
2649
1546
3210
1614
1550
4034
4308
2074
1359
2522
2434
2010
2680
1683
1121
1725
4605
2067
4092
1583
1406
3453
1980
1650
2346
1329
2206
4407
3623
2093
2514
3233
1442
2978
1713
3599
1794
1015
1750
1420
1629
1761
3555
2348
2988
4584
2900
3063
4273
1346
3347
1305
1917
2980
1376
2350
2329
1430
2134
1472
2061
3859
1009
1680
1260
4321
4379
3520
2026
4498
4509
1159
2594
1653
1455
1095
6087
1713
1155
2829
2564
3608
3115
4215
1125
1407
1289
1260
1824
3017
2817
2645
2395
2552
2155
3888
3207
2198
3978
1227
2879
2869
2194
3974
1945
1793
1586
2263
3441
1547
1768
5785
1207
2289
1555
1653
2430
1682
2216
1501
1470
2611
1360
1725
1467
1934
2365
1479
1004
1984
3014
2101
2318
3568
1855
2654
2235
3304
2154
2945
1666
1987
2711
2034
4952
4350
2001
1880
1643
4220
7410
1344
1909
2154
2445
1533
2342
1222
3023
2730
1082
1340
3696
1843
2261
2232
1865
3658
1387
4652
4862
1373
1731
1314
1732
2256
2082
1031
1370
2528
2790
1991
1896
5268
1683
1875
3204
3296
3600
2554
5193
2562
1354
3196
1842
2214
5706
3495
3551
4160
3377
3252
2408
3159
2338
3615
3463
2274
10178
3162
2818
4273
1483
3696
1738
1904
2644
1562
1962
2347
3056
2746
1768
3401
5091
2333
5307
1665
2224
2368
1203
1393
3051
1844
951
2255
2115
1719
1807
2919
2279
3844
2066
2780
2115
3590
2180
1987
5233
5306
3475
2697
4054
1152
2374
3240
3351
2492
3463
2711
1734
1797
3685
2089
3528
3079
1506
1169
4232
3469
2522
3638
1924
1633
1230
2086
1792
2134
2333
1623
3069
1876
4762
1752
1618
2254
2960
3509
3414
2042
1667
1870
2893
1866
2104
1162
2015
2493
2648
6984
2469
2344
1678
2928
2453
1155
3588
2319
4159
2790
1775
3005
2768
2451
2956
3125
1562
3041
2169
2799
2128
1698
1529
1401
3351
1900
2957
2281
1808
1359
2439
2453
4204
3288
2418
2790
1584
3612
1748
1900
9065
2753
3359
1149
3291
2671
3006
1596
2165
1888
1894
2495
1601
1606
1361
2714
1489
1696
3435
2504
1551
5421
612
2853
1439
2176
1299
1825
2708
2371
2829
1717
1618
1412
1410
2149
1136
2472
3353
1137
2804
2763
1247
2931
1903
3162
1217
2251
2437
3308
1991
2627
1871
3575
2806
2044
3923
1582
1225
4136
3372
1539
3536
3825
2758
2539
4830
1166
3925
1653
1999
2808
4142
1508
2150
3633
2201
3725
1711
1675
1388
3456
1945
1367
3715
3178
3821
2137
2508
1871
1893
3595
2164
1982
3227
2860
3343
2091
1243
3150
3815
3643
2906
2369
1618
2320
2872
2319
1268
4238
1607
2565
1708
1651
2473
1461
3226
2448
2183
2013
2008
2856
1446
3092
2409
7100
2482
3423
2380
4198
2751
3436
1441
5791
4405
2206
2505
2603
3842
1518
1137
2232
2243
2437
3602
1576
2158
3914
2344
3555
2682
1840
2757
2389
3564
1440
5005
3938
2000
1393
2385
2271
1326
4031
1998
3929
1835
2627
739
2532
2099
2968
3620
2533
2494
3071
2838
1736
4251
4040
2892
1980
2648
3462
1222
1649
1653
2158
1298
1085
832
2751
2774
841
2452
2366
3897
2397
1259
1627
1665
2787
3093
3708
4587
1764
1211
1975
3479
1646
2658
3323
4029
1440
1614
3435
2863
2570
3189
2928
1745
3052
3622
3128
1879
3443
3219
4423
2795
1518
2392
3886
2566
1306
2418
2943
2187
5118
2615
1774
1898
1692
1784
2523
1914
1351
3685
1450
1512
2456
1115
1869
2905
2201
1237
3680
2411
4052
2760
2899
2194
3766
2370
2157
4022
3293
2486
2170
2947
2385
2048
3336
1514
1586
2397
2060
5046
3700
2128
2731
2737
4825
3983
2385
2634
1144
2416
3100
2505
1691
2231
2565
1709
1729
1303
2069
1615
2801
3109
3053
4479
3366
1426
2084
1674
2730
1759
1328
1811
1628
2089
2395
1555
1158
1417
3835
932
1551
3866
1116
3291
1797
1616
667
3655
2691
1511
2328
2488
1615
1288
1403
2431
1515
2171
4185
2197
3354
2255
1872
1717
1930
2642
1412
1200
1701
2274
1772
3989
1561
3848
2364
2006
5573
2708
3194
1050
1513
3784
2149
2568
2204
2906
3073
2778
5299
3570
5636
2419
1843
2509
1424
2247
3070
2428
2703
1738
2056
1893
1698
1765
1779
3570
3940
3037
2928
1957
1235
2426
2830
1322
1630
2872
2381
2957
2691
1706
2914
1332
2270
1363
1933
2303
3094
2179
3557
829
1719
2297
1709
887
1520
3001
1452
1566
2316
2253
2282
1592
3237
2760
2157
2003
6765
2581
1747
2086
2119
2326
3817
3680
2642
2275
2982
2166
3962
1296
1845
1258
1667
1625
3244
4051
3129
865
1833
1389
1171
2169
2529
2657
993
2397
1886
3326
4113
3312
1571
1781
3974
1076
4389
936
1740
2601
2977
841
1453
2033
2582
2131
2068
2806
2563
2337
1999
1734
1097
1837
1443
1980
2651
2685
1414
3612
1850
1202
2251
1000
2224
2101
3495
2411
4492
3939
1520
1274
2931
2533
2478
2680
1513
2406
2728
1266
1002
2161
1681
1663
2065
3370
2543
1816
3877
5331
2975
3066
2008
2843
2269
3340
958
2726
2452
4520
4617
1884
1349
3188
2332
1929
3026
2713
5251
1878
3683
1107
3490
2020
2947
4926
1299
2112
2295
2479
2329
2902
2882
1599
2068
2159
2987
2313
3567
1697
2505
2039
1731
2307
2686
3252
1395
3272
1754
2254
2210
1967
3758
2036
1312
1139
2781
2543
3580
1989
2986
4719
2191
1830
2629
1710
937
4739
3324
1110
2883
1576
3288
1538
1918
1640
4998
5500
2518
2428
2161
4696
2673
1149
2536
4011
1826
5622
2509
1842
2544
1589
2532
2417
1767
2177
1029
2695
2897
1689
2038
1634
2054
1737
2064
3267
1660
2659
3639
2232
2845
4073
2404
1916
2775
3826
1541
1326
3360
1301
2556
4200
2601
2574
3278
1667
2004
2771
4590
1914
940
2373
2477
1532
2485
3240
1475
1980
2442
2916
2795
3333
2185
1539
3840
2213
1865
1533
4422
3833
2532
2127
1277
1743
1810
1692
2789
2191
3164
2019
1639
4425
1693
3003
3115
1795
2437
1238
2973
1855
2830
2251
1268
3121
2110
1633
1483
1847
1587
1684
2313
1849
1188
4323
870
1443
3136
4284
1844
2147
1347
2693
2194
2719
2716
2673
4350
1923
1675
2977
1277
2418
2904
1483
1767
1496
3202
3280
1318
3739
1770
1675
1350
1839
2819
2389
2809
2750
1425
2818
2681
2910
3932
3490
3196
1697
1815
1335
2284
1884
3012
1174
2019
2836
3485
1900
1829
825
4337
1670
3054
4110
1028
3100
3126
2134
2897
2419
1987
2493
2152
2721
3540
3502
2219
7366
2729
1797
1674
2100
1705
3173
1353
1963
1609
3502
3089
1579
1247
2156
2196
2884
1702
1879
1966
1903
1486
1022
1246
2407
2141
1701
2252
2516
3264
1304
2061
2096
4291
1659
3983
2190
5690
2143
2310
928
1178
1598
3764
2310
1525
2480
3161
2855
1712
2184
1433
3315
1697
1609
1581
2789
1976
4471
1302
2453
2153
2217
2596
3087
2230
1669
3570
1969
2070
964
2713
1995
1406
1594
2352
1537
1963
3005
1974
3765
2148
2131
1442
2137
2282
2087
2325
4809
2234
2373
3834
3378
3231
1848
1549
1156
1502
3793
1490
1637
2646
1577
5114
2684
1965
2011
3463
2296
2128
3432
1684
2489
2260
3226
1794
2191
3825
1221
2818
2079
1941
2171
1142
1370
3417
2952
1377
2974
1213
3794
2243
3865
2031
2979
1657
2958
1640
3108
1046
2251
1635
1992
2817
1588
1947
2531
2038
2680
2217
1902
2357
1722
1293
1267
1878
1705
1441
1496
1539
2006
2499
2115
1660
1213
3438
2848
1089
2914
2642
1660
3890
3356
1406
2863
3537
1859
2515
2046
1536
1757
5104
2059
2028
3101
2687
4284
1365
2049
2831
2721
1741
1752
2503
5098
4948
3772
3888
3099
944
1356
3621
2069
1575
4471
4064
1280
1551
2512
1964
1831
1133
1312
5713
2317
1856
2241
1570
2396
1712
2524
1498
1535
4293
1887
3482
1533
2758
3145
3355
3031
3171
1117
2017
3035
1956
3561
2415
1872
1755
2270
2630
2369
1945
1845
1594
1917
1734
1618
4950
2922
4898
1884
2104
8057
1214
3751
3650
1907
2728
3692
6293
1909
2479
2689
2408
3025
1460
2216
1321
1500
2082
1325
2834
1795
3415
3413
2721
2738
1780
1788
2352
3082
2793
1495
3155
3596
1625
3380
1650
3454
2167
1844
1741
1720
2421
3239
2666
4322
721
2157
1199
3207
1836
2125
3295
1480
1670
1091
1996
1394
2040
2122
1633
3552
1942
2887
2186
2750
2874
2176
3745
2617
1687
1251
2146
3168
1953
3713
2381
1664
3005
2917
1011
2983
1201
2927
1196
2364
3398
2069
2091
1762
2490
4108
2196
1193
3096
2241
2314
1304
2085
3317
1779
2436
2300
1699
1882
1956
2407
1328
1966
2924
2522
1702
2830
1973
2229
2562
4973
1337
1772
2289
1921
3722
1352
2508
1316
2434
2523
1732
2143
1155
3563
1642
2632
2776
1111
1225
3102
1309
3311
11117
3328
3091
2553
1628
3255
2986
1711
4094
3046
2054
1302
1730
1409
2017
2878
1406
2822
2077
3925
1945
1622
1429
3131
1759
1341
1700
1179
3269
2132
2135
2147
3404
3816
2224
3054
862
1985
3368
1608
1971
3118
1887
1786
3722
2727
1931
1588
2154
772
2961
3409
5790
1815
2262
1577
2854
2780
2072
4018
1518
1395
2955
1158
1538
2015
1638
1852
3210
3197
1255
5766
4880
5106
1386
1368
2795
2052
1529
2588
2256
3371
1349
1407
1596
3857
2965
4762
1928
1528
2010
3662
1567
2243
6166
3971
5684
2598
3428
1796
2305
2133
4182
1365
2242
2871
1016
2456
2764
2554
2610
2507
3149
2511
1504
2533
2691
2005
2494
3077
1795
2889
2166
1899
1532
1577
986
3364
2017
1375
2136
2300
1591
1811
1969
1763
1693
1271
2586
2449
2210
2922
1844
2618
4810
3202
5213
1065
1818
1322
1647
5428
2470
1987
3779
1230
1508
1515
1583
3051
3054
2922
2527
7516
1933
1790
2130
5663
4303
4565
2144
1415
1806
4053
1272
1905
1569
3023
1405
1527
1562
1641
4230
2157
2406
1759
3694
1286
2045
3610
1515
2200
2847
2410
2047
2594
3377
2273
4700
2446
2940
1782
3146
2274
5762
3089
1913
5074
2002
975
1996
1356
3151
3213
2902
3145
1590
2706
3411
1828
1146
1389
1710
2308
1232
1675
2648
3452
3342
2391
1835
2053
3353
2388
2131
1313
2862
2271
2630
4097
3162
3133
3578
3974
1461
2380
3236
2133
3070
3005
1586
3523
1874
1696
1508
1090
3084
1371
2095
3633
1606
2005
2223
2114
1656
2495
3530
3203
2008
1845
1008
3525
2498
1490
2300
1450
2033
1064
3140
1069
1418
1385
1185
3388
1412
2058
1626
2231
3096
2215
3904
1281
2033
2513
3964
1106
1272
2861
4039
1745
2530
1805
2086
2749
2556
1735
2325
2349
1896
2510
3356
2394
1043
2990
2328
865
2264
2487
2655
2179
3393
3466
2920
2427
1805
2128
2911
1403
1593
2020
2522
3100
2564
2407
1914
4253
1701
2732
1497
1990
3037
1847
4320
2868
3626
1936
1590
1802
2199
2240
3056
2226
1854
1825
2695
1347
3357
1785
2157
2683
1407
1841
2326
2443
3044
5900
2253
1780
2474
4228
2480
2785
3087
1768
2428
2617
2198
1053
1829
2661
3351
2044
1082
1214
2716
1642
2273
5877
4241
2812
3239
3579
1732
1801
2373
1789
3929
4412
2163
3097
2477
2098
1736
2517
1829
1579
2841
1054
1901
1086
2043
1860
1928
1227
1671
2716
2531
1841
3737
2636
1293
3850
950
4138
1595
2717
2145
6324
2759
2391
1668
1271
2712
1487
1444
1670
3701
3432
3026
1998
1365
3843
2630
2409
2993
798
1194
3691
1442
2121
2010
3707
1471
3675
1804
3634
2097
2457
2223
3191
2231
2015
1465
1513
5107
2711
2876
2212
1480
1104
1357
1681
2116
4124
5379
2128
1913
986
2829
2114
2533
1614
3019
2197
1945
1646
2259
2169
2320
2551
2121
3235
3481
2345
3485
3868
2008
2717
2201
3381
3019
3095
1318
2052
2911
1965
2232
1792
2504
1497
5947
2089
1629
1765
1746
3907
2219
3148
2249
2221
2393
2314
1739
1057
5881
2697
1681
1212
2589
3269
2509
1984
2060
1804
2233
1518
2568
2190
4084
3247
2229
3782
2974
1599
4486
2225
2911
2321
1734
2285
2437
1769
1532
1453
1340
2957
2909
1999
1951
2351
2933
1522
4200
2939
864
2262
2026
2974
1713
5960
2112
1810
1587
1565
3380
4365
4597
4216
2375
1417
2265
2389
1541
1476
2893
1410
1446
1870
1953
2438
2354
1291
2883
2450
1146
2044
2450
3365
1433
2718
2480
3469
2922
2492
2566
2476
2021
1694
3507
2837
2245
4519
3057
1988
1613
1456
1884
3152
1911
1312
3696
2812
5686
2242
1707
1247
1682
3201
2356
1653
3384
4065
2336
1816
2660
3409
1494
1906
2269
2822
10287
1551
3094
4306
3288
1185
3783
2003
1536
6186
2254
1962
2382
2160
1683
3287
1494
2486
3025
898
2980
4211
1439
2697
2003
3028
2296
2387
2636
1869
1431
2142
2383
2991
1700
1507
3715
3854
2986
3915
4105
2360
4080
1586
2323
1367
4731
2361
2165
1257
2184
2458
3085
1662
1669
4064
5423
2507
1560
1353
1855
2515
3322
4725
3255
1276
2211
3935
2106
1746
3323
2246
2961
2289
2932
2549
1490
3247
5993
1479
2837
2300
2339
2256
1456
2800
1822
2237
3073
1157
1105
2535
3561
1224
5613
2816
1424
2181
1237
3856
3499
1169
2484
2846
2996
1137
1366
4206
2492
2755
3171
3878
1920
2021
2229
1472
2433
2375
4561
4174
3489
1189
821
3103
2379
3619
1596
3361
3118
2481
2772
1804
2896
2476
1331
3026
2164
4357
4707
1188
2986
1084
2834
4754
3067
2863
1453
1727
1578
1297
3047
1757
2015
1554
1688
5701
2090
1561
1621
1766
1683
1045
933
941
2404
1863
1222
1216
1965
4065
2257
1724
1581
2276
3855
2147
1508
1818
1861
1123
1734
2700
853
1746
3681
1759
1491
2590
1068
1215
2015
1775
1409
2119
2070
825
2171
2245
4517
2872
2275
2262
1473
1403
3041
2484
2769
1725
4732
2718
1546
1467
1905
3378
1943
1404
1435
1313
2496
4501
3348
2332
2835
2705
2665
2648
3688
1818
1625
2200
1099
2317
2856
2757
1775
2002
1921
1821
2488
1251
5137
4106
3523
1785
2666
884
2406
2519
3285
3289
1531
2135
4389
1227
1523
1549
914
1986
2287
1868
1898
4828
1900
1268
2386
3261
1852
2024
2353
2527
2714
2176
1756
1270
1312
1950
2339
3624
1444
1658
1176
2254
4444
1382
4984
3936
2538
2470
1582
2751
1488
1807
3466
2040
2206
1545
1792
2462
1961
1910
2479
2073
2829
2895
4843
1173
2175
1946
1888
6406
2314
1956
2342
2868
3084
1621
4917
2946
1955
2480
1864
2767
1792
2092
1993
2777
1203
2234
2068
3937
2162
2607
1546
4053
2128
1149
1543
1982
2365
1482
3691
2068
2411
1246
1603
2339
1898
3034
1222
3214
1599
1092
2587
2356
3005
7351
678
3179
3086
1727
1738
4232
1826
2100
1873
2844
1261
872
2484
1502
1401
1574
1644
3807
2293
2967
2026
2004
2932
1885
2294
1958
1275
2492
1271
1679
3027
2698
4817
2483
1406
3263
1944
2961
1114
2099
1972
2178
1763
3739
1433
1514
1393
3354
2779
1070
1306
3307
901
2071
2699
2999
1222
1580
3372
1995
3307
2139
1106
3541
2146
2243
3693
1838
4088
2408
3723
2173
2066
2038
1632
2294
1418
2517
2318
2082
1711
2368
4965
2641
1575
3933
3819
1495
1137
3300
2115
1788
1608
2750
1891
1966
4721
1999
2027
2947
2081
1759
1456
1275
3158
2754
2716
4233
1754
2335
1240
995
2012
3625
2506
1913
6635
1653
4078
1083
1908
3135
3278
3206
1028
2278
1665
1195
2056
1791
3086
1523
3524
1842
1142
2656
5263
1051
1340
4649
2574
1061
3698
2531
3920
2946
2820
1482
2000
2850
1246
2748
3199
2110
2035
2088
2167
1085
803
1170
1993
2279
5021
2370
2385
4189
1585
1087
1722
1727
2772
3483
1284
735
1282
5376
2947
4799
2008
4013
2928
3417
1489
2273
2270
1321
1631
4512
2101
952
3230
1922
2994
1900
3677
3955
1867
2936
3259
1941
1750
945
1781
2476
2829
1950
1871
2510
1617
2642
3511
997
2839
3880
3289
2398
3695
1780
935
2440
1512
4229
2026
3178
2827
2032
2151
3256
1978
1727
1568
1420
3555
1082
2652
3800
2860
3159
1658
1799
3974
2184
4001
2289
2486
1832
1493
2067
2984
1865
3091
2596
4134
3799
1885
1758
2261
2643
2007
1382
4152
4780
4446
2910
2745
1978
2209
1313
2257
2223
2408
2002
2135
2206
1545
1716
1688
1905
4425
2593
2010
1763
2325
1604
2686
3388
2609
1789
2342
1153
1177
1558
2878
2258
1879
2100
1660
932
1437
1240
4171
1619
2325
2736
1467
2659
3355
2032
2387
2051
3368
1861
2163
1103
2358
1837
2432
2413
1574
923
3334
1825
2320
2640
3525
2532
2102
5947
4013
2099
4943
2560
2360
2071
2055
1557
4737
1475
2617
3429
1626
2528
2960
2128
5445
1651
3851
2266
5118
2035
1790
3095
1682
2512
2063
2214
2289
1244
1348
3186
1862
3859
2640
2677
2289
1848
2512
3396
1236
3318
1180
3066
2231
2776
1167
2627
1766
3608
2001
2262
1903
2536
2954
1963
2455
3115
2000
1865
2865
3022
1628
2702
5002
1427
1279
1419
2069
1582
1988
2875
2407
2487
2476
1726
3421
1318
3284
2893
3449
1659
3178
2579
3518
1842
3469
1575
1491
2496
1397
1458
1374
2357
2053
1398
3300
2099
1175
2632
3832
3496
1718
2210
2189
2038
3977
2361
1894
2142
2866
1894
2102
1447
2039
4662
4205
2244
1921
3115
4785
3083
2979
1374
4208
1847
2720
3085
5392
3694
2916
3319
1016
2511
1718
2791
3133
3455
3821
2072
2063
1720
2281
4741
1992
2732
1354
2661
1542
3131
2247
1421
2896
1712
922
5675
4364
2198
2259
3023
1719
3288
5706
1850
1733
3371
2030
2860
1597
3333
2554
1657
7055
1508
1805
3597
2284
2927
2083
1443
1445
1925
2758
2151
1009
2036
1929
3378
1700
3121
1686
2981
2223
3755
2074
2687
3221
2060
1767
3714
1256
1589
1081
3333
3398
3736
2448
1271
3725
2027
4051
4766
1375
3057
2687
1863
2355
2248
4703
4989
3261
2371
2352
4048
2743
2515
4554
2099
2708
3351
1792
4110
1569
4625
1773
3215
3376
3886
1241
1396
2591
1851
3394
3786
5051
2888
2412
1507
2069
2929
1246
2045
3364
3605
3546
4709
2635
3760
2258
2657
2119
1381
3498
1500
1810
1302
1292
3102
1707
2192
2503
2049
1712
1846
2087
2312
6141
1983
1551
2122
1068
1155
3614
2845
4759
1779
2742
2334
2941
1710
1845
2594
2112
2049
2648
2277
3043
1925
3465
1196
3329
2526
3349
2617
3719
5271
1143
2383
2328
1145
1497
2833
2306
1427
3736
1290
961
1944
1520
2896
3302
1395
1845
2461
1428
3888
1764
2655
2152
2275
3195
1534
2178
2536
1561
3554
1516
1717
2023
2328
1997
2288
1619
2158
1091
4244
1876
1708
3282
2462
2197
3027
3368
3428
3368
2016
1868
2254
1731
2964
4416
2384
2408
2483
1058
1689
2347
2069
2201
3402
2699
1289
2199
3602
5462
1370
1264
3754
2708
2415
1362
2502
1453
6018
2474
1692
1660
2257
2569
1903
6743
2485
6086
1398
2617
1854
1963
2304
1277
1129
4006
3047
1840
1930
2128
3430
1258
3646
1453
1745
2078
1763
6074
3183
2429
3790
1664
2485
2605
1516
3773
1919
1382
1871
4216
1633
4219
2251
2458
1846
2544
2642
2189
2368
2976
2841
2322
2431
2084
2562
1895
1375
2614
2137
3750
2085
2254
827
1517
1985
2991
2201
1556
4266
2968
1644
2400
3233
1371
2147
2471
1455
2303
2788
3306
2674
2660
962
1966
2684
1794
2777
1772
3751
2375
1633
1929
2503
1609
1986
1444
1142
3546
3389
5446
1544
5712
1168
2293
4032
3462
1574
1762
1836
2064
1717
2748
1414
1835
1185
1881
2157
2288
4530
3093
2626
2029
2846
1759
1965
1402
2073
2808
3670
1256
4590
1395
1907
2287
1249
2076
2249
1765
3846
2822
1522
1744
4224
2174
3594
1861
4362
3326
1669
1100
2546
3152
2429
2669
1740
1267
3476
1618
1771
2423
1920
2491
1706
3440
1403
3563
1620
3469
2614
1397
2778
1759
1347
1649
3093
1541
3069
1099
1140
1713
1790
2110
4506
3629
2018
1677
1914
1644
2931
2435
1642
1033
1466
1914
3975
1529
2214
2426
4554
2370
1626
2779
1517
1145
2134
1653
2510
3697
4219
2517
1661
1473
3471
1865
3683
1130
2881
3263
2817
3359
1623
2850
3426
5673
1701
3514
1688
3070
1152
1493
1755
5376
2498
3202
1380
2525
3647
1698
874
3674
3676
2453
2633
4345
2598
3027
2212
1580
3007
2780
1486
2143
2582
3453
2393
2032
2506
2542
2690
2028
4629
2846
2952
1437
4987
2042
2400
3840
1864
3143
2950
1879
1941
2214
3336
2360
1642
1893
1675
1986
3554
1640
2207
1981
3902
3036
2011
2122
2282
1885
3799
2642
2493
1116
1489
1804
1961
4274
3526
1956
2036
2461
1849
1625
2045
2626
3611
2976
1107
1753
2087
3496
1834
845
1962
2452
2079
1519
1951
2789
1646
1302
1503
1640
1701
1709
1596
2401
3241
2654
1159
3347
4298
2445
4274
1215
3437
2049
4317
3335
2008
2899
2280
2470
1778
2114
2003
1344
1551
1934
2129
2257
1916
1708
1182
3236
1281
3126
2124
4816
1973
2698
1026
2907
2200
1195
2769
3228
1702
2991
3131
2268
1792
1698
3800
2003
1701
1965
1593
4311
2078
3041
4115
3043
3536
1684
2357
1466
2728
5115
2406
1807
1471
5122
4873
2902
1538
1597
3062
2296
2076
2057
955
3059
1467
1172
1912
1931
3260
2024
2804
1279
2868
3180
3947
4521
1838
1374
3830
2639
4763
6286
6333
1662
2756
1407
2369
2586
1519
2566
3293
1814
2946
3967
3151
1703
2344
1945
2598
2789
1629
2213
1141
2887
2022
1725
2229
2916
1290
1718
3241
1535
1600
3259
1779
1530
2816
1742
2542
4021
2550
1313
2752
2121
3717
2475
2760
1047
1484
2055
1226
1844
2531
2838
1501
2980
3305
1197
5337
2345
2650
4442
1501
2608
2571
3233
1324
986
2007
1455
2115
4674
2901
3602
2957
2375
2121
2053
1450
2205
3331
2099
986
2492
2283
2624
3599
2083
1755
2042
1355
1340
3992
4468
1734
2440
2515
1761
2322
3875
2827
1629
1759
2372
6650
2090
1820
3838
3176
1742
1691
1281
2664
2250
2564
1777
1881
3436
2113
2559
3076
3400
3712
4940
1383
1763
2996
2754
3749
2747
4629
2949
3836
2548
2874
2311
1067
983
1226
2886
2073
2300
2687
2022
2901
1156
4436
1881
1971
5800
2209
3378
3697
3316
2355
1905
2175
3690
2542
1483
4410
4093
3508
2768
1071
3632
2286
4400
1558
821
2326
2651
1675
4287
1587
2392
3758
1587
2413
2173
2789
1813
2627
1158
2124
2222
2016
2156
2644
2809
2071
5164
1498
1578
2474
3045
2669
3234
2515
1728
2771
2236
2669
4616
1011
1964
3010
1533
4609
1962
2668
2538
2152
3163
3158
4640
3176
1396
2289
1855
2360
4144
2965
1307
2241
1638
2353
2982
2009
2933
2549
2130
2130
1111
2489
2505
1791
2049
1781
2215
3653
4524
1333
1761
1599
1662
1343
2026
1392
2083
2805
2725
2060
2217
1383
1883
2476
1625
1515
2964
1350
1659
1777
2010
1501
1168
3337
1942
2215
2982
2813
3196
2699
1633
2080
4140
1134
1906
2836
5176
2726
2497
2362
1725
1851
1906
2953
1387
3131
4102
2441
1980
1463
1227
3041
2694
2110
1496
1704
2113
2050
1859
2647
2261
2582
3740
1826
3773
1985
1876
2828
1603
2632
1767
2515
1831
2718
1543
1410
1947
1801
2103
2690
974
2110
2343
2135
1606
3188
4318
1327
4496
2057
1472
2639
2038
2960
2026
1588
1168
1788
1270
2278
2212
1207
1406
3151
1698
1579
1774
2082
3427
1682
1973
1292
2417
1986
1982
1358
3301
3806
3792
1232
2287
2326
2220
1452
2078
1836
3658
2661
2788
2090
3014
3949
2628
1628
2095
2420
2014
3555
1826
2306
2102
2638
3159
3769
1175
1285
2911
3716
1817
2411
3504
1327
2287
1572
1932
1424
2127
2692
2553
3850
3103
1389
2019
3011
3155
3235
1820
2236
1668
1131
2058
1769
2650
2471
2938
1769
1625
1594
1047
5649
1457
2411
2027
4134
3177
3121
2038
1965
1644
3880
3993
1769
1657
2152
1936
2282
2417
2297
4524
1196
4408
1391
1754
2312
5061
3460
3910
2810
1630
2208
1814
2395
2203
1687
2131
1570
4623
1872
3303
1564
2096
2449
2642
1946
1282
3419
5401
2177
2490
2457
3416
2114
3955
2409
1529
2527
3005
5272
3014
1502
1903
3708
2136
2407
5654
972
1512
3560
5086
2742
2180
2771
4687
2199
4482
1498
2414
3382
1816
3400
3491
1639
3496
1152
2388
3204
2148
4016
1252
1675
1189
1736
1960
1620
2655
2470
2020
3400
2134
2044
1987
1530
1353
3396
2129
2724
2374
1796
1280
3401
1515
2793
1798
1137
1619
1955
1689
2220
2779
1662
2489
2289
2485
1633
1837
2590
2773
3630
3095
4448
2474
2339
2168
3593
3418
1425
2625
2807
1924
1584
2997
4552
3838
2481
1245
2091
2441
1328
2380
2587
1735
1263
1696
2504
2129
3223
2092
1660
2327
1629
2847
2965
1970
2032
4555
2973
2033
3800
2731
1925
1476
2224
3054
2293
1306
1882
4724
2010
3482
2174
1022
2301
1289
2631
2100
3803
1951
3442
2442
2938
1561
4261
2904
3211
2366
1855
1283
1967
4007
2016
1888
2043
2466
4386
3134
4726
1537
2423
2425
4726
1794
2365
1651
2339
1397
3105
2316
1863
1355
1622
1783
4286
1985
2930
2539
3495
2140
3912
5835
2260
2176
4394
1540
1093
3195
2346
1286
1139
2046
2367
4113
1106
2830
2180
2402
2963
3674
2729
3641
902
2774
1589
2390
757
7857
3228
1860
1927
2787
3094
768
1981
1818
2187
1490
4420
3658
3022
1452
1405
3631
1206
3105
2514
1449
2603
2861
3880
2695
1821
2417
2110
1794
4008
4756
2072
1790
1762
2512
2563
2665
1690
2993
4124
3674
1506
999
1392
950
1846
2267
1661
2429
3107
3173
2014
1678
2225
1635
1596
3412
1282
2368
2535
1700
1452
1814
1388
2475
1838
1729
2297
2709
2963
1645
4614
2937
4090
3321
2428
3019
2348
2012
2903
1336
2445
1225
3190
1557
1933
3933
3105
1500
3232
3073
2822
1496
3416
2040
4346
2344
1548
2757
1909
2735
1915
2939
2983
3492
5619
2562
2231
1011
2288
2403
2909
1876
2481
1884
1747
2012
2238
1722
3806
2339
4433
3062
3469
2342
3824
3676
1093
2513
6094
2006
2702
3102
2276
2659
3749
2605
1948
1780
2810
2161
3542
1029
1628
3397
2585
3550
3015
1442
9246
1993
2046
2974
4257
2491
3718
4249
1429
1373
2160
2306
1708
2083
1775
1704
2076
1175
3058
3754
2498
5701
2599
1374
4337
4471
2063
2188
1900
3642
2794
1803
1955
5423
3252
1189
3844
2380
3996
2841
2702
3124
2883
1617
1694
1909
4650
1726
4299
2113
1078
3143
3042
1331
3506
1484
2774
4056
904
2148
2001
2183
1468
2146
3861
1510
2722
2575
1963
2424
3797
2158
3583
1372
2191
1590
3626
1416
3088
2133
829
1407
1775
3092
1591
2669
5137
1035
2579
2004
2018
3058
2054
1946
2190
2741
1667
3745
4303
1070
4661
953
1613
3409
1297
2713
2077
1710
1636
2192
1949
2771
1607
3158
4114
1995
2031
2827
3005
2617
2881
3983
2250
3320
2088
1109
4873
1963
2056
3000
2649
1948
1901
2092
3355
1983
2389
1940
2092
2568
2652
1296
1482
2730
2605
2615
1132
2714
1859
1849
4071
2760
3015
4673
2711
1956
4084
2400
2414
1352
2481
4809
1657
2827
1457
3315
2702
1971
1872
2963
2188
1408
2146
3099
922
2660
2186
1658
1833
2655
2717
3179
2990
1090
2778
1727
1912
4499
2446
1600
1547
1534
3065
1048
1653
2102
2554
1880
5572
2507
2589
1587
1502
4034
2025
1295
3106
1139
5327
4538
1643
2270
1757
3493
1160
2413
1466
3412
1578
2893
2140
2103
2609
2017
4298
2492
3426
3253
3488
2642
3503
1730
1953
1563
1388
1077
6476
2501
2444
2290
2860
1661
5439
4148
2334
1713
2338
1742
2598
2372
1463
1159
2605
1748
1366
2313
2210
1294
1448
1320
2634
1747
2418
3262
3723
1961
3017
5535
3570
1922
2480
2082
2733
1257
1162
2801
3015
1147
2176
1701
2534
3280
3060
6161
1955
2222
4531
7537
1708
2329
1851
1407
864
1694
2367
1878
1878
1370
1557
1329
3293
887
2601
1698
1356
1676
1362
3754
1350
2202
1918
1526
2148
3377
1949
2282
2627
1255
1423
2162
2919
950
1501
2724
1799
2608
3630
1102
3792
2250
2653
2342
2097
1516
3376
2941
2380
2879
1683
2306
4565
2100
2998
4174
1191
3617
2652
1956
3046
2038
2337
3245
2039
2705
1661
2045
1834
2694
2032
1520
1281
2642
2127
1965
1278
2969
1569
1605
1660
3884
1072
2535
1766
910
1669
1150
2242
1826
6901
2310
1750
2302
2655
1809
1819
3157
1952
2700
1455
2039
2744
2078
2930
3048
2693
2445
1991
2611
1601
2009
2453
3276
2634
3940
3747
3935
2974
2370
1688
2166
2110
2594
2041
2230
1902
2210
2448
1617
1679
1740
3951
3183
2793
2146
2899
3732
2857
2044
2616
2504
1502
1502
1570
3011
1264
2769
2269
3483
3219
2188
2224
2822
2162
3815
1546
4086
3103
2648
1786
1236
2399
2266
4083
1807
2113
1912
2822
3522
2231
1579
4238
1119
1392
1039
1350
8041
2971
2160
1335
2316
3815
3778
2231
5055
2046
1383
1725
1381
790
1842
3271
4887
2012
1835
1682
1900
1658
1529
1760
2650
1475
2150
1684
4611
3475
2123
4352
2398
4240
2334
1822
3213
2376
3388
2038
2572
1717
1760
3225
2918
2563
3135
4283
2232
1876
2260
1640
2271
1426
2246
2888
1314
2990
1278
1555
2024
3453
1857
1879
4695
3086
2063
3112
1388
1396
1335
2199
1202
1747
1568
2419
2592
2864
1871
3110
2075
3229
3966
3109
1075
1744
1037
2041
2351
2045
2278
1580
4293
4953
1118
2702
1309
4201
2041
1991
4057
2854
1869
4819
1590
5703
3047
3014
2387
3555
3219
3313
1182
1190
2824
2044
1313
3442
1839
1527
1310
2235
1929
2636
1870
3431
1532
2766
3125
806
1655
1855
2815
1995
2053
2832
1219
2200
2109
2068
2810
2402
3603
5236
1398
1481
2149
3713
1314
4042
1819
1879
1562
2544
4156
4042
4938
1680
4530
3010
3733
2007
3545
3922
1699
1610
1920
1790
4570
2442
1821
3216
1568
2317
2933
5810
1744
3776
6414
3485
2189
1594
1171
1937
3887
2824
2548
2205
2574
2104
1377
1920
1503
3466
3420
2850
1751
2100
2277
1596
2424
1713
2241
3252
2322
3588
3013
1861
2266
2205
2188
2329
1558
1545
2680
2577
1404
1209
3013
2976
1383
3175
2258
1984
2759
1951
1571
3151
2419
3850
2165
3510
5943
1990
2955
1086
2464
1870
3495
3207
1376
3279
3881
2851
2236
3485
3852
3635
2678
3882
3166
2840
3361
2090
2392
3557
3751
3096
7473
4072
2012
3110
2385
1579
1919
3623
2278
2715
4995
2067
4747
1279
1551
2104
3667
2506
3087
2252
4994
2253
1086
1825
2095
3670
1313
2377
1962
2113
2970
4128
3866
1280
1756
1474
2067
2509
2033
1176
2637
5785
4330
2077
2081
3192
2830
976
1703
3290
2431
2728
2041
2546
1681
3000
2727
2488
1698
1959
2551
1772
2417
4643
1791
2545
1400
2374
3573
1296
2549
5300
2111
1681
1542
1843
4464
2111
1971
3012
3342
1422
2263
3122
2896
4665
2411
947
3271
3478
2501
3761
2212
1298
1967
2101
2262
1982
2121
2174
1503
1377
3833
2087
1945
2090
3970
2084
2902
2078
4898
2651
1730
2447
3282
2007
2145
1637
1193
2275
2002
1523
1454
2112
1997
666
1753
1126
4287
3471
1981
2196
1763
2317
3204
2986
1292
2550
3330
2094
2327
2675
1262
1773
1379
1808
2659
1658
1968
2694
1265
1689
1819
3407
1586
2364
3391
1013
4288
1343
3517
2074
1675
2352
3205
2593
1893
1609
3109
2976
2445
4800
1499
1603
2043
3562
2068
4150
3172
2504
1951
1504
5795
1198
2811
5723
2598
4506
3143
1980
2492
1282
2318
2390
1307
1569
2340
2512
2882
1338
1256
2071
2830
1234
1926
1685
2573
1869
2024
1577
2043
5065
2077
2732
2117
4002
4743
1611
1823
2399
2225
4314
5333
2348
1872
2491
2237
6253
5707
3629
1295
3877
1689
1786
2508
2045
3403
1628
2108
1162
1976
1213
1529
2270
1396
2313
1082
2244
1089
2360
1261
4695
1713
1923
1327
1405
1716
3255
2189
2762
2090
4370
2315
1729
3539
1819
2527
7067
1367
951
2319
2878
2344
1423
1886
3108
1579
4087
1755
1370
1156
3152
1633
3209
2473
3153
1658
2868
2855
2456
4055
2621
3718
1831
2718
2799
1437
2264
2801
3703
3545
2013
2902
5292
1860
1285
4102
1219
2472
1913
2217
2686
3937
4245
1732
1364
1849
2317
1496
1783
2580
1887
2324
1434
1626
2551
1454
2204
3927
1763
1099
2347
1086
950
1229
1972
1464
1584
4611
1837
3262
2880
3436
1684
2651
1393
1864
1431
669
1426
3260
3184
1261
3500
2648
3104
6237
2001
2296
1967
948
1509
2138
2224
2936
3813
1257
3432
1869
2830
1800
3312
2327
2173
1732
2699
2430
2968
2749
2499
1367
1934
1513
2253
1338
2778
3398
3126
987
1075
3920
3070
2251
1338
3050
1670
2046
1303
2408
2130
2442
2525
1906
2373
2574
2010
1563
5209
2113
3543
3674
2043
1373
4596
3282
1826
1179
2039
4492
1767
2975
3897
1987
5553
1258
2172
2505
1144
4657
3856
1700
6390
2185
2537
5404
1910
2850
1902
2954
1309
4237
972
2768
2862
2363
1951
1907
1178
4385
3397
2136
2923
2112
1270
7160
2421
1452
2806
2455
997
1738
1800
1913
1362
3232
2372
1085
3023
1494
3934
2012
1768
5493
2591
3332
4489
1913
3409
3980
1589
2245
3652
1610
1679
2199
2268
3888
1738
1567
3123
1777
2216
1627
1254
1634
1837
1279
6487
1464
1862
1461
3338
2023
2096
1367
3055
3162
3169
2701
2559
2406
5015
1774
1890
3355
3037
1926
3443
1748
3469
2240
1478
1876
1591
2037
2093
3548
1693
1537
960
6892
2098
1590
1782
1232
2219
3627
3623
2241
1654
1373
3641
2150
3162
3090
2333
6428
1197
1368
2974
1924
1290
3578
3135
2568
4926
1991
1982
2975
1834
1706
3559
2042
2447
2496
1172
1003
2065
1993
1326
4846
1386
2271
3607
2699
1697
4818
3493
1566
2341
2192
1758
4885
2515
1793
2457
1929
1784
1210
5599
3030
1674
2932
2947
2868
1557
2209
4102
1607
1764
5650
1267
2011
1506
5041
1296
3201
1893
2628
2592
3669
2100
2841
1238
2475
1371
3018
1668
2076
2220
2159
2229
3573
1328
1627
1847
2337
3766
3663
2394
2885
5283
2610
2542
1950
1873
837
2652
2363
6635
2508
2149
5374
1588
3672
2357
1626
1874
2361
2062
1712
1369
1721
1866
2694
1375
2359
2278
3457
1643
3273
1440
2757
1529
1139
3545
980
2753
2544
2833
2490
1162
2995
2503
4831
1343
1942
1920
3425
4944
3017
5127
734
1330
3233
2716
1674
1138
1368
3023
2194
3118
3976
1638
1792
4724
3654
1857
1509
1069
2107
3018
1295
1570
4490
6368
4586
1194
2477
3549
2222
914
2606
2531
2431
5292
2952
1570
2808
1543
3766
1684
3190
1258
3725
2013
1479
1099
4591
2448
1892
1958
2202
2345
2774
3027
2001
1594
1147
4205
2900
2665
2471
2984
2809
3509
2685
2636
3485
2501
2867
2978
1911
3558
2922
3078
1968
2398
2498
4375
3638
1367
1621
1408
2704
2164
3267
1251
2798
2109
2675
1971
1207
2834
2243
2966
2360
2520
2282
1536
1566
1370
2791
3856
1995
2136
1190
1505
2684
1708
2097
2503
1599
3171
1820
3469
3215
2804
1963
2051
2208
2183
2913
3102
5487
3022
1729
1719
1756
1154
1715
3844
2259
3084
2500
2093
1729
2532
2723
2234
1225
5299
1882
3556
2705
3280
4602
1276
3120
2897
2599
3888
1530
2424
3505
2487
2634
1796
2282
2011
2149
1651
2348
2151
1466
2090
4293
3117
1488
1741
2245
2973
2795
2129
1846
1436
2189
3215
2193
1328
3094
1421
2700
2200
1412
2254
2537
3224
3236
1368
2496
1575
3489
3547
1162
1671
1736
1819
2491
2593
1881
3125
4989
1541
2483
1924
1695
1473
2083
2311
1374
3927
4797
4241
2216
2640
3422
1516
1152
2663
3495
1375
2594
4671
2683
3250
6102
1929
6297
1501
2391
2841
1653
1960
4088
2590
2068
1767
1276
2812
1303
1292
3808
3368
2286
1981
1316
2252
1984
2567
2136
1687
1815
1748
1946
1872
2577
1825
2035
2835
2919
1939
2282
1193
1809
1130
1299
2702
1466
2653
2529
2378
3797
2349
1921
2693
1778
3645
4545
3110
1740
2938
1937
4927
2253
2923
1775
3391
3842
1726
1253
1370
4416
2999
1998
2992
3690
2558
2770
1784
2065
1890
6752
2032
1255
1651
2494
3229
1599
2420
1396
3063
1865
1173
5572
2563
1691
1263
2627
2505
1654
1330
2976
2232
2784
1595
2310
1657
1706
1862
2672
2781
1758
2380
3233
1734
1740
3750
1897
1830
4234
2177
2159
1386
1645
1910
1480
1659
1950
2266
3540
1608
2339
2794
2587
1358
3822
2347
1929
1690
2717
2176
2617
4794
2261
2104
1420
2310
2964
2666
1700
1022
1871
3594
2229
2588
2603
3130
4362
1700
2601
1700
2655
1497
1241
3405
2057
1833
3712
1571
3892
2646
1295
2417
1508
2595
1867
1368
1777
3324
2089
4529
979
2308
1901
1902
2965
2442
2976
2372
1339
2339
2990
1682
1924
2637
4530
1816
1263
2097
5345
1804
2697
2430
1796
1793
3021
2721
803
2591
2517
2266
1408
2356
2441
3118
1673
5154
2937
1527
2305
3372
1657
3290
1174
2984
3905
2185
2033
5133
2137
1711
4195
2795
1860
1225
2276
1992
4706
2794
2898
1421
1755
1385
2483
1484
2695
2938
1279
5047
3520
1589
2504
3570
2381
2404
2007
5707
801
2320
3313
3283
4089
1631
2637
2310
1382
3306
2992
2108
3315
1776
3941
1969
1790
2251
5472
4153
2325
1438
1850
3040
2049
1200
2414
2499
5257
3058
2117
3402
3645
3213
1645
2266
1147
2002
5632
4270
2718
1465
1099
1938
3731
2680
4518
2648
4788
2038
2636
1183
2414
2654
2721
3251
2508
1781
2596
2033
1478
1266
2970
2547
2664
1709
3216
3231
1356
2456
1858
4120
1822
3318
1970
1597
2694
3355
2431
1383
1718
2873
1847
2148
4881
2210
1103
2130
3417
2767
2246
2009
2071
3280
2080
2339
1550
3911
2874
1864
1511
2620
2154
1903
1408
1978
1784
2844
3442
1707
1146
3849
1232
1386
2716
1394
1717
2458
781
1877
2360
1569
4273
2924
2283
1405
1543
1662
2333
2769
3247
5425
4275
1810
1549
1385
2431
3449
2384
1849
5617
2123
1987
1807
2276
2573
1281
1102
2232
3791
2724
986
2521
2240
2962
2425
1360
1593
2007
1356
2197
2518
1419
1902
4060
5494
1468
3808
798
4830
1376
1899
1596
3094
2133
2503
1756
2711
1960
1806
1330
1657
1625
2484
2084
1796
4666
1961
1625
1879
1960
3383
1522
1393
1942
1724
3444
3010
2783
2636
1307
2954
2481
2497
1201
5288
1706
1932
2239
2385
3668
3637
1491
1518
4540
2768
1550
3998
3675
2175
2622
2279
2182
5133
2727
1670
1772
3401
2486
3384
971
2159
2220
1803
1475
2831
4201
1505
1670
3114
3064
2254
1809
2342
1310
2781
2218
3342
2344
1465
2243
3505
2670
2808
1771
830
1839
2902
3144
3364
2585
2357
2080
2994
1720
2830
2109
3596
2295
2373
2513
1393
2492
2559
2710
2005
1621
2323
1946
3541
1179
1163
1863
1329
3236
3671
3068
2433
3226
1386
2629
1296
3654
1712
3382
3291
1955
1625
2010
5077
2483
2971
2417
2586
4382
5293
1160
4165
3499
1910
1721
5476
2289
1744
2551
2294
2638
2781
1576
2157
1551
2220
1288
2662
3054
1538
4132
1493
2430
2691
2702
1342
2434
2181
1664
1796
3550
2245
2006
3163
1249
2179
1793
1665
1825
1033
2416
2382
1091
1428
865
3011
1954
1661
3486
3018
2072
2523
1652
1100
1174
2690
1517
1995
2606
3000
1804
2358
2604
5309
2456
1398
2698
2232
2018
3038
2669
3109
3651
2364
2611
3513
1279
2794
2224
2972
2060
1856
1119
1760
3666
4181
2342
3151
2613
1651
1950
2366
1069
1568
1453
2307
2244
1521
1956
2228
2730
1198
2181
1337
2074
2268
2575
2626
957
4746
2576
2403
1643
1529
2031
1915
1571
1665
2986
2596
2264
1551
3391
4345
1764
2230
1968
1987
2621
1629
3590
2521
3129
899
2928
1397
2577
1159
2434
1151
3429
4057
3366
1778
1192
3191
4147
1997
2616
1505
4466
2810
1979
2333
1362
1360
1639
4044
2959
1273
4173
1888
2394
1985
2605
2881
2227
2035
1872
2222
2499
3161
1847
1932
1545
1530
1787
1956
1205
1766
1071
1892
2546
4070
1396
1580
4406
1712
2842
1664
3241
2976
3253
1612
1670
3408
2260
2636
1323
1189
2098
1870
1614
3459
1180
2169
3753
1873
1063
3481
2767
1149
1860
2174
3565
3050
2467
1471
4124
1796
5465
1938
1975
816
1456
1341
1249
2925
1235
2339
2982
5936
900
2828
2101
2161
5913
3343
2986
2298
3131
3852
3604
1449
2292
2945
1589
2619
1427
3575
1813
1943
3141
3048
6501
3183
4209
1058
3516
2261
3823
858
4147
2210
3790
2291
1703
1709
1536
1192
1807
1332
2232
1540
1802
3294
1354
3425
2655
2001
1204
2451
1536
2246
2145
1684
3208
1577
2376
1123
1780
1699
1020
1757
3525
1357
2210
3186
3394
2215
3420
1060
1050
2552
5719
3421
2337
1780
3793
2161
3554
1575
1285
1513
2664
1404
3171
2130
2538
2483
1988
2153
2090
1934
2602
2221
3474
2177
1271
1274
1404
2244
5032
1891
3099
1250
1736
1946
2106
1341
2209
1569
2474
2509
2097
1501
1142
1782
1819
2094
4142
2391
1335
3419
1765
1743
3658
1366
2762
2158
1713
2502
2223
2701
3308
5022
1908
2023
1281
4148
1218
2591
2840
5630
2645
1608
4014
2255
3783
2655
2584
1368
1971
3080
2017
867
1610
1961
2145
2231
3754
833
2613
1795
3855
1278
1603
4764
4005
2842
2968
1790
1775
2170
2175
1783
2580
3084
2074
3546
1310
2887
1455
1851
1094
2756
1932
2041
1673
1294
1370
1879
1561
1477
1808
2359
3215
1551
2590
1940
2757
6770
1943
3302
1968
1831
1790
2611
2725
2322
2576
1826
1512
1726
1292
2196
2432
2794
1391
2451
2465
1554
2014
2572
1995
2195
2627
2153
1260
1593
2604
3225
1998
2190
2442
1828
2528
1770
947
1818
1135
6055
4613
1132
2873
3430
3182
3407
957
2276
1018
1912
3528
1824
2663
2478
1611
1601
4604
1589
1121
2992
2759
1414
2610
1669
3003
1321
1823
2118
1291
1782
1628
2235
2324
1551
1375
2851
885
2939
2461
5133
2090
5938
2305
2162
4111
1575
1412
1361
2976
2610
1698
1232
2130
1240
4130
1375
1675
2380
3598
1347
1511
3233
3458
2386
1671
1275
2015
2427
1700
1706
2760
2905
3731
2039
3608
2162
2558
3659
5151
1762
1596
1754
2917
2245
1819
1064
2366
2351
2695
1708
1105
2033
1201
1817
4385
2720
2404
1531
1594
3720
2246
1525
2159
2477
2107
5139
1702
2618
2280
2187
1110
3680
1763
1372
2161
3583
4395
1446
3990
3267
685
2058
2137
2106
1299
1066
2484
1939
1669
2920
2130
1208
962
2894
3500
2986
2555
1751
2161
2690
2203
2017
1650
4187
3415
5592
1195
2902
1851
2478
3645
2059
2255
1780
2392
4836
2512
3652
2557
1800
2824
5503
1695
2533
3158
2444
2706
4196
1821
1071
3314
2372
2364
3465
1810
3218
3452
2689
1560
1022
1471
1918
2446
2185
2907
2425
2455
2484
7325
3962
4371
5506
1926
1672
1684
1463
2328
3040
2023
2227
1169
1684
2303
3894
4310
3018
2342
3809
2625
852
2824
1664
3021
1958
2659
1247
1991
875
2525
2064
1823
3651
2053
2075
1293
4915
2619
2575
2033
1528
4008
2380
2328
1743
2380
2775
2618
2367
1349
2808
1260
3536
2628
2403
5404
3174
3440
2834
1924
2472
1479
2846
1712
1785
2243
2770
2244
2488
3232
1229
5362
1927
1252
4688
2217
1489
2954
2299
3630
2962
3174
2586
2630
1235
1567
2490
3500
1544
1427
1450
5546
1084
2907
2492
1407
1873
2404
3890
3426
2123
2123
2198
3778
2225
1648
2198
1755
2357
1740
3060
1968
2139
1730
2032
2118
2292
3082
2818
2718
2363
3553
1983
2571
1699
2631
4644
1736
3789
1985
2333
4734
1972
2708
3036
2031
3228
1690
1622
1861
1425
1232
4138
932
3049
4587
1394
2289
1814
952
2022
1813
1882
2658
1514
2295
3218
1259
3376
2091
1592
1999
2692
4297
3882
3376
915
2332
1604
2531
2591
2602
3445
1525
1988
3453
1232
3685
2940
2102
1936
3865
2283
2786
2402
1440
1674
1077
1256
3021
3887
848
1676
4096
2040
2280
1889
3191
2416
1387
1274
4190
840
1837
1865
1701
4875
2037
3275
745
3159
3304
2467
5242
2229
2443
1737
4147
3103
1183
1664
2097
2866
3643
4506
2570
2121
1364
3933
1864
3000
2019
2351
2430
2868
2318
1405
3550
5126
2756
2688
1876
4008
2361
2156
1112
3149
1717
1369
1504
2193
1860
2665
4473
2389
1479
1421
2067
2976
2856
2659
2159
1893
2240
829
1832
2329
2930
2615
3695
1779
1797
2474
3150
1984
1475
4358
4876
5062
5297
2948
2929
1264
3459
1824
1957
1432
4519
2536
1501
1961
2767
2995
4552
1375
2086
1249
3022
1463
3721
1888
3280
2444
4890
4442
2219
1980
1309
1743
3627
2380
4541
2759
3204
974
1995
1663
3630
2424
2165
1909
2527
2217
4637
2229
1324
1964
4383
2554
2138
2912
3061
3241
3594
1961
1182
1522
5038
2268
2798
2423
2170
2819
1451
2490
1813
2216
2293
1529
2013
2352
2758
2146
1880
2212
1238
1242
1364
2080
1807
2172
5183
1566
2555
2029
6687
1216
1093
2131
2854
1364
2475
2539
2325
1375
4595
951
1655
2117
3675
2480
2271
2714
3013
4159
3974
1780
3616
6604
4220
1748
1632
1559
6272
1210
2408
1508
2068
3068
1619
1794
1904
2229
2963
2497
1876
1566
3638
1657
1876
3559
1951
1355
1609
3617
2125
2115
6062
1972
1767
2114
2465
1402
1530
4651
2480
1760
4051
3845
2829
1826
2368
2743
1745
6200
2598
3263
3472
1667
2053
3191
2827
2400
1919
2995
4436
1805
1231
3364
3589
4004
1226
2007
2063
1164
2769
4321
1178
1582
1526
1967
1891
1873
2860
4010
2099
1370
2240
2086
2537
2321
3740
1759
2183
3533
2087
1890
2945
2329
3245
1901
2760
3551
3152
2386
1782
1526
3254
2200
6496
1779
1745
1624
1034
1805
1073
956
1250
3053
2613
3181
1954
4097
1440
1932
2262
3270
2436
3048
2380
1600
2497
2229
2453
2201
1623
1347
2253
3132
2351
2470
2700
5558
3319
2838
1674
3820
1833
1945
2073
3984
1698
1338
4437
2603
1624
4310
1673
1120
2490
1626
1538
2339
1618
2113
2562
4751
1782
2261
1742
1275
3106
2694
2032
1431
3340
1867
1902
2613
2716
1305
2032
1136
1888
3387
2935
2356
1794
3638
1509
1109
4059
3598
2346
2289
5273
1951
1689
2019
2905
1021
2763
2441
2057
2211
3055
1688
1450
2842
2510
2954
3990
1807
2077
2267
3768
3951
2180
1499
4411
1933
1944
1823
3185
1654
1975
1458
3298
2727
3369
1820
2481
2769
4624
1686
3273
2397
3351
2435
4604
2600
1259
2026
1628
923
6059
1595
3738
1849
1510
896
3853
2971
4429
2695
3561
1817
1490
1950
2741
1736
1338
1899
1584
1703
3066
2565
5097
2258
4225
2835
1753
1663
3419
1724
1960
2001
2617
3223
1873
2198
1745
1434
1675
1165
1902
1434
6640
1722
2345
1783
2545
2926
4975
3483
3474
2140
1709
3741
1868
2743
2461
2374
2066
3442
3504
1806
1686
1485
2491
1513
904
2530
1834
1820
1662
2079
4566
3307
2017
1699
4452
2681
2398
2874
2030
3379
3059
2491
1962
2021
1980
2785
1883
3769
1962
3835
1271
2786
1901
4488
3017
2689
2275
3933
2500
3295
1329
1994
3487
1649
4565
1545
2511
2146
2089
