5799
12321
5450
7677
8263
11049
7529
5999
9049
20365
4148
15137
1578
10468
26560
1821
11410
4323
6573
7036
4088
13488
7598
2856
11569
20924
6395
1971
4245
8175
7088
2253
3643
24703
9150
5934
3080
14569
6121
6966
9153
16456
3116
7499
4523
6465
7549
4586
6051
759
5477
3401
3046
18712
6467
4273
9055
16166
5536
8272
2732
6578
7807
3416
6532
12567
1658
2500
3758
13217
4085
9085
14392
3365
16315
1762
10012
10840
21479
9279
4588
12112
6028
3762
3538
7336
1363
9390
1774
25012
8500
23006
2455
9279
7092
19048
6688
30237
8396
15807
7323
3867
2391
2910
8309
6842
2242
9395
4874
9318
3742
6670
2900
6992
2259
11897
10422
1383
3352
2561
3809
1805
5709
3908
3871
9078
5956
18777
16621
11388
1918
6659
5635
4203
10912
7699
4879
8220
3093
10105
21796
5784
2636
4195
8897
3471
8307
8130
21001
9334
9738
9161
2540
18572
12133
6784
11918
13024
15486
6922
19065
8145
3788
3582
6446
23049
9617
11512
3636
8405
1812
4849
3245
1973
8807
33564
26359
4361
4853
10460
8777
8619
3698
6895
10216
2961
13903
10319
22174
9118
8752
6019
3057
23721
8525
6884
3633
10404
2743
10983
15126
6771
2043
1579
4688
5595
7735
5813
9919
19825
6479
12858
10763
13057
4757
17038
6994
9519
9598
4217
5911
8387
10916
7143
2294
8394
10589
5087
15871
5600
4825
2446
7638
1732
9875
13339
8955
16190
1945
5420
4192
12303
13982
2680
7842
2477
5527
13026
14163
2763
2636
11757
7878
3207
8630
6831
6816
9443
5401
4549
14865
8349
6629
2557
2353
9512
6191
9241
19898
7348
3519
1383
30494
14159
13813
11280
3089
1324
3021
5023
5582
9539
3006
4934
5797
4558
12204
12479
7265
4891
10134
24122
4031
4051
10871
26963
15085
4141
3524
9272
3739
7351
2492
3706
2922
7710
5418
4406
7361
967
8446
13476
3534
8121
5512
3310
6127
31318
12694
2784
3435
3509
16072
5783
3004
4706
7217
2046
19495
1980
11781
7635
12939
5569
7829
15882
4497
11467
5643
10659
3797
3731
62777
6982
4817
11168
5569
2070
3077
8722
7153
4111
5013
7053
10042
502
10550
17983
6718
8565
2286
6863
5296
12229
6295
7487
4547
8168
9968
3514
8665
8937
8139
12466
4795
14619
8462
12115
2670
2752
12714
2912
2184
1993
5577
19568
18032
4930
6945
1384
3946
4274
4630
14424
6025
17107
5246
4817
15415
11100
8949
2366
7953
6753
17289
13432
9287
5562
35007
16257
8289
18572
9236
11316
5639
7487
14620
8788
4277
2120
8024
3674
4242
13428
21649
6798
8016
6537
33950
11631
7899
8283
5261
2272
3497
11328
12749
4519
8341
4789
4548
6209
1874
1454
12698
28399
12577
16012
14702
5905
2552
6594
3901
6488
6806
8546
8058
8315
6451
3135
5588
6693
8284
4110
12207
14495
5806
3345
2295
5028
2499
7444
4915
2603
3575
7920
10183
2315
19275
6977
10360
7785
4787
2719
16484
2384
33091
2605
12321
2716
1503
2911
7683
1670
3634
3500
6673
14509
5468
3026
26990
24149
11122
6026
1597
2247
5561
3410
8520
1906
10739
6913
14609
5071
4007
6116
16330
3994
8637
4185
4945
9867
16150
3893
4797
5218
7864
3691
20771
15526
8793
2193
11663
4501
4673
11324
5554
5733
4618
2526
11243
6155
10724
12890
27192
11851
20571
4702
26892
10974
4563
2552
15858
5801
7133
3868
6377
6492
8589
3293
15872
9669
35661
13884
4406
8951
1176
2881
12434
14920
3336
5395
1978
7272
3882
4405
3096
6002
8478
3035
7955
1937
3057
5258
7221
2506
4679
16140
1222
7336
20053
11521
10685
5171
4564
4117
3457
12550
4950
3820
4111
7724
6191
5271
23225
23653
1905
3271
13429
9177
6638
22485
4746
7516
4312
15596
17265
4638
10045
4817
12584
4325
2417
17997
9989
4249
12960
10752
17462
3885
6298
12251
6986
12896
9965
23917
1235
6253
23659
6107
4444
8559
11894
1734
1865
8054
9596
22085
8657
5491
4045
1540
862
4503
9195
4019
12297
9387
12399
6190
10400
7583
2252
9039
17108
19596
6530
2799
10307
3728
2880
11168
3967
3335
9392
34452
8217
5243
6784
17025
5473
7733
2930
8255
7567
12845
20781
3196
5072
1970
10555
5529
1750
4081
18327
7175
15938
3515
3885
10318
3053
8976
6855
20444
6831
19627
5764
5326
6321
8527
1720
6234
3253
19996
8482
15273
5651
4866
4707
13566
14147
4377
3921
5595
7195
12363
4004
14405
6261
21879
1523
1649
5538
5130
5476
2854
4884
1699
11552
13003
5080
7106
6030
3840
6204
7621
4983
5410
4597
10472
13617
15052
2866
18366
2813
3886
10895
3260
3598
18245
1670
3443
6287
6709
5798
2477
13858
1706
30938
9278
1082
3904
3516
5356
11424
15078
17136
9307
5682
3645
4034
3304
7981
31683
12358
6409
1438
9649
7113
2980
4897
4732
18945
7039
9826
17829
3661
3385
9297
7310
4570
11892
4208
12356
2958
3537
2733
8950
5561
10837
5268
3258
3130
8633
5133
5667
3572
8913
10154
2406
9377
4752
11192
6401
2673
16845
3217
43122
18614
12925
19397
12687
8669
8019
10282
8938
1903
6676
5273
11357
8693
2097
2475
1666
38987
1828
3449
9127
2992
5267
5974
5032
4581
2924
2116
5312
2480
7297
2310
9382
7987
6483
5118
6171
9811
4905
5366
11681
9627
10787
7943
2050
6266
3995
11560
4950
2363
35228
8466
6241
3518
6414
4536
8366
2847
2175
6135
3508
7568
4157
10200
14304
2950
10533
10630
5968
2296
7045
6111
8786
13007
3732
2062
4500
9471
7155
10135
7022
2248
4115
8335
7549
5572
3657
4316
5167
17253
13081
2708
7173
4945
3727
6395
3844
28555
3158
2884
4470
6328
4826
1632
5667
17655
13234
7671
14882
10887
12518
2680
13165
5213
9751
10129
25433
3517
10887
5102
3490
4134
23840
3390
14398
6150
12100
15656
19116
3270
4506
4085
13471
8887
3582
4783
8738
13950
7204
5871
5846
4714
10592
3550
4111
2364
2265
9207
4239
10512
6731
18233
13855
5801
6597
7468
6367
2346
6984
11219
4940
9627
2888
12643
2504
13537
3604
1229
3983
7945
7813
4985
18036
7084
7373
10802
3528
22628
1194
2776
3038
12555
3779
4518
1905
5445
8012
5668
4867
9467
2746
12961
25986
15005
9792
8556
4605
7562
5176
2725
10169
10938
7968
4785
5957
6742
8218
4591
6413
4329
18291
4295
6653
1888
4921
2633
22522
3775
3143
14914
10697
10594
7699
14373
2848
11885
2868
7679
2732
5319
3853
4795
2298
6607
7862
8070
15517
5753
12754
8250
7958
1820
2467
9101
10865
3264
19062
4506
6188
1935
10731
8489
5094
16495
4702
7478
7218
11842
10591
2035
4467
4548
3063
6210
14483
9533
3902
16483
5487
2482
6772
11417
42865
8175
2315
11754
8445
9992
3749
17957
7929
7827
4807
3819
6216
3308
5333
37720
22779
10696
12418
2969
3075
23129
8266
4037
5110
2642
5563
2414
4394
7684
7389
2669
14044
5237
5221
9141
4846
843
1174
7401
16053
3847
4657
4243
3955
2184
1503
5177
4733
4368
7855
11577
12520
10850
5195
21473
20194
5134
1911
5252
8161
6866
3640
5023
1411
4576
1709
8579
2833
5797
6718
3403
4069
1853
5291
17017
12052
4584
3354
5672
10399
5474
6040
8647
16881
3751
7331
23198
11446
6536
4046
14594
5836
7321
2915
3865
5745
4902
17821
5878
6448
3701
3199
2734
7661
4365
32462
5716
11854
5542
20642
4487
9343
2849
7643
4513
3208
4362
2867
2717
4824
11242
11456
9653
2959
3051
3434
2842
3665
9665
5351
13678
9867
5915
6068
7397
5375
8396
1645
3188
6882
10331
4018
4694
6234
15797
9064
9427
10884
6203
2596
4398
12332
1547
8191
6743
20130
4338
8426
7093
2673
6631
7937
5078
4901
3408
17473
3964
12112
12681
9278
2275
6188
18793
14087
4788
5225
9372
3718
2642
5449
12830
932
4649
11918
6130
6714
7955
5174
1271
10756
4400
10374
20657
6557
3696
4385
14780
5921
3958
1790
10339
14682
8369
28346
7294
8442
8040
3234
7793
3928
1906
1874
7353
9211
20359
10454
2446
14747
4136
6228
2815
4903
9402
13443
10684
4427
13003
6033
3023
5369
8795
3478
2724
2429
2979
2734
8292
11509
4467
3011
3943
2744
2383
16327
1467
3842
6500
14775
6745
8641
30463
2939
4687
3959
6521
8540
5433
4118
4298
6357
9525
12752
6899
20342
14022
6338
3646
2313
5707
5321
4858
5031
5140
9939
3525
10294
19374
17116
9113
9129
4084
7732
1349
3210
7460
13622
1910
1572
6984
5512
12374
10586
10853
2404
4440
7524
5269
4561
28756
1988
10426
1507
3427
5991
3977
6024
8951
6782
21572
11220
3051
5613
13641
4842
1938
9965
14495
8309
12481
9379
9637
5050
12628
4268
10980
2152
4258
3263
6428
12757
7388
26045
8419
7998
6625
1524
3618
3000
19245
6872
10395
13179
9198
1489
2738
7225
5897
11311
5614
1920
6062
7105
6864
2549
15805
5567
4762
3013
2092
10537
1704
4604
15300
9802
4398
8217
6875
5110
4826
2144
6939
5830
7557
11440
2490
2829
2612
4211
6353
2137
4130
9014
16305
5556
5527
7359
12376
12416
3548
2704
3087
8972
12821
3966
12700
6994
2932
2665
7715
16800
9238
8599
2273
4350
2612
3839
8110
19199
4857
3997
24732
17948
7954
3939
1848
4779
11549
16048
14994
4221
1075
3802
4116
2542
1179
7330
7238
5897
10678
5282
9860
2609
8261
9148
5256
2022
5289
2828
7400
8561
7406
11473
1967
9593
12034
11336
5477
17311
3957
18345
3059
818
12979
8003
3215
11619
3504
5669
1665
4574
4808
3341
6359
26252
4657
2103
14462
1875
4428
762
6643
9381
3321
5080
6337
3444
2868
8635
4271
7536
3835
6864
4139
5603
1917
15298
9387
5262
2805
16742
7425
10602
16167
5799
19253
5519
7668
12737
11261
10891
5592
21353
4652
4413
6861
8324
7709
3399
6144
2665
17924
7002
7439
2132
3692
4459
1116
7648
7661
3495
5162
13513
9358
2924
7078
2529
10075
3748
8372
3958
10965
1992
2285
20395
1916
13216
12568
22269
10441
1682
16236
11691
6156
19684
13977
10603
10444
9408
1052
3231
3901
15588
14032
4742
5661
5870
3911
9755
14010
3397
2075
5580
2141
10089
10249
4200
1505
5862
4161
4480
4456
5702
13610
13747
14560
12134
6572
6881
4218
15180
4934
2313
7738
14226
10679
2343
3326
9853
12519
9381
4409
7940
12266
7850
8073
9778
16725
5403
7567
14177
11216
13498
9855
22873
8714
20079
2129
4117
16266
5044
41124
10443
9068
4769
3989
22768
11516
7222
4723
6477
2601
4051
4896
3681
4894
4770
7579
9138
4946
3230
2124
4779
14667
13024
4789
8190
3521
16515
2225
1395
4460
10355
1838
10884
14788
8327
3823
1797
1472
11769
5216
8908
9405
7475
9969
3809
4793
1711
2337
4234
6944
2133
5923
7177
17020
6479
5525
4610
2742
10400
2848
15471
10376
5785
8281
1075
4884
3583
11957
11444
9561
10096
3672
18059
5963
6410
16963
4647
9553
8038
13697
9998
9492
7973
4857
6326
6689
4815
2020
5734
4475
3134
5832
11725
7688
10843
11654
2785
3400
14652
1669
7980
6393
2905
2327
3165
23121
3279
4925
3329
2499
11837
8867
3904
3689
1239
4462
6741
10809
4361
7024
11610
5959
6525
14475
7579
6453
13146
4403
6282
25481
3154
10305
7172
13501
2006
5179
6955
2965
12807
14492
26965
4470
3011
19538
22230
6794
9261
3655
9981
4885
2375
14253
6970
13607
3769
3566
5829
5744
3776
12982
11718
5786
2110
3692
24224
11735
6404
5311
3469
11591
3579
8185
8903
6584
34457
7736
10943
19440
2950
2760
15248
18023
3698
3117
15672
8291
8288
2266
6607
5299
5379
1599
2337
4508
3862
2833
2845
13677
14160
15668
8490
4412
3072
2095
5695
12155
8984
8056
4332
7097
10851
17878
3568
9564
16587
13680
2334
15460
2494
24982
13247
12821
9531
8098
9583
12813
2321
5891
2010
10918
8309
3355
3876
6405
3161
1729
1409
6246
4677
1069
10371
6112
7394
21697
6208
4321
4594
2430
3034
4726
7608
2321
8330
3419
3064
9579
4265
15275
2107
19329
13501
3715
15160
5012
3137
7801
9418
2455
4569
1205
12543
15257
17702
21220
1262
20355
1755
1301
5185
8734
3238
12140
4147
11792
8403
11644
4965
1755
2799
15500
5375
3858
24754
6547
7296
18297
6329
4243
9534
21092
17968
3540
4542
13484
17059
9926
5640
10121
4773
3296
25981
11504
4330
9286
6522
15453
4821
4183
13903
5635
17727
8829
1982
1057
7231
6512
4755
8454
14003
3527
15607
7374
6079
10257
3422
3444
2452
6044
5098
8465
5712
4350
5790
2203
18601
10307
5951
5550
30360
8944
11546
11486
10732
14420
7928
4796
3814
11287
10571
1451
6242
4454
3247
24273
3770
6323
13538
46824
6251
5915
3516
4604
8034
4625
10568
3995
28721
2219
3833
5146
4295
16873
4044
2863
10960
3211
1219
8810
7759
5542
9147
4774
2472
2438
4980
4540
6811
1611
7305
5774
4529
4374
8180
2841
6404
14671
4128
5415
5823
8902
2343
7103
1535
2703
6829
6843
6944
7421
16279
11165
15522
2823
7047
16167
4065
8696
2096
13929
7999
4389
3868
1967
10253
8955
8527
11048
3236
7803
12119
2116
24060
5295
2926
8549
5052
14905
13021
5764
9916
8229
6902
5301
29621
18706
2283
10563
8215
7583
4999
1137
3820
3808
15545
2851
37905
16643
4592
1997
16753
1198
6861
4512
3424
14249
3473
13824
11862
1869
3767
4580
1289
9748
44302
26133
4141
4745
1338
7244
12047
3434
4426
1965
12222
11224
17942
9363
22215
16307
3929
4999
5483
3699
3224
4382
8734
2336
6147
2214
4200
17752
12362
1728
35647
3223
10770
6159
2317
12466
17437
5707
4552
35452
7290
4706
10215
18674
10096
7952
8978
5194
10514
19453
7874
25977
18748
5558
2561
8556
9222
17660
3565
3691
1490
19815
5559
14194
19494
7972
9001
17035
8663
5607
15981
2430
11372
3875
6925
6605
20632
13336
6686
7692
6705
7994
3418
2445
3750
5182
10446
26267
6228
7052
3327
7967
2870
6784
2918
7988
4169
9023
9812
2516
6984
15375
8802
2615
3931
6178
3600
4930
21466
5903
3552
5442
11198
5447
6808
12690
8714
10056
2897
4248
6629
8273
2244
2488
8760
3767
2054
9782
4538
12416
2968
4465
7601
2583
8533
9023
2215
18537
5277
12625
5105
2542
3474
15249
8449
3415
6000
2599
1210
5358
6101
6593
2675
2768
10390
5167
1743
3846
4089
8742
5128
2527
2695
4603
7888
18973
7044
5159
4436
1408
16998
17044
7353
10807
4566
4807
11468
8091
8467
13149
8726
3875
13905
4038
4863
9974
7196
3880
18592
8176
1981
5367
5550
9763
2128
4043
15129
8272
10651
3663
7492
10754
3377
1198
18720
5630
7092
3492
1978
15614
19102
3664
18583
16697
5588
1566
1942
3552
4305
15118
15076
2313
16678
2401
2422
9368
5625
4393
11990
8834
5916
7585
23361
5637
5887
5559
11076
12381
3788
3308
6752
7394
11031
3897
6235
11846
3505
6790
16690
9789
2254
5668
8185
3439
15308
12642
3351
6757
8933
9495
10273
7125
6243
7043
5645
34186
11494
3979
3453
3871
2561
6134
11977
3240
14859
13997
3474
14819
2406
12625
4556
2552
3060
5599
5292
3300
2074
20940
25919
5454
2249
2858
8561
3001
5445
7164
20440
11877
8217
14569
2437
7899
3579
4403
9054
18267
13496
25747
4041
8999
4193
2097
6580
11364
11335
6996
20241
14483
18193
23634
1855
4937
7776
11289
9979
3432
3072
4034
6536
2665
5419
8976
1604
3353
3004
1317
3957
4101
11958
2918
7071
2007
8697
4814
8736
3361
2069
3557
21374
3655
8449
8855
13526
6424
4740
22324
2434
7706
7949
3413
7162
15068
21826
7088
3272
7293
2411
17648
8982
6374
4651
12366
28558
8346
15152
6224
6219
5893
2950
8332
1338
21210
8481
5634
5824
28654
3347
4338
9643
4972
7263
9141
5472
9118
12840
4351
12660
2623
16361
6781
14419
4817
1309
7726
6018
3027
3579
7166
7469
14219
12999
3605
10922
3645
3933
3548
3434
5465
6594
7342
1831
8553
10420
15769
3989
3482
5422
5685
9038
4413
4772
4645
4148
5415
5573
5133
6709
17049
10911
10970
2417
8515
6152
11435
4564
3342
9018
2647
9330
3098
3833
2282
6936
10078
2306
6762
2462
8360
6066
8512
2645
11523
11557
4627
5018
4189
5198
1430
16495
9835
17349
8065
8927
9546
3936
23013
4032
8212
5417
7837
11055
6409
3012
6948
5655
12126
7160
5840
4065
9033
9227
12415
3715
14993
6316
3088
8737
2447
4011
10451
17947
1801
14657
1575
8599
5752
2527
10360
8827
3433
9015
2580
2319
11414
8090
6493
7775
14215
2790
6464
3952
12920
3501
3335
11435
7402
15865
3481
37291
3299
6375
7000
5629
5590
3568
16569
17257
3411
13242
6988
4695
10271
25512
7365
1607
1756
3184
4350
22481
1425
8526
5950
7546
3523
1876
9050
14069
1993
18009
5403
5600
6835
6098
2609
9085
3895
5459
9133
7586
10971
2963
2304
12424
5939
3309
17463
2203
3376
5589
12310
1456
5365
2758
17862
1719
6069
12881
4751
1970
1933
5301
6613
4034
3597
2589
12580
2114
2461
9357
7783
13552
4810
2722
10602
4996
1180
12501
1621
9995
2769
18377
3918
5206
1913
2437
10002
1690
1786
8453
4192
12901
7738
1901
2436
7482
5406
3364
16172
2141
2974
7983
17307
7822
15820
12479
12667
2932
3132
29064
14885
6051
3502
4947
5007
4068
4170
7980
3918
3399
4708
7340
10815
10413
12935
2139
4223
9853
3529
3147
6766
7891
16553
5422
6626
1961
8600
5972
6510
6189
7165
16920
22093
14278
3748
6115
4421
1661
17487
3496
5274
3909
6682
15698
22775
3199
8459
6964
5075
13148
8229
1202
3772
3118
3593
19477
3849
2769
2062
20602
10137
7043
10818
10239
1906
2817
5825
2315
2905
4301
8031
992
2697
5393
8824
3212
15856
6800
4402
22643
3565
3012
4194
14481
4253
6573
11264
3372
6720
6278
10568
4364
12507
12681
2092
1781
4465
10624
8771
2725
6229
4450
3918
9762
6909
5450
8364
2517
23266
15888
2367
1621
3792
2837
18987
13040
13304
9563
6041
5877
6688
10061
9782
5762
11323
2728
11267
2523
2668
10301
6687
28003
15547
9565
7693
1471
3281
9326
5407
4594
5459
10008
3882
13944
12363
2871
3117
10354
4025
8340
4585
13774
4869
13371
7672
15487
15494
12786
1290
1817
18550
3032
9975
5810
7047
10417
14220
3339
8353
5435
5103
3655
6960
4078
3710
5969
1910
3466
20894
25061
6639
11563
3857
1958
3179
3660
2366
3019
8348
1177
3150
8509
1301
4672
4028
5594
16491
2199
16110
8074
3483
19571
3282
9444
26494
10978
9633
10544
1978
3065
13327
5016
28186
1963
7528
10700
3773
14598
7659
3367
13504
6955
1901
8827
2158
1633
7780
10673
19992
2761
5718
5472
5893
11200
2070
8478
9981
3355
7617
7648
8807
6787
3801
8175
3348
3229
7310
5390
11609
3383
8872
7692
1411
11070
10442
5314
6503
18475
8046
13254
7423
6489
10310
12477
6376
9809
2381
12915
4196
4036
11935
1551
2036
27298
5256
11720
6472
9665
4788
6039
11283
5726
8421
26791
4482
3613
6657
9018
11050
10958
6114
35937
37590
4981
7895
17962
4320
1806
4242
2252
9056
3576
4818
2875
8895
1666
2264
1966
9660
7209
6403
2583
20766
1557
14292
4690
7064
8372
5454
11501
6535
3449
3502
7315
6347
12332
7868
1510
6103
7738
7506
4505
11120
15509
5102
1482
4189
3752
6271
4508
7778
10021
3573
5726
4692
7062
17413
1598
3221
6031
2215
3997
5665
1225
1791
16833
7086
1964
21069
7275
4674
14781
1585
3557
25372
31872
9265
8563
10431
19730
4388
8614
15133
1683
7593
2474
2895
7095
4385
18206
6205
5556
29299
12014
9440
3394
6547
4129
6956
4630
2666
18398
9907
16418
2793
3771
8583
3169
7360
13334
9169
2259
2044
13163
8286
9673
6413
4046
4220
10073
5194
6096
17403
1210
1704
2894
2117
1532
4460
6870
8724
8117
4477
18041
5760
10155
6447
7021
13322
1333
42091
3175
2017
13835
5888
4062
30536
7254
6081
5260
7464
13707
4163
4976
11276
3747
9826
12655
6236
10390
1861
2752
4002
3667
7478
9168
6276
22991
5907
7806
5250
7793
4143
9782
6999
15977
11568
3006
8464
3926
6809
2510
15340
3716
11506
6565
1530
12613
21147
6096
5648
22263
1885
7908
9733
8311
6193
8639
11584
18653
6941
5366
5203
13200
6212
10405
3713
9209
6082
7740
26818
10478
2631
8892
2413
12897
6378
12033
3497
3810
2894
8456
7704
10130
4472
1299
3625
2529
8358
5303
42882
4584
17648
12488
11181
3299
27845
12094
15141
1530
1358
8980
10802
6636
4493
5407
9033
13226
3427
3909
1349
7143
7338
5246
2619
4474
5376
4148
18934
3299
13022
4210
1756
31521
4060
2788
3553
5715
16902
12454
4497
2000
6000
15343
6695
4467
4797
24377
10485
12890
2465
5956
4463
2613
1922
9203
7678
4234
1814
4432
19130
23723
6679
28488
16066
9732
6182
2733
6104
10260
6858
4984
9248
2447
4374
1701
24005
13166
11429
12375
2574
4207
10462
2012
4032
13620
1427
5653
3136
5235
2162
21000
13975
5388
7359
7083
2504
2469
2907
3188
30529
7092
6924
3976
2779
7842
6827
5682
8655
4291
3316
6297
7152
8794
5160
3376
2159
4561
8102
3940
19541
10798
5584
3592
9219
9537
18097
9159
5989
21161
10635
5991
8664
16036
2510
12135
9160
5083
4591
3514
1604
8441
8863
12648
4097
9066
4230
11038
11416
6423
3797
17167
8549
3064
2398
4077
14644
17613
2590
6805
8662
1935
15054
2078
20338
13908
11153
10629
5189
12580
2799
2500
4131
6279
5140
5895
8251
5810
11300
3376
2725
5776
2711
6499
1210
5018
7041
14662
11378
6109
5291
5856
16735
12311
2617
15342
5728
5290
18949
5622
6175
18344
7593
1937
9707
11381
8884
2676
2478
9710
5632
16852
13646
5430
24362
5445
3295
9766
23615
5690
16405
7569
18532
2871
6568
2279
1799
10418
3059
2224
3548
11205
13575
18756
7745
6538
12682
2200
2187
6435
3475
3108
6006
9589
5714
3207
14420
3992
7726
2603
11889
9445
6070
5331
5368
9841
7658
4876
4597
7644
3116
5123
5405
4451
16440
1511
8792
4501
5715
2855
5953
16496
2565
13066
4340
9385
6675
8759
5512
4469
3140
5896
5396
3035
4587
3064
14363
9385
19264
13086
19954
7512
1793
3206
7348
18859
27185
4623
13150
5181
21214
8094
17320
5205
3323
3275
3995
3891
4204
743
18411
13350
5785
13453
22713
8399
5537
7341
6626
14043
7125
2012
4509
6216
3577
3639
30868
20632
1782
3300
3169
12433
5348
13473
5376
8851
3673
3734
7505
2127
2184
2256
2909
1965
3565
8332
14258
14968
5646
4174
2114
2610
11304
8728
18000
4908
16260
5887
6230
12822
2841
5441
9410
7296
2640
2505
3579
4494
3283
36957
8197
5378
2883
10848
2629
3970
10319
5790
6569
6640
13414
2696
3747
5372
6635
10307
6377
40195
3628
10716
28442
9024
8941
18696
2912
4071
2023
13522
12734
27269
8246
15342
3230
4952
1681
3510
12845
11257
14918
4313
3215
3373
19294
1951
2457
16947
3380
1486
12080
3085
4605
3860
1515
2151
3098
8953
10469
6167
10215
2519
6754
10515
1671
17243
5270
8216
6002
11894
20781
2015
2112
3302
1935
6403
1524
7271
4524
5231
14636
11816
11114
10914
1587
6991
2347
7854
5657
5481
4666
3979
4886
19184
14039
8734
2075
2785
4110
2977
12908
1558
7737
9622
7688
2741
1940
2110
5311
7595
2810
2000
2037
23750
4842
5780
2398
9596
3775
4115
9719
21638
9326
11012
2661
5721
7655
2665
2523
4731
11310
3740
23852
8926
4165
22361
4542
16252
5658
1530
9548
5732
5556
19659
6346
7403
11497
10622
22221
20372
13482
12063
26044
1258
10130
9298
13350
15316
3786
6536
1458
6326
10184
4983
2914
3206
12271
4685
15300
10255
12486
4973
15049
13314
5470
11090
4205
2502
12418
4418
10512
3787
13375
5435
2658
4197
1406
5854
10543
3834
4035
8715
4524
5057
3241
6822
9308
15971
4472
7267
7322
2653
6292
6416
4794
4679
6918
10211
14821
5228
4834
4613
4891
18194
3891
3874
12414
12382
7218
12370
12811
11007
6480
22851
14920
1311
6030
6109
7003
40567
15151
3941
17179
9048
6005
26842
5726
10077
5504
8341
3320
10427
8836
1911
8469
7687
1664
9976
9889
3161
10571
4977
3707
4376
6084
2942
6694
11278
1854
2311
7055
9424
4616
3027
8284
27657
4310
1680
3023
6289
4005
2797
11350
12432
4210
1866
5105
3544
3608
4764
5714
6140
6640
5646
3748
10743
1997
11912
7745
8179
5642
21604
4951
9001
5681
3739
6161
6376
5223
3196
7768
16042
14263
2495
9997
3877
9758
8139
3286
4855
7374
4385
5419
9881
2724
5143
3949
11645
12541
5051
4330
21481
3468
1767
6533
4352
6022
3651
18862
7093
11622
2607
17175
4181
20128
6507
9794
2208
10046
2948
11939
1274
7429
12011
1770
32672
5698
3114
2293
25045
16542
4072
1424
1296
5337
3780
8466
7354
14247
9248
4968
5192
4295
26725
8903
9567
16776
15213
1664
5992
5572
5727
8919
15546
23751
21164
6494
25900
4981
1991
8862
5952
6775
23019
24981
9640
12047
10307
3955
6018
11757
3329
5148
4796
2353
10289
54660
3143
4870
24174
3569
5802
17165
4503
11412
8844
11702
4227
3487
5328
7003
6953
17791
8143
6001
5459
8282
2710
2914
2360
6501
9039
4467
11764
4213
5383
2862
6023
15819
4018
11001
8726
2120
7943
12144
12906
10149
3014
7490
12753
4548
12659
9993
2207
4098
2747
5734
5842
6556
5091
2586
7684
18487
5376
2646
3854
4798
13568
13641
3764
5455
6378
7977
11165
11160
15908
3411
14045
11542
6368
7066
4820
2748
39443
1627
7851
1518
9610
11662
2197
4408
4374
5688
17881
13196
7997
7357
18923
3611
2359
4920
6521
2842
24119
4577
11898
12710
1836
2911
7706
18537
2935
12097
1979
10555
3828
8163
5635
11769
8783
9049
13331
1383
6631
9326
2224
1964
6325
3209
12626
9630
7269
4133
3344
9852
12243
3493
14846
14555
2251
6139
14247
17189
6076
11484
5500
1489
1897
5054
2610
6695
2765
4141
14304
3956
7271
19172
15100
1904
8181
4759
13506
5779
14633
10132
16790
4787
9561
25040
13919
7745
6057
13370
13546
14528
2515
8497
8726
6908
1653
3524
8165
1824
3750
10303
13023
6447
9865
14400
7237
7869
4299
18467
4433
15834
2069
4792
2946
10412
18860
2737
5624
3574
3450
4726
1143
7265
2487
10075
11312
8808
10053
2945
2477
1328
8347
12069
7853
6883
4176
3152
3782
3651
7209
12238
6426
2142
3409
7702
12791
7001
21749
5582
8218
2626
5755
14781
10850
11175
5502
2841
15127
1906
24334
12186
4322
4462
4465
2983
10270
2680
14312
5031
4201
2587
9510
2453
4982
4394
9318
3233
5682
20281
6599
2236
2789
7873
2402
2059
3311
2705
10309
3854
2220
3396
4247
3813
4166
2916
3734
12133
10425
3737
4197
7011
2652
6251
1556
9849
11876
2659
14750
4752
11417
4380
4850
3003
3966
3120
7737
16005
5565
36540
10984
6695
3524
1537
4729
8939
11333
5857
18126
5535
1546
9616
11084
25510
8582
24334
7348
12020
19223
4331
3399
16035
8060
5051
3453
11189
6117
13220
3480
4199
9747
5752
2057
13766
15553
16026
4282
33078
3827
12636
6448
6569
3973
9444
6928
8457
6694
1494
1994
10952
1667
8906
13037
1986
4247
4569
2830
31129
1071
11323
1622
23474
3080
11605
3733
5362
4603
3998
2286
1339
4901
10950
4350
8780
9003
4200
6144
4909
7703
6842
6689
3408
34007
12748
2351
1721
5925
18564
2955
9506
2357
3546
10761
8472
3271
3976
9801
6854
10000
18483
10255
11111
4891
4136
6755
6576
6127
5628
6040
1371
7673
7144
1307
2215
9571
3527
21966
20188
4998
15066
14304
2922
10869
9033
7587
2733
2759
8573
16729
6063
5777
11246
19276
3652
13811
7576
5452
27619
3612
24048
6234
6181
5012
13810
7386
17052
4474
6209
4619
3776
16915
4490
15177
4632
9755
12013
2394
5159
2699
5597
6900
3070
2248
6967
25361
3026
4368
5293
16524
5761
15029
5904
4716
12592
3024
2846
4547
4062
14441
10395
15074
3298
1851
2618
24083
7265
2770
2289
17712
6054
3255
6065
2478
6534
18508
3989
8039
5250
11173
4125
8837
3044
2308
8629
10901
4618
3269
2299
3539
3938
6671
2276
3692
6759
2943
10702
2133
4084
9588
4854
31540
6185
9144
8045
2252
4963
6163
8834
3081
7985
9479
16484
5566
4250
15117
11218
2407
11671
3664
3358
7183
10857
3137
9651
5212
5083
6344
5857
6369
5923
12221
6689
2506
2900
3385
2606
29211
11586
3648
3523
12087
13275
7872
11094
9575
2184
4125
3525
1816
7390
6436
2784
1901
10870
2949
10733
1152
6623
7837
9184
6127
8482
3500
4884
20220
5245
9264
5799
1488
4479
16767
11792
12946
3884
3720
11858
5183
7860
11262
11826
5219
20904
4183
1520
6985
2246
1836
2112
5606
11865
2267
22380
3955
8502
12526
16542
24969
6923
2866
10545
8627
9289
3652
8476
3182
16385
7405
8473
4029
7485
8114
2335
17510
14392
4651
8792
3650
1934
3030
3747
6160
3754
14210
9534
2398
7982
5607
13034
21330
4738
3774
8999
5530
13190
7051
3543
9099
2699
17915
4183
6013
6031
11259
3867
17480
6016
1361
7938
10959
16451
3682
2242
3453
3553
14725
5358
21631
11526
5015
5385
4852
22648
2537
3782
5300
12334
10283
6481
2559
9305
5966
13431
5760
4645
7754
12687
8209
9575
1885
4727
4482
1931
6218
7007
25656
8082
10556
7489
16345
6015
9069
5056
6582
3579
40890
6247
11534
9566
6269
4222
2539
7411
11117
7096
5901
6061
4213
3649
5223
2502
7176
20350
6829
5186
1744
9979
1847
4082
739
3262
7917
11051
9759
3513
2983
12716
6985
2595
5868
10327
28597
39346
3938
5823
4408
8267
8986
11040
10282
1203
4564
5417
9135
6148
3502
5198
18810
3574
2863
3519
7039
9509
16058
1797
8129
16711
2724
5821
6588
12231
2391
3189
1845
7833
3509
3916
12431
9970
4751
7647
4203
12049
13321
12555
2741
1588
5783
4543
1975
14030
12212
6249
9988
1455
7964
7926
2264
5438
2750
2690
9109
11619
7469
1918
13747
2479
2131
2462
6649
9622
10014
5599
2575
14901
11670
5173
7468
7558
9484
5337
25681
3721
7691
5460
3174
8774
6669
9155
3079
4126
8519
2503
18092
3750
4000
8963
5482
6245
14632
6447
21271
4990
18800
5570
2507
9646
4481
8849
4410
8190
3310
1851
6429
5877
3813
2046
9275
2708
2832
5510
3160
1462
4597
3507
13863
1002
19173
5145
20097
23312
1900
14778
7371
3558
13511
1176
5845
11670
8920
6959
1822
2248
4635
6306
625
5387
9363
3554
3488
7588
28032
11294
2937
2689
3202
5680
4698
5908
1406
19506
4357
1773
15228
7970
14238
10066
3873
11344
5012
15786
10160
5081
6159
1122
5023
3737
7622
11782
6253
2186
6316
2679
2141
19038
3758
1761
4176
6900
2869
4744
6890
14565
2905
3864
9009
4812
8946
7411
6762
896
4909
8034
19212
2348
5018
6517
9350
2868
4704
3934
1965
5895
5874
2435
8898
11320
20559
3283
16054
4261
13168
4139
2901
9803
17993
6937
2688
8773
4450
16083
5514
21543
18764
12701
17327
1167
7329
8706
9972
1585
6287
3587
5589
5088
6534
16237
8969
6944
2541
14165
1706
5970
2911
9101
3370
2915
10311
2858
9304
7331
13768
9531
9596
2447
3339
4050
5192
8187
1854
3799
5108
3034
5188
4040
9670
2722
9934
18188
5132
8928
12195
5725
6520
2803
6616
5184
9151
9037
3970
1861
8829
2564
1771
6073
1984
7780
19740
6597
3806
25458
3766
9048
4058
4308
18434
3865
3162
2127
2363
16248
1635
11249
2877
5304
6815
3681
7531
5014
5926
1525
4606
2846
4922
1114
1669
27386
6822
3637
4056
21555
10092
3743
5727
8697
5432
2190
4264
18094
13840
6687
5002
9051
10366
4371
10729
3210
6651
6053
2321
13321
8944
5623
3038
4233
23862
18767
4063
14571
8151
12249
1985
6223
9395
17922
8275
17994
2055
7390
11931
6516
2943
3047
9939
9528
5796
3301
6986
3063
2285
16093
4135
5766
10320
11334
7822
2008
12052
3631
26088
4091
1664
3884
6308
9185
7533
13484
6350
2674
3113
4718
14673
10763
3135
3815
14006
4214
15701
1701
5382
12824
8935
3246
4642
10417
3514
2553
2305
2561
4485
3702
17882
15405
3471
1206
5822
19030
15706
4340
1546
5172
7029
13032
5790
2652
4610
10690
6654
7770
6613
1780
4797
1195
3633
2766
5351
33723
7063
5303
2387
7656
4251
5175
2191
12841
3113
6812
2245
1710
1991
1796
11111
9252
13671
4408
9445
2936
25927
4051
7989
12179
6804
3316
4315
9459
8856
6790
4746
9894
4608
11246
4619
5342
5666
10446
3465
4693
8522
1921
12415
11271
5607
2938
10577
1875
7386
4160
24250
9667
13877
4535
2060
23944
3046
7794
5281
6954
3628
6230
7120
16550
2880
9233
11111
3561
3439
25481
5268
7466
8220
5653
6572
12421
5105
6732
16714
6844
6097
3550
3693
7420
5601
34622
7205
13585
5336
11424
2823
9446
2151
3720
4440
6717
2968
2147
4391
18289
11609
5063
14311
14277
16707
12032
5531
9142
3007
7288
4869
2998
3888
4845
25936
23162
3558
9914
5243
6337
9150
14108
5219
9220
1282
4775
2837
12780
9681
13929
10342
11161
12697
2320
13693
4669
7853
6880
4022
5033
8902
6563
11993
2372
1970
4500
9879
14436
5932
3837
13561
16597
4498
3560
2996
18220
4710
6459
23584
2612
23579
8927
4586
6354
22338
2195
5485
12136
9228
11745
6815
2546
3547
2344
3586
5477
6077
17985
9366
5673
2475
6945
14318
2439
2903
2343
3684
7534
6222
18744
6379
4893
1810
4049
6510
11165
5235
6543
7571
16131
4322
3833
9094
16484
10824
7840
3792
2788
2698
6761
6555
1511
5684
10451
5362
10223
8235
3898
5377
4631
3142
14198
5516
6733
2441
6132
4980
10940
5642
1904
3928
5147
2683
12847
6997
10592
9013
17657
7295
7322
3811
4596
9625
2251
10439
8905
8985
2894
6381
1779
1293
6196
9229
2621
2866
7201
14168
4371
4766
11192
4528
9491
42059
3424
7684
6235
6524
10470
6450
5117
10582
5232
6591
5713
3085
4188
4450
4310
3461
3269
3511
3099
7566
4985
4228
5109
2967
4520
2625
21348
4278
6458
9962
10752
2674
9343
2498
7813
9559
1621
6173
3549
3026
2027
6414
14053
6735
6422
3256
2585
12169
9577
2795
8433
5362
10685
3891
779
3233
3164
3478
3925
8325
11370
7533
5529
6116
5410
5601
3596
11037
2368
1648
5514
3078
15044
4946
4923
9627
1504
11924
5500
14961
1481
3814
7388
2953
4177
10791
9263
5330
7517
4241
6936
8059
6652
11124
10461
6278
4606
28360
15630
8029
10235
3212
21862
11093
7267
17635
10192
5406
2649
4638
2450
3022
13074
2307
7374
4427
2298
3777
6015
10135
15027
11296
6336
5183
5423
5145
17015
22961
6005
3111
16959
5769
6421
20776
3047
8192
6702
17932
3696
3313
11940
7583
5855
2857
6399
16451
17943
6689
7849
4861
9847
2467
13655
6391
16259
1411
5983
5592
5449
3579
7165
5738
4265
4867
56802
23977
5586
2514
13928
3354
4780
3742
4762
7901
12179
2915
10981
4604
30474
890
4334
11436
12850
2235
5236
4581
3371
8042
19516
6254
2720
2575
9328
4312
4119
27110
7050
2014
3854
14018
2261
5108
12406
2504
10841
7394
3934
4959
6431
8344
3162
4600
1746
7768
15572
4792
2944
1770
2460
15054
6495
5060
5013
4789
2380
6890
2623
20814
4605
9839
4368
9357
3708
4037
13640
23089
22728
9751
10545
2733
2528
20695
4139
8913
9624
24252
9038
3933
4207
6274
2591
2311
5800
7365
6037
13540
4042
5723
31490
7036
3094
3055
8242
17167
24535
10225
17487
17575
2760
1876
4193
4509
5472
2290
4494
12547
17667
8052
4231
2701
13049
5829
11102
4998
6201
7064
10958
5208
9694
6843
2946
3977
4077
6049
8943
10267
3942
1674
13150
22424
7285
6541
11569
17623
3406
4116
2289
21386
5508
2493
5207
9225
2005
2243
9266
5580
10118
3582
2988
4599
2792
1931
10703
14095
21299
5797
5917
6411
6593
3025
11999
4284
16091
3406
14386
3990
4159
4709
8017
5420
2522
5061
8393
4021
3033
6938
1801
2619
7696
5950
10919
9845
23364
11050
24345
8474
8955
10184
4380
3656
2483
15648
8925
4247
1208
12268
19819
18140
5487
31726
4107
3814
2982
6467
5724
2164
16925
5943
3590
4231
12918
3016
15244
1897
11072
5548
5567
8329
1931
8740
5112
10814
6119
11560
5022
15610
10966
3922
2723
3615
6236
2514
12727
4191
5140
6151
11174
14604
2624
2580
4588
2648
11856
2743
16965
4995
2559
4808
12192
11544
3963
6000
3232
13492
2157
9676
8080
7589
5540
2307
3129
6899
22115
6330
3005
7230
9798
4630
6503
4733
5827
7471
5464
11046
3741
36170
7060
4875
4712
4261
4765
3336
12301
3222
17507
5414
5810
3297
5187
1397
11921
3496
7860
12745
19357
8230
7507
9215
5657
6594
14675
7635
12435
17722
8484
7033
19268
11207
1948
18113
16496
6627
5024
3942
7460
19387
6813
1548
11444
8307
1019
4402
6380
10956
4397
3879
5066
11075
11836
2642
12664
4754
9475
5025
18830
5504
5452
11180
2090
11970
1328
2586
9378
11064
13016
7734
12920
6755
15150
4907
4738
2811
8348
4638
3421
2478
22041
6347
4435
3209
4057
3651
5371
8778
12858
13772
4977
8100
6932
4363
3672
22186
8364
9942
2233
4673
3952
7415
5219
27789
3902
4932
2118
1854
8192
8236
4781
12606
4326
3651
4380
18423
4980
2652
1959
2967
1668
5630
3886
6258
6634
8464
10635
6526
3980
5595
9849
9471
1714
3141
1367
17658
1605
8626
3434
3098
16436
5155
2487
2677
3086
12214
4754
1813
3758
5099
5590
8607
8663
6320
4182
5740
5360
4023
7769
14581
15960
2894
49957
10713
13623
11769
7804
5307
8203
16279
6174
3271
2733
3997
3060
4439
9905
10790
2615
4554
3382
21383
13567
2582
5966
1676
2217
2192
6901
7572
8619
4090
1098
20928
3339
3781
4417
19256
4995
5451
3275
10253
3538
4292
29292
10586
8971
8308
3428
7734
2433
3374
2551
12101
2044
2370
10901
2184
46955
9987
5531
4026
10166
3921
14086
3319
4745
1698
5312
3043
12541
4578
11892
13757
3524
7412
7580
4334
1424
17862
3011
2123
7947
1484
15113
8207
12054
3824
12880
20107
8924
16480
2763
10169
7627
8348
3918
10908
2566
7076
2637
6552
10189
752
3854
4455
1206
8766
29797
11452
10234
5917
4373
4969
11148
5407
8682
4361
2458
20462
3333
4032
3263
10202
13502
6171
14476
6535
3446
18487
10173
6733
14289
6139
9477
12367
3702
4451
9302
21987
7505
4410
3051
2396
1609
5324
11951
34636
9048
4873
7275
2261
3645
13132
3347
8715
18019
4554
11759
10901
2532
5867
10334
16371
3906
22308
4993
2925
7630
6859
15817
2125
2073
12389
4187
8298
4568
3367
4184
2217
3988
5513
3625
5361
9670
16312
1736
4390
17271
13851
4764
788
8613
5594
2479
10168
12187
3260
4689
6122
9065
2929
7652
4254
7345
2797
3858
6022
35320
8787
6233
2722
7843
2472
5754
5337
12978
6941
23240
2253
3109
3139
1289
12664
2999
6602
23968
5131
3764
1841
11778
3426
4299
12217
12073
13076
4718
16574
4979
9803
13383
9767
2693
9029
7775
7859
1220
21538
13693
9288
6453
17500
3808
3087
8344
11660
6660
4060
16001
2142
8846
8591
4424
4530
5738
5399
3647
5130
17892
6063
4100
11365
2338
7256
2343
12284
8022
4494
13385
7019
7324
3203
29799
12558
7651
2897
18500
10169
12532
3954
7195
7421
6152
21455
15490
6836
9531
5376
17022
2681
3650
11518
4046
3526
9369
7791
6069
7774
4209
4779
10969
4047
5936
6002
7202
13283
6875
5652
3791
3710
2994
8509
7582
2731
10302
11925
8486
3928
2794
9429
1830
18633
7563
2531
10073
7117
7348
3456
2246
7348
2569
6317
2362
10553
2427
8270
2802
6593
7046
3778
3083
9927
4139
9491
3181
8874
2155
8694
5018
8349
6696
16660
11805
4294
4321
4335
7040
3416
3421
3157
13140
7067
13572
4691
9449
1704
16873
2273
4929
6351
6418
4372
4090
2431
2933
10229
3505
21350
10052
7567
3821
27369
24677
8193
5236
23034
5289
4165
16545
7200
11340
1973
21880
9190
12500
3828
5744
12773
1978
3967
9780
8604
8992
2441
7469
3538
7835
4056
8344
2656
13820
9719
1968
6193
1727
10487
4807
23842
5618
10430
4085
13385
3704
10844
11913
7776
15157
7776
1028
15701
3005
3729
3362
14528
6075
2589
7968
3636
4231
13600
1602
3057
5733
7651
6285
2058
3296
13715
3203
7333
4247
3409
14299
10416
9052
2872
1823
3711
5627
8495
17131
2177
4923
4686
4445
2576
24069
2572
4501
7149
10571
12714
9968
5292
5714
2201
2865
2923
3968
25112
7231
4463
3612
5116
17342
8539
10966
9392
10958
27712
8769
6914
10147
11413
3256
3914
7398
3190
5459
3580
19328
16229
9036
8015
12044
2819
16539
2124
5612
6301
8756
5023
8038
2026
17528
2465
31332
8792
17298
4656
10186
4452
8083
6523
10643
1904
6851
18024
3701
2781
3314
8693
21477
3032
7550
5797
3266
9155
7696
5495
10029
7436
15648
13328
5036
7801
3923
8337
6535
3034
3277
5887
12643
14538
10029
7338
17964
5541
7741
12919
4110
3615
4864
1964
3372
2396
11594
10611
3654
8229
2747
15643
12624
4867
11453
8660
3826
6668
5122
1474
34388
2462
17090
12392
5843
5319
1999
4365
3204
4884
6577
7290
842
3614
3259
1974
8778
10476
2968
5171
2565
16977
12855
8693
8947
4591
6333
6301
10094
6662
2715
3092
4758
3835
10212
2613
12606
6549
8031
3926
8513
8452
5888
14406
20183
2953
20011
12737
20039
19457
6800
8614
728
5608
1412
7609
4324
3706
17645
3731
7190
6097
11369
8141
1887
10118
1041
1981
10081
10542
15891
3355
2787
4344
11559
3659
5301
6647
2704
4974
3629
6034
8785
7255
19867
5665
8317
3116
9266
30741
12788
7409
9549
3676
13161
7821
5475
7092
6201
2390
3030
5307
7311
9404
15148
1337
3069
5241
2917
2019
6560
8146
6719
8702
16392
3841
1927
2863
21478
8245
9981
13305
13244
14569
2418
12178
12281
9422
14783
11246
8350
11095
5723
3726
7130
2300
17339
9279
5396
5889
3979
2203
2876
3176
14148
6338
6641
11330
20930
10021
5386
2203
3061
12031
4914
6683
5527
10331
1652
2187
2176
10893
7404
6313
3224
13558
7966
1752
20640
9825
6829
5982
3763
8969
4188
7033
7002
16814
18395
15380
1751
3805
2759
4916
3601
2304
2261
2335
2618
7725
1708
7389
3220
3001
2312
6048
4010
25721
4043
2741
12876
4424
3573
1571
13167
34019
4528
3583
6361
10898
4917
6479
2706
9004
4072
3547
12950
8811
2456
10778
1735
15026
8923
2530
4634
4106
13014
7788
2994
4673
6233
12601
3109
3511
3808
9050
3637
4746
3494
12875
6422
2150
5300
24266
2417
1752
8471
2940
1743
3865
6785
12879
2288
7806
15199
6515
8014
4629
9310
2113
8627
2939
12119
13764
7668
5359
6716
2995
7848
4796
5993
6696
19909
11140
13899
6116
15121
4054
2402
26563
3412
5479
2210
2766
6055
5875
1285
17017
5494
2314
4827
14223
5124
5818
3229
4210
9213
4853
4196
3351
6523
1423
5975
8902
6196
3593
1783
9040
2203
2177
23194
8431
1742
6240
2450
3592
11296
2062
5340
9303
6855
1711
4888
12032
1851
4007
5317
8479
3142
10657
13404
12253
8513
10386
3360
11220
7508
12362
4136
7566
4368
2212
6995
3717
4009
12038
8328
3144
5457
2923
3111
10030
31150
4460
3428
4437
15320
1492
7954
5744
3288
17075
2337
9742
1572
7055
2661
1531
2553
26990
19520
3859
8163
8755
6140
2551
4517
2522
38716
8204
1631
7039
16944
5192
15443
3655
5186
5511
7379
3715
2184
3898
8395
2556
5252
4279
8650
2622
4940
10134
10033
13235
1550
5214
8993
2723
4433
12633
10831
2029
5098
18720
5461
5166
28909
5814
4494
4488
1578
22470
1275
5793
4123
16125
6888
5825
1963
10756
7139
8815
15231
7927
2885
1418
4287
6477
5141
5135
10981
6324
2051
13943
2110
6400
1335
23641
9999
3996
6098
7887
2388
3940
3255
3900
6101
5671
2062
6575
12286
3867
10145
6716
6209
7009
4713
13846
4928
6623
17386
10529
11571
5347
13622
1947
16933
3240
20331
3911
5095
22465
45577
2101
11137
8630
6588
3694
5329
10001
4473
7341
5382
6303
10202
2271
2865
23224
3910
6408
3384
6689
16789
2375
16012
7436
5287
12517
6113
10968
4373
2287
2084
4266
4593
3889
3119
7812
3117
5112
9707
13829
5451
19921
4003
2666
11689
11302
6299
10754
3607
13565
11780
7998
5242
2839
8610
7614
6831
5768
9191
18165
6005
4415
31670
2242
6587
3198
9738
13843
3645
1827
7021
5196
4674
6924
4643
25556
3084
3313
7556
14897
2891
4243
5146
4974
6048
1594
3276
5594
32467
1876
1629
6019
10791
18805
12944
8635
20292
4512
25315
9128
30254
1390
6017
15450
6322
4184
9033
5771
4612
4092
3333
1578
14654
6687
7835
9418
13520
5626
5615
5128
2769
7662
3497
3268
4059
5215
3282
4463
4754
5108
4616
7853
4649
11134
2465
2191
19297
7295
5121
8031
7487
13078
6825
15352
6189
2402
6762
12659
2280
9846
5401
34109
3980
15793
9906
3005
13552
5700
3638
1761
3792
7923
8554
6588
11753
7833
9180
10388
4593
11664
13514
11649
2785
3214
10064
2047
5205
9715
4605
32037
6602
8589
5632
6960
3393
7459
1950
14023
19411
2611
18293
5925
2361
11014
4627
3746
21407
9767
7774
10494
3474
2373
760
6624
4226
9453
17587
6608
2604
3680
3335
6423
4963
2891
2537
3372
10089
9180
3779
4355
7359
4049
8330
9388
4720
12515
7420
2840
5118
2573
10855
6512
5097
1582
18041
3313
3513
1907
6979
3493
1557
4256
6839
12528
9902
3091
5006
7453
1484
10753
3860
14886
4924
27229
5882
4286
13028
12175
2942
1630
2525
12235
16528
6602
3350
5906
10900
10040
25594
2405
4397
10307
4625
6387
6818
5559
5237
4019
7671
4619
9561
11187
2122
9429
8619
20100
3141
3292
13485
15795
20260
16771
4252
2353
8342
5192
3463
10303
1442
6967
17202
3692
11181
9907
17271
20538
20137
5460
4152
10330
4234
2996
6247
3693
8036
4239
5719
4342
16139
19061
1984
23678
9278
22237
12862
6016
11567
4780
4933
5988
3602
19713
13229
3503
9597
4325
2279
3774
2546
2432
12082
12216
13127
5070
2637
13806
6100
7977
7167
9168
6113
21690
9579
3511
15988
4639
9615
7773
11220
15966
10797
4403
5856
9194
3607
21248
9547
2836
3842
13294
1984
22077
6615
13075
11079
3776
10238
1515
5762
14366
2922
6144
4051
8327
5532
16975
3809
12836
4680
10217
3591
5975
2863
3551
12972
6736
10307
22671
1428
3856
4359
3123
4203
4321
3028
9788
22874
33906
10014
21305
11793
3471
5235
1509
14571
13092
8791
2595
3312
3568
10965
9212
16420
2807
16874
10459
11408
5710
4738
12198
5118
3905
2750
16322
8064
1932
8852
7182
8245
2258
16976
10706
7074
12956
5454
16004
7166
3523
6250
7423
13145
4231
3277
2825
2076
5021
3044
7695
14717
4226
6488
5380
8024
8254
7275
10352
8300
8267
7050
14221
1131
19303
4651
6020
12373
8003
3750
14855
13655
2128
3963
7481
9863
3003
3701
10090
16585
3863
3854
4373
5597
5632
2464
2820
3236
14842
10388
5884
4106
7544
18786
2162
11055
16256
10842
5900
4466
4036
3435
13708
3530
2928
3709
4240
7453
10960
8802
3268
6286
10274
8087
2272
18507
2558
8955
2874
4531
7159
7853
1741
4679
5617
14166
4565
3239
3972
10497
6360
949
16742
40287
21035
10459
2662
1548
2038
16876
6576
1447
18553
7247
18282
38121
15908
4497
3072
13169
6166
6329
3060
3634
8867
1804
4627
3097
3072
10836
4719
12391
8513
15077
6300
12757
3170
4221
9573
10287
5181
15214
6918
11626
5582
17760
9327
6027
6923
7160
7733
4764
8422
1963
2090
4744
5589
4266
17243
5745
5004
11399
5909
7226
6712
6176
5275
3810
2969
2824
3544
4828
7222
6341
7647
34183
17191
1820
984
6589
18830
4269
9881
17672
7712
9496
6653
5098
2392
4930
5591
12865
4988
8931
1820
12220
23076
5387
1077
11449
2890
17602
6999
10915
9630
3153
12562
10227
2089
6168
9021
5835
5007
2343
5836
10330
4537
7072
8312
6953
8089
2396
5592
5288
2149
7883
4222
2440
3221
5316
1393
5008
2944
2737
4445
7737
2866
18409
4020
8221
3191
1571
10201
8258
2269
5401
3696
4750
4788
9027
4492
11801
2085
3857
5494
8157
3415
2406
2840
3136
8591
3123
6651
8813
7965
7556
4367
2202
4860
9122
5630
5758
11530
5698
3758
14622
13622
6331
4046
4170
3096
15582
6100
8492
8899
18858
13564
1698
6980
3753
3581
4102
6072
4345
4185
3930
3694
6548
8349
6105
6196
6342
9478
4105
2733
7626
7192
2774
9377
2916
2771
18132
3292
2009
12538
7044
3468
6033
3792
2773
13184
15049
14293
7020
15066
1924
4090
2153
9493
10834
2725
4298
9294
6466
5584
4613
4145
16413
13567
4428
5215
7781
2310
2150
20617
3084
4228
7255
9743
2211
2701
12722
6808
8843
18351
3842
13661
8308
11670
4675
3908
4347
15951
7366
8189
21415
6423
2877
2970
1604
4149
8837
6118
2090
949
15994
3368
4266
3605
1901
7841
7134
3347
7452
2978
9796
16599
5541
11138
4071
3145
14437
4806
7651
2538
5453
2139
7316
3121
6192
1770
33102
15425
9298
3561
1844
17736
12467
12804
2189
6767
9678
2267
11860
10374
15372
8602
6921
14017
1228
17829
5567
3008
1868
2484
14663
8278
2621
7595
2602
3317
9686
10742
6792
2073
6741
2090
5588
2752
3337
10052
7333
5923
3422
1929
10320
7279
3796
15461
1505
9605
7827
4589
1665
2323
6708
3306
3845
11977
7044
9881
2717
4666
8245
12145
4636
4582
14263
10768
4331
12562
1975
1446
8693
9406
2894
4073
5522
5350
15575
18822
9397
24481
2701
12212
3643
7300
1498
12543
15054
6513
5599
14552
2809
5776
4274
6338
2768
5777
2835
2647
2434
7060
5088
14326
19137
4854
10525
8378
12850
2406
3588
13332
7535
1306
9179
2914
4418
13159
5025
5662
2731
2453
2466
10737
6658
7317
10545
2378
18722
15456
14458
17913
7013
6598
1788
9612
13256
2911
5083
20536
28260
2582
2531
5877
4376
1983
15533
5756
2207
13460
7266
7158
1518
5495
1917
12022
5965
1973
3492
3474
5243
5873
2919
3107
5478
4256
15425
11781
7800
6680
16154
10842
7573
7795
5081
8902
13038
7026
3590
1423
14873
25896
5053
12578
8947
5759
9261
2505
1888
20499
2641
3844
6318
28319
7564
10575
2592
7106
6870
4604
23328
4255
4609
3313
3241
5886
4573
4095
5291
3209
3943
6859
14489
6846
5073
2477
14539
2638
4375
15562
6494
3844
17393
8101
8983
2951
2610
9291
4383
13528
8598
2933
10872
1072
23120
24661
7034
1476
1961
7158
6898
9633
14943
4895
18100
17958
5336
4933
14640
11713
5830
4146
4247
6278
22798
1558
21772
3154
4540
7088
4257
3559
6718
8554
3492
56655
8158
9250
3893
19675
15574
3497
4549
7887
4579
6564
6062
8871
18950
28125
4319
6034
8983
17820
6851
2835
6156
2092
6752
6797
6669
3379
28051
14571
12764
5046
6436
2773
6520
4028
4280
28078
6073
5170
11655
9373
7015
7033
7613
3682
7066
5151
17783
12669
8462
5127
5716
1743
5886
4665
16081
6277
13013
3991
12274
6111
3030
6810
11053
18978
4457
7637
9286
7041
6161
3108
4088
3596
3951
12838
6130
4395
7631
10296
2723
4355
3865
19795
11336
7111
4053
3328
12536
7075
5477
3202
4186
4781
3220
6436
26208
11137
8695
6074
2142
12001
8697
5351
15580
6796
14315
7314
5259
7125
11871
10880
3542
10634
9031
3831
5653
3183
1325
7894
3134
15359
1482
2468
6604
7230
11154
28152
3448
5510
11267
5331
13839
1975
15398
1108
4086
2133
20160
8440
6726
19934
12213
3349
3893
27143
3546
2489
15136
10158
3705
3541
11120
5870
6134
5399
3169
4436
5870
4535
3064
9666
11269
8087
4566
26282
5177
6944
6815
1592
24011
9470
7881
10031
22411
2222
15059
4359
15887
8922
6225
10241
10757
6102
4305
9767
2159
24760
7920
5120
3059
7882
11830
16509
15606
11631
22161
5876
3339
8299
4755
4361
11247
10803
6421
16070
13634
8007
6420
3463
10404
16369
4948
7532
7017
5292
6718
3590
2569
23351
3291
2365
10961
11182
9455
2846
7737
5708
3504
26813
3500
9383
15923
4992
6586
5073
5448
2368
12589
7495
7809
4075
11328
12957
6488
3781
11100
13124
9035
6301
7238
2977
3209
2352
8299
17437
3623
8144
3255
2309
2464
9312
6576
4987
3171
2111
1366
6866
4522
7497
2194
8743
12623
3387
3755
8469
14249
9961
14608
12750
9359
7872
9297
2092
11401
2933
3443
5389
5237
2347
10557
3775
5366
4911
9690
9319
6546
6169
3551
3310
4852
10066
11082
7140
2623
5739
3910
3095
4794
4379
2200
3887
7127
1690
15321
1727
2138
4454
1334
2637
7404
8265
2980
3150
4267
5895
2231
2993
9613
12033
2323
26708
5396
6591
6018
6338
3992
6675
5219
13201
5746
4162
8528
4113
21068
21509
6153
1665
8117
24575
2373
2104
2389
3216
1660
19710
5706
12146
6248
5233
11073
5348
8445
2146
7957
6535
7198
5893
5005
15526
3239
4713
11002
18033
1130
5271
13639
1759
4206
1706
7133
1564
1949
2181
17797
12290
4757
14354
3112
4134
1607
2757
17057
6209
8286
2201
9878
3154
14310
28695
11611
9528
3893
15565
12485
3120
3422
6773
5178
1827
5309
22827
5967
2462
16253
6137
3312
5142
8511
7973
4963
14751
17019
2061
8645
7445
5873
4626
3186
8303
10397
9609
6465
5488
2172
16482
3186
11278
2591
8744
2630
15342
2781
3771
11412
5595
18433
2780
1984
10210
4528
4360
5639
1822
3889
6383
11805
5449
5803
5541
13456
7326
29990
8636
1795
16860
5478
9250
14467
3035
3332
1706
1841
4071
4625
2041
4990
7031
9203
14861
10271
7210
3600
5689
2943
4865
18691
20706
9869
6480
7698
4480
5249
5785
2072
6182
2993
6061
3498
10651
3957
4390
4596
4306
1471
8045
2267
1225
3539
18564
8494
9295
32291
5909
1473
5018
6296
11156
10053
26673
5602
5172
6517
5095
3425
4674
5891
3475
5344
17237
6809
9785
3356
41060
2763
1285
8011
12609
14205
7274
5611
8254
1568
5460
5888
7526
10252
3819
3998
2888
7327
4335
17595
19563
7647
3754
4350
21592
3741
3558
3391
4740
6998
3099
6344
12576
8215
3110
23556
2665
3185
18315
9404
7284
5391
4701
8203
10736
6832
8197
11330
6238
6707
4899
1678
6744
3902
1808
8490
5267
8642
10654
10821
12212
7426
8023
2658
1885
27008
9895
3068
11068
6017
9370
13813
15132
10154
7552
3907
3141
2891
8197
4224
8980
5299
23884
8882
5570
1734
5732
3412
11211
8335
4693
8573
8230
13320
6260
3583
11614
4098
4013
3597
12020
4038
12235
4037
7360
3643
7991
4986
3193
13311
15801
6577
10765
7512
2225
8581
2652
4522
6392
2605
4110
6675
10675
17974
4215
14417
5363
4591
6497
8593
4334
20243
1813
8555
8572
11614
1959
8631
6433
7752
8920
8356
4036
7429
11229
7437
12947
8140
6307
3684
1753
3145
20757
23986
2976
15260
4242
16887
12511
7870
12612
7812
3156
3399
5476
8795
5033
1740
3930
2870
3855
9712
2610
1992
8629
8620
4789
2601
7118
3095
8715
11094
1787
4678
13144
3404
15626
11376
4088
7210
29422
7590
2861
3169
3010
16839
22478
8849
7815
4627
2408
13811
3639
2285
8994
12937
14836
10731
14462
7893
14293
2674
22831
1810
4982
5304
5776
12253
12007
5402
4298
6630
15620
11943
3589
6364
7343
5266
3734
10650
5426
6355
7736
4124
17020
8070
12136
6318
6619
7441
1649
10657
5536
11536
3804
12509
10981
10589
24328
6929
4222
4154
1616
7099
6847
7108
4646
7631
10471
2142
5320
3441
10847
13529
7295
5540
3218
9462
7988
14360
6708
8908
7635
5371
9400
8462
9698
3312
3401
1664
3822
9006
8253
4258
1907
9903
6002
2447
7296
1603
4504
2859
6600
6243
8877
4396
7236
4771
4332
3442
4117
6530
9166
3910
8973
3076
15441
21846
9338
2919
10947
1766
8193
17725
9646
6087
4289
3153
2736
7463
4067
15082
8327
13662
21928
5852
3633
6775
3899
6128
3441
13958
7970
961
3392
2991
2787
8922
4496
7478
3933
9355
7862
12201
10757
5216
11447
21434
6574
5270
10543
8585
4718
12969
3615
16256
4096
9547
20965
1535
4559
4338
6916
18622
5894
6153
8350
10289
21549
3227
3166
6044
7787
7827
2035
8513
4681
9817
7588
11626
4551
6477
6530
7820
10331
4041
11296
11837
8241
4699
18996
3990
5273
6386
13263
5678
2114
14306
8524
15121
1850
7215
7551
5229
18128
3508
7677
19020
9251
16579
24468
7393
11186
7152
6075
11379
4994
24251
1905
2218
9245
1554
2323
9748
4504
2458
2517
6741
6710
3276
5443
5613
2759
10263
14403
5241
14671
7071
12842
10410
11367
4508
5682
3516
18030
6186
2092
2378
2454
9092
6516
5968
1374
12274
7961
5956
3441
9993
1381
27310
8741
8768
8008
10190
7209
12182
4581
17987
10146
3028
4460
9798
10189
15685
8025
3822
11503
5534
19322
13871
5696
3629
20786
1892
3583
3324
10424
3262
15555
4888
11688
18606
5600
8430
4201
17698
2915
8374
13342
6205
13303
6339
5422
9113
9328
7929
14534
6528
4600
8744
5875
3168
20674
3459
6888
9518
6165
4239
15633
1454
3521
2969
3279
17189
5843
4352
3286
11013
3384
4791
15585
18296
5745
2989
3406
9085
2305
16099
15788
4789
6940
7376
12031
2126
9341
8375
2069
26088
2702
2972
10822
1493
4470
8887
19207
5907
5502
3780
6025
9821
31944
7859
4371
4878
23390
6454
2674
2167
2440
6321
12892
1113
1720
12681
10182
1550
2183
17538
4392
12855
5747
9268
13121
9888
12270
3781
6450
13063
8758
6745
9576
28545
13554
7930
3829
1981
10145
15647
4735
7886
3497
1369
10914
4304
4659
4529
5226
19197
3690
10218
1910
3633
6132
16808
7622
6185
4698
8247
4251
4389
27525
12054
7463
8324
6225
1108
2974
6944
11788
5360
2235
3081
6151
6484
15353
2908
3798
5032
2278
3331
12528
7588
5718
4976
4015
6667
2437
5751
3551
4487
12059
1368
4281
14018
1680
4572
6022
2261
3129
5247
10074
2935
4840
5126
6525
4979
5623
9411
8205
12012
2272
7195
1818
6329
2155
8538
2975
6610
5317
15144
8134
10958
16592
6167
5295
16502
4880
7357
7900
3892
6757
5873
5607
9672
5726
7319
7098
9360
6967
5860
19424
7599
8557
4794
2445
2800
2746
7595
3204
2083
6726
8815
14634
4313
3381
4938
4380
5595
6004
16942
5792
6816
5400
3847
2144
7980
5587
5432
3606
2191
4568
8367
3417
12649
10208
2178
3750
2627
10561
3531
5679
2678
3289
15459
4325
4420
3304
6055
2686
3470
5671
6886
20154
5388
15230
9132
3294
3713
9022
2647
4649
6048
10992
17468
5456
11931
7555
11567
5461
4036
18226
4255
1922
5333
16076
18959
1540
7345
10228
7453
7754
6828
3568
4181
8663
6239
5187
3685
6033
7554
11718
4341
5578
5968
11599
14295
6536
4585
2447
7608
26318
2470
3699
1567
8016
10292
4377
2125
11197
11034
13064
15013
5810
2604
21985
11362
5594
4636
6412
6122
7664
1284
8881
23336
1842
3671
808
14010
1658
5896
5007
10459
37734
8579
10869
2556
4136
1976
2606
9507
8785
6763
6348
7211
3475
5094
2183
8014
3728
14601
26066
7097
3566
12809
12337
5011
5458
14417
6475
9504
20213
9436
3286
2736
4288
2991
16037
15512
11640
9457
4187
6178
12338
3400
5034
2683
1347
11335
3165
7681
2146
3233
4095
6553
34979
6183
5765
3330
11362
12394
2950
8245
16133
5302
4304
11837
20771
2380
8010
11072
6913
3283
8158
7450
6176
8363
4513
4593
8493
5551
1519
1624
7063
3814
11105
1679
4722
7344
2008
2855
4512
7347
6696
1093
4673
22309
3603
3240
4827
5845
8465
9036
12906
2616
6617
24152
3723
5077
9126
2116
1756
3053
3122
3142
24788
7666
16247
2526
20050
3169
5202
2745
8634
9212
5112
4832
9197
3159
4646
1897
976
1871
3150
9284
5982
6744
9214
6940
17916
4499
24626
9970
5272
3520
6465
6317
4482
4832
36783
11277
1805
3184
4948
1633
5268
9130
1870
20040
2313
21629
10999
7840
9301
5406
4653
13835
4160
2278
2996
9060
1373
5848
1860
4487
6602
1415
6287
6313
19893
4529
2276
5853
8820
2954
3842
5810
6824
12425
12983
11999
1672
6553
9662
15939
10735
3227
3972
4851
2362
3929
8358
16204
3127
7966
9710
4411
3742
5092
6658
2710
3169
10091
2398
21893
12578
11481
4223
5476
6066
9681
8490
4113
26902
17415
21118
9009
4673
2313
9434
5246
6025
9926
3063
2651
4699
1658
10659
9923
19059
6831
8141
12560
8827
4901
4354
2810
15280
5574
3150
9572
26316
6755
26785
8818
3787
19857
12221
9752
1804
14826
2429
11125
6325
5463
3406
15131
3715
10858
1706
16728
3024
3728
2562
11371
9030
18300
9044
1518
5983
10346
8060
6011
7872
13321
9261
11544
991
