3818
8073
5928
3630
3485
5161
5050
1356
2101
4802
9945
4899
4513
12626
2549
10668
2551
5152
3645
2818
17638
14021
4520
4741
10777
5633
3516
4765
8587
9333
3819
4665
1653
5068
4257
2553
2118
1212
3052
2850
5845
8233
3220
2838
3372
7421
1600
4188
3315
5667
5947
5245
1881
9267
4877
3831
4930
2689
5859
6117
3129
5560
3377
1227
2559
5409
5981
6104
7970
3404
6343
5983
7639
4553
6449
4517
5337
3612
4141
8161
6664
3295
7345
5082
6129
2856
2182
5963
1706
4088
7234
4654
3606
7431
7973
4467
4830
4359
6640
5712
2701
3207
2726
8854
1530
2231
5565
10724
3252
3043
4140
9300
2766
5326
6463
4775
2917
1691
5766
4794
1193
6528
3468
10524
9379
4074
2886
4675
8338
4739
1641
7450
15856
7376
7386
8710
5194
2821
3421
4107
3221
6969
20965
2761
2324
4853
2542
3332
4328
6570
3216
3397
6140
5685
2396
8415
3597
5141
16352
2367
3005
4758
5675
5081
5130
3752
4308
20894
2457
8011
9079
4674
2877
14802
2348
7452
3116
3144
2608
8738
2400
5704
3551
4367
5390
5550
2007
3088
9600
5704
2499
4411
3004
3986
8203
2041
4660
7665
4152
8500
5050
2339
1488
6240
7183
10332
13537
6202
2756
7919
1454
6503
5251
8032
9181
10187
6182
4615
1440
2422
12045
3532
1441
7506
4416
5312
3438
6266
3236
9128
8450
4274
4279
2213
10872
8028
5111
9528
2060
4243
3444
3363
8721
5358
2451
6569
3522
6965
2872
6266
2456
3238
3720
5549
4861
4357
1577
3949
16435
7471
3375
5132
3982
4173
4424
2442
3581
9886
3872
2537
6609
7039
2322
5086
2488
1792
5531
2089
4384
4335
7201
7162
3566
1666
1740
2971
4704
1788
2534
2698
2465
6740
9452
4957
2772
7976
2669
3863
4452
4290
4785
4329
2888
7643
2820
3762
4486
5176
5314
7386
5851
1255
4190
2746
7588
1551
2708
4166
6109
8187
4152
4669
5960
1956
2620
4390
4074
8641
2354
6354
2891
4349
10047
2444
3129
2856
2463
2922
998
2743
6644
7758
1665
5153
3227
9501
5352
7330
4788
2861
3535
3567
5664
1756
2358
3670
4187
5728
4971
2072
2044
2803
6452
3175
1709
2443
3604
1221
7101
7618
3050
4459
6213
4985
4566
12538
2056
11067
3593
6485
5583
8482
2116
6014
5257
7372
6036
3382
3209
12099
3355
5368
7412
7113
8227
7545
4282
10799
1389
5323
1589
9477
4873
3640
14761
2653
6002
6872
3864
3378
2752
5797
2530
3849
2962
2794
1615
4608
6631
3295
4745
2735
8438
12438
12546
1601
6072
3612
6822
13421
4674
3174
3316
3976
7525
1732
4435
2559
6599
4562
7272
7147
2852
6726
6930
4806
2170
2555
6705
5233
4639
5985
1740
2811
3434
8524
21962
6770
2654
9512
13486
2628
6404
5221
1565
3069
5738
10747
6819
2791
6414
3446
3412
4198
5924
4597
7751
5053
5335
7797
4546
4956
2902
9756
3729
5816
4613
2437
2456
795
5792
5758
2201
7969
5622
9165
3532
3751
3899
3982
6131
1500
1342
2286
10891
15360
1837
4101
2026
5015
4057
6159
5208
7569
1988
6664
1787
2773
3180
9362
6060
1273
3476
7720
7160
3273
2653
3650
1945
4416
4244
6842
3108
4329
7195
2051
2196
1795
11482
5597
6918
10052
6751
11560
2222
3208
2430
10039
4974
7512
5661
5681
8933
2876
8475
6930
3101
11101
7203
2868
5029
4741
2717
5909
4401
4429
7743
5865
4536
2144
3087
3378
10359
2848
2678
1382
7995
7797
3248
1209
3119
4097
4714
1925
6082
4064
4540
11460
8549
2140
2213
16559
7893
3281
2821
2205
3695
6379
2342
8100
3425
12874
7677
4685
4068
3849
3390
4653
2520
3575
7526
11017
1712
6409
1602
4170
3083
1425
5447
7274
10983
8637
2610
6195
2363
2011
7743
7639
4681
3946
4331
5213
2713
2865
5018
2709
3659
11626
5095
7051
10049
3462
2811
10411
2817
12422
2387
1385
5255
8101
2351
2900
1897
3284
3100
7536
9509
4283
6596
6586
2084
11043
16673
3007
2654
3263
4198
5916
15322
3691
5545
2332
5891
11539
2125
4980
2687
4922
2899
2208
2650
6025
8365
4991
5428
8462
3299
10359
16996
6127
3533
2113
4539
4097
2642
8804
6143
8815
3173
2806
5623
2409
1172
2484
6447
4460
7708
6114
5241
3791
5094
5036
2796
1472
3820
4774
3532
3845
4323
7091
6040
3478
3041
6782
7904
10447
2780
6839
4697
7333
9335
2222
3335
2850
3806
2671
3461
5598
3772
4696
9943
5074
5530
3280
9583
5732
10799
4066
6224
2114
3009
16661
4404
2706
4518
3555
5360
5653
3521
5876
4196
4404
24849
7482
5641
2304
6095
5536
1888
2348
4470
2694
2736
7559
7705
1341
3775
3483
11058
3946
2569
7100
4500
6429
8078
12187
6243
4515
7716
13680
3077
4420
7484
3687
2362
12646
3412
6269
5996
10063
13550
2046
3144
4673
1043
6963
2544
12457
6510
2205
8722
3596
4934
6573
7612
2081
3185
2155
3479
3543
6206
3640
3448
2575
6358
3104
4061
7848
3200
15769
4775
4176
2305
3052
5723
10126
2495
7584
5630
8693
3178
7032
2964
1784
3230
3324
9758
11865
3498
7366
2599
4512
3097
2814
4044
9562
4697
4742
18036
3566
4373
4601
6781
2988
5564
3209
12252
4402
8436
3157
9191
12063
3831
2716
3532
4608
4175
8372
9968
1969
4850
9422
3831
15039
4706
3960
9546
3962
8884
4553
3784
5804
2538
11331
2742
18950
13270
5861
2791
2263
5362
4505
5334
7073
1738
5567
5627
9128
4521
4585
3242
15740
9951
6272
15584
2868
12821
4203
5746
6340
14033
4739
7739
3080
6895
7647
4095
2581
3513
3561
3175
2940
1231
4951
1534
3215
1648
5705
7669
7248
4108
11360
4238
1861
6924
7682
11764
9128
3155
4837
4503
7507
3185
4061
6811
20680
3878
13324
6633
6043
1519
4810
20754
4672
5366
3953
4950
8172
4561
2812
3338
3495
5632
6366
3365
4999
4875
4685
2462
3785
9019
4399
3082
11249
5354
13759
2934
9469
8709
3816
4834
3986
2560
7508
10117
3741
7279
5406
4701
1465
1835
8168
4134
21337
5695
1874
2894
3458
2429
3136
5259
2694
2612
4868
4274
1197
6684
6617
8198
8047
1816
819
1420
9132
6530
6237
4457
2356
3541
2442
3828
3276
11004
3620
2033
2721
2112
3579
3187
1720
2658
8257
11662
1883
4343
2112
9564
16885
7203
2634
2848
3303
9812
2330
6417
2333
5993
10762
3077
8970
8078
8608
6127
10420
4103
14044
5895
7593
9431
10772
4698
2447
5238
5875
2805
3055
3096
2963
5083
2302
1772
12353
2935
1608
2956
7209
2661
4551
5028
1953
9022
4596
4284
7211
4411
6510
4130
5293
2353
3887
3299
10906
4144
4707
10638
5494
2274
6016
5846
2547
5658
6283
3699
2263
3608
6324
10230
14690
6670
9359
2633
6243
6866
9961
5641
6372
3335
7226
5076
5504
6761
2416
6356
13519
3768
10974
3995
3712
6508
3833
5351
5484
9749
12222
2085
6071
1733
12501
7044
1974
1208
6922
4010
4156
1161
8032
6789
7503
3498
1489
5592
4085
5497
5792
1261
6613
4236
7271
5924
1901
4081
3934
1845
3065
3615
2888
6629
3604
5214
2990
3250
6183
3779
2940
8135
1006
7084
5301
4583
3676
7273
5155
1979
2537
2431
4930
7035
2227
4725
4489
4921
2762
6178
8992
3391
4067
4528
5972
4332
15063
11146
1815
1224
2290
8023
9649
4221
6273
9247
3586
2036
2581
5788
19834
4560
4124
2288
1642
6327
5480
5345
2702
10491
13558
2433
10782
5995
4294
8751
7643
4450
9386
8709
13953
3529
4366
1726
5036
3893
3691
4888
4546
8544
6039
10476
10134
4671
9355
6124
10582
3671
7202
4057
3982
16230
3403
2710
1908
1970
5073
8139
4205
3767
5210
6924
3642
3985
2488
4153
8904
5578
5468
5080
10881
10675
3691
1969
1640
5637
8474
2967
7346
7487
5018
2425
3651
10785
1412
4674
3428
4658
5015
3694
1050
2842
6042
6853
4516
19973
4846
4043
4971
8085
4174
6784
5931
3672
9948
2827
3659
2780
3603
7224
5841
4040
4187
3601
1515
3609
3510
3252
5636
6986
4558
6940
4419
2061
12140
3616
4533
4263
3499
4953
7207
5826
7751
5353
2687
5311
2824
3839
9717
5509
11510
4669
3573
4562
3523
9049
4366
4736
8974
4111
6500
2928
5716
4405
9652
3958
9983
13061
9928
3420
3838
6002
3158
7910
6463
4402
6930
9423
2435
5084
3331
8770
3798
7131
6519
9118
14235
2733
6545
2077
1157
3164
1432
8835
7945
8477
2995
2186
8231
11526
2155
3165
4494
12123
2810
7136
5245
2548
4671
16581
3596
4245
1942
6736
5436
6414
2187
5077
2018
6250
5309
2524
8397
1835
3586
11041
3288
5296
15393
2766
5067
10678
5366
1216
10995
6632
830
6425
13571
12697
2115
2379
1666
4886
2658
4955
3188
8724
9182
3325
10567
5880
6307
3956
3782
1571
2629
1039
4846
6984
3462
2641
1972
7448
14315
3420
2349
3711
2106
2824
4307
7843
5023
2398
2788
2687
7675
3678
5656
2138
10364
3768
9521
4258
2462
3641
4474
16723
1882
6237
7590
10082
2212
14677
5363
3327
7784
2625
4916
8147
5198
6882
4502
6880
3412
14699
9777
6766
2160
12413
3606
5429
3120
8880
4940
7287
6564
7966
5011
8533
5059
2899
5725
12818
10028
3524
3429
2281
7374
6633
4723
9765
6821
4368
12074
4019
2777
5158
1182
2822
4003
1842
4633
5985
4387
4076
2246
2113
6150
4647
3277
13372
2533
6404
5287
3584
17178
10738
5449
10115
4077
1204
4736
12682
4070
12398
4152
2227
4629
3063
6572
5307
2106
3606
14943
4902
3644
4322
2790
15348
10814
6606
5033
3480
3535
1564
8396
7490
3042
2390
7530
4250
3099
4344
6439
4501
4395
5481
11836
7110
5350
2929
12266
9719
5775
10195
5486
9464
2381
4025
4224
10661
1821
5539
5355
3526
3607
3168
7867
4917
11110
2671
2278
2301
3960
3002
6281
2756
7713
6929
6907
3276
3296
2977
2158
2611
4428
5151
1734
5364
3749
9666
12481
2565
6961
2322
3788
6341
6376
18142
3403
2544
3529
4171
9195
5104
8668
2456
3908
4040
3254
6208
2459
5175
4100
6638
1890
4542
5054
2770
19913
3929
5308
13377
2253
5649
14224
5629
3955
1999
3168
5514
6462
2488
2517
2968
7687
2923
15955
6060
8496
6655
2523
13839
4936
5387
4703
16371
7041
4563
7655
4380
5269
5364
4790
7025
3115
6570
2091
4661
4982
12598
7722
3187
4751
6452
1672
13477
6685
13064
2693
5417
4467
4134
7936
2984
8162
11128
3247
3164
6520
7110
4109
13331
4985
3329
12195
3890
10121
2489
1927
8507
3783
4596
2405
4958
8658
4957
3624
3709
4609
3053
2827
2646
8802
1306
3583
9510
7938
2387
9761
9911
3988
3003
17202
7374
5073
3203
1903
3315
4164
3337
7986
5978
6755
2690
5664
4013
6765
4899
4297
3903
4154
4501
3923
6776
5299
2028
2675
3431
4256
2075
4451
3666
4842
4527
2393
6559
4293
4872
4444
4371
4339
1586
2309
2379
2410
9456
8085
4834
6365
7874
2113
17103
6625
2235
5562
2098
2232
4222
1791
1172
4754
2552
6664
1517
3974
6455
3222
5950
9972
3131
2190
3358
5005
1367
3885
2398
4478
5810
8192
1933
3342
3147
4520
2584
15939
3221
8099
3074
6343
4853
4394
4608
831
6499
2582
3880
4098
5260
6759
3693
4472
4470
5167
2364
4340
4194
11629
4298
4727
3228
6727
6925
6495
4593
3299
4414
4448
6464
3242
3356
4469
5472
2984
2358
12677
4473
3408
3748
2154
4700
1979
2353
3116
8198
3950
5260
3633
8601
2750
7780
13322
2791
3827
2541
5503
2910
2695
4091
8310
7168
6275
9718
4723
8936
5435
2932
6274
1401
12925
3593
3614
5574
3457
4686
2166
2803
2310
6704
2703
11854
6640
3334
6394
4999
4291
2703
2776
4360
12835
2772
5260
3505
4598
13667
5881
2796
4511
4317
2313
12512
8277
3247
2544
6814
9813
11746
1825
5357
8558
5342
3000
4581
3515
6625
4771
1787
3173
14406
3550
1855
5679
6636
7526
7900
4269
5110
18400
4913
1786
2979
4496
7825
2458
4506
5834
7976
28443
5895
2039
2154
4717
4805
1894
3711
10517
4100
3242
3006
5464
2877
9091
2601
1704
4749
2345
9444
5820
5358
9656
8289
6413
3521
10529
5199
2413
4415
3096
1002
6920
2987
3586
7399
4971
5332
14654
1942
4736
12141
3121
713
2699
7788
1613
3889
3170
12746
2879
5381
2232
6058
2331
10634
8160
12395
4302
5287
5644
4946
5561
3434
4648
1784
3575
1796
1306
4896
6149
7043
3247
6996
10594
9445
5574
8463
3340
6579
6356
4502
3486
5194
7259
5918
4909
10708
5552
3494
7063
10095
2576
4052
7767
3070
3431
7268
5446
2535
6201
1938
13890
3614
3465
4427
5846
1926
2059
2173
15049
4666
8212
4078
3109
5710
4331
3218
2680
8193
2743
15841
6302
1003
23104
6681
4332
3170
4703
3625
4643
6377
3114
6840
9733
2288
6155
6547
5210
1428
4456
3566
4390
2001
12993
2034
3562
3365
3270
5920
8517
2983
7025
5485
5384
3444
3473
3457
1768
7422
4183
7737
5234
1391
6267
14769
7024
5813
1039
7467
12492
5676
3985
15684
6310
5533
4877
5905
9659
3628
4752
10316
3509
7875
885
2463
10788
2583
4164
4846
4197
1359
2899
2016
3582
12437
4954
1676
4688
3339
3521
2118
5340
1173
6324
3533
18179
2794
5381
2059
5298
3008
9246
5283
2257
4207
6843
1775
5020
2551
5296
3248
5086
1217
4865
2310
2225
8207
8082
3126
4705
1529
3496
5011
6638
2800
16649
1753
4902
4936
8935
7009
3169
8304
8041
5977
6613
1704
4371
7670
4221
4439
3309
8848
4065
3571
8008
15292
8350
2060
3255
7434
3358
5655
6037
8514
6487
3690
3760
5562
4893
2093
6588
2908
4379
4542
1614
3138
3769
8208
4008
5406
3195
4505
5377
3332
7074
3354
1976
5340
5480
4715
5178
2666
4857
9792
1032
6766
12205
2390
2577
3218
7783
3514
2311
3054
5004
3455
2616
4951
5981
7337
4769
3917
3282
6491
4509
5052
3379
2949
8778
3678
9806
9577
4018
3192
4450
5097
3309
15348
2060
4820
3060
3942
748
6232
4644
5157
2641
4261
6413
7282
2857
4856
1801
3943
6720
2079
6422
5738
3759
15456
3661
11291
5805
7987
9541
5797
2390
9792
2796
3924
3416
7308
4194
2395
14984
5340
8163
1140
8945
3468
1346
2695
6577
5151
5556
12019
3217
3993
7197
5585
1449
1959
4809
6529
3221
8415
12515
10468
5041
2180
12691
3478
5053
1113
7660
4858
5231
2423
11257
4508
4363
10359
3674
5897
3098
5423
5512
9558
7313
1661
3568
6323
5697
10871
3834
8919
10436
2587
4764
5462
8465
4144
10622
12488
5174
10485
3718
2239
7672
3184
7599
5376
3541
2502
4122
3096
5603
6647
4265
7275
6105
2948
5100
4311
3016
5324
6180
2815
3067
6684
4610
3753
4816
10577
8492
4709
2640
4112
5597
2272
9852
16939
5713
3186
6263
3732
1476
16690
2787
3472
2131
15598
3625
1302
2181
4161
10163
8907
3494
5096
3361
6046
1317
5762
2032
5696
3326
5512
4096
4260
1967
5953
6887
7298
22242
3366
4575
11565
8236
5111
1912
9711
11765
3951
4253
1989
5013
2745
2209
5859
3101
4605
7573
7908
3015
10637
5922
3820
3557
3100
4033
4766
2559
4088
13568
4138
11108
8331
6656
3418
15782
2584
3325
8068
7648
9383
3216
9238
3038
5499
6585
7928
4010
3266
4624
7148
7872
4281
8701
8633
5563
4425
3046
2819
4756
5858
2337
5124
4470
6830
3750
13822
2442
3908
3939
1487
5584
3661
4891
4803
2130
5114
4398
8037
3310
8156
2313
2988
15587
4623
3654
17147
3889
2937
4476
4681
3154
5179
9519
7703
20530
3919
14535
3889
9729
8598
3070
10838
8501
2569
9979
6037
5535
5993
6351
2612
6024
1583
2872
1883
2258
5641
2025
5009
6476
3815
4443
5364
3782
3536
11424
3078
18087
4113
6005
1316
1833
7338
1696
9287
6936
3993
1741
4485
2278
16958
2374
10543
4609
5481
8854
2159
14582
11338
3156
3846
7104
4414
7043
11115
6133
1592
19949
3636
4408
14359
4640
4617
7992
3621
2101
5602
4650
6521
3198
5017
7372
7344
2897
15825
1252
7571
6096
7366
2828
7961
975
3885
6807
9059
2365
4912
6408
3231
3249
3178
800
8998
6179
8069
3028
4797
3705
3616
1294
9374
1673
9408
12223
1972
2645
4769
6889
1848
3476
1979
2326
7622
3684
2547
2296
2873
12488
5806
6146
3225
14243
6788
4224
3443
19214
9260
2183
3359
4433
2594
4081
3093
1911
11895
6895
4216
4689
5615
4197
7126
6459
10320
10906
4127
10338
6311
2011
3490
5733
3793
2529
4111
9589
7649
3684
5493
3522
2878
2160
8693
3945
3951
3713
8858
1423
1034
2827
6533
15820
6245
8826
6782
1894
3151
10540
5520
1688
4172
2870
849
2789
7547
5023
5824
6986
4391
1600
6808
6824
4844
1949
2291
9915
7561
2644
3225
1632
4055
6471
2707
2611
2488
5582
6393
6185
5753
4965
10363
4301
2290
9222
6040
7459
7658
4985
2705
2971
6151
8642
7957
4787
4662
9770
3341
10354
2236
1820
4734
3248
2314
5351
6257
11824
6373
4904
10060
15752
7489
2117
6082
10278
5735
2546
13232
10147
1904
4546
6029
5980
2130
4524
3185
5435
5622
7593
2996
1874
4367
3513
5934
5056
2857
3482
8070
2748
3013
2865
6974
2566
7535
5156
4276
11110
6451
3258
2821
10633
2784
5830
1719
3376
8511
7265
7093
6806
4199
7649
4979
5240
4910
2740
4571
3326
3189
2600
2395
7176
4873
3895
7704
12101
3798
2878
7520
8525
3201
10231
6992
7170
2950
7526
4623
15508
9070
2524
2447
4207
3759
2951
4318
4894
8509
4076
2225
10510
10276
5256
2545
1566
8678
3083
2619
2987
2547
2479
3255
5931
3486
2873
7163
3073
5044
2675
6246
5363
2415
1951
7986
3459
2772
3392
3391
8219
2200
2271
5441
6219
6476
8252
3009
5163
13767
4218
5396
4479
5323
4950
2949
5287
3570
3457
3747
2567
3967
6131
1121
2316
2758
8904
3750
7052
9092
9030
2892
4882
11150
1587
2089
4113
5819
3335
5053
8170
5396
5118
3750
6780
8262
2691
11616
3747
12587
6038
3506
5713
7891
6018
3706
3438
3821
2850
4138
8697
6758
5823
6170
2914
2171
6227
2755
4041
10455
3808
5980
1942
9914
2757
9583
5248
4182
15112
2581
3527
3560
4956
3774
4277
5833
3230
3625
5030
5800
3345
2849
10248
7428
11086
10660
6815
10339
1617
12777
3571
2461
2751
5800
7324
15469
3095
10966
1319
8171
5441
3296
2326
5243
2452
2084
6940
12649
5792
1675
2574
2305
2877
6287
3558
8990
2515
7922
2715
6665
4830
2602
4763
2586
1318
7670
8272
2526
16394
8719
8029
3396
9042
30202
4756
3837
5297
4066
2703
2001
4041
4653
3551
4773
2856
10437
6027
4260
13825
3855
4947
6051
1952
5891
3206
9737
7158
4975
4157
3529
4586
6978
1069
7529
14330
14030
4500
3410
3987
1531
4840
3097
3368
4145
3750
8722
10652
5347
3801
4588
2832
1454
2404
2477
3812
3584
2614
5456
4976
3467
3748
7092
1764
6828
4314
2619
6408
6027
20068
6905
6055
4152
3519
3540
6203
7774
7827
6291
6107
6873
8298
14549
2743
3379
7543
6652
2220
7593
1800
4986
4025
3208
3911
4077
4199
5483
1517
6970
7046
3863
7323
5112
10412
6614
2793
5056
6267
3647
3067
5672
1577
7570
10160
2672
7149
5628
18910
3694
7272
958
1576
3384
2579
3558
3374
6910
2824
5184
7012
968
3049
6341
7791
2254
3896
3100
9465
3135
2101
5955
5102
14623
5742
6916
4118
4025
9002
14953
5601
4390
4729
7793
6717
3815
5897
1401
14478
5846
3593
1268
4935
1809
1569
2485
4290
1010
3473
2116
3369
3361
5332
4447
10078
2217
2154
6665
9694
3434
5044
5407
11259
2961
12522
3379
4963
4169
6865
2182
1832
9071
13570
8074
3139
3338
3677
3609
6701
1683
2159
8027
9748
7462
4793
5524
3435
9286
4688
2993
10205
7851
4113
2889
6768
2592
4369
9459
3130
7482
5438
3982
6020
1496
5999
14654
2340
1859
4720
11773
6245
2905
3840
7871
5290
8081
8864
12443
3502
2584
7217
7516
7684
8678
7550
5182
3757
4070
2154
5056
3847
11994
7244
5401
3998
2431
3432
9629
5481
7570
5621
3661
3015
15842
2009
4388
5788
5891
1524
3421
8124
8495
3853
5776
5732
4020
2162
4632
2956
3095
7384
11150
3179
3096
8054
6017
10497
2280
564
2285
6731
2343
2692
2262
2822
4694
8786
1382
6673
7060
2312
4724
2287
6117
1614
8239
5455
3971
4773
8048
35268
8982
6042
7247
6930
5705
6684
1500
4180
3755
2826
5665
15075
3631
9705
4575
8309
2334
9875
10036
3038
4948
3422
7973
9014
6113
5821
3350
9012
3155
9180
3349
4370
5221
2684
6856
2813
7760
2759
9161
8730
2532
7245
3781
5954
9892
1620
3061
4776
5166
2381
2964
16189
3878
4262
6497
11792
7249
3270
5159
2219
3950
2131
4925
8726
8893
895
3097
4539
9390
7600
5862
2755
12857
13156
3737
2713
12273
1582
4771
6523
3494
9463
1599
6367
1794
3075
3509
2865
2690
7744
3655
3725
3620
6765
3075
2373
2708
3865
9386
11408
9941
4675
6412
3015
5297
7718
5523
7209
5644
5259
4907
5168
6124
5181
5660
3239
4039
1489
2604
2109
4876
7136
9736
3888
10950
12009
4565
2679
1577
7269
2121
4346
6132
2059
1749
5941
3552
7763
9673
6094
4206
8692
2450
6255
2317
8091
2302
4604
4720
4039
4803
2425
8748
4210
4648
2977
5402
1530
4323
3054
4077
3221
8631
3360
8797
3651
10411
3504
9377
9746
2230
13995
2160
2235
6989
10966
2427
1606
9155
3958
4176
5993
5384
2015
4366
6082
14257
5154
3300
1403
3179
3772
2799
2223
2008
3551
1767
8170
1901
6244
11058
1871
8792
2952
3362
11994
4079
4422
9856
5765
5776
7167
2675
3440
9863
4703
1029
1001
5382
4177
4720
1416
3871
3438
3715
7491
2175
1298
5810
8473
6410
4761
2446
3222
8360
3957
5329
5188
17449
3681
2309
7803
9889
1430
8034
2205
3380
2475
3283
3671
2598
6416
1867
4507
14053
4393
4923
2082
3608
4761
3695
3244
5910
2029
1724
5596
5143
3042
4864
3859
5368
2590
5179
7998
3419
4161
5875
1208
4295
2797
5492
5512
9654
11168
8523
6345
11644
3903
15039
2694
9820
8529
2359
2012
8181
6081
4294
1287
3714
4205
5929
7564
8264
3941
5393
2646
2172
14150
3686
4826
19107
7183
1642
2405
11022
3756
12444
1719
7714
8103
7419
6942
2486
3400
4313
4546
1738
4280
7617
3256
5377
1530
3820
4881
2600
5400
5863
3289
7629
14582
6520
7509
5069
5971
3496
3862
3781
4107
9607
2227
2159
6008
3529
2054
3077
8742
2481
3648
2264
1907
5799
2125
7076
2716
2919
12492
4113
10494
5441
2912
6728
5351
6835
6563
5225
2659
5850
1644
3986
7152
3848
2321
8486
5841
1954
5551
4419
8496
4823
15151
4717
2661
5611
3427
10480
5478
3026
12911
3976
1164
7103
2232
9648
6641
2216
4356
4718
4457
1342
6304
11901
1502
3856
5610
4395
1515
5443
5073
4501
3862
2502
2673
2426
3882
4795
5323
5427
4292
3244
10184
27207
16046
11742
6538
4206
12893
5121
1587
1520
4416
10008
3037
2696
9741
8294
10999
3940
4896
5866
7843
4215
2536
8054
3384
3614
2730
5145
3326
2327
2417
2730
9444
2140
16986
3009
3560
6351
1838
1778
8847
4427
4889
3756
6053
13423
12172
8163
5254
4050
4146
4926
7988
3931
10194
2095
6743
2724
3579
9120
9946
4433
14566
2972
10292
8417
7592
4237
7438
5638
6236
3905
11053
11061
3880
4472
6988
6199
4806
2991
2311
9521
4206
5515
3969
9918
8503
6580
4486
9663
5541
2661
7328
2770
1188
5487
2414
5063
7823
8211
1225
7938
3552
9117
12075
6947
9479
3162
2148
3629
7002
15589
3010
6697
4736
9232
6070
5334
2021
2717
1402
10268
3922
4216
3553
4073
2672
3880
4761
4658
3702
1975
4680
12315
22757
2259
1186
4508
3037
4498
7775
4588
7511
10644
9918
6993
2467
2904
2621
2910
10668
11312
2567
6519
2782
2598
3955
6769
12221
6725
2621
2949
3478
4931
4045
7118
3038
7186
6204
2058
4056
6274
2579
1592
5281
2683
2420
25087
1715
4806
5263
1832
4766
2164
10489
5091
7223
5642
3819
6430
4660
5870
2831
3394
10693
3097
2829
6522
13840
2267
5884
6291
3055
19613
8480
2523
8581
1757
4862
10120
4094
4524
6042
11624
7415
4541
4544
2494
4893
6924
3594
12001
2168
4653
9364
2619
4980
1381
2959
12123
3389
3692
2868
11136
2895
10657
5407
3614
4169
2402
2768
6641
5876
4906
2127
11475
4727
3045
5420
2344
2866
3158
1540
2671
9488
5448
4198
3045
6558
11450
2920
6813
3699
6705
4158
5691
9114
2738
2371
3239
10095
5375
1839
9790
1943
3634
10394
5744
6965
1298
5107
4314
9113
7156
7783
4229
1699
5274
3911
11942
3205
6998
18459
3918
6984
5063
5612
3657
7811
20669
3041
4324
5256
3009
3539
8956
3157
6891
9593
7990
7545
3484
5726
2013
2921
3160
12106
7291
9135
2996
6895
5742
2026
6011
5789
8545
5459
4773
4175
2662
8049
12125
1329
6040
9885
5265
6839
2732
4584
7046
10717
13017
8650
4212
1708
12155
8511
3894
4943
6328
3705
2353
7902
11454
21162
6223
10487
3031
6435
3442
2365
8407
5289
2015
1546
1977
7839
3750
7653
9682
3620
4087
4768
4087
6201
3663
3390
1587
1943
2558
12232
6042
6291
2631
8018
7402
3247
7261
6918
4610
7988
6090
3509
2240
7494
2603
8056
2437
9228
3026
3030
3769
3213
8009
1676
12952
3202
10151
2750
4666
7290
5926
7545
7681
5193
6409
2284
3545
8240
2592
2228
3180
6016
5221
7680
7212
3746
5073
5862
3788
3078
5469
2353
4032
5394
5326
3636
3390
5374
3704
4471
4229
12699
4796
3090
3692
3112
3469
3232
4361
7540
8473
4849
6973
2767
6685
5948
5478
3378
11703
3148
3064
2619
3751
9315
5196
3338
7558
2887
8842
3998
5137
4211
10162
8742
6066
4710
3670
3847
5950
2176
5755
3333
3430
1722
3895
5525
11406
6199
6173
5261
10844
3159
7239
1361
6075
7487
2203
12523
1990
1330
5222
8550
3557
7399
3393
5226
6176
3259
8749
2348
8480
4569
2682
5215
3800
9264
2175
6842
3205
3416
5746
4545
1678
9294
3005
3540
10100
8160
2507
2463
2848
9971
3109
10074
6789
2327
1372
4558
1641
3138
2865
2392
2838
1425
4035
3745
9784
2655
7169
3560
5681
7596
4504
2807
5051
2859
3348
5512
4153
6335
3612
4062
3494
8191
7651
6734
9085
5436
6600
4122
3281
1286
2744
4719
9122
4935
4421
2467
3964
13009
3496
15152
3287
7326
3777
4132
3218
11827
12423
4859
6995
3849
5085
8755
8319
4320
3097
844
4727
4133
5437
3279
2621
4043
4609
9063
1204
3987
3622
1450
6330
8804
1240
3936
6270
5018
4288
4761
9292
3926
7123
5719
12914
4211
12664
14471
4860
3515
5491
2855
3449
3957
2778
3979
4290
4345
1611
1901
2725
5747
11157
18506
4752
5084
2747
4856
5359
6538
6025
5488
5121
3517
3577
4563
5269
5156
4411
3591
2623
3203
2432
11512
4865
6562
6181
8195
9183
4373
4398
4315
3432
3733
3503
9623
4800
11046
5367
6164
8382
3288
4119
3067
4302
5958
4591
1940
7534
3906
5899
7661
6380
5380
4179
5199
11625
13164
2661
5257
1991
5564
2518
5861
2636
4773
3966
3341
3130
4887
2060
7734
5461
16581
8565
6609
4850
6972
1252
8304
6682
6992
3820
5850
7365
14374
3832
7187
3683
1812
4365
2181
4270
9453
2399
12022
18740
8448
6354
10012
3982
3444
7325
4821
6493
2873
2613
3566
3026
7228
6235
4661
3634
5763
10526
14066
3827
10101
3657
2883
4132
1422
4684
2758
5485
2982
6635
5394
5881
7291
6443
2905
2428
5686
3219
3897
5200
6229
1606
4909
7472
11036
1876
4673
2831
2768
8327
4289
3995
6135
4427
3118
1740
14758
8931
3681
7178
5191
3505
8635
2819
3297
6041
4915
6266
2996
8572
9012
7207
3271
1816
1963
6154
3448
5682
2551
4391
6130
9425
5266
3453
5818
8939
5921
12634
2154
3745
5333
12462
1511
8361
6331
7645
4358
5480
5498
6412
3327
5612
4401
3797
11145
5864
4707
13321
6815
2932
4528
4652
2558
4632
9549
3226
2938
5713
6868
4043
12238
4822
4858
1659
12216
5281
9644
3363
9615
3272
4239
12498
2261
9358
3147
8846
2893
5005
6455
7554
2802
11800
2013
7223
1982
4044
1918
2296
12181
15484
4396
3271
5176
5292
3338
5787
9657
13788
2759
5680
2770
3106
3297
8183
2945
6420
4673
2184
5408
1507
6756
2687
13271
4308
4007
5684
13657
17216
4132
4754
12539
8709
6226
4496
1913
5023
2615
4219
12241
10596
4881
7038
8063
3160
4595
2209
7353
6974
1222
8392
6462
4600
9084
4105
3903
3302
13078
9012
1958
5078
2066
12546
2451
2861
7082
3273
4509
2115
5620
2647
11538
11965
3964
3652
4308
6770
3753
2917
5207
5626
2109
3626
2825
1764
3151
2483
2027
4431
2672
16605
9822
4478
21218
2781
4175
9383
1784
3426
3253
4163
2913
2101
6307
6264
9927
2861
5465
1537
3719
4546
3780
3784
4429
5087
4883
3790
4322
10428
2418
5564
4210
2902
6142
2892
3161
4696
1728
4500
6195
3969
1642
2560
5734
2836
3229
5401
10103
4920
2926
8765
5938
5419
2487
1845
5020
2797
10275
3911
7219
3581
7237
4440
10727
14281
2603
1967
5550
3162
9904
3503
4573
2646
5600
6935
2583
8796
9772
1585
2699
3728
2526
2401
8497
4189
6660
3559
1997
5840
3243
6167
2086
3317
7083
2279
1438
7751
1301
3169
5306
6847
3109
2802
4023
4555
2873
3919
4787
13147
11865
11012
3088
3367
3282
3214
11015
3147
6051
8198
3969
7487
4467
7816
2931
2076
3774
3269
7343
1675
1954
3956
10534
1234
7086
3576
1878
3741
3242
3243
4646
3936
2796
3752
2106
8453
18578
1274
2123
5605
6437
4986
5976
5345
6301
4512
3289
10776
8522
7207
5511
4648
5724
3713
11458
1408
7942
3460
6410
760
5565
6225
4054
1653
1818
4306
12053
11139
9323
2869
6231
9228
7395
6687
4093
3378
4561
6934
6427
7824
3374
2734
5232
2695
6715
4318
2604
1525
4312
8541
3852
14378
5635
7215
3800
3156
11694
3250
3717
3734
4577
4783
11902
5945
1747
5027
5098
3519
5796
1750
4228
2503
6230
4972
13273
3174
6462
18956
6379
4979
3973
8094
9970
7758
6020
6736
5630
5163
5476
7842
2741
11035
3705
6680
3478
13617
7643
5759
4796
12080
4671
14314
5156
7145
3298
9964
4370
4418
1230
3614
5754
3059
9438
1956
2256
3317
2732
3790
4608
9190
2419
3527
5719
2547
3005
9019
2744
2251
6435
5821
3384
2720
5522
6798
3003
6128
7526
4210
4272
10409
9645
4709
9809
2073
7189
3526
3241
4350
10666
3869
7122
2154
9468
2149
5344
5041
4437
8817
4500
4491
1557
2269
6959
6723
3710
9011
4809
2876
2170
6373
5541
8624
5754
8418
4644
8263
1902
2458
8583
2262
9666
7251
11324
6033
2133
8658
4243
2999
3698
6438
2444
1681
6505
6773
6008
2496
4899
2247
6098
5018
6697
4409
5141
10898
3630
5240
3626
863
9670
4446
3398
1200
6986
4321
2333
2154
3000
4096
5020
23340
7060
9292
6314
2534
3696
3817
4270
4844
6259
8279
6840
2340
5933
2411
9228
4655
4777
2588
5253
2238
1703
2197
4541
6932
4290
3694
2132
11629
7260
4300
2756
10672
6189
13003
2050
8048
5804
2924
8561
6249
6783
12683
3467
8431
2479
10284
3909
1524
12632
4739
1577
3889
5866
7710
3581
5438
2849
2874
9153
4564
6172
5282
1857
2771
6424
3075
5358
1801
3811
8514
2187
1562
7350
5053
8662
2940
3460
5601
13703
5544
5946
6772
4335
4517
6263
6799
4822
5776
3234
9770
4863
6333
4988
5848
2990
1937
5734
2777
2600
4061
4684
4636
8980
3309
2548
8266
3831
4663
3236
3359
7267
4997
2531
3001
3391
10692
1945
6891
5078
4536
7366
3644
3943
5736
7296
3880
3186
5153
5416
11729
3745
4311
4695
2552
2094
8176
4150
4696
4695
3975
2074
2064
6704
2690
3726
3462
6280
3762
6489
4069
6752
6219
13750
6582
8731
4146
12756
3528
4676
2104
7984
14814
3394
2816
1942
10994
2165
4693
3181
3731
7487
5238
1155
4777
2609
3462
6244
5262
6508
5906
6728
12416
9448
3679
3949
4322
2300
1908
3990
3239
9005
10856
2865
3799
4486
1884
3851
11065
4348
2993
5735
3429
1991
8576
3654
4297
3448
2315
13556
1147
4111
6422
8083
14450
1453
4322
5108
2629
4736
6006
3225
5400
6261
9121
2545
6760
2015
5944
6884
3835
7407
3604
3558
3117
6445
3019
8989
2258
2102
4766
9898
9819
4256
6161
3572
8662
2587
6125
3562
2492
5336
2198
1675
5222
5253
4466
3017
5501
3103
2748
4110
5325
5968
7956
4127
4106
3055
1574
4959
3663
8422
4673
2197
8076
2813
1905
6754
2886
6786
13006
3692
6091
5571
3212
4756
10259
6214
7216
3849
3394
12337
4737
5021
4765
4381
5381
4936
2135
9410
1837
5204
5573
6940
8591
7753
2879
5422
1295
8155
4643
9835
4330
1668
5217
3459
1670
5377
4702
3946
5357
4637
14257
7080
6334
16974
5891
15284
1473
2255
2126
4730
9360
20397
4455
5556
4592
13745
3819
2224
4806
7262
3780
3581
7612
3792
4310
3867
3111
3754
10785
12235
7655
9889
3747
4179
2925
2877
5312
6475
5181
3081
4381
3629
1453
5082
6740
7865
3742
5206
3755
3326
2459
6158
3878
8735
3969
10302
2327
9121
3647
3842
5996
11673
4182
5186
4259
4525
8496
1868
3290
9206
11779
3067
6240
5240
13850
5740
2533
7650
4685
3181
4058
4260
4714
5813
2790
4485
3412
2990
1966
10656
4718
7020
4824
3413
8728
6538
6430
13136
2754
5305
18403
2474
10855
2690
2114
4247
5050
4551
6410
1559
13412
1375
5509
2784
3480
4465
4875
2372
4747
4624
10274
1590
4254
5846
6170
6458
14658
1662
2642
2346
3728
1783
4106
5932
6658
8192
5072
5691
14092
5308
5801
2882
9709
13108
3102
4528
4309
3861
3692
1689
2522
2582
7501
7172
3739
4191
3718
3332
10637
4491
12539
6093
2185
4454
3111
4797
2414
3285
4134
1693
4473
6699
7297
7559
2202
5625
1793
2714
3128
13481
10862
6563
5757
1448
5515
2471
2419
7702
6315
5502
3287
5847
3344
11216
2906
5607
6090
4880
10657
4342
5126
18762
6130
2552
20371
5951
1788
7897
10526
4012
6296
7555
5275
2572
11654
8724
6699
3652
3280
4538
3491
4290
4634
6189
6251
5924
4585
5546
2105
5159
5787
2628
1359
8155
5166
3468
4270
2946
1138
4288
4202
4204
9301
2661
4062
2649
9486
6028
9545
11967
4584
4882
1628
6245
2253
4463
7943
7323
3742
5126
2459
5311
5066
2510
9654
2457
8888
9370
8769
3158
3414
4958
2545
10640
3515
2312
4037
3657
2657
5413
6255
5676
6641
1970
3887
4626
3185
3892
8511
1714
2911
2872
4967
6969
3341
4457
3998
3652
7271
8262
1257
17420
8290
5048
10418
5551
3742
7658
8765
5194
6549
2079
5086
2364
7553
6084
9635
3144
3831
5252
3276
3410
10435
3303
4612
4719
3001
6148
3276
11820
2979
3783
4282
16206
6560
1480
7045
4758
8996
5339
3142
5951
9795
2233
2471
5951
6299
4900
10001
2682
3048
10846
10969
1478
1377
10647
4990
1735
4581
3676
3698
1885
5486
7047
13964
5367
4047
4647
1152
5536
10637
3321
9886
3677
7101
5423
2135
5593
4673
8601
2756
1862
10676
2680
1269
4730
6830
1969
3259
8621
4624
4644
6792
2379
4291
2542
3566
9045
5723
2114
4536
3167
2307
4692
3818
5224
2899
2042
5840
3064
5894
2137
12082
2720
2062
3959
6334
8522
6456
4734
2620
3624
1849
3844
4131
3134
11105
2053
6237
2097
5904
3585
2977
4322
7249
4388
1946
3762
5072
3712
5658
3757
6625
4267
9395
5609
5300
19693
4177
7521
3975
3139
7662
5052
3957
7081
4318
3372
4214
5771
10335
6978
4504
12513
5473
3399
7915
8600
11383
9430
7499
12038
8314
4841
4510
8606
2361
9142
6161
12764
7560
1659
7599
11102
5574
4933
5112
21501
7167
2072
4911
6526
1872
4419
7368
4934
8809
9254
4714
1773
4590
2683
3258
15725
5417
2615
3134
2995
2037
7056
1525
2625
4582
2989
3730
10840
9379
2438
6311
5143
4233
4859
5203
7108
8948
5482
1890
4271
3290
6625
2911
8567
5324
4070
3691
7007
5267
2340
2573
4469
6240
2144
2751
2201
3752
2721
5082
1621
2671
3437
1890
4712
2930
3015
5140
15700
5523
5334
3723
5841
5867
4628
1340
9216
5779
12472
5950
4607
3141
3419
5348
5430
6628
6173
3821
9261
7168
14270
2793
2817
2878
3908
2692
4519
3846
3435
4772
8558
4746
4461
2368
7492
7498
3606
7405
4059
3684
2935
7402
4989
1945
3568
5268
3865
4587
9564
4412
2175
3588
1032
5724
4969
3356
4782
3105
2759
3027
11225
3418
11237
7592
3344
2496
6707
5369
2141
3471
5893
3877
2116
4974
4285
3977
13756
6326
1900
3813
4392
3445
5945
7398
2815
5803
8378
3137
4047
3135
5671
7843
4719
7798
923
1989
3990
16936
13642
2294
11047
8095
6096
4992
7547
8105
11704
8197
5130
3861
4061
4386
6303
6155
2627
4075
6880
10942
7169
5636
14080
7399
2897
2631
7108
3981
4581
3350
6670
2966
7649
2599
4362
10484
1421
4259
5396
2268
5867
6224
2636
2728
1600
3057
3688
11568
5943
8353
5989
5198
7575
8882
7503
1114
9245
5438
11719
2461
3182
6142
5321
4397
5164
10274
2970
2278
4206
3905
2602
9190
6260
5538
4159
2749
4298
4131
1084
10699
6112
7177
3894
804
18331
3223
2213
4356
7174
4126
7657
10650
2507
4417
2704
8292
15310
1876
4056
6807
4932
2540
3925
5276
2928
4069
5864
7739
3477
4727
5864
9801
5911
10027
4141
3544
8097
4302
3985
10560
3984
4426
4894
5415
4090
9192
912
19208
9960
7152
8002
1277
7345
3029
12443
7508
4299
2466
4108
8295
8087
5659
4256
4938
2562
6586
3025
4520
1719
2679
4351
3665
7187
7488
10629
2227
4078
7172
6288
4143
1852
2385
4002
2812
5569
1569
5726
4882
3460
3900
2241
13724
3672
2790
2948
6018
10242
9947
4793
8731
2630
6474
4273
2624
8663
2667
3026
1759
4448
8482
12980
4333
4266
13279
2668
3372
6545
2492
9454
8358
6712
3504
7409
5111
15178
2098
8096
5708
3327
4065
6987
2062
5790
1888
3584
3606
6759
4318
6126
13325
6456
12553
5260
3674
3573
11409
1783
6400
3019
11573
7517
2782
5392
1747
3614
6935
4012
2214
2430
1647
6938
2804
2482
4140
3200
3734
17676
3589
8039
9387
6887
13480
2001
3511
1635
7530
3183
3364
4049
5063
4270
7694
2975
4219
3372
3267
3621
2848
2614
6347
5338
8078
14693
2110
1790
11658
6672
11450
3794
1808
6466
7334
9407
5641
6570
6671
4675
2980
3400
5387
7049
6396
3556
3765
4382
2313
3628
4634
4236
14738
11079
3253
3194
4272
7480
6104
7012
5231
4965
3014
2150
2090
5859
3763
1771
5473
9302
14700
7018
5355
10179
3174
2888
3428
2339
5210
3720
2908
3685
4305
2813
11175
2793
5461
3249
3814
5470
6471
3238
3884
3866
2194
6070
6605
3688
6950
4122
3476
3770
3764
2668
2826
4984
5540
5857
4675
3879
5797
4376
6178
10076
3284
4868
3144
9337
3244
3032
4943
2367
4218
2332
1262
6744
1933
5459
6020
5414
10399
4037
6947
7992
5320
2860
2685
5702
809
3255
5289
896
9380
6033
5977
3501
5964
1275
3125
897
3189
4110
3494
2081
981
3453
4781
869
2411
6861
5737
6046
2187
2343
5140
3568
5213
2895
9175
3686
4514
7898
5219
3262
5356
1689
3070
1739
2086
5607
4701
11317
6896
2688
3743
2005
3310
3114
15835
3534
15158
13954
2712
6189
2194
3113
1927
7139
10125
7605
3592
2763
3127
10756
2794
5243
5119
5299
5314
3120
2536
2486
3397
2205
2038
5139
3340
9400
8894
1801
13570
7738
2668
2172
4273
2902
3320
3200
10508
6044
3403
2993
4908
4483
3754
3119
8901
2497
3567
1454
10436
3502
2664
4466
10115
5117
4263
6750
2868
4401
6916
4081
4706
13381
5889
890
9109
11114
7193
2701
10491
3609
4188
4647
6275
3459
7334
2365
4216
4116
11195
9764
6305
3684
3006
5834
6563
3635
14711
5870
6460
2217
3750
18117
1780
2285
1467
6133
2151
7229
6217
8359
4171
2117
4855
9667
7546
3954
16973
4336
7191
3393
1867
4085
6240
3529
4648
10077
6313
4158
1485
2065
4541
5619
16551
5721
3581
7527
10886
6633
8094
6318
4856
6612
2449
1896
6022
4765
4680
5214
7277
7231
9572
6843
4309
2746
4623
15789
2106
2529
10014
7096
4829
7234
3157
3093
1872
3241
6136
4285
5993
2419
8787
6311
1715
4490
1721
1771
2385
2098
2040
12209
9497
1843
3055
11045
6078
8302
5660
3334
18818
3447
2914
3542
3843
1682
5622
8107
8505
5608
3283
6577
2338
15035
2376
7823
12632
6842
1839
12050
1657
5353
4984
1952
12866
3679
3255
2558
11650
4596
4661
3016
4227
968
5100
2492
6833
5024
3869
1608
5150
890
1728
8113
13989
10824
8843
1538
6749
13846
4279
10212
2942
3223
2422
1583
3947
2849
7036
4556
4826
10029
12751
7327
5473
1945
4836
1029
7673
2103
13393
2579
1868
4432
3698
2104
13551
4669
14718
2447
5616
8454
6574
9792
3594
5324
6284
6226
5113
9513
8226
3006
2175
5552
11048
10609
1501
3072
4281
5311
1971
11247
2283
2159
3689
4100
7292
5280
3963
5623
7274
2151
4087
3659
2747
4090
2544
3351
10743
3980
4472
7544
8088
6846
8524
8162
3909
10122
5916
8654
5435
3127
1833
6513
1818
18472
2291
9258
4850
2211
4476
2839
8193
2659
3790
5226
4251
2734
14579
3410
7587
11234
5434
7846
5779
15225
7800
2172
2513
20964
7306
5944
4136
7724
2884
5825
4282
9518
6110
1700
2254
4884
4229
2274
7517
3631
7096
5292
11659
3949
5324
6037
7122
7423
6224
4725
4840
2096
3610
4514
8759
1704
3738
3482
8055
5263
4037
5297
7154
2217
8469
5766
3846
3808
3737
4094
4479
8830
5770
3329
6203
4099
3819
1834
2100
3714
10393
3236
7051
2629
3239
5279
2818
2322
4288
1921
1905
1404
1626
2328
1754
2836
3201
2362
3228
3679
3374
16330
13236
7530
9640
2712
20932
3579
1819
2966
3623
10263
4531
4272
3096
10071
6623
7303
3942
2418
2732
8942
7340
4472
4008
10576
2308
9206
3121
7881
3891
8898
2446
3766
6113
5852
14470
2057
4728
19606
3698
6648
3691
3217
3372
3285
3108
11949
2378
2576
4810
4016
6306
3698
5628
3079
3363
2981
15703
5186
7039
7732
4411
5377
2262
8258
5690
6976
2765
3731
9560
6522
4891
7276
4036
3712
9454
6409
14695
5303
2885
2915
5398
8762
5644
5109
2804
5834
3918
3620
2049
5133
4842
6244
5049
3719
4638
6039
4818
11036
2616
3450
9739
3099
3103
3053
5212
4389
3896
11551
3481
5883
9468
10966
10754
7455
4415
4066
3521
5455
2497
5956
6533
4845
2146
7652
1743
4051
2266
12156
6504
5177
9435
10012
8596
2277
3413
6532
3691
14326
2385
6234
6699
1732
3196
14931
3602
4453
5156
7948
3972
2379
819
10585
3810
3594
8285
10869
3229
4739
2967
11561
1539
2134
3400
2789
6150
4862
3774
4095
2008
4182
3971
3852
3752
4440
4688
4537
7061
3763
4742
8902
2382
3216
2664
7262
7857
4721
9613
6858
4930
7608
3553
3129
5040
4036
4847
10207
2318
2549
2982
10895
3556
2101
6376
4474
2302
7014
3226
3140
3025
5289
3743
4977
7394
1381
4951
3280
6308
4924
6319
5436
3449
13778
10657
5353
1739
3982
2729
3148
1684
4099
4816
7870
1832
2981
5753
9551
2005
4307
2624
5524
2266
1057
2504
2733
2497
8165
12962
4443
9989
2809
5050
7809
3632
9849
6676
8484
3589
4450
2256
2835
6309
3983
6243
6380
1904
3579
4730
1796
4383
3389
2361
4479
3967
10826
4738
12564
6960
9034
4380
11511
4246
4248
10083
6193
3510
6853
3446
6888
7609
3770
14417
4917
12389
3392
1624
4750
9538
5814
7977
6429
2831
2710
5845
3063
7181
2133
1198
914
1369
3175
7015
3979
3060
4610
6092
5323
4270
2313
2838
4554
2460
4651
3612
4222
1389
13066
2956
4521
5657
5721
5613
3797
4815
4985
2364
4329
8167
9047
16556
8472
2925
4694
4323
3436
10836
1213
5614
7385
10302
4031
3017
9482
4110
3602
1840
9090
9012
2515
1485
4038
3914
10661
6599
2893
6298
6714
3803
7555
2993
12601
7484
3119
5000
6112
1598
6161
3677
1922
4005
1355
7604
10170
2176
4737
7968
6911
3629
5930
9118
2670
3605
7145
9841
12384
5577
3210
7575
3384
7494
7935
3435
7688
4121
7585
5241
6731
2764
2087
6120
3104
4287
3912
3813
9953
2710
6516
1926
10663
4335
7114
2772
4054
2647
3367
5340
25520
1869
17838
8189
2561
3571
3953
2631
5541
2655
2952
4003
2477
3899
4553
4581
2144
3722
2708
3000
5762
8427
4662
3221
8131
1412
5630
2434
11178
2911
4023
2356
7290
2922
13394
3756
2211
21769
5926
7774
4775
4308
1915
6594
2500
5915
6631
4354
6448
6150
2813
7574
3819
6242
2380
3198
1995
3894
7428
6593
4654
4517
4083
6704
3326
4397
3278
9309
8863
2592
7276
6041
5026
16624
10022
4391
6058
11485
3443
5968
18721
8577
12593
8997
5528
3699
4797
5115
2337
5509
5522
2304
10217
9131
2337
3102
6374
8151
14332
2102
3553
7866
1687
6015
5797
3194
5694
5944
3968
5796
3622
5196
4204
6070
1884
4826
5662
1590
6261
2259
4544
1736
5074
2658
5382
20423
1233
4774
5911
5714
2820
3795
4311
2200
11578
2278
4114
1269
3442
5360
16375
5437
3121
8763
6933
11812
1800
6287
1944
1421
7445
3590
2808
6945
6672
3780
1509
2285
4540
3281
9851
2025
2540
2207
5134
2686
10580
16517
4542
8433
1891
5495
7210
2952
8118
10154
10607
7049
5405
5004
8156
8170
3635
9355
4893
5738
1729
2962
4354
5552
6896
4954
6744
33443
9379
9776
5200
5931
3444
4961
20831
9550
6005
5814
3816
3564
4753
6418
3576
11680
3346
5733
2470
4445
3155
2892
8022
1951
14360
3195
2771
13933
831
5053
2941
4763
3259
15640
8364
2006
2056
2711
7155
10408
4725
15118
8659
6873
6590
5061
3976
5316
7197
4259
5960
10115
5107
8861
6039
5495
3337
5988
2644
16411
2507
1637
5123
3770
3208
2286
4948
6586
8784
4953
3724
6634
3868
3239
7677
5399
9401
7996
6027
6433
1988
13181
5161
3425
2674
1413
4307
1902
3411
8450
2536
3560
2138
2666
10360
2024
2101
3068
3852
4611
3718
5852
7058
2972
10297
7890
2312
4669
3802
4621
4702
5624
4801
3428
2356
8119
6701
5717
2478
13112
2905
2024
3035
4391
5688
12994
6385
1537
2569
9267
2857
14871
6233
7804
5446
3126
4323
9369
1417
3147
4244
5632
7372
8191
1543
2362
5600
1540
4553
4422
2534
3621
2579
7745
5429
5733
12010
12827
1869
5889
8526
4655
5031
8608
1905
6037
9873
3226
2996
6849
3409
4253
4772
16077
3024
3531
4699
4301
5653
2679
14214
5496
7463
10906
4670
5812
6964
5521
9044
8581
11226
4964
3011
7182
3136
2682
4982
10909
3714
1815
3178
4066
4900
3548
20785
6785
6229
4342
12882
1018
10816
3982
7294
7978
4866
6607
5354
4569
3447
1872
2725
10749
8320
2396
2964
4075
7456
9358
5571
4749
4342
2412
3782
6181
3899
8231
15185
11495
9908
3845
2778
1195
9756
9321
4491
1549
5612
1807
4052
2613
3093
6654
3739
3089
4985
6246
6698
13243
1002
4612
3732
8153
8314
4004
10266
3058
5687
1886
1477
2883
3034
9069
3514
5403
4243
3631
4384
4117
3016
3175
9610
3634
4654
9386
3769
2037
5561
8401
2808
3950
9949
6410
3811
6877
6629
5144
6419
2778
4947
4677
4180
3543
3188
7026
4268
4169
3730
5054
2861
1492
6713
7914
3960
3131
5228
2977
2989
3873
8938
2994
3023
4985
2691
6839
3416
6688
2339
2978
11569
3568
9325
9115
3682
4202
3542
12654
7382
5793
7964
9531
3963
8993
7365
3551
2285
2115
4899
2656
8868
2540
2423
3752
3994
5524
2184
2086
6310
3370
6802
4716
7404
2541
7896
5176
5326
2367
5751
6213
7711
3363
2397
5708
3841
2603
3476
4323
1451
4060
5562
5518
1879
14277
4663
1757
3837
3380
4863
2720
1766
3228
4334
6717
3280
6509
1866
4703
3382
4522
1060
1781
2914
5565
6404
2818
3198
5678
8293
4267
3969
1906
5039
5288
3146
1526
9241
5323
3811
1858
5164
4794
10079
1728
4302
6355
5739
6085
3386
3633
6126
2058
2765
14548
8334
3389
3852
3378
5228
10394
8090
19174
6856
3988
3095
14431
12351
7202
4080
10672
17722
6465
4099
6146
7398
7764
3102
4308
6199
3738
1607
1593
5058
5740
5320
6373
5117
2459
1826
2575
8895
10395
3231
7269
3535
4239
3710
5193
5704
3752
2840
3629
13632
10580
4227
4669
4056
2999
3151
2259
3868
2649
2244
5058
2950
4902
7424
5644
1628
8184
5257
5918
4104
1525
2701
4244
12927
3586
4435
3210
2049
8703
6001
7194
2259
3983
7034
10972
2709
9337
9198
4027
4091
5381
2977
14777
9502
4635
8492
3535
5121
4477
2010
2773
4171
2243
3390
14599
4213
10214
15129
2158
3408
5660
2846
2697
4382
5073
2691
5884
4228
10549
10006
5027
4106
3638
3295
2203
5031
2957
7274
4383
10942
13439
9235
6751
11469
6282
3885
9408
3089
4505
2432
2983
3275
10087
11789
1504
4192
5345
4813
4279
2428
2824
3813
3159
5362
5861
1792
5704
2425
10960
3584
1925
4415
4285
2056
3629
1318
4043
3113
2617
8398
2931
4354
8475
1676
12262
10896
2441
1805
4664
3986
4495
3771
2940
7484
3462
1637
4073
4438
4864
9018
1960
3308
5457
5822
11120
8709
5156
3667
5176
6452
6793
4485
2133
11359
5067
4753
2295
4507
2512
4777
6553
3367
1716
1858
4692
1971
6204
2227
4199
2431
8968
8742
2738
4713
1989
8059
1122
1920
9113
2184
3065
3729
8312
6325
5344
1501
4331
3612
7929
10415
2647
2733
6390
5164
5781
4475
8674
1714
3751
14781
1802
7801
1464
4721
6026
5861
4505
6674
4179
5909
5893
3131
4923
11091
1876
6735
1465
6345
5545
5273
8070
2337
6800
4248
9861
3168
3821
5866
2066
5669
2063
2412
4569
11646
4419
2212
4151
7645
14112
967
8936
2309
5231
7060
6958
4268
6461
2735
2021
3195
2689
10850
5697
3624
4935
9597
5043
3763
7480
2754
10076
6465
2530
2413
5386
2258
1611
16117
4020
3639
2381
5814
5054
3367
4453
4937
4056
3724
5623
4851
3954
4327
4607
6595
7881
4365
9784
3962
2928
7583
7214
1516
8715
4054
4744
10160
11844
2385
6271
4479
2659
22550
5020
4980
3017
4169
3271
3819
3834
4126
6754
7550
2408
5175
2353
3784
3121
4377
1681
4777
5491
3607
6413
5093
4255
9478
3476
4514
2099
7226
6927
4106
3071
7200
3342
2942
4249
7323
3722
4519
4808
3265
4386
15833
6191
2269
3082
1935
2584
3630
2191
1973
5776
3641
5854
4024
5588
3481
6668
16000
13933
4025
7805
1529
5874
3610
2171
4321
4170
4015
3060
4010
7701
3401
7816
2550
3399
1693
3208
3069
6794
2688
2977
2778
5670
4114
11423
3509
6109
2838
7167
3978
3306
8428
6530
3224
3489
3315
4806
12881
7999
6190
11145
2844
2437
5397
4323
5723
3715
2573
1588
3868
4032
1805
7413
5209
12569
9240
5955
2245
2790
4385
5519
3766
10308
2651
8447
5713
11688
2707
1615
3433
2460
6555
2901
3102
2324
2272
1879
11315
5253
2892
5924
16020
4976
3829
6899
6405
6719
5535
3024
1883
5980
2147
7052
4698
1203
1852
2037
5044
8803
5923
8782
2644
4273
2685
5291
4529
5912
14155
7727
3062
10967
7045
5847
4606
3977
2086
5158
5878
10194
5171
3563
6584
3270
4326
5383
4301
1414
8365
5360
5880
2441
3342
8618
1760
7175
5302
8747
5594
4477
4650
9221
13518
2832
2833
9873
2030
3830
8270
2751
5735
2357
3513
18313
3538
1691
7852
9537
9981
1632
3769
12609
12344
4684
11010
5558
2153
3530
2145
1988
7712
3821
8201
1611
4909
3955
2364
2269
12020
1597
3394
3006
4479
3386
10638
2184
4798
5674
4612
6794
8749
3657
5933
5860
3892
5095
3012
3402
9274
4321
3273
2756
3768
10246
2502
6714
2628
2540
1676
12053
10481
3276
11717
4740
3006
9775
5869
2594
4793
5266
3993
7426
2219
4030
2726
1511
3869
2701
1757
9525
1563
10265
8272
4683
5445
5561
6239
6878
15731
4153
2871
2326
5050
1896
5909
6357
3323
7789
3800
9036
10479
1636
8698
6235
6815
3446
6487
7434
6658
4191
4409
1122
4852
2607
3400
2160
3536
3986
1066
7848
2849
1677
9096
2197
3235
2215
4750
12766
2642
6311
9538
2344
5123
8869
5817
13318
6386
5961
3479
4557
10930
3297
2021
4217
10717
3518
16947
3661
2553
2061
5483
3428
7933
4250
5016
6248
5435
5377
2246
6095
6123
4617
3988
3432
4001
4218
1943
4725
10491
2436
5924
6959
861
2911
5019
5446
3048
6627
2242
2965
4539
4356
4996
5853
4664
2694
4461
9156
2376
2187
14651
5542
7760
4482
7202
2215
4120
2790
2712
3071
3558
2400
2768
8632
3035
6792
1922
9551
7908
3094
7985
17678
17629
8894
1465
6014
4206
6659
3707
3624
6775
3729
6131
3179
12268
2860
18049
8539
5306
12421
7859
7115
6133
5238
7108
14129
1545
7723
16596
4206
2364
2058
4475
5539
5381
1216
7340
3537
3353
5996
13276
5455
6146
5828
3850
3398
8755
2034
4913
2525
2300
10330
3137
3866
7967
4442
6429
3534
3085
3685
1799
6073
3209
1788
5174
2435
11168
1931
9036
2298
2516
5439
2883
2178
19590
5351
2160
1501
5215
3236
2735
9281
6671
3962
5829
2404
9424
7048
1706
6063
5443
2428
4654
4798
9490
4713
6224
6431
4236
9178
11328
1985
2371
6901
4583
2417
6819
3355
4882
1590
1417
3874
6037
8108
1435
6677
3836
4659
9734
4275
2883
9795
2507
3519
1512
10273
7476
1677
5027
10706
5328
7256
9717
3664
4406
5585
1690
2951
5400
6880
5585
4673
3777
7680
3333
4407
2440
2971
6418
3989
13225
4429
3509
1436
7285
13335
12528
5332
15003
6841
3629
1818
8567
12812
3574
2663
1496
3707
1456
4446
3118
3628
9096
3423
1916
2061
2980
1548
4442
4058
10093
4297
2270
2725
2333
4424
8419
4790
10334
3713
1855
1813
3136
3901
4640
8868
9637
4444
3570
8617
2513
6781
2605
8657
2189
6198
1334
6888
7475
2807
3126
3116
3754
2947
5138
9689
6377
4192
2990
2516
5119
5412
1468
6024
6926
8452
2990
2938
3208
6949
5912
5195
2169
5879
1622
7280
6822
9430
3289
6550
2902
4145
3002
1389
2648
9932
3852
6921
6456
3128
2901
3737
5395
13736
4306
3093
6032
3525
12197
2569
1857
4254
7769
4025
2632
4868
4815
8756
2969
6281
10030
1621
5077
3258
12172
2878
7682
3555
2613
8641
13054
3379
3855
9407
7598
3209
12663
11490
4853
3929
2314
3138
1580
5937
4254
2047
4261
3437
2534
3057
3817
4228
6625
2512
1530
5943
9849
5582
3964
8959
4110
6620
4105
5594
4682
4613
14698
1523
5601
1495
13995
4871
2590
2622
6538
3181
4659
3892
2781
2744
3592
3091
2759
20173
5442
3040
6516
1912
2131
1516
7383
4992
4720
4692
2632
2394
3500
7394
2821
3966
4481
2884
4860
3682
10439
2455
6447
5533
3084
16816
11243
6219
5501
15640
2673
1947
2256
5069
3300
7690
7332
3835
3372
3261
7386
4675
4861
3768
2744
3996
2722
4690
6256
9460
5068
4086
3819
5624
2676
9759
2847
8557
5905
6476
3193
9430
3015
4815
9744
8341
6172
8861
2333
3440
9117
5615
8355
7074
3055
7231
5243
4605
9336
3964
4936
5879
5970
844
2728
5441
2834
4119
4046
3865
7817
3651
13529
2622
2607
1882
7325
2558
7822
8408
8088
4902
9082
4609
5220
3380
4672
3986
5441
1542
5854
4932
9941
9644
1423
2511
4045
8315
3268
4212
3813
4218
5611
5846
3728
5244
3771
5029
5970
2638
11115
2624
9404
2861
3933
2245
3954
3481
2893
9523
7788
4989
3195
4374
1349
8389
4589
5094
4841
3804
4965
7839
1672
2016
6403
4407
6141
1818
2930
3173
4181
12855
4781
1914
4591
2741
3002
10074
4023
3905
7124
3189
5424
1091
5652
10460
9306
4839
1723
4832
4009
3498
2862
3076
2619
3211
1458
3467
10619
2332
6742
2847
8214
6924
7820
7831
10454
5298
1498
9981
6974
5035
3190
7959
3148
7231
5564
7646
3347
13975
2985
2440
4091
12205
3931
2298
2720
1569
9195
13398
9559
4033
3556
4749
11110
2593
5726
3128
22842
2919
4166
7647
3579
2440
3544
17510
12125
14563
13081
7211
3926
1688
2668
3985
3307
4772
8030
5739
7777
6029
5032
5314
2189
3946
2249
10201
5652
4663
4185
2489
5052
7648
4139
10942
3500
2327
13386
2631
8341
10175
6060
3933
3374
14366
10036
2056
11076
4422
12129
1946
8491
3149
3739
3108
5981
5046
3642
16889
24477
8592
1903
10208
2922
15667
9846
3951
9462
4790
9190
3867
2002
2176
2630
9636
3928
3869
5156
4776
3142
3306
8905
4918
4148
5634
6744
6565
13597
5405
5627
1806
2463
13171
3618
3967
5866
8206
3655
10198
10149
2755
10525
5762
6167
5517
8205
8519
5904
3067
1478
6281
5083
3149
2663
3847
7522
1732
17191
5946
20077
3245
4556
2703
4527
2392
4100
5404
3056
3378
9287
3643
12554
1709
7489
1570
3551
7419
4139
11440
4865
3063
6191
5108
4450
10169
2957
1673
4441
3300
7550
7200
7150
5994
3952
7587
2971
7051
6371
4376
2526
5477
3922
4683
9769
2948
3510
8787
3285
4023
6451
14194
1239
4754
4718
9780
12964
5155
4843
4978
3395
8040
2418
3473
5603
2079
2926
7485
11739
2095
5217
6135
2562
3073
5230
2757
7457
11551
3481
2046
15509
2614
7448
6273
6232
7109
4903
7167
4565
5747
6020
2574
4289
10120
6499
2204
1956
5696
4304
4080
5601
5061
5106
4151
2326
5764
6567
7132
2187
2770
13364
4509
3166
2852
4217
1885
16947
2755
5768
3950
4949
1663
4176
7673
3386
7477
2716
2528
3181
3090
5548
6503
3227
4817
7668
7236
7759
2575
4248
5997
2225
7413
6701
7519
2900
9675
2477
2846
11203
3037
4604
4111
13992
3527
4387
3104
3232
2255
5085
3697
7635
5140
5007
1670
7603
4859
6775
5259
4668
4040
6502
8721
6732
4934
3464
5369
14195
5258
6474
6178
3194
4577
5106
10400
7461
14351
2191
8565
8419
1118
11605
8998
6304
4184
1589
11388
3071
8335
9646
4694
8100
4437
5400
7673
2348
4139
8092
1020
7264
4554
6605
6734
2612
8224
14568
3760
7065
6087
2354
2193
4882
2994
13098
3708
5073
11343
5400
3091
2334
2718
5373
4265
1554
1831
6703
15389
3737
4667
2006
6024
3661
4186
7759
4499
1313
2610
3245
5802
15720
7194
3242
3942
3613
1968
7802
4396
10765
2467
3657
10908
7902
2224
4456
3059
4899
3983
12454
10027
8780
4640
3873
1635
4826
4426
6214
1833
9106
1592
8200
9489
5979
9173
1882
4540
4615
10148
6912
4633
7741
3195
4057
3173
3168
9368
12128
4728
2322
3650
3183
5681
1793
6453
10428
4808
4718
5985
6215
4259
1875
3488
1562
3374
12191
3277
8040
11518
8720
5382
1532
3867
4072
5047
7486
3930
3403
6305
13028
5586
9013
4177
4385
5705
1749
4103
2704
9616
3869
2433
5789
2611
9107
9465
7015
7941
3025
6163
7929
3097
3634
14706
11172
2632
2533
5318
10173
5907
4609
6668
2758
15770
6280
17413
6508
1802
1560
4378
4604
3033
13686
12656
6977
6085
8557
2118
9385
8629
9006
9804
2365
2891
2305
6248
3947
3093
10454
4345
7422
5105
4344
10538
4031
1911
6530
2370
7523
4300
2325
2887
5688
3690
4654
3909
10680
3023
983
3253
14334
2873
1765
17269
2935
1907
4062
8235
9086
4384
4336
5402
4210
8264
2462
9825
3142
15086
4571
6475
2943
11623
5746
8680
6328
2257
7367
2979
5528
4671
3804
7810
3477
4224
6418
7277
5643
6462
6508
4280
4379
9467
16496
3450
10790
3898
2430
2591
3827
7627
4261
8020
5873
4091
9362
20230
2923
3449
9973
6522
2837
2730
21353
8968
3783
10671
12844
1895
3444
4352
6676
3408
4386
6305
3662
2000
1832
4129
3081
1857
2630
6954
4981
4297
2860
3500
7320
7886
10543
3904
15969
10600
1571
7929
3838
3853
2479
