15412
2728
4602
10671
43231
10720
3104
6947
12243
2205
7443
3707
2178
5417
4118
7007
9857
4300
3289
1888
6750
2256
8742
2974
4659
1967
9684
1902
4899
9655
3994
7105
10838
16304
7142
4650
5790
8563
18178
3935
10756
2024
4651
4152
13975
13230
5883
1271
3419
5435
6410
5503
6645
6687
3983
7017
3034
6172
14019
6945
10830
9231
8455
3773
11490
5260
10450
15006
12411
3147
4986
13581
6572
6362
8557
21746
1816
4824
3491
11216
2919
13828
19302
20445
6598
5560
9865
11094
10862
8174
6485
5931
28459
10170
9252
11805
6546
2349
6995
6680
2869
9553
10829
9427
3663
16928
8595
5474
9903
3721
6516
6856
15442
4666
21462
13524
5119
29319
3215
11680
3409
3564
11196
1997
4510
10506
3343
17695
3452
9361
5169
16450
9771
5534
7191
13970
8606
1332
3271
7824
7746
2695
5063
5349
6676
5100
2835
2861
6800
10497
2605
4207
12304
5572
4544
12652
9277
4007
4760
2846
3743
2739
6228
4384
1555
15372
5920
12070
21011
6844
4271
2638
2165
8132
13520
8275
4262
7227
4480
5632
8915
7537
7844
2970
13436
6305
3137
3601
1992
5732
1661
5092
14285
9556
6504
3282
18884
29228
4872
8300
6526
4056
2797
12245
5484
4797
4015
30348
19632
10441
4101
7041
4266
5262
13358
8000
4006
3985
15991
4229
5729
5667
3201
2122
3727
24717
4511
4003
10124
7699
10396
5094
2737
8742
3881
8662
5081
7197
5398
20820
7893
5098
8148
6279
12338
15835
2080
12620
4424
3814
15416
10678
2094
6944
4036
11201
7268
1872
46874
8154
3855
11916
6572
19386
1443
12631
11090
10249
4258
4625
9280
12310
18707
12601
5953
4467
7074
6948
5314
1992
29930
5877
6344
8017
5079
2140
2685
15391
2174
3711
2377
1001
3506
1165
6855
2485
4682
16250
5013
1652
10867
5341
2555
1155
7369
5601
13239
4344
2895
26745
17010
8590
24249
3366
6570
3109
6623
3431
2044
14389
1604
4990
3986
3572
2867
4157
5892
16633
7410
8538
12462
3549
3029
7044
27589
15752
1674
12178
2666
18416
2741
6521
3342
3496
1134
5747
4201
3692
4041
7558
15994
2612
5959
3328
4650
5269
12310
3044
6642
14979
4290
4748
8189
14675
20041
11900
12734
4439
5705
6871
23049
3195
22792
8219
5799
1666
11032
2740
1700
22776
25342
18346
2767
9376
24635
9817
5015
6858
4995
9277
2480
2357
6876
1529
1126
6527
4166
8223
3352
7846
23995
17706
4806
2343
10048
3345
23952
8547
5495
3095
9270
10675
4374
16356
19601
6216
21365
2967
4699
4202
6439
7280
7912
19706
5313
5586
1900
14138
6664
1858
4266
3519
15608
7178
16717
8957
3505
7087
13956
2397
2097
19109
6254
9020
5758
3923
6339
3413
10867
12770
11928
14060
5648
2475
6228
6035
8001
6721
5290
2924
2353
7610
6075
8301
13644
9184
3286
2327
5974
7930
5540
8810
1813
5796
2299
18131
2873
7151
9479
33691
7083
4653
15559
9815
20786
6197
9140
8899
4224
3659
2373
5697
2284
9388
11116
9935
7353
7880
5733
1303
7664
3474
4266
13851
2272
2859
3719
10974
3438
2084
4988
4682
19043
3823
9550
24005
8855
7970
7990
5628
10634
2157
1677
2354
2937
3532
2263
6401
4332
2061
4590
4305
32497
6313
5165
5103
10497
20216
1980
7643
2858
11282
8169
10115
15054
4008
11113
12357
9552
4907
3926
11129
2340
5738
5438
15462
33033
10058
10179
11290
2620
6407
25672
3623
18019
2908
1536
3099
8920
20456
9567
8227
4235
2993
5181
2194
2886
6438
2192
9558
4840
2584
4039
24611
9682
6861
13524
9425
3860
7432
4496
15095
11975
13607
6258
8748
4776
18724
7652
6069
9805
4682
6922
3701
9264
17905
5858
2957
2844
1493
14186
22723
7937
17233
6346
5432
3763
5483
3992
16991
2561
16361
1812
4942
4698
16716
4365
6494
18500
3460
3119
18056
20491
3069
3185
11522
3596
8699
13660
12958
20858
11595
8030
4029
7232
7545
15564
1756
3982
26538
9699
8594
18634
11716
2992
10890
16104
2559
3389
1000
2529
11460
2306
3625
9907
13866
12205
8182
3109
19015
6087
5906
2950
14736
10472
2421
2060
4873
2889
4227
9748
2291
6113
5953
1409
8943
16858
4975
3781
19680
3685
4730
21049
2963
5666
2433
12816
8702
9174
6155
11521
16870
8655
11995
5829
5118
2672
9022
5497
10560
8629
897
2486
13193
2113
14252
5670
8191
2043
4747
7440
2478
2642
4253
28588
16912
6021
16597
15192
7220
4428
2509
8117
3341
18514
1735
3472
5017
10803
5941
13499
4084
6390
4670
5854
9331
4763
11706
10660
4961
5451
4350
5221
9842
1590
16101
4020
6137
11704
24121
1440
7600
3830
3823
14387
4213
9254
18452
5923
9817
9252
3418
10502
5212
10436
5610
8862
3721
15197
13217
3625
4314
8893
5602
10442
2920
6780
7274
2921
7143
2635
5552
3882
4738
8337
1578
2068
1007
3919
3194
5445
5830
3050
15760
8530
1603
4954
5691
3737
12451
2679
30149
9658
9345
5462
13156
2899
8610
5818
5722
4591
9040
5723
9291
4324
5232
5541
3794
4345
2995
9681
6482
8551
2402
12908
4966
2805
2994
1932
6166
3628
5428
10021
6619
4593
2139
9743
8968
2166
10705
6264
2106
3662
7430
6473
36915
10743
16659
44393
8448
3518
4217
15287
2666
2500
3076
9866
2164
3040
3487
3449
1240
4334
2831
5081
9710
13808
8920
4775
2824
3984
12122
3031
2139
7252
9211
14535
6582
2566
9274
8495
1650
9249
13489
2979
10317
5643
4101
3841
9909
3544
11764
3374
12513
6736
11727
18941
2215
15071
7017
12864
4581
7124
9732
16934
5756
14601
7948
12261
2410
6272
9214
2867
7835
7915
19189
11926
6027
10194
1732
5056
4876
16015
5575
6702
4038
4434
33684
2383
13910
3705
4110
4541
6683
11224
6659
2459
10678
8081
13527
12982
3916
3762
9771
1984
4735
4526
6619
13744
8230
11611
4271
1799
1667
4035
5462
3084
4595
4351
9989
12862
10506
4024
17747
13886
1834
2728
1423
6729
5156
3443
6008
6717
6484
6726
14616
11241
9053
13069
2011
13918
11506
7895
20341
8744
6898
5575
9297
12089
6223
29405
22568
4677
13983
13541
5677
7778
4395
11290
16191
9237
21041
4933
4789
10898
20386
2831
12725
2189
12098
3024
7183
10161
20021
8781
13305
11165
8407
4595
5423
4075
8476
2978
4746
2529
4576
2991
2733
17747
6389
3715
15367
5798
5919
4106
21331
13458
3286
2957
3047
3584
12248
2071
6722
6039
1124
9940
8993
5956
18039
4846
6964
9575
15577
18320
8057
9446
5702
1500
4339
5624
11223
20248
1291
3063
4686
1256
4868
7663
5582
11664
5927
16621
14958
7502
4196
5942
7455
6887
9950
1534
11494
6012
2371
2372
13167
5010
21404
10213
7029
5879
17294
6782
4633
18877
10329
4217
3149
10031
11445
3038
25450
3289
8263
6718
9338
10559
3849
3456
3438
11001
11093
5991
10731
7092
3724
6617
1547
9307
7096
3303
16043
6340
4420
2681
2165
7671
13043
2936
12823
6681
2922
2778
14113
6301
15292
6196
4394
1897
9592
1213
6846
2327
7162
4850
2957
8666
1615
3762
1819
13327
4155
3384
5714
8989
1770
12453
3541
4476
2203
3854
7478
7855
19703
6406
8558
6814
2269
11667
5829
6212
5194
2569
2807
3576
7580
1898
10165
2846
2075
5489
8481
7652
5781
7091
9655
5962
5005
10204
6577
1321
10732
5152
6130
5647
6560
7612
6819
52102
6041
10896
8060
6377
12810
1752
7695
8149
18470
5549
9063
1834
10369
2484
5517
9748
2392
14744
4871
3066
2182
25507
3023
11711
36348
4174
2919
6833
3835
2033
7050
3242
11060
4919
6619
3453
4696
9793
2143
16289
2941
13430
30658
2282
5025
6537
7919
3129
6343
3693
6882
4017
5952
3646
10308
10856
7223
12612
3477
5535
5523
3113
2069
7221
6652
6104
7360
8646
8693
22133
2041
15149
14789
7233
1195
2870
31069
4041
3931
6689
11258
6557
13971
2991
7145
12592
7654
4702
4075
2801
5552
2153
3815
9319
4952
24084
2847
3114
2866
1733
21486
3917
6396
4054
13384
17286
6578
9635
2416
7575
3431
7455
14646
2321
12003
8253
2312
15656
2361
9004
4245
12739
5026
4617
14023
6196
20580
15513
2317
11197
25205
5917
3245
6047
11424
5243
6225
3202
1525
4848
6688
2465
3282
1602
4199
1752
2753
8073
1718
2222
14452
1770
5452
4397
2122
5056
4036
6476
13293
23046
4712
3821
8960
10257
4533
6749
3415
37488
8329
5202
13781
5099
2777
6325
1160
4413
9438
7453
2442
28127
13370
2705
4892
5890
3120
5267
13570
7800
12228
3884
7791
2459
7979
15952
2626
3178
2903
8017
3223
5425
12398
11223
4946
4014
4255
4954
6826
6276
16879
5116
3472
1260
14271
4773
6804
4965
4585
5794
10454
4688
11450
5839
28361
17146
2700
11159
10009
2772
5315
15993
9304
8324
2827
23195
4757
16257
13975
11570
9096
6378
7932
14140
32395
3259
3985
28437
13407
4425
2362
6225
12431
4697
11882
4898
5050
8137
5084
4465
6687
1364
9120
2527
13686
3062
2204
2561
2168
3023
1248
8894
2819
6936
6389
14074
14778
3375
2654
5201
17595
5054
6274
2973
6345
5093
5547
2144
2420
5453
6404
3557
1646
2765
17953
13847
28946
4660
5901
3851
5093
11369
2435
9021
19657
1159
9147
8110
5961
14890
10196
11672
3559
7167
5233
10062
3924
1057
2380
4414
8266
3612
7914
2863
12761
8178
14815
5879
9372
3003
20014
5035
5937
19529
4724
3417
23719
1779
10819
4966
7328
6777
19827
2154
19558
10172
20637
4966
9202
6796
1630
9693
3199
8813
7134
7702
5112
7185
5331
3546
8843
7503
13288
4421
6778
2143
10046
2347
4875
2458
2261
4640
14277
2316
5741
9003
10252
3316
14607
1873
5495
3079
2795
4987
22389
4528
7917
2650
4972
2917
21865
4302
1181
2246
8474
6401
29606
4121
10574
6722
4806
10592
8589
9929
8792
3313
7897
12437
16222
4806
1661
9612
3037
24973
6462
1571
10322
10386
5667
4308
8597
9766
4636
6741
5783
2126
1883
4538
2155
3657
16686
2409
7503
9818
19781
16050
11266
1590
1656
11734
6932
14543
1913
16306
5881
8734
5219
7805
4060
5865
1846
2392
4884
20951
5918
8525
9798
16596
10813
13884
4424
6131
5546
6953
16107
7244
16723
24377
4294
5136
8382
12903
5874
10287
2317
27057
4784
2830
10826
3846
5787
6364
6857
14639
5830
16520
3119
12371
14002
5554
22399
5180
2231
10979
7263
17064
5895
6671
11793
9672
4403
3341
5759
12421
10618
3770
10929
8049
8082
10543
14381
3848
3089
2196
8036
6516
10597
10754
8723
3619
1959
7626
7879
1734
4896
12352
3196
11459
14640
711
7271
15495
3723
7029
5584
13559
12645
2524
4109
4141
1490
4780
4588
866
3678
6853
6003
7011
7428
32753
9440
2390
6080
12864
47863
27804
12035
9075
2224
3749
3482
12362
12803
24503
28229
7860
3063
12861
3744
3922
4985
6798
9993
3851
5535
6658
3545
18117
5990
21841
1494
7504
1423
3600
3358
9041
2959
5928
6791
9866
20679
8091
2466
2151
3224
6573
17175
1634
2306
12434
10158
13846
21771
39574
7400
9999
6540
2924
12040
9588
5005
5213
4984
2224
10402
15610
18959
4973
9455
6076
2432
14180
7401
6124
17168
16929
13019
3231
16409
32553
3791
5299
5900
8326
7402
9712
8160
5002
10769
27278
8073
4880
5204
9680
4531
6852
4080
6050
5409
7246
3303
10334
29058
9691
6941
1695
9661
2953
2773
6435
3919
6488
5916
3406
5197
4790
18998
2084
3104
5892
3740
7199
7644
8308
23461
15822
13616
15002
25661
1701
12267
5642
3058
13487
4389
27075
25177
5024
4422
9437
13153
3102
2788
4934
10450
6430
13261
6749
3063
15923
3429
2637
14805
3958
36891
4526
7776
3537
4299
6245
13673
14967
7392
8526
4208
2362
7879
5306
16870
15798
5196
9352
4755
1629
1996
17877
5997
9065
5047
12302
8225
13349
2710
12691
8257
3336
4554
5090
2211
10779
6786
7059
8374
5689
4615
5817
4445
23223
9855
5172
1625
9935
3766
6155
14731
3102
22281
2650
13807
2224
2069
3003
873
4860
3565
4575
7162
5177
5434
7543
10452
3171
4519
3351
15824
3304
2017
11131
5822
6294
9117
9500
10282
12925
2917
7699
7189
10422
13234
8324
2758
11438
6316
20878
8239
24353
16140
11513
2073
4740
9175
5385
11958
2637
3031
11894
5942
9806
11228
11385
15220
2663
2749
2869
10003
12088
14547
6865
15125
4527
20827
6857
8166
5352
3474
8178
4822
4470
7604
8669
5230
3498
15274
1605
5285
10206
11452
8988
6106
1198
7687
4078
26937
10049
6563
7662
11862
7660
6464
5416
3890
2717
6500
7957
4284
9303
7126
9093
14629
8799
3724
5577
17877
2621
15120
6304
21104
10313
4569
15274
7023
25136
4530
2200
8245
6520
11341
1149
14555
3186
4200
7992
11401
8460
3405
4889
23239
2920
1914
7185
11786
1489
11621
3892
2390
8750
4962
2240
5626
1715
10031
6816
7943
3777
11650
7360
8805
13914
3282
5486
6053
9135
10783
11685
4715
19375
5772
22158
3419
4570
7237
3665
4024
2204
2696
7451
11896
7261
7665
3028
11886
8639
5811
5998
2499
8894
10444
10511
2230
9843
14841
13975
3370
3882
4758
4742
12012
15226
18180
14337
1651
5577
12066
9448
4152
3852
6006
8049
6692
4333
2921
3817
6390
7118
4937
8018
4937
9757
8638
3874
4091
6358
18239
4237
15313
2091
5435
2275
10731
3721
3803
19088
11625
741
2831
4636
2680
3778
2448
4786
18695
11097
5364
9459
17156
12108
4672
10163
1710
5284
1610
3615
6672
4503
6340
5554
5540
3479
978
15082
3673
3316
5821
2188
7577
8284
7468
2859
8894
9766
25477
2821
7633
7478
7738
12339
5211
17000
2906
10745
2271
17526
10644
2927
24103
19216
9774
3148
1465
11926
25598
7604
2588
2494
7160
5890
4498
2885
4233
8546
9596
3417
6067
4548
6525
6437
4969
16963
10014
2702
8394
19173
6576
4054
8249
6979
3680
4427
5676
39193
10793
7492
13312
9571
20097
4548
7693
8470
9932
5251
24102
1433
5233
13305
1895
2095
8031
2701
3378
16254
11227
4626
2436
1738
4259
6224
7586
10550
2629
3861
7978
23519
6227
5424
12140
1797
4030
3075
3240
4716
2868
3175
8416
7799
6805
4421
8329
3144
1553
6488
10774
13245
2980
30705
7095
6180
10773
1390
5248
9822
15328
6306
3723
14623
5171
2711
7964
1979
7847
2626
7613
11725
7641
12639
5644
48300
6664
2823
5695
2932
1260
8453
10283
16824
4568
6640
3710
4709
5002
8311
3385
11575
6904
1319
7000
11966
6946
3047
1444
9240
8122
6848
4196
4440
7321
3718
2835
3310
7623
5018
4924
6828
4032
3561
7132
7785
10456
6421
7131
9270
4158
9656
3465
4242
5056
13032
5402
23467
6644
2382
2582
19694
2459
19510
2761
9854
14482
4003
5580
2241
4847
4125
8369
4290
5329
5430
3357
11253
9202
6258
6904
2781
5745
9970
3627
10969
12274
12903
3397
2405
2721
16294
2437
5546
9596
10896
7805
3550
2984
17968
1338
13680
6422
2270
2142
24017
19129
25882
8176
6548
2583
8899
2799
2707
3380
7629
17285
7470
7688
6410
9234
4358
15502
21236
4383
7356
12831
4710
4971
4554
9236
2878
1759
10848
2810
8387
10406
5150
2733
1511
6930
1450
4865
7316
23100
27351
10606
9643
4821
3695
2969
17218
11437
7110
13497
1405
16010
2340
4849
6136
7743
7993
29951
1780
4445
8385
3175
7101
11139
3193
3146
4304
6504
8114
3244
17189
8082
2406
8499
1628
11102
4331
17390
20559
18089
4230
14867
4115
2483
2928
3759
7894
3778
3128
8416
7930
2432
2046
4873
14220
1594
4777
1999
2537
5016
4484
2231
21840
14199
8582
8079
12136
2228
7517
3122
1824
5646
11491
11760
5333
10775
3742
10525
4476
7892
13329
12482
4224
10727
5875
13509
4291
9916
13852
11612
5319
3865
4768
4353
8135
15663
7087
5511
3708
1563
5778
23567
13803
7992
10974
4342
8266
8041
11094
1686
12531
3162
5620
1859
14479
3785
10017
4894
10064
2673
2933
5462
26378
3066
7609
7731
5128
7328
9345
7611
5479
4766
2535
2762
8211
11071
11460
33938
4310
3443
1669
4976
10735
5960
4327
5598
7500
4156
7951
12285
15399
8144
19799
4261
10679
12053
39039
15970
8089
14870
8212
5909
1840
5131
5345
7148
3382
8201
3989
16892
2258
1749
22250
9490
8462
2260
2260
5895
2464
1083
3106
19359
7859
21504
14571
3819
2965
10160
6473
5724
5946
2860
5552
4414
6940
3982
11002
2280
2088
28337
8723
2601
9644
12008
8300
1639
5864
7107
11362
2334
4749
1902
1599
4179
15636
17392
3939
8750
6225
4599
4037
3043
18321
1561
20224
3119
8027
12897
5367
4141
4362
4672
15670
18384
7764
4092
21026
14775
3362
13335
4786
8471
4328
9454
5801
21337
4287
6673
3774
4382
4982
17955
3054
8548
3521
3827
14000
6750
15028
9888
5152
3084
7692
2714
12661
16629
17222
3184
8379
6685
6286
4182
9843
20489
5826
2462
14917
8405
1477
2191
15307
10451
15482
4149
9011
6817
14661
3538
12291
3863
10388
12423
5160
4877
3923
3751
15684
3317
7347
17506
6733
2125
4098
2070
13682
16319
4397
4637
7299
6090
17197
5206
5478
7249
3073
3697
5381
11622
3051
16367
10222
6261
4119
9854
14006
12622
3460
4892
9757
1973
6619
8878
1082
6625
7164
7738
4696
2464
5802
4080
11736
5108
8574
4091
7907
15511
4667
3473
8286
22081
6936
8257
6461
3039
2134
4260
3390
10133
1841
10240
2839
10488
8584
10170
3756
3939
4604
9901
4564
7103
6404
11268
13467
5773
5718
13850
3927
4848
4862
11281
10894
5796
6517
4059
5707
9479
13537
12117
4499
6618
4127
3720
18015
7656
4808
11569
9799
2566
2738
1773
1021
5637
12355
2014
3127
9196
5446
2556
6331
9652
3182
13112
23141
6388
3219
3951
3065
7881
6111
12570
20347
16469
10099
7445
982
8356
4587
4107
6224
4763
10409
4199
5490
8073
6657
4434
1483
5896
4194
3314
12767
23712
5035
4469
3016
6035
8617
3457
15030
5303
6630
6008
22279
6568
6021
6291
21162
6352
20961
3992
1045
11638
4554
3663
19800
10593
2351
1980
30123
21425
6705
18137
16982
2103
3227
9655
3967
5843
24471
4182
11097
2628
2878
3710
16378
4298
3082
7591
7469
4556
2594
2201
3595
10679
6137
5672
2108
3526
2601
8378
6332
15548
5040
6472
9720
2952
9613
18920
4678
11763
4823
4711
3920
12844
7300
12190
5885
2226
7052
9402
12778
18808
5058
3890
3928
4587
5139
2888
5758
2372
8210
8293
15626
3465
1217
3687
12098
3237
7281
3798
2859
4363
2602
12859
1401
4881
4186
7786
6301
3446
3457
4177
15816
2678
10769
13506
2197
15017
31869
9990
1587
12064
2499
2190
3632
13469
6767
5570
5710
3605
4868
1498
36343
7244
6146
3134
14450
4563
16817
2350
4573
3937
9453
5929
6826
24623
6952
2645
12711
3986
3472
3394
11255
6376
7628
13425
6836
6560
2754
1593
18435
5427
2437
2290
3867
12158
12075
3330
10296
9717
6377
7700
8948
11200
1457
2422
10828
2283
2504
11882
11630
2210
3774
5085
7325
15571
9103
5326
7326
2968
9167
7923
7293
7527
13830
3635
7056
4067
2256
2442
3909
7698
4069
22856
3426
2748
1341
2849
4262
12694
6305
18251
3197
6865
13652
9631
6335
2517
15934
3642
11420
7441
4457
4436
7377
4474
10909
5499
1197
7133
11165
9909
10441
4400
9355
5397
5069
1721
5354
13731
3909
3325
4368
12279
7857
2862
5952
2680
16804
12636
12435
6389
11818
10100
4187
3987
1718
1399
5380
4433
1267
9107
16328
9595
26764
5412
8351
6766
5293
8244
1606
13059
39030
5758
19329
5339
6616
4178
2893
13006
3780
1786
8241
3849
13822
3659
4347
1958
5090
6562
5547
5912
5563
2493
9137
5685
14548
6402
1805
7750
3396
6545
21662
8749
16597
9233
3910
8311
4013
6526
6638
7249
2908
7529
4461
14145
3545
7495
3527
4887
5694
2701
1156
2516
3769
4622
6179
8671
13552
3469
8588
19270
16717
6347
32064
7029
8324
8652
13953
21841
3379
12440
10038
8040
3440
9513
25177
2358
12195
4319
3512
5598
4269
6303
6826
4289
8826
3439
2269
13619
8252
3103
10879
5425
3700
7857
2423
6546
15366
6080
7860
7495
4923
6619
4359
3923
10402
10489
2106
3543
5413
13965
4656
9734
15758
8439
5901
11737
9811
13190
7187
6811
10138
14977
10567
6704
5051
4336
2037
3768
2165
16963
5245
1330
6766
12249
6701
6693
10827
17040
14466
6890
4949
7828
8288
18432
8477
5328
14193
11959
4625
6222
5023
6189
4567
8131
5938
4310
10207
5763
4357
7969
6153
3848
6926
5673
10285
2518
3507
8620
13111
15357
4726
5480
6788
11854
6600
3046
8278
22499
4475
19130
4407
6819
5200
2133
2869
7382
1386
2518
5136
1335
9696
5138
4295
15150
4415
6461
3829
4443
9487
5358
4416
6563
11773
7302
5862
8942
11319
3745
6571
2489
5075
2881
2544
9974
26906
6416
26148
10396
19227
21940
1996
18050
19422
18433
3819
3080
7171
2484
2873
4374
6477
5872
40351
4116
13370
12572
24725
12992
3724
6132
8468
19704
15661
12920
7559
2597
2010
8684
1855
9675
17396
3784
10737
14098
3870
16609
2715
7291
6367
4554
7591
3394
8005
6745
6555
7720
3812
22980
20810
5742
16638
6057
4976
9328
4503
17048
2457
8333
7201
3621
1954
1171
9363
6788
4295
11936
4240
8884
11479
5741
7742
16256
2531
9984
4217
11323
19931
8757
1183
7670
1377
21930
5559
14078
4928
4296
10498
9143
6981
13170
24472
1384
3361
7554
2494
2329
27832
14072
33721
8788
2934
24790
9062
2889
20430
10423
2693
9853
19766
24922
6244
6187
4864
7831
7692
14093
7572
12884
10717
3823
7089
5629
7262
9898
9843
3332
6135
2770
9046
3316
8639
2979
5148
12393
2945
14688
4775
7576
4141
3679
1689
2211
7503
5923
4183
3829
16809
9585
1756
25215
13519
4617
5694
10876
5549
9488
7903
7180
1561
8965
8161
11421
25849
7005
7663
4849
3267
2010
7542
3169
8664
13682
1744
2357
12516
7477
3348
6253
7022
4620
6031
10113
6188
6172
10545
7456
2068
11197
3452
11549
14366
2617
12370
5921
6438
14566
2398
3090
16990
8689
6417
5946
1229
4355
5404
14047
8085
11245
3604
5328
3159
20343
6614
3863
14226
2860
8236
7072
4144
19071
4582
9020
26435
8899
11788
2465
2106
3088
11586
4069
14576
4457
4498
9660
17925
3562
4637
6139
2096
5937
6272
19328
10902
1660
1555
3033
1493
11274
3764
11062
13192
6797
4220
3686
3602
1786
8187
13220
7776
4021
7166
8978
5894
8214
13363
3092
2316
5863
13339
8554
8543
4463
1637
10195
6934
2544
10417
7844
4598
2152
4116
17875
7883
3176
4878
15374
7086
5765
2645
8607
2118
8207
6882
4025
5529
5123
6160
12284
8242
2088
11852
1279
3360
3188
2944
16995
3948
5184
5369
11104
3025
11439
24225
10785
7845
3522
4781
9046
9269
15282
2926
1967
7267
8870
2988
2673
1260
8173
2653
6399
2315
10523
9197
5136
3369
7693
3772
2938
1068
7261
13264
6552
1265
14629
4687
6911
27037
6996
5233
4876
6112
14026
3786
4402
3822
17578
5452
6696
2424
8822
7658
5986
6976
2838
12048
4613
4582
4759
9781
13664
7850
5770
4251
10225
26097
6682
2253
3544
18653
7501
26386
6896
1027
8206
2837
4917
8876
7392
9407
23811
4227
2334
33903
3611
3617
6854
5009
8285
3609
3189
4087
2968
10871
5462
3257
1694
5374
11768
6525
2128
15124
2179
6369
1934
6332
5914
3674
3739
26719
9654
6658
8225
5539
3682
2159
4478
12061
2299
10914
9500
14216
16778
4104
6123
7646
10432
4415
10578
2347
19986
2147
9341
3832
4361
5109
4625
31553
21088
10255
1120
11006
3285
2877
3175
8717
6247
1128
2579
17819
9853
22985
12421
2881
11423
2929
8270
7702
2346
8959
3984
3093
5739
8974
5856
3795
5218
26875
7018
1731
12190
8392
4611
26310
6537
1270
2608
9840
6981
5075
9165
7382
9538
2172
12377
3115
6399
32956
4534
1890
19627
3709
1979
3449
6229
10173
1533
2440
4266
5483
2693
16283
10765
7986
2763
1603
10072
7658
5533
1829
4423
4560
3494
11050
2424
11971
13718
2705
6331
2427
2690
4745
2401
6097
6959
4042
4818
6428
2965
10604
17193
15917
4702
4619
4969
9010
15828
7178
8517
7884
8823
3161
12456
8840
26201
5108
6118
3766
10220
7296
3689
7291
4323
2006
3468
3817
1038
20448
4004
1625
6140
2462
3388
9293
5378
7869
12931
5926
4543
5357
7979
9964
10992
3871
18526
10456
4836
5015
6797
1778
3267
4329
6672
7276
17986
9485
10172
4665
10418
13936
9693
2576
4704
26508
8778
3853
8790
7756
3389
5793
4223
17334
3040
12514
3417
10414
5193
9124
14273
6998
25444
6751
30620
16754
8567
2820
4326
2792
3041
3233
5275
10105
4937
4952
13020
6312
2924
3268
1594
1840
1785
1445
3901
4563
10994
3924
6021
13201
10483
5019
4422
5085
5757
22422
3163
1729
26854
13243
2447
6553
8476
4146
3255
4022
7541
14843
7111
6727
4431
4380
8084
5486
12688
7607
12133
10111
6915
5222
5428
13152
7019
7321
2992
6233
4604
2074
4564
3757
2575
3023
3314
6770
5899
6416
15933
4166
3180
5428
34193
6292
1398
2891
6200
5214
15543
9040
10433
3678
4055
3911
5187
4145
9193
6109
5781
5390
22895
4298
5603
4867
2414
4056
2414
2829
2990
2303
4165
6374
1195
5698
2977
3193
4360
4234
12489
13485
6970
3125
6098
2878
8618
8772
8249
4612
18747
10106
7288
7781
8347
7536
3806
27897
4717
12186
1683
10592
5812
4249
8828
6881
7517
13036
8782
7844
4221
1943
4649
7321
16919
4166
7605
7962
7075
5418
16585
7055
8812
9675
3601
4189
1025
7938
19065
4893
1471
4279
19299
5698
4973
7434
6001
4518
9542
13138
699
3234
4906
1770
2902
2235
14258
7991
4555
3618
5387
16175
3771
8879
11348
11478
6284
4210
5814
5635
6732
4691
6488
1320
4668
4780
3890
19316
7806
9468
17098
15516
18740
12832
3729
6618
2694
4333
2166
11194
19438
12314
1859
10333
1036
6916
10997
2520
4889
2119
2107
14535
1565
6682
2170
2051
2684
4281
2572
7398
2789
24096
8983
7841
12640
1354
1959
5875
9524
2293
16252
3628
6235
5460
12929
10257
4973
9698
768
4004
3460
6074
12206
2373
4243
3212
1776
6795
9057
18819
9860
9462
4406
2372
2806
15045
5050
4211
7153
4752
4180
7083
12035
6359
5646
16324
2145
24914
11497
4844
6970
14793
5704
4412
6796
18141
3089
6482
7293
23709
5785
12846
2348
13815
7016
12443
18455
6229
3834
5477
3056
3807
2924
12742
11962
2121
6241
20188
11254
11180
4517
5814
13226
4570
30655
11511
5120
2372
8378
18058
5687
4468
14879
2584
3952
11569
9735
3773
7201
6061
4253
8360
7482
4670
1832
9915
25807
1429
6882
9571
13863
18264
6557
6638
4239
3801
10592
5311
6943
11970
2014
3332
2657
3330
3838
54170
3262
5836
2516
2261
8259
2308
8927
11801
6855
4726
19502
4051
2998
2030
6663
3877
30326
2526
20863
3175
5184
13367
8384
7400
3994
1762
2630
4915
10039
2885
2476
14399
6708
3037
8720
5300
15573
2126
7118
9960
2310
6252
8984
17276
4370
7589
10360
2277
10777
11902
3049
3181
8113
15064
3003
14202
4042
7255
6589
2227
22809
7510
4542
32518
14987
15789
6563
2520
13439
6151
2457
16296
5010
12556
7203
3640
8513
7395
4729
8128
3580
10008
4182
8831
10413
8154
5510
4298
10428
10192
4988
10526
4577
7653
3299
6646
10367
21913
4597
3350
23897
6538
12624
13159
8178
4307
7177
3491
20890
7301
3617
6949
9300
12093
7909
1328
6346
6294
10069
10581
5547
6767
1832
5994
5278
1741
4670
8756
5227
7848
3603
21778
5109
2022
1648
4557
6160
18235
9547
3482
4169
2167
4747
8040
8197
5953
2969
10976
1780
7911
12722
11974
1872
15839
3569
4391
2605
14738
16583
6610
5426
2314
13128
3878
10332
23442
6255
2706
8755
8446
3615
6581
5119
15301
10343
8286
2649
3954
5138
20308
9724
3162
5375
6619
3920
5359
15919
15273
7040
6508
3218
8583
4255
2191
31086
5668
8932
7806
4345
3571
7331
8595
19099
1631
14356
18181
6311
7897
15376
11480
7952
12400
16968
8922
14940
3843
2052
4950
19110
6156
24558
17781
10433
4322
6918
27716
10507
2704
8443
12048
3677
16550
3920
8732
3761
3390
3676
767
6051
6468
4311
1953
18222
9682
10984
1514
2630
4683
2704
3945
2176
15632
22922
7882
9256
8676
5633
21474
22112
2849
6854
6119
27590
2710
4385
10824
29359
5315
10993
7928
2216
4784
5866
4207
4584
2694
3055
4521
2298
2150
9289
13216
22819
16008
7379
18315
4373
7991
10983
25881
7403
3652
3530
7486
6464
3875
5439
5834
3179
4054
6861
7329
5714
6800
4661
10587
26273
34465
4647
9363
1437
14104
4183
9970
7109
32096
1820
2369
7480
6638
2062
10366
4311
1884
12525
12864
13302
5114
18174
7997
4997
14538
5205
10977
13520
32535
8955
2259
5847
2115
3319
13352
6429
9782
13298
4358
19413
1733
12703
8459
7116
16747
22765
3884
8483
4305
6288
9437
15599
3780
5063
17016
10080
2129
5143
5232
5223
7479
8290
8766
2983
21437
1318
5767
30060
20585
2510
5145
22686
3826
5851
3366
4636
10058
9686
7219
12699
5918
4009
4779
6103
18079
4997
8763
3436
6748
5024
9481
6898
1795
4196
5165
2809
4584
2253
9690
9602
6739
12367
10801
16100
3448
24397
19071
7109
9937
18079
5066
11735
3636
9505
8148
6949
4237
1939
8735
4787
24985
7454
2683
10186
19603
11929
6129
6146
12239
1511
7432
23099
6871
21220
12357
8480
14271
13119
21256
16875
3812
8360
9513
2158
16706
5737
4664
8665
11588
3780
8744
7071
4380
5812
7767
20046
6690
8782
17632
2460
9636
16543
6848
2920
10815
21861
18533
11353
2043
2058
7547
18008
12140
2535
9402
1940
8074
5632
7746
5514
10649
18974
5163
8716
12744
9128
7491
5247
9853
4066
16044
6073
6036
2786
6875
15086
18731
4655
10012
1890
2328
18052
4559
8508
3621
12697
18092
10226
18090
8156
6168
3155
11984
6649
12127
4443
4332
14327
1759
11560
11252
9492
2672
12275
5400
8056
6698
9827
2840
6423
9676
4232
10562
13347
2192
4280
2518
2765
8330
3144
20959
3467
3088
3635
18438
7943
8008
18371
5490
16722
5963
7035
5596
18274
3589
11979
3523
2816
7953
2331
19523
3294
8849
3305
10061
6615
16527
9252
3624
6281
4413
3333
5409
7847
7315
16236
3254
18368
8488
5493
7889
1310
3537
6591
2697
15139
14011
13910
2829
5135
15730
12057
3319
13483
4084
8479
7088
1346
3023
2985
3883
3553
2579
6343
2775
6013
5265
12071
10574
8739
2952
4843
10565
3276
1472
10454
20040
2609
5476
14621
4282
9654
9677
13777
6333
10278
11009
6192
2132
6921
2275
5513
4289
3354
5147
6135
2296
9048
3403
4894
7143
7873
2472
11709
18547
2121
2443
6614
3786
22172
8185
11321
33723
8633
13045
2664
4097
5828
11072
9217
5406
8134
3947
9616
3179
2555
5351
7033
3007
4966
7645
3456
15932
2837
5059
16379
10069
17649
4884
8785
7236
12560
3743
3893
3509
4313
5584
8119
8687
27760
3982
8747
6147
6183
5309
9075
20702
2413
7734
4661
3724
3668
1251
3446
1783
2854
12041
7909
4186
3012
14135
6264
12047
3300
10536
4242
4970
3623
5344
5164
2548
19411
7155
3824
5868
26261
23138
8941
18890
3851
7917
2069
1080
6313
12812
7579
4930
23617
3275
15588
1773
7143
11376
16699
8357
2818
15715
12045
1784
6252
1664
9487
3650
5001
12847
3273
7465
17917
4464
2721
8992
3959
8240
2279
5069
2821
3660
9870
6081
3532
2433
12803
14045
8054
5997
2734
3606
3483
11171
16264
4384
5574
3196
9596
26857
5536
6065
3759
5186
13561
1529
13319
1399
16153
13663
29685
1424
14484
8355
2675
2294
7700
5044
4096
6729
4308
976
10571
14790
7164
14361
3016
4695
8863
12929
4272
19361
5406
6785
3003
6046
3456
9508
5087
3617
2059
6079
5097
4836
5005
9889
27666
1821
1781
4689
3673
15797
2640
12719
5080
1467
11746
11481
6532
11274
8376
6102
12679
13019
11440
3165
7008
6327
8474
38353
2788
6007
4146
2370
3880
7535
7937
7252
6929
6178
20856
17601
6006
8893
12253
8311
3608
8754
3170
2317
3682
9213
17086
2288
16437
13941
5768
6307
3946
4923
2428
6963
12886
8156
8950
9444
2290
17549
20897
14072
6168
16089
2022
6988
4059
8903
8915
2047
5194
6559
6833
7035
5320
9432
1291
8913
1958
5247
5193
2740
21076
23637
9788
10975
4715
3154
5327
5244
10079
11608
1530
15603
10036
2681
5946
22004
1081
14470
8387
9186
3407
3758
1653
4275
7374
9782
17408
18114
4456
12468
11317
9714
6348
3775
7873
6234
13905
12977
8778
2365
2131
3724
1898
15983
6855
6954
3189
12661
3004
20821
18518
2288
2447
12467
5476
2474
7072
5964
3462
7876
1138
6072
5215
4653
3941
7095
4527
2381
4255
32161
14787
5875
13704
1190
6074
1160
1850
4004
1839
8477
8952
2027
10202
2503
11204
3024
11790
4088
6726
1916
9045
15729
11641
7496
15077
4891
7604
6848
2368
1526
9831
2812
2507
18279
4699
11211
16500
14533
13913
7180
7388
3751
13003
18153
7820
6792
6111
6748
8580
5169
11441
19926
9327
5899
6596
2793
5154
4544
3772
4017
7267
2724
4340
4203
1633
3838
6447
5079
5779
7564
9411
9490
9693
12249
4311
2502
4218
6484
16767
5568
7457
13931
7822
8903
5423
8042
5037
11164
2641
5884
1888
5299
20138
6620
17797
9651
2114
18295
5285
4506
2258
8144
6836
8789
3796
5250
12569
6808
1768
3467
5753
2449
12560
7896
3733
4933
12364
2812
2413
16519
3883
13519
5816
4600
4223
7009
12455
16361
5976
4621
17818
15186
5453
8364
8410
8921
7514
17502
2397
5329
11225
5249
4114
17391
3432
8453
5857
7702
6408
1904
6442
2008
11249
28832
6293
15763
7174
7052
1842
1448
3186
7534
5668
12957
12748
7029
18468
4033
29407
4655
17947
7943
4227
2128
15338
8476
1692
10115
6489
3109
12606
13149
4256
4123
6480
4870
2469
21041
1897
3371
15924
4309
5012
8335
7462
4997
2520
4184
8800
5565
6037
8106
4222
17822
4308
7562
4880
14065
19412
3160
7103
9371
5530
2408
10823
18772
17310
6216
12681
5044
6774
5133
7211
3821
9896
9858
7466
4788
3294
6826
3593
1635
6583
16983
17134
8354
7759
4393
2794
10691
3639
3216
3598
7516
4261
9070
5466
3482
17518
3052
10179
1550
3294
6840
3155
3745
4085
8026
14097
2598
10042
3542
17197
4128
9337
4052
15134
6208
30800
8922
7495
7548
14563
2828
21994
4122
2068
5077
9701
5995
8318
7203
12428
7925
8416
6957
8473
2846
7044
4660
7254
3336
2241
6230
8910
11383
4119
6900
6895
4190
9877
21764
22355
10919
4096
5698
11786
4252
5644
3107
15300
9066
9634
3607
3216
8319
6034
7326
1903
11607
5774
35339
6874
12895
6736
9060
18247
11921
5858
7629
6142
3369
12743
11373
2681
13391
2414
2416
24471
1947
18074
3332
6484
9244
2680
8697
4612
17443
9271
2581
4462
5604
3113
10854
1628
5558
15976
8513
2441
1615
6452
6207
13519
6342
2293
7554
1321
12165
1370
3957
6861
6783
5067
7307
2063
14051
4480
5306
7103
7953
5441
14151
4163
15878
5352
7408
2830
4422
24662
9931
7671
3361
3930
5791
12330
7169
17785
1668
10813
3149
6042
4244
2136
20895
11222
18363
6936
17245
7291
4302
2492
5844
8599
5227
2484
12819
1351
12370
3092
28973
11304
19177
5123
4875
5563
11966
9943
6304
8239
7446
2219
2874
4043
3028
4127
6350
1754
3826
3506
4396
19213
2371
16171
1996
5286
17848
3950
12856
8392
5730
10264
9080
16480
3477
7994
7888
11047
2644
5912
5939
3395
7790
18325
4183
9252
1628
5783
5379
15186
16075
4191
10027
3746
11506
11298
2667
863
5415
5014
3618
4673
9873
5776
6649
5584
2703
4400
2998
13166
3185
5838
21118
8940
12398
13097
4530
14089
6935
5667
7769
2997
9702
6700
6111
10264
3312
11590
2694
3899
6389
4077
9245
4285
3168
9460
14716
7668
20283
4065
3466
6228
3334
7759
20442
5728
28105
31051
4844
3660
5102
12297
1508
5774
6602
5629
4089
3139
5761
18618
1495
4042
3260
9452
4789
8782
6571
2040
2290
17989
1923
17434
17319
6595
8021
16413
6074
7278
3620
3518
9628
4079
9306
4404
3750
6644
4601
2657
6318
1842
3824
11171
9490
4440
12580
4214
3309
3929
6837
9933
22878
5661
5702
5834
6865
3061
10075
3593
8992
2286
3112
10281
4969
9182
1690
7839
12067
24942
15376
4043
22650
13108
6493
2349
2306
19524
5175
6589
9665
9538
9766
2574
9924
2949
5849
7335
1228
6651
5498
6691
1844
4414
11801
4267
4731
14600
4738
5894
10009
14194
5743
7034
11652
8615
2435
13774
4199
16390
7578
11919
3420
2783
2119
12536
3176
7771
5738
8782
3703
8007
15487
4505
14930
11689
4760
2065
18807
3623
2990
9021
9728
5718
15841
6291
1034
1697
16409
2169
718
8345
1130
20530
10839
6099
1580
3416
2804
46561
2400
4553
1812
2161
13971
5508
2515
948
14598
8194
1499
5260
10342
5977
3143
21480
5395
5703
2905
5217
9396
7950
5697
6895
3762
25040
6592
4393
2574
8165
1924
21976
5196
6760
8226
2715
2641
21072
2831
4909
7239
10742
6117
5708
5222
13702
17606
23451
2522
9855
10803
4826
1387
11399
3752
3963
4411
8361
2171
4071
14208
4084
12979
7033
2581
9526
14505
8024
3602
2367
2559
14884
14258
2287
7299
7289
8558
6897
13543
23713
22682
14081
6611
3803
14456
2187
5706
3253
2011
11709
8412
12733
9118
4050
3963
17405
2787
9600
3155
4613
8400
22358
10924
9415
6840
17396
5679
19343
1347
3107
21035
8020
6507
4014
6844
6919
19438
6480
14441
9774
3443
6799
5054
7818
4124
2017
12057
19468
1798
3739
7955
2746
5062
2392
8162
6387
12165
35516
3278
5868
10205
10571
16281
3969
42069
11764
1704
2904
16359
4953
5785
4404
17002
2895
14341
7706
2314
14408
4399
6514
9943
3531
4683
23141
10023
3840
5647
8046
2370
18008
7532
8892
12460
6925
3719
16972
5169
15764
5955
7026
9642
10776
6398
9445
14605
5983
4044
3997
16476
23063
27119
1908
3766
32672
4336
20774
7832
7181
4699
1995
2356
25531
8285
11104
4061
6921
1842
1093
2995
3079
2243
2704
8909
6459
7986
6293
10126
8462
5372
3680
17792
1534
1756
1679
10253
3166
2615
4120
14418
1835
13679
7143
11322
5413
10056
9443
2816
7043
10814
26860
7634
5126
4157
3049
3565
14608
3076
7785
7658
2377
2293
15143
1489
6291
8039
11440
8345
4379
15776
3331
2641
2344
4902
1420
12603
11513
3092
1960
15088
5022
14029
8798
6534
3490
14299
5512
6704
3070
6474
13490
11880
4284
7326
33671
2484
1647
9128
11885
9663
6028
3724
8669
5141
1595
1899
3083
7148
2649
3915
7209
5613
4975
6634
7112
16986
3039
3126
2618
12170
3219
20557
6682
2190
3956
5385
3619
4350
6520
8073
3036
6224
3124
4163
16688
5979
13068
6215
7365
7290
15802
2386
3192
11177
15716
4001
5487
7969
14044
9002
7628
6326
10976
3959
4301
2767
7693
7646
1994
7866
3888
15723
2857
13150
22882
9072
11560
4080
2903
9784
5875
6010
2556
16763
12278
2330
9404
4597
6363
3497
16617
2743
2570
5524
6016
2114
6237
15360
5333
7107
3778
2630
7667
1923
5893
18628
5946
4248
5804
3559
4540
6216
12260
8761
5068
6920
3296
17283
1721
7817
5818
7220
12689
2266
3811
13088
14088
6406
5070
5109
2461
5735
5855
6239
9736
3256
7783
16341
10430
4084
4980
13017
11678
4725
2996
3021
13562
4936
6472
12902
6272
3574
3194
4025
15774
6282
2850
8626
8306
2807
13825
14322
5209
1479
10133
13908
956
2416
28021
7213
6160
10494
21604
15515
6750
5547
35226
3330
2542
4291
15905
11467
3918
39409
6935
5039
5411
2402
6001
13073
9913
4100
2325
1694
1400
8208
4905
3488
14682
6558
16984
2440
592
1878
5244
4484
13254
5588
24584
9914
5468
1826
2176
2968
24377
7971
27429
9840
5031
7918
7420
12178
2136
4300
2786
6882
2101
1188
2449
6801
6231
5876
2830
10003
16447
10925
3189
2527
5055
20057
11760
7340
1073
4715
3710
3225
4139
2925
3695
6616
4338
14321
3573
9873
10115
7974
3268
11868
8687
4524
7937
1174
6747
15532
7859
5388
2091
4239
7751
13520
7013
15226
1905
10065
22808
2953
13833
2097
3496
11780
1524
4699
11880
2479
16673
7286
11377
6790
8083
3905
19758
6217
8909
2713
8530
5429
5968
6683
4684
12692
18380
11984
3307
4042
16759
8015
5301
5090
14257
9736
7066
6880
6776
2506
8532
5322
16654
4308
3466
2779
10328
4965
11639
10256
7165
13310
10806
8794
7679
4002
4164
12572
6168
3329
3048
15614
9920
3902
4245
3734
2764
15042
22256
3965
2790
10372
2915
5143
4330
7379
6492
5599
3420
8131
5578
1822
3141
19964
2216
12420
7566
4504
1772
10038
2953
6141
3997
5556
2590
7255
10445
22733
5757
16816
4852
10121
2885
5743
10577
6657
2911
4642
9229
12536
1191
8770
3922
7339
5504
4451
9914
14335
9014
4702
3221
2324
2842
2554
3070
4866
7188
4486
12165
9573
4864
20990
8962
6097
14555
3611
9561
4403
1949
5166
8788
16934
10737
3914
15533
2381
22957
3818
15614
5984
5215
9632
2192
5582
13793
7726
4938
3419
4618
15625
3130
29161
7094
3075
7204
7055
7063
2973
3644
11355
9133
1665
4236
6588
6650
11500
3712
6601
2790
14212
5693
6288
6577
2785
11167
6196
11072
5009
8842
2172
3727
10101
9979
2829
7099
6183
2286
3423
4582
9171
10752
3398
4602
14146
4045
10739
7739
4639
3085
2826
7521
7418
7509
7667
9594
12524
5310
2374
25427
9730
9344
14715
14226
5195
4571
2596
3727
7162
4539
1713
8738
4514
15041
2017
2169
17808
7226
3913
9115
17545
4511
2904
13749
8308
7181
7502
2794
2111
6515
6989
2306
7451
5105
7723
7716
8447
9816
5404
5029
6292
8130
4842
6247
3816
12545
2446
2443
2553
16678
4492
9580
4493
1992
3641
11216
9928
1953
12036
12373
5584
14537
5911
6231
7310
14418
5271
17651
7838
8143
4864
4177
9233
5803
4579
2677
5908
9796
3180
4294
17099
6008
4691
4388
2475
2401
7369
2768
5026
8373
9419
8397
16883
20202
2988
13065
7525
2387
5728
7218
2780
19369
6036
8077
11407
3094
7599
3359
5524
6772
8439
1947
28214
7185
5237
16615
17756
5545
23392
10765
4834
3752
2725
2409
7829
22974
10633
13347
12732
11932
16611
7263
9491
1478
4353
5902
8262
7193
10185
3369
1642
20224
5876
6083
5398
25203
3050
4661
2999
3363
2077
2438
1981
9440
2533
10627
7701
8689
3245
3423
3315
2271
3694
12538
11342
12280
7696
20975
4879
9093
4819
7396
12448
8936
10720
8455
15651
2192
6633
8439
12815
2630
4584
8429
9809
821
9254
10328
6357
15917
6486
3293
2489
5994
9923
4938
6866
9197
4217
8652
2086
8469
3574
5039
14504
7701
4303
3774
3408
1175
14209
6560
14514
5482
3442
18638
1438
2762
1677
4221
3231
19356
13786
5722
2238
6942
5776
15021
2679
2598
18343
2759
6017
3364
1408
12899
5541
7674
5745
14386
14190
2603
7944
4087
2472
5047
4741
3144
17966
4126
10802
6080
2642
1742
1561
3372
3619
3706
10620
2467
5927
7198
11710
6058
4686
4510
5165
11384
3867
12050
10724
2193
6210
7190
11048
12961
1547
4329
9203
4870
3637
2021
27260
5252
7021
4504
5979
9017
6583
5225
2093
8713
6169
10604
4993
9763
2977
1136
7222
5192
1937
16693
18652
3546
4749
4315
5399
17362
7166
4235
17823
1454
2841
8214
6622
2509
11429
1946
4021
4532
4761
4209
4885
8560
3486
2731
5200
9553
6630
6973
7156
8203
6118
10305
26738
13341
5183
4189
2144
3615
2386
10988
19934
2140
6033
13498
2218
6780
1369
18493
13355
3315
10780
1861
5237
8399
7438
7649
3016
12322
2827
5086
7095
18352
5015
1583
11673
3696
2207
11462
8420
7135
17381
5919
1745
13431
7657
3698
18399
2475
10547
4432
4896
2235
3892
5620
15048
6485
6990
8952
5283
3793
2418
7245
9715
2011
1730
9608
13161
6770
3542
3227
1583
4700
1475
6505
5464
3322
9409
11187
2874
5250
8904
3233
7296
8062
9098
3034
10732
12576
3963
5336
9396
3893
7083
10430
6815
6811
4534
2965
4575
1989
19018
5779
13046
2211
3325
3869
2726
1273
14218
3044
9181
5338
2025
4902
2761
2596
4705
6487
7010
3919
2511
4707
23098
10196
21924
4451
12241
2724
10434
4015
3316
6034
4889
3155
6325
4593
5692
2390
7698
2824
2557
2813
11429
7075
14024
2440
11106
7527
5400
13409
2674
13722
11440
1646
9540
9828
8120
12412
4489
4674
1325
12105
2680
8819
5628
2079
3104
2275
8138
3986
9399
7980
3881
3441
5914
2859
9557
9425
5380
11787
3984
32636
1413
5552
1066
6400
3982
5831
3992
3058
2989
6323
8584
13000
2822
5857
1862
4149
7529
4351
7816
5526
8224
11125
4379
3109
5805
8340
1049
7149
9189
5242
3444
5183
2757
1572
9696
6143
13127
4911
5406
3330
5944
3024
18083
5684
16548
26368
8405
3251
3857
8215
7789
3106
5212
8030
7822
2136
6706
5412
9821
3010
16314
1924
4103
11759
2909
3788
5282
3693
4037
9001
6259
6509
14995
2428
14468
4902
14804
12066
2670
2435
15599
3796
8088
6809
6983
4848
18730
13126
7523
10232
12052
4748
14226
4333
8965
2091
11237
7685
2512
1564
5473
17848
7850
3318
3916
5094
9632
10825
7234
3737
9304
9603
11232
9859
6129
2804
5328
4428
10956
2523
7250
7358
3633
5185
4107
4222
2752
21050
4673
3403
4587
11034
1868
2716
12724
2890
3808
6239
7826
8923
7174
11016
28368
20172
9727
3497
9416
8129
4044
4648
2114
3930
4310
15974
5477
1674
13572
7059
3274
9512
5286
3116
985
7144
2453
4309
2959
2114
25854
4615
2543
4600
25295
11864
11378
8832
9995
3896
30821
5728
3337
27433
13050
11525
9602
4025
2331
1853
16242
5527
6914
11170
3331
3153
14929
2992
13329
11653
9617
6013
6442
1691
2723
13918
8637
7367
1987
7870
17891
1787
4400
5567
6236
4869
16130
5833
9793
4776
13619
19676
10132
5590
3808
19522
9091
19842
14862
6539
13675
13974
1249
2838
11371
5256
15470
24979
3040
1679
19974
4197
8043
2587
5958
5383
3051
16624
6761
2964
3511
4253
3592
2397
9074
6627
10072
4906
6933
3894
3014
17374
8074
1504
6551
2317
3789
2045
16232
9864
2077
15050
4178
6325
3789
4237
7152
6217
2836
2569
4144
5392
16630
5302
11211
8304
22748
6596
29573
5396
5411
8591
14029
15746
18598
12801
3317
11705
3389
8112
25528
3419
4745
10668
10005
12001
20986
1772
4495
15790
12667
3391
17947
32936
16857
2589
9123
3733
11941
2661
3330
8193
2471
4147
6853
3517
10193
4467
3825
12384
4884
8927
4603
4318
1812
7492
3797
3642
11088
4802
5061
10785
12467
3585
11200
17939
3268
2036
3895
16192
2972
4128
3381
3624
4065
4593
12361
13678
9009
6813
24586
5520
4078
32396
4333
2065
7270
4451
2701
4556
6276
2148
17907
2573
20994
3640
8848
4277
6370
4473
5777
8777
8082
2276
8048
2919
1650
3507
2759
3429
8508
7809
5262
10688
3485
4786
1177
6883
9114
7707
6990
6858
8919
1169
7266
1809
1850
6948
9511
2164
4274
2400
6170
6038
2710
6610
14354
5780
2258
4675
15470
3675
3722
7047
5763
14644
5189
7088
2263
17920
22564
7081
1064
2232
1825
1349
11630
6136
6113
6289
8774
6127
19944
3040
2761
13397
18879
4635
2713
1756
6632
12111
1864
12910
19218
6103
13556
7452
4857
16208
11052
10274
6155
6891
3002
6165
10231
22138
7756
15451
3364
2591
14148
3781
8542
2051
29105
3021
6938
10174
3694
12312
5928
1939
18159
5543
2445
6070
3631
3487
12184
5806
6821
1954
10554
3701
12534
11235
20840
3360
7361
3701
12616
7331
4217
17661
10055
22908
6540
7091
11835
11621
3093
5418
3612
5328
11458
9778
18862
11010
1473
3485
11471
6144
2859
4386
6279
9269
6067
2504
21242
7437
3323
9873
2200
4200
1436
11203
2697
8106
8509
2678
15910
2325
1862
5181
15293
4123
11483
4758
2443
5495
3694
12186
1458
5147
4006
7534
3103
15630
5445
5587
15195
11769
5672
7965
3010
2744
4983
3658
3459
5494
6531
4757
11370
21975
4288
11219
2873
16692
1953
13238
9111
6725
1306
2301
2913
4898
12901
5445
2963
3491
16170
13962
8974
2701
13020
12338
9967
14702
16682
17310
6264
4855
14643
5490
16183
2438
6833
4898
6812
15500
7096
7278
3605
2535
10321
6111
17475
6021
4822
5616
7956
8409
6768
2173
5526
4160
11928
9481
6580
14173
14202
6819
10804
31714
4588
4720
4809
20062
12641
4476
4417
3889
7076
10184
1856
3680
6930
7157
8323
12934
4458
10177
3259
20031
2731
4747
9103
7983
2448
2344
5478
8266
4202
14777
9123
5345
10086
3995
6524
27013
5145
5071
4518
15560
11407
13032
6299
21196
7057
2637
6422
4333
2949
4580
13330
14374
6140
9429
15121
4652
40247
12070
3767
4835
3673
1894
6126
7092
2802
6084
17262
19462
5918
6211
12536
8187
4634
7062
3245
6250
11782
2747
5237
3005
3333
7246
3420
5200
5440
5787
34496
7002
11382
7585
25449
2078
21988
3094
6516
11320
2255
1386
10967
12520
3629
8290
2752
8748
2620
1690
8222
4336
14831
1959
1039
2896
4807
4634
12560
3508
1769
17959
5799
12321
5450
7677
8263
11049
7529
5999
9049
20365
4148
15137
1578
10468
26560
1821
11410
4323
6573
7036
4088
13488
7598
2856
11569
20924
6395
1971
4245
8175
7088
2253
3643
24703
9150
5934
3080
14569
6121
6966
9153
16456
3116
7499
4523
6465
7549
4586
6051
759
5477
3401
3046
18712
6467
4273
9055
16166
5536
8272
2732
6578
7807
3416
6532
12567
1658
2500
3758
13217
4085
9085
14392
3365
16315
1762
10012
10840
46194
9279
4588
12116
6028
3762
3538
7336
1363
9390
1774
25012
8500
23006
2455
9279
7092
19048
6688
30237
8396
15807
7323
3867
2391
2910
8309
6842
2242
9395
4874
9318
3742
6670
2900
6992
2259
11897
10422
1383
3352
2561
3809
1805
5709
3908
3871
9078
5956
18777
16621
11388
1918
6659
5635
4203
10912
7699
4879
8220
3093
10105
21796
5784
2636
4740
8897
3471
8307
8377
21001
9334
9738
9161
2540
18572
12133
6784
11918
13024
15486
6922
19065
8145
3788
3582
6446
23049
9617
11512
3636
8405
1812
4849
3245
1973
8807
33564
27355
4361
4853
10460
8777
8619
3698
6895
10216
2961
13903
10319
22174
9118
8752
6019
3057
23721
8525
6884
3633
10404
2743
10983
15126
6771
2043
1579
4688
5595
7735
5923
9919
19825
6479
12858
10763
13057
4757
17038
6994
9519
9598
4217
5911
8387
10916
7143
2294
8394
10589
5087
15871
5600
4825
2446
13418
1732
9875
13339
8955
16190
1945
5420
4192
12303
13982
2680
7842
2477
5527
13026
14163
2763
2636
11757
7878
3207
8630
6831
6816
9443
5401
4549
14865
8349
6629
2557
2353
9512
6191
9241
19917
7348
3519
1383
30494
14159
13813
11280
3089
1324
3021
5023
5582
9539
3006
4934
5797
4558
12204
12479
7265
4891
10134
24122
4031
4051
10871
26963
15085
4141
3524
9272
3739
7351
2492
3706
2922
7710
5418
4406
7361
967
8446
13476
3534
8121
5512
3310
6127
31318
12694
2784
3466
3509
16072
5783
3004
4706
7217
2046
19495
1980
11781
7635
12939
5569
9130
15882
4497
11467
5643
10659
3797
3731
62777
6982
4817
11168
5569
2070
3077
8722
7153
4111
5013
7053
10042
502
10550
17983
6718
8565
2286
6863
5296
12229
6295
7487
4547
8168
9968
3514
8665
8937
8139
12466
4795
14619
8462
12115
2670
2752
12714
2912
2184
1993
5577
19568
18032
4930
6945
1384
3946
4274
4630
14424
6025
17107
5246
5359
15415
11100
8949
2366
7953
6753
17289
13432
9287
5562
35007
16257
8289
18572
9236
11316
5639
7487
14620
8788
4277
2120
8024
3674
4242
14463
21649
6798
8016
6537
33950
11631
7899
8283
5261
2272
3497
11328
12749
4519
8341
4789
4548
6209
1874
1454
12698
28399
12577
16012
14702
5905
2552
6594
3901
6488
6806
8546
8058
8315
6536
3135
5930
6693
8284
4110
12207
14495
5806
3345
2295
5028
2499
7444
4915
2603
3575
7920
10183
2315
19275
6977
10360
7785
4787
2719
16484
2384
33091
2605
12321
2716
1503
2911
7683
1670
3634
3500
6673
14509
5468
3026
26990
24149
11122
6026
1597
2247
5561
3410
8520
1906
10739
6913
16191
5071
7573
6116
16330
3994
8637
4185
4945
9867
16150
3893
4797
5218
7864
3691
20771
15526
8793
2193
11663
4501
4673
11324
5554
5958
4618
2526
11243
6155
10724
12890
27192
11851
20571
4702
26892
10974
4563
2552
15858
5801
7133
3868
6377
6492
8589
3293
15872
9669
35661
13884
4406
8951
1176
2881
12434
14920
3336
5395
1978
7272
3882
4405
3096
6002
8478
3035
7955
1937
3057
5258
7221
2506
4679
16140
1222
7336
20053
11521
10685
5171
4564
4117
3457
12550
4950
3820
4111
7724
6191
5271
23225
23653
1905
3271
13429
9177
6638
22485
4746
7516
4312
15596
17265
4638
10414
4817
12584
4325
2417
17181
9989
4249
12960
10752
17462
3885
6298
12251
6986
12896
9965
23917
1235
6253
23659
6107
4444
8559
11894
1734
1865
8054
9596
22085
8657
5491
4045
1540
862
4503
9195
4019
12297
9387
12399
6190
10400
7768
2252
9039
17108
19596
6530
2799
10307
3728
2880
11168
3967
3335
9392
34452
8217
5243
6784
17025
5473
7733
2930
8255
7567
12845
20781
3196
5072
1970
10555
5529
1750
4198
18327
7175
15938
3515
3885
10318
3053
8976
6855
20444
6831
19627
5880
5326
6321
8527
1720
6234
3253
19996
8482
15273
5651
4866
4707
15432
14147
4377
3921
5595
7195
12363
4004
14405
6261
21879
1523
1649
5538
5130
5476
2854
4884
1699
11552
13003
5080
7106
6030
3840
6204
7621
4983
5410
4597
10472
13617
15052
2866
18366
2813
3886
10895
3260
3598
18245
1670
3443
6287
6709
5798
2477
13858
1706
30938
9278
1082
3904
3516
5356
11738
15078
17136
9307
5682
3645
4034
3304
7981
31683
12358
6409
1438
9649
7113
2980
4897
4732
18945
7039
9826
17829
3661
3385
14555
7310
4570
11892
4208
12356
2958
3537
2733
8950
5561
10837
5268
3258
3130
8633
5133
5667
3572
8913
10154
2406
9377
4752
11192
6401
2673
16845
3217
43122
18614
12925
19397
12687
8669
8019
10282
8938
1903
6676
5273
11357
8693
2097
2475
1666
38987
1828
3449
9127
2992
5267
5974
5032
4581
2924
2116
5312
2480
7297
2310
9382
7987
6483
5118
6171
9811
4905
5366
11681
9627
10787
7943
2050
6266
3995
11560
4950
2363
35228
8466
6241
3518
6414
4536
8366
2847
2175
6135
3508
7568
4157
10200
14304
2950
10533
10630
5968
2296
7045
6111
19131
13007
3732
2062
4500
9471
7155
10135
7022
2248
4115
8335
7549
5572
3657
4316
5167
17253
13081
2708
7173
4945
3727
6395
3844
28555
3158
2884
4470
6328
4826
1632
5667
17655
13234
7671
14882
10887
12518
2680
13272
5213
9751
10129
25433
3517
10887
5102
3490
4134
23840
3390
14398
6150
12100
15656
19116
3270
4506
4085
13471
8887
3582
4783
8738
13950
7204
5871
5846
4714
10592
3550
4111
2364
2265
9207
4239
10512
6731
18233
13855
5862
6597
7468
6367
2346
6984
11219
4940
9627
2888
12643
2504
13537
3604
1229
3983
7945
7813
4985
18036
7084
7373
10802
3528
22628
1194
2776
3038
12555
3779
4518
1905
5445
8012
5668
4867
9467
2746
12961
25986
15005
9792
8556
4605
7562
5176
2725
10169
10938
7968
4785
5957
6742
8218
4591
6413
4329
18291
4295
6653
1888
4921
2633
22522
3775
3143
14914
10697
10594
7699
14373
2848
11885
2868
7679
2732
5319
3853
4795
2298
6607
7862
8070
15517
5753
12754
8250
7958
1820
2467
9101
10865
3264
19062
4506
6188
1935
10731
8489
5094
16495
4702
7478
7218
11842
10591
2035
4467
4548
3063
6210
14483
9533
3902
16483
5487
2482
7247
11417
42865
8175
2315
11754
8445
9992
3749
17957
7929
7827
4807
3819
6216
3308
5333
37720
22779
10696
12418
2969
3075
23129
8266
4037
5110
2642
5563
2414
4394
7684
7389
2669
14044
5237
5221
9141
4846
843
1174
7401
16053
3847
4657
4243
3955
2184
1503
5177
4733
4368
7855
13855
12520
10850
5195
21473
20194
5134
1911
5252
8161
6866
3640
5454
1411
4576
1709
8579
2833
5797
6718
3403
4069
1853
5291
17017
12052
4584
3354
5672
10399
5474
6040
8647
16881
3751
7331
23198
11446
6536
4046
14594
5836
17719
2915
3865
5745
4902
17821
5878
6448
3701
3199
2734
7661
4391
32462
6001
11854
5542
20642
4487
9343
2849
7643
4513
3208
4362
2867
2717
4898
11242
11456
9653
2959
3051
3434
2842
3665
9665
5351
13678
9867
5915
6068
7397
5375
8560
1645
3188
6882
10331
4018
4694
6234
15797
9064
9296
10884
6203
2596
4398
12332
1547
8191
6743
20999
4338
8426
7093
2673
6631
7937
5078
4901
3408
17473
3964
12112
12681
9278
2275
6188
18793
14087
4788
5225
9372
3718
2642
5449
12830
932
4649
11918
6130
6714
7955
5174
1271
10756
4400
10374
20657
6557
3696
4385
14780
5941
3958
1790
10339
14682
8369
28346
7294
8442
8040
3234
7793
3928
1906
1874
7353
9211
20359
10454
2446
14747
4136
6228
2815
4903
9402
13443
10684
4427
13003
6033
3023
5369
8795
3478
2724
2429
2979
2734
8292
11509
4467
3011
3943
2744
2383
16327
1467
3842
6500
14775
6745
8641
30463
2939
4687
3959
6521
8540
5433
4118
4298
6357
9525
12752
6899
20342
14022
6338
3646
2313
5855
5321
7293
5031
5140
9939
3525
10294
19374
17116
9188
9129
4084
7732
1349
3210
7460
13622
1910
1572
6984
5512
12374
10586
10853
2404
4440
7524
5269
4561
28756
1988
10426
1507
3427
5991
3977
6024
8951
6782
21572
11220
3051
5613
13641
4842
1938
9965
14495
12350
12481
9379
9718
5050
12628
4268
10980
2152
4258
3263
6428
12757
7388
26045
8419
7998
6625
1524
3618
3000
19245
6872
10395
13179
9198
1489
2738
7225
5897
11311
5614
1920
6062
7105
6864
2549
15805
5567
4762
3013
2092
10537
1704
4604
15300
9802
4398
8217
6875
5110
4826
2144
6939
5830
7557
11440
2490
2829
2612
4211
6353
2137
4130
9014
16305
5999
5527
7359
12376
12416
3548
2704
3087
8972
12821
3966
12700
6994
2932
2665
7715
16800
9238
8599
2273
4350
2612
3839
8110
19199
4857
3997
24732
21008
7954
3939
1848
4779
11549
16048
14994
4221
1075
3802
4116
2542
1179
7330
7238
5897
10678
5282
9860
2609
8567
9148
5256
2022
5289
2828
7400
8561
7406
11473
1967
9593
12034
11336
5477
17311
3957
18345
3059
818
12979
8003
3215
11619
3504
5669
1665
4574
4808
3341
6359
26252
4657
2103
14462
1875
4428
762
6643
9381
3321
5080
6337
3444
2868
8635
4271
7536
3835
6864
4139
5603
1917
15298
9387
5262
2805
16742
7425
10602
16167
5799
19253
5519
7668
23929
11261
11223
5592
21353
4652
4413
6861
8324
7709
3399
6182
2665
17924
7002
7439
2132
3692
4459
1116
7648
7661
3495
5162
13513
9358
2924
7078
2529
10075
3748
8372
3958
10965
1992
2285
20395
1916
13216
12568
22269
10441
1682
16236
11691
6156
19684
13977
10603
10444
9408
1052
3231
3901
15588
14032
4742
5661
5870
3911
9755
14010
3397
2075
5580
2141
10089
10249
4200
1505
5862
4161
4480
4456
5702
13610
13747
14560
12134
6572
6881
4218
15180
4934
2313
7738
14226
10679
2343
3326
9853
12519
9381
4409
7940
12266
7850
8073
9778
16725
5403
7567
14177
11216
13498
9855
22873
8714
20079
2129
4117
16266
5044
41124
10443
9068
4769
3989
22768
11516
7222
4723
6477
2601
15864
4896
3681
4894
4770
7579
9138
4946
3230
2124
4779
14667
13024
4789
8190
3521
16515
2225
1395
4460
10355
1838
10884
14788
8327
3833
1797
1472
11769
5216
8908
9405
7475
9969
3809
4793
1711
2337
4234
6944
2133
5923
7177
13141
6479
5525
4610
2742
10400
2848
15471
10376
14893
8281
1075
4884
3583
11957
11444
9561
10096
3672
18059
5963
6410
16963
4647
9553
8038
13699
9998
9492
7973
4857
6326
6689
4815
2020
5734
4475
3134
5832
11725
7688
10843
11654
2785
3400
14652
1669
7980
6393
2905
2327
3165
23121
3279
4925
3329
2499
11837
8867
3904
3689
1239
4462
6741
10809
4361
7024
11610
5959
6525
14475
7579
6453
13146
4403
6282
25481
3154
10305
7172
13501
2006
5179
6955
2965
12830
14492
26965
4470
3011
19538
22230
6794
9261
3655
9981
4885
2375
14253
6970
13607
3769
3566
5829
5744
3776
12982
11718
5786
2110
3692
24224
30342
6404
5311
3469
11591
3579
8185
8903
6584
34457
7736
10997
19440
2950
