5685
3407
4170
8257
2205
6775
11544
12726
4410
7140
7535
4017
8124
3431
11957
9765
3244
4298
13730
4776
21950
6565
5263
5038
4924
6834
2025
18991
8534
2145
2217
7930
6688
4425
7437
2644
2759
1334
14018
4553
3638
10778
12338
2323
18409
3526
3782
5155
5268
3833
10773
8576
10177
10668
8826
12704
24211
3238
3545
2642
6142
9931
8523
10407
10193
5416
2601
2165
6057
15599
6323
20434
2787
6871
2100
10289
3892
4037
3313
4884
16718
4276
2542
6877
1769
3398
10019
4499
6219
9196
5455
4660
7732
3120
1635
3802
4145
5657
6738
4380
7722
6837
3967
2631
12593
17037
8122
4866
11761
3566
10864
25644
9130
3971
5757
14800
4295
19109
10303
17696
29567
7721
7318
8538
4646
3967
2624
5978
6179
2146
12132
11411
5918
3187
7196
5497
4058
16267
16659
10388
8442
5237
2821
5941
7870
9912
8480
2129
2886
3828
4075
11347
10145
6142
13436
4561
2545
3949
4769
2143
9105
12253
2905
2840
2748
29824
4246
5706
20575
8779
9723
4028
3328
4617
3982
7298
741
4978
9127
10658
5542
14775
16924
2862
1654
2284
5110
3821
4185
2853
2069
6259
6627
2862
6997
4664
4205
10866
4486
17084
5616
2672
8147
3505
7868
2779
10949
3660
8669
7203
7282
12280
4880
4243
11952
2396
3139
9282
8539
4437
5773
4009
5215
2151
9249
13953
5065
3001
5254
4680
3102
1770
2281
9593
5275
1427
8192
7472
3089
3555
15208
2141
4465
3938
3322
3941
4514
5420
2732
2975
6240
4483
8716
14774
3336
10125
4237
2658
2661
1807
3035
6963
12404
7081
9931
5834
10451
13929
5524
4263
2851
5379
7722
4995
5813
9953
18968
2837
7198
2837
6325
18222
5300
19630
4941
12525
2670
5117
3698
9819
25149
3409
11499
3047
7575
10471
9095
15768
5734
4465
5494
7746
5328
9997
4738
4625
12545
1671
3533
5916
14722
5267
14300
3417
19651
12964
4285
2519
11410
8063
12647
13577
5388
5549
4104
7448
10640
5593
10128
2297
12780
12970
2141
9288
15177
4035
15370
5694
4595
12314
12575
2578
4971
4457
3150
7027
6958
9242
10407
13244
9280
3064
3065
12515
1939
16172
4940
40224
5160
2615
7274
21650
7384
13523
4263
9884
11169
10970
8921
5129
5400
6560
8267
4464
9472
8742
2197
13258
5134
7656
1821
15443
1952
2090
8614
3762
13003
2229
4764
2129
8954
8082
11918
28075
4994
5124
12264
1616
4377
9130
4485
14781
3479
7857
11113
4166
10202
7279
6418
7194
2676
1454
7642
11306
3641
3598
5316
26451
6750
11582
3643
3114
2581
1366
3941
4696
12060
2862
6584
7755
4025
6919
11145
17903
2713
6106
3813
8399
14496
6253
13150
7796
4652
24255
4243
3733
2962
7933
4435
2628
11032
10577
3897
18305
5979
3144
12175
12012
9227
14295
4320
13875
28709
3777
9455
8710
4174
3696
15408
3428
3619
21291
2085
2163
5692
6829
5307
2985
5132
3187
8193
8197
3536
16239
4619
9063
24935
23749
5045
3669
6682
7715
13178
2105
3838
1825
13032
4266
2744
3791
4865
6451
11941
3919
9569
4546
11222
3352
1938
8071
10509
14944
7607
12624
2958
5405
20095
7379
2856
22711
11664
4732
12011
5907
9644
26488
19160
3672
8789
3039
1657
4441
2251
2728
22683
1936
7766
8936
1746
1101
7619
5428
9666
9101
7596
2904
3377
6971
9504
6864
5094
11525
9464
30410
6988
6063
12447
3099
15144
7495
6684
2551
8174
3269
12541
24556
2357
1717
5270
9019
6137
7640
8831
4604
3255
2639
3277
4016
3906
14212
1278
3589
3229
12177
7986
3741
3680
4268
3791
2778
12264
1999
10392
6025
5609
8520
6696
1198
8676
22191
3665
1217
2173
4186
3522
6477
3333
15647
11633
4093
14192
8670
8388
5297
4599
16545
4679
10185
5313
10477
6416
4629
8169
22055
14855
3353
12449
33226
14379
9286
14830
3320
8885
9218
9072
7957
2035
6680
14048
8779
4882
7119
9315
5630
23541
5859
9722
1478
17894
2144
10982
1891
6001
2047
7462
3859
2837
14183
15168
6709
7059
6827
2054
10440
3521
12498
5186
12821
40404
6328
2225
6147
10774
5730
2169
7573
6766
5714
14562
5848
6781
9738
8744
9298
1514
4539
11013
4677
15229
1884
5367
3338
16225
2086
2768
11947
2392
2699
12727
2269
6547
5647
2329
7244
8650
13313
5553
7417
11781
6653
5787
3166
1275
13408
7542
26556
3965
24206
8468
8122
6750
3557
8043
13130
9444
20281
17445
13299
2698
3826
16170
4411
18102
6739
11390
2538
2436
9357
1600
7340
5557
14866
10833
4089
2304
7411
40199
18915
12595
3197
4122
9701
5220
2290
5831
6142
4788
7168
3511
3584
18079
4441
10654
4919
15663
5388
1825
7486
1831
17341
2142
7336
7154
4327
5063
7380
9534
8205
3434
3194
15041
8657
1888
17020
4980
3912
4842
7444
3104
6486
4030
7884
22795
3338
4769
13182
13069
4364
10964
20772
2193
3518
9038
8136
8625
11544
8496
6963
7577
15399
3847
8340
3183
16490
3673
26201
1566
4143
9173
8414
2199
2573
10837
7042
3427
4498
15084
3593
4116
2170
3596
4055
2902
4613
2304
6048
9004
20902
4776
2699
14144
3721
12577
6487
9950
5360
5330
3475
10947
5688
7103
2222
5901
12683
2778
10331
15219
6245
3166
4968
10678
5401
9106
6022
3570
31753
2007
26706
7970
8340
4532
2728
11166
11999
2544
3501
12693
20788
2159
22253
9129
8126
12451
4343
3741
7972
8217
4698
10559
15362
16124
6517
5361
7030
3805
10313
5365
8637
2110
1861
13672
20501
3091
7256
4124
5557
1870
8726
20715
7285
5303
8362
5325
8523
5213
4582
8042
5928
7468
12886
10236
7262
11039
4796
17930
2144
7032
20840
11372
7108
7144
2773
9879
9206
5481
3436
8534
14408
4521
13739
32337
50273
12088
5856
3092
7110
5639
8060
3039
20513
4509
8098
6364
1901
5141
10869
3439
5905
2863
3754
14312
5540
6548
5425
18030
2692
3840
3009
11184
8939
7952
22098
11075
10093
14725
9731
2748
1966
10550
5690
1822
2065
5533
2749
10431
3855
2899
10748
8609
5218
6207
9752
16591
5118
20403
19808
15991
4607
6307
7461
6374
2331
33274
2769
8829
5286
7559
2914
8867
11488
8611
12538
2456
8061
2480
7126
4021
1700
18419
6346
14487
4426
5877
1248
9617
12792
15777
12478
14353
3735
2262
3947
1485
14487
7071
2289
5752
13232
4643
19296
11338
5836
15732
5364
15679
7862
17943
4882
2097
7455
1346
5386
15860
6132
3768
3627
6013
11003
20654
7856
23094
8512
3499
10329
10059
6690
13055
2712
8396
4076
9870
8152
2842
4232
5663
2598
6093
23042
7248
3958
7305
32247
5780
4096
16000
5761
16214
14871
3211
5328
7808
3812
10418
17887
3786
4860
1962
8555
4325
11405
5737
19400
2331
9949
2310
3669
6796
3425
4216
5411
7858
18380
9713
12673
13372
19520
5044
7222
9702
4229
6621
4218
8685
6569
14451
8532
4475
5223
2077
4927
6517
6100
15011
8310
23328
3877
5960
21347
5977
1906
7011
21924
13282
14843
5408
2433
3457
4607
37957
19901
9060
11670
5823
8582
1895
8860
3459
12285
6490
6640
5131
9094
22747
2417
8352
11907
17809
17437
1677
9690
4918
17750
6211
5607
4103
10752
13449
9620
10362
7525
13295
22143
9367
16158
2151
6418
12299
2260
6805
5252
8646
2779
6653
6219
4155
2925
8812
5291
6534
4420
4629
12919
4106
9132
12095
2380
10832
2559
15240
4316
2303
3732
8432
5462
8397
2191
7864
2315
7769
5272
7626
3259
6257
1915
3000
7392
7238
4866
17330
2600
2885
8617
15517
14493
14807
5072
5971
2916
5353
9006
5086
20101
2005
3719
725
930
1594
2891
17208
3685
5991
3965
12599
3277
10580
8521
5899
20688
8323
6634
8378
5587
10639
10113
4726
3734
4544
12084
13399
9704
4574
6892
4474
4831
2067
9326
2363
21617
20600
11469
6496
12885
2985
14244
21530
9423
9951
9818
9466
9507
8170
2658
16625
8816
3132
5356
11183
3812
7573
4090
4854
6769
5111
2869
10751
1770
7243
15215
3663
7853
5511
3558
7870
1894
11249
7642
4874
4751
9897
5375
15575
8891
3001
9273
4232
3364
3133
5304
11049
5352
4729
963
3027
9091
6308
6654
6419
9425
5227
9124
4879
5183
19754
18691
2952
5679
13482
15732
3495
4599
7695
3140
14587
6371
2880
6706
14502
9841
11137
10263
2019
16593
9243
3025
14892
7170
7554
17498
4384
3648
3996
2279
12331
4541
8721
7516
1543
13140
5633
9901
8944
3997
6458
5102
25022
5946
13662
5799
14716
9629
3507
9765
20032
4530
7009
1404
10591
3353
18231
6541
3804
3535
2671
3965
6205
1184
2712
2850
9964
7004
7949
8268
9231
21016
18753
2756
3815
6009
12771
25874
6656
2813
3177
2107
5424
8344
2815
4350
4551
15884
1454
4713
18881
14031
13309
18842
15133
10835
10176
2303
29754
5703
3303
2038
10492
3359
5135
2796
12060
12314
4272
4999
12490
11562
25775
1958
9499
5632
10731
3578
9343
4409
11879
3977
805
5548
3023
8083
13128
11615
9000
4111
5417
7110
12995
4089
10831
4950
4892
10296
3642
8175
9310
19089
3099
10802
5842
4770
20040
4844
15494
14256
2978
2974
6701
16591
1156
11800
5864
4954
8566
3946
3188
3214
7805
8178
14014
10335
13758
5295
3605
7721
11675
12516
1713
5987
5192
3261
3194
4515
10938
7763
6583
9366
11881
2844
5870
9376
5447
3135
6482
12510
2575
5018
3383
2197
8064
11610
5116
4429
8468
18314
21750
1843
14194
3243
4897
6061
5629
6906
4736
2132
27819
2497
7011
4520
10308
17183
3929
8247
3391
8019
3996
1922
1993
3792
10847
11004
3503
10125
16384
3010
11731
2140
7276
2351
13267
5552
4796
2322
3844
9193
4290
5237
7479
3395
646
12573
10077
8437
1746
6382
2555
25522
3099
9758
3283
20517
2125
9744
3653
10274
20888
3167
5774
8479
2301
13133
3087
9717
8621
7188
6985
15877
7645
4930
3703
4301
11462
2100
11449
6740
13250
4512
10186
4175
5302
9683
5364
17777
5284
6133
10530
33972
6557
3739
2834
4782
11796
3753
8302
2336
5642
1982
9394
3492
4508
11645
10103
7580
10938
9598
6346
2462
17455
1633
8834
7065
2421
1071
5614
1539
11249
3881
8408
3863
8016
1307
3190
8298
11407
4885
8590
11632
10337
2750
2203
13399
8663
8869
6761
7136
10202
2551
2390
5362
3740
7582
46573
6350
3288
4420
5249
6976
25063
4255
4516
4401
5420
10479
7171
11953
7515
9365
7405
8292
5742
7708
2166
1689
5159
2425
2854
11984
3267
4677
8681
12141
3743
15513
7024
7001
5210
8217
6921
2330
4508
3119
2503
3048
7121
9872
12345
5896
2100
3696
11001
8375
8878
4649
12151
4873
5282
17188
14858
6612
6536
2249
5043
7102
2384
7617
14007
5738
14845
2656
29568
11569
2268
9759
3920
12521
2277
5099
12822
12748
2297
3373
5388
9076
6385
11495
3989
10271
8213
2799
2411
3655
6702
3731
4189
5505
3928
4350
3440
14974
3413
1287
8216
5108
4800
12664
8027
7188
4097
6409
22179
6113
8921
6256
8895
4803
9969
14613
15238
21918
27296
1990
10530
2076
2205
8177
3165
6511
9087
4763
3251
1894
4639
8819
1808
3261
17849
26457
11433
5881
9389
7390
4779
4847
11178
3236
1611
13097
4435
9253
2974
6819
3189
12251
1833
4226
7778
9998
3349
6864
15852
11793
4680
6475
13155
12158
24329
9026
2981
2117
4050
5751
16063
5470
2665
5218
1861
16517
5122
2520
4401
34886
4158
7318
4059
4238
4624
2538
3226
3909
24885
32531
19253
14481
2777
5774
5666
6163
4085
11885
4731
4822
4860
5042
9587
4895
3978
2422
3435
10856
9479
5160
10310
17265
1379
7282
4438
14280
4074
5546
1468
7556
4153
1123
6033
4958
4845
18491
5087
4031
5933
14453
4734
4236
4173
22991
3824
5178
7270
4338
7021
4631
7987
10285
12113
11888
2289
17386
1455
7670
6209
35773
4238
5230
10908
3890
10194
3981
7948
7766
23056
4232
7372
8526
15081
2491
8719
3332
2812
3627
9857
4951
3325
3903
1913
14737
9045
15725
4417
8716
5237
8955
1613
4153
12066
5259
2107
10191
11704
22183
25955
10434
3024
11526
14270
3859
17134
3191
21212
3907
4401
2249
5193
7000
19622
6813
4130
3328
3750
2472
6624
37180
12319
5067
8105
3726
10324
4179
5054
24486
7098
3970
9303
4361
1059
2096
18035
8626
3777
7372
8414
6984
24041
10418
9466
12155
3561
9057
5181
1543
8498
3804
2248
12292
3524
3725
9836
3695
5586
6463
9917
1933
3172
7492
2945
4868
3711
17417
10119
6523
12516
15156
4861
3159
16511
3099
3961
7721
10119
9429
4584
5832
7935
21409
8592
2592
12829
7309
5607
4459
9509
14883
5426
17026
21477
28710
2296
1983
14539
4713
8421
2401
10847
2088
14944
2267
4640
4763
23463
24744
6801
2073
4326
14876
8992
5634
6757
2149
16938
15407
6280
12938
10813
2623
5481
11514
2580
7548
2317
5666
1334
4079
2242
6015
3723
2265
17578
6524
3823
4415
3280
19883
11344
7733
8275
9184
3562
7712
13502
5539
15675
14445
16590
7192
1953
2953
12091
17878
4497
7736
3772
2856
7512
3965
12299
11376
5770
8396
4297
3273
6070
5539
8425
6593
5261
8060
15611
46113
5858
2504
776
3353
9177
3310
2419
4685
5946
7657
1983
7484
2413
3222
16502
4134
12544
13466
4683
12417
4777
3930
6907
17395
5857
2193
12069
7943
2880
8062
1761
9190
14287
41569
6784
8510
2197
7984
15497
12258
11865
2749
5070
7254
9387
6602
8269
4099
5688
4577
3104
6486
10123
11967
32815
6128
5222
15751
9695
4892
14235
7697
1810
7693
5792
5920
18846
11872
3709
13405
4377
2290
17276
12761
1925
4567
2459
4523
10634
9019
4852
4417
5939
3694
2527
3080
18232
7941
4798
15207
2544
4879
5465
2556
7112
6876
5283
4177
3614
10636
7511
3119
4366
2191
5789
1840
5652
2814
10987
2164
2627
7576
5453
9790
8995
15382
10164
2802
13090
6160
3951
8141
5445
7816
8588
7159
7404
4307
7466
6732
11637
7512
6386
38524
2497
2887
2959
6192
7423
7296
7904
21598
1758
11078
18639
5803
2659
6140
2656
22659
5775
3292
20116
3161
4761
3871
6223
1758
14534
8385
12109
11570
4514
7273
6083
2739
4798
3936
8308
15752
3733
7202
1482
6722
7284
8867
9011
4836
3096
2204
10419
6996
2598
11929
18741
6421
6366
1449
4988
5708
6454
7086
30857
8958
1901
15114
4454
6330
1785
7104
6597
6418
5537
1128
21332
7031
8362
1737
8020
8628
12627
30234
10699
21645
15606
6069
5935
1532
11710
4171
19678
2928
9011
884
5822
2600
4158
3289
5845
3077
4833
8429
15167
3522
5137
2953
14194
4606
6492
5492
2094
5198
4118
11332
1918
10251
4853
3283
5599
13879
3831
11155
6085
16079
3484
3997
3569
9679
6032
4839
4795
2639
5454
5911
4765
5181
2566
11955
3660
1638
9230
5489
17374
2949
4406
10321
4885
11885
4463
11966
10660
19069
3944
2348
18297
13976
4155
6910
2394
11095
1156
5225
6547
8992
9884
8034
17340
5977
4182
20838
10929
20599
5217
2611
10021
2475
6953
12541
12771
13483
7412
3185
5187
967
2119
2972
11753
2690
10015
10197
16774
5702
3736
6261
19717
2927
5206
5056
3150
16299
4086
15760
3716
23245
6475
16130
1957
4080
9218
14111
14033
4643
10695
6742
5777
10623
12538
2443
3840
2576
5580
12104
4313
15106
22693
13444
3576
11669
6704
2505
7884
19678
16278
2936
8526
6958
6832
7035
4580
5887
5499
3023
5641
7932
5332
15024
8379
3321
2285
11604
11145
2728
7549
7173
6076
4551
5962
8641
12062
8648
17292
6268
1176
14330
6968
10781
6114
1870
18551
15857
10171
2961
7110
7110
12717
11884
37600
9276
19690
2868
2040
6266
3689
6130
12796
3689
10911
6694
3857
2561
6991
7928
14197
13951
6840
13538
4553
2766
9973
5279
2913
1881
6685
9022
5211
19953
3773
8390
19237
10395
12340
10445
1616
12842
6835
20952
4061
7755
8523
4890
21508
12922
13188
8173
11136
5109
6935
2607
4861
15789
3143
5064
4101
3272
3961
5990
3748
4579
4029
1770
7094
12476
4727
3379
6986
10625
1881
6287
5689
7247
7734
1205
6413
5285
2117
8813
6429
3201
3939
11107
3470
3761
3587
3042
3149
9936
5492
6509
10979
6288
3422
3778
10534
11703
12042
4432
7704
9500
4071
7728
1232
13619
4281
10443
8425
7818
3785
6269
2636
3226
4818
8346
7298
6144
13759
11249
8504
4748
11854
4151
1769
5329
24810
7561
5359
3257
5619
24091
30477
5494
2867
6904
7624
3539
10876
7752
5803
15338
1513
6451
4576
6710
28806
8288
8432
3274
13251
35169
19545
7395
18499
25694
8852
3990
2999
8850
11814
4764
16307
7398
14625
8427
2282
14439
11440
4459
6595
8628
8099
5332
7674
18232
3002
1552
2653
6116
7339
6590
7197
2982
7149
7222
7786
4939
5421
2487
5674
5289
6667
15490
14893
9422
10896
3453
4259
3668
5325
9321
6520
6734
18477
1315
16153
6861
3092
14914
5831
4150
4431
3178
10620
5367
4019
3336
15739
12143
3670
12131
4193
2890
10162
12985
4516
12755
1457
4263
12058
4031
9829
1600
4684
3099
12136
1800
7680
6607
4854
12914
19878
11644
7860
2471
7987
11786
5152
1778
7734
6295
9191
17422
7146
10200
23357
6512
3148
6204
20001
1681
13697
3550
3608
21069
8063
5699
11470
6463
3347
2769
11032
4131
4269
2165
2568
6590
5490
2577
4824
23863
8303
1204
2596
4567
15087
4781
11698
11769
14176
2781
2111
8339
22834
7561
8915
6168
24708
7201
15211
1750
2573
8014
7283
1497
5242
3938
7208
2571
2447
1801
13224
7798
3935
13808
11611
5707
3299
9530
3061
5560
6629
17760
14122
23390
17682
9441
6159
6773
5336
4090
9348
9650
12706
13418
7836
14323
9322
3604
3915
1549
4132
7868
12149
10566
6632
6123
2403
15399
5492
11152
4906
11197
4531
1650
3243
2592
10209
3664
4194
2589
9207
3631
8079
11620
8529
1444
905
13601
3126
3648
5026
3250
9297
4251
11418
2415
11445
8501
5191
2381
4129
8656
18588
5860
3721
3967
10526
9799
6861
2082
8575
7531
20186
15950
5318
5067
9084
4057
5121
4350
25663
5213
2081
2727
12642
6780
2936
7926
6590
18703
2005
6122
2348
3190
4486
3963
3433
10745
5386
13047
4622
5908
6066
4217
4329
2541
8487
4874
22953
2744
13227
11258
9961
987
9724
9524
4194
6502
6648
11937
6075
1575
7691
4975
7689
5176
10405
4604
10605
10915
8578
23120
2896
3950
1714
8913
1992
7850
11605
2936
7575
3336
11418
5432
7116
14498
5262
24217
4034
6618
3670
8499
33633
8597
5001
2720
7020
4827
10202
4537
4663
2709
1010
12379
5610
7037
4426
5372
2777
8199
11471
2083
3540
13496
4645
31146
7357
11441
14104
1245
4370
4006
5900
2561
13309
26592
2447
14641
10943
7466
6478
17753
1642
4081
1896
7810
2131
11662
8389
2600
8465
4806
9250
4807
14506
8299
2808
4385
30462
14677
5537
6455
5656
21962
2562
16894
12063
13481
6876
6628
12351
6108
7541
5394
9317
5065
4664
14071
4301
14713
3646
2005
10930
2921
3464
6857
8651
1515
9725
29648
9210
1381
11954
3024
7137
18295
15579
2795
13276
5429
10390
7667
14095
23335
5143
12081
17997
1883
2289
1908
5640
1873
12125
5165
17965
3685
29367
16681
7158
3206
9947
4700
6813
2513
5336
3261
3700
11027
9525
2268
3823
8422
7832
11182
1346
10014
2479
21454
2955
3023
11850
17985
7215
1450
8207
3642
31756
5038
8473
3393
9117
5884
8839
2886
6731
10798
2504
7126
3335
5115
10360
13575
12482
2757
2987
8580
2509
9493
2821
3534
5682
4414
5131
2593
9319
28415
2121
2171
1543
4239
3758
3818
1923
7864
4144
10668
7404
2243
6622
5565
17420
3734
19076
27973
8763
6344
19487
5147
5798
4904
9649
33813
2421
2533
4456
9216
2147
4799
3567
3020
4101
2124
4524
1673
2273
4058
6043
8484
5290
7388
2705
1775
11265
2876
3152
7643
1702
19370
5644
5911
9670
3614
25245
9197
4269
10003
8093
8137
6417
12656
12683
11624
11189
8284
11717
7738
11924
4514
20835
7461
15139
3034
10723
11751
11466
3339
5143
2243
5449
7067
19068
6342
9953
12032
3748
3880
7588
2833
12037
8190
1672
12469
7530
7167
6910
3266
13202
8054
3018
1952
1910
3554
2009
10655
12042
5808
4492
3152
3910
2877
5934
3834
10207
3271
2078
10642
9005
10629
1273
17840
11095
24307
1973
2117
1767
3118
5346
3753
1538
5530
4809
10500
12411
4418
23934
6518
1537
11403
1292
7038
4491
3747
1918
19674
2751
7254
13906
6276
9470
24178
1636
9346
6593
4510
2952
13508
2716
5504
7281
11283
5524
3880
17159
8554
3852
4353
10239
9298
3299
1912
7494
9780
6198
2632
2173
9713
4122
1453
9701
6110
8916
19025
4122
15269
17662
3643
18575
5824
2308
10127
6983
8681
2856
4435
16405
7380
7802
8562
8926
13314
5414
2706
7710
4271
6732
10915
4773
4390
8355
4634
21468
23156
1571
9699
5903
7319
8008
18621
2639
8914
6482
10287
6798
4755
9785
27796
11561
6262
24323
1425
9273
15931
8515
20900
1632
8221
4844
4685
8703
6541
1777
5942
7419
19224
4477
5461
4836
8927
7772
18582
2458
34304
21938
1494
6537
6704
11785
9161
13525
2306
3152
7513
11688
28666
6210
5765
2783
19175
4406
6122
7761
7738
27100
1494
1619
13854
7598
20054
7354
4089
5303
5782
9276
11744
19973
3562
8596
9269
11080
3111
14827
4688
13134
5163
9561
2500
2926
12891
2932
2317
2728
19768
23973
9002
4888
27004
8903
5011
9072
1464
5232
6462
8331
7447
7475
23066
4615
5431
5346
15154
5284
5174
6359
1618
7294
17224
18839
6821
13002
2910
3612
8836
5247
6720
10942
5565
1377
15982
4544
18311
11992
5702
2358
4037
5321
21183
8363
6105
2042
6990
8550
1402
3496
10855
5255
3395
10149
17759
18280
8466
7053
32990
10240
8933
12698
8484
7044
2546
3256
6909
3175
11047
8773
19247
12297
7863
10913
27920
12291
13605
2732
1407
8867
5342
1458
29842
6824
17115
1955
1473
12297
8624
9239
4393
16677
10482
21369
2942
15548
12975
3919
5124
27642
10819
15187
14113
6618
26370
7803
2621
12903
7716
12925
13718
10025
3385
6015
6624
4379
15816
8548
4071
8438
1987
10318
3404
10491
12545
14509
6690
3061
4019
11408
3740
4156
7695
7233
5030
4989
9811
6011
5521
2778
20204
3665
12723
19106
3584
20807
16614
12016
10373
3244
20047
2721
2671
6527
2628
1861
11577
6724
9654
26884
1704
4528
5585
5774
2401
8139
3287
5014
2170
2446
5190
11704
8660
4984
11835
1867
12036
6623
1564
16032
25076
8864
5680
5445
2826
22747
4299
2350
7190
4914
8140
2937
25872
11015
3055
3023
5308
5734
3832
6356
2912
19930
6478
14039
12465
14256
9096
7562
6760
2437
10614
16330
4070
8724
4180
2778
6279
5441
2854
16776
5061
12100
9376
12939
1265
3356
5064
5383
3739
3218
9597
9799
2480
9713
12172
6798
5131
14281
12242
8935
11530
4640
2207
16506
5136
4106
12952
3994
2528
7323
19813
3588
8289
2188
11785
7218
2497
2189
3032
4913
13394
1443
16514
5659
9980
2201
1512
5969
3812
13088
11953
10529
2900
6543
2684
9563
5127
4769
2378
8055
3816
6856
7314
2797
3917
17481
11590
2710
17391
3255
2931
2723
7888
8102
1876
5464
12632
2662
11006
3780
13141
3873
3510
3903
4535
1475
3828
4709
5984
2618
7651
10765
5525
20218
6577
8885
1223
4946
18719
8881
22307
9632
15071
1640
7940
4367
5209
4304
16154
6466
9014
3032
2305
9031
15355
2693
1588
9677
3627
7860
10019
1989
7823
3606
3770
3404
2712
2094
3986
2459
9466
18733
3005
9162
2179
7831
4974
10406
3817
15609
1978
4611
3541
4219
7445
17206
7007
22624
18318
26917
4430
5394
3083
7937
7090
15325
2249
5172
2945
2133
24654
4935
3510
5130
1612
17444
3960
7376
9764
4287
4174
18723
5983
14077
6469
9012
22961
6941
6826
5282
9304
11337
3006
6270
3386
6366
4757
7364
23608
7098
3490
8608
16231
3644
4934
2626
2944
2038
4755
14810
12614
1854
1734
39478
3898
10734
37205
4061
2625
8955
2825
8917
3262
16732
9148
12345
8273
2897
36575
3578
17904
4532
6484
13781
4824
4123
13685
7702
17992
3716
6444
4054
28764
3973
17134
3204
8447
7112
15366
8364
6828
9935
7202
2131
2922
12672
6297
28739
2576
4780
6532
4697
10346
6331
6765
2490
2847
12172
4888
18843
9960
12472
2665
2822
7312
7791
4453
5001
8766
7565
9129
3621
3846
14752
3030
12665
13907
2232
19058
4363
5368
7749
8420
13743
1329
17035
4359
2284
2434
7914
6183
3014
8587
14217
3397
4193
8345
2080
8779
8923
14715
5886
4347
3987
1682
4514
13707
4027
3099
25435
3552
3018
5945
8759
6729
5408
19001
2901
12041
4843
5590
6873
9918
11372
4343
21270
11271
3592
9006
8973
6410
2915
10191
2240
7416
23367
1771
3297
5662
4611
2933
2625
9623
3330
3997
6342
16926
11742
5075
24157
9926
15675
4989
3862
4445
6331
3390
1905
32162
13559
7238
4667
3269
8241
2919
12385
12082
3162
7105
1718
25454
15734
4024
3271
9643
7851
1948
21204
4783
4818
6228
8471
7498
2039
1916
15230
9807
7980
18883
4682
17829
4098
7003
1835
11113
4051
9697
12944
5602
7021
30001
5533
7440
3122
32176
21929
4340
17429
11958
14116
13789
5994
2340
3029
2737
3107
19472
4595
12591
1519
10850
2379
3454
14749
11483
1029
5021
6755
1025
1698
6421
15976
7089
3519
3706
9201
14084
4231
3844
4683
12753
7144
4097
2304
8944
12424
13936
8383
14660
8443
21561
15526
3191
19563
2903
9448
2005
8925
5981
6309
2221
4187
1747
6925
27437
3451
1369
9935
3507
9375
2165
7100
7770
15182
2379
3938
6135
1805
14825
6473
12708
7965
6957
6678
10368
9966
3515
3263
20079
6960
15071
10477
1297
3801
6598
3799
2565
16580
2240
2997
10246
9947
10954
2381
10197
6838
12002
1727
3789
15456
15518
5435
2011
3218
12795
2851
14530
6381
10651
4673
3792
2242
9632
4873
4382
3028
1123
11831
18218
14168
1644
28690
8517
16234
5838
20389
2494
4542
4999
3502
2227
8517
4110
5486
3446
4008
3532
5405
4612
3209
14583
15514
3512
8538
7460
15599
20089
14932
7447
5591
7034
25716
11893
4087
8589
17338
7341
6965
2534
4617
8670
3179
2734
11071
14658
7329
2027
1885
10624
8251
2773
16938
2826
3574
7974
5094
3301
4605
27344
7214
3795
6233
4143
2573
6621
6835
10038
2207
3917
7777
2045
8461
7529
9738
6547
6695
7045
9465
4011
3268
6722
1804
7127
11088
2937
7009
16060
5089
13225
5070
3094
4253
4473
2150
3435
3715
11431
15742
6037
15677
16287
9454
6714
14665
9385
7808
5578
5603
20196
4527
8863
1432
15781
2440
3920
1747
5027
3721
4299
7405
5496
22085
3312
2657
3790
3187
8199
11624
1790
7641
6028
6446
6992
7844
2873
1476
5469
18364
2667
2683
13325
3489
6973
13889
2009
11895
4100
15598
10382
5585
11656
5359
3339
4492
26223
9108
3247
11918
4061
5340
4320
3755
10526
12164
9138
7179
3782
1894
4513
2683
3683
3352
3957
6778
6567
8846
10884
13231
11182
16443
6792
9954
4943
3506
2446
8471
5720
8512
4073
9765
2586
3755
4754
11623
1229
12460
19432
14178
1766
4277
12208
11580
11813
8815
6314
13930
8193
5423
11716
10412
3811
7537
5858
13522
2618
12390
9693
2145
5067
18586
18083
8139
13116
7149
4605
4548
5258
5380
14792
9714
6035
6669
4362
16221
10699
17256
5468
4715
5274
8468
8372
15129
9046
5947
10433
2610
10077
13359
4345
3218
22682
6121
3095
13466
10738
7037
22457
9373
1997
2907
1333
9463
7519
3487
7492
2965
8917
6581
10746
4937
8224
4114
13346
4098
5227
6472
14077
4553
2645
15099
19800
12511
4587
5398
12362
19596
2653
13087
6849
7748
9169
4794
4773
11492
13736
3882
7827
16672
9358
4781
4155
3516
6191
6502
5427
36239
12018
8133
3832
1942
8947
3483
10157
17240
40966
6355
10398
3665
3105
11631
8303
4989
26954
11437
3698
5392
4745
8547
5813
2209
19954
5185
17986
7639
6826
1404
9778
2497
16949
16146
2572
1787
14869
3603
3601
3611
9683
10407
13280
5067
13950
5409
3527
7849
32475
10881
3475
10120
3625
8941
3431
12813
11703
7337
5461
1193
13917
10769
9167
2587
9626
14337
3201
25029
3635
4739
2435
10774
5715
6294
4922
2245
4649
6619
11419
8363
2788
3893
8096
5599
12462
2161
2633
7347
8502
7014
9900
7049
15074
2771
6404
2549
1812
6202
3632
10768
7567
14194
5136
9946
8293
3104
23595
3121
3276
8908
6339
3801
7699
9178
6561
5027
8304
5678
2158
7814
1390
4346
5225
5888
8832
2123
1529
5203
13397
5449
13493
6843
5223
6589
7637
3407
3673
15331
4299
1925
2399
2353
2631
3652
2915
8218
3355
9704
5348
14495
14294
2806
12677
1385
5445
6643
1734
8643
5473
17757
6427
15650
7208
1414
2747
9272
24509
1767
12361
8077
2289
4111
8058
17804
4247
8751
13303
24870
24233
3881
19503
6380
4829
4020
6720
5865
9307
22871
2857
7739
18349
1395
23055
2390
11659
13029
4109
2367
1531
7707
1588
12583
3203
6561
4414
3885
2869
1976
5406
4213
24839
3435
1661
11861
4238
3613
15006
15664
3745
3445
4767
3619
6458
5469
7452
4034
9326
3291
3038
2654
26446
33109
14177
5062
3189
3867
3191
4555
6532
3086
3863
5948
9241
3152
8885
4436
10528
4920
16743
11361
2714
8115
4141
4712
8254
6866
2758
2711
12862
6057
4687
1804
4090
4220
5805
9299
3154
2322
1245
5433
10294
1574
8421
11910
4177
21510
3182
10476
11729
6874
1315
10161
3798
3659
2674
6360
7782
10698
4751
3312
16257
6185
15882
10164
29975
8950
6327
2591
10713
15649
3288
5660
3673
5898
6706
10144
13913
3613
11396
13316
5887
13087
5443
2511
5802
1736
7397
11033
14612
4128
994
6332
2268
7540
9859
5502
14412
5895
2880
9909
14921
4223
5672
5409
6194
11692
6960
1245
10372
11369
6516
16948
10122
3022
33499
16521
2260
23589
2270
2281
3129
11673
3437
2683
6068
11900
7828
7368
1949
6630
5029
2340
6874
5628
8004
5096
7493
4022
5693
16629
3480
16243
9848
7728
13156
4981
1193
1281
21142
10747
4312
4270
6626
2462
10361
1818
4920
8657
20223
8364
35011
9361
13773
4615
2639
9713
16497
23687
3479
3567
2043
4224
4731
1748
8729
14122
9902
3771
5372
3389
11961
11884
11690
3223
12495
4442
3491
2240
11655
11886
5531
19515
10109
4146
3671
5244
10587
2111
13750
14184
6299
8630
3279
13689
4064
31863
12078
2470
2155
13627
11548
13696
7094
11640
2212
1892
6393
9438
9581
6940
2839
18405
4683
50208
16421
29184
11658
6768
3098
3454
1458
12776
15381
4312
2694
810
9355
5994
5134
4438
12719
6826
2743
3150
17305
2816
3897
1478
2158
5982
5401
6412
10161
8679
11732
4444
10133
13492
4312
36782
4131
3310
5406
3650
9787
6310
4080
9841
8704
18201
9136
9684
6645
23696
4869
2955
7285
23249
3435
4901
4261
7222
2414
3395
12975
3479
3536
4538
13018
2750
6974
5101
2831
5896
5971
11297
7130
6158
18148
5428
11982
4260
4302
5606
5865
1367
4964
4945
6341
1420
9813
2897
9126
27753
1387
1377
6587
21541
4693
7479
15165
3294
7823
27482
3575
7868
6709
4635
5934
7870
5902
3542
4969
2643
9161
2690
6526
16183
5087
10818
9423
19536
6044
2677
2379
24247
7550
3317
10914
1877
11780
7349
10093
11497
10738
3410
8096
8392
9071
2079
2260
21581
9988
6324
6452
3533
4419
13707
4911
5650
5680
12275
12695
3455
2380
7290
2780
4017
2685
6478
8802
2140
6480
15861
4071
3738
4089
11330
2222
2903
8584
4274
17675
6625
3069
2129
6275
4164
15928
11786
17923
2235
1658
13451
4179
2787
10285
4152
17271
6107
7068
7555
2307
2173
16188
3706
16770
5160
4356
15463
1354
8769
8183
9544
1557
12523
5091
15499
1806
11116
2952
3165
2065
2028
3032
2540
5454
2735
6180
5649
6033
1488
7029
5301
5060
4917
4516
16673
10849
4386
5655
6523
19134
3065
1754
5371
3544
1691
6794
4547
10981
1607
3775
41572
2031
7529
5630
16023
5512
7453
15802
6820
22775
6135
9632
4632
855
15768
14774
6375
3263
5425
3671
6389
7617
1481
7959
3298
13627
4993
5203
4723
14830
8236
5586
30564
11135
8862
1153
2546
2424
16742
14769
12215
2687
11986
3670
9758
8011
9646
7554
13928
5156
25547
17499
4750
7606
4355
5486
2127
5275
3634
8061
12365
12669
6512
4932
10650
4541
2612
4823
19264
1799
4913
31821
5480
3732
4388
12100
3014
3155
3464
4726
4134
10843
7930
13129
12599
5065
4159
2916
22312
1710
4064
28966
2330
3952
3130
8669
3482
10889
6753
6774
17290
2306
9073
2738
3254
23712
7147
9849
4668
2372
8305
8714
4951
9066
8112
2182
5050
15461
10282
4191
1981
11262
7050
4049
2638
2040
8962
9498
4397
5984
8104
11588
22016
15498
2257
8434
5911
5627
7259
4443
9682
11269
2211
7330
2812
16118
6777
29279
3664
1720
5504
6708
8354
9561
3644
2048
5558
2953
1049
5094
29587
3825
6211
3630
7360
10070
4916
12372
13942
2888
17064
2501
6545
8237
9670
3007
3391
5982
7888
2792
1498
1186
12356
9678
21602
5062
3890
6005
2208
1847
32146
2807
5911
2851
3149
5461
3271
15687
13967
21076
2841
4053
23618
4208
8965
1565
5530
9557
2704
5083
7340
4003
8144
9629
4113
1452
3651
11385
3169
10498
4764
6277
8914
6976
3286
4117
6767
7745
6507
6089
14686
3935
9626
3950
4059
8169
4872
5523
7614
7856
14844
12064
4721
5708
1581
24243
7449
34989
13603
14167
1086
7661
2098
8747
6333
15476
3755
20537
1837
8213
7207
22793
9044
4034
15604
2142
8941
17340
4999
1762
9933
6946
4551
8035
3034
4698
2950
1930
12045
5915
6112
6012
8408
7010
2917
10331
4933
2171
4512
3497
3367
4798
6041
3349
6261
1834
2586
2119
8584
9409
14375
13987
9791
2965
10434
6201
12276
5217
18407
3354
10261
7690
11445
38514
7795
10530
7595
4006
5042
6572
5367
4592
12601
4024
3086
8710
16855
18419
3612
5200
2757
16880
6307
6792
12783
15820
21098
4576
8840
6769
5248
3517
3695
8946
11179
11033
973
7882
13922
2595
6088
9449
2568
2238
3560
9941
5904
1468
4209
13226
4418
2586
7247
6534
10693
2195
3742
5807
7339
7330
4347
4128
2350
4164
10593
2614
15669
1827
6197
6423
10667
5065
9685
4304
10728
13539
3133
5378
8960
12371
2078
5084
29446
10445
4493
5262
3000
10374
3922
15688
12728
3290
10712
9552
2643
5270
13052
7414
2945
7366
16399
10070
7567
2412
7849
5760
20370
5920
3782
14921
8192
5410
1229
10637
25691
13342
9716
5341
15639
4952
3965
12268
4137
24138
3823
3788
12504
3600
9560
4734
8950
7466
9495
6485
9544
2657
6921
1376
7112
6693
12832
3800
3108
7715
5704
5872
5351
25599
16229
9447
2705
10202
4397
4350
5155
6743
12208
16459
7432
21318
5251
4678
25552
3225
2599
2541
3141
3287
3977
1143
2548
6525
13241
18819
4380
3316
5035
7805
6554
24443
9595
15121
18460
6152
7178
28372
38022
3539
1576
2879
9140
14826
2158
3211
5165
5148
3904
9078
6262
3475
1330
6242
23872
9526
4673
2734
9118
4697
6801
4198
2999
11017
2967
3940
3597
5579
7735
4402
2089
5414
1623
10257
15587
4653
8646
16958
22365
3114
9234
3103
8123
15158
4562
4862
4358
10781
2318
4122
4183
22958
4017
18398
9582
7412
7347
9691
3329
13705
6937
2839
4746
3949
2924
2257
1478
15976
15544
2929
15910
8086
3648
15647
1851
5948
6248
5083
2277
6472
2895
8401
9804
9730
14199
5758
5216
8523
6696
5436
18442
30789
6338
8578
4994
3510
3887
5248
6087
8806
20542
19208
5959
713
2525
15583
13183
14204
12624
7899
2543
16546
7835
4229
10504
4365
7874
4691
11039
8530
5212
5881
7623
12885
4366
18073
3178
3379
3939
4185
9966
23655
2809
14940
2189
12855
10892
10669
2123
3922
3143
4043
1342
46612
5058
10905
3235
3944
16592
6227
14771
4249
783
5854
32928
2097
3007
2667
5878
14141
14724
6044
4655
3676
8599
8327
4290
2934
5990
11507
7254
2699
2878
13938
14275
2022
5603
3112
5039
8222
5254
4982
11572
4210
8270
1723
23680
2522
5626
4071
11083
5495
9600
2907
4374
10630
2939
6872
9170
4868
2389
5594
31101
11919
39657
5046
12136
12990
3762
17402
12905
5383
6008
4974
4841
7071
23659
4263
4507
2747
4520
2288
10017
4666
6021
8151
18864
13607
11901
6026
5158
10045
10385
2468
2310
14701
4178
16775
5640
2768
4596
2859
11557
4612
3852
16403
3616
3696
2847
9503
10531
1828
13949
4891
1540
11004
11439
5287
6137
10826
10958
42792
4355
6465
4094
11515
5425
3622
12462
9564
6576
4695
5844
6262
7198
7691
4423
9884
3385
28155
5296
9979
4227
4270
12512
3843
13125
6398
8297
15337
9016
6416
3517
14561
9380
6519
28676
5966
22573
2316
3683
6155
12349
1827
17295
2041
6779
10264
3343
4759
17030
1616
8544
9780
16537
4810
14613
5203
3310
5926
5879
3956
12517
15524
17332
4307
2352
34290
6009
8286
10060
4863
5511
6996
5625
2223
2146
2793
25237
12266
4284
10769
8362
3027
10982
4419
12117
4946
10227
8776
8613
3199
3602
2894
23616
10568
11611
2400
2564
11594
5693
6994
5184
5943
10064
2546
11457
5610
3358
14061
7884
1942
4586
11626
4845
20656
7417
9364
3757
10901
2608
1798
5683
2060
10733
14731
4479
8982
3106
2474
1819
10849
17752
1845
11038
6665
8822
1113
8595
16503
2674
8331
5063
3279
4112
9980
11321
4486
19198
6258
2767
1046
6164
2582
6360
3093
5973
9616
3892
3428
7109
2317
27103
14206
6073
2175
10491
5269
27461
9321
7601
3695
15977
1780
2683
2625
4683
10257
3376
2264
3120
12040
2538
2769
8089
12568
33820
6340
8419
2982
2340
7649
7493
6630
6570
10580
10341
14088
10458
1741
15468
11198
16029
2809
4219
11499
10232
2692
17399
19052
4675
14442
15995
5776
10176
6433
20503
8865
3750
18959
5435
3153
2896
3359
6586
8565
9207
3038
8055
4014
2845
5881
16957
4400
3710
5577
8642
5710
5278
5967
10935
11044
15180
6077
5568
2635
18819
7715
5144
5998
6279
11851
9470
3496
6467
4351
9852
5477
7280
3453
810
16889
10626
5915
9625
10589
3960
5716
1502
7217
5202
10464
1264
5365
2686
3605
19920
3749
11144
10090
1533
16298
9731
4757
9100
11914
12362
2900
2665
5264
11714
14225
2446
11452
2152
2978
15325
14833
5031
10189
10477
5262
14364
18840
2287
25816
3862
14729
20206
11279
8595
8292
3408
4494
9285
12421
5507
8940
6631
9533
6087
5310
5698
5768
1213
6406
4674
2906
8638
6450
23249
8881
4248
2279
12152
11390
10461
19955
4098
5855
6814
2265
7910
4424
2161
3095
11345
4858
4153
9047
10148
4866
7801
3949
15100
10549
7007
11351
9876
19904
2709
7867
5435
7281
2221
1543
9391
9148
6969
10481
3744
6749
9592
9660
11291
2150
5985
19025
7926
3314
6914
2122
1653
5821
31757
4305
15248
5885
2845
3497
5092
11452
3374
4404
1679
5133
14509
7003
5298
7204
4308
20453
4649
12082
6064
3184
10593
4729
4233
1873
4042
5982
6842
21287
5115
4995
21002
8158
4338
3904
4346
11680
8831
3983
8367
4750
4210
2371
8534
4217
4324
18930
26176
10701
1250
12602
4633
4067
4564
21236
7721
8673
4206
7090
2910
4496
8784
4824
4241
7630
8640
5925
3558
4710
8208
3763
5594
4785
12930
6778
1882
4289
4505
17058
13644
3352
2897
9209
11520
7716
2817
6169
25367
6181
6017
4888
20886
4364
923
2180
20745
8393
3292
8773
5411
6191
7182
20950
13323
3589
9270
9434
1581
2389
3766
11818
11682
2918
12064
18487
8799
3176
5374
3421
20296
13570
14256
9335
4203
21343
3340
9916
12064
5423
6285
5036
10962
10166
5734
5081
3497
3966
3722
1345
2269
2063
3879
3053
9328
5199
13596
4029
8174
15660
10330
3417
3179
6750
4427
5738
10775
4945
6467
9316
22953
12737
25496
4228
6422
18304
1800
4383
7372
2142
3128
7472
12930
9525
11281
2767
11186
6611
3069
7474
4452
6374
6868
5643
3522
26207
5132
10117
3111
10144
1867
23247
3625
5492
5638
3546
5140
6958
18285
4874
11087
2635
9232
2972
2487
3939
5855
4227
2302
2246
12726
34473
6100
13223
9379
5649
6965
3048
6223
8999
9646
7320
32425
7464
5894
6055
11980
10401
5039
11426
4182
6201
4183
1486
2421
3248
1252
5920
10561
4809
7611
3949
9383
4971
16480
3845
7747
10295
1404
23068
9305
2568
2437
1519
7474
14114
10490
6779
3462
6813
4322
2233
2262
13107
10646
10819
12453
7564
4602
3275
4008
4012
4356
13327
3181
1910
3436
2729
5577
1929
6932
3740
4141
4711
4992
5703
8968
2837
5249
6126
8910
14596
20254
5845
2665
4059
5386
9579
1598
5746
9919
2756
7936
14209
1489
4240
23559
13515
7736
7456
17210
3478
2515
6405
5643
10106
24247
10145
10869
2497
1634
5860
26730
11152
19386
5422
17590
5465
8661
3708
7426
28646
11718
10428
5132
26808
6877
15298
2550
2138
7637
7187
6042
7000
3585
20208
2624
4819
1682
8536
16330
6164
12135
9885
3955
5011
3229
5910
19748
7797
11611
7002
1431
5421
5657
21018
2734
3466
6672
7409
8002
25042
6882
10311
11559
8093
5645
2502
2922
5554
4530
12896
3607
11782
2201
2756
1402
2567
11260
5183
10700
3887
3758
1763
12694
4983
2795
3132
1899
5704
14460
8020
19918
13231
4358
3898
3560
6101
4811
5332
11790
8193
8121
13656
6909
4930
23444
8931
9939
3155
8504
11893
3595
1600
21467
5141
25620
1389
16465
3448
6033
9184
2778
20007
5303
7712
2336
14543
11294
9701
5803
4380
1873
3277
14131
3512
15008
12338
13068
19316
4465
12435
10464
11482
6271
7366
1612
1442
3523
7355
10686
3602
3422
4339
26638
4859
5378
5368
5503
5153
15157
10437
3307
3936
5575
3785
15168
1756
10210
2484
1025
3856
7293
5346
10349
3757
3672
13409
9813
7717
1384
3115
3202
8706
10437
8059
2197
2304
5373
5840
7287
12364
5324
2132
18087
7105
3838
19530
3054
1934
2805
7426
11862
4807
6432
19461
8372
4190
8484
7534
3552
22328
4345
4503
2220
4043
19573
36646
14886
2625
13492
11978
2221
18398
7620
8235
7586
8128
8536
5210
5089
5248
2055
11610
10715
1990
2583
6786
7791
5231
22688
2008
11748
5343
17690
5254
6153
8821
5915
11335
14093
3187
7703
15489
24840
14874
11943
3421
2606
2587
7584
4463
6568
3839
5367
1212
4078
11440
2754
2648
3934
1329
6891
4491
13865
3531
17262
3467
3710
3132
6888
7613
13975
2612
4533
20994
5424
18481
5225
7259
8962
6162
4158
7781
7571
4697
856
4772
22341
5646
12297
3795
1746
5726
3694
22129
4509
13431
7538
9313
4803
4013
4989
4575
3247
9999
16194
9686
4847
2563
13926
14604
4952
12797
11261
12347
21787
5912
2918
2780
4914
1935
8834
10988
2022
10879
3336
1517
7332
5906
8380
5198
13734
9414
6074
6698
4868
9428
2462
2323
4229
10601
10107
14462
2498
5736
3337
5971
1406
15356
21193
30180
2498
19492
4101
4818
6913
5662
6456
4241
12977
12902
5248
9675
7104
20571
13588
14911
3537
3340
5389
4015
1088
3276
4519
3661
3435
2685
2553
7192
5854
8158
7204
26341
9338
10398
8119
6980
2442
3039
29560
5272
6186
19152
13438
1215
5627
4011
7703
11016
4056
2660
12249
1893
3310
20050
10384
8268
7097
2128
9688
13664
8239
2952
17384
5009
19241
10273
24923
3938
4501
8527
6084
9381
7245
5590
1405
2065
2384
5648
15057
58603
7645
5902
3020
3616
6455
11872
2184
15191
2582
1480
8863
2614
933
4269
1893
17278
5855
20583
16056
12881
1696
1606
5392
1403
7124
13402
2598
17437
3813
11003
3269
6031
27631
6308
12407
14752
7548
6759
5645
6727
3974
8862
2756
6063
36117
2535
5185
2328
6305
17439
3341
8337
6376
6471
2147
18557
4057
14662
17054
1567
9592
15386
9299
7049
6270
5323
2735
2860
5119
13949
948
7913
3889
22207
3694
4239
2246
2092
7489
4411
5801
4896
11077
10412
3071
7620
5258
18563
6125
5241
4486
27928
6307
2009
10045
8162
24390
10982
3154
12059
11569
2565
3694
17041
5134
14954
2578
15086
2809
13630
7341
22972
2415
12265
3274
8495
4582
2677
6508
15380
6552
8898
12183
3973
13726
6045
7824
5395
7481
7347
6957
2593
1890
1020
3665
5919
18630
18989
13972
18522
14375
19090
5834
6996
2709
10715
4116
9842
3598
34038
2115
4558
4539
6813
4365
8402
4276
13956
7825
9544
8140
5163
5128
692
6163
6267
4091
22675
9289
6004
6525
4689
10790
3353
13044
5637
2403
4827
2726
29475
32698
10120
2166
5817
3918
3624
6815
2357
20681
9612
21307
19883
5793
4128
5362
4944
6901
8805
5045
7523
9825
8251
4952
5650
2960
9045
5645
5896
7471
4650
15789
9403
6390
4234
5240
9255
12688
2205
10558
10664
36075
22464
13598
4618
2533
11914
5361
7203
10051
9639
6717
9172
3684
2410
7359
6448
10045
6085
9367
14836
3747
10747
16929
7306
3608
7056
3492
3128
4020
3196
6530
5159
3551
6288
13790
6430
3291
4930
13546
12043
5491
4164
1467
11180
7578
9081
2785
12879
4174
6259
15818
4206
7301
10723
5592
2038
7871
4653
8044
2498
7584
964
8730
3496
2826
17669
7334
14542
2025
7590
4971
1819
18496
6443
6670
22030
16006
10370
3249
21837
15006
7149
7213
10283
5317
3935
16382
10698
4860
8909
4534
5123
20398
1855
3882
10321
2272
3592
4659
10449
3838
6968
1591
9352
5967
13440
3428
6207
9470
5024
4608
3365
3255
6892
7598
1765
4823
9643
5721
7075
6066
6766
7829
11405
3244
6364
3354
3693
6262
3419
4032
3515
4868
9617
1511
13819
10647
2067
14125
9601
1288
16601
11335
2506
9547
6994
10323
2984
10047
1886
19027
2415
1661
4161
15943
24108
2242
13304
5051
19997
1454
4442
14821
10108
15263
8931
14289
13586
5948
6473
947
2334
3321
6630
7852
5611
3203
3506
8551
8040
10031
2285
8572
8009
12389
2535
4469
5603
24092
4029
21769
5191
6778
3520
8045
9125
1233
10640
13232
22960
9540
3471
9059
5141
6828
3170
5776
10308
1766
2851
30255
17756
3552
3939
5380
21064
4691
4095
2642
10684
7624
9510
13146
4914
15788
5029
5072
4161
2429
10318
2558
5659
8162
3160
5884
896
4834
27749
1600
5624
5407
11285
10722
4079
3709
1289
9705
14055
2922
4648
13793
2950
6385
5795
21691
4999
11921
3822
4371
2897
6278
8774
8232
8027
10380
8375
2302
1815
10243
10965
4331
5102
3883
29049
8482
12496
5088
11815
6329
4591
9734
13628
7138
3859
6247
17748
11594
3265
6137
3321
1052
2792
8544
29400
20262
6349
12427
16308
11665
2819
7007
10687
4159
42448
3070
2998
3309
4059
2168
17493
19147
11992
8346
16983
7708
6748
25854
6933
2797
5565
1524
5678
2935
12945
36163
20931
4128
2488
10808
7735
2436
15270
2648
3285
7114
8586
8202
9845
4537
7460
20301
3028
9298
7417
3521
10008
10429
8571
7572
7028
2225
15752
2889
11952
5778
2859
11676
2605
1038
4455
3043
7747
6645
4537
16765
5573
8001
5377
5524
5319
3787
7346
2018
27556
8330
4455
1866
5037
9458
1712
2004
7780
3105
19608
15963
10260
6153
3260
1357
8216
11295
5376
6301
9586
11740
9107
5769
10054
8170
15647
4193
4577
5264
4187
8608
1997
12451
3009
1320
8167
1540
4967
11509
44973
3789
8305
7098
5049
11940
6658
2243
6448
1559
4746
6355
2965
2364
4252
4492
4153
5828
2672
1315
6330
10309
3127
6593
4555
15794
8272
9563
6640
6403
5971
10386
5361
14587
15889
1808
4984
3208
5508
7628
2356
10341
8329
5974
5277
12315
5591
6845
4749
22083
6783
6162
6705
2219
20650
3418
9975
6420
3514
18409
9592
4404
8069
6273
3690
7169
17242
11022
2159
24890
9700
5094
4045
7848
10280
18187
18993
3560
3247
6841
10922
2444
5287
5805
7777
7560
5535
4048
3752
12064
3864
3839
10788
7672
8481
5645
4645
12028
10380
4992
41543
4051
2522
11796
1846
2961
30145
7955
10709
5532
2978
2368
2812
18239
33848
4067
2340
2851
2670
10348
1283
1269
21905
10063
4281
5516
1728
4161
9815
25797
7422
4718
9489
6362
6591
2021
3536
24117
5423
3179
5327
16160
2966
4932
7074
8233
19063
6454
1201
10205
4725
4430
12134
3486
14958
6386
7354
25216
6049
5634
1937
2478
9518
6133
17539
2093
7223
4627
7737
14266
8730
10009
1634
3502
5944
3670
17790
4635
11975
25951
1939
2376
7860
3606
4571
7118
3806
5552
2452
2761
8408
8996
11175
19748
7243
5409
1594
4528
3383
9037
3300
4678
14168
15556
1636
16059
2258
2918
1704
4336
2125
5266
11224
5422
31151
15163
7793
7325
8334
2788
16963
5576
15000
6601
28660
3279
4421
12189
12035
15283
5710
1760
3363
9790
5432
4438
7450
4686
24480
5775
8438
4434
1415
4666
6893
6871
4961
4104
5215
10107
2214
2432
7429
5539
12940
12141
4020
12790
31744
10991
13550
5352
8134
8757
10874
4254
11596
7330
13754
31507
3037
9690
4724
5920
6502
22971
3108
9496
9234
9523
5735
6557
5425
3170
23470
2651
7133
14452
8636
3627
34116
3842
1681
3387
1995
8331
10495
4228
4315
3850
1850
22253
684
3838
4237
3418
16955
13592
3409
8777
3293
2640
43696
3286
4322
8353
2494
2633
4467
20943
6792
13424
4243
8093
7743
7193
5156
7732
39881
24910
5992
5043
13577
8033
5631
9813
4324
15166
33793
5878
11286
23272
4365
21395
4871
2618
14934
2555
7684
3838
6902
10390
3818
6191
3986
3659
2904
7042
13593
10331
7069
6920
24778
11189
6295
2156
2524
5846
7153
4005
3081
26565
26157
9699
4223
5949
4459
9897
46366
3144
7861
11989
25956
24402
7173
4804
2933
26678
17583
14831
5131
8022
16089
10015
7563
5090
5322
1326
7605
2583
8962
6006
3331
2388
10147
5574
5376
18654
3442
3107
10318
11289
9856
9578
8711
5900
6221
6649
7935
13070
10991
4032
12380
9336
10067
15756
7999
2770
5502
6278
1684
2044
9555
2825
18768
5923
2702
6593
4700
7136
28668
13835
16679
9699
3641
12459
5273
15881
9838
9885
9658
1788
12298
4195
7118
3929
13684
3300
5175
8613
5852
5512
5378
13872
3494
2016
1456
2881
5020
4194
3296
8650
1627
4929
5976
2468
14134
10718
7436
8130
4856
2862
2597
3339
9533
6877
4561
22012
5203
4519
9671
3425
10457
4829
5329
3204
3228
7980
5918
7994
2782
4060
1793
17282
7158
4059
9191
13229
2966
3285
21039
4261
1971
28649
14969
14626
4364
10360
20302
7880
4387
7778
3587
4984
16173
2762
2636
3267
4405
13291
1704
26749
12427
2604
2209
7296
4960
2627
6233
17834
7500
13017
7418
8340
2071
15006
13166
3179
4292
7774
20515
2666
12848
3737
15292
5524
8444
12163
11815
3552
9637
40343
2303
2994
1814
11848
12599
6831
4689
2915
3451
8205
2340
7335
24050
15294
8262
3262
9697
7435
2979
14663
4122
7405
17173
4637
10021
10658
7503
1873
2964
4039
1887
1904
8288
3553
6659
16725
20218
3553
7244
9208
6464
6153
8157
2850
17440
3503
4352
6930
10613
2097
2293
1215
2410
4578
13690
8707
9245
3444
2195
8621
2660
4520
10498
4383
3202
5168
6552
8918
11822
3456
7688
3129
1945
5566
28902
7151
2389
4153
8413
6319
4767
2818
5125
14562
4390
4432
4613
27469
14598
2455
3718
3505
5932
6828
7881
12584
4567
1478
3813
3870
5216
2014
2736
10619
4103
14828
3333
3203
24718
4446
2537
6242
4082
12719
6683
3737
3318
1512
1820
4933
6911
7221
19654
5726
1978
18081
6263
8890
12427
7940
15949
9707
7635
8495
19909
5224
8579
3879
8118
4348
11920
7481
2281
5419
2023
8903
3231
4251
5250
4035
10196
10757
13198
5957
3182
3959
3626
4190
8259
6463
3804
3458
13705
3820
6766
4893
10395
2919
10408
8808
1936
14125
6766
14700
11163
8525
1941
4994
7615
3314
8497
26615
4406
14491
19845
3395
23729
18616
2792
5088
12014
1585
9807
5449
1218
2220
5284
6275
14801
6873
2021
6976
4149
10178
7032
5632
1993
9236
16567
3213
6691
3158
9384
5071
6447
4437
4810
8984
5469
11913
2474
8556
4725
6438
2717
5080
15256
3371
5671
3820
3986
1968
9200
3966
3542
5398
4222
4225
5491
3461
1471
10489
18501
11083
5368
15875
6324
8262
1072
6731
9261
5544
2586
4206
2134
3474
4313
8802
950
3511
5720
7222
2819
14564
19410
8396
2062
5158
6978
6567
1547
25266
9503
9965
14022
2562
4905
1538
15081
14804
2285
3851
4058
7159
8510
3178
3832
7795
10617
14383
11253
4634
3572
9857
4034
10541
3441
10808
13416
7970
7633
1756
1937
18674
3639
4262
10420
9657
3325
10142
4768
2904
16175
6229
6776
14837
5578
21892
8220
26836
6920
1974
3605
21284
9727
13213
5160
10248
15202
10180
1787
1734
3438
32598
3174
9190
3174
6033
1867
7452
21246
6228
8345
7660
31493
3419
3996
2624
2339
7330
4202
7153
14364
5915
4089
3237
12267
4921
2429
4419
13670
3995
8606
7887
8749
4381
28951
4150
13858
2161
7593
18871
1971
17248
4592
1947
13988
4005
2855
7884
20995
11410
25846
26689
8233
9377
4654
5857
4714
6738
3162
10050
9889
2990
5181
6232
7430
32215
4633
4114
4968
7646
4959
5826
3987
6097
8364
4758
7026
7886
12499
7480
6619
8389
7500
3341
2584
3504
4208
2816
13777
13805
11966
1426
4165
18463
19293
2829
18999
14781
6640
4598
5852
6409
10850
14732
5582
10797
11456
2752
4603
2520
10293
6956
1916
4762
3132
4260
2773
5114
3893
14412
10390
2923
2375
13477
2779
10403
7198
8895
15685
3594
5079
7687
4433
11782
10051
11994
9119
16075
19443
3756
3771
8982
5975
4195
4655
3189
14961
11528
2866
3223
6246
4405
2590
7037
7190
26534
3072
19284
8086
10667
6224
4688
5449
4710
6963
11026
5102
5067
11788
9980
3514
8470
18425
11508
11023
7331
9040
7349
5534
5177
7663
17956
3446
4802
9387
10426
2506
5437
3178
3264
7686
2428
45788
19418
6325
4261
10331
6079
4755
10570
6965
9044
4600
9344
15395
3183
5621
2747
3353
15692
14665
6168
5054
3532
14792
27396
10603
10702
5325
17439
5961
4722
10130
10069
7373
22764
2921
12327
9537
6214
6173
6322
4316
2346
4304
6572
4431
8982
2683
2061
4892
2044
9320
2543
4012
6231
3586
9307
4308
17534
8080
20277
1886
15263
5172
15134
5139
14339
1874
4669
13140
3823
7908
14917
2966
33456
3864
5765
8069
10682
3762
1175
2955
3372
3807
3532
8419
7190
18157
1344
3381
5814
2914
9576
11884
1599
6000
1962
3607
5742
5335
7108
4297
4088
2332
13096
7314
5182
4323
4477
6678
3695
11887
5127
13737
12350
16646
11626
4856
10663
4816
8439
8977
9449
4896
11314
13248
6773
5316
9690
7685
3702
8413
5926
4872
9427
17076
5354
4379
2642
8115
6521
10984
15944
4295
15298
2027
6268
5496
3870
8214
2423
5456
11664
3694
12201
4353
13786
3246
10198
8860
4231
17144
3692
6576
17388
15683
1709
9030
9083
6069
27591
4327
3728
3796
2147
5972
7513
1342
3471
5903
2319
13550
3251
4201
12506
4170
15247
3450
2891
3998
2509
11103
931
3917
9555
4695
5029
3094
7511
3100
2292
26331
4986
4129
6583
1754
19622
6817
2193
6212
8092
3402
5347
3780
8479
6292
13392
6389
4998
3033
19749
8190
2929
3955
5154
13069
2991
8823
9326
4164
9306
1410
10719
4204
5632
2862
4357
2958
10005
1752
3551
21548
16005
2885
6004
4617
3202
3995
2700
4493
5287
6595
6885
14202
8914
6079
1721
3789
20029
4730
6807
5959
1957
12198
2873
7491
7137
2422
6660
6940
1394
7403
6289
3306
7468
3641
2153
11067
3385
2118
3858
10478
11085
22108
12144
1699
3580
11457
2808
22562
2260
4751
1942
5146
1025
2010
2340
11246
1619
11124
5068
13647
1989
1418
7267
8179
10200
13309
2963
9391
4143
2176
15829
1885
1344
5688
30714
6770
3511
2813
8828
3798
8290
9967
7735
3273
2344
3611
15978
8436
11850
2853
7737
7250
6625
5334
5680
4024
1520
15846
4613
9035
9519
2363
5240
1744
5915
3824
4990
9038
5268
7334
4015
3242
7272
4303
6736
16044
9629
7420
3592
1053
11401
11050
1367
7610
9051
4610
11195
8260
20015
7097
2439
11798
10313
6579
2814
7885
1409
12867
11343
7726
7959
3774
2893
3354
7833
33732
2831
16735
9164
4118
8814
6426
30410
5254
6030
3092
5466
31861
8018
4653
11052
6325
3178
2285
5807
3359
5839
6458
1777
11760
3870
4500
7123
5499
19246
4019
2088
5887
9184
3334
5899
1097
3907
1000
6311
4467
2038
19550
7263
7669
11679
19180
20377
16015
4207
2982
13711
7755
2776
5941
4827
3736
9544
9839
8129
17118
5384
18752
15943
7429
12003
4625
6920
11553
13232
14694
3675
8116
6877
18431
9019
4310
5762
6524
5531
5701
15237
4357
4378
9455
3644
5272
2946
7957
5823
1622
11197
10938
6874
12541
8184
5282
3117
12965
5449
5710
8474
4587
1133
1810
22800
10498
6690
3476
7384
41126
2186
12564
3999
10026
2043
1553
8806
32901
3498
6567
4653
5996
15135
6183
8588
18539
8153
3759
6507
19042
9921
4177
7248
25537
6544
2185
11022
35208
4432
3409
4388
12772
6327
3372
3433
9088
3751
8548
3990
3667
10395
5965
26684
3563
8291
7954
11161
3754
7197
4679
3229
8424
1799
5275
5056
2592
3308
10763
3702
2780
7896
9860
8057
16448
7575
1465
5181
5922
6504
7020
2255
3065
4693
2784
17915
3972
7070
5437
17116
7234
11340
4555
15355
8026
2983
12649
6593
5286
5423
16707
5544
4495
1106
4901
3670
3858
3619
4999
23023
13153
13260
8344
1905
23123
12193
2437
17462
3824
10949
11374
5590
7475
5661
7703
8934
3311
5827
12274
3931
1643
4313
2945
17724
6195
19336
8955
26947
2333
4157
8077
19103
9264
14098
4959
12040
3675
2956
3040
11838
7317
3284
16971
19961
17685
20110
6677
22382
2228
10083
4471
1192
4506
6652
2828
6968
4074
12614
2059
17042
1366
1219
11780
2802
10397
3449
4486
7954
4576
7577
5084
2032
2381
7435
3064
6615
6447
7779
16820
2656
3538
13866
5411
5691
12626
14015
9541
7738
5463
8248
5887
6171
5973
7093
7225
19917
4006
13591
5194
8933
1852
5443
9908
2755
3924
8083
7077
8192
4887
13752
4101
6612
2803
6087
2595
2822
2624
7504
3637
9205
16065
7372
10228
9290
2485
9370
6189
4826
4276
5554
15767
16604
8121
5805
19390
11769
10202
21466
4230
2195
2215
16769
5168
2249
15563
2208
5845
8466
4659
2368
4386
16864
16678
12444
8058
7035
7073
1361
8497
5049
1711
7535
9126
2765
14907
13147
11280
11021
9104
11519
7348
1788
6838
4722
27601
6554
5460
8383
5025
8003
1517
3381
7880
4323
9494
2457
3378
3327
14106
3029
2470
2864
2263
2177
6051
7243
12880
5236
3406
4109
11023
5841
3306
8579
17132
11087
3207
3261
8697
2510
2527
5394
9061
3580
2789
7049
2840
5595
6190
8571
5491
15387
10798
10944
4517
7585
4728
3869
9694
10891
4661
22064
11785
14376
3101
7122
2553
4104
770
12116
1515
3048
12248
882
4952
2701
16602
6965
11765
3709
1841
5277
17054
4698
24548
4183
4992
3116
3608
2567
19397
6488
1782
10431
3169
4046
2858
13586
4112
10429
10904
3504
2297
2044
2299
4785
5113
5542
6351
7033
17506
3081
5535
15122
9565
2685
6740
6044
12561
1605
4541
11289
7993
2793
5422
16383
35015
23098
3233
11074
3883
9015
3743
2248
12855
5466
3820
3205
13205
3526
3191
4294
19173
3965
28531
3456
7747
3331
6317
5367
3583
2454
4773
15157
4150
8205
24823
7355
2079
10676
2153
2767
33322
8626
5910
10161
3539
10760
5862
15102
5622
3761
14690
6598
2431
5271
7996
2710
10132
8125
3489
10760
20590
9863
9575
6465
3993
6626
5613
3676
11256
4954
1016
9949
3859
2964
10238
5153
5590
8767
7382
9881
3801
6045
2336
1012
6673
28842
5966
5885
20462
3047
4138
3515
3614
3596
10413
17411
4179
7917
27133
6947
5565
4117
10083
2245
2012
4853
5516
5726
7607
7184
5881
5002
5236
4415
12471
7878
21096
19126
11799
1858
3770
5383
3940
9972
7456
2317
10162
2726
16166
7933
12370
12251
11950
3158
7180
9618
10761
16328
10453
5834
9734
11469
4947
5578
3518
10611
2764
2790
3235
1512
4408
3477
2650
8952
8530
9441
14525
2002
19220
13404
3180
4982
1449
5753
9130
8761
10129
11285
23221
8352
8828
1894
1894
2313
5833
5138
18913
6803
24373
4042
16635
2323
8260
3352
6369
13967
5377
13214
8524
36824
13422
3596
2673
3336
6749
2528
11367
4283
6930
12970
7435
7625
3207
8688
2966
5673
7172
17074
2598
9067
3951
18940
2977
4054
7488
7924
23004
5450
5875
7626
3357
9613
4592
2131
6483
10077
20424
22706
12296
1107
11002
14044
7048
5157
1763
