2446
8776
4871
18534
8096
7038
4754
12847
3682
9400
17998
2717
2131
6840
8710
8454
2320
3837
9142
7256
6019
2838
3204
3271
3690
4770
4575
7899
3278
1752
19053
7151
20169
2216
1802
3861
14069
2140
10242
19288
6287
11540
5397
8415
10242
8907
3383
11388
12680
9794
4338
6354
10952
8981
5578
3856
6117
5209
11248
1563
4152
8788
5799
6540
4713
10552
1503
7964
22497
11865
13832
7054
8618
1408
3443
6786
4829
7490
2907
9556
11032
2106
13210
12453
10571
7660
2930
4748
2117
6215
16610
5321
21392
4014
1997
8888
7124
11858
11889
3523
6263
3726
4015
7026
2168
5883
9260
7057
6467
6479
5951
5269
4937
14548
2809
3457
1944
1625
5892
6143
9527
10737
2780
4306
5076
3577
5249
13294
2560
4632
5313
2699
2701
3026
10217
7716
2212
7858
11431
12067
3298
1863
6174
4713
2920
26787
8120
1577
3834
7119
3530
1983
17810
7601
7966
10318
27074
4703
6771
1783
19066
5376
7092
2535
11466
12123
4781
2470
3321
11781
22785
1757
5366
4272
5880
10509
24119
10864
4319
13481
11025
4924
5214
9480
16027
6488
3908
3326
3012
3679
24485
20759
4997
5487
4991
4936
16495
3518
8569
6228
4058
19683
3330
19165
13180
1893
1828
5558
4880
8958
7081
2681
9403
4758
13059
4335
11236
3890
6207
8835
5683
4062
3092
1785
5900
8374
21253
1135
8970
7224
4860
9826
4177
10476
2478
2254
3806
3862
3271
20301
3745
3385
4553
4224
2180
3865
4758
6866
6169
7261
18119
17339
2093
4078
7867
15138
32922
5275
2285
2407
4352
5732
1755
1881
5239
5875
3389
3283
4020
8846
3294
4549
11552
2884
6964
1488
14564
3385
3048
2674
2346
2429
4722
4607
1406
4572
17133
8701
8502
11630
8823
11437
17871
9323
3833
13569
4742
5903
4141
10910
13147
6257
10815
12883
18044
3835
9674
2998
3302
1064
2883
5381
11981
3211
11479
7389
4771
2457
4421
6367
5731
7373
3094
6010
9248
4092
13532
15542
9567
2890
16205
2187
3449
2071
2193
7510
3937
16286
1964
24470
16239
5622
10933
3671
7523
13081
5351
11441
10673
20109
34365
3955
6807
10122
4127
3900
4235
7068
7296
9784
2730
19311
2724
5608
3958
1603
3420
16511
7726
12814
6353
5386
3903
10533
2147
7491
5652
4500
10388
2994
3696
4901
4109
6717
3287
8293
8767
12758
2269
6069
6127
18530
6326
10255
6882
8262
2130
2882
13179
1171
5475
11079
4374
1819
5987
2239
13535
4475
6983
4267
12881
7157
1561
6908
14932
11358
6784
9578
4015
2619
2695
8655
4940
12991
2715
12112
7193
3221
8322
1987
14482
3407
4245
3156
3294
9996
12964
12099
3394
1587
8891
3966
2687
5045
6958
8273
6916
18943
14252
7134
2161
3060
7602
5993
27006
1907
1712
3061
5350
6284
13433
5746
2936
17363
4819
1589
4657
9487
3483
8010
5872
3166
7965
5414
7653
1609
3842
2450
11764
13591
9863
12023
10034
19236
7818
14478
7445
6322
21074
3128
3186
1717
739
4015
935
1047
9126
9958
8763
7502
7725
13743
11246
4611
2172
5902
19245
10627
8320
8927
2560
11844
12631
2731
17865
6535
4259
7083
4235
10926
11288
3265
8974
2226
3584
8359
8863
26985
11300
8951
10220
9518
7393
2547
9538
7015
1761
8162
9182
6540
3677
6412
1852
15002
19493
13151
8509
1558
31324
3198
3473
3521
5769
3239
20951
9410
17009
4730
15969
9924
6008
11758
6411
8027
8121
10565
6870
8796
2987
3393
12951
8953
2502
7777
18052
11900
5854
10111
13948
8309
25294
7858
6420
5241
2844
3297
5190
3929
14233
10233
2154
13447
5409
5559
6019
9304
6569
2362
6919
4065
4814
6595
9308
6673
10790
5076
5170
9769
13240
4138
13360
4894
7564
3113
8726
7308
20554
9277
27896
5570
10924
3946
10474
8169
4611
14762
7141
9008
6738
3204
1616
7626
2799
6162
11287
3921
14797
4974
5935
6019
1765
3293
3675
7335
2270
17277
1842
8221
4970
7806
9400
5151
20300
5808
4253
10584
2326
16880
5392
4000
3265
4337
16036
3471
3931
10196
7003
5284
1800
7130
7877
4702
2053
4782
10068
3467
4028
3330
3615
12223
10705
4307
3833
7158
10227
4799
4222
9384
8129
16417
4733
14814
13616
5807
3057
11119
14163
17446
6100
20467
1010
5373
11195
3081
6882
4011
7393
5268
4241
18131
11259
7142
3647
4820
10894
29345
7464
4055
4021
7029
8825
6000
9501
5167
6505
3478
4295
5847
16194
2518
23340
3151
17999
2162
7619
20832
3892
16569
12438
11048
4384
5148
4646
3721
12602
1889
8310
21601
3867
7938
11896
8205
13668
3436
4640
3547
19844
6920
17594
6912
14574
7247
7102
6696
7696
11774
4568
6190
1368
8356
3528
6428
1978
2599
13369
3830
12325
26840
3509
18603
4690
3044
6736
1709
1374
24429
3944
10797
10585
14985
4668
6264
7906
5178
3408
14665
15316
4385
4328
6563
1933
3632
826
7985
9638
1806
10361
14287
5480
3518
1510
3323
7294
3396
6601
19845
4212
5675
7139
3023
6989
5562
2935
5100
9286
3880
8989
3980
14900
2715
8999
3980
2133
10982
19529
4365
18764
25056
7861
6512
8895
4532
10521
6497
12315
10583
7718
1968
7104
10039
7782
7065
4344
4624
8567
4333
2060
5961
2882
5328
5322
3213
1648
1270
2307
11365
5402
6067
2348
2537
7958
2823
8855
4833
3383
3243
4667
2818
7426
8296
5799
8945
5748
1426
3398
8629
9515
3932
2549
9116
2622
22339
2989
5091
5712
13070
6392
5160
4245
1895
5059
2974
8185
2383
4183
2278
2185
2397
2525
3038
2181
13514
3251
1159
13278
6824
10492
8032
7518
6081
11772
3682
6887
8592
10588
15000
4377
9332
12472
2534
15529
1575
6540
30957
3576
10104
7109
7721
4967
20754
9088
6525
6086
3863
9367
9740
5219
7909
9729
2031
6043
2419
4205
2433
4764
3869
4682
11865
9591
12678
1991
6853
5481
3591
20245
1712
5664
5472
13485
6774
5210
4257
11577
2003
4628
12801
3042
7156
7546
7312
10752
6547
3982
4187
11560
1614
13895
24184
14468
3731
16160
4584
5013
1324
14548
2162
5402
4691
2186
5986
18845
1620
1999
5421
5476
5157
7110
4121
7524
5744
5604
9552
11693
9280
2137
8322
2911
1915
24574
5349
4611
7161
18812
4758
9302
3108
16445
39781
6076
1269
7191
7885
15130
5919
2086
11941
11696
8762
3100
1731
13810
2833
7403
6970
11159
13806
21757
8053
11320
14651
10454
4295
17869
17770
4656
4494
19736
5971
19444
3360
3320
3553
5454
12736
5288
3404
35312
15985
9176
3784
2277
3485
5241
5041
3268
18813
3405
9385
2369
26479
6593
11538
12292
5438
22485
3985
1021
5537
23180
9062
7617
14754
4838
6394
5460
8892
2188
9129
6743
2821
3179
17901
7391
3102
15882
2333
5018
5934
4823
8391
2288
2376
4104
4781
9326
1970
19087
4922
5850
3338
5715
4091
10038
7351
8755
7363
6808
2296
6546
4914
6153
4767
5474
9009
19045
2337
7909
7059
2878
9130
19307
5461
13724
5069
3552
5553
10423
5193
8943
9730
5440
4113
2986
3552
2717
4919
17104
17256
3498
16187
4836
9209
13909
5144
25635
9404
4105
4487
5471
11087
6656
11167
2765
9051
18149
6718
4137
4747
6035
7102
9453
34082
3696
10575
5181
6052
7171
3360
5925
3174
9252
11757
13322
13065
6077
1160
9375
3487
7753
4846
12881
1495
1736
9453
8997
5818
10687
4377
5604
9323
10590
8594
19013
4195
5915
3978
9550
806
6775
5428
6778
10767
2138
4262
2354
2914
5125
5397
6859
16717
3300
10152
6624
9962
5924
6777
5439
9635
11091
5518
5945
5182
10847
5003
3372
13412
4859
12704
3321
9569
2792
2937
14207
12780
4750
4176
6872
2568
14043
24456
7720
3268
7886
20326
4764
29014
2748
5253
4485
7551
8263
8279
4115
5179
3779
10244
8122
2915
9648
11284
16878
4935
8931
13537
9099
4273
17629
5804
27947
3575
8440
16090
15574
7984
19030
4517
2329
1962
10310
12279
5525
5705
12872
7566
16143
4406
5170
10017
15286
7549
8348
4070
2939
2976
3087
1465
18260
2722
7301
6893
2335
1379
10827
19945
6126
4802
14356
3335
22765
4409
8308
9923
2829
1507
11319
2423
3328
12843
3406
5277
24219
7874
3008
3531
1869
8459
4794
8512
28410
4504
8928
4130
2999
7081
5371
13692
7271
6552
7682
3566
3640
12849
4119
5392
4614
8150
2378
15313
12082
5630
5947
6812
2271
3120
5772
6027
13636
4202
23119
4510
36410
8491
3138
11621
14039
31525
7744
10288
18772
11037
8560
4422
3640
3984
6152
984
3652
6350
8472
19779
9864
7505
1165
16414
6836
6479
5703
4404
4503
9264
16627
15756
16931
2033
16522
3261
8013
15090
6952
5230
6365
4825
1098
19854
22931
5202
6231
1493
5507
7742
8957
2227
3041
7677
13922
3639
5220
5801
5908
5053
14646
20030
4337
16237
10255
8257
4185
5224
1310
1619
5920
2210
25968
5436
3772
6076
1743
5778
17881
9292
9883
1978
6626
7375
3329
21340
11453
1576
5527
4549
3219
2649
2172
4284
16214
5358
3115
15260
9873
7176
5751
13422
5778
9391
4731
2408
3462
2299
4671
11560
1762
7709
12077
3615
1625
10726
4848
8512
9845
3544
10334
3685
13260
4221
1147
3866
10968
9707
11134
6515
6092
27988
7834
4937
30293
7982
10153
13821
6347
20699
6276
5014
23552
5171
7417
3804
4221
10799
1850
3862
1744
6877
8288
11728
10528
4536
8427
10517
3478
18983
1602
2124
12178
2526
29567
13658
6040
5014
6272
2387
6702
12180
3518
9851
25359
4743
4699
5574
8650
2258
9262
14457
11935
4222
12995
4997
16671
10620
30777
4687
1967
1722
8246
4369
2475
3746
7282
4599
5397
15005
1534
2857
8401
2933
22059
8413
13643
20978
10233
12065
5106
11497
3697
2973
3747
5867
12448
6217
9978
19393
10307
4040
4991
10797
3563
3296
4790
5345
8493
2112
2998
10174
9877
4380
6438
21729
3640
8792
10147
4729
2434
3016
4216
5690
4269
4349
3118
3030
6303
2763
6836
10553
13681
5062
15581
16903
6892
17212
4122
14986
5235
3481
8172
5021
2597
4972
8524
1358
2514
7488
4175
11519
5500
5508
926
6552
17404
6068
6261
7306
2027
8237
5574
2451
7624
5051
7394
15452
1668
7439
17664
7376
1649
29578
11021
5547
28721
6124
1511
3851
4774
3718
24713
5449
5937
3246
2389
2990
3156
6641
2351
2518
3577
8883
6314
3584
19767
4528
3721
8945
18035
2556
11106
2202
2771
11343
13430
13944
12544
7217
1943
5271
1838
4225
5408
5707
1932
2430
4831
1973
6891
6560
9150
4634
6984
15057
14314
33254
7133
7226
23815
2971
4999
1995
24045
3769
2783
13129
6636
3387
30407
25773
4782
13032
18092
7980
2607
10792
12115
8868
4711
1921
5317
4618
21342
5774
1455
9424
22638
8692
4624
11925
8538
2913
1580
7119
7283
8085
5735
12813
6885
17109
2077
20055
2996
10188
7462
20287
4891
4120
15855
2631
2720
8667
8776
2021
13602
10049
22724
7367
9490
10300
9444
3334
1397
8245
4045
5807
5955
7824
5051
2609
5176
11836
3261
4264
4175
3880
2374
9040
2506
19787
10095
10237
13332
2177
21602
4197
5905
13831
4366
9734
9557
8532
3159
33921
4567
2967
2452
7736
11361
18131
5347
12680
9846
3457
6016
10478
11105
6650
9958
6632
5309
2337
7378
9854
3246
12870
7984
1425
10184
13044
7418
9109
2949
2422
4212
2247
3713
11855
7649
5239
14399
3738
7348
8652
7231
4305
14621
2937
4901
10623
9950
2435
6835
8095
3439
3430
15306
7250
6610
7835
12992
3023
21183
17694
16659
9211
2055
13667
12505
6785
5978
6997
4286
8713
6753
4271
13152
8186
3585
2521
15724
5670
3624
9060
4716
3552
4991
11821
4489
17408
6703
3010
10853
17493
5391
39153
2587
3586
2130
1660
8884
2951
9985
5932
6350
4691
5142
7835
5258
3801
13386
38571
24884
8062
2243
3043
4590
2287
2518
2570
5319
1988
4706
6625
5083
7455
11912
4403
8460
3047
5868
10297
7832
2679
7585
7615
6560
10521
10143
12213
8742
8854
4495
6091
10922
10443
18173
46125
3947
13642
4892
4807
16395
1653
6518
11134
4687
16086
17119
4599
1920
3562
4483
8242
13711
12463
2773
7977
12327
2772
34803
23395
7023
7872
2146
3719
4559
3015
4830
5369
6585
10648
11744
5966
2634
7219
6909
6019
4111
8140
21950
3764
7144
4697
4719
7411
7411
8250
2784
5041
3374
17243
3021
6172
3917
3327
6236
3066
27182
6921
8427
4166
11578
7640
4431
1906
2314
16957
5922
11166
2492
5392
7608
2193
1950
6624
6132
3213
12997
9466
15476
3018
10061
2365
2527
2874
29846
5905
5710
10387
13954
25312
12542
10737
4882
6698
10831
1218
3909
3635
16083
6478
10389
9135
6888
6002
6850
30276
28221
4977
1863
13294
4621
16806
2773
9593
6318
23790
2289
17786
8475
5875
2817
16391
4664
7982
2853
5234
2151
2169
10839
8065
7460
3287
4713
6505
3246
11717
6176
19007
4763
1542
5423
5201
6098
11934
8935
3572
10045
4110
9511
5728
5824
8178
5711
5982
1545
7931
9354
2995
5921
4369
6177
2247
22787
4188
8417
4560
9385
8987
6687
4288
10551
8402
8490
15633
3047
5862
4062
5617
4785
6076
11136
2547
15495
10850
3933
10938
11932
14783
12659
2452
2740
12864
5255
10171
5832
5198
3367
2058
10796
8065
5819
4433
10849
6002
8223
5705
5010
6775
8419
4693
7071
22945
21598
2987
9994
12009
3659
3212
2985
7733
2103
24674
32316
7269
9191
10584
16532
3145
4771
9370
4319
4689
16005
5249
1980
2639
6342
7486
4871
10475
5942
2347
21952
19346
3156
18306
7533
8527
5519
28655
12711
8153
2905
3315
6315
4167
6184
9246
2017
25536
2671
2785
3780
5208
8022
12809
6052
2668
8835
4829
3066
2687
2315
12725
3832
10922
12351
7376
10116
3194
11874
6579
8807
10494
12046
4881
4940
9037
13579
8029
6923
13691
14694
16799
7706
2998
2374
2591
13920
14578
13126
7278
2020
5525
1740
16152
13448
1929
1532
1312
10401
7969
3913
7791
5444
1577
8138
3368
4036
7843
6728
2204
7426
2983
19933
14470
1492
4858
11699
2922
2956
2879
3688
8308
8992
8470
12428
4918
4076
3216
4505
8761
2172
4339
1915
3928
22522
1627
4514
3601
5784
6086
6925
5964
18100
4960
6166
2507
5218
5133
6193
4473
8104
36472
3780
4514
7565
1427
2144
7414
10597
5538
16384
8417
10787
3188
14790
2758
8049
8029
14749
8875
2501
6634
13546
21776
1081
18161
1836
7544
4521
4996
6503
15922
2112
5748
1469
3454
4632
5603
3609
37859
6875
9866
2600
3807
11802
2469
3094
3875
7397
9086
7633
7345
4021
12801
8554
7847
20483
8566
4930
4073
7509
11543
3733
3096
14719
18401
14770
16011
13061
3996
12655
2628
4832
5731
8183
4909
1067
4160
5424
2324
7669
5551
3155
1857
13619
6384
5477
13642
3573
10083
15578
4363
19604
3950
4142
7563
11252
5361
2217
5303
15275
5501
13820
3737
4421
6497
12390
12308
4266
3943
5296
13159
3127
918
8174
4700
11008
4583
2718
17190
19942
11918
6493
7525
10318
5443
4673
3329
5784
17359
6533
11424
5784
3391
3958
3054
6868
6315
7921
1025
4753
24073
7733
9820
13951
9952
5784
1821
14432
1915
6290
1897
5402
8974
17733
4929
8303
3412
7495
17635
20682
12010
12712
10574
11367
23076
3932
2291
17526
7094
2912
2076
4895
7787
7752
3259
10098
1382
6905
4031
4669
5772
11830
1445
9775
8506
6362
15372
1338
4963
10282
19834
11354
8789
10403
26153
18525
7731
18279
15097
10312
12806
10613
6963
3121
8675
4980
3427
4021
2227
1895
7629
10193
5708
8690
5868
7671
13248
3897
2271
7481
4886
11094
1354
22987
7406
2458
7099
10713
4991
1713
19486
11263
6847
6879
5207
2849
7659
5571
18753
3866
5376
8981
5248
12798
8534
9076
4134
10588
1674
9830
3962
12317
5510
4138
9849
8612
8936
2418
7779
6588
14030
1540
10926
15381
12820
13021
7948
4630
3675
9379
5031
1956
10857
6450
11497
6335
8307
2230
10507
4027
3201
5771
39830
7663
2780
5314
6350
7473
19875
11616
3260
4976
11614
21317
4389
9896
12529
2536
1324
4313
7424
3149
4117
3259
8870
3855
2780
6445
4676
3528
8485
3190
1601
23645
13133
7695
11344
3054
4150
4117
30221
4750
14943
2049
3790
2429
12049
9295
30506
19131
3855
5968
6153
8680
4643
9920
2070
6018
16855
7775
11471
6464
12933
11882
5235
5236
5680
9838
3185
3196
8402
3175
10212
5190
13883
9034
2578
3747
4939
2670
7574
8429
22923
11010
4471
3551
7856
16403
1902
10743
8233
13410
8234
1204
8140
2414
7124
2587
12188
11373
7048
10609
5094
4672
7340
3216
2390
1332
5570
2568
6954
7500
4443
7011
15353
10278
3586
2724
4906
9639
1614
18967
12822
14764
21220
20191
14399
5747
4356
2295
5161
1528
5277
1472
5748
1645
2844
4502
3850
3300
5914
7124
13292
2181
4822
22570
7879
6909
4057
4028
6576
9709
6480
11203
7407
13072
8005
5578
4170
8429
5011
1247
11261
1384
3047
13263
3779
29323
2886
9858
2059
17926
11470
13526
7412
2940
11730
9023
14825
8266
5969
3683
5281
3361
7943
7785
3618
3217
2362
7229
2828
3082
13035
8047
12591
10708
13746
4542
6215
3418
3019
6310
7491
10876
4064
13745
2236
16003
2802
22848
5145
9071
4314
8739
4777
5550
16888
21499
4070
3858
6319
16764
3638
4937
15262
2751
3668
2052
5321
5380
2788
12543
9193
12668
1647
3803
2055
4048
5651
5411
1564
13893
4099
8438
8174
7252
4331
4390
9572
6043
2854
5883
1496
3697
3641
30776
2128
5440
3143
7462
21213
14776
11152
11047
6415
13295
13461
5053
13335
13944
2673
10026
8691
18476
8301
7345
13169
7205
13020
3818
12845
5383
2483
4341
23608
3377
1624
4258
5351
3722
14841
4208
2822
2450
2734
11545
2689
11083
12978
4559
4232
6486
4482
9519
10044
9841
4555
8190
1638
1938
2327
7729
5712
1657
16969
6022
5557
21003
2628
15801
5779
8953
10206
4968
5768
16639
3498
4995
7697
5057
4742
23164
10360
16055
2284
6835
6308
12529
5072
3802
11032
6160
7926
3564
6705
15240
5435
7788
27529
14488
2373
3033
8464
6444
24710
12310
7125
1422
5531
3089
9776
4294
3315
4875
1529
18360
6713
11723
5147
17379
3745
3750
3225
3672
7498
8754
4131
5652
2926
5891
2821
11152
12007
3793
14310
21571
8509
2925
4998
8699
15145
7894
5702
14090
9506
8239
2391
19212
3663
9621
10433
3255
5063
1991
2949
12937
3504
3346
9187
4808
5105
4703
2802
5724
4146
6786
13965
4289
5206
3950
2657
1095
7743
23451
8864
9048
4534
7275
3595
6170
11213
3271
3535
10078
9115
5868
11273
9601
4442
4722
1950
7012
4103
7476
3047
18318
9351
5093
4782
4647
8547
19472
8309
8029
4971
10639
4644
2569
31929
4077
7643
41252
16129
24346
3452
5785
26052
7520
17113
13907
1813
3482
3385
7140
1924
1436
5705
2216
4052
3136
3644
8793
4518
5630
6192
4958
7591
5456
3190
2019
13089
9898
8791
3312
4203
30246
5682
1217
11391
15016
6944
4324
4680
5369
3452
6204
2862
30911
14722
11965
9943
12749
5872
3768
6998
10065
3534
1400
13024
1914
6146
12475
13027
25720
3255
4343
6277
6224
17200
11528
6516
18749
3147
2338
27482
17643
2901
11836
17802
2616
9819
3548
4298
4603
7129
10987
1561
6243
7075
4585
5473
25989
3849
11656
2850
4087
5697
3004
7656
5452
4693
3561
3238
11882
5116
2401
13287
22503
3502
7700
8975
1383
3978
8305
3947
15881
9908
2734
4060
2630
3289
44602
7279
2788
33277
4390
7738
21953
13734
4083
5301
8112
4201
4366
6871
3193
4267
7350
9262
8274
26764
6639
8216
3327
1892
9534
5930
15737
6337
6973
4278
8645
34288
4133
16217
4836
1873
8965
12103
7866
1886
8270
3548
6318
2750
9521
3749
9869
8684
8208
1361
7520
5984
3091
6352
6368
21096
2992
10085
9324
3882
5225
7625
10043
15614
3133
5072
14398
6075
13848
10805
18931
9419
3438
13829
4780
8163
9636
21836
5504
3256
2594
6406
3621
4620
4846
4080
5525
20271
11316
5848
8497
8179
8664
5103
3023
11978
12078
3582
3767
8383
5810
8489
2852
23009
7068
8492
6501
5962
2652
6561
3224
16325
3891
8131
9162
15419
7357
8549
11463
1943
14782
3461
7154
3206
2707
5882
3830
3447
9247
2727
7773
3757
24705
5146
9318
12273
2870
5680
7935
6092
3595
14172
1871
3549
9885
2028
6834
2667
4888
6545
7280
2309
5017
7853
1192
3959
3866
9771
12013
14232
1746
1906
10713
5421
5526
6013
7686
2700
7736
4136
6959
5599
8499
12978
3722
18268
7236
16854
2979
8297
7737
6652
13858
7626
2444
6385
5039
9292
10207
10655
5633
7228
7316
2788
15527
8753
4248
7523
7506
3624
6847
15287
15329
1761
3096
5081
20998
32712
17321
4450
10755
2276
5104
3256
17424
4559
8316
7689
3378
5993
4299
3616
9028
5165
8269
3707
2315
13281
21656
4552
10225
4605
4012
14353
2230
2496
3352
25071
8128
1112
5863
4054
5757
13358
4372
3021
3566
2548
7922
21076
14051
1737
5777
4587
1422
5027
2555
6023
5908
3520
11053
5859
3362
2543
14644
8658
6116
2595
1928
7899
3334
11214
3256
2336
4216
18531
4671
12916
8990
9188
6172
13547
3131
3287
2247
5654
3478
3229
7447
3129
4856
4632
14722
6066
12964
10328
2397
2096
17325
8448
1785
5401
7641
2955
6618
3490
13248
3105
8851
3244
8968
3445
7742
2494
6689
5004
7622
4091
6437
1633
12846
13265
2791
5788
10620
5536
9668
5407
5659
11505
7462
5748
22806
14391
8034
9989
17886
8357
17403
7811
1210
8619
4503
14376
14283
4625
2486
1768
2937
8247
10668
4674
15929
4819
15034
3132
12864
4925
5946
6033
5552
8262
14957
3301
5105
20332
23023
8594
4104
3741
3051
958
1096
3799
7279
10327
6654
3484
4913
3898
7103
22535
3910
5786
18943
16941
10057
4967
6177
2889
9161
3609
1426
24277
9688
3731
1946
2795
9854
4987
34578
5227
7355
2774
8394
22025
5646
3827
1780
8577
17742
13115
5220
3243
2467
8496
2556
2475
11679
7344
5547
8960
34236
17791
4143
7018
8178
1865
1614
13966
4377
3219
2549
3068
6191
7504
5484
9174
2817
11763
3616
1921
2018
9449
11741
3840
4945
3486
8236
6240
1717
5946
2608
5902
6604
5867
19964
4517
4685
4397
19099
2236
26276
9043
2620
12866
2748
2672
3290
5798
6560
3372
5778
9825
4402
4107
11668
4152
4409
6794
1839
10575
24438
2541
16877
4544
5173
12122
4734
7927
4155
9578
3843
4740
5483
5919
4100
3866
7676
3867
17452
4091
5894
3127
16447
6176
4616
5344
30838
8574
3004
2274
21252
21664
4867
6487
5866
4680
2411
6933
8068
18049
4528
7696
6473
2706
8486
24780
5130
4512
9106
5736
6121
5404
5084
8139
2367
4958
7571
3280
4074
14926
4122
10010
2652
4664
7586
1734
4541
2926
4624
3408
14490
4794
4136
2794
12425
2819
4828
1578
17087
4060
9452
41489
7632
2583
22132
5780
4462
4279
2457
7817
10226
2238
1228
6793
8109
10005
7645
3536
5457
1613
12498
3547
15163
5547
4125
8162
7230
2782
7370
3281
5475
12484
8059
3085
4276
1975
10348
1412
10610
5835
1390
6535
3171
6631
5986
2808
27440
8942
15608
7718
4569
11236
9124
11233
1850
10904
4560
8554
1351
4334
3932
4250
8938
2642
6007
12719
11942
3578
7373
10385
7861
4332
1511
5407
27058
7639
1718
12861
9104
6385
5668
16682
4029
5395
5359
17018
20533
3095
4150
6094
3011
10623
15015
3793
10054
4086
2932
3928
4965
6335
9852
9056
2610
10239
2051
12674
6853
3640
10204
4500
9173
7055
2917
9679
6254
4766
8156
12364
2314
4177
5053
7130
2860
3955
2968
6634
17704
4803
2497
9161
10565
13878
7387
11145
15724
3445
3760
9142
14135
4633
8208
1625
4450
7085
14029
8997
3676
15736
5284
20718
20000
11347
6518
2280
5057
8084
8195
3442
10131
3734
1472
8738
6413
5855
3675
6663
13019
2467
5924
1564
6174
6279
11227
19451
3099
6299
3238
12554
12543
2563
2114
3267
7306
8073
5765
7946
6755
7144
6659
4464
4762
1983
6597
2175
5549
6655
11345
3793
3801
32332
26616
5457
12284
22108
9039
6407
12960
4189
5151
2607
3197
15398
26615
9666
4915
4809
7509
7634
6186
3899
6344
1621
2037
12062
5503
9510
8210
5919
22450
1888
5414
5824
5471
15578
9181
2531
7437
5005
39517
5585
4129
12635
10689
11849
5722
3413
5273
16051
7486
10845
2565
3184
5727
4053
8173
4825
9076
2147
14754
10894
14128
17250
4677
4578
1369
15059
5762
9082
2736
3454
1173
3355
7601
4742
18425
9295
14564
20182
3880
12182
17755
13468
3077
2915
7557
2767
2678
1385
13678
5719
4790
5475
17989
8883
3638
6063
10596
4294
6195
8366
6362
5456
1779
5353
19699
18999
9708
4687
33580
4843
5119
24919
17221
6009
14263
4308
10435
9225
1370
14938
6654
5277
7879
2419
3847
18335
12235
4689
13064
3507
18290
7847
4739
7713
16288
20304
3720
16823
3176
9630
13060
2170
3996
3918
5698
10288
4060
9754
8252
13204
1796
5651
10696
3074
3284
10120
9585
16934
2930
11776
1802
19015
10073
16401
2502
8362
7103
7914
9280
5088
5070
8724
3523
3350
5229
1711
6354
2745
4908
17752
2095
15002
3154
4491
7314
16571
5380
5711
6410
5326
11341
17088
2626
5732
8448
7854
1483
36107
11378
18699
7077
11382
13861
5697
5552
10935
11914
11256
9158
3454
6402
2813
8192
21735
5630
9824
4289
4332
6527
6477
3397
2428
2272
7494
3126
1704
1470
2050
9907
15685
3928
5550
17010
7712
13868
17144
8986
9742
1681
1183
8191
22321
5946
12800
15375
4521
11078
5775
2896
4798
16066
2201
22243
22326
7412
10572
11795
9106
7071
10356
2868
32315
4729
10661
7896
8510
2191
9657
3665
8043
11254
9623
1817
6629
6996
7237
8222
22020
2866
6621
3713
8731
17697
8547
3650
3255
4749
4707
4277
3597
7417
5234
4168
1587
7245
2582
4955
7108
9067
4079
7415
3173
13231
4751
3263
7162
4291
5001
2193
6046
7461
3498
3204
6387
2630
1941
2248
3611
15153
15361
16569
6858
7381
1571
3214
17097
9844
7824
12702
34074
1368
5476
3840
1448
4550
2063
1991
1945
8868
21004
15141
13500
15447
12236
5744
7178
7637
9054
2370
19776
3839
7003
9400
6395
8404
2375
2324
5677
13348
4447
2446
8399
11173
5056
3374
2364
6713
8946
2976
5221
4376
4403
18206
8139
9567
9646
6194
16116
5297
4643
3689
6830
2558
3017
7409
15322
8636
5324
6280
8973
2787
3774
5263
9091
5122
8387
12669
9353
4692
21655
7610
1641
5131
8567
34076
7051
4167
1587
5803
7933
2686
2802
12459
7772
13509
14088
8205
4298
4360
6248
5853
8179
3649
5498
10875
5078
26041
3194
7002
12557
15029
15316
6631
8044
8704
12462
7688
24257
3498
2733
9318
3354
6450
30617
1233
5952
14550
9261
3023
2572
3211
6811
21575
28512
7314
4702
6414
3020
3698
11173
9966
6812
7185
9144
1304
1620
7654
9189
13067
2490
6083
6319
4391
10400
4194
2970
4822
2770
15370
4331
11419
2660
3792
12023
1833
11416
8379
7534
11423
3778
12730
10100
29612
23037
6582
9027
4417
4385
4825
8607
6450
12588
3931
4291
2086
16294
1967
6040
5541
5276
4503
14724
5604
2345
3127
1975
21062
2827
10547
12320
6437
4087
5771
9912
4050
8297
8549
4325
4334
7216
1742
1552
9048
2515
9094
9974
3160
2903
5094
7499
5291
10268
2920
3330
2393
3140
4979
3287
6531
3681
2728
5776
5546
2949
11981
13042
2260
12855
5555
4397
11223
12522
6431
8903
6154
3484
9437
6374
15436
4350
1654
2604
6833
11260
3321
5744
3638
7000
4427
9455
12581
4837
10293
8608
8745
5284
5725
2602
1881
2387
2898
4762
3792
13613
2647
9657
3948
5281
10187
1768
9422
13978
8943
13030
9313
3240
21673
7752
4717
2325
9988
10237
4983
1953
4873
14504
2046
3200
10867
6152
1788
17306
4889
4923
1315
5671
3086
5572
5383
4993
10145
4203
5029
5365
2870
13036
5584
9079
5022
7971
8033
4438
10092
8795
6604
4627
9904
9889
23631
5945
3067
7178
5382
10577
1365
6913
5215
5575
4022
3879
8966
3362
3906
1504
5969
4698
3846
14597
16167
20080
17340
5788
5424
3787
10228
15959
7928
10192
10508
10387
6269
15015
3226
9305
8561
7196
9687
1156
4958
4783
13266
13647
8415
5790
3710
9479
4604
16286
17051
3843
7105
5903
6633
7609
12686
6104
6634
7637
21031
4330
8925
3369
7032
2530
18797
9117
7735
22836
5457
6533
2610
4257
3881
14488
6117
4047
10454
3355
1522
3205
9396
10647
7830
3917
10759
11350
3077
10656
7195
7905
3498
6164
8416
17613
8102
6179
7095
2790
6836
14243
2307
10150
2581
7641
5397
4300
4731
5380
5421
14453
5367
13019
3763
17839
14415
2694
3965
2818
5367
16285
3257
12086
2603
5696
5663
6891
6708
3793
8745
3825
7116
4870
6520
9215
7574
8938
28192
5319
6273
5119
6620
6919
12126
1984
1772
2844
1917
4422
5252
7711
2540
1664
2055
2164
2608
3281
2690
26419
8000
3073
1903
17639
8014
5147
5550
1832
1022
3207
14487
14268
3617
2203
1465
4400
1530
3373
4464
9963
3667
20622
9354
6865
1700
1612
4833
8294
7086
4692
21369
2703
6614
10700
4157
13838
8110
2251
9727
10228
6173
3924
9062
6166
5238
6139
15414
2773
2993
19986
1896
16409
7770
6908
23072
4395
3682
6922
3979
3579
6190
20977
9070
11652
2203
6592
1781
12382
10432
3978
4257
3298
5890
9402
3967
5840
3112
2645
4391
20123
9294
5455
2838
5913
6494
2060
9580
12168
20795
11802
2494
19342
5223
2393
7494
10640
7237
8225
2376
4900
2266
7545
1419
2259
5699
3353
24576
13505
8209
5831
3763
26099
5500
10897
9697
3075
4868
7700
9355
12912
2446
7802
13201
12611
8220
8022
7984
35034
15967
21131
2046
3760
4626
4767
4524
12821
4039
13592
6165
13723
5444
5405
10007
5469
5991
8740
8634
18479
7016
6760
6728
6743
3385
15828
5104
10620
4516
8171
8068
5213
7199
4241
6184
5545
2819
19408
19759
5098
3181
3811
5601
4636
7467
4399
26712
2979
3350
15893
6522
5248
3128
8095
11082
7663
7536
7734
2151
3134
9273
10334
3239
4703
14120
6007
10315
6355
3608
5455
15297
4611
4370
1194
7005
4549
3095
2074
5760
7690
6363
5965
8497
7575
6136
2964
18541
6015
12664
3904
4122
4196
25076
5536
18711
6142
3032
17263
7077
10679
20489
11139
9273
4691
5984
7445
12675
9093
13245
5876
8062
10826
11375
5605
2546
22899
5687
3296
2357
2325
5792
2502
5250
3506
3701
10558
4969
18240
3106
7335
9014
32443
7202
3278
7034
1620
7967
8930
19431
4749
20135
9389
4785
4684
6958
1682
1801
9485
2821
3764
5130
1574
7932
5715
3724
11421
6045
3832
6171
6487
3923
1503
2885
6288
16153
4323
16924
16205
9929
10124
14274
8735
5033
13235
2597
11914
10556
9782
20726
4161
33583
5884
15921
10303
2383
9860
5227
6280
5433
14550
1465
6624
7438
4991
15003
7340
5965
5841
2539
3611
2512
2592
16462
5466
9075
5665
3975
7428
14391
3022
1465
6206
9180
1778
5995
18138
8487
2908
7943
20016
2972
5951
3988
11241
9937
31622
2467
13889
17028
8725
4433
13582
3821
5312
15784
7993
4497
1766
8744
15856
12976
1442
2949
1414
6391
1524
1789
7754
5789
5942
4390
3252
6783
14160
14177
14353
10252
11220
7879
6196
12509
8837
6684
7189
5336
4869
4188
3108
4276
3299
7832
11698
9838
1883
4048
3357
3019
22895
11219
1523
11286
12682
7762
8649
2915
7482
8677
3542
3062
20008
4491
20142
5953
5988
2763
3076
13027
4417
12135
5879
15755
2636
16773
3902
1725
9372
9421
3443
15111
27422
15273
4735
7619
9355
4704
3410
3265
15121
15036
2626
11232
3156
1310
8470
22391
7995
3165
5922
16446
3484
3800
1898
3419
2531
5870
3579
2322
2032
7179
4949
8834
14407
14164
3707
15737
8730
11629
4093
3567
17200
9986
10212
11588
16832
10245
11565
45670
7494
6886
13398
15221
4616
2112
21047
10066
5253
9923
5662
11457
12810
3140
16390
8110
2600
8749
10637
11882
6886
3581
9577
2641
14787
1970
13556
13030
5603
2593
13129
6746
7627
4314
5173
8446
3822
2727
7748
12591
2468
4892
5642
11784
5057
11730
6011
2031
7310
3522
2645
10416
3957
6562
4632
8710
16573
7655
4459
3043
15924
5612
5258
4194
1630
2069
6205
5884
2750
8873
4995
13824
1158
15412
2728
4602
10671
43231
10720
3104
6947
12243
2205
7443
3707
2178
5417
4118
7007
9857
4300
3289
1888
6750
2256
8742
2974
4659
1967
9684
1902
4899
9655
3994
7105
10838
16304
7142
4650
5790
8563
18178
3935
10756
2024
4651
4152
13975
13230
5883
1271
3419
5435
6410
5503
6645
6687
3983
7017
3034
6172
14019
6945
10830
9231
8455
3773
11490
5260
10450
15006
12411
3147
4986
13581
6572
6362
8557
21746
1816
4824
3491
11216
2919
13828
19302
20445
6598
5560
9865
11094
10862
8174
6485
5931
28459
10170
9252
11805
6546
2349
6995
6680
2869
9553
10829
9427
3663
16928
8595
5474
9903
3721
6516
6856
15442
4666
21462
13524
5119
29319
3215
11680
3409
3564
11196
1997
4510
10506
3343
17695
3452
9361
5169
16450
9771
5534
7191
13970
8606
1332
3271
7824
7746
2695
5063
5349
6676
5100
2835
2861
6800
10497
2605
4207
12304
5572
4544
12652
9277
4007
4760
2846
3743
2739
6228
4384
1555
15372
5920
12070
21011
6844
4271
2638
2165
8132
13520
8275
4262
7227
4480
5632
8915
7537
7844
2970
13436
6305
3137
3601
1992
5732
1661
5092
14285
9556
6504
3282
18884
29228
4872
8300
6526
4056
2797
12245
5484
4797
4015
30348
19632
10441
4101
7041
4266
5262
13358
8000
4006
3985
15991
4229
5729
5667
3201
2122
3727
24717
4511
4003
10124
7699
10396
5094
2737
8742
3881
8662
5081
7197
5398
20820
7893
5098
8148
6279
12338
15835
2080
12620
4424
3814
15416
10678
2094
6944
4036
11201
7268
1872
46874
8154
3855
11916
6572
19386
1443
12631
11090
10249
4258
4625
9280
12310
18707
12601
5953
4467
7074
6948
5314
1992
29930
5877
6344
8017
5079
2140
2685
15391
2174
3711
2377
1001
3506
1165
6855
2485
4682
16250
5013
1652
10867
5341
2555
1155
7369
5601
13239
4344
2895
26745
17010
8590
24249
3366
6570
3109
6623
3431
2044
14389
1604
4990
3986
3572
2867
4157
5892
16633
7410
8538
12462
3549
3029
7044
27589
15752
1674
12178
2666
18416
2741
6521
3342
3496
1134
5747
4201
3692
4041
7558
15994
2612
5959
3328
4650
5269
12310
3044
6642
14979
4290
4748
8189
14675
20041
11900
12734
4439
5705
6871
23049
3195
22792
8219
5799
1666
11032
2740
1700
22776
25342
18346
2767
9376
24635
9817
5015
6858
4995
9277
2480
2357
6876
1529
1126
6527
4166
8223
3352
7846
23995
17706
4806
2343
10048
3345
23952
8547
5495
3095
9270
10675
4374
16356
19601
6216
21365
2967
4699
4202
6439
7280
7912
19706
5313
5586
1900
14138
6664
1858
4266
3519
15608
7178
16717
8957
3505
7087
13956
2397
2097
19109
6254
9020
5758
3923
6339
3413
10867
12770
11928
14060
5648
2475
6228
6035
8001
6721
5290
2924
2353
7610
6075
8301
13644
9184
3286
2327
5974
7930
5540
8810
1813
5796
2299
18131
2873
7151
9479
33691
7083
4653
15559
9815
20786
6197
9140
8899
4224
3659
2373
5697
2284
9388
11116
9935
7353
7880
5733
1303
7664
3474
4266
13851
2272
2859
3719
10974
3438
2084
4988
4682
19043
3823
9550
24005
8855
7970
7990
5628
10634
2157
1677
2354
2937
3532
2263
6401
4332
2061
4590
4305
32497
6313
5165
5103
10497
20216
1980
7643
2858
11282
8169
10115
15054
4008
11113
12357
9552
4907
3926
11129
2340
5738
5438
15462
33033
10058
10179
11290
2620
6407
25672
3623
18019
2908
1536
3099
8920
20456
9567
8227
4235
2993
5181
2194
2886
6438
2192
9558
4840
2584
4039
24611
9682
6861
13524
9425
3860
7432
4496
15095
11975
13607
6258
8748
4776
18724
7652
6069
9805
4682
6922
3701
9264
17905
5858
2957
2844
1493
14186
22723
7937
17233
6346
5432
3763
5483
3992
16991
2561
16361
1812
4942
4698
16716
4365
6494
18500
3460
3119
18056
20491
3069
3185
11522
3596
8699
13660
12958
20858
11595
8030
4029
7232
7545
15564
1756
3982
26538
9699
8594
18634
11716
2992
10890
16104
2559
3389
1000
2529
11460
2306
3625
9907
13866
12205
8182
3109
19015
6087
5906
2950
14736
10472
2421
2060
4873
2889
4227
9748
2291
6113
5953
1409
8943
16858
4975
3781
19680
3685
4730
21049
2963
5666
2433
12816
8702
9174
6155
11521
16870
8655
11995
5829
5118
2672
9022
5497
10560
8629
897
2486
13193
2113
14252
5670
8191
2043
4747
7440
2478
2642
4253
28588
16912
6021
16597
15192
7220
4428
2509
8117
3341
18514
1735
3472
5017
10803
5941
13499
4084
6390
4670
5854
9331
4763
11706
10660
4961
5451
4350
5221
9842
1590
16101
4020
6137
11704
24121
1440
7600
3830
3823
14387
4213
9254
18452
5923
9817
9252
3418
10502
5212
10436
5610
8862
3721
15197
13217
3625
4314
8893
5602
10442
2920
6780
7274
2921
7143
2635
5552
3882
4738
8337
1578
2068
1007
3919
3194
5445
5830
3050
15760
8530
1603
4954
5691
3737
12451
2679
30149
9658
9345
5462
13156
2899
8610
5818
5722
4591
9040
5723
9291
4324
5232
5541
3794
4345
2995
9681
6482
8551
2402
12908
4966
2805
2994
1932
6166
3628
5428
10021
6619
4593
2139
9743
8968
2166
10705
6264
2106
3662
7430
6473
36915
10743
16659
44393
8448
3518
4217
15287
2666
2500
3076
9866
2164
3040
3487
3449
1240
4334
2831
5081
9710
13808
8920
4775
2824
3984
12122
3031
2139
7252
9211
14535
6582
2566
9274
8495
1650
9249
13489
2979
10317
5643
4101
3841
9909
3544
11764
3374
12513
6736
11727
18941
2215
15071
7017
12864
4581
7124
9732
16934
5756
14601
7948
12261
2410
6272
9214
2867
7835
7915
19189
11926
6027
10194
1732
5056
4876
16015
5575
6702
4038
4434
33684
2383
13910
3705
4110
4541
6683
11224
6659
2459
10678
8081
13527
12982
3916
3762
9771
1984
4735
4526
6619
13744
8230
11611
4271
1799
1667
4035
5462
3084
4595
4351
9989
12862
10506
4024
17747
13886
1834
2728
1423
6729
5156
3443
6008
6717
6484
6726
14616
11241
9053
13069
2011
13918
11506
7895
20341
8744
6898
5575
9297
12089
6223
29405
22568
4677
13983
13541
5677
7778
4395
11290
16191
9237
21041
4933
4789
10898
20386
2831
12725
2189
12098
3024
7183
10161
20021
8781
13305
11165
8407
4595
5423
4075
8476
2978
4746
2529
4576
2991
2733
17747
6389
3715
15367
5798
5919
4106
21331
13458
3286
2957
3047
3584
12248
2071
6722
6039
1124
9940
8993
5956
18039
4846
6964
9575
15577
18320
8057
9446
5702
1500
4339
5624
11223
20248
1291
3063
4686
1256
4868
7663
5582
11664
5927
16621
14958
7502
4196
5942
7455
6887
9950
1534
11494
6012
2371
2372
13167
5010
21404
10213
7029
5879
17294
6782
4633
18877
10329
4217
3149
10031
11445
3038
25450
3289
8263
6718
9338
10559
3849
3456
3438
11001
11093
5991
10731
7092
3724
6617
1547
9307
7096
3303
16043
6340
4420
2681
2165
7671
13043
2936
12823
6681
2922
2778
14113
6301
15292
6196
4394
1897
9592
1213
6846
2327
7162
4850
2957
8666
1615
3762
1819
13327
4155
3384
5714
8989
1770
12453
3541
4476
2203
3854
7478
7855
19703
6406
8558
6814
2269
11667
5829
6212
5194
2569
2807
3576
7580
1898
10165
2846
2075
5489
8481
7652
5781
7091
9655
5962
5005
10204
6577
1321
10732
5152
6130
5647
6560
7612
6819
52102
6041
10896
8060
6377
12810
1752
7695
8149
18470
5549
9063
1834
10369
2484
5517
9748
2392
14744
4871
3066
2182
25507
3023
11711
36348
4174
2919
6833
3835
2033
7050
3242
11060
4919
6619
3453
4696
9793
2143
16289
2941
13430
30658
2282
5025
6537
7919
3129
6343
3693
6882
4017
5952
3646
10308
10856
7223
12612
3477
5535
5523
3113
2069
7221
6652
6104
7360
8646
8693
22133
2041
15149
14789
7233
1195
2870
31069
4041
3931
6689
11258
6557
13971
2991
7145
12592
7654
4702
4075
2801
5552
2153
3815
9319
4952
24084
2847
3114
2866
1733
21486
3917
6396
4054
13384
17286
6578
9635
2416
7575
3431
7455
14646
2321
12003
8253
2312
15656
2361
9004
4245
12739
5026
4617
14023
6196
20580
15513
2317
11197
25205
5917
3245
6047
11424
5243
6225
3202
1525
4848
6688
2465
3282
1602
4199
1752
2753
8073
1718
2222
14452
1770
5452
4397
2122
5056
4036
6476
13293
23046
4712
3821
8960
10257
4533
6749
3415
37488
8329
5202
13781
5099
2777
6325
1160
4413
9438
7453
2442
28127
13370
2705
4892
5890
3120
5267
13570
7800
12228
3884
7791
2459
7979
15952
2626
3178
2903
8017
3223
5425
12398
11223
4946
4014
4255
4954
6826
6276
16879
5116
3472
1260
14271
4773
6804
4965
4585
5794
10454
4688
11450
5839
28361
17146
2700
11159
10009
2772
5315
15993
9304
8324
2827
23195
4757
16257
13975
11570
9096
6378
7932
14140
32395
3259
3985
28437
13407
4425
2362
6225
12431
4697
11882
4898
5050
8137
5084
4465
6687
1364
9120
2527
13686
3062
2204
2561
2168
3023
1248
8894
2819
6936
6389
14074
14778
3375
2654
5201
17595
5054
6274
2973
6345
5093
5547
2144
2420
5453
6404
3557
1646
2765
17953
13847
28946
4660
5901
3851
5093
11369
2435
9021
19657
1159
9147
8110
5961
14890
10196
11672
3559
7167
5233
10062
3924
1057
2380
4414
8266
3612
7914
2863
12761
8178
14815
5879
9372
3003
20014
5035
5937
19529
4724
3417
23719
1779
10819
4966
7328
6777
19827
2154
19558
10172
20637
4966
9202
6796
1630
9693
3199
8813
7134
7702
5112
7185
5331
3546
8843
7503
13288
4421
6778
2143
10046
2347
4875
2458
2261
4640
14277
2316
5741
9003
10252
3316
14607
1873
5495
3079
2795
4987
22389
4528
7917
2650
4972
2917
21865
4302
1181
2246
8474
6401
29606
4121
10574
6722
4806
10592
8589
9929
8792
3313
7897
12437
16222
4806
1661
9612
3037
24973
6462
1571
10322
10386
5667
4308
8597
9766
4636
6741
5783
2126
1883
4538
2155
3657
16686
2409
7503
9818
19781
16050
11266
1590
1656
11734
6932
14543
1913
16306
5881
8734
5219
7805
4060
5865
1846
2392
4884
20951
5918
8525
9798
16596
10813
13884
4424
6131
5546
6953
16107
7244
16723
24377
4294
5136
8382
12903
5874
10287
2317
27057
4784
2830
10826
3846
5787
6364
6857
14639
5830
16520
3119
12371
14002
5554
22399
5180
2231
10979
7263
17064
5895
6671
11793
9672
4403
3341
5759
12421
10618
3770
10929
8049
8082
10543
14381
3848
3089
2196
8036
6516
10597
10754
8723
3619
1959
7626
7879
1734
4896
12352
3196
11459
14640
711
7271
15495
3723
7029
5584
13559
12645
2524
4109
4141
1490
4780
4588
866
3678
6853
6003
7011
7428
32753
9440
2390
6080
12864
47863
27804
12035
9075
2224
3749
3482
12362
12803
24503
28229
7860
3063
12861
3744
3922
4985
6798
9993
3851
5535
6658
3545
18117
5990
21841
1494
7504
1423
3600
3358
9041
2959
5928
6791
9866
20679
8091
2466
2151
3224
6573
17175
1634
2306
12434
10158
13846
21771
39574
7400
9999
6540
2924
12040
9588
5005
5213
4984
2224
10402
15610
18959
4973
9455
6076
2432
14180
7401
6124
17168
16929
13019
3231
16409
32553
3791
5299
5900
8326
7402
9712
8160
5002
10769
27278
8073
4880
5204
9680
4531
6852
4080
6050
5409
7246
3303
10334
29058
9691
6941
1695
9661
2953
2773
6435
3919
6488
5916
3406
5197
4790
18998
2084
3104
5892
3740
7199
7644
8308
23461
15822
13616
15002
25661
1701
12267
5642
3058
13487
4389
27075
25177
5024
4422
9437
13153
3102
2788
4934
10450
6430
13261
6749
3063
15923
3429
2637
14805
3958
36891
4526
7776
3537
4299
6245
13673
14967
7392
8526
4208
2362
7879
5306
16870
15798
5196
9352
4755
1629
1996
17877
5997
9065
5047
12302
8225
13349
2710
12691
8257
3336
4554
5090
2211
10779
6786
7059
8374
5689
4615
5817
4445
23223
9855
5172
1625
9935
3766
6155
14731
3102
22281
2650
13807
2224
2069
3003
873
4860
3565
4575
7162
5177
5434
7543
10452
3171
4519
3351
15824
3304
2017
11131
5822
6294
9117
9500
10282
12925
2917
7699
7189
10422
13234
8324
2758
11438
6316
20878
8239
24353
16140
11513
2073
4740
9175
5385
11958
2637
3031
11894
5942
9806
11228
11385
15220
2663
2749
2869
10003
12088
14547
6865
15125
4527
20827
6857
8166
5352
3474
8178
4822
4470
7604
8669
5230
3498
15274
1605
5285
10206
11452
8988
6106
1198
7687
4078
26937
10049
6563
7662
11862
7660
6464
5416
3890
2717
6500
7957
4284
9303
7126
9093
14629
8799
3724
5577
17877
2621
15120
6304
21104
10313
4569
15274
7023
25136
4530
2200
8245
6520
11341
1149
14555
3186
4200
7992
11401
8460
3405
4889
23239
2920
1914
7185
11786
1489
11621
3892
2390
8750
4962
2240
5626
1715
10031
6816
7943
3777
11650
7360
8805
13914
3282
5486
6053
9135
10783
11685
4715
19375
5772
22158
3419
4570
7237
3665
4024
2204
2696
7451
11896
7261
7665
3028
11886
8639
5811
5998
2499
8894
10444
10511
2230
9843
14841
13975
3370
3882
4758
4742
12012
15226
18180
14337
1651
5577
12066
9448
4152
3852
6006
8049
6692
4333
2921
3817
6390
7118
4937
8018
4937
9757
8638
3874
4091
6358
18239
4237
15313
2091
5435
2275
10731
3721
3803
19088
11625
741
2831
4636
2680
3778
2448
4786
18695
11097
5364
9459
17156
12108
4672
10163
1710
5284
1610
3615
6672
4503
6340
5554
5540
3479
978
15082
3673
3316
5821
2188
7577
8284
7468
2859
8894
9766
25477
2821
7633
7478
7738
12339
5211
17000
2906
10745
2271
17526
10644
2927
24103
19216
9774
3148
1465
11926
25598
7604
2588
2494
7160
5890
4498
2885
4233
8546
9596
3417
6067
4548
6525
6437
4969
16963
10014
2702
8394
19173
6576
4054
8249
6979
3680
4427
5676
39193
10793
7492
13312
9571
20097
4548
7693
8470
9932
5251
24102
1433
5233
13305
1895
2095
8031
2701
3378
16254
11227
4626
2436
1738
4259
6224
7586
10550
2629
3861
7978
23519
6227
5424
12140
1797
4030
3075
3240
4716
2868
3175
8416
7799
6805
4421
8329
3144
1553
6488
10774
13245
2980
30705
7095
6180
10773
1390
5248
9822
15328
6306
3723
14623
5171
2711
7964
1979
7847
2626
7613
11725
7641
12639
5644
48300
6664
2823
5695
2932
1260
8453
10283
16824
4568
6640
3710
4709
5002
8311
3385
11575
6904
1319
7000
11966
6946
3047
1444
9240
8122
6848
4196
4440
7321
3718
2835
3310
7623
5018
4924
6828
4032
3561
7132
7785
10456
6421
7131
9270
4158
9656
3465
4242
5056
13032
5402
23467
6644
2382
2582
19694
2459
19510
2761
9854
14482
4003
5580
2241
4847
4125
8369
4290
5329
5430
3357
11253
9202
6258
6904
2781
5745
9970
3627
10969
12274
12903
3397
2405
2721
16294
2437
5546
9596
10896
7805
3550
2984
17968
1338
13680
6422
2270
2142
24017
19129
25882
8176
6548
2583
8899
2799
2707
3380
7629
17285
7470
7688
6410
9234
4358
15502
21236
4383
7356
12831
4710
4971
4554
9236
2878
1759
10848
2810
8387
10406
5150
2733
1511
6930
1450
4865
7316
23100
27351
10606
9643
4821
3695
2969
17218
11437
7110
13497
1405
16010
2340
4849
6136
7743
7993
29951
1780
4445
8385
3175
7101
11139
3193
3146
4304
6504
8114
3244
17189
8082
2406
8499
1628
11102
4331
17390
20559
18089
4230
14867
4115
2483
2928
3759
7894
3778
3128
8416
7930
2432
2046
4873
14220
1594
4777
1999
2537
5016
4484
2231
21840
14199
8582
8079
12136
2228
7517
3122
1824
5646
11491
11760
5333
10775
3742
10525
4476
7892
13329
12482
4224
10727
5875
13509
4291
9916
13852
11612
5319
3865
4768
4353
8135
15663
7087
5511
3708
1563
5778
23567
13803
7992
10974
4342
8266
8041
11094
1686
12531
3162
5620
1859
14479
3785
10017
4894
10064
2673
2933
5462
26378
3066
7609
7731
5128
7328
9345
7611
5479
4766
2535
2762
8211
11071
11460
33938
4310
3443
1669
4976
10735
5960
4327
5598
7500
4156
7951
12285
15399
8144
19799
4261
10679
12053
39039
15970
8089
14870
8212
5909
1840
5131
5345
7148
3382
8201
3989
16892
2258
1749
22250
9490
8462
2260
2260
5895
2464
1083
3106
19359
7859
21504
14571
3819
2965
10160
6473
5724
5946
2860
5552
4414
6940
3982
11002
2280
2088
28337
8723
2601
9644
12008
8300
1639
5864
7107
11362
2334
4749
1902
1599
4179
15636
17392
3939
8750
6225
4599
4037
3043
18321
1561
20224
3119
8027
12897
5367
4141
4362
4672
15670
18384
7764
4092
21026
14775
3362
13335
4786
8471
4328
9454
5801
21337
4287
6673
3774
4382
4982
17955
3054
8548
3521
3827
14000
6750
15028
9888
5152
3084
7692
2714
12661
16629
17222
3184
8379
6685
6286
4182
9843
20489
5826
2462
14917
8405
1477
2191
15307
10451
15482
4149
9011
6817
14661
3538
12291
3863
10388
12423
5160
4877
3923
3751
15684
3317
7347
17506
6733
2125
4098
2070
13682
16319
4397
4637
7299
6090
17197
5206
5478
7249
3073
3697
5381
11622
3051
16367
10222
6261
4119
9854
14006
12622
3460
4892
9757
1973
6619
8878
1082
6625
7164
7738
4696
2464
5802
4080
11736
5108
8574
4091
7907
15511
4667
3473
8286
22081
6936
8257
6461
3039
2134
4260
3390
10133
1841
10240
2839
10488
8584
10170
3756
3939
4604
9901
4564
7103
6404
11268
13467
5773
5718
13850
3927
4848
4862
11281
10894
5796
6517
4059
5707
9479
13537
12117
4499
6618
4127
3720
18015
7656
4808
11569
9799
2566
2738
1773
1021
5637
12355
2014
3127
9196
5446
2556
6331
9652
3182
13112
23141
6388
3219
3951
3065
7881
6111
12570
20347
16469
10099
7445
982
8356
4587
4107
6224
4763
10409
4199
5490
8073
6657
4434
1483
5896
4194
3314
12767
23712
5035
4469
3016
6035
8617
3457
15030
5303
6630
6008
22279
6568
6021
6291
21162
6352
20961
3992
1045
11638
4554
3663
19800
10593
2351
1980
30123
21425
6705
18137
16982
2103
3227
9655
3967
5843
24471
4182
11097
2628
2878
3710
16378
4298
3082
7591
7469
4556
2594
2201
3595
10679
6137
5672
2108
3526
2601
8378
6332
15548
5040
6472
9720
2952
9613
18920
4678
11763
4823
4711
3920
12844
7300
12190
5885
2226
7052
9402
12778
18808
5058
3890
3928
4587
5139
2888
5758
2372
8210
8293
15626
3465
1217
3687
12098
3237
7281
3798
2859
4363
2602
12859
1401
4881
4186
7786
6301
3446
3457
4177
15816
2678
10769
13506
2197
15017
31869
9990
1587
12064
2499
2190
3632
13469
6767
5570
5710
3605
4868
1498
36343
7244
6146
3134
14450
4563
16817
2350
4573
3937
9453
5929
6826
24623
6952
2645
12711
3986
3472
3394
11255
6376
7628
13425
6836
6560
2754
1593
18435
5427
2437
2290
3867
12158
12075
3330
10296
9717
6377
7700
8948
11200
1457
2422
10828
2283
2504
11882
11630
2210
3774
5085
7325
15571
9103
5326
7326
2968
9167
7923
7293
7527
13830
3635
7056
4067
2256
2442
3909
7698
4069
22856
3426
2748
1341
2849
4262
12694
6305
18251
3197
6865
13652
9631
6335
2517
15934
3642
11420
7441
4457
4436
7377
4474
10909
5499
1197
7133
11165
9909
10441
4400
9355
5397
5069
1721
5354
13731
3909
3325
4368
12279
7857
2862
5952
2680
16804
12636
12435
6389
11818
10100
4187
3987
1718
1399
5380
4433
1267
9107
16328
9595
26764
5412
8351
6766
5293
8244
1606
13059
39030
5758
19329
5339
6616
4178
2893
13006
3780
1786
8241
3849
13822
3659
4347
1958
5090
6562
5547
5912
5563
2493
9137
5685
14548
6402
1805
7750
3396
6545
21662
8749
16597
9233
3910
8311
4013
6526
6638
7249
2908
7529
4461
14145
3545
7495
3527
4887
5694
2701
1156
2516
3769
4622
6179
8671
13552
3469
8588
19270
16717
6347
32064
7029
8324
8652
13953
21841
3379
12440
10038
8040
3440
9513
25177
2358
12195
4319
3512
5598
4269
6303
6826
4289
8826
3439
2269
13619
8252
3103
10879
5425
3700
7857
2423
6546
15366
6080
7860
7495
4923
6619
4359
3923
10402
10489
2106
3543
5413
13965
4656
9734
15758
8439
5901
11737
9811
13190
7187
6811
10138
14977
10567
6704
5051
4336
2037
3768
2165
16963
5245
1330
6766
12249
6701
6693
10827
17040
14466
6890
4949
7828
8288
18432
8477
5328
14193
11959
4625
6222
5023
6189
4567
8131
5938
4310
10207
5763
4357
7969
6153
3848
6926
5673
10285
2518
3507
8620
13111
15357
4726
5480
6788
11854
6600
3046
8278
22499
4475
19130
4407
6819
5200
2133
2869
7382
1386
2518
5136
1335
9696
5138
4295
15150
4415
6461
3829
4443
9487
5358
4416
6563
11773
7302
5862
8942
11319
3745
6571
2489
5075
2881
2544
9974
26906
6416
26148
10396
19227
21940
1996
18050
19422
18433
3819
3080
7171
2484
2873
4374
6477
5872
40351
4116
13370
12572
24725
12992
3724
6132
8468
19704
15661
12920
7559
2597
2010
8684
1855
9675
17396
3784
10737
14098
3870
16609
2715
7291
6367
4554
7591
3394
8005
6745
6555
7720
3812
22980
20810
5742
16638
6057
4976
9328
4503
17048
2457
8333
7201
3621
1954
1171
9363
6788
4295
11936
4240
8884
11479
5741
7742
16256
2531
9984
4217
11323
19931
8757
1183
7670
1377
21930
5559
14078
4928
4296
10498
9143
6981
13170
24472
1384
3361
7554
2494
2329
27832
14072
33721
8788
2934
24790
9062
2889
20430
10423
2693
9853
19766
24922
6244
6187
4864
7831
7692
14093
7572
12884
10717
3823
7089
5629
7262
9898
9843
3332
6135
2770
9046
3316
8639
2979
5148
12393
2945
14688
4775
7576
4141
3679
1689
2211
7503
5923
4183
3829
16809
9585
1756
25215
13519
4617
5694
10876
5549
9488
7903
7180
1561
8965
8161
11421
25849
7005
7663
4849
3267
2010
7542
3169
8664
13682
1744
2357
12516
7477
3348
6253
7022
4620
6031
10113
6188
6172
10545
7456
2068
11197
3452
11549
14366
2617
12370
5921
6438
14566
2398
3090
16990
8689
6417
5946
1229
4355
5404
14047
8085
11245
3604
5328
3159
20343
6614
3863
14226
2860
8236
7072
4144
19071
4582
9020
26435
8899
11788
2465
2106
3088
11586
4069
14576
4457
4498
9660
17925
3562
4637
6139
2096
5937
6272
19328
10902
1660
1555
3033
1493
11274
3764
11062
13192
6797
4220
3686
3602
1786
8187
13220
7776
4021
7166
8978
5894
8214
13363
3092
2316
5863
13339
8554
8543
4463
1637
10195
6934
2544
10417
7844
4598
2152
4116
17875
7883
3176
4878
15374
7086
5765
2645
8607
2118
8207
6882
4025
5529
5123
6160
12284
8242
2088
11852
1279
3360
3188
2944
16995
3948
5184
5369
11104
3025
11439
24225
10785
7845
3522
4781
9046
9269
15282
2926
1967
7267
8870
2988
2673
1260
8173
2653
6399
2315
10523
9197
5136
3369
7693
3772
2938
1068
7261
13264
6552
1265
14629
4687
6911
27037
6996
5233
4876
6112
14026
3786
4402
3822
17578
5452
6696
2424
8822
7658
5986
6976
2838
12048
4613
4582
4759
9781
13664
7850
5770
4251
10225
26097
6682
2253
3544
18653
7501
26386
6896
1027
8206
2837
4917
8876
7392
9407
23811
4227
2334
33903
3611
3617
6854
5009
8285
3609
3189
4087
2968
10871
5462
3257
1694
5374
11768
6525
2128
15124
2179
6369
1934
6332
5914
3674
3739
26719
9654
6658
8225
5539
3682
2159
4478
12061
2299
10914
9500
14216
16778
4104
6123
7646
10432
4415
10578
2347
19986
2147
9341
3832
4361
5109
4625
31553
21088
10255
1120
11006
3285
2877
3175
8717
6247
1128
2579
17819
9853
22985
12421
2881
11423
2929
8270
7702
2346
8959
3984
3093
5739
8974
5856
3795
5218
26875
7018
1731
12190
8392
4611
26310
6537
1270
2608
9840
6981
5075
9165
7382
9538
2172
12377
3115
6399
32956
4534
1890
19627
3709
1979
3449
6229
10173
1533
2440
4266
5483
2693
16283
10765
7986
2763
1603
10072
7658
5533
1829
4423
4560
3494
11050
2424
11971
13718
2705
6331
2427
2690
4745
2401
6097
6959
4042
4818
6428
2965
10604
17193
15917
4702
4619
4969
9010
15828
7178
8517
7884
8823
3161
12456
8840
26201
5108
6118
3766
10220
7296
3689
7291
4323
2006
3468
3817
1038
20448
4004
1625
6140
2462
3388
9293
5378
7869
12931
5926
4543
5357
7979
9964
10992
3871
18526
10456
4836
5015
6797
1778
3267
4329
6672
7276
17986
9485
10172
4665
10418
13936
9693
2576
4704
26508
8778
3853
8790
7756
3389
5793
4223
17334
3040
12514
3417
10414
5193
9124
14273
6998
25444
6751
30620
16754
8567
2820
4326
2792
3041
3233
5275
10105
4937
4952
13020
6312
2924
3268
1594
1840
1785
1445
3901
4563
10994
3924
6021
13201
10483
5019
4422
5085
5757
22422
3163
1729
26854
13243
2447
6553
8476
4146
3255
4022
7541
14843
7111
6727
4431
4380
8084
5486
12688
7607
12133
10111
6915
5222
5428
13152
7019
7321
2992
6233
4604
2074
4564
3757
2575
3023
3314
6770
5899
6416
15933
4166
3180
5428
34193
6292
1398
2891
6200
5214
15543
9040
10433
3678
4055
3911
5187
4145
9193
6109
5781
5390
22895
4298
5603
4867
2414
4056
2414
2829
2990
2303
4165
6374
1195
5698
2977
3193
4360
4234
12489
13485
6970
3125
6098
2878
8618
8772
8249
4612
18747
10106
7288
7781
8347
7536
3806
27897
4717
12186
1683
10592
5812
4249
8828
6881
7517
13036
8782
7844
4221
1943
4649
7321
16919
4166
7605
7962
7075
5418
16585
7055
8812
9675
3601
4189
1025
7938
19065
4893
1471
4279
19299
5698
4973
7434
6001
4518
9542
13138
699
3234
4906
1770
2902
2235
14258
7991
4555
3618
5387
16175
3771
8879
11348
11478
6284
4210
5814
5635
6732
4691
6488
1320
4668
4780
3890
19316
7806
9468
17098
15516
18740
12832
3729
6618
2694
4333
2166
11194
19438
12314
1859
10333
1036
6916
10997
2520
4889
2119
2107
14535
1565
6682
2170
2051
2684
4281
2572
7398
2789
24096
8983
7841
12640
1354
1959
5875
9524
2293
16252
3628
6235
5460
12929
10257
4973
9698
768
4004
3460
6074
12206
2373
4243
3212
1776
6795
9057
18819
9860
9462
4406
2372
2806
15045
5050
4211
7153
4752
4180
7083
12035
6359
5646
16324
2145
24914
11497
4844
6970
14793
5704
4412
6796
18141
3089
6482
7293
23709
5785
12846
2348
13815
7016
12443
18455
6229
3834
5477
3056
3807
2924
12742
11962
2121
6241
20188
11254
11180
4517
5814
13226
4570
30655
11511
5120
2372
8378
18058
5687
4468
14879
2584
3952
11569
9735
3773
7201
6061
4253
8360
7482
4670
1832
9915
25807
1429
6882
9571
13863
18264
6557
6638
4239
3801
10592
5311
6943
11970
2014
3332
2657
3330
3838
54170
3262
5836
2516
2261
8259
2308
8927
11801
6855
4726
19502
4051
2998
2030
6663
3877
30326
2526
20863
3175
5184
13367
8384
7400
3994
1762
2630
4915
10039
2885
2476
14399
6708
3037
8720
5300
15573
2126
7118
9960
2310
6252
8984
17276
4370
7589
10360
2277
10777
11902
3049
3181
8113
15064
3003
14202
4042
7255
6589
2227
22809
7510
4542
32518
14987
15789
6563
2520
13439
6151
2457
16296
5010
12556
7203
3640
8513
7395
4729
8128
3580
10008
4182
8831
10413
8154
5510
4298
10428
10192
4988
10526
4577
7653
3299
6646
10367
21913
4597
3350
23897
6538
12624
13159
8178
4307
7177
3491
20890
7301
3617
6949
9300
12093
7909
1328
6346
6294
10069
10581
5547
6767
1832
5994
5278
1741
4670
8756
5227
7848
3603
21778
5109
2022
1648
4557
6160
18235
9547
3482
4169
2167
4747
8040
8197
5953
2969
10976
1780
7911
12722
11974
1872
15839
3569
4391
2605
14738
16583
6610
5426
2314
13128
3878
10332
23442
6255
2706
8755
8446
3615
6581
5119
15301
10343
8286
2649
3954
5138
20308
9724
3162
5375
6619
3920
5359
15919
15273
7040
6508
3218
8583
4255
2191
31086
5668
8932
7806
4345
3571
7331
8595
19099
1631
14356
18181
6311
7897
15376
11480
7952
12400
16968
8922
14940
3843
2052
4950
19110
6156
24558
17781
10433
4322
6918
27716
10507
2704
8443
12048
3677
16550
3920
8732
3761
3390
3676
767
6051
6468
4311
1953
18222
9682
10984
1514
2630
4683
2704
3945
2176
15632
22922
7882
9256
8676
5633
21474
22112
2849
6854
6119
27590
2710
4385
10824
29359
5315
10993
7928
2216
