4896
5397
7043
3247
6996
10348
9445
4622
8463
1886
6352
3425
4472
3486
4580
7259
5385
4909
2278
5552
1835
7063
10552
2243
3940
7767
2921
3055
7268
4705
1751
6201
1894
9285
2736
3465
4427
4960
1926
1669
2173
14869
4071
8212
3813
3109
5687
4331
2142
2318
6629
1958
4699
6302
1003
5579
3852
4274
3170
3350
2318
2478
5933
2699
4816
9733
2186
5298
6368
5170
1428
4456
2483
4390
1543
12993
2034
1840
3272
3244
5641
5154
1771
5296
5485
5324
3223
3473
3008
1768
7365
3222
6664
3840
1391
5911
12046
4041
5370
1039
7153
12192
4039
3296
15684
3625
4825
4080
5905
10239
3628
4485
7359
3509
3255
827
2463
10788
2583
3355
4836
4197
1359
2856
2009
3540
12437
4895
1676
5486
3231
3521
2054
3269
1065
4847
3516
11707
2792
5211
1835
5298
2094
9174
5283
2257
4207
5843
989
5020
1861
4751
3248
5086
1217
3033
2310
2213
8195
8069
3098
4538
2367
3496
3977
6001
2683
14353
1753
4865
4936
8747
5567
3169
8304
4186
5977
6583
1704
4371
10456
3939
4222
3309
8761
4065
3571
7119
14938
8350
2060
3055
6164
3308
4946
5358
6254
6271
3565
3760
5562
3682
2093
5109
2908
4369
4542
1614
2768
3769
2164
1861
4387
2672
2168
4324
3126
7074
3354
1976
5340
5480
2507
5079
2256
3794
6445
1032
6646
5046
2390
1938
3187
7003
3514
2311
2076
3869
2418
2553
4629
3332
6017
2837
3917
3159
6491
4245
5052
2744
2949
7507
3133
9533
13818
4018
3192
4450
3854
3250
13004
2060
4814
2938
2946
748
6051
3004
5121
2628
4261
5162
7282
2857
4856
1801
3885
6713
2079
6422
5651
3759
10537
3402
8582
2305
7987
8960
5669
2375
9094
2505
3924
2393
7284
3909
2695
6928
5340
5734
1140
8945
3468
1346
2695
4919
5151
5556
4055
3217
3993
9351
4063
1449
1959
4620
5956
3182
5883
12515
10389
5041
2131
10288
3464
5053
1113
4729
4453
5231
1858
11257
4372
4363
10359
3554
4030
3098
5221
4829
7303
6415
1661
3443
2664
3274
7268
3834
7960
9698
2462
4733
4797
5081
6741
9314
12488
4019
8257
3718
2086
7259
3184
5946
3273
3541
2474
4122
2038
5603
3917
4265
7229
7153
2948
4683
4277
3016
5324
6175
2815
3067
9818
4578
3753
4250
5983
13607
2682
2640
4112
5172
2272
9850
16895
5713
3186
6263
3797
1476
6752
2751
3472
2131
10441
3625
1100
1801
3257
6385
8907
3494
4860
2994
5788
1317
4748
2032
5690
3326
3776
3932
3938
1911
5344
8957
6088
10219
3255
4158
8925
8236
5111
1912
9711
7034
3951
4253
1989
2986
2745
2209
5671
3101
4384
3277
12614
2922
10637
5922
3820
3348
2645
4033
4729
2559
4088
10681
3894
14252
8128
6261
3418
15672
2584
2817
7548
4736
5155
3216
5525
2704
5396
5604
7928
2873
2904
4624
7609
6152
3676
8684
8544
5224
4425
2795
2439
2691
5621
2322
4285
3071
5573
3558
7440
2442
3908
3620
1487
5492
3428
4798
6428
2121
5114
4398
7177
1833
8156
2313
2988
15587
4622
3528
4743
3493
2937
4476
4654
3154
5179
5982
7288
17216
3519
13899
3889
6463
8598
3070
10837
8501
2569
7698
4814
5284
5993
4776
2208
6024
1583
2767
1606
2207
5641
1863
4103
6457
3766
4298
2718
3752
3536
5773
3078
18087
3793
5848
1316
1647
3674
1696
8792
6549
3205
1741
4386
2278
7144
2374
5354
4609
5481
4520
2154
14610
19238
3004
3503
2181
4230
7043
11115
5883
1592
5889
3625
3866
10634
4356
4617
6522
3621
2033
4770
4629
6521
2087
4679
5574
5166
2897
15824
1252
6508
3514
7319
1674
3418
975
3885
6235
9059
1819
4895
9221
2890
2332
3178
800
8441
5762
6715
2753
4727
3705
3616
1294
8475
1673
9408
3492
1972
2596
4769
6676
1848
1927
1979
2326
3681
3114
1954
2296
2873
5086
5569
6129
3225
6288
4381
4068
3443
14644
4227
2155
3359
4433
2588
4081
3093
1744
4139
6861
4216
4689
3308
4148
4750
6080
10208
10004
4127
6901
5201
2011
3231
5733
3605
2240
2466
5145
6912
3515
5493
3522
2858
2135
7250
3293
3951
3713
6411
1423
1034
2817
5639
13434
5037
7617
3477
1534
3151
10241
5520
1470
4159
2134
837
2789
7471
5023
3435
6137
5888
1600
6683
6012
4119
1939
2291
4722
4241
2644
3225
1632
4055
6079
2682
2498
1475
4289
5312
6102
5753
4474
10124
3067
1583
9222
5274
4769
4425
4958
2705
2863
4758
10871
7083
4776
4662
9703
3341
4874
2236
1820
4716
3007
2314
5116
6257
10595
6373
4904
4338
12281
3244
1833
3999
6720
4281
2546
12914
17291
1893
4487
6029
5559
2130
2358
3155
4709
2947
7055
2996
1874
4367
3513
2932
5056
2857
3482
4760
2748
2493
2528
5956
2566
4688
4907
3726
11108
6158
3026
2821
10480
2394
4560
1482
3221
2575
7265
7093
6806
3375
6961
11507
4442
3943
2740
4242
2817
2733
2600
2076
4614
4842
3821
7636
7974
3798
2878
7520
4577
2106
9435
6992
6672
2622
7526
4623
6472
9070
2524
2413
4115
3749
2863
4075
4675
6552
3033
2225
9274
9936
5256
2545
1566
8040
3083
2599
2789
2547
2478
3255
5678
2824
2873
7040
2415
5044
2541
6091
5363
2281
1951
7986
3459
2772
2078
2230
7453
2200
2271
4093
5968
6476
7792
2510
5126
7254
4218
3938
4479
4907
4292
2870
4423
3570
3240
3402
1835
3793
5902
1121
2246
1589
8904
3048
3739
9054
9013
2892
4302
3629
1587
1906
3706
5474
3182
4782
4644
5536
4420
3164
6780
5590
2600
9736
3691
11958
5635
3476
3712
5411
4614
3706
3181
3816
2783
4138
7792
6758
4102
6066
1623
2171
4532
2453
3037
10455
3808
5980
1942
6116
2755
7000
5064
3471
7636
2581
3527
3164
4956
3284
4277
5143
3230
2788
4177
3500
3080
2090
2670
7037
6030
7205
6815
4986
1617
5210
3245
2461
2751
5596
2317
11460
3068
10292
1319
6623
5394
2805
2326
5243
2032
2084
6788
11537
5792
1626
2574
2305
2695
2366
2691
6014
2514
3203
2662
5729
4329
2602
4702
2586
1318
9629
7895
2526
3440
7214
6708
3396
5815
13871
4744
2731
3135
4066
2703
2001
3818
3796
2744
4388
2856
4460
5298
3150
7341
3132
3205
6051
1866
5891
3206
9737
5477
4897
2841
3425
9743
6818
1069
3366
14157
12334
4400
3068
3987
1336
4840
1785
3368
3138
3114
10104
7324
4504
4255
4588
2452
1454
2404
2148
3389
3584
2597
5364
3055
3467
3748
7092
1753
6828
3312
2601
11149
5845
18692
6905
6050
3935
3519
3225
4387
5080
6682
6291
4176
4062
8298
7077
2743
3379
7543
6652
2220
4130
1419
4986
4025
3208
3911
4077
4199
4695
1517
6970
6327
3694
3631
5080
10412
6614
2793
4927
5357
3647
3067
5672
1577
7570
3255
1642
6784
5628
9789
3394
7272
958
1535
2552
2479
3558
2517
4011
2824
5120
7012
968
2766
6341
5865
2254
9127
3100
6106
3135
2096
5808
5091
17651
5742
6916
4118
4025
6893
8308
5601
3145
4729
4449
6574
3815
3696
1401
4216
6324
2690
1268
4051
1355
1540
2458
3642
953
3461
2011
2404
3361
4187
3687
3557
2217
2033
6665
8593
3147
3427
5241
10513
2961
8947
3379
4963
4070
6661
1823
1832
3260
2780
8007
2797
3338
3677
3609
3564
1683
2159
6872
9748
8658
3341
5297
3218
9259
4675
2481
8850
4456
4113
2889
6051
2327
3077
4553
3017
7482
5438
3330
3616
1496
5989
4886
2340
1859
3531
8737
6245
2905
3840
5984
4333
6500
5134
3218
3346
2541
7217
8452
6831
8615
11036
3975
3757
3590
2110
5056
3792
11972
5460
5401
2013
2431
3432
9629
5378
6451
7746
3661
2523
14527
2009
4388
5673
5462
1524
3067
8124
8005
3501
2326
5716
3766
2008
4150
2894
3095
2403
3285
3179
2778
7381
4623
6713
2280
564
2285
5977
2343
1583
2187
1246
4694
6534
1382
6671
6764
2312
4491
1969
5069
1614
7653
5455
3971
6891
8048
9214
4583
3699
6948
6923
4784
5512
1500
4115
3721
2826
5466
8149
3631
6313
4575
4399
2193
9853
5837
2276
1881
3422
7000
8706
6113
3629
3350
13278
3155
9166
3348
4241
4894
2684
5161
2813
5754
2678
9161
7541
2427
7130
3646
5495
9892
1620
1880
11132
5126
2381
2964
16189
3817
3553
6485
5241
10724
3246
5159
2041
3950
1864
3174
7408
5910
895
2666
4539
2950
7600
6080
2754
12039
8417
2560
2713
12001
1582
4748
6523
3334
3728
1599
5490
1794
3075
3509
2865
2690
7674
3655
3725
3620
5085
2898
1737
2661
3411
9304
6540
9941
4659
6305
3015
3491
6785
3091
7209
2243
5259
4907
4616
6124
3289
4475
3239
6955
1489
2454
2109
4309
10669
8842
3888
5230
8563
4420
2679
1426
5937
2112
4346
6131
1959
1749
5851
3552
6024
6376
6010
4206
8692
2230
4806
2302
8091
2088
4333
3626
3876
5199
2232
4342
2360
4544
2152
4837
1530
4323
3054
3077
3021
8345
2657
7288
3651
10310
2436
9222
4427
2230
5364
2160
2235
6989
9810
2427
1600
8779
3092
2752
5986
5371
2015
4366
6082
12930
4188
3300
1403
3179
3736
2703
2223
2008
3551
1767
8170
1901
5322
3985
1871
10353
2930
3362
7571
4079
4422
7062
5048
5756
7167
2675
3367
9830
3649
1029
1001
5382
4177
4720
1346
3871
2867
3715
7491
2175
1298
5782
7525
6410
4761
2123
3222
5405
3868
5302
5038
7348
3205
1781
6762
3721
1238
7839
2205
3380
2271
3283
3520
2596
6416
1867
4482
14040
4393
3699
2052
3187
4617
3695
3244
5910
1948
1724
5596
2586
1989
2618
3838
4651
2443
5179
6870
2849
4161
5852
1208
4295
2797
2489
4931
9654
11168
4910
6345
4949
3886
11361
2354
9733
6918
2359
2012
8181
4148
4277
1287
3714
4205
5672
6549
8264
3941
5393
2331
2172
14123
3686
2907
9629
6735
1642
1992
2911
3472
11088
1398
7714
4586
6859
4053
2106
3255
4313
4251
1738
3869
9053
2466
5377
1324
3230
4881
2600
5026
5425
3273
5309
7608
5904
7488
3943
5209
3496
3456
3451
2692
9607
2227
2044
6008
3529
1109
2511
4893
2477
3522
2264
1907
7555
2125
7076
1780
2919
9818
4113
10188
5364
2912
4321
5351
12352
4612
5207
2659
5850
1644
3965
6610
3848
2321
8486
3868
1954
5551
2582
8480
4761
9703
4514
2661
5611
3427
9563
5478
2408
12160
3976
1164
3541
1508
9389
6558
2216
4356
2975
2838
1342
4851
2863
1486
3466
3359
4315
1515
5443
4277
4501
3855
2449
1789
2426
3882
4157
4342
5427
3609
3050
10177
5181
17716
11720
5280
4009
5392
3517
1587
1520
4416
5256
2489
2591
7630
6907
6528
3918
4896
5866
7843
3626
2370
7405
3292
3562
2730
4971
3174
2327
2417
1903
7806
2079
16460
3009
3560
7860
1838
1778
8847
4479
7597
3703
6053
5372
11976
4878
4606
4050
3624
3579
7988
3931
8069
2095
6743
2586
3228
3938
9340
4375
10051
2948
4484
8241
7590
4237
7426
4492
3734
3905
11044
8029
3880
4472
6233
6199
3279
2664
2311
9521
4010
5515
3969
6095
8503
2015
5762
9663
5541
2425
5725
2770
1188
5453
2414
4419
7445
8211
1225
5957
3304
4662
7431
6918
9451
3162
2053
2800
3772
11146
2885
6582
4736
9232
6070
5144
2021
2717
1214
9383
3842
4216
2305
3937
2672
3880
2933
4454
3624
1432
3608
8165
6595
2259
1186
2714
3032
4498
7775
4135
9013
10644
8513
6993
2140
2904
2557
2428
4741
3396
2567
4538
2782
2598
3955
6769
4010
3644
2621
2357
3478
4931
2917
3967
3038
5495
6023
2050
4056
6274
2579
1444
5281
2472
2420
22111
1715
4522
3722
1575
4283
1338
10489
5091
7223
4420
3819
6430
4634
5870
2770
3334
4831
3097
2744
6407
10752
2267
5620
6020
2905
12723
5397
2523
3827
1757
4664
8979
3273
4253
6042
10629
6722
4541
4541
2494
4611
5051
3594
4817
2168
4129
9231
2258
4980
1381
2902
8424
3389
2997
2786
10245
2330
9883
4033
3614
3933
2263
2662
5626
5846
4272
1917
9807
3456
2734
4026
2344
2328
3158
1540
2671
9310
5448
2600
3045
6007
10385
2487
6776
3699
6705
4123
4969
7519
2738
2371
3239
4279
5375
1323
6936
1943
3634
10299
4749
5007
1298
5107
3591
8161
7156
7413
3491
1699
4848
3911
11942
2212
5920
13433
3918
4086
4906
4448
3657
6054
17180
3032
3654
4464
2778
3539
4978
3157
4626
3713
10833
7545
3262
5726
1835
2921
3158
11041
7291
8950
2996
5523
4823
2026
5249
2754
5811
4905
4773
3696
2662
8049
12107
1329
6040
9317
5265
8947
2732
5023
3815
5420
8494
7729
3786
1708
12155
7261
2839
4043
6294
3631
2353
5845
4142
9815
5832
7484
3031
5686
3109
2229
3260
5289
2003
1196
1977
7825
3750
3994
5499
3620
4087
2979
2270
6064
3663
2527
1587
1943
2558
6083
6517
4305
2631
7982
7402
2377
6700
6130
4610
7157
6090
3348
2195
3672
2603
7804
2383
5143
2301
2746
2637
3210
6013
1676
4615
3202
2625
2750
3031
9484
5358
7063
7431
5193
3373
2284
3545
3732
2472
2228
2251
6004
4778
6919
5469
3593
4811
5782
3731
3078
8500
2353
4032
4892
5095
3551
2871
4654
3650
4471
4034
5684
4796
3090
3692
2883
3469
3232
4159
6569
8473
4849
3876
2767
8437
5861
5478
2870
11637
3148
3064
2501
1188
6626
5155
2030
7533
2805
10801
2409
6641
4211
9380
8742
6066
3540
3670
3139
5950
2176
5755
3267
3232
1615
2399
5495
11406
8271
6173
3351
4420
3158
5073
1361
5369
7487
2186
7451
1974
1330
4495
8550
3455
7056
3342
4070
6176
3259
8749
2348
8442
4569
2216
5215
3385
3917
2175
6842
3205
1914
5506
4507
1678
7598
3005
2928
5500
8160
2405
4551
2848
9733
3109
7201
6774
2327
1372
4540
1641
3138
2431
3093
2040
1425
4035
3717
5110
2655
6986
2603
5676
4491
4504
2807
4944
2568
3348
5486
4130
3905
2391
4062
3440
6768
5148
6615
17059
7630
8858
2310
3281
1286
2744
4719
7851
4935
4421
2295
3745
15855
3418
12834
2338
6366
3777
2843
3209
8202
12314
2881
6995
3770
3219
8755
6542
3423
2914
844
4727
4133
4760
3146
2502
4723
4037
3643
1204
3881
3407
1450
6156
4508
1240
3936
5795
5018
4035
4761
9292
3926
9287
3538
5584
4198
20086
14471
4613
3434
5812
2855
3271
3948
2198
3979
4290
4099
1335
1662
2587
5747
7573
7491
4752
5084
2747
3926
5359
3018
12502
4039
5121
3517
3577
4563
5269
4882
4411
3591
2623
2959
2281
11263
4745
4568
18332
8195
8406
4351
4398
4315
3432
3733
3465
9623
4800
11046
5367
3280
7884
3288
3763
2557
3624
5958
4489
1940
7534
3906
2911
7661
6380
5379
3306
4450
11625
6947
2658
5257
1991
5559
1336
5861
2636
5621
3966
3027
2269
3450
2021
5499
4975
4862
8565
5924
3624
6891
1252
6777
5934
6557
2297
5842
4487
9093
3832
7187
3570
1812
4337
2181
3228
3754
1531
10062
11181
6532
6115
6948
3823
3444
7325
4161
6493
2873
2613
3149
2770
7228
4078
4661
3506
5763
5960
5204
3827
8462
3657
2230
2479
1422
2428
2656
5458
2851
6183
5394
4855
5803
6031
2807
2428
5686
2545
3897
5200
6229
1606
4909
6240
10825
1613
3401
2755
2768
7580
4289
3995
6135
3691
3118
1732
13363
7531
3595
6246
4079
3489
8590
2819
3297
6041
3305
6084
2996
8172
12746
6451
3271
1816
1963
3377
3448
5024
2541
3476
6080
6707
5205
3395
5818
4357
5644
12634
2154
6196
5222
10428
1511
8258
5513
7645
3847
5012
3446
6412
2891
2911
4401
3735
11145
5864
3138
6214
4668
2584
4528
4652
2558
4632
8855
2471
2938
4095
6840
4043
12129
4812
4803
1659
9043
5172
4982
3363
9164
2321
4086
12498
2206
5419
2845
8050
2786
4995
4183
4608
2802
6059
1973
6008
1982
6466
1787
2105
16144
3229
4382
3271
5106
5292
3338
4961
8265
6623
2031
2868
2296
3106
3297
4922
2069
6420
4595
2173
5319
1507
3449
2612
7200
4177
3371
5684
13657
9260
3941
3890
11122
7469
5389
3958
1913
4814
2594
4219
12241
4594
2401
5539
7834
2854
4595
2209
5068
6855
1222
8364
5315
4398
9084
3822
2476
3007
6288
8200
1958
4111
1795
12546
2451
2193
7069
3152
4148
1464
3127
2647
9085
8789
3964
3079
3828
3784
3739
2917
5118
5626
2109
3494
2825
1750
2575
2437
2027
4431
2672
4655
9822
4262
13395
2511
3860
9267
1784
3247
3253
3872
2913
2101
6207
6359
9804
1981
5058
1537
3525
4546
3780
3784
3066
5059
4649
3790
2755
8782
2418
6247
4210
2902
6142
2738
3161
4631
1725
3927
6195
3969
1642
2560
2296
2836
2744
5401
7978
4920
2926
5517
3939
5419
2487
1845
4946
1625
8548
3294
13970
3581
2284
4440
7159
12831
2371
1967
5550
3127
9006
6744
4573
2289
5600
6935
2583
5058
7979
1585
2699
3294
2526
2401
8359
4189
3206
3540
1997
4592
2780
6167
2086
3317
5856
1952
1438
6268
1301
3169
4413
6735
2772
2552
4023
4060
2873
3919
4230
6544
8330
9399
2580
2544
3282
2964
11015
3147
2615
8198
3566
4194
3924
7805
1661
2076
3643
2855
5173
1400
1954
3956
7799
1234
6686
3558
1878
3741
3242
2768
3082
3936
2598
3708
2012
9023
10576
1274
2123
4773
5771
3270
5119
5345
6113
4076
3289
5879
8522
7207
4660
2161
4946
3713
7108
1408
7866
3213
4887
760
4939
4629
4054
1580
1339
3304
12053
13821
9323
2869
5781
9013
6962
6687
3922
3378
3266
6491
4890
7770
3374
2412
3815
2695
6323
4124
2504
1525
4269
8541
3852
2727
5022
7204
3699
2485
6539
1831
3714
3702
2612
4783
5318
3888
1738
4181
5098
3519
5796
1724
4228
2503
6838
3697
4534
3174
5859
16956
6379
4979
3903
5688
9978
6476
7722
5540
3141
5163
5303
8351
2470
11035
3705
6390
3334
8236
4865
5655
4558
3880
4355
11508
5127
4537
3286
6692
4033
4418
1230
3614
3830
2936
9438
1872
2256
3298
2369
2508
5957
7582
2419
3274
5326
2509
2778
9132
2744
1817
3665
4583
3384
2720
2586
2643
3003
4496
7010
3154
4272
9527
8464
4709
9809
1973
6372
3162
3210
3658
5220
3869
6873
2147
9468
2149
5344
5041
4434
8817
4166
4491
1557
2269
5447
5194
3484
8916
4809
2876
2170
5540
4760
4587
3885
3751
3620
8263
1450
2458
6284
2262
9705
5418
9652
6033
1282
8141
4243
2680
2944
6393
1931
1657
4564
6162
6008
2484
4705
2247
6975
5018
2847
3506
4616
5274
3550
5240
3626
863
9606
3783
3398
1079
5164
4317
2333
2154
3000
4078
4967
13712
2839
9292
4960
2534
2885
3817
4270
4844
5858
7228
6097
2004
5274
2411
6503
4318
4777
2588
4960
2036
1703
2197
4261
3993
4290
3694
1523
4019
7260
3929
2149
5098
6189
8669
2025
5734
5038
2906
8561
6249
3883
12520
3467
6160
2161
10284
3090
1524
12632
3568
1577
2898
5851
6004
3500
5395
2849
2874
3021
1735
6172
4810
1857
2325
5689
2360
4956
1801
3087
4270
2187
1562
7350
5053
8662
2940
3460
3919
7188
5202
4951
5094
4323
4517
6263
6799
4388
5403
2487
9681
4592
6049
3719
5800
2990
1937
4948
2654
2600
1491
4518
2959
8924
3309
2548
7962
3398
4627
3141
3359
6224
3507
2531
2918
3047
10088
1945
6272
4477
3375
7366
3644
3058
4407
7278
3802
2511
3204
5416
7913
3745
4167
3328
2552
1873
5657
4054
4681
2759
3625
1765
2064
6704
2690
3726
3349
4837
3154
6489
4069
5848
6219
7620
6582
8731
4138
12651
3528
3283
2104
7648
14506
3175
2230
1632
10994
1946
4693
3181
3731
5474
4123
1155
4453
2571
3315
5711
4416
2378
10810
5763
19873
2342
3636
3933
4273
1971
1908
4453
3220
7045
6611
2852
3799
3278
1847
3851
6680
3831
2857
3686
3426
1991
8376
3654
2512
3448
2315
9085
1147
5403
6422
6674
9080
1453
4322
5097
2621
4736
3782
3225
5398
5724
9293
2545
9921
1872
5115
3779
3834
6824
3604
3558
3117
4465
2803
7814
2159
2089
4766
9898
3571
3629
5500
2905
7429
2587
6125
3393
1927
3932
2132
1675
4649
5253
2907
3017
4620
2554
2171
4101
9109
5741
6149
4127
4106
3055
1555
3054
3663
7439
4673
2197
8076
2303
1905
6754
2886
6731
12887
3419
5617
5443
2520
4756
8665
6214
3836
3643
3394
8781
4627
5021
4765
4381
5381
4460
1588
6298
1776
10645
5438
4353
4929
7753
2879
1843
1295
8126
4643
5520
4679
1668
5060
2660
1296
4810
4433
3946
4462
3309
6359
7080
6334
11934
5885
8616
1438
2255
1257
4730
9360
15858
4455
5556
4588
5378
3690
1738
2861
4814
3423
3278
2069
2627
3935
3614
3111
3606
3293
12235
2641
7987
5755
4142
2885
2877
3664
4469
4103
2471
3302
3629
1453
5041
4970
7218
3742
5204
3731
1666
2459
5878
3777
8277
3969
9844
2327
5270
3115
3842
4077
6233
4182
6843
4259
4525
11776
1868
2690
8779
10301
2899
5668
5240
7687
5740
2227
7650
4685
3181
3556
3738
4708
5813
2790
4445
3412
2686
1927
9367
4330
3415
4824
3161
3451
5153
4891
11001
2754
5305
13457
2449
9775
2690
1994
3970
4553
3598
6410
1559
5218
1375
5424
2784
3480
4465
3671
1833
4656
4070
5946
1590
4026
5846
5799
6458
12790
1662
2642
1836
3209
1783
3766
5336
9636
7930
2662
5691
10472
5308
2210
2836
10405
3021
3102
4528
4169
2906
3293
1571
2522
2503
7485
6858
3006
4191
3235
3332
10840
4491
5037
5473
2178
4429
1891
4647
2414
3285
4134
1532
4473
3752
2676
5985
2202
5436
1745
2551
3128
3791
9323
5595
12811
1381
5515
2471
2371
5053
5972
5479
3151
5281
2640
3186
2499
3400
6859
3647
10032
2850
4668
18752
6130
2552
10616
5089
1327
7897
7880
3789
5393
7110
3487
2572
7900
8196
6517
3147
3280
2907
3491
4165
4415
4383
5701
5541
4585
2803
2105
5147
5451
11435
1359
7827
5098
3369
4270
2946
1138
4288
4202
3290
8716
2661
3857
2168
9486
3004
9340
7718
4584
4544
1628
6245
2253
4308
7134
7323
3022
5126
2459
5311
5066
2510
4147
2457
8824
7689
6404
3158
3414
3671
2166
8392
3515
1880
4006
3367
2597
4279
6223
8511
6641
1970
2920
4626
3185
2346
5774
1414
2911
2783
4458
6674
3093
4457
2950
3513
7271
7491
1257
5616
8262
3461
10418
5238
3714
7654
4814
4869
5740
2079
5086
2360
7484
3620
9635
3134
3831
5122
3276
3410
10435
3303
4612
8385
2900
5098
2284
3761
2979
3621
4274
16127
5506
1480
2901
4758
6902
5251
2615
5951
14632
2233
2471
5951
6299
4545
9152
2682
3048
6537
10969
1294
1377
10052
4990
1735
4521
3503
2764
1686
4945
10207
13918
3012
4047
4647
1152
3185
8141
3234
7706
3297
5767
5068
2120
3832
4673
7653
2581
1862
7703
2680
1269
5235
6728
1969
2731
8114
4624
4643
5545
2379
5765
2542
22338
8260
5517
2114
4130
3167
2307
3773
5452
4754
2899
2042
5389
3064
5680
2137
12046
2720
1541
3959
11959
4935
4548
2881
2620
3035
1522
3553
4131
2718
10486
2053
4900
2071
5810
3241
2935
4322
3295
2647
1579
3762
5040
3665
4974
2601
6141
3457
5136
4887
5300
7012
4177
6448
3511
2585
9682
5052
3835
7081
2677
3372
3748
5771
10335
4262
4504
10371
4539
3399
7915
23620
7105
3683
7495
5463
8314
4788
3555
4768
2361
6436
4678
3844
6757
1659
3761
9846
4445
4774
5112
7937
7167
2072
4724
5361
1674
4419
3633
2994
8809
9254
4700
1773
2609
2683
1840
15725
5154
2615
3076
2340
2037
7056
1525
2625
3827
2989
3730
9051
8734
2128
5180
3548
3632
2380
5203
7032
7207
5469
1836
4271
2322
3545
2541
5538
4983
2363
2700
7007
4530
2227
2573
2967
6240
2098
2738
2176
3656
2708
5009
1621
2671
3437
1890
7535
2688
2147
4032
10890
5523
5231
3723
4446
5100
2712
1340
6073
4022
8672
5225
4607
3141
3112
5348
7025
3689
3793
3802
9261
7168
14270
2793
2146
2581
3417
2660
3834
3846
3435
4524
8558
4221
4461
1578
3928
7498
3606
4976
4059
3684
2935
7064
2871
1941
3568
4554
3865
3226
9143
4412
2175
3470
1032
5540
4665
3123
4782
2647
2759
3027
9686
3418
3160
9039
3344
2041
5345
9331
2138
3471
5893
3827
2116
3972
3982
3969
13756
6318
1900
3731
4392
3411
5517
7163
2815
5307
7694
3063
3994
3120
4964
7843
4719
7960
923
1767
3865
12735
7100
1655
6434
8044
2089
4894
7547
8062
5516
8197
4725
3861
3380
4379
4323
6000
2627
3487
16897
4258
7169
5634
3733
7171
2897
2631
7398
3957
4493
3219
6052
2209
7649
2599
4362
10484
1403
4259
4376
2252
5012
5197
2376
2659
1600
3026
4374
6961
5811
7572
5978
4495
7212
8882
7476
1114
6402
5407
5762
2377
2447
4989
5308
4397
4353
5171
2930
2278
4196
3663
2602
8496
4865
7221
2870
2749
2707
3908
963
6211
12468
7177
3894
804
2340
3223
2213
3204
6330
4126
7657
10650
2507
4417
2704
4079
15310
1876
3795
6807
3687
2540
3925
4551
2525
4069
4210
7739
3477
4433
5844
9801
5677
7073
4141
3544
8096
4302
3985
8327
3984
4426
4894
5382
4375
9192
912
8698
8253
7152
6654
1277
7345
3029
10277
7332
4122
2455
4049
7456
10813
5641
4256
3950
2562
5572
2947
4276
1699
2520
4351
3263
7028
7488
3363
2227
4078
5995
6288
3751
1852
2352
4002
2812
5630
1569
5726
4461
2337
3536
2241
13724
3672
2393
2769
6018
12954
7489
6802
8085
2436
3573
4273
2614
5325
1971
3013
1759
4113
10544
12980
3428
4266
6816
2668
3195
6545
2492
9448
7091
5944
3504
18031
4006
4053
2043
8080
4113
3327
3955
4313
1992
5284
1797
3237
3114
6759
4318
5314
13325
6456
5802
5260
3629
2411
11159
1783
6071
2121
3544
6595
2782
4056
1543
3614
5697
4012
2102
2430
1433
4896
2417
1423
2951
3200
3433
16315
3589
6991
6403
6686
10822
1640
3511
1635
6551
3183
3356
1431
5063
3598
7694
2683
3875
3136
3267
3229
2575
2518
3293
5338
8078
4344
2087
1591
10087
7277
11065
3091
1577
6466
5974
7835
5641
5074
3848
4675
2622
3390
5341
7224
4900
3551
3765
4382
2227
3628
4634
3373
5066
9488
3213
2310
2827
7480
5551
5728
5231
4610
3014
2111
2090
5859
3763
1720
4614
7805
6243
5818
4419
10015
3174
2888
3428
2339
5210
3720
2908
3685
4305
2554
3540
2793
3961
3239
3728
5429
6471
3238
3884
3851
2194
6070
6533
2190
10398
2602
3317
3770
3764
2668
2089
4026
5540
5291
4018
3307
4924
4169
3424
8148
3258
4375
1579
3316
3054
3015
4943
2367
3153
2332
988
6739
1933
3216
5952
5414
10023
4037
6930
3744
5306
2860
2685
5702
809
3255
2651
896
9470
5862
5642
3501
5964
1275
3125
897
3189
4110
3481
2081
981
3415
4415
869
2380
6321
3165
5276
1966
2343
4140
1711
3856
2895
5662
3686
3215
7726
4667
3262
5356
1602
3070
1739
2086
4857
4701
7102
6843
2567
3743
2005
2276
2301
10966
2434
15061
12363
2712
6111
2194
2621
1927
6920
10125
7434
3582
2763
3127
10756
2794
5243
5613
4158
5314
2470
2536
2486
3136
2029
1938
4004
3340
10318
11873
1801
6759
7845
2668
2140
4113
2902
3320
2531
10508
6044
3403
2993
4908
3493
3754
3119
8901
2497
3567
1454
10436
3502
2664
4458
5517
4347
4178
6603
2643
2591
6350
2639
4068
13381
3025
890
3086
10314
7193
2701
10406
3508
4188
5598
6275
2984
3355
2098
4202
4116
9069
13156
6305
3684
3006
5523
6317
3478
13682
5870
6460
2168
3750
6617
1780
1815
1467
6133
2088
4663
6217
4958
4171
2117
4849
5218
7532
3403
5866
4336
7009
2225
1867
4085
5948
3445
2697
9933
6313
4158
1485
2063
3514
4865
12219
5721
3499
6346
6936
6625
8845
4787
5448
6612
2449
1896
5922
4765
4680
5214
7277
7229
6484
4925
3734
2054
4268
11201
2106
2389
4204
7096
4829
5276
2991
3093
1872
3173
4623
3918
5718
2419
4047
6311
1715
4141
1721
1416
1815
2098
2040
11000
8653
1843
2608
5329
5487
4485
3385
3080
7255
2500
2914
3542
3843
1682
5524
7507
6176
3868
2432
6414
2253
6221
2376
5916
12632
4736
1839
3074
1637
5353
3714
1952
12805
3679
3236
2118
9946
2821
4661
2632
3181
968
5100
2372
6752
5024
3869
1608
5150
890
1485
4801
11097
10824
5459
1302
6730
6661
3636
8663
2703
2400
2383
1583
3947
2849
6761
4556
4701
10029
12062
5919
4595
1945
4836
1029
7651
2103
5609
2579
1850
3565
3184
2104
10378
4661
7679
2447
5150
8454
6300
6746
3594
5324
4034
6226
5113
6564
8226
3006
2175
5105
8858
5330
1501
3072
4281
4559
1971
5737
2283
2118
3689
4082
6085
5276
3963
4646
6248
2151
4087
3659
2348
3829
2483
7951
9074
1946
4472
7092
7763
4883
6254
5793
2789
10122
4029
18917
9531
3127
1833
6513
1814
18044
2150
5228
4850
2211
4476
2634
7100
2659
3113
4005
4112
2734
14293
2523
7587
5749
4543
6967
5779
2902
6720
2172
2318
13646
6888
5605
7097
6986
2884
5825
3597
9518
6036
1523
2254
4884
3375
2050
7517
3630
6133
4496
10227
3949
5200
5319
7122
4856
5871
4725
4020
2096
3610
4441
8493
1704
3577
2219
5231
5263
4037
5297
6784
1777
5362
5737
3846
2832
3732
4094
4357
8830
5770
3244
4134
4099
2519
1834
2096
3406
3748
2982
7933
2629
3239
3321
2446
2322
4266
1921
1903
1404
1626
2328
1754
2764
2497
2362
3112
3477
3374
3077
13236
5672
9640
2712
10203
3579
1819
2832
2909
4775
4472
4272
3096
7469
4396
7144
3942
1917
2731
4822
7340
4472
4008
3074
2308
6646
5225
7600
2673
8686
2446
2882
4081
4068
9034
2057
2661
3061
3698
6648
3223
3217
1881
3285
2158
7394
2378
1949
4752
3993
5663
3698
4380
3079
2988
2981
7568
5086
7039
7589
4411
4372
2262
6631
6603
5647
2607
2236
8752
4829
4798
6896
2240
2088
8726
6409
8410
5303
2292
2907
5398
8692
4846
5109
2346
5577
3918
2658
2043
4788
4753
6300
5049
3380
4638
3245
4818
9764
2616
2700
9729
2426
2979
2760
4932
4389
3896
10651
3048
5548
9316
7322
10754
7455
4226
3421
3467
4668
2483
5939
6533
4801
2123
7612
1743
3778
2247
11897
6504
5177
7556
8322
8098
2277
3405
4044
3439
14326
2072
6234
4297
1732
3196
13142
2897
3202
5156
7923
3972
2379
819
10386
3810
1724
6482
10458
3182
4587
2967
10683
1407
2134
3353
2784
7010
4749
2725
4260
2008
2757
3964
3814
3752
3847
4391
4537
5783
3628
4396
6567
2382
3147
2318
6240
7857
4721
9613
3717
4930
7800
3006
2687
5040
8245
5272
10207
1940
1734
2982
11124
3546
2101
6376
4474
2302
7014
2784
3136
3014
5180
3375
14267
4240
1250
4951
3280
3488
2977
5914
5432
3425
13778
2567
4296
1739
3914
2703
3148
1684
4099
4816
7335
1676
2717
5753
8939
1843
4307
2436
4753
1934
1057
6911
2733
2497
8777
9279
3845
4275
2802
7346
9970
2381
2881
3065
2320
3589
4437
2256
2835
5201
3983
6069
5973
1904
3521
3517
1676
4079
3389
2361
4479
3967
18199
3366
8406
6534
10554
4380
7446
4073
2912
9788
6193
3510
6853
2641
2822
2152
3744
10247
4509
15708
3392
1536
4734
7206
11838
5325
6308
2831
2710
2987
3063
7181
2133
1198
914
1369
2447
5425
7120
3060
4610
5678
5039
4249
2313
2838
3625
2409
4651
2648
4222
1389
3163
2878
4521
5657
5721
5083
3797
4815
6045
2364
4329
7629
9047
10401
6382
2925
4694
4245
3436
10443
1213
5614
7382
7344
4021
3017
4556
3399
3602
1840
8393
7588
1909
1485
3905
3302
7319
6599
2564
6298
6641
3623
5796
2886
11173
6134
2513
4351
5869
1328
5745
3700
1525
4005
1355
7604
8439
2176
4677
7945
2352
3520
5233
9118
2211
3498
7145
6378
7140
4563
3210
4631
3384
7494
5544
2744
6885
4121
5307
5241
6705
2468
2087
6120
3104
3977
3912
3813
4593
2647
5580
1915
8803
4298
7114
2687
3858
2643
2423
5247
4036
1869
5408
8189
2561
3465
3953
2514
2852
2436
2952
2781
2475
3845
4465
4581
2144
3648
2383
3000
5762
8427
4662
3221
7355
1412
5610
2434
6580
2911
3460
2356
7261
2922
5674
3501
2211
20461
4817
7681
4775
4130
1915
6368
2500
2900
7086
4354
4749
5464
2813
7217
2948
6068
2350
3198
1995
3894
5064
4014
4654
3608
3771
3342
3324
4049
3278
7466
8863
2592
4771
3178
6804
7886
9989
4391
4960
11284
1975
3879
18710
8422
12404
8997
5496
3699
4721
5115
1898
2437
5522
2304
7637
8649
2337
3102
6374
3574
3980
2102
3553
7939
1674
6015
5789
3194
5265
5546
2256
4472
3436
5196
4204
4825
1884
3668
3526
1590
3257
2259
4544
1531
3199
1972
2160
5762
1233
4307
5215
4674
1722
3795
4000
2200
4284
2130
4114
1269
3442
5360
10117
5080
3121
8606
6933
10785
1472
6287
1468
1421
7445
3590
2808
6945
6672
3666
1509
2285
4540
3281
9851
1653
2540
2147
5082
2387
10580
13796
4301
8433
1891
5374
6751
2740
6723
10154
10607
7045
5405
3664
3703
5148
3635
8904
4586
4067
1729
2768
3719
4606
3194
4954
3253
6453
8339
8520
5200
4677
2076
4268
18644
9514
6031
4513
2915
3564
3932
6418
3387
11287
3209
5507
2450
4049
2536
2872
7760
1951
14196
3195
2771
13933
831
6779
2941
4763
3259
10205
7124
2006
2017
2711
7155
8811
3785
3442
8418
6873
6590
5061
3973
5285
6038
3663
3614
9925
4990
6366
4199
5495
2891
4274
2597
15057
2495
1637
5057
2354
2972
2286
4948
6586
3857
4953
3637
4743
2918
3239
4819
5218
7867
4306
4994
6433
1988
12297
4667
3425
2674
1413
4307
1902
3411
6702
2447
2297
2138
2649
11660
1692
1808
2744
2976
1402
3626
5815
5984
2287
10297
5815
2312
4473
3802
4094
4261
4258
4801
3184
2327
7269
6600
5717
2395
7839
2905
2024
2950
4109
5131
6229
5472
1537
2569
6974
2857
17269
3725
7673
5222
2907
2795
9315
1417
3147
3808
5310
9354
4438
1543
2249
4978
1540
4362
4411
1849
3621
2579
7398
4025
3730
11754
12716
1869
5836
3024
4655
4938
5354
1813
4449
8363
3226
2725
5561
2642
4103
2905
8508
1939
3480
4698
4298
5653
2492
9715
5496
6758
4346
4670
4845
5780
5521
8396
8581
10966
4592
2992
7180
3084
2682
4982
10659
2942
1815
3178
4066
4070
2159
4905
6394
5052
4342
4401
1018
2908
3568
7212
5627
4866
6532
5352
7144
2861
1872
2725
6170
8292
2396
2698
4075
7456
7207
5571
4432
4342
2349
3782
6181
3886
8231
15185
11320
8203
3199
2778
1195
6766
4169
3521
1549
5612
1807
4038
2613
3093
6621
3739
2988
4947
6176
3734
7560
1002
4490
2515
8153
3723
4004
10266
3058
6168
1886
1477
2883
2666
8974
2637
5056
3830
3239
4384
4085
3016
3175
9538
3634
4654
9384
3769
2037
2768
8197
2632
3453
7926
5733
3811
3732
6183
5144
6419
2778
4947
3896
4180
1785
3188
6267
3753
4169
3720
4201
2861
1475
6713
7914
3960
3131
2753
2958
2989
3873
4020
2994
3023
4085
2656
6839
3358
6688
2339
2978
11569
3560
9324
8837
3682
4202
3542
10223
7382
5793
7964
5022
3848
3566
7365
3260
2285
2115
4196
2656
8671
2539
2423
3726
3994
6436
2184
2084
4332
3283
6132
4676
5680
1776
5820
5176
3965
2367
2845
4861
17089
3345
2397
4892
3841
2586
2893
3252
1451
3788
4019
5518
1875
13137
4295
1757
3683
2798
4702
2484
1766
2892
4334
3709
3280
6915
1866
4459
2639
4522
1060
1777
2499
5565
6314
2818
2673
5628
7287
4267
3698
1660
8969
5288
2644
1513
5278
5323
3415
1858
6650
2661
4572
1568
4302
6029
4833
6085
3386
3633
6126
2058
2765
14427
7537
3072
3006
3108
5098
10394
4436
12922
6856
3320
3084
14431
11877
7173
3352
9628
17690
6465
2925
3645
5474
7764
3102
4147
6199
3738
1577
1593
5058
5522
5320
5977
4899
2379
1814
2381
6874
7374
3231
7269
3342
3821
3640
5060
5687
3061
2840
3629
5830
4340
4227
4669
3908
2999
3110
2157
3810
2649
2244
5058
2776
4880
4133
5644
1628
7920
4289
5918
2325
1525
2701
4244
6704
3586
4331
3018
2049
8703
5022
7194
2174
3983
6440
8219
2709
7895
9198
3927
5185
4702
2977
4824
7971
4635
6581
3535
5121
4477
2010
2155
3879
1466
3089
8893
3875
10124
5827
2155
3110
5660
2846
2697
3939
5073
2691
5884
2585
10537
10006
5006
2591
3269
3056
2203
5031
2957
7890
4383
9298
5914
3509
6751
10129
6282
3825
4798
2331
4286
2242
2492
3090
1983
11506
1504
3658
5135
4813
4265
2428
2824
3510
2252
4492
5762
1792
4507
2425
3313
3374
1900
3980
4285
1872
3599
1153
1907
3113
2617
8398
2931
4354
8473
1676
9867
4803
2441
1805
4664
3986
4495
3771
2870
7484
3267
1637
2470
4407
4774
7052
1741
3193
5457
4014
9912
5771
4120
3536
5176
5704
4482
3019
2075
11359
4793
4753
2295
4507
2512
4777
7674
2856
1716
1850
7926
1971
7371
2086
3403
2431
6633
8008
2738
4512
1989
7938
1122
1476
8702
2184
2929
3673
5600
5239
5344
1501
4313
3612
7242
10329
2647
2733
6390
4603
4943
4078
8596
1714
2157
14252
1438
7801
1463
4543
5756
3478
4020
6574
3581
4856
4892
3131
4891
11091
1876
5705
1465
6140
4692
5069
4992
2337
6800
4248
6755
2981
3821
5015
2066
5669
2063
1404
4569
11646
1961
1457
3048
7645
6207
967
7760
2309
5231
5078
6958
4157
6378
2735
1882
3195
2152
10850
5649
2675
3776
9597
4900
2631
7480
2754
5803
4641
2530
2413
5386
2258
1556
6406
4020
3555
2381
4180
5430
3243
3301
4937
3486
3586
5710
4247
3954
4327
2809
6558
4154
4365
9784
3962
2928
7111
7171
1516
7350
1835
4709
10160
11844
2385
6155
4080
2532
16180
5020
3972
2384
2601
3271
3819
3525
4079
6754
3315
2361
5175
2353
3784
2908
4377
1681
3803
5491
3607
3910
3092
4255
3798
3446
4514
2099
7111
6927
4086
3071
7049
2306
2556
3727
3858
3327
3916
4285
2895
3754
10959
6151
1249
2975
1935
2584
3630
2191
1111
5527
2708
3866
3581
5582
2778
6668
8355
7570
3829
7805
1464
5858
3582
2027
4321
3401
3797
2714
3949
5176
3401
7741
2550
3386
1693
3065
2083
5785
2344
2977
2454
4998
3496
10461
3509
5860
2838
5960
3518
3306
7462
6319
3009
3489
3201
3698
12881
5644
6190
11145
2844
2430
4900
4323
5711
2500
2573
1588
3868
3821
1805
6950
3953
12569
6016
5955
1998
2753
2827
5519
3721
10003
1746
7578
5632
10228
2707
1615
3321
2460
6377
2901
3102
2324
2272
1879
11295
4913
2892
5281
15710
4538
3669
6034
5940
5470
4072
3024
1883
5980
2147
7052
4571
1203
1852
1945
5044
8623
5923
6551
2644
3573
1704
4906
3810
5898
10679
6740
2850
10935
3307
5586
4591
3977
2074
3384
3788
13359
5171
3563
5592
3270
4636
4948
4301
1414
6925
4891
5880
2280
3342
5348
1716
7175
4454
8179
5594
4477
4555
9221
7415
2832
2833
13317
2030
3697
5451
2615
3677
1667
2806
13538
3532
1691
7850
19165
4014
1632
3695
12082
4881
4439
11010
5121
2153
3506
2132
1988
7712
3821
10629
1605
2626
3263
2364
2269
10806
1575
2845
2797
4193
3386
8416
2184
16291
5589
4612
6794
4090
3657
4974
3442
3367
4670
2964
3402
6925
4280
3273
2746
7093
9316
1965
6582
2628
2540
1676
10475
10328
3276
11717
4740
2933
9728
5637
2532
4791
3797
3993
4883
2219
4030
2726
1511
5483
2701
1757
6340
1563
10265
3658
4234
3823
5561
6239
6119
15147
4153
2871
2326
4734
1896
5894
6314
3103
5243
2779
9036
10479
1636
5896
6233
6400
3446
5448
4277
6546
3684
4409
1122
2672
2580
3400
2160
3230
3723
1020
7848
2767
1466
7249
1878
3235
2183
4750
12570
2620
5548
7879
2280
5123
8869
5792
13161
6386
5939
3479
4106
10930
3297
2021
4217
3538
3518
10165
3607
2553
2061
5099
3428
7361
4250
5016
6248
3846
4635
2246
6095
5016
4617
3988
3432
8880
4218
1707
4437
7088
2436
3437
6959
861
2911
5019
5352
3005
6612
2242
2954
4539
3403
4996
5341
4664
2694
4064
8655
2285
2085
14651
5542
7231
3102
6850
2017
3769
2790
2712
2468
3558
2400
2122
6878
2841
6550
1922
9551
4942
3094
7814
4987
17487
6167
1465
5451
3673
6523
3650
3624
6775
2856
5437
3120
12268
3173
6329
4684
4602
2479
6640
7115
5890
5029
7108
2996
1545
3876
8493
4206
2364
2058
4475
4514
5381
1034
7340
3537
3353
5996
13276
3991
4698
5633
3850
3395
8755
2034
4687
2525
2300
8814
1358
3588
7967
4065
6416
3534
2625
3685
1751
5428
2891
1788
5174
1995
3538
1931
8855
2266
2516
3215
2883
2151
15881
5351
2160
1501
4436
3050
2220
9280
6671
3962
7146
2084
8525
5670
1706
5516
4968
2428
3383
3500
8411
4511
3884
6431
4236
4510
8711
1985
2317
4269
3321
2417
3167
3355
3982
1590
1417
3808
6037
6696
1420
4354
3836
4659
6614
3944
2883
9064
2507
3487
1512
9206
7476
1677
3722
9834
3936
7256
6266
3664
3405
5585
1690
2951
4983
4534
5585
4673
3772
7516
3333
4407
2286
2971
6360
3951
9461
3349
1791
1436
5310
6972
3369
5332
5399
6708
3503
1818
3703
6355
2382
2491
1496
3707
1456
4438
2931
3187
6446
2904
1719
2061
2980
1548
4442
2717
10085
4297
2270
2725
2329
4402
3430
4459
9493
2965
1855
1517
3134
3861
4640
8845
8588
4444
3567
8386
2079
6781
2544
3376
2189
5489
1334
6856
8892
2807
3126
3063
3506
2947
5522
9689
5621
3566
2990
2516
4683
5412
1468
2454
6649
7586
2990
1732
3208
6949
5762
5072
2013
5879
1501
4815
6736
6091
3289
3370
2902
4145
3002
1331
2648
9932
3632
6568
6171
3128
2901
3737
5258
13348
4283
3093
6032
4402
9578
2569
1619
4254
3503
3538
2632
4773
3972
8326
2969
6042
9248
1621
5077
3258
11125
2878
7675
2507
2181
7087
12710
3379
3855
10814
4821
3209
12663
5061
4761
3225
2314
3138
1580
5060
4254
2047
4252
3437
2395
2947
2986
2761
6625
2447
1530
7341
9398
5582
3964
8744
3721
6620
3009
5465
4682
3962
12937
1523
4899
1495
8958
4862
2590
2343
6538
3042
4659
3025
2781
2744
3592
3091
2759
8217
3952
2941
5536
1827
2023
1516
7383
4588
4697
4058
1668
2394
2830
7023
2821
3966
4320
2884
4860
3008
10021
2438
5030
5533
2988
6836
5687
5883
5501
4992
1805
1947
2256
3959
2789
8282
7332
3518
3372
3261
5836
2898
2346
3398
2744
3966
2528
4619
6256
7695
3967
4086
3819
3198
2676
6563
2835
6812
5275
5296
3131
6471
2079
4815
9744
4691
4473
8861
2333
3440
6427
5615
5144
7074
2563
7231
3300
4599
5853
3072
4405
5879
5970
844
2728
5323
2834
4119
3057
3865
7032
3436
7677
2622
2607
1882
6374
2558
7621
8408
8088
4509
8137
4293
3489
3380
2429
3986
5045
1000
3634
4932
5979
9644
1423
2511
2594
8315
3268
3297
3341
4195
5466
5846
3403
4465
3745
4632
5970
2638
3289
2511
6224
2861
3933
2169
3954
3481
2893
7934
7788
4989
2759
4355
1349
8389
4589
4505
4324
3493
2828
7839
1645
2016
5650
4407
6141
1818
2930
2978
4934
10058
4781
1914
5701
2741
3002
14330
4023
3840
5719
3189
5625
1091
5637
9978
9306
4306
1723
4644
4009
3498
2862
2471
2619
2959
1393
2523
8708
2321
5506
2847
7519
6924
7820
7697
10454
2711
1498
9981
6974
4030
3190
7959
3148
7431
5472
7646
3347
10061
2985
2440
4021
10460
3931
2298
2208
1569
6855
7801
5569
3485
3480
4289
6337
2593
3958
3128
3141
2919
4129
7647
3579
2440
3544
5943
12099
2454
9736
7211
3858
1688
2172
3362
3307
4808
7066
4857
6527
4946
5032
5314
2189
2925
2233
5468
5131
3950
2624
2473
4647
7624
2594
9966
3500
2327
6647
2363
7652
10175
3035
3910
3374
7287
8435
1957
10668
3305
12083
1918
8428
3149
3739
3108
5981
4869
3504
16848
15035
7922
1626
4848
2922
15667
7573
3806
6045
4790
7065
3867
2002
2176
2469
9636
3644
3869
5113
4653
2918
3306
8905
4750
2387
5634
6744
5105
13597
4591
5627
1806
2318
11775
3618
3967
5103
7536
3227
10198
9206
3433
10302
3331
5672
4003
8205
7828
5904
3067
1478
6281
4083
2967
1985
3843
6570
1732
12782
5946
14293
3092
3614
2590
4494
2392
4100
4808
3035
3378
9287
3643
15826
1696
7462
1480
3551
7008
4139
8300
4749
3063
5478
3697
4134
5960
2440
1673
3209
2530
7673
7200
7150
5994
2156
6656
2971
5788
6371
5896
2243
5134
4949
2350
9769
2805
2173
6854
2833
3997
6371
5806
1239
4754
4718
5808
8442
5155
4552
4157
3039
3976
2418
6842
3923
2079
2924
7465
9213
2095
5217
6926
2541
3073
4647
2702
4269
11545
3481
2046
11749
2614
7186
5148
6232
7109
4801
4823
1901
5098
6020
2574
3033
10099
6499
2204
1856
7413
4304
4074
4965
4990
3945
3487
2326
4808
3479
7132
1608
2770
3121
8778
2993
2568
3983
1885
14735
2549
5768
2309
4810
1627
4176
7129
3386
2861
2522
2523
2905
2941
5548
5117
3227
4817
7216
7236
7193
2575
4248
5997
2192
7022
6701
6144
2798
14877
2477
2846
7561
2726
4604
4111
13992
3527
4111
3104
3232
2255
2994
1956
7635
4213
4663
1670
7603
4773
6775
5159
4140
2956
5912
6993
5554
3595
2684
5356
11269
3746
4403
5987
3194
4439
5106
9766
6203
4192
1992
6295
5122
1118
5900
3941
4182
4184
1589
11388
3071
6072
9646
4588
7703
3112
5387
7673
2244
4139
6682
1020
7264
3996
6572
6547
2612
7961
12787
3760
7065
5656
2354
2193
3987
2803
8598
3304
4749
4016
4239
3091
2334
2718
4867
4114
1523
1561
6665
8849
2492
4648
2006
5102
3361
4064
7753
2125
1313
2610
2658
5539
6219
7194
3242
3773
3613
1968
7602
4396
3255
2467
3657
3467
5417
2224
4456
3059
4002
3640
12454
4109
8780
2651
3858
1635
4826
2742
4876
1833
9106
1507
7888
9489
5281
16048
1882
4540
6688
9196
6335
4633
2972
3148
4057
3173
3168
5641
7282
4728
2322
3650
3178
5564
1767
3253
6131
4372
4109
4557
6211
4259
1875
3488
1562
2529
14737
3045
12817
11285
7546
5262
1490
3640
3287
4520
7421
3930
3403
6305
12678
5586
6670
3782
3446
4960
1749
3207
2704
4513
3794
2433
2660
1659
6689
6154
7015
6877
3025
5702
7929
3097
3277
14411
10638
1984
2533
5195
5193
3607
4381
6668
2669
4839
5116
7759
6390
1773
1560
4378
4548
3033
11047
6797
5517
3558
8557
2118
6855
13317
6070
7733
2365
2891
2295
7456
3802
2497
7095
4033
5800
3127
4344
9954
3417
1847
6530
2019
5935
4111
2325
2399
5664
3690
1733
3909
4715
2459
980
2835
5529
2873
1765
3627
2757
1661
4062
8234
6824
3993
4037
5402
4210
6226
2462
4135
2644
15086
4484
5523
2943
11080
5622
8630
6328
2206
7367
2959
4805
4671
3804
7365
3052
3932
5713
7277
3277
6462
3938
3296
4277
8158
16496
3450
10790
3809
2430
2199
3822
6237
4185
3193
5271
3564
8328
2892
2570
3449
7588
6522
2797
2160
17979
6160
3755
10671
3757
1895
3444
4001
5177
3408
4016
6305
3628
2000
1832
4129
3078
1857
2630
4446
4981
7064
2845
3500
6491
7748
6004
2667
13024
10550
1458
6330
3119
3796
1965
9163
2579
6777
1809
2089
5318
3873
10863
4828
5126
2447
8095
2686
3121
9970
1771
2090
11328
4724
7481
5886
1851
2098
4576
6055
3166
8824
3060
6830
3301
5101
2891
3884
3692
3751
9543
4512
3018
2124
4604
2643
3527
4361
2092
8099
1285
3861
8266
4367
4391
6484
3331
1239
3249
4959
7959
9480
3872
3376
12728
1912
5557
3976
3640
11266
2030
4360
2529
5123
2709
4608
4356
1667
2558
2192
2196
9605
2956
3648
2586
13356
4860
6037
2644
8583
4524
2958
3767
3873
1395
3103
8230
5132
2982
4239
5097
2334
3346
6960
6442
2721
7215
1632
3434
2793
4267
7773
2008
2318
3198
4170
5589
2092
3701
6801
8932
1480
1672
2931
8285
4144
3830
6388
2644
2122
4950
6637
4763
2040
4787
5417
8772
1960
13475
7356
3044
3364
6298
1914
3214
6344
2939
2099
4084
5135
15994
3324
2925
5144
9322
3076
5666
3954
3892
4337
6959
3339
6713
6349
4684
8882
6261
4805
4775
7229
3694
6944
2381
2532
3220
2955
4305
5033
5367
7051
2210
5641
11477
2327
3650
2115
2831
5294
7532
1571
1828
8638
4714
3623
1832
4422
5678
3156
3344
3332
6655
7753
4910
2808
2217
3327
3733
3431
2379
2645
11275
11642
5460
8084
2842
9498
3488
5834
2592
7601
7496
8265
8694
11079
4296
3853
1781
5978
2632
4101
6203
7928
11447
7041
3266
2950
3192
3237
11276
1679
5061
2741
2420
3712
1143
2213
3790
940
4504
2405
7748
2892
1911
6129
3881
5232
3677
7345
2444
2542
3636
3531
3790
4547
3241
3615
6229
3406
4063
1299
2506
7605
3031
4734
1271
5226
4319
1426
1310
2375
2832
9925
5001
3658
2793
3269
2254
6157
4119
2267
2688
2870
5004
4485
3857
8010
6277
3798
3996
4743
9473
3177
6054
7931
2419
3464
1455
3046
7066
3325
7729
3864
1907
3542
2150
5080
6218
11768
3092
2099
5549
2942
5352
2612
3533
2248
6384
4151
5757
4745
1510
4528
4814
3212
2882
1818
2408
2544
2620
2629
13085
5757
5046
4313
4329
2242
1772
5346
7460
4789
2515
3210
6192
4797
8317
5119
3855
13212
6050
8092
3168
4451
3078
3004
1605
12773
2305
5990
2710
7217
8910
4262
4898
3002
2367
3544
10843
5248
3121
2638
3004
3618
4168
4542
8276
2058
1943
5903
1609
4833
4838
7604
4988
3777
8039
9550
4575
5706
2682
5608
1677
1923
6437
1591
3134
3403
2090
3363
2079
1691
5641
1539
2548
8402
6354
2599
3757
6971
7350
8702
1880
5877
6033
1591
1894
7466
3535
1776
3135
4782
3290
3115
5508
1982
1540
1783
11252
9141
6408
13066
3433
6963
3173
3429
5809
4652
6044
8264
1279
10038
7864
7962
4883
4344
3297
2880
3642
4805
4459
3166
5342
1252
8796
2220
2072
2648
3192
2621
3632
2525
2769
7697
2741
5190
5192
13116
4775
1568
3210
3742
3090
2867
6938
2750
3535
2845
3588
2190
9415
2423
2991
5172
2999
5585
8318
3380
2037
1793
4453
3207
4742
1906
3966
3889
2932
3760
1265
3484
3237
1161
8781
3397
6646
2476
3156
6211
6508
1856
13444
6795
11191
2981
3338
14552
4341
11894
1694
1701
3717
6536
6020
3338
2428
3734
6998
6817
4450
6805
6142
6558
3744
1700
5018
3092
4637
7655
4976
4508
6393
5716
5880
6306
3856
3774
4224
5929
3015
4925
4552
2672
7559
2363
5414
2546
3423
7226
3913
5355
6671
5927
4754
4557
2779
9832
2699
4841
1665
3496
5322
1626
1407
9229
1844
1033
3261
1899
2619
4435
2625
5440
5134
2949
4637
5137
9501
4007
2809
3210
8224
9556
8807
4095
2257
6169
5113
8183
3105
5373
6787
2539
9411
5593
4516
9919
2307
2351
4385
9528
4354
5061
4293
13744
8157
9349
4147
3612
2670
8478
2093
3397
4682
6487
5223
3218
2951
4502
4959
5644
2693
3968
2735
5195
1819
6842
1666
2240
5041
7674
4918
2738
2310
3528
5448
3632
4504
2442
4901
4794
4809
3009
4893
2185
11516
4237
4607
9435
3216
7012
3310
5808
7894
10761
3467
13887
3002
10920
2989
3689
1359
12033
4857
8926
2971
5420
4830
14775
12563
2753
7160
11467
4161
7295
1427
5802
2724
4236
2183
8873
10561
2502
12744
7265
2966
2096
5605
4187
4061
3462
3463
3195
8685
697
3071
4400
2124
2170
3890
3703
10462
3255
5372
6259
5961
1962
6227
1873
2932
10652
1598
5805
7428
1813
6187
2142
8430
12610
7655
5229
9402
2444
6586
5551
6793
15980
4733
5553
2549
1488
2756
4085
4615
5794
4517
4533
6861
7160
1634
3837
2102
5083
4994
17247
3977
8263
3883
6348
3742
4771
4637
1464
3646
10026
2242
8055
2456
8038
2932
3996
6093
5692
5272
4204
3916
4419
13105
4302
2802
2133
7379
7827
9134
3092
4504
10126
4922
3111
5374
3131
4578
2080
5173
12511
8144
4426
2521
4062
4068
2563
2817
5270
5143
1446
3612
4270
5834
2314
3957
3757
4707
16758
5034
1962
4805
10585
1909
2869
3306
7800
1806
2955
3684
2663
3271
6009
1661
4708
8190
3129
8413
3085
8129
4752
11160
8348
1635
6677
3164
1853
1905
2492
6447
1870
5117
4876
3290
5209
1809
846
8159
8726
4642
5389
5606
13247
6670
3032
3033
3553
6738
4285
1982
6128
3308
8275
4494
2333
4054
2426
2202
2008
2436
2649
4985
3251
3424
5460
2961
1483
2730
4273
5855
4853
3213
4587
3664
1276
4958
4181
4872
6142
8183
7223
4478
1922
3740
4868
3028
3359
3798
5018
9122
2760
12443
3720
10121
2079
3279
5744
4367
5436
6104
3599
2941
9063
8160
2775
4898
11196
4941
3815
4072
7347
5061
3780
2536
8056
1489
4008
4342
2452
6293
6058
2512
1433
6046
5325
2417
5037
3384
4014
7436
11970
4796
6385
3240
11477
2499
5319
4672
3642
3619
4224
2718
8682
3632
16063
7119
6793
2657
3370
7000
4032
4406
3676
1247
4888
4013
4112
2561
4433
3434
2671
6215
1636
2603
1643
16764
4775
11026
5561
4122
3209
2983
2703
2954
2907
3039
3568
2838
4746
7680
5114
2644
2632
10354
3417
1748
4883
1233
3297
5040
3127
712
3992
7079
2591
6182
9284
8164
3724
1580
4349
5587
2959
10852
6372
6032
2840
4118
6557
2315
4282
2707
1849
3970
5124
3527
10077
2534
6624
2828
9802
4695
3959
2446
1370
2245
8812
2637
4693
3583
5780
1560
11418
7018
4952
7462
6571
2404
3348
3293
4868
4674
7333
7502
3952
6308
2133
3578
2058
3127
5136
7144
5934
6936
4727
2305
3686
3287
1651
2462
7802
2772
4262
9483
4714
4605
2353
3962
2903
5362
15820
4293
3286
3144
1929
3562
11688
2526
1182
2888
7117
1603
2550
6226
3211
4562
6971
3706
3220
8348
3253
6826
5187
2350
2130
4109
7672
7066
4157
7001
3346
4341
2669
2968
3012
2125
1258
3084
3058
5663
7056
12112
951
2822
2501
2889
3479
3099
4047
993
3918
2101
3250
7919
1689
1698
2787
4193
1229
7203
936
3540
3505
10569
3375
3599
3305
3747
3495
8325
3449
3688
2754
2648
5165
1837
2273
3178
3431
3282
4345
1743
1905
1850
2106
3554
1297
2276
3956
5472
3114
4224
4857
3495
3865
7558
3311
8816
6130
1751
5925
5663
1976
1721
2825
2810
2659
3674
4289
3211
2206
7521
4085
5552
3319
6800
4586
5963
4130
1449
4762
3409
9038
5929
2615
3134
8262
4394
5808
8093
2713
3461
6683
5060
1437
7064
5698
7772
10583
2272
3628
5719
3529
7101
3044
6057
1916
12096
3568
3237
12316
5421
3563
7700
2202
3028
5869
3833
13413
3560
8325
8016
10825
3564
7185
5011
6750
1643
1191
3142
3948
6819
5172
5557
8391
2840
3779
3561
1553
1428
3763
3521
6176
11702
1712
6741
2008
2404
2009
6696
4704
4979
3471
4181
4629
10686
1604
5769
5151
9361
5305
5975
2120
4065
3606
7007
2043
1822
2346
3583
5099
4703
3161
2038
4919
2195
2048
3365
7088
3051
2633
4043
5047
6893
13266
7476
5016
4229
3086
3568
2073
5444
3704
2445
6174
5296
3494
6861
4027
3971
4067
4200
2224
1129
3414
6145
2167
6446
6441
8091
3681
5528
4384
3649
6322
2476
4449
4343
2721
2733
4395
8740
5072
3190
3615
3708
3498
2201
9454
3330
4184
5431
3376
2432
7043
2716
5925
2663
2152
6383
3280
5558
10598
4657
9624
1726
3956
2710
1642
4779
3543
3529
2143
6586
3150
8994
6520
1280
1985
5034
4118
5329
3756
1565
5954
6545
7085
8764
3736
3560
4938
7039
5382
2140
5965
2910
3665
5411
6024
8085
8196
5123
9699
2246
2099
2077
4962
7208
3662
11368
9028
2142
6801
4650
9725
2293
5312
3845
3598
3734
2232
3127
2541
4636
1174
3663
6604
2963
11063
4635
1259
6814
2684
8283
5129
1220
5475
4267
10359
3390
3244
2310
5198
3121
12699
3542
6451
7594
7685
8098
2977
2437
3827
4157
4886
1358
5660
5980
6601
4020
1650
2887
3057
7960
4583
6190
5524
3058
4713
2821
1022
6980
3529
3322
6254
2961
15960
2340
3372
6547
6070
3812
2703
8020
10371
5441
2661
4491
2731
3407
2917
5417
12823
3623
4689
5420
3338
2047
2251
6224
8747
3371
1796
3300
7359
5875
3345
1911
3508
4400
4701
11478
4846
4128
6243
7204
3543
10082
1050
6015
4129
4106
2496
3138
1822
3715
2737
2436
3109
4965
5990
11424
3794
3782
3357
2943
5635
3076
4760
11631
9794
8889
3284
2472
10245
4614
8458
1691
2956
4366
1643
8927
5489
2353
4753
6475
11150
3881
6539
3417
3298
5216
4636
2889
8910
4489
1609
3478
5269
2532
4084
1516
2173
7911
8296
2121
4659
3379
2440
5569
3863
3908
11174
2158
6915
5183
3559
2071
2528
2916
4575
8836
1796
2887
11928
2468
6796
9684
4549
6022
3235
1470
3393
2840
5426
1660
3744
2875
2977
5904
4446
2982
1213
8634
3529
3077
7605
4258
2118
8308
4161
1646
6373
6062
3521
2611
3234
2663
2720
4425
3625
2224
4906
7128
6566
2184
2114
9743
8991
4375
2013
9198
3529
10830
7436
3542
3694
1583
2029
3280
1813
2164
3401
11613
1668
3780
4971
2725
5695
1269
3288
3438
9727
8521
3825
2900
2396
5522
9226
7267
5978
3564
2918
3072
2921
6408
3687
7413
2006
10393
1298
5657
10284
8992
6713
2530
2904
6300
2698
6953
7431
2691
2310
2518
17921
3098
2646
2914
3024
7118
2499
7347
4198
5435
5518
5599
2623
3558
5946
4051
4785
2175
6706
5776
7950
2492
4253
2030
2911
4645
1682
5857
2149
9483
2638
7307
14807
2120
4228
4400
10104
8123
2920
10670
3776
2167
4678
3006
6515
5284
5320
4367
8881
2979
4037
2911
6320
764
3865
2820
5320
2751
12648
3209
2780
4961
2811
3522
1417
3081
2981
3689
3049
6295
5626
6477
3226
8819
7485
9220
10310
7532
1591
7326
4278
8987
5769
4397
3708
6368
3829
2325
5255
1501
3895
1203
5632
7677
6666
2292
2945
2667
5227
4496
1274
4104
3974
4146
3899
4561
4909
3183
5667
9527
3315
3614
2515
2506
2551
2080
6588
2482
1946
3558
5102
7609
3385
8256
6781
2752
3503
2250
8053
4920
3489
1425
6390
1953
1861
4643
2850
7375
3847
8804
4595
6645
1815
5463
16818
9530
5354
4013
5414
4055
3544
3922
4428
2671
4116
4908
3476
1659
2638
2848
6195
9578
2168
4686
3961
12990
3551
1920
2150
9992
5530
6874
3958
1183
6346
9888
2890
3953
3993
5936
4276
4846
862
2826
5570
1945
2927
4651
2551
2283
2493
4150
4327
1752
8721
3647
5397
3827
3491
6144
4031
2112
10172
3293
21451
8590
1518
2949
4072
6417
9419
5301
3137
2954
5082
14312
1255
1900
4124
7509
1582
2742
5251
2958
2716
4427
4545
9030
2157
1711
2224
8185
5871
3984
11142
3137
4277
6901
2324
2321
3959
16888
2987
7908
5302
2101
6031
4147
9598
1914
5099
3277
1078
3674
5208
5763
3719
6175
3244
3136
2176
10631
2405
3588
6163
3243
6289
3015
2036
2715
3621
2488
1636
11998
3436
1813
6692
5348
1629
6357
6491
7345
3341
2308
9280
5850
4553
4317
7938
4459
3256
4891
4707
2195
1983
1980
2209
7233
10792
3998
3343
3237
1952
3191
2190
5542
3211
5468
8399
4704
2071
8406
2342
3283
3977
4233
3742
2389
4611
6269
2069
4018
1716
6888
2669
3046
2686
2888
10411
2570
2476
7865
3656
1528
2524
8974
1822
3656
4746
3409
3356
7099
5246
3019
3790
3240
3273
2570
4253
2711
5704
4141
2228
3430
2002
975
5710
3257
7179
5790
