947
2123
1632
1223
1248
2668
1446
3689
2563
2463
1114
3768
2376
1748
1852
1887
2274
624
951
1950
2420
1747
999
1174
1156
835
2619
8445
1553
3020
670
772
1555
2042
3173
1516
2295
1849
1136
2055
1687
1517
1477
2704
1533
2984
3145
977
4040
810
3175
1075
1476
2145
1436
1847
1880
3049
1068
682
1118
1400
3078
2069
3522
4614
1076
2040
1078
2030
1135
8551
1238
1962
854
6937
3741
903
2447
1396
1112
1014
3978
1283
1825
1387
7421
1111
708
1207
1038
1525
16800
4533
1994
3849
2951
2036
1618
2225
1298
709
2303
1298
1402
2505
2924
710
879
4152
1405
3581
1250
2296
15194
3244
1873
881
689
1764
1440
2021
2714
12789
1363
1649
11549
1255
6467
6127
5559
2778
1005
1624
1700
2483
1913
1364
2566
1520
741
9232
1086
3478
1992
3782
2391
5393
669
2843
978
2937
1695
7333
3888
1177
13353
3236
2923
2365
1351
1757
2435
6987
1738
1511
1862
1397
1187
2157
1671
6426
3852
1166
8975
1240
1598
1430
2049
850
1044
2203
1365
2578
2591
1286
8993
1145
2259
5238
999
1383
2151
1941
3551
2506
6919
1171
3815
803
1584
699
1760
5793
1634
915
2678
2195
2104
3193
1996
3061
941
703
2060
8228
2410
1675
2114
1720
1041
6444
5983
679
1159
1972
5686
1837
1559
842
1969
1689
6405
730
1072
2398
1317
2677
4494
1166
1487
1459
2766
1304
4534
3378
2248
939
907
8995
5263
2037
1260
1995
1933
6317
1210
1560
2001
1193
2464
2549
2515
2927
890
1369
1390
1885
3050
4318
2380
1757
1936
1101
2457
5192
1446
828
1839
802
1115
1164
1101
692
740
1861
1157
2139
1713
1119
1699
2054
533
4337
4917
703
4971
2029
2127
2802
1283
1654
1500
1268
1031
1337
1423
969
1182
1249
3001
2145
6018
6209
1519
552
686
1190
2700
2019
926
9185
2115
1756
5563
946
1988
1444
956
1652
3239
2763
1752
1026
4631
2211
2151
10986
5798
4009
2753
9319
809
651
3660
5902
1819
761
1141
3750
1243
1574
910
1030
3181
705
757
713
9910
1098
949
701
1637
778
2068
1805
1812
1395
1455
1149
1493
1822
4485
1128
1276
1076
672
1675
2099
2751
667
1713
828
897
2298
1273
1153
1742
686
1101
1425
1092
2426
2893
9230
1677
486
1663
2779
3536
1446
1489
1351
3515
1888
1005
1968
7946
896
1481
1281
1611
2260
3630
2536
1394
2202
2267
2373
10325
2853
747
1974
1755
656
5314
8716
1383
1604
4498
873
2828
3019
862
3215
2313
16337
1909
1450
1083
1794
1962
3136
1999
1614
775
1007
520
1743
2373
616
605
1081
2075
1406
10791
1272
756
1522
2311
2290
1069
936
3583
1771
952
1214
1177
1202
3142
7140
2292
1037
2056
1497
1880
3573
4075
4771
1672
1495
2056
2193
3683
666
958
928
1373
1207
1577
1035
1067
903
3784
2175
2965
6756
1381
1119
966
1657
1075
1094
4524
1039
2984
3684
997
2720
1658
1546
1773
1229
1612
3382
1890
673
1419
1619
1326
1302
2003
2783
1851
2437
5918
1499
3373
1832
564
3849
2512
833
2455
1868
2771
5890
1051
2474
7545
910
2338
1853
2155
3402
1387
1571
2029
822
2513
560
2955
1568
1271
952
1178
1218
3056
1470
8624
1450
1851
2209
917
10233
2216
2098
1317
815
6249
1001
1090
1163
2109
2289
1766
491
3638
647
1494
1399
3859
1637
2431
2163
770
2519
1450
915
901
1454
2037
806
885
1110
2374
1118
2365
2081
1542
956
2494
669
1021
2020
1716
1089
1247
1326
6728
4208
5471
8252
2930
915
897
8260
897
2491
1332
2939
3075
2150
1016
1440
3056
613
1212
2215
1805
5337
2424
2865
2446
1776
4142
1510
1180
1184
3290
3067
2053
1036
2448
1066
2035
1411
1941
810
3077
1570
890
713
3225
2935
1962
2139
2639
1273
910
1074
980
16668
1000
10515
953
2204
1173
4599
808
1940
1647
7778
1704
2307
2135
1999
1057
8703
4367
3490
863
1517
1843
1644
2052
8471
2414
1481
3620
4256
696
3220
1866
971
2230
11996
855
2636
2209
1568
4376
14112
1098
965
4238
1303
1120
463
965
2221
1852
8716
2134
1143
1630
1038
1087
1358
1772
6229
1693
1511
832
627
2680
1443
1915
915
1065
1933
2046
2710
1624
851
1098
1556
1199
1833
550
3321
615
2236
949
1801
2505
1494
1847
5006
1251
1163
1150
1658
3314
2139
2686
1758
2119
2288
2448
5263
941
3902
6733
1049
1157
2695
1339
594
1389
1078
1901
2210
1954
1142
1688
3696
3719
6132
565
2428
2379
1915
992
1723
4267
2338
3170
1269
844
973
1094
2558
2020
2127
6043
915
1372
2099
1101
12381
1287
1654
2381
3217
796
4191
2599
6468
1103
1875
3117
3137
1924
4660
2484
1245
873
1933
1374
2604
4785
1266
1524
954
1305
3856
1535
1146
2403
916
724
4968
600
6885
2117
1229
2264
1579
2792
1065
1452
10801
2074
1292
4200
3184
741
1437
2297
9431
4730
722
1253
1798
6373
2062
3385
1960
1506
1468
1846
1862
934
1637
1917
1080
1649
606
1021
2760
669
2296
991
1326
1814
2096
2042
2208
971
1560
1711
3196
863
806
1125
2436
703
835
8942
3871
1262
816
1399
1464
1504
2302
1709
2650
4307
1386
2217
2438
2480
3699
2730
1686
971
1053
1918
5815
3885
2458
1368
1443
2626
2358
3299
917
2249
823
2365
2530
7906
933
2654
794
5791
1293
1779
3300
3916
978
1213
5478
3379
4641
2598
823
1720
2157
1695
4589
1105
657
1115
868
1745
1919
1553
3822
2451
1200
1117
1839
820
2963
1438
3197
1786
926
1965
1140
2049
1136
823
1928
2218
2688
893
1367
2233
1712
1492
2909
2132
781
2229
1393
1947
723
1414
2650
1705
2943
1402
966
2692
1341
817
6397
1864
3102
2436
5437
3559
2267
4341
1400
4223
2316
1364
1901
2534
1082
3647
3056
2656
1312
2683
1512
2464
777
1212
2377
2261
1749
1256
1101
1122
2405
2283
8127
1419
4671
2299
2523
1605
1886
1834
1842
9235
690
1988
3830
2689
2034
1862
1624
3057
865
2195
1016
2438
3391
1884
5658
1521
7953
1727
2956
1716
530
1495
2915
1902
1034
1232
1684
1232
3064
2553
999
2115
823
1517
1620
5129
1229
1898
1154
1398
1649
1620
3527
1182
5734
3268
701
1240
1140
7719
920
1160
2010
2639
1300
1069
6509
1701
1937
1788
5082
6600
2133
2951
1685
3947
1264
854
3902
4919
12837
2561
1242
1810
7261
728
990
1830
991
1360
1003
3357
3724
1379
873
1764
1188
2647
1046
4008
2295
2682
5689
1890
1353
3800
1187
1866
2979
2833
4675
1278
2967
2388
7250
1736
1489
1317
4200
2361
1493
1711
876
8393
812
3225
1836
2745
5240
1741
2203
1646
5238
3453
4795
9171
896
6341
9248
1146
1191
1390
6092
3820
2078
973
1003
2016
2763
1301
1197
1419
1998
1578
3014
863
5130
722
10045
1603
1556
2025
2015
2694
1980
1039
1822
3006
1908
1209
1666
833
646
1551
7415
1322
756
953
1122
1286
5495
2204
550
2033
1820
1164
1996
1300
6691
2138
1417
3077
509
642
1870
1765
2861
1449
2306
4926
1061
2492
8478
1441
1093
1064
2837
3002
3074
1205
5926
748
844
716
6957
1265
7040
5269
5026
2407
565
1232
1761
1842
1675
3377
1417
761
2496
3294
2392
746
720
2620
1786
1754
1139
883
1236
957
3268
3407
3211
2392
4581
1409
1472
1827
3979
1710
10506
2091
5390
3444
2808
2683
11754
2665
555
2718
3855
3357
939
1850
2502
6926
2773
764
2739
3200
2017
2385
6878
884
2130
647
2186
1386
1582
2092
2088
1125
2346
3612
1029
1133
1982
1438
1962
1932
2573
2349
3521
1057
1441
1545
727
2254
3541
813
6936
869
6788
564
2306
3284
849
1382
977
2331
1508
1092
2668
4254
1930
1095
2602
1488
1484
7345
1511
1923
1072
581
874
1535
3336
1950
1229
2077
2942
1330
1686
2231
5993
903
2302
906
2818
1004
1138
964
2297
2315
1664
1399
5303
3178
1748
3691
2308
1323
8048
1245
2421
1112
961
1203
1625
2543
2211
1080
5973
4746
906
3405
2037
4858
1427
2317
1820
5066
1406
1528
1101
1213
1147
1484
2419
1096
2443
2067
2168
1461
1879
1857
6133
2221
1161
1083
997
2593
1201
683
986
1039
1495
1897
1244
1051
4653
1012
6282
4492
3556
902
1486
876
1584
4088
1095
2614
1497
1388
913
2716
1803
6302
1361
1194
13074
1204
2079
2965
1764
1917
1451
2663
1485
1472
2540
1614
656
835
7657
5330
11322
5445
1680
2116
2150
966
2826
2217
836
1220
3474
1370
2510
3671
842
1031
633
3082
2849
1077
1674
1431
900
2294
1809
899
2101
1188
1432
1020
1570
781
2651
1496
1105
1703
4868
2932
1705
2851
1153
1710
1025
816
840
1407
2762
2244
11229
2361
1098
1761
1684
795
2159
1337
1640
1976
1098
2035
1953
1401
3199
2146
1496
1824
1306
11199
6540
1387
1284
2466
1780
1539
4945
2683
2006
1067
2916
2611
3385
1357
3469
729
1807
2180
866
1722
906
1385
2693
6752
2351
2118
911
1318
10364
2350
1486
1455
1032
2518
3329
2094
1677
1308
2940
11959
2318
2427
3393
2765
1818
1245
781
2298
1877
2439
951
1512
1601
2328
1567
2068
1864
2079
12385
12555
3354
1001
970
2561
874
4123
1237
936
1077
3332
4058
3592
787
3210
1639
1503
5020
754
1564
7996
788
1727
2690
1924
1081
1209
1707
2291
3460
943
872
1802
1341
2228
4306
5144
4377
5292
2195
622
3461
777
3953
2425
8316
13387
1639
793
1443
1895
872
1622
1067
3920
993
1321
1282
1946
1862
5902
1651
1432
848
2793
541
4485
940
1986
4324
930
1742
2572
10248
851
2428
2796
1937
901
1829
505
10965
2074
1068
1051
3210
2238
1177
2295
3208
2399
5475
3689
2431
1465
2631
10429
3304
1940
1227
6906
1168
3407
954
2100
3523
969
2251
6085
1205
1291
2269
2343
1017
20390
3231
2403
3346
846
1704
2640
1259
1300
2217
1515
930
525
1000
3076
2070
2099
2698
1656
1449
1742
1241
1186
1835
1500
2407
5968
1614
2662
1680
1535
993
1584
1033
848
2314
3443
1696
1336
1122
1279
2000
1059
1160
1489
2332
2209
2185
3014
5843
2164
811
1070
710
2611
1565
1376
2493
10666
1195
1298
945
1735
2934
2498
2910
1911
2092
1777
1260
1907
1804
1573
1594
668
1813
1039
3049
11915
1160
1782
2091
1705
1417
2294
1637
1159
4352
961
884
1807
924
1365
1530
854
810
3902
3037
887
1304
2203
4221
2569
4856
2607
4574
1539
12215
2368
4128
3105
5910
2431
9913
1687
2326
2503
1891
5768
1549
1445
853
1092
968
2510
1875
1053
6385
998
1043
2475
1168
1826
2269
1849
2204
1584
3077
1663
721
752
1198
3445
1120
2493
2096
2470
1128
934
1537
2629
2927
2014
906
4304
2006
772
922
1019
1087
2074
724
1145
1941
2267
1100
4101
800
2872
1823
2795
2546
1781
2650
1812
2052
8648
2849
2400
960
1824
1947
1737
900
2398
9127
1263
3931
644
3047
7501
1121
3006
2595
15055
2788
2761
625
2771
2052
3636
757
1902
1340
1023
6956
2731
2492
1830
984
1102
1291
3534
1345
1294
1342
1060
1018
2044
2230
1292
3759
6015
1571
2924
2113
1629
2610
1092
1561
1610
1125
838
953
8245
1951
4227
5242
561
2389
2005
1494
1250
2478
1053
1195
1471
2348
1035
1386
6721
546
1510
5591
3693
2818
10583
8998
2957
2031
1144
2326
3501
10442
1974
856
1914
1327
2366
2982
952
758
9962
3658
2389
778
640
3551
1230
2397
973
890
6747
1805
2237
1398
1086
2521
1747
3748
1963
3043
2845
684
3803
7902
23465
1400
2063
1156
1749
1559
1883
1311
6373
4794
1343
625
768
3177
1574
1226
842
1318
1291
1726
1271
1516
6396
1179
2392
1885
1941
3184
2169
585
1673
2070
2019
1731
1666
1169
1534
5206
1242
1877
1810
1172
2300
1721
3554
1596
1201
3224
6294
1259
1081
1256
4287
1668
8645
1444
2893
6005
6981
1083
728
1305
2042
1388
6917
1693
959
2332
1882
2210
3930
2169
2712
2349
1400
836
871
3445
1393
1384
1127
2214
776
1636
927
894
1066
2954
2516
1937
3070
1856
1206
2764
962
2867
4578
1987
2697
1013
949
1770
1646
1711
1156
10842
2062
1253
13973
959
2749
1588
1469
1625
1625
1607
3521
1509
1665
1713
3242
1901
1484
1671
1076
1241
2030
6586
4094
5558
7973
1435
1241
2079
938
1960
1243
1137
1760
1017
1146
1017
4074
3280
1947
2001
1995
2971
1319
1963
1904
3140
3425
1910
7301
772
1616
2213
2979
1636
6617
878
1020
1417
1825
5887
1535
2070
8631
2212
1105
2264
6800
1058
5550
2344
784
855
1406
3112
1143
1678
2165
13562
2154
938
950
762
1913
1039
2256
993
2942
7659
1606
4657
1913
1691
2106
790
1017
921
5619
1947
1309
1924
1420
683
3467
2446
2402
2853
11984
515
1517
2121
2055
1031
2992
787
1864
838
894
1214
1082
1055
6915
809
1054
3240
8398
1625
647
9795
1776
1053
2447
1722
1951
2112
2593
1202
1860
1266
1755
2220
902
1162
2991
1049
3067
1756
3311
1035
2147
1707
1616
2602
2163
19046
868
945
1387
1061
1537
894
2329
4479
682
7703
937
2248
4619
834
2414
4433
957
2047
2005
2029
4879
2312
993
1319
4686
1545
662
1472
1017
2444
1976
836
2516
2272
1093
1074
1179
1189
1740
6938
4879
674
5555
2266
2105
10160
1529
1404
1707
1190
1891
1749
2099
4837
1624
1328
3683
1237
1191
728
1491
1505
4880
2281
2979
1619
1797
2783
1263
3343
930
1950
7198
1235
5323
3512
3572
1216
1131
1808
1124
2985
1953
1642
948
3567
1341
527
982
2066
3619
2562
1498
2489
1406
1090
1720
2716
1364
1935
570
2539
1743
984
793
2912
3732
1546
893
1189
1725
705
2076
1943
2123
994
1688
2174
3127
2215
1378
1291
850
2074
1246
991
889
2862
2013
917
4685
1582
1653
1708
2462
1760
4697
3674
2268
3693
4326
11546
1500
3064
1905
1395
839
926
1162
823
892
1540
1355
2402
2390
4557
915
1145
1768
1749
2045
2253
1459
1425
1292
675
3759
823
3401
1441
2374
909
3975
7536
787
3993
7905
1829
1870
1240
1502
1327
1818
1342
3540
684
3073
1710
1167
1899
8288
1736
10481
7788
822
1417
6242
778
5090
1107
2377
3799
1342
1977
2064
1883
1936
5526
1910
9959
2309
3117
7135
1233
1273
2322
11255
851
1162
1614
2069
1869
2020
1749
4043
2341
1115
2810
5707
14800
3628
1610
1259
1386
1089
3915
692
6301
1741
1004
5677
3912
1647
3627
4765
1845
2940
935
2036
1841
2887
5089
2389
3909
1009
6752
1998
842
2000
2888
2447
2571
6104
1119
1741
2600
2513
4420
1015
1259
2050
8069
2390
3350
1645
2190
3387
1162
1417
1762
629
2284
1269
1428
3806
2659
2610
1903
2515
886
4176
1636
1271
1187
2939
1774
748
1145
927
3679
5146
1087
2633
1885
896
2129
2688
1194
1268
1928
2431
2408
911
2033
3642
1401
861
2783
2536
937
1138
2530
922
8093
1225
2839
2991
1016
1488
781
3702
1008
1860
862
790
3454
3527
2672
1772
3801
2700
495
1984
2046
1704
1413
1341
912
4323
1875
1235
905
2293
1577
1887
1557
16334
1071
625
1274
901
1560
2591
1759
1437
4914
2857
8352
1811
1462
1273
4261
1075
1242
3655
2165
4724
3335
880
1511
2417
1715
1001
5466
2400
1065
1971
1955
3604
2104
5948
1130
9897
4209
1288
1254
2856
1815
3836
1707
2360
1327
1851
1755
4967
2268
5101
1929
832
1259
2502
3727
1482
1165
4603
2803
1354
2337
1047
2729
8291
13016
1579
1670
1520
1203
1330
2475
734
1779
1236
6449
897
1323
487
7594
3368
3164
5924
1485
1707
1231
2749
1390
1001
1791
1856
1194
2651
1391
1753
2623
2309
1990
2597
1356
936
2151
697
1043
1615
935
6015
2286
1668
1263
3385
1969
987
862
4549
2167
1676
1189
2753
21358
2829
2351
2976
1111
1527
7053
2639
2699
2585
3381
1056
2419
1357
1425
1100
1824
2941
1937
633
1340
1466
2700
1705
853
2895
2271
2030
2202
1288
924
2935
1158
2751
1005
5236
1079
2000
4477
4091
2054
807
1487
1931
6270
993
6299
2628
2569
1258
3977
3380
1114
982
5317
2427
978
1481
990
9363
1452
1415
7237
2810
2274
952
4228
1696
2250
1126
1144
642
1157
1211
646
8034
1392
5460
3129
2787
820
1487
2733
4385
3932
2587
7335
959
1045
3199
2107
3182
1469
1476
2826
629
759
1104
2620
1955
798
805
1638
1784
1218
1894
952
1494
1664
3588
1315
3329
1319
833
2842
1708
6129
1464
12600
4696
3131
2998
2192
2681
2105
5194
909
1275
2014
1336
1066
1221
1185
1653
2299
926
4527
2416
1943
1593
3401
2426
4243
2101
1668
1277
2454
582
1457
582
1441
1113
711
771
742
1205
1712
2966
1746
1836
2147
2498
1798
811
1643
704
5927
1231
943
3255
2877
1079
1331
2390
2553
2536
2601
553
4251
1150
2666
2392
1606
1140
2573
875
1571
1009
1263
3359
2160
1362
1825
1419
1984
8681
1000
1170
1156
5101
1919
2806
1364
1943
1527
2107
4104
942
3803
1677
787
1923
1100
2203
1580
1871
1822
983
2594
1368
1115
6675
3211
2379
2523
1696
2172
1952
666
2815
1060
2675
2195
699
2193
1316
2309
3238
693
2967
2101
785
801
1042
3365
2778
3660
1380
2484
1972
2507
3542
1838
1499
2285
779
1768
903
1115
2486
1765
782
931
2187
963
968
802
1978
1545
1287
4986
748
13573
2276
770
1454
2460
2823
1847
1087
3009
2511
1670
995
1991
1866
2308
793
6037
1899
1332
998
1346
2425
3272
1038
3611
1154
2141
1785
1792
2491
1710
923
1935
11802
3220
1620
1896
3005
967
861
10662
1310
1575
6566
5560
901
1433
1945
4278
1984
2256
1593
9888
5968
10306
3897
894
2002
2191
921
6252
1323
2031
5142
1624
2410
1784
872
994
5198
2220
6741
3242
1442
2080
2562
2097
2011
5116
1869
3650
3213
12431
1110
978
712
986
1617
1676
3236
929
775
1532
2264
1870
2897
1786
2618
1600
3026
2081
796
1632
1431
3502
2154
3627
12362
1059
1205
1231
4265
1426
904
3251
1709
1105
769
2470
683
1448
2295
4960
718
1346
3031
6779
1658
4357
1381
1103
9837
3497
7126
5475
1868
1432
555
2501
1288
3486
4166
890
1169
1346
3069
996
1011
1120
2088
3039
2144
3407
814
1739
1561
1852
1539
1384
2188
4127
3311
1902
1532
725
2476
1410
1340
1213
1480
15502
1074
1033
1218
1069
2026
3310
2405
1572
1197
2060
1255
1447
1238
1790
1080
7443
2141
2417
1789
2731
1546
9291
1302
5112
3014
7772
1162
1199
2093
2689
1394
3629
4297
1555
2034
2394
899
1587
1226
2337
5543
855
7020
9940
1778
1816
1147
2607
1725
8789
2655
1435
1528
1992
4722
1845
2612
5555
1295
3294
2119
4457
4995
1300
4007
4161
2399
1498
3305
1953
1222
7789
1613
1271
1649
1005
1346
2442
6504
1079
2253
907
1733
2568
993
839
1322
1447
1963
1524
5261
1662
7445
1278
1346
1853
1298
1203
4087
1659
1162
3673
1038
1723
1927
1864
807
902
2310
3038
2302
2666
1939
3383
9245
3607
2474
1378
769
2441
1634
1066
1005
2091
1169
814
1358
4744
748
4796
3391
4633
1678
1205
3180
1179
2237
2563
2796
865
1006
2086
2126
1176
1309
905
714
2123
3501
4426
3179
1759
694
1702
7743
1355
1563
1321
973
1010
1763
1617
1817
2497
1835
2681
957
1478
2635
1373
2530
1691
2414
3418
1257
2072
1619
1661
4823
1268
5268
1562
1046
1780
648
1556
754
779
1889
1471
1775
1255
1919
2444
1931
1030
2377
1742
1441
1461
3087
868
1409
2782
2533
2563
900
1520
2376
1969
1468
751
1577
1481
1275
1767
1398
6819
1325
1266
2630
1610
2684
5565
1398
6770
1727
3365
1578
1559
1867
977
1367
4629
692
2579
5380
1955
2072
2537
2244
2087
571
2034
2837
3811
2392
2204
881
7758
635
3578
3105
990
2364
2236
1096
1218
1354
1126
1756
1238
631
1825
910
1924
1580
685
860
2222
5431
886
1294
2666
2762
2701
1326
2280
6645
1271
1915
955
1946
2591
1625
1724
2683
1593
9510
799
5125
1950
1440
5453
2294
1751
2995
2133
728
4122
612
2897
2442
1828
13928
460
5931
1089
2185
1159
9549
1870
1920
1243
862
1497
2367
1732
971
1875
7462
1896
1722
2617
1055
2762
1508
1357
1571
2629
1307
3323
958
489
1831
5374
6346
1033
2033
1141
1775
1370
2771
787
2825
2423
2032
1940
2682
1876
1061
1884
1840
1616
1602
2166
1744
2544
1821
1848
1126
1442
3928
1846
1442
2108
856
1481
876
1127
2712
2342
1473
614
1619
1307
1832
635
12062
1699
2695
2958
2234
8855
902
1426
1969
852
2500
654
1674
718
632
5011
819
1783
1515
2023
671
2489
4201
2379
1578
5499
521
1802
1922
1025
795
787
1748
1917
1374
2781
768
5488
1001
1535
1533
645
2315
2167
1926
1261
796
3236
1370
897
2567
1383
1962
1688
1713
1002
1688
1473
1740
2504
1326
1152
1348
1445
14814
1249
4624
2035
1197
594
784
3682
759
839
1335
2508
3432
6780
1882
1397
3069
2451
1897
7220
3059
3056
1178
1973
1907
1740
1242
1264
1268
1475
1102
2161
7669
864
3177
11604
3364
1433
4221
2919
2124
1127
739
1904
1054
2793
2059
1305
2095
3060
1384
2035
2327
1997
1311
2258
2924
2507
750
3095
2872
1864
6168
4646
895
2537
3774
1582
7650
1229
808
1014
980
983
3278
1486
952
2873
3949
1078
990
1574
2093
904
11493
764
9540
2039
1365
1437
1319
977
1253
1139
845
1202
1860
2306
2500
1222
1486
5472
1020
2985
2422
558
4114
1818
2216
1796
1516
1425
5213
1485
1068
1601
4902
1134
3128
3203
986
813
2425
1413
2838
2294
2588
5778
998
1203
954
1456
1875
666
1761
1131
1415
1009
926
1957
1136
3786
1946
4231
1162
764
1152
2403
985
1101
2268
858
2737
17658
6909
2412
1113
4220
2827
1681
1112
1989
1914
1721
1122
877
2157
6000
1863
3669
3597
2996
2358
2858
2562
1898
777
909
2138
3392
1840
2308
1037
1098
1764
2633
1516
2824
1204
937
2774
838
9523
1561
955
728
1708
1111
854
1536
2846
2626
3818
2456
969
763
2726
1171
1180
2277
1799
866
3493
6382
890
769
1745
8139
1651
1686
2050
824
1055
1241
1559
1009
2466
2615
1047
2517
994
1177
1008
1216
1090
4607
4825
1062
2228
3016
805
1519
713
2574
5208
3440
2676
5310
1705
9082
2093
4329
1561
742
1243
919
2404
1919
1281
4773
1258
1283
1573
5124
3901
723
870
1514
2298
1842
1709
7758
1292
1816
1204
1591
1361
1624
1287
10380
1947
5299
4744
2157
1896
2821
1263
1700
828
1753
1675
1525
1460
1301
1657
3198
1648
2884
1292
837
1605
2695
2287
1618
874
1611
3030
1126
15599
2622
1027
612
6422
3058
1661
849
1724
1536
2589
931
2863
2070
2111
2930
857
3716
3569
2211
2151
8370
1412
11692
2822
1972
2530
1751
847
3013
1998
1234
687
2448
2135
1502
758
1432
854
810
2649
1560
2494
1684
2669
3017
2106
2906
2890
4727
2016
749
1693
1981
2546
1820
4383
2813
3216
2073
944
3231
2030
4137
2043
3091
1720
2561
1200
851
976
2061
2019
3379
2597
1697
1214
1960
4250
2437
1361
941
3434
1552
4183
826
2337
3804
1158
1428
2297
4343
2192
3117
1160
1204
1438
3650
3668
1206
687
1838
1246
6973
1778
1934
3178
1763
17704
938
2043
2778
2731
1469
2023
864
996
1228
458
726
1939
982
1214
1806
968
20748
805
1787
1447
1142
3682
949
1877
2047
1057
2085
1449
9387
1230
3498
4858
990
5935
3088
2179
3046
1162
2265
723
2916
1702
1415
1525
1150
798
1664
10492
987
1488
5572
3950
1686
1575
1560
1037
2248
2213
2746
2312
1769
1498
1980
1494
1463
888
2609
1461
2037
924
2084
1858
1290
1279
939
1861
1188
1163
1624
1440
3073
1689
1769
924
7358
1912
1874
1776
1070
1482
923
2211
1957
8983
1192
1349
2314
1663
660
2037
1489
2530
1450
5337
5328
1298
1846
2754
922
6154
1521
5611
2277
1513
946
2360
1382
835
1070
901
545
713
1446
3576
1440
798
1255
1226
2223
964
2222
1045
1789
5582
1645
1433
819
933
1123
1671
1212
1866
7870
550
805
1688
1435
1406
1201
1080
1294
1208
1629
2722
2316
4859
2158
1327
1606
1268
1325
2624
1135
4344
1337
1178
1741
2076
2645
1361
847
1985
2284
1563
3955
1446
2433
1829
1065
828
2268
1197
2701
3042
548
4226
10082
4550
2080
751
1059
2261
1398
1173
1704
1500
2588
1622
1314
1765
3948
894
10653
2456
1237
3367
5174
2503
1176
2787
698
1888
5561
1366
5183
830
1055
4356
5032
2331
3856
2392
4994
709
3010
2540
1415
1044
3349
2449
2777
2060
1260
1795
1384
2290
2458
1956
1044
1555
1944
3798
3551
1459
6457
2016
1191
2069
1615
2347
817
922
3169
3006
5829
1773
1959
3769
1857
1415
1800
1311
5515
1500
660
2495
6229
1766
2211
3271
1255
4037
2789
1016
2018
11973
2002
1368
3311
2279
1042
2330
854
671
1532
2790
3216
2670
4026
1253
1154
1398
6183
1885
2090
1983
8599
1694
831
2084
5630
6254
1520
2008
6601
1756
1396
4126
536
876
5335
852
970
1433
1372
2722
1364
1963
3121
1161
1004
2738
850
1928
1765
2288
1742
909
1591
2313
1073
1715
945
2246
3356
1730
4076
6153
1580
3246
4986
605
887
847
2973
1384
5873
1562
14991
1344
909
2247
2709
9783
1154
1132
1225
2028
639
1092
1088
6232
1430
2016
2435
2811
3630
2126
1003
1339
2100
3516
3584
851
2715
4285
5306
3366
721
607
3638
1626
7323
918
1750
1619
1855
3782
3389
1638
4139
1524
978
714
979
3953
1491
8192
4521
814
1255
1436
705
2593
1322
1622
1006
1461
4535
3667
3806
4050
1343
1166
2893
1061
2457
1699
625
1031
2992
2792
1778
2944
1093
1874
1058
2310
742
3231
5668
2424
7639
2584
2605
1698
1801
1355
1328
1836
3525
1964
1258
780
913
960
2828
1409
2153
4155
3473
3145
721
715
1843
1175
3375
952
1472
1098
13372
2014
1351
1231
566
1217
1409
687
1083
3075
688
3011
2893
947
1332
2341
781
766
1676
1330
8407
2427
870
3494
1616
2141
970
2185
2569
13126
2037
4082
7915
1414
973
928
2851
2754
1809
2429
2651
1496
2341
2187
816
1038
1910
2060
1242
889
1538
832
1772
4550
1155
984
1348
5063
1571
1179
1011
1487
1979
3026
1017
929
700
2464
1545
3803
723
2896
1271
1687
2136
1631
1229
4311
2104
2256
774
5999
7725
1431
1703
3832
3600
794
2377
1076
905
786
8365
651
808
2564
1577
5613
765
2252
1930
2614
1690
4858
5791
988
1953
2494
2634
2890
3261
1156
2516
1157
878
2860
2939
2773
1145
1145
1150
1207
5534
3163
942
1346
7770
3820
586
5452
2436
1256
800
9420
1666
1163
1810
2007
2848
1655
2142
2963
696
5865
2428
9118
728
8401
5093
1699
1648
2791
864
738
2345
2333
2109
2098
4034
2357
805
714
1246
1162
1268
2374
2706
3669
1470
1568
1557
1509
1513
1182
772
930
792
4574
1424
4778
1832
970
1773
3582
1510
2641
2085
1387
6090
793
2079
1532
5392
1950
1247
1641
1223
1858
1078
2786
1655
1542
1680
2246
936
707
3297
1868
1113
2434
1633
1992
2255
1477
1108
1786
1653
1209
816
978
1465
995
1585
1303
11663
1278
851
6334
2452
605
1509
3169
3107
2261
1302
1151
1040
2060
1134
2077
2973
2033
2069
1015
1137
1525
527
1102
1314
1366
9558
875
1078
1603
1735
10022
1489
871
608
962
1787
1117
1953
15975
2109
1497
1380
2706
3092
1149
1270
2684
1991
2640
5556
1772
2909
2237
1141
3280
1951
824
1227
2150
2044
2132
1683
2837
1935
3587
1956
3156
3949
1215
1753
1376
1235
1298
1449
2578
2539
1678
998
1610
1341
2583
2208
1861
1468
5473
1563
930
1287
3703
1178
1042
18202
1330
1656
3613
1853
2038
2573
1660
2690
759
2780
2867
1943
2367
14116
1517
5784
2063
1438
999
2457
976
1201
1541
2552
864
1924
786
3807
2347
5460
2689
2630
2142
1516
1610
916
1663
2558
3388
1386
4658
858
1757
836
2289
1473
915
956
1294
1274
1025
2472
6982
1222
768
1197
1085
2753
1823
1765
6834
772
576
1391
893
1305
1634
1013
1341
2036
1632
646
1749
2170
1587
957
1913
2618
1404
1060
864
2768
3905
1640
3691
1159
1161
1600
5039
1098
2004
637
1100
4324
1802
899
4199
1467
982
4703
1647
1771
4643
1964
1097
11919
1238
2763
2099
1601
860
2139
1772
1548
2392
2139
2038
2045
2981
700
3393
1450
5272
1426
2410
2496
1012
2430
3265
1459
1423
722
883
1699
2667
1009
1013
1402
2180
8640
3616
5637
1260
3550
956
4387
12595
4327
975
1707
1640
3927
1008
1883
1191
2350
649
2129
1276
1416
1765
3954
3060
1257
1968
6353
1172
1000
985
1880
10319
707
1992
2698
1651
1579
668
2218
1141
585
2368
4094
1832
2946
1452
3835
1062
2148
1096
1009
2293
2533
2109
1661
2659
5875
1566
1516
1000
1120
4433
1330
2279
2175
997
1134
1972
5817
1999
761
3657
1111
1406
2281
1024
1084
793
929
2793
1534
634
1659
1230
976
1268
999
545
968
928
772
1883
1478
914
1665
3004
587
2253
2078
2695
873
2647
1408
1457
2335
999
1820
1684
1727
1789
1724
7694
1359
866
2254
1781
2003
2067
839
846
3623
2126
3345
550
1252
673
1907
4176
10841
813
1235
8527
1093
570
791
1683
1597
2596
3045
556
2629
898
1691
591
750
3320
1691
1440
4610
2553
798
850
2905
2371
2614
2138
3315
3254
2676
4496
892
1801
1289
1550
3462
1140
887
3014
1897
9854
749
930
2235
1752
2841
749
1810
3041
2708
8456
1444
820
1208
2692
1109
1222
3033
5319
1483
2487
1140
2069
932
2496
1345
2849
3527
6330
1547
2020
1430
1703
1937
1487
2911
4547
893
2018
3405
1019
1281
971
1768
1872
1634
609
637
2142
1614
3703
1556
989
6101
2019
1024
2333
505
2486
796
1171
1207
977
1428
804
1225
2632
2007
777
865
2286
2288
1059
1159
1527
10090
1418
1778
979
1307
1239
1250
1991
3420
807
3958
5459
1052
6402
5584
1959
992
800
2754
3225
3586
1027
3553
1092
1277
1112
1085
2017
970
1534
952
1304
2563
2434
1558
661
6611
1933
1139
2880
1011
2171
4349
12160
1562
1385
875
2801
968
2261
1073
1456
2510
10163
4802
1100
1022
742
3298
1177
2228
924
1851
2414
1637
829
1910
2465
957
1316
1337
2757
2935
1638
1909
1227
1230
912
10735
3729
1209
2600
979
1284
1109
1493
1995
1368
1901
7152
3375
2712
2068
909
1725
1395
1586
1590
1064
1531
1637
5053
1464
1741
1533
2580
3460
1067
672
1471
3394
1668
3596
1513
1753
1091
3734
1211
2065
2942
2111
2046
989
1956
1291
3231
2078
1363
2488
2959
2168
3431
2459
2159
1285
5560
2019
8122
1137
1341
1010
1874
1580
3454
1444
1182
1030
1652
1724
4246
1432
2579
2853
985
1761
1409
1516
1917
1126
5283
1624
795
1200
1267
5610
1647
2228
1341
984
1101
1360
719
1173
2093
2704
7210
984
1191
2204
1094
1047
6956
2090
1513
2186
458
2449
1461
5441
1912
1237
3649
1861
720
2458
5454
1768
1303
1470
3283
1224
2372
1265
1248
735
1481
1105
1179
6252
1510
704
2505
4678
973
3800
2065
968
2318
4075
6580
1914
2669
1946
872
1571
3242
1277
717
5313
833
1342
1181
3876
4637
2265
965
2059
3098
6695
13071
3382
887
3263
1589
1683
2091
1365
1776
1118
1237
1357
2536
890
2680
662
2391
1724
737
1635
7806
1271
1949
1382
1324
2793
2808
2203
1786
1375
1585
2854
8933
2368
1826
1241
1116
1060
2088
924
1756
4638
1436
847
2160
785
2356
3546
2406
1039
2276
2310
696
1389
775
2507
2961
1640
2105
3623
1541
2763
1171
2259
6511
1085
820
1153
1880
798
2070
1988
1547
2258
4664
1158
6807
2419
1733
1142
739
1371
2134
1334
2807
2702
2051
4282
2548
1523
2402
1896
844
1690
1180
1419
1356
1051
1284
1164
3631
1335
915
10662
988
799
1253
1958
1703
2026
2235
2558
2857
1421
6322
839
1124
1082
1584
3571
1924
2232
1465
1746
1098
1469
730
789
1235
1379
3390
1024
1225
1909
3185
568
2023
3199
945
1657
1320
1404
2634
1208
2006
2158
1297
936
2866
7686
11614
2213
2132
2528
951
2424
1511
1014
2968
4112
656
2876
1001
4367
6389
1025
2573
4247
2496
1140
1374
1199
1692
1984
1535
2826
3008
1347
2244
3789
1733
878
5209
5746
3750
3130
4681
717
1777
2203
541
1902
2200
1399
6277
2166
3008
2366
1291
1073
1792
2109
3376
3325
7550
1323
2596
3928
696
3003
2255
1534
815
3156
8005
1083
1432
1773
1149
1488
614
1160
1482
4995
1495
2272
2295
2717
2179
732
2643
8783
1178
733
811
1165
1866
757
2311
1417
1017
2609
1202
731
9139
4444
1008
1861
1169
2230
6622
1013
1145
1075
2249
1580
952
2295
3366
769
2273
2486
1680
1576
2378
1346
2568
1221
4852
1204
1210
12182
1325
3040
2084
965
13138
1609
1228
1981
3156
795
2150
1450
3117
817
1795
1504
5278
1403
3332
2494
1032
3675
1331
1419
1393
1651
967
1129
2305
2432
760
1495
506
2354
1658
1896
1201
1886
2190
1311
2903
3791
2488
1166
1573
969
1053
2089
1148
3122
1307
1514
2128
1146
1416
5595
1241
2633
1920
3519
1744
1335
5436
3248
3667
1991
5789
2703
2214
1058
4014
7197
3388
1591
1582
1420
1402
24625
1392
2151
913
1621
1572
2520
953
1524
2151
1367
4778
2186
5651
1579
3224
6573
2616
5304
1013
1072
1278
2913
1313
859
879
5951
3505
1497
2718
1624
2185
1633
1814
1392
1031
6560
3975
989
1491
6404
1299
1776
1103
1589
1245
6682
3235
3705
8136
2312
2500
1472
2103
6019
3015
2755
2535
2208
1097
2008
9459
3251
864
1859
1419
3121
947
1395
2206
615
1046
1265
869
1404
7164
2081
2720
6665
1310
1170
1517
2861
1583
2428
1239
9503
2549
2568
3342
2826
1549
1303
1843
3393
1101
1278
1881
1625
1693
1519
2200
2006
6522
1148
2861
1891
1366
2408
1072
8417
1403
2338
1943
1525
1311
3455
1443
959
1412
1586
1168
646
1369
1722
3158
1301
1357
3484
1610
1138
1199
1109
1293
2034
835
2306
860
2416
730
2398
1909
1098
1120
1914
1610
1253
620
2379
4082
4898
1594
2009
860
1920
6047
1294
692
2770
1156
1186
1754
1469
1942
1887
5261
2270
2592
1100
10816
1985
1376
1759
3587
4331
3064
933
939
3792
1052
6397
1574
797
3663
1134
15170
1949
1926
4398
2505
10076
700
3947
1281
1188
808
1238
1857
831
2060
1945
609
1258
1185
1574
1966
1244
1247
863
2243
2403
1148
2987
2812
1160
2471
8883
1070
769
1793
1460
826
2238
2926
1191
1924
5470
2356
1574
1534
5804
2988
1525
2822
1285
1409
1259
702
1077
1084
1632
1936
915
776
8420
1067
4181
2324
1103
3816
2577
8370
2127
2057
1189
695
1382
1974
1203
2315
1191
9457
1552
1050
946
2495
2775
890
870
1383
1120
1811
2445
986
1857
1190
2679
1585
2165
1691
1048
2089
774
2279
3275
2106
833
1494
2154
1621
2187
5455
925
3355
2035
1891
1736
2787
1861
5743
4936
2117
2835
2563
1873
3816
4618
800
1084
1090
3603
2290
3442
2977
2212
4545
1815
1478
2509
1167
812
1709
2102
1247
1433
996
1641
1866
1313
1391
1248
1139
1770
1626
879
1901
1184
1233
1134
4103
3414
1327
1926
1882
2994
1234
1389
1019
1709
803
2129
558
1725
2362
2445
1273
1295
2672
2302
2135
3704
7342
11718
2069
1195
1649
3777
700
3100
2340
8023
2596
786
896
1361
1044
925
1668
1721
791
1997
593
3098
1162
1390
1345
2457
1425
2762
830
1475
1287
11628
849
2010
7293
2480
2056
1154
4051
1968
2090
3290
2618
1146
855
1507
2485
2218
2402
852
1200
3450
1350
596
1252
1178
1647
2456
2281
6851
1042
5093
938
9766
1131
1209
1658
1925
878
1813
1995
5682
1754
3169
1857
1998
893
1831
1107
2015
789
1889
563
1666
1920
3888
942
2039
3456
2013
2696
1969
1127
1099
1940
5599
2178
1665
572
1071
1614
732
2438
2264
2683
1103
1418
901
1930
1604
1032
3397
925
996
1580
1512
2494
1793
702
2046
1562
8737
1575
2101
941
1200
1037
1232
7899
3369
1605
1641
5156
2830
1970
1296
1203
2172
2121
945
1719
4956
1008
612
3409
1042
3144
3398
1289
923
1325
5551
1857
1124
1650
1463
1954
862
2852
2887
7336
896
2519
1272
2413
2203
2501
1017
2405
5374
1696
1084
1690
975
942
3583
2293
1975
3023
2113
1359
762
1194
1781
895
2038
3543
1992
2659
1623
1119
8319
1810
8952
2456
1495
2036
3514
2506
1444
1472
1850
1590
1045
12589
1772
884
828
3306
2363
1179
709
958
1103
736
1445
2516
917
4293
1285
1255
2813
1925
3509
1582
953
7819
7755
3230
2281
776
2412
3082
1860
1791
936
2347
1390
807
1803
6993
1925
4291
1602
1751
679
932
8292
1901
1001
5488
788
1310
1110
1938
1123
1984
2662
1419
1456
1835
2516
1266
1231
1470
1958
1666
2799
1380
2168
2037
1274
1834
9761
1707
2340
7725
966
3477
1585
1048
2774
1383
616
652
3465
1699
800
777
1347
2400
1222
3871
787
1002
2030
1645
692
2571
1891
1866
1463
2486
1932
1231
2365
2352
3257
716
4758
809
1177
2958
1277
826
1543
912
1215
1948
2886
1206
5298
1412
1938
2354
2546
2194
4611
1258
3075
2002
1879
2011
1486
2350
1081
766
1579
2491
2094
3818
1854
1995
1857
3825
2507
1998
1178
2373
1491
922
2397
2326
956
3645
2277
2106
3193
478
2977
3250
6711
1916
2442
741
1208
2007
1439
2362
5406
1131
6447
2869
9701
3627
974
2066
1304
3563
2391
11753
1885
6319
1233
1638
1952
1647
967
1073
5364
2076
3965
1066
2720
2719
2558
1952
1697
1169
2205
3508
907
839
5243
3055
10788
1767
1452
1585
1272
1884
1209
1682
739
2326
1904
2306
1728
3803
2239
1295
1572
2256
886
1716
1517
2393
1889
993
557
1380
561
2317
1708
1146
2047
1567
1678
1246
1557
723
1399
1148
2930
2398
2873
9256
2854
1335
1741
2658
1449
1541
8845
10395
1277
8543
2645
2659
17165
912
5995
4513
2156
1848
7106
1387
1337
679
2037
4453
3734
778
2326
9938
2419
2081
920
1738
2387
1841
1313
1317
1088
2371
1169
12460
1093
2647
1708
1583
1868
1760
1283
1584
2294
1975
2113
2217
7311
1272
3409
1188
981
5485
947
2094
7125
1603
1661
4521
2932
7120
1107
1270
6204
4526
1983
1706
2094
5582
1804
1634
2833
1515
10292
3562
851
1998
2471
648
1402
1462
1140
1986
1699
6264
2221
1214
5406
1076
2234
1293
2410
1481
838
1033
3320
2013
1640
1111
1989
6029
2287
1198
1899
4149
894
1195
1272
3857
3338
3892
1518
1778
2352
14511
1628
1622
1945
2906
6080
686
2628
1928
2313
6368
9773
905
2537
2818
2166
1190
1093
1689
2372
4365
1720
3858
704
1692
2381
903
2713
1114
799
1665
1373
1103
3526
1304
2726
1044
1679
1668
5795
1037
3143
1192
2180
1514
2803
757
1060
1608
2662
1900
5036
1494
1760
1490
3096
2353
2641
2391
1576
1238
2005
2772
2054
3002
1834
1201
1553
2450
2202
1955
634
1820
1069
2384
2094
8848
1343
943
6383
8743
1123
2272
2399
3168
689
1247
2169
2817
1342
2545
1065
1553
1400
4601
717
780
14334
1483
1099
1169
3557
1239
1433
947
1550
2012
1751
1719
3858
2012
8626
3784
3056
1312
1100
2447
2324
2645
563
3755
3013
2845
1596
1478
3848
1650
3336
5295
1982
3991
863
1211
1195
969
7998
3649
1288
1548
2279
1263
2466
3390
1137
1135
818
3562
1114
3816
1867
1443
1686
2797
1489
2751
1029
2840
3095
2283
981
1294
692
1468
1627
602
592
616
8415
1285
2003
1003
5251
2743
2872
1864
2565
1427
1049
2144
2275
1704
1749
2369
870
2055
934
1439
874
1767
1149
1767
1950
1001
2786
1939
1601
2824
1463
2098
1318
885
794
1295
845
1063
905
1443
978
1788
1343
959
9697
752
3563
913
1646
1752
1797
2043
1227
607
1514
1223
1906
870
554
2351
1183
2835
2201
2578
2244
1531
4076
8557
895
2825
824
586
2623
2200
12414
3742
2058
1628
2186
2298
1327
962
877
654
2606
3109
1074
1236
905
1504
1117
1580
819
1300
3282
1296
1084
3270
1110
1139
3739
5140
1313
2540
1667
923
1906
1249
557
901
1175
1568
880
1958
1303
1671
1534
1071
4422
2712
1263
6602
4948
2622
1750
1398
2510
1089
1052
1311
1233
656
905
1108
10947
1894
1024
789
6844
1873
1776
1853
2725
15577
1693
842
1575
1279
2643
917
1599
2637
8966
1582
1798
4266
2273
1998
997
1323
2249
1895
2282
3159
1495
1899
2494
4828
3880
968
11814
1561
1923
2418
1469
1261
1710
2001
1868
2618
2566
1292
767
1566
985
777
1442
2209
2441
1892
3381
2899
1736
2237
1592
1099
1643
6550
2862
3040
4000
592
1108
1782
2303
1339
931
1499
3185
1387
2274
876
1002
2656
4179
2395
2741
21003
1151
1760
2225
2080
1077
1237
634
2053
3029
3174
9626
1702
835
874
1310
1168
2181
1891
1749
1479
648
2524
2625
1734
1505
2488
5069
2088
2168
5582
1771
2259
1315
1705
6898
2531
2061
1147
2900
1439
1466
3240
1062
2076
3140
998
2917
1824
2510
5707
1314
1004
1263
1023
4532
851
3548
6583
3104
2396
1420
776
2150
3287
1105
670
1571
1738
4700
1497
1093
3068
1046
3152
1163
974
2997
920
2359
1671
2904
2180
23809
1556
5776
1999
2226
722
1183
2700
2034
1423
1701
1077
10812
8910
4922
1013
2451
1812
1442
2043
1958
3923
1341
1335
1377
1369
2114
17559
787
1321
3062
721
1233
903
3219
10827
930
2010
1782
972
1663
12476
2301
1887
1861
1043
1120
1159
1543
1159
1892
3284
923
1249
3656
2266
2092
2065
2434
1096
1957
1963
2798
3896
991
1786
1571
1765
2274
870
3209
1805
979
1456
2144
1897
884
8077
1688
15399
1042
1237
2939
985
2147
1268
1414
16149
705
1190
1773
1460
3216
3409
2564
5674
1482
2276
2044
2888
1841
2911
889
1046
2392
2547
1780
1620
1587
2023
1104
1272
1653
1640
2389
1003
1000
5008
1770
839
1340
1725
5402
1092
1662
2168
2496
836
9924
1556
1184
819
808
1384
1187
974
1487
2761
1602
8092
2386
1436
1799
781
1295
1098
2082
1907
2722
5920
3338
1610
2407
1098
1060
796
3112
4279
2667
1967
2276
1587
8145
1013
1138
1010
661
4065
4017
1635
1472
2806
2645
1440
3420
1982
1705
3564
7763
1451
4571
835
1668
2025
1283
1656
1977
2534
1418
2164
1139
1399
4833
1961
1541
1252
4474
1964
1703
1805
10573
1715
2264
1243
567
739
2294
2186
3645
2463
1431
763
2463
1816
1606
892
1071
2366
3915
3775
1496
2079
974
2216
2072
2057
1656
3038
1342
1752
896
589
646
2087
5333
2783
831
2508
1638
1084
3708
2880
1121
1662
724
2075
2624
1472
2217
1229
1872
749
2225
820
766
989
9193
871
5560
699
5442
2052
2527
2944
1564
1384
963
657
3573
668
3520
3261
1383
1239
3699
3788
1195
689
2035
1922
4206
6093
2557
1664
1782
1090
1175
1831
1164
1001
1110
882
1660
965
2710
2602
876
6924
6871
1694
8206
1389
1149
2687
4652
6034
2099
1307
1315
3601
2312
1006
2482
7437
1038
967
2333
837
1368
2817
3696
866
864
966
1010
2092
2555
2470
3224
1705
1012
860
10019
2485
1418
1083
2158
2052
1506
1808
973
1669
3669
2477
1259
1991
2536
7296
868
731
861
1503
1118
1220
10653
1413
1763
2326
2912
2663
2297
1687
7416
2024
2536
754
881
2377
3006
1318
5966
1030
2949
1399
2149
2324
1105
2536
3238
2247
851
1608
1450
2006
1858
1188
893
1768
1376
2503
1226
2477
2610
1374
1438
1470
2919
2455
1252
4853
2459
5012
2188
2309
2455
1135
1618
2146
1282
5032
15327
1926
1646
2098
1386
2646
2649
1552
1536
1686
639
2012
8084
1204
2040
1053
1585
2176
830
615
1538
6362
3550
1536
1690
2843
3118
763
2493
797
1254
6020
1709
1573
2427
1833
2121
1257
1205
2152
2420
879
3851
3553
1758
761
1469
2267
2158
1321
1556
2881
2467
1785
1824
3615
856
847
2360
1983
1495
1475
712
2768
9687
1790
883
3252
4122
653
2526
601
2955
718
3119
1347
2921
3379
2205
953
881
1635
2301
3294
1109
845
2108
2275
1644
1391
1994
4223
2386
1936
2069
2332
4343
7704
4130
7329
1235
1949
970
520
1348
1423
693
1212
2026
1170
1829
2241
4880
17767
1577
2164
1287
1348
1024
12242
1078
728
1258
3987
4537
1803
2454
1980
1878
2338
1832
3445
2595
2064
1973
600
2287
927
2335
2383
1696
1689
1565
2973
908
2789
1250
1133
682
3190
3342
2370
1814
1164
1115
4991
3015
1829
3658
796
1048
2838
902
11158
4097
1162
2926
1338
923
3509
3411
9238
1148
4435
1125
1331
2727
2580
3434
1576
1384
2454
1081
664
3221
2942
2975
1293
1422
1687
1512
1211
643
1438
1806
11890
887
845
4811
1647
914
1002
2253
3506
2883
1857
718
1380
3790
1193
1770
2000
4822
2133
803
1168
4070
3337
1624
4733
922
1043
2985
2794
4996
1846
2505
824
1536
4363
1862
1281
5602
4254
2297
909
4952
2593
1075
992
1385
3730
1228
1559
1753
1232
9926
2168
3400
2002
1484
1225
1721
2620
1797
6231
1579
2454
2623
2736
1731
1573
2281
788
4086
3264
9578
2112
8965
1944
2871
1637
2380
738
840
1102
2104
3622
5802
1441
855
1139
1654
749
1770
1090
2032
4463
9158
2278
831
2361
1585
2496
1312
2742
4819
1715
1690
1993
1495
862
3050
1005
3630
1529
3495
1831
1097
1833
2000
1816
979
6539
5645
3987
3144
5007
1464
2935
943
733
1417
1488
1617
1446
2648
2041
9203
2615
4329
841
2077
1286
1210
2555
1113
2606
1796
4213
829
1510
963
1032
2014
1633
1381
1641
2362
2166
4514
3200
831
12278
1595
6106
1926
2474
1203
1811
1579
3848
3795
1101
2013
3313
1062
2018
5436
668
1859
938
1259
1507
740
988
3253
817
1625
4829
1124
3346
1056
1309
2657
4038
992
2333
3481
797
15610
6128
1078
1790
2192
1085
820
894
910
811
2159
9688
5258
954
752
2904
942
1277
2409
2055
4131
5388
3260
1561
619
2616
3155
2373
1164
1081
3493
14738
1323
431
979
1667
4807
1272
6275
5264
589
1575
804
3129
13048
992
591
1873
5675
4995
2590
3275
1752
866
1625
966
1091
1144
1706
786
3145
855
1562
1797
3665
832
1122
5759
1369
1061
1275
1894
1180
2281
3435
1176
1462
1785
1152
2368
1497
690
1400
1192
2156
532
1924
2447
1705
2198
1721
1454
1169
5805
1032
945
1991
1710
2228
886
745
1344
10665
1901
2040
6489
3838
1485
2123
1610
2848
2680
1777
2222
2258
1888
844
7178
1316
1847
1150
1444
2292
1355
2545
847
2915
3428
4326
1944
1228
1094
1975
2988
3140
657
5385
1016
1343
1225
1447
5457
2319
6072
3283
4945
1475
1570
835
12153
1482
3627
1327
1150
1537
2592
1262
1460
1641
4440
3436
1887
879
1185
5630
4151
1445
866
2767
2162
1118
4720
1943
891
2201
790
1078
7576
892
2806
1148
865
2720
2554
733
2108
1411
1516
3468
532
1153
2200
1048
2364
1277
1245
1299
2160
4110
1499
4653
1525
589
1963
1174
5255
1375
2456
2073
971
1831
2581
1063
1718
2643
2364
1165
764
4031
834
1772
902
1839
1553
2334
1186
1529
2280
1426
2784
984
7671
2682
2050
5676
1515
1664
2333
1731
5059
1763
654
1172
871
3461
1966
1357
11059
3698
1938
1089
1167
1303
1560
1196
2227
1293
2905
686
985
1631
2378
2670
1639
1535
1752
1178
2558
971
1044
2327
2121
1092
2084
1226
1981
14516
1021
4862
3291
979
577
2271
1880
830
887
8648
1534
2211
1113
1561
954
808
853
1696
1054
1777
7267
1154
5630
1313
2547
594
1846
1597
1428
9887
1053
1306
2178
3077
1534
2075
1370
1685
1705
2299
883
6917
1166
1743
907
1315
2238
6463
1181
875
2974
1124
2771
1369
887
3951
2393
4985
1981
694
2222
1679
1719
1165
812
2032
994
1119
2577
4750
1633
3043
2089
1373
2453
2124
6430
1228
1575
3537
6751
1700
2117
1385
1329
1699
1963
4744
1803
1297
577
1458
2180
1783
1628
2288
8868
2763
3646
1706
3587
2029
7044
2431
2120
1351
1145
8850
2042
982
848
2634
4371
1564
1175
6231
888
3462
1815
1384
1227
1804
6381
1901
2235
1685
1358
2013
3986
667
1524
1817
1696
4388
1358
3122
2651
1922
2124
2651
3643
1490
791
3963
4971
5406
1565
19435
1753
1137
3364
1871
2295
4031
3191
2184
3914
1586
1344
2595
3109
1267
1889
2217
1007
3269
881
962
1722
2260
1508
859
2210
2940
948
776
7542
972
851
1847
3614
2995
1228
1395
7418
2629
2109
3927
1944
1683
2423
1605
1224
1236
1391
698
2113
2068
545
2881
2813
707
1514
1784
1947
2476
2095
8742
1408
4429
1711
5144
3535
2808
3004
1305
4901
1590
868
7178
3149
1345
1139
988
1761
1727
1133
1344
1163
1601
20324
3239
2776
1234
1031
1079
2849
3791
839
2811
6608
1888
2592
2194
5062
2386
4978
1035
4555
1923
2993
1090
2094
2566
5977
1729
1370
2783
908
2125
868
1625
4339
1710
848
755
1835
1193
1337
845
3670
912
1370
4679
3252
3211
1172
2238
518
1202
921
2627
3272
910
2258
1820
1028
1679
1702
940
3403
1799
2066
1479
1090
1958
3923
1674
806
4129
5236
9118
2106
1928
3757
1766
1517
1832
1475
1557
2578
3059
3075
1243
1373
10046
997
2055
1680
1317
994
1706
2198
1914
2025
3940
1341
1189
1684
1611
2284
736
1129
1675
2529
1723
5289
2584
2403
1151
834
2289
1544
4082
15460
963
1036
3430
862
1992
2327
1491
1908
2404
5929
1860
3900
2491
1701
2010
3696
1718
1943
595
780
2852
2798
2749
4181
2987
3262
1569
5365
1081
1081
1169
815
2957
2451
2464
1380
3411
1490
4119
945
3010
1695
1126
647
2214
737
1351
2806
1233
6037
2116
725
3485
1363
3771
902
5504
3986
1537
2120
872
1583
1688
1059
4973
10383
4044
1624
1059
870
1640
4243
3656
1451
2932
2268
10425
1766
884
1748
1003
8107
1612
816
2763
2131
2896
2265
2353
1476
2615
895
1419
1875
1042
1150
2536
1384
1373
3448
1197
1043
3355
2147
3085
1160
2288
2319
1098
889
5965
3927
1002
1885
2982
949
1717
937
725
2659
6031
1680
697
2541
2694
1529
1181
6529
937
1180
1011
1944
6726
4064
2559
2225
768
1880
7388
1653
1353
2021
2099
1059
2376
1565
2298
1704
2599
1038
1885
775
1586
1230
1138
1484
2638
1733
1522
1486
5496
10735
1440
2016
4853
1613
1451
1177
1206
2318
1677
1143
2287
1500
1032
10540
1397
1960
2811
1622
2191
2294
919
1657
1621
2098
2390
1455
2198
4872
1936
2073
4881
1565
794
2662
1303
1114
4745
584
4310
3647
3187
1201
1751
2828
1367
978
2396
2292
934
8169
1678
976
790
2613
1327
2610
1151
744
1087
1650
611
1334
2174
1068
2273
5568
2359
1617
1087
1696
828
3032
4808
2394
2217
2012
2856
994
1503
2304
3223
15060
2031
682
2409
678
4241
935
2491
2041
2481
1448
1090
2057
1448
949
1993
3682
1135
1111
2093
1140
1227
1813
8107
1460
2086
1067
2124
1597
2456
3440
483
1625
1148
1279
17613
8737
4041
2565
2789
821
704
11780
2187
1448
1158
971
2426
1145
1976
1793
1825
3283
573
4938
1835
1101
1486
2330
749
2708
920
1317
4004
1426
3008
2289
1841
3569
7238
2131
2351
1122
1942
1743
1090
2257
8934
1101
655
1232
1449
7984
1671
1248
2137
1432
1482
810
2998
2147
1901
1915
1445
1423
894
1449
677
632
1095
795
3560
1363
1891
1584
909
3495
879
767
644
3181
6247
1950
1003
1698
10675
1826
1695
1329
2592
3189
3571
2045
1103
975
3146
2013
3788
745
2621
1185
3165
1493
1998
1695
1293
4819
3036
2748
13277
1221
5403
6294
1037
575
1008
2013
1818
6284
892
14488
7899
6392
1499
1186
1659
1234
3743
3016
3818
1856
1190
10973
937
670
2499
1656
2011
1170
808
3812
583
1312
1257
1783
1148
1804
2210
2595
10496
2426
791
6726
1478
7906
2930
2572
1122
4572
5194
4396
1883
1825
1173
3105
1013
3430
2400
3305
7443
5707
1721
1391
1479
1469
723
2052
1491
4326
759
980
1024
3465
1640
821
1063
868
1921
866
1009
2118
942
1547
9162
2087
18467
2146
3166
872
4771
1564
1422
1138
2246
2687
1457
1507
1255
2365
3269
926
3460
1114
2175
2000
2822
5021
2822
5377
6408
1514
1636
1210
1797
2312
3847
1056
1801
1640
975
2087
2135
1850
4177
1201
993
676
1288
6609
677
2076
3706
1019
780
1305
2514
2876
724
2411
1480
3429
2654
3128
2318
578
1677
1156
1816
2259
2141
1290
938
6491
8142
3186
2002
2366
2323
2532
2735
1027
1688
1020
2385
2378
5306
3510
1142
2042
688
5040
1174
2177
833
1807
1653
1130
1322
1535
1721
1399
3108
1965
3304
2099
1735
3392
1222
680
2847
6662
2399
3644
3414
1415
2774
1327
1708
1593
1184
2276
1448
1028
2952
2289
6333
1192
855
1596
1282
1032
1483
1369
2578
5256
3414
808
1510
863
3531
1301
5261
1311
2986
1576
1247
6659
1429
3257
3933
2533
2117
930
1188
1571
1784
1405
1985
1320
710
2480
7890
1743
1133
1643
1771
772
1313
7549
2732
1129
1894
924
1023
829
572
2203
2505
8356
1143
1636
707
1827
1455
3501
1136
2326
2593
1593
1699
1775
2518
1164
1752
5482
2332
2397
1038
2722
2119
1173
1967
2132
3098
1198
1665
1444
1629
822
2726
1797
1414
3221
712
848
3952
786
773
806
2170
1208
1338
1238
2683
2033
1521
2714
2154
1387
10193
2638
2930
9737
2032
1857
1660
3293
2097
653
1565
8333
2098
2254
1175
1261
1544
1180
2183
8108
1554
1069
1207
2298
2221
2205
2800
3288
1447
3973
1038
1464
2161
732
932
1448
1445
10109
1111
2455
1254
2032
1527
769
1146
1062
1559
1194
2071
3789
2403
2588
2154
1916
1836
1510
2066
1117
1240
664
2453
1015
1117
1806
1021
6429
1959
2766
690
8420
1000
2194
1225
1129
540
1231
712
2370
1289
1714
1971
976
4097
946
3133
1912
8202
1528
2780
1232
1094
2908
1844
901
2750
2236
1792
1771
3334
1877
2183
922
2346
1219
3596
1345
937
5128
1954
7709
709
1203
1017
3218
3745
881
3343
1133
8996
1083
766
1288
2059
1249
2077
5097
2593
3495
1136
2161
1867
1422
2989
1370
1741
958
1344
1859
991
2561
976
1648
3619
3462
6128
1031
1152
990
762
1442
1865
3481
4661
6624
817
5646
1379
6992
1966
926
5752
811
1162
1469
1663
2660
525
794
1166
753
2753
1027
1549
1953
1574
1161
5282
1058
1051
937
6738
1539
3356
1916
1794
1556
627
1913
1011
3396
4961
2679
1214
2206
4537
5105
1653
788
1862
1444
2456
1556
2120
724
1748
2022
1165
1937
962
1227
798
7760
2899
1479
1305
1746
1086
1392
1472
3208
1021
7623
2680
2126
845
2353
4745
3175
3941
1071
956
1835
1541
2718
2784
1421
2871
8685
5462
1665
1173
1451
3433
2149
9131
1623
2258
2337
2716
2849
1441
1376
900
1164
6545
1587
1291
3085
1856
2247
1292
1447
1127
3879
1597
867
3141
1592
7863
3141
1766
5741
2129
2148
2383
3558
991
2273
974
1323
3091
1355
2794
961
4161
7039
2926
2026
733
1583
1088
974
1371
1149
1147
2878
1571
2192
4670
879
1285
3488
1169
1227
1421
1860
1330
2755
1977
1105
823
1980
2849
2572
2212
1499
2391
1841
2580
2302
4748
7725
2913
3228
1170
2019
1806
1046
2804
1266
2352
1307
1810
7189
1126
1762
1277
1271
1018
3151
2009
4016
1559
763
1655
2346
3972
1288
891
1586
1143
1087
1637
2112
1411
1068
1519
1589
1537
1587
7141
3027
1770
1316
1499
2739
1178
2875
3219
1435
891
2062
2535
7419
4965
682
1393
726
1263
701
2245
1589
2839
789
1570
727
3379
717
8086
8275
3162
1625
1201
2253
2645
585
1660
1344
2266
4848
488
925
5403
1122
2486
1066
1142
5381
1190
2297
2426
1679
1250
2700
2012
1073
7927
2607
494
788
1177
2693
1053
938
8265
6174
2508
2220
1641
981
1936
948
1893
6281
3155
2034
1567
2177
807
1922
1005
1523
1145
1360
1150
1901
2620
956
3350
1260
1004
4380
1339
1147
1901
1151
2294
4645
1311
905
2868
6740
870
870
2308
6505
2506
2009
2022
1146
1871
2771
2100
3230
3743
2154
1897
1379
2854
1224
1720
4612
1061
2154
1308
2110
2280
1610
1010
2213
4513
1035
1091
2869
3487
1852
3992
3343
1096
1593
1318
6387
1752
1032
1805
2557
1319
3131
1376
959
534
2508
1876
1558
2048
1939
4231
2056
1250
605
2212
2246
1270
1312
2741
1412
1992
2661
1640
1715
2307
2317
1684
1132
2431
2181
804
1571
1411
1686
1779
1096
2489
1523
1469
1066
615
1296
1841
3019
1012
5448
1836
3052
1655
1224
1507
1693
2464
1369
1357
2003
2375
1622
2796
1505
2788
1263
12768
3263
1065
3694
9776
4338
1485
2335
1777
597
2296
1589
1299
1697
2196
1357
8972
11096
909
1695
13915
6529
748
1922
1469
1082
3043
3186
1912
900
1503
5170
652
1681
792
3102
2413
1419
2491
1128
1341
1533
3898
10000
6400
4602
807
1423
1873
759
1743
1332
1516
2121
1915
2601
1019
7413
4887
1345
1889
5880
846
3681
1556
1164
12136
2165
2453
2485
1651
1908
1293
1256
1635
2114
6945
1626
981
2157
836
3252
940
1680
2470
1506
1436
1217
1256
797
2983
2364
1154
921
562
3161
1096
807
2710
1956
2571
3841
712
4263
2344
3196
6996
1380
4064
1905
4837
2455
1217
1754
1421
1940
1239
1529
5228
2069
2956
736
4305
6888
3310
2037
2019
1927
1317
2864
2850
1112
2179
2959
1933
2007
1009
1073
6179
1463
2743
4888
1706
3535
