1834
2586
2119
8584
9409
14375
13987
9791
2965
10434
6201
12276
5217
18407
3354
10261
7690
11445
38514
7795
10530
7595
4006
5042
6572
5367
4592
12601
4024
3086
8710
16855
18419
3612
5200
2757
16880
6307
6792
12783
15820
21098
4576
8840
6769
5248
3517
3695
8946
11179
11033
973
7882
13922
2595
6088
9449
2568
2238
3560
9941
5904
1468
4209
13226
4418
2586
7247
6534
10693
2195
3742
5807
7339
7330
4347
4128
2350
4164
10593
2614
15669
1827
6197
6423
10667
5065
9685
4304
10728
13539
3133
5378
8960
12371
2078
5084
29446
10445
4493
5262
3000
10374
3922
15688
12728
3290
10712
9552
2643
5270
13052
7414
2945
7366
16399
10070
7567
2412
7849
5760
20370
5920
3782
14921
8192
5410
1229
10637
25691
13342
9716
5341
15639
4952
3965
12268
4137
24138
3823
3788
12504
3600
9560
4734
8950
7466
9495
6485
9544
2657
6921
1376
7112
6693
12832
3800
3108
7715
5704
5872
5351
25599
16229
9447
2705
10202
4397
4350
5155
6743
12208
16459
7432
21318
5251
4678
25552
3225
2599
2541
3141
3287
3977
1143
2548
6525
13241
18819
4380
3316
5035
7805
6554
24443
9595
15121
18460
6152
7178
28372
38022
3539
1576
2879
9140
14826
2158
3211
5165
5148
3904
9078
6262
3475
1330
6242
23872
9526
4673
2734
9118
4697
6801
4198
2999
11017
2967
3940
3597
5579
7735
4402
2089
5414
1623
10257
15587
4653
8646
16958
22365
3114
9234
3103
8123
15158
4562
4862
4358
10781
2318
4122
4183
22958
4017
18398
9582
7412
7347
9691
3329
13705
6937
2839
4746
3949
2924
2257
1478
15976
15544
2929
15910
8086
3648
15647
1851
5948
6248
5083
2277
6472
2895
8401
9804
9730
14199
5758
5216
8523
6696
5436
18442
30789
6338
8578
4994
3510
3887
5248
6087
8806
20542
19208
5959
713
2525
15583
13183
14204
12624
7899
2543
16546
7835
4229
10504
4365
7874
4691
11039
8530
5212
5881
7623
12885
4366
18073
3178
3379
3939
4185
9966
23655
2809
14940
2189
12855
10892
10669
2123
3922
3143
4043
1342
46612
5058
10905
3235
3944
16592
6227
14771
4249
783
5854
32928
2097
3007
2667
5878
14141
14724
6044
4655
3676
8599
8327
4290
2934
5990
11507
7254
2699
2878
13938
14275
2022
5603
3112
5039
8222
5254
4982
11572
4210
8270
1723
23680
2522
5626
4071
11083
5495
9600
2907
4374
10630
2939
6872
9170
4868
2389
5594
31101
11919
39657
5046
12136
12990
3762
17402
12905
5383
6008
4974
4841
7071
23659
4263
4507
2747
4520
2288
10017
4666
6021
8151
18864
13607
11901
6026
5158
10045
10385
2468
2310
14701
4178
16775
5640
2768
4596
2859
11557
4612
3852
16403
3616
3696
2847
9503
10531
1828
13949
4891
1540
11004
11439
5287
6137
10826
10958
42792
4355
6465
4094
11515
5425
3622
12462
9564
6576
4695
5844
6262
7198
7691
4423
9884
3385
28155
5296
9979
4227
4270
12512
3843
13125
6398
8297
15337
9016
6416
3517
14561
9380
6519
28676
5966
22573
2316
3683
6155
12349
1827
17295
2041
6779
10264
3343
4759
17030
1616
8544
9780
16537
4810
14613
5203
3310
5926
5879
3956
12517
15524
17332
4307
2352
34290
6009
8286
10060
4863
5511
6996
5625
2223
2146
2793
25237
12266
4284
10769
8362
3027
10982
4419
12117
4946
10227
8776
8613
3199
3602
2894
23616
10568
11611
2400
2564
11594
5693
6994
5184
5943
10064
2546
11457
5610
3358
14061
7884
1942
4586
11626
4845
20656
7417
9364
3757
10901
2608
1798
5683
2060
10733
14731
4479
8982
3106
2474
1819
10849
17752
1845
11038
6665
8822
1113
8595
16503
2674
8331
5063
3279
4112
9980
11321
4486
19198
6258
2767
1046
6164
2582
6360
3093
5973
9616
3892
3428
7109
2317
27103
14206
6073
2175
10491
5269
27461
9321
7601
3695
15977
1780
2683
2625
4683
10257
3376
2264
3120
12040
2538
2769
8089
12568
33820
6340
8419
2982
2340
7649
7493
6630
6570
10580
10341
14088
10458
1741
15468
11198
16029
2809
4219
11499
10232
2692
17399
19052
4675
14442
15995
5776
10176
6433
20503
8865
3750
18959
5435
3153
2896
3359
6586
8565
9207
3038
8055
4014
2845
5881
16957
4400
3710
5577
8642
5710
5278
5967
10935
11044
15180
6077
5568
2635
18819
7715
5144
5998
6279
11851
9470
3496
6467
4351
9852
5477
7280
3453
810
16889
10626
5915
9625
10589
3960
5716
1502
7217
5202
10464
1264
5365
2686
3605
19920
3749
11144
10090
1533
16298
9731
4757
9100
11914
12362
2900
2665
5264
11714
14225
2446
11452
2152
2978
15325
14833
5031
10189
10477
5262
14364
18840
2287
25816
3862
14729
20206
11279
8595
8292
3408
4494
9285
12421
5507
8940
6631
9533
6087
5310
5698
5768
1213
6406
4674
2906
8638
6450
23249
8881
4248
2279
12152
11390
10461
19955
4098
5855
6814
2265
7910
4424
2161
3095
11345
4858
4153
9047
10148
4866
7801
3949
15100
10549
7007
11351
9876
19904
2709
7867
5435
7281
2221
1543
9391
9148
6969
10481
3744
6749
9592
9660
11291
2150
5985
19025
7926
3314
6914
2122
1653
5821
31757
4305
15248
5885
2845
3497
5092
11452
3374
4404
1679
5133
14509
7003
5298
7204
4308
20453
4649
12082
6064
3184
10593
4729
4233
1873
4042
5982
6842
21287
5115
4995
21002
8158
4338
3904
4346
11680
8831
3983
8367
4750
4210
2371
8534
4217
4324
18930
26176
10701
1250
12602
4633
4067
4564
21236
7721
8673
4206
7090
2910
4496
8784
4824
4241
7630
8640
5925
3558
4710
8208
3763
5594
4785
12930
6778
1882
4289
4505
17058
13644
3352
2897
9209
11520
7716
2817
6169
25367
6181
6017
4888
20886
4364
923
2180
20745
8393
3292
8773
5411
6191
7182
20950
13323
3589
9270
9434
1581
2389
3766
11818
11682
2918
12064
18487
8799
3176
5374
3421
20296
13570
14256
9335
4203
21343
3340
9916
12064
5423
6285
5036
10962
10166
5734
5081
3497
3966
3722
1345
2269
2063
3879
3053
9328
5199
13596
4029
8174
15660
10330
3417
3179
6750
4427
5738
10775
4945
6467
9316
22953
12737
25496
4228
6422
18304
1800
4383
7372
2142
3128
7472
12930
9525
11281
2767
11186
6611
3069
7474
4452
6374
6868
5643
3522
26207
5132
10117
3111
10144
1867
23247
3625
5492
5638
3546
5140
6958
18285
4874
11087
2635
9232
2972
2487
3939
5855
4227
2302
2246
12726
34473
6100
13223
9379
5649
6965
3048
6223
8999
9646
7320
32425
7464
5894
6055
11980
10401
5039
11426
4182
6201
4183
1486
2421
3248
1252
5920
10561
4809
7611
3949
9383
4971
16480
3845
7747
10295
1404
23068
9305
2568
2437
1519
7474
14114
10490
6779
3462
6813
4322
2233
2262
13107
10646
10819
12453
7564
4602
3275
4008
4012
4356
13327
3181
1910
3436
2729
5577
1929
6932
3740
4141
4711
4992
5703
8968
2837
5249
6126
8910
14596
20254
5845
2665
4059
5386
9579
1598
5746
9919
2756
7936
14209
1489
4240
23559
13515
7736
7456
17210
3478
2515
6405
5643
10106
24247
10145
10869
2497
1634
5860
26730
11152
19386
5422
17590
5465
8661
3708
7426
28646
11718
10428
5132
26808
6877
15298
2550
2138
7637
7187
6042
7000
3585
20208
2624
4819
1682
8536
16330
6164
12135
9885
3955
5011
3229
5910
19748
7797
11611
7002
1431
5421
5657
21018
2734
3466
6672
7409
8002
25042
6882
10311
11559
8093
5645
2502
2922
5554
4530
12896
3607
11782
2201
2756
1402
2567
11260
5183
10700
3887
3758
1763
12694
4983
2795
3132
1899
5704
14460
8020
19918
13231
4358
3898
3560
6101
4811
5332
11790
8193
8121
13656
6909
4930
23444
8931
9939
3155
8504
11893
3595
1600
21467
5141
25620
1389
16465
3448
6033
9184
2778
20007
5303
7712
2336
14543
11294
9701
5803
4380
1873
3277
14131
3512
15008
12338
13068
19316
4465
12435
10464
11482
6271
7366
1612
1442
3523
7355
10686
3602
3422
4339
26638
4859
5378
5368
5503
5153
15157
10437
3307
3936
5575
3785
15168
1756
10210
2484
1025
3856
7293
5346
10349
3757
3672
13409
9813
7717
1384
3115
3202
8706
10437
8059
2197
2304
5373
5840
7287
12364
5324
2132
18087
7105
3838
19530
3054
1934
2805
7426
11862
4807
6432
19461
8372
4190
8484
7534
3552
22328
4345
4503
2220
4043
19573
36646
14886
2625
13492
11978
2221
18398
7620
8235
7586
8128
8536
5210
5089
5248
2055
11610
10715
1990
2583
6786
7791
5231
22688
2008
11748
5343
17690
5254
6153
8821
5915
11335
14093
3187
7703
15489
24840
14874
11943
3421
2606
2587
7584
4463
6568
3839
5367
1212
4078
11440
2754
2648
3934
1329
6891
4491
13865
3531
17262
3467
3710
3132
6888
7613
13975
2612
4533
20994
5424
18481
5225
7259
8962
6162
4158
7781
7571
4697
856
4772
22341
5646
12297
3795
1746
5726
3694
22129
4509
13431
7538
9313
4803
4013
4989
4575
3247
9999
16194
9686
4847
2563
13926
14604
4952
12797
11261
12347
21787
5912
2918
2780
4914
1935
8834
10988
2022
10879
3336
1517
7332
5906
8380
5198
13734
9414
6074
6698
4868
9428
2462
2323
4229
10601
10107
14462
2498
5736
3337
5971
1406
15356
21193
30180
2498
19492
4101
4818
6913
5662
6456
4241
12977
12902
5248
9675
7104
20571
13588
14911
3537
3340
5389
4015
1088
3276
4519
3661
3435
2685
2553
7192
5854
8158
7204
26341
9338
10398
8119
6980
2442
3039
29560
5272
6186
19152
13438
1215
5627
4011
7703
11016
4056
2660
12249
1893
3310
20050
10384
8268
7097
2128
9688
13664
8239
2952
17384
5009
19241
10273
24923
3938
4501
8527
6084
9381
7245
5590
1405
2065
2384
5648
15057
58603
7645
5902
3020
3616
6455
11872
2184
15191
2582
1480
8863
2614
933
4269
1893
17278
5855
20583
16056
12881
1696
1606
5392
1403
7124
13402
2598
17437
3813
11003
3269
6031
27631
6308
12407
14752
7548
6759
5645
6727
3974
8862
2756
6063
36117
2535
5185
2328
6305
17439
3341
8337
6376
6471
2147
18557
4057
14662
17054
1567
9592
15386
9299
7049
6270
5323
2735
2860
5119
13949
948
7913
3889
22207
3694
4239
2246
2092
7489
4411
5801
4896
11077
10412
3071
7620
5258
18563
6125
5241
4486
27928
6307
2009
10045
8162
24390
10982
3154
12059
11569
2565
3694
17041
5134
14954
2578
15086
2809
13630
7341
22972
2415
12265
3274
8495
4582
2677
6508
15380
6552
8898
12183
3973
13726
6045
7824
5395
7481
7347
6957
2593
1890
1020
3665
5919
18630
18989
13972
18522
14375
19090
5834
6996
2709
10715
4116
9842
3598
34038
2115
4558
4539
6813
4365
8402
4276
13956
7825
9544
8140
5163
5128
692
6163
6267
4091
22675
9289
6004
6525
4689
10790
3353
13044
5637
2403
4827
2726
29475
32698
10120
2166
5817
3918
3624
6815
2357
20681
9612
21307
19883
5793
4128
5362
4944
6901
8805
5045
7523
9825
8251
4952
5650
2960
9045
5645
5896
7471
4650
15789
9403
6390
4234
5240
9255
12688
2205
10558
10664
36075
22464
13598
4618
2533
11914
5361
7203
10051
9639
6717
9172
3684
2410
7359
6448
10045
6085
9367
14836
3747
10747
16929
7306
3608
7056
3492
3128
4020
3196
6530
5159
3551
6288
13790
6430
3291
4930
13546
12043
5491
4164
1467
11180
7578
9081
2785
12879
4174
6259
15818
4206
7301
10723
5592
2038
7871
4653
8044
2498
7584
964
8730
3496
2826
17669
7334
14542
2025
7590
4971
1819
18496
6443
6670
22030
16006
10370
3249
21837
15006
7149
7213
10283
5317
3935
16382
10698
4860
8909
4534
5123
20398
1855
3882
10321
2272
3592
4659
10449
3838
6968
1591
9352
5967
13440
3428
6207
9470
5024
4608
3365
3255
6892
7598
1765
4823
9643
5721
7075
6066
6766
7829
11405
3244
6364
3354
3693
6262
3419
4032
3515
4868
9617
1511
13819
10647
2067
14125
9601
1288
16601
11335
2506
9547
6994
10323
2984
10047
1886
19027
2415
1661
4161
15943
24108
2242
13304
5051
19997
1454
4442
14821
10108
15263
8931
14289
13586
5948
6473
947
2334
3321
6630
7852
5611
3203
3506
8551
8040
10031
2285
8572
8009
12389
2535
4469
5603
24092
4029
21769
5191
6778
3520
8045
9125
1233
10640
13232
22960
9540
3471
9059
5141
6828
3170
5776
10308
1766
2851
30255
17756
3552
3939
5380
21064
4691
4095
2642
10684
7624
9510
13146
4914
15788
5029
5072
4161
2429
10318
2558
5659
8162
3160
5884
896
4834
27749
1600
5624
5407
11285
10722
4079
3709
1289
9705
14055
2922
4648
13793
2950
6385
5795
21691
4999
11921
3822
4371
2897
6278
8774
8232
8027
10380
8375
2302
1815
10243
10965
4331
5102
3883
29049
8482
12496
5088
11815
6329
4591
9734
13628
7138
3859
6247
17748
11594
3265
6137
3321
1052
2792
8544
29400
20262
6349
12427
16308
11665
2819
7007
10687
4159
42448
3070
2998
3309
4059
2168
17493
19147
11992
8346
16983
7708
6748
25854
6933
2797
5565
1524
5678
2935
12945
36163
20931
4128
2488
10808
7735
2436
15270
2648
3285
7114
8586
8202
9845
4537
7460
20301
3028
9298
7417
3521
10008
10429
8571
7572
7028
2225
15752
2889
11952
5778
2859
11676
2605
1038
4455
3043
7747
6645
4537
16765
5573
8001
5377
5524
5319
3787
7346
2018
27556
8330
4455
1866
5037
9458
1712
2004
7780
3105
19608
15963
10260
6153
3260
1357
8216
11295
5376
6301
9586
11740
9107
5769
10054
8170
15647
4193
4577
5264
4187
8608
1997
12451
3009
1320
8167
1540
4967
11509
44973
3789
8305
7098
5049
11940
6658
2243
6448
1559
4746
6355
2965
2364
4252
4492
4153
5828
2672
1315
6330
10309
3127
6593
4555
15794
8272
9563
6640
6403
5971
10386
5361
14587
15889
1808
4984
3208
5508
7628
2356
10341
8329
5974
5277
12315
5591
6845
4749
22083
6783
6162
6705
2219
20650
3418
9975
6420
3514
18409
9592
4404
8069
6273
3690
7169
17242
11022
2159
24890
9700
5094
4045
7848
10280
18187
18993
3560
3247
6841
10922
2444
5287
5805
7777
7560
5535
4048
3752
12064
3864
3839
10788
7672
8481
5645
4645
12028
10380
4992
41543
4051
2522
11796
1846
2961
30145
7955
10709
5532
2978
2368
2812
18239
33848
4067
2340
2851
2670
10348
1283
1269
21905
10063
4281
5516
1728
4161
9815
25797
7422
4718
9489
6362
6591
2021
3536
24117
5423
3179
5327
16160
2966
4932
7074
8233
19063
6454
1201
10205
4725
4430
12134
3486
14958
6386
7354
25216
6049
5634
1937
2478
9518
6133
17539
2093
7223
4627
7737
14266
8730
10009
1634
3502
5944
3670
17790
4635
11975
25951
1939
2376
7860
3606
4571
7118
3806
5552
2452
2761
8408
8996
11175
19748
7243
5409
1594
4528
3383
9037
3300
4678
14168
15556
1636
16059
2258
2918
1704
4336
2125
5266
11224
5422
31151
15163
7793
7325
8334
2788
16963
5576
15000
6601
28660
3279
4421
12189
12035
15283
5710
1760
3363
9790
5432
4438
7450
4686
24480
5775
8438
4434
1415
4666
6893
6871
4961
4104
5215
10107
2214
2432
7429
5539
12940
12141
4020
12790
31744
10991
13550
5352
8134
8757
10874
4254
11596
7330
13754
31507
3037
9690
4724
5920
6502
22971
3108
9496
9234
9523
5735
6557
5425
3170
23470
2651
7133
14452
8636
3627
34116
3842
1681
3387
1995
8331
10495
4228
4315
3850
1850
22253
684
3838
4237
3418
16955
13592
3409
8777
3293
2640
43696
3286
4322
8353
2494
2633
4467
20943
6792
13424
4243
8093
7743
7193
5156
7732
39881
24910
5992
5043
13577
8033
5631
9813
4324
15166
33793
5878
11286
23272
4365
21395
4871
2618
14934
2555
7684
3838
6902
10390
3818
6191
3986
3659
2904
7042
13593
10331
7069
6920
24778
11189
6295
2156
2524
5846
7153
4005
3081
26565
26157
9699
4223
5949
4459
9897
46366
3144
7861
11989
25956
24402
7173
4804
2933
26678
17583
14831
5131
8022
16089
10015
7563
5090
5322
1326
7605
2583
8962
6006
3331
2388
10147
5574
5376
18654
3442
3107
10318
11289
9856
9578
8711
5900
6221
6649
7935
13070
10991
4032
12380
9336
10067
15756
7999
2770
5502
6278
1684
2044
9555
2825
18768
5923
2702
6593
4700
7136
28668
13835
16679
9699
3641
12459
5273
15881
9838
9885
9658
1788
12298
4195
7118
3929
13684
3300
5175
8613
5852
5512
5378
13872
3494
2016
1456
2881
5020
4194
3296
8650
1627
4929
5976
2468
14134
10718
7436
8130
4856
2862
2597
3339
9533
6877
4561
22012
5203
4519
9671
3425
10457
4829
5329
3204
3228
7980
5918
7994
2782
4060
1793
17282
7158
4059
9191
13229
2966
3285
21039
4261
1971
28649
14969
14626
4364
10360
20302
7880
4387
7778
3587
4984
16173
2762
2636
3267
4405
13291
1704
26749
12427
2604
2209
7296
4960
2627
6233
17834
7500
13017
7418
8340
2071
15006
13166
3179
4292
7774
20515
2666
12848
3737
15292
5524
8444
12163
11815
3552
9637
40343
2303
2994
1814
11848
12599
6831
4689
2915
3451
8205
2340
7335
24050
15294
8262
3262
9697
7435
2979
14663
4122
7405
17173
4637
10021
10658
7503
1873
2964
4039
1887
1904
8288
3553
6659
16725
20218
3553
7244
9208
6464
6153
8157
2850
17440
3503
4352
6930
10613
2097
2293
1215
2410
4578
13690
8707
9245
3444
2195
8621
2660
4520
10498
4383
3202
5168
6552
8918
11822
3456
7688
3129
1945
5566
28902
7151
2389
4153
8413
6319
4767
2818
5125
14562
4390
4432
4613
27469
14598
2455
3718
3505
5932
6828
7881
12584
4567
1478
3813
3870
5216
2014
2736
10619
4103
14828
3333
3203
24718
4446
2537
6242
4082
12719
6683
3737
3318
1512
1820
4933
6911
7221
19654
5726
1978
18081
6263
8890
12427
7940
15949
9707
7635
8495
19909
5224
8579
3879
8118
4348
11920
7481
2281
5419
2023
8903
3231
4251
5250
4035
10196
10757
13198
5957
3182
3959
3626
4190
8259
6463
3804
3458
13705
3820
6766
4893
10395
2919
10408
8808
1936
14125
6766
14700
11163
8525
1941
4994
7615
3314
8497
26615
4406
14491
19845
3395
23729
18616
2792
5088
12014
1585
9807
5449
1218
2220
5284
6275
14801
6873
2021
6976
4149
10178
7032
5632
1993
9236
16567
3213
6691
3158
9384
5071
6447
4437
4810
8984
5469
11913
2474
8556
4725
6438
2717
5080
15256
3371
5671
3820
3986
1968
9200
3966
3542
5398
4222
4225
5491
3461
1471
10489
18501
11083
5368
15875
6324
8262
1072
6731
9261
5544
2586
4206
2134
3474
4313
8802
950
3511
5720
7222
2819
14564
19410
8396
2062
5158
6978
6567
1547
25266
9503
9965
14022
2562
4905
1538
15081
14804
2285
3851
4058
7159
8510
3178
3832
7795
10617
14383
11253
4634
3572
9857
4034
10541
3441
10808
13416
7970
7633
1756
1937
18674
3639
4262
10420
9657
3325
10142
4768
2904
16175
6229
6776
14837
5578
21892
8220
26836
6920
1974
3605
21284
9727
13213
5160
10248
15202
10180
1787
1734
3438
32598
3174
9190
3174
6033
1867
7452
21246
6228
8345
7660
31493
3419
3996
2624
2339
7330
4202
7153
14364
5915
4089
3237
12267
4921
2429
4419
13670
3995
8606
7887
8749
4381
28951
4150
13858
2161
7593
18871
1971
17248
4592
1947
13988
4005
2855
7884
20995
11410
25846
26689
8233
9377
4654
5857
4714
6738
3162
10050
9889
2990
5181
6232
7430
32215
4633
4114
4968
7646
4959
5826
3987
6097
8364
4758
7026
7886
12499
7480
6619
8389
7500
3341
2584
3504
4208
2816
13777
13805
11966
1426
4165
18463
19293
2829
18999
14781
6640
4598
5852
6409
10850
14732
5582
10797
11456
2752
4603
2520
10293
6956
1916
4762
3132
4260
2773
5114
3893
14412
10390
2923
2375
13477
2779
10403
7198
8895
15685
3594
5079
7687
4433
11782
10051
11994
9119
16075
19443
3756
3771
8982
5975
4195
4655
3189
14961
11528
2866
3223
6246
4405
2590
7037
7190
26534
3072
19284
8086
10667
6224
4688
5449
4710
6963
11026
5102
5067
11788
9980
3514
8470
18425
11508
11023
7331
9040
7349
5534
5177
7663
17956
3446
4802
9387
10426
2506
5437
3178
3264
7686
2428
45788
19418
6325
4261
10331
6079
4755
10570
6965
9044
4600
9344
15395
3183
5621
2747
3353
15692
14665
6168
5054
3532
14792
27396
10603
10702
5325
17439
5961
4722
10130
10069
7373
22764
2921
12327
9537
6214
6173
6322
4316
2346
4304
6572
4431
8982
2683
2061
4892
2044
9320
2543
4012
6231
3586
9307
4308
17534
8080
20277
1886
15263
5172
15134
5139
14339
1874
4669
13140
3823
7908
14917
2966
33456
3864
5765
8069
10682
3762
1175
2955
3372
3807
3532
8419
7190
18157
1344
3381
5814
2914
9576
11884
1599
6000
1962
3607
5742
5335
7108
4297
4088
2332
13096
7314
5182
4323
4477
6678
3695
11887
5127
13737
12350
16646
11626
4856
10663
4816
8439
8977
9449
4896
11314
13248
6773
5316
9690
7685
3702
8413
5926
4872
9427
17076
5354
4379
2642
8115
6521
10984
15944
4295
15298
2027
6268
5496
3870
8214
2423
5456
11664
3694
12201
4353
13786
3246
10198
8860
4231
17144
3692
6576
17388
15683
1709
9030
9083
6069
27591
4327
3728
3796
2147
5972
7513
1342
3471
5903
2319
13550
3251
4201
12506
4170
15247
3450
2891
3998
2509
11103
931
3917
9555
4695
5029
3094
7511
3100
2292
26331
4986
4129
6583
1754
19622
6817
2193
6212
8092
3402
5347
3780
8479
6292
13392
6389
4998
3033
19749
8190
2929
3955
5154
13069
2991
8823
9326
4164
9306
1410
10719
4204
5632
2862
4357
2958
10005
1752
3551
21548
16005
2885
6004
4617
3202
3995
2700
4493
5287
6595
6885
14202
8914
6079
1721
3789
20029
4730
6807
5959
1957
12198
2873
7491
7137
2422
6660
6940
1394
7403
6289
3306
7468
3641
2153
11067
3385
2118
3858
10478
11085
22108
12144
1699
3580
11457
2808
22562
2260
4751
1942
5146
1025
2010
2340
11246
1619
11124
5068
13647
1989
1418
7267
8179
10200
13309
2963
9391
4143
2176
15829
1885
1344
5688
30714
6770
3511
2813
8828
3798
8290
9967
7735
3273
2344
3611
15978
8436
11850
2853
7737
7250
6625
5334
5680
4024
1520
15846
4613
9035
9519
2363
5240
1744
5915
3824
4990
9038
5268
7334
4015
3242
7272
4303
6736
16044
9629
7420
3592
1053
11401
11050
1367
7610
9051
4610
11195
8260
20015
7097
2439
11798
10313
6579
2814
7885
1409
12867
11343
7726
7959
3774
2893
3354
7833
33732
2831
16735
9164
4118
8814
6426
30410
5254
6030
3092
5466
31861
8018
4653
11052
6325
3178
2285
5807
3359
5839
6458
1777
11760
3870
4500
7123
5499
19246
4019
2088
5887
9184
3334
5899
1097
3907
1000
6311
4467
2038
19550
7263
7669
11679
19180
20377
16015
4207
2982
13711
7755
2776
5941
4827
3736
9544
9839
8129
17118
5384
18752
15943
7429
12003
4625
6920
11553
13232
14694
3675
8116
6877
18431
9019
4310
5762
6524
5531
5701
15237
4357
4378
9455
3644
5272
2946
7957
5823
1622
11197
10938
6874
12541
8184
5282
3117
12965
5449
5710
8474
4587
1133
1810
22800
10498
6690
3476
7384
41126
2186
12564
3999
10026
2043
1553
8806
32901
3498
6567
4653
5996
15135
6183
8588
18539
8153
3759
6507
19042
9921
4177
7248
25537
6544
2185
11022
35208
4432
3409
4388
12772
6327
3372
3433
9088
3751
8548
3990
3667
10395
5965
26684
3563
8291
7954
11161
3754
7197
4679
3229
8424
1799
5275
5056
2592
3308
10763
3702
2780
7896
9860
8057
16448
7575
1465
5181
5922
6504
7020
2255
3065
4693
2784
17915
3972
7070
5437
17116
7234
11340
4555
15355
8026
2983
12649
6593
5286
5423
16707
5544
4495
1106
4901
3670
3858
3619
4999
23023
13153
13260
8344
1905
23123
12193
2437
17462
3824
10949
11374
5590
7475
5661
7703
8934
3311
5827
12274
3931
1643
4313
2945
17724
6195
19336
8955
26947
2333
4157
8077
19103
9264
14098
4959
12040
3675
2956
3040
11838
7317
3284
16971
19961
17685
20110
6677
22382
2228
10083
4471
1192
4506
6652
2828
6968
4074
12614
2059
17042
1366
1219
11780
2802
10397
3449
4486
7954
4576
7577
5084
2032
2381
7435
3064
6615
6447
7779
16820
2656
3538
13866
5411
5691
12626
14015
9541
7738
5463
8248
5887
6171
5973
7093
7225
19917
4006
13591
5194
8933
1852
5443
9908
2755
3924
8083
7077
8192
4887
13752
4101
6612
2803
6087
2595
2822
2624
7504
3637
9205
16065
7372
10228
9290
2485
9370
6189
4826
4276
5554
15767
16604
8121
5805
19390
11769
10202
21466
4230
2195
2215
16769
5168
2249
15563
2208
5845
8466
4659
2368
4386
16864
16678
12444
8058
7035
7073
1361
8497
5049
1711
7535
9126
2765
14907
13147
11280
11021
9104
11519
7348
1788
6838
4722
27601
6554
5460
8383
5025
8003
1517
3381
7880
4323
9494
2457
3378
3327
14106
3029
2470
2864
2263
2177
6051
7243
12880
5236
3406
4109
11023
5841
3306
8579
17132
11087
3207
3261
8697
2510
2527
5394
9061
3580
2789
7049
2840
5595
6190
8571
5491
15387
10798
10944
4517
7585
4728
3869
9694
10891
4661
22064
11785
14376
3101
7122
2553
4104
770
12116
1515
3048
12248
882
4952
2701
16602
6965
11765
3709
1841
5277
17054
4698
24548
4183
4992
3116
3608
2567
19397
6488
1782
10431
3169
4046
2858
13586
4112
10429
10904
3504
2297
2044
2299
4785
5113
5542
6351
7033
17506
3081
5535
15122
9565
2685
6740
6044
12561
1605
4541
11289
7993
2793
5422
16383
35015
23098
3233
11074
3883
9015
3743
2248
12855
5466
3820
3205
13205
3526
3191
4294
19173
3965
28531
3456
7747
3331
6317
5367
3583
2454
4773
15157
4150
8205
24823
7355
2079
10676
2153
2767
33322
8626
5910
10161
3539
10760
5862
15102
5622
3761
14690
6598
2431
5271
7996
2710
10132
8125
3489
10760
20590
9863
9575
6465
3993
6626
5613
3676
11256
4954
1016
9949
3859
2964
10238
5153
5590
8767
7382
9881
3801
6045
2336
1012
6673
28842
5966
5885
20462
3047
4138
3515
3614
3596
10413
17411
4179
7917
27133
6947
5565
4117
10083
2245
2012
4853
5516
5726
7607
7184
5881
5002
5236
4415
12471
7878
21096
19126
11799
1858
3770
5383
3940
9972
7456
2317
10162
2726
16166
7933
12370
12251
11950
3158
7180
9618
10761
16328
10453
5834
9734
11469
4947
5578
3518
10611
2764
2790
3235
1512
4408
3477
2650
8952
8530
9441
14525
2002
19220
13404
3180
4982
1449
5753
9130
8761
10129
11285
23221
8352
8828
1894
1894
2313
5833
5138
18913
6803
24373
4042
16635
2323
8260
3352
6369
13967
5377
13214
8524
36824
13422
3596
2673
3336
6749
2528
11367
4283
6930
12970
7435
7625
3207
8688
2966
5673
7172
17074
2598
9067
3951
18940
2977
4054
7488
7924
23004
5450
5875
7626
3357
9613
4592
2131
6483
10077
20424
22706
12296
1107
11002
14044
7048
5157
1763
8210
4359
6916
9845
2240
21395
4126
12091
11507
23096
2722
12191
6863
12611
3399
13184
36008
6074
14005
3940
11417
15078
3143
7053
6489
5761
7879
1951
3521
4168
6306
3851
2396
12718
9598
4352
3954
3122
10681
3208
6171
1810
5125
8244
10583
1929
2142
9359
7048
2928
3140
32380
30058
3248
30869
9913
6517
10321
8790
6183
6049
7604
26454
3511
4119
5681
5236
4661
21803
13242
6881
930
7577
1753
27121
3353
7774
9202
15377
4306
18109
4799
5812
1960
8543
4620
4970
3221
5088
3490
9142
21085
3326
6739
1931
14828
8142
1853
11369
14694
3712
15777
9093
4220
14977
5881
18911
3469
6980
2968
23613
13601
1733
13858
9541
6998
2732
9401
3860
5067
4695
15861
1296
11808
4698
13750
5695
14776
2550
8834
4210
9880
5771
10974
10157
6914
9137
9200
2230
6836
9144
12532
7492
3391
5734
5962
11136
8326
5683
4562
11267
5673
3142
4170
4879
3410
5680
2447
10392
11406
1720
3327
2797
10283
15040
8241
2417
4320
5497
4439
10005
8648
3650
6063
9470
4959
1632
5175
3061
24151
9726
6274
9616
2560
2125
4060
9514
15317
6484
905
6524
5258
3963
15448
7570
4992
5437
5600
5558
8223
5046
12177
12960
13760
7817
16720
6366
2518
6894
4181
3577
12143
1654
7689
5165
18256
14767
15030
1649
11068
3045
3203
13189
11979
12228
42568
5684
1242
3515
8616
7535
1839
2296
2663
7823
3927
4814
16783
19896
1492
11741
11037
5063
8470
4604
7525
4207
6103
4321
15163
5473
7099
19192
9748
9419
6298
4222
16978
13318
13899
2968
8362
7047
7698
8568
4753
11427
13164
9246
5637
4952
9040
5818
2580
1765
12805
13299
13498
2222
9938
4141
1581
12231
3118
13678
1344
11365
8894
6117
2392
12325
21637
7230
7487
13494
3203
5538
8353
8769
27361
7022
3857
11252
7783
10650
5073
10271
7155
15554
1659
14697
10339
4802
3338
7100
28473
2376
9761
3672
3566
2046
8443
2613
10800
6350
3895
8667
7296
9970
3382
6298
6620
7216
4784
3080
6235
6117
2592
18115
4411
11291
18438
22419
14118
19398
10598
24839
1790
1961
3630
8472
3980
7430
24068
2188
8363
2374
9840
14508
3202
3375
4641
10627
5190
30927
12341
3142
7227
18098
12072
6178
16124
7213
2950
3225
3028
4357
7027
3325
2237
17206
1452
6225
15631
1682
6927
6039
3045
2865
3017
13656
5889
4455
6534
4173
13083
3902
7154
18478
2919
2077
10180
5742
15215
24155
16950
12756
9555
18312
9020
3450
7854
4461
12785
3874
6847
15994
31445
4629
10141
2164
4042
2017
6827
9432
8676
6881
14642
7351
3633
4541
11588
21520
3833
3833
4703
4552
6119
1633
12996
5400
8137
3302
16623
3314
7104
3081
17226
6970
27731
10754
3180
4716
2237
8965
6286
3211
11650
11443
8410
1569
4639
14324
18583
8100
1525
8461
22854
4458
9917
6207
1560
6556
4143
16628
7508
4155
5496
5972
10798
6003
8019
7756
7801
10184
6322
7839
22116
14248
6428
1162
4009
11701
3036
13376
7733
2944
4390
6255
5416
4929
14675
3188
11533
1791
11238
11943
5901
5530
7259
5055
1608
6675
11895
7891
2666
8584
3845
28023
1397
2967
9201
4424
2875
1587
4068
11692
2265
2938
8308
7781
1727
17937
963
1895
12845
3736
2597
10391
12153
6881
9274
13339
10524
7489
8580
6433
10230
5617
11537
2217
6485
3557
12054
1133
5436
12050
7199
7623
3892
4843
8054
11903
22201
3064
6907
9663
1763
7189
1914
5271
4244
14039
9774
4413
6255
4054
12312
4465
6424
2801
9086
6720
1890
7666
3963
6010
2789
26506
2442
2828
12707
13523
11312
6541
1309
3051
6190
7861
6897
13715
20542
10321
11946
16408
14582
2570
12414
3422
4174
10236
3374
8228
14544
11027
4915
2615
14699
12259
3478
7520
6042
23605
4490
1951
1401
13038
24126
3596
14155
11097
3685
1973
19368
8698
11954
7059
2971
9073
8111
5087
5655
19977
10114
2891
14961
13063
1712
11484
15940
14666
3079
4002
5909
5078
10543
19418
10100
4181
6444
11693
1575
9585
10272
2590
4010
2198
5769
1491
6543
2170
4442
1941
10041
11925
9171
2916
5344
4386
9410
4933
3311
7451
8484
9314
19684
7116
5407
7856
2217
4990
5714
3934
5514
5769
2470
3548
5545
9319
5184
8757
7951
10215
15693
2413
26480
2091
3293
21456
8765
5726
7738
11056
3473
13437
10353
4708
6635
3456
1328
2748
2623
5896
3590
2570
1214
5978
18418
6012
6167
3616
9053
9704
12902
9365
7478
2566
1786
1752
4253
1833
9725
7957
5681
5494
14850
15213
5985
3651
4777
5506
4802
4820
16513
2907
6984
7752
12961
7271
3678
21080
10428
5420
8711
9514
15218
9475
4695
5009
4729
7073
2112
13543
5759
5872
14409
13077
3302
2185
18014
8559
5817
2335
3166
4454
5440
4242
4290
11413
1464
4608
18448
8086
4695
8681
8054
19237
2597
14431
23690
8618
2694
6923
10916
10100
10789
4023
24973
6995
13638
6102
4681
11894
8711
1978
3900
7116
4620
22582
10556
7611
7150
9179
4592
4481
3527
4666
11208
3226
3627
1749
4028
14357
14397
6583
5080
18691
9837
7851
7975
2210
2095
17013
6723
2481
2229
20777
5491
2473
4425
4785
3261
5236
6997
19244
4764
2229
5682
7238
11268
2968
8901
6079
16248
1993
4970
6934
2974
4953
4805
17849
7616
3192
4095
2701
7377
2728
7935
3151
4151
4918
13888
4971
9740
9164
12401
5778
3789
14347
5147
13186
8652
3474
2157
2824
29409
4201
4725
6912
5684
5683
6216
9231
19606
1798
3304
1355
2379
1867
10166
3275
3385
12674
6970
8030
4689
4597
4627
7483
16101
4695
12518
3633
6579
14881
21396
5110
4488
2298
7019
16262
1517
2744
2466
2827
19932
2617
3939
8378
15785
5498
9747
5528
4488
9486
1381
12215
4674
3072
4778
10696
1947
10734
11637
3546
3972
6662
7109
11647
1446
3176
8473
7206
2389
9204
2381
9610
7440
3422
5865
6871
6504
3333
2771
21706
4316
22655
6988
5545
2711
1906
2921
7395
7273
4148
10847
5180
12567
18661
6357
4084
16136
4483
1715
8831
10925
3905
23252
17777
3393
3514
4971
13320
4358
5179
7156
7956
8058
7473
2227
6043
13781
16477
5870
11080
7444
2446
9471
41188
11312
18664
19663
9552
2637
5828
5416
8709
12534
5173
935
2436
6232
4007
8084
2809
3436
4792
4279
8091
4495
2156
4334
5333
3030
5706
1261
4369
3681
14358
10627
9438
29176
2662
15198
7802
3223
33043
9101
19743
7077
1600
17136
2971
3207
5506
5259
3854
2647
5772
14163
3026
4289
3704
1943
11863
1878
2964
19823
3983
8711
5243
2692
5918
4342
3860
19461
2768
5160
13963
4549
8611
17721
6353
10052
4791
17850
2668
36984
1842
5184
2832
4638
1251
6265
2015
5507
5962
1320
3332
5656
16184
2979
5718
4430
15303
20038
14540
8076
14239
13104
13111
6248
14152
4520
6579
9268
8441
4946
12304
6227
3075
4546
8710
2047
1661
23292
9141
4396
2270
4828
4558
4965
9059
11088
14956
9434
3899
2291
6679
8664
32046
10532
2959
1728
8924
3489
3403
4964
15709
15900
5603
14694
6969
2557
2098
19915
15203
3511
9724
5845
12929
6068
11769
2429
9544
8368
4208
6232
2931
6544
4006
2357
17774
5587
2139
32428
5422
10562
5231
5242
7715
14020
4423
6214
985
3477
3286
19309
11636
15665
5509
7000
3113
3578
14250
10291
2526
10252
3103
7265
18070
2948
5063
11158
30663
5307
12645
2207
6514
2056
15226
6177
2235
2463
9529
4667
22227
1958
4769
7128
5931
24302
5013
14332
4592
3401
13455
5953
3015
5256
21390
10017
3217
31210
1573
11835
16696
15932
11391
8528
4675
3569
7404
6030
16629
5749
3425
3584
4412
6940
4470
10757
1523
11307
13213
12333
1816
2055
5121
2786
18986
13759
8184
6747
3927
8137
2716
6108
4010
17556
9634
11810
17435
4431
6003
1055
6607
7732
8588
3443
27527
5601
6708
7736
3460
17935
14364
7034
5760
3733
1789
16459
20581
12758
5562
6344
8183
9922
2644
7737
8611
1964
5532
20919
5755
4095
15806
7589
2402
2684
5555
4921
9646
3810
8022
7981
2931
8138
7250
5240
3283
8269
1145
10094
3704
2934
7714
5733
7676
1159
9580
2906
1063
13846
9075
2993
13954
4779
1333
1506
12094
9708
4807
4630
7904
3202
7770
12708
1048
5750
3472
4576
4094
9142
26893
5861
5509
5681
6945
6077
9390
7477
8631
3542
5479
4246
6017
2619
11262
3608
18651
10422
4501
4106
4195
5597
23087
10631
14690
2844
1341
2851
1395
7420
7582
3111
7749
4983
1393
15510
3631
5204
17694
7231
2846
17632
4527
6900
9761
3924
8306
6690
1515
5001
19407
8047
18406
2295
7035
2764
6348
4489
3683
12672
4521
2626
13850
5191
4229
2599
6932
6518
2486
1780
7168
13726
7056
7983
4562
7403
4585
4302
8398
10975
4637
10457
2528
5715
2104
3156
11909
2027
8090
5239
4502
8836
7294
2980
1772
5058
8772
19716
4966
6177
14565
5227
1377
2854
8738
5658
4148
1537
12820
15195
10546
4624
7183
30307
6923
6281
13077
1924
3189
6877
9419
9169
1501
6849
8205
2959
4832
7417
2995
5054
5018
9586
25481
7104
9780
6369
2975
9510
4436
3594
1657
3038
16447
4326
15114
5693
20302
4085
3366
3941
15886
2446
6234
6486
10758
9634
1445
8513
3656
17910
4893
11274
3062
2986
10417
18226
5186
10925
7355
9996
3850
25011
2978
2711
14189
7014
7137
7167
4163
12326
1888
2225
2118
14797
11345
8720
3956
2927
7571
23769
6443
25552
10355
14132
6813
18939
3580
3345
7024
4723
3649
10650
11395
2554
2729
4313
3011
7662
2836
13640
28750
7304
2942
3591
5942
10211
13859
4180
5118
19461
6888
44413
3668
16132
7717
1270
11646
1575
5659
8012
8148
6070
16789
23122
2542
17692
4921
8712
6359
3925
2403
25395
7445
21996
3017
3727
18574
7430
6413
5014
27279
7796
12248
1787
7726
3896
1237
2409
13165
3061
10532
3871
10537
10148
2412
4896
6845
19613
9555
2569
3893
1329
3568
1409
6908
7664
21092
3358
9763
12143
5661
20475
6075
5052
12362
3972
31138
11170
9883
2967
9390
13359
3498
19229
2195
5939
5406
3427
10472
4311
7244
5695
16911
4255
10520
3239
24936
6017
19749
11087
6114
9960
1396
1877
5874
7826
5123
3702
2560
27727
7391
11107
1900
7680
6490
5072
6139
9230
1777
2549
3112
11174
22815
9645
2043
6968
13752
3809
10072
2930
10581
9380
4162
2533
13266
2976
14518
1925
6207
5730
9202
2926
14439
8143
8721
6662
4373
3011
2900
10308
6409
5639
3421
1736
24756
10039
14027
10224
10039
9019
5179
3946
5195
3805
6394
12914
11329
18578
808
9228
13861
5159
7275
3785
3956
17082
5938
4394
21852
10246
5475
2368
1882
32439
12299
3818
2142
2940
5668
4820
12529
11119
3555
6636
3586
3607
11717
24137
18298
27157
6001
2566
11133
6582
6954
4815
31265
3613
4484
3897
8474
3008
5853
11524
7760
11812
21333
8296
12533
2585
9496
3734
7881
27449
1102
8414
8022
14988
6698
9609
3926
3563
2415
4744
1789
8200
14392
16330
23559
4221
3853
5227
12145
12641
4671
2139
2494
4843
7235
2641
6052
13531
5656
6182
3012
10192
8892
10366
3709
5959
3069
2929
1336
2998
5218
2994
22465
5136
2231
15112
2529
1409
18339
4068
10263
2277
4417
1853
12511
8883
2224
11914
22201
6073
10489
7933
10494
5351
5401
8425
18270
11154
5005
4019
8100
4460
14840
6058
6875
2950
11447
21476
2802
11436
6987
5776
8201
8374
9152
2157
10945
6557
5631
13602
13517
5712
9803
6006
23626
13019
10129
7567
15574
17044
1924
7381
13726
10476
2915
2177
10452
11414
3478
10924
3931
5310
3676
9045
14629
5626
5607
12319
11603
4152
4500
2226
2540
11468
3367
4114
3268
4869
5989
3817
5854
11706
6011
1673
20068
4408
2673
13200
5220
10663
2592
2576
18159
7722
6838
8513
3058
10013
17123
20089
7599
2501
7992
14816
24354
14184
21498
11326
2534
4256
7134
15278
7598
8069
6976
15580
4768
3708
9494
7281
6652
12679
15119
1843
2644
11100
21491
4120
25262
11658
9060
5515
8196
27149
10684
5348
5952
5071
6329
10697
4436
14533
4536
22039
7747
4264
2302
3775
6799
7095
11489
6428
2781
15531
4405
13142
7893
2514
9286
12257
13072
17498
19659
1801
11514
2653
8953
4102
6725
8170
11702
7084
4328
26354
6712
7694
8424
2967
7535
1130
4663
2493
1603
23644
2138
13167
5652
11634
21031
6801
6325
4733
2730
11134
11339
6444
3427
4842
3609
9534
3964
3244
18221
19671
3708
4897
4128
17285
8444
11184
5890
5537
11559
4936
11530
4968
13953
6638
27425
5191
13456
5046
8741
3995
6409
4947
6748
13202
20785
3378
4182
7470
6419
1820
3769
5717
4919
8734
9625
6351
4300
6776
16388
13381
11099
6444
15468
9318
7565
3572
5686
1312
6192
12870
5614
15071
2961
5556
22573
5168
5080
28483
21937
6921
4669
17050
2870
6609
8126
13706
7240
10365
3089
4085
6951
8822
3666
8208
20914
2325
24744
13409
10572
3337
6809
4265
1575
1561
6509
18023
9615
9325
3254
3939
11679
14072
4908
17601
8566
6190
7084
7724
3734
6008
21016
10673
16042
1773
8440
1953
6633
1310
6540
6746
5078
4598
2506
15092
1495
6700
13992
12362
5791
2922
7755
8648
3121
8327
13343
4620
9440
7876
3639
5758
6605
7002
1847
5612
10807
16414
22978
38046
7086
11122
30712
4667
7173
4883
2627
4660
3685
4432
5737
6791
3557
4412
17978
8925
3734
2679
2483
7914
4308
7850
20207
3299
4609
5495
32329
5697
10522
6131
3540
13466
5209
985
4537
12911
11093
3165
11313
18484
1712
3421
7318
6498
13477
9732
6599
1454
921
13047
3442
5366
3180
10948
11536
9808
11099
11454
3493
4602
16832
32250
27682
2099
5657
14354
1508
5271
896
4552
2791
11548
2892
3126
5035
4379
37650
564
10789
1887
7988
16876
15471
2642
7041
10154
3488
13952
13915
9431
5538
8928
14603
8269
5454
8769
5658
13627
4211
1627
8122
1921
1868
9148
2227
11960
3444
9683
8405
4358
10176
7771
11153
3621
13828
4388
20472
10590
20500
4352
5009
4139
2079
4597
4375
3036
9671
5601
3232
1623
5530
3834
7482
4592
23294
9668
8938
5873
4881
17266
4671
8071
5441
3143
7996
11920
5533
5010
2575
4838
4888
1091
6806
2008
7989
5358
8584
3855
14967
18664
3735
7310
7308
4996
3190
10293
3659
17552
10360
1883
6414
25804
8212
12007
1932
8021
5784
7058
17678
14657
4388
11354
8497
2979
8661
7948
13547
2961
7342
4717
5578
3834
3842
6521
3092
11681
29504
2576
6137
13336
5678
3895
6042
2831
3684
7097
8690
3374
11786
2853
13901
6502
7413
1438
10359
14452
3303
17527
1572
6203
13524
30085
2120
2975
11488
9984
18265
5896
7441
4904
15739
8692
6186
3255
10957
8177
4212
10629
11360
8587
12333
3057
8167
6374
15859
24553
3237
10703
4400
4735
12448
4924
8569
7837
1855
7716
10121
3646
5460
4733
4697
7707
10634
5404
16801
3579
3708
4099
6019
4835
9628
4122
17019
8529
1020
2308
14920
7274
8083
4766
14864
20755
2732
2615
21098
4863
10363
11300
6535
7317
19767
12926
19176
4948
14279
5777
13557
11213
18161
7395
7793
5163
2039
4173
2467
5893
5115
4180
2658
3782
16117
17877
4968
20883
7126
19043
3331
11225
11984
3818
9366
1977
10506
7170
1783
1710
9089
1789
5187
15409
1486
10181
14006
5575
5359
4972
4289
16417
7622
5130
9644
7578
9392
4171
14050
994
5398
5053
10875
26218
6748
2353
1942
16487
11304
2127
7058
3635
4386
7114
10581
3130
16001
7406
17729
9862
8920
4675
3231
4772
10661
8454
7671
13405
6864
12274
2239
13700
15389
2803
32550
2064
14453
4617
6205
4000
11271
11420
5984
12648
2017
4416
3780
5287
4165
4654
4623
2349
2345
12287
7216
10942
6158
5366
10155
2495
2599
2466
9287
2043
10995
8517
6614
4435
8732
5922
2363
9463
4001
6563
1800
7594
11230
7226
3998
3025
9908
2098
2355
8822
7179
1667
6269
13369
4187
6336
6837
3329
5899
3197
3977
2501
6055
5549
17053
5883
9137
7941
12511
9756
2892
11230
1932
3706
9669
6210
3279
4689
5816
6951
9781
4900
6109
4646
3540
6795
3202
3851
7768
23901
5162
9309
8139
5519
4797
9869
6327
7912
2066
1856
6867
4952
10408
3734
13712
12836
16752
14942
6486
5798
3414
15536
11391
7691
2438
3661
6510
7310
8767
10158
7094
6535
10233
43850
12428
1955
6013
7797
16146
7694
4475
4718
9908
8388
3052
9932
14699
3840
11823
7658
4638
27670
998
7517
7758
18261
5322
2325
6889
6004
8323
6541
4439
11487
7575
4595
15277
1678
31376
10926
7357
8180
2608
11848
2149
4486
5173
8804
5594
23826
9166
8996
7071
2561
15431
26584
2509
7693
18226
8132
9903
2253
6037
3926
5285
3303
8486
6787
2984
9349
6605
3893
8341
2592
7753
5705
8539
4370
5788
3242
3462
8564
10951
2756
10653
9011
9653
4134
2748
10589
6217
10769
2477
9973
8072
9619
3487
10995
8971
3453
3305
17841
4758
17819
12724
5971
12312
2499
7535
23382
2401
4708
2736
13931
3785
3847
1745
26604
14098
11277
10726
7018
17934
5540
2219
13981
4132
6629
13253
10085
3591
3544
8871
17935
5510
6294
20927
8736
3857
1484
9946
3408
3087
4540
10385
8314
8491
1197
4970
11739
6834
3216
7071
8354
7026
5218
10543
1753
4798
5451
4108
1945
2936
7346
2157
1489
19268
4735
14598
7990
3890
20217
12246
10492
15318
12485
6624
5099
2464
6401
12985
12995
7154
4959
5157
2858
3722
6122
8304
3091
9522
4007
2582
11530
18640
9311
10338
2239
5288
4515
16637
3353
3448
6581
10371
14085
9175
11743
26688
6802
12858
5106
4606
12417
6577
8934
12024
5109
3490
3553
7621
4232
9742
3365
11758
4301
3829
14835
12889
7253
17130
8150
7110
8130
7719
16814
9597
6949
4448
2260
6947
8848
8777
4203
4529
9294
12668
9746
12321
11256
14888
4034
2447
7528
6603
6939
4122
13451
4354
2662
5893
5188
10510
9572
5542
2488
3258
7111
29033
13325
4265
7334
12851
2498
10264
23140
6197
8437
3842
13891
8514
2003
3076
10881
18580
1974
3090
2890
8961
7286
6836
1299
18470
5872
6286
6108
6430
6300
4097
15755
11179
15230
9412
3386
758
12087
2795
13775
2893
3263
3661
15714
7332
8029
7006
4537
17338
8427
13961
5254
5527
2154
10649
7623
2402
19523
5682
5068
8875
1727
25135
9713
19255
6119
8124
4831
5364
9856
7948
2645
3166
6905
5333
21851
3118
9063
3847
9966
3746
3881
18588
5263
3906
3614
16816
6356
3738
19967
1744
5693
6845
12616
3132
8102
3652
7857
13861
13159
9230
19688
4196
5860
12245
13700
16673
15951
5853
15014
1811
12333
3660
5589
6102
23965
12341
3549
3246
8502
4398
4593
5990
4967
3469
23441
8648
8963
5380
7464
4913
7370
6869
5716
8395
4830
5995
4303
7735
4744
3531
5067
11212
9937
17346
4345
2565
2622
2494
12073
5910
16760
10067
8034
12682
2525
13318
13768
11015
3313
10592
7230
4329
2003
4348
4983
6029
6198
3771
2276
7034
9018
4190
3017
22379
2010
4350
4636
4772
3606
22997
4535
6066
6509
8384
3728
3402
20073
8713
5429
8745
6769
9557
13063
16882
2663
3345
2292
9849
10227
5122
7213
16516
8139
6618
5628
13464
1580
1073
19717
15283
8963
3737
7654
11841
2554
11947
2856
8198
33553
5049
4003
7325
8675
4235
9494
6599
2377
3730
9573
3715
9762
3755
3818
9258
6609
2563
5649
4204
7762
2090
3098
10999
5028
4927
5351
2055
2542
4255
3852
15212
3963
4205
10939
16427
17888
10448
10704
3534
5698
2810
3501
16995
4539
5990
4094
3389
15261
14299
5175
19674
7530
13526
10631
5244
4162
3119
9787
5611
15154
4661
5648
13914
5640
7598
2815
13093
3784
2378
5939
8070
2523
19110
7102
3196
5540
21118
8943
4893
2837
9749
13211
8772
2300
9312
4085
7529
3687
12029
5289
5189
6801
12299
9386
3414
17659
9458
2708
13502
3650
1276
10286
8357
2857
5123
4807
3631
5483
5099
2830
4915
6611
2267
6569
6071
14614
3882
16860
21614
9978
2328
1994
5863
2896
7368
6501
8012
7958
18044
7901
9222
3677
6202
2131
5290
16299
15214
12849
3057
1258
4832
3792
4569
8188
19635
4849
10772
4593
10335
10538
5351
3558
21353
1720
1653
11915
14320
6932
21614
9720
2853
5386
5108
7300
3699
24913
6211
7245
4091
4320
2385
16919
3611
17229
14740
3038
6505
16383
19232
2253
3934
22360
3463
3358
6785
13971
8668
13254
3490
3081
14185
10699
12398
18073
4448
8908
7359
4918
4063
13905
13044
4199
5866
10194
2254
7879
4189
6844
6937
10109
4452
12519
8948
7535
23684
3404
4978
3525
5895
2667
4990
21476
7690
1861
18397
7588
26399
4208
4266
8706
2140
5596
7140
5346
2710
3252
2347
5215
2376
3207
9146
6339
4858
9710
7946
10019
4840
17674
7637
4300
5880
3235
9498
15774
11469
18743
7848
7298
12206
2866
9264
1931
7671
2641
6007
14265
7913
2706
4641
5539
2673
9632
6934
2184
4553
8765
16410
7567
7847
2626
4192
3387
2290
3130
4696
4792
18509
3908
8743
10281
22171
2230
7279
1556
4542
12544
6584
2752
3226
25070
4839
12098
4547
14408
5051
6065
7654
3616
1174
3057
2930
8196
13203
2860
25246
7452
4472
6342
6263
1258
4320
2192
15266
16004
18146
6423
3883
10395
5095
3916
4413
32010
5015
4061
10310
3991
3211
4396
31197
11953
18622
3441
7900
16300
7298
11456
4481
5221
7684
5054
8935
3481
30523
7398
1734
14831
12289
3253
2862
5705
6543
9740
1517
2146
1312
1225
5939
2782
4132
25439
5784
5676
4630
6662
4756
2667
2865
15394
19185
16243
3077
2943
8116
14410
10009
4893
4739
6486
2500
16184
4612
5818
9919
1972
5573
11507
10267
17444
1324
4998
8902
5697
5055
8651
6319
6954
5002
8344
15713
2167
767
4365
6958
3585
10591
10583
12200
1730
2092
10063
7647
22632
6906
5262
19028
7787
15967
4884
11134
3184
5371
2134
10065
2887
4510
3042
33684
13904
3424
4465
8634
5370
4084
12963
3721
29769
10794
3778
3967
12419
8843
7460
17128
12729
8607
22620
6899
11439
18211
12813
13923
12193
5799
25080
3617
5934
10769
8254
6806
4069
5204
7883
2831
5723
5490
8035
15374
1712
4833
2134
6804
14709
8984
8590
2517
9629
2344
13549
2827
16346
7450
4828
4873
12217
7440
7534
6463
8169
4437
3185
15436
1817
16684
6241
4645
5362
1923
11067
7303
8257
7174
12372
5748
1961
8409
5512
4717
2100
4222
5785
8441
10792
14832
4900
3701
1720
22910
7795
5449
2242
11481
6011
3064
7418
4479
4860
4170
8072
5254
12317
2302
33770
1843
34547
11568
4021
3035
11192
3199
7361
10805
3361
3709
7841
24256
13857
2234
5888
6470
6459
3712
4659
12583
1996
7502
10608
7871
3663
13745
3460
3631
3804
3941
22185
14600
3529
3476
1175
19772
5345
9367
6205
6813
2675
5567
1926
4148
3156
4237
15425
4213
10690
17453
2446
8776
4871
18534
8096
7038
4754
12847
3682
9400
17998
2717
2131
6840
8710
8454
2320
3837
9142
7256
6019
2838
3204
3271
3690
4770
4575
7899
3278
1752
19053
7151
20169
2216
1802
3861
14069
2140
10242
19288
6287
11540
5397
8415
10242
8907
3383
11388
12680
9794
4338
6354
10952
8981
5578
3856
6117
5209
11248
1563
4152
8788
5799
6540
4713
10552
1503
7964
22497
11865
13832
7054
8618
1408
3443
6786
4829
7490
2907
9556
11032
2106
13210
12453
10571
7660
2930
4748
2117
6215
16610
5321
21392
4014
1997
8888
7124
11858
11889
3523
6263
3726
4015
7026
2168
5883
9260
7057
6467
6479
5951
5269
4937
14548
2809
3457
1944
1625
5892
6143
9527
10737
2780
4306
5076
3577
5249
13294
2560
4632
5313
2699
2701
3026
10217
7716
2212
7858
11431
12067
3298
1863
6174
4713
2920
26787
8120
1577
3834
7119
3530
1983
17810
7601
7966
10318
27074
4703
6771
1783
19066
5376
7092
2535
11466
12123
4781
2470
3321
11781
22785
1757
5366
4272
5880
10509
24119
10864
4319
13481
11025
4924
5214
9480
16027
6488
3908
3326
3012
3679
24485
20759
4997
5487
4991
4936
16495
3518
8569
6228
4058
19683
3330
19165
13180
1893
1828
5558
4880
8958
7081
2681
9403
4758
13059
4335
11236
3890
6207
8835
5683
4062
3092
1785
5900
8374
21253
1135
8970
7224
4860
9826
4177
10476
2478
2254
3806
3862
3271
20301
3745
3385
4553
4224
2180
3865
4758
6866
6169
7261
18119
17339
2093
4078
7867
15138
32922
5275
2285
2407
4352
5732
1755
1881
5239
5875
3389
3283
4020
8846
3294
4549
11552
2884
6964
1488
14564
3385
3048
2674
2346
2429
4722
4607
1406
4572
17133
8701
8502
11630
8823
11437
17871
9323
3833
13569
4742
5903
4141
10910
13147
6257
10815
12883
18044
3835
9674
2998
3302
1064
2883
5381
11981
3211
11479
7389
4771
2457
4421
6367
5731
7373
3094
6010
9248
4092
13532
15542
9567
2890
16205
2187
3449
2071
2193
7510
3937
16286
1964
24470
16239
5622
10933
3671
7523
13081
5351
11441
10673
20109
34365
3955
6807
10122
4127
3900
4235
7068
7296
9784
2730
19311
2724
5608
3958
1603
3420
16511
7726
12814
6353
5386
3903
10533
2147
7491
5652
4500
10388
2994
3696
4901
4109
6717
3287
8293
8767
12758
2269
6069
6127
18530
6326
10255
6882
8262
2130
2882
13179
1171
5475
11079
4374
1819
5987
2239
13535
4475
6983
4267
12881
7157
1561
6908
14932
11358
6784
9578
4015
2619
2695
8655
4940
12991
2715
12112
7193
3221
8322
1987
14482
3407
4245
3156
3294
9996
12964
12099
3394
1587
8891
3966
2687
5045
6958
8273
6916
18943
14252
7134
2161
3060
7602
5993
27006
1907
1712
3061
5350
6284
13433
5746
2936
17363
4819
1589
4657
9487
3483
8010
5872
3166
7965
5414
7653
1609
3842
2450
11764
13591
9863
12023
10034
19236
7818
14478
7445
6322
21074
3128
3186
1717
739
4015
935
1047
9126
9958
8763
7502
7725
13743
11246
4611
2172
5902
19245
10627
8320
8927
2560
11844
12631
2731
17865
6535
4259
7083
4235
10926
11288
3265
8974
2226
3584
8359
8863
26985
11300
8951
10220
9518
7393
2547
9538
7015
1761
8162
9182
6540
3677
6412
1852
15002
19493
13151
8509
1558
31324
3198
3473
3521
5769
3239
20951
9410
17009
4730
15969
9924
6008
11758
6411
8027
8121
10565
6870
8796
2987
3393
12951
8953
2502
7777
18052
11900
5854
10111
13948
8309
25294
7858
6420
5241
2844
3297
5190
3929
14233
10233
2154
13447
5409
5559
6019
9304
6569
2362
6919
4065
4814
6595
9308
6673
10790
5076
5170
9769
13240
4138
13360
4894
7564
3113
8726
7308
20554
9277
27896
5570
10924
3946
10474
8169
4611
14762
7141
9008
6738
3204
1616
7626
2799
6162
11287
3921
14797
4974
5935
6019
1765
3293
3675
7335
2270
17277
1842
8221
4970
7806
9400
5151
20300
5808
4253
10584
2326
16880
5392
4000
3265
4337
16036
3471
3931
10196
7003
5284
1800
7130
7877
4702
2053
4782
10068
3467
4028
3330
3615
12223
10705
4307
3833
7158
10227
4799
4222
9384
8129
16417
4733
14814
13616
5807
3057
11119
14163
17446
6100
20467
1010
5373
11195
3081
6882
4011
7393
5268
4241
18131
11259
7142
3647
4820
10894
29345
7464
4055
4021
7029
8825
6000
9501
5167
6505
3478
4295
5847
16194
2518
23340
3151
17999
2162
7619
20832
3892
16569
12438
11048
4384
5148
4646
3721
12602
1889
8310
21601
3867
7938
11896
8205
13668
3436
4640
3547
19844
6920
17594
6912
14574
7247
7102
6696
7696
11774
4568
6190
1368
8356
3528
6428
1978
2599
13369
3830
12325
26840
3509
18603
4690
3044
6736
1709
1374
24429
3944
10797
10585
14985
4668
6264
7906
5178
3408
14665
15316
4385
4328
6563
1933
3632
826
7985
9638
1806
10361
14287
5480
3518
1510
3323
7294
3396
6601
19845
4212
5675
7139
3023
6989
5562
2935
5100
9286
3880
8989
3980
14900
2715
8999
3980
2133
10982
19529
4365
18764
25056
7861
6512
8895
4532
10521
6497
12315
10583
7718
1968
7104
10039
7782
7065
4344
4624
8567
4333
2060
5961
2882
5328
5322
3213
1648
1270
2307
11365
5402
6067
2348
2537
7958
2823
8855
4833
3383
3243
4667
2818
7426
8296
5799
8945
5748
1426
3398
8629
9515
3932
2549
9116
2622
22339
2989
5091
5712
13070
6392
5160
4245
1895
5059
2974
8185
2383
4183
2278
2185
2397
2525
3038
2181
13514
3251
1159
13278
6824
10492
8032
7518
6081
11772
3682
6887
8592
10588
15000
4377
9332
12472
2534
15529
1575
6540
30957
3576
10104
7109
7721
4967
20754
9088
6525
6086
3863
9367
9740
5219
7909
9729
2031
6043
2419
4205
2433
4764
3869
4682
11865
9591
12678
1991
6853
5481
3591
20245
1712
5664
5472
13485
6774
5210
4257
11577
2003
4628
12801
3042
7156
7546
7312
10752
6547
3982
4187
11560
1614
13895
24184
14468
3731
16160
4584
5013
1324
14548
2162
5402
4691
2186
5986
18845
1620
1999
5421
5476
5157
7110
4121
7524
5744
5604
9552
11693
9280
2137
8322
2911
1915
24574
5349
4611
7161
18812
4758
9302
3108
16445
39781
6076
1269
7191
7885
15130
5919
2086
11941
11696
8762
3100
1731
13810
2833
7403
6970
11159
13806
21757
8053
11320
14651
10454
4295
17869
17770
4656
4494
19736
5971
19444
3360
3320
3553
5454
12736
5288
3404
35312
15985
9176
3784
2277
3485
5241
5041
3268
18813
3405
9385
2369
26479
6593
11538
12292
5438
22485
3985
1021
5537
23180
9062
7617
14754
4838
6394
5460
8892
2188
9129
6743
2821
3179
17901
7391
3102
15882
2333
5018
5934
4823
8391
2288
2376
4104
4781
9326
1970
19087
4922
5850
3338
5715
4091
10038
7351
8755
7363
6808
2296
6546
4914
6153
4767
5474
9009
19045
2337
7909
7059
2878
9130
19307
5461
13724
5069
3552
5553
10423
5193
8943
9730
5440
4113
2986
3552
2717
4919
17104
17256
3498
16187
4836
9209
13909
5144
25635
9404
4105
4487
5471
11087
6656
11167
2765
9051
18149
6718
4137
4747
6035
7102
9453
34082
3696
10575
5181
6052
7171
3360
5925
3174
9252
11757
13322
13065
6077
1160
9375
3487
7753
4846
12881
1495
1736
9453
8997
5818
10687
4377
5604
9323
10590
8594
19013
4195
5915
3978
9550
806
6775
5428
6778
10767
2138
4262
2354
2914
5125
5397
6859
16717
3300
10152
6624
9962
5924
6777
5439
9635
11091
5518
5945
5182
10847
5003
3372
13412
4859
12704
3321
9569
2792
2937
14207
12780
4750
4176
6872
2568
14043
24456
7720
3268
7886
20326
4764
29014
2748
5253
4485
7551
8263
8279
4115
5179
3779
10244
8122
2915
9648
11284
16878
4935
8931
13537
9099
4273
17629
5804
27947
3575
8440
16090
15574
7984
19030
4517
2329
1962
10310
12279
5525
5705
12872
7566
16143
4406
5170
10017
15286
7549
8348
4070
2939
2976
3087
1465
18260
2722
7301
6893
2335
1379
10827
19945
6126
4802
14356
3335
22765
4409
8308
9923
2829
1507
11319
2423
3328
12843
3406
5277
24219
7874
3008
3531
1869
8459
4794
8512
28410
4504
8928
4130
2999
7081
5371
13692
7271
6552
7682
3566
3640
12849
4119
5392
4614
8150
2378
15313
12082
5630
5947
6812
2271
3120
5772
6027
13636
4202
23119
4510
36410
8491
3138
11621
14039
31525
7744
10288
18772
11037
8560
4422
3640
3984
6152
984
3652
6350
8472
19779
9864
7505
1165
16414
6836
6479
5703
4404
4503
9264
16627
15756
16931
2033
16522
3261
8013
15090
6952
5230
6365
4825
1098
19854
22931
5202
6231
1493
5507
7742
8957
2227
3041
7677
13922
3639
5220
5801
5908
5053
14646
20030
4337
16237
10255
8257
4185
5224
1310
1619
5920
2210
25968
5436
3772
6076
1743
5778
17881
9292
9883
1978
6626
7375
3329
21340
11453
1576
5527
4549
3219
2649
2172
4284
16214
5358
3115
15260
9873
7176
5751
13422
5778
9391
4731
2408
3462
2299
4671
11560
1762
7709
12077
3615
1625
10726
4848
8512
9845
3544
10334
3685
13260
4221
1147
3866
10968
9707
11134
6515
6092
27988
7834
4937
30293
7982
10153
13821
6347
20699
6276
5014
23552
5171
7417
3804
4221
10799
1850
3862
1744
6877
8288
11728
10528
4536
8427
10517
3478
18983
1602
2124
12178
2526
29567
13658
6040
5014
6272
2387
6702
12180
3518
9851
25359
4743
4699
5574
8650
2258
9262
14457
11935
4222
12995
4997
16671
10620
30777
4687
1967
1722
8246
4369
2475
3746
7282
4599
5397
15005
1534
2857
8401
2933
22059
8413
13643
20978
10233
12065
5106
11497
3697
2973
3747
5867
12448
6217
9978
19393
10307
4040
4991
10797
3563
3296
4790
5345
8493
2112
2998
10174
9877
4380
6438
21729
3640
8792
10147
4729
2434
3016
4216
5690
4269
4349
3118
3030
6303
2763
6836
10553
13681
5062
15581
16903
6892
17212
4122
14986
5235
3481
8172
5021
2597
4972
8524
1358
2514
7488
4175
11519
5500
5508
926
6552
17404
6068
6261
7306
2027
8237
5574
2451
7624
5051
7394
15452
1668
7439
17664
7376
1649
29578
11021
5547
28721
6124
1511
3851
4774
3718
24713
5449
5937
3246
2389
2990
3156
6641
2351
2518
3577
8883
6314
3584
19767
4528
3721
8945
18035
2556
11106
2202
2771
11343
13430
13944
12544
7217
1943
5271
1838
4225
5408
5707
1932
2430
4831
1973
6891
6560
9150
4634
6984
15057
14314
33254
7133
7226
23815
2971
4999
1995
24045
3769
2783
13129
6636
3387
30407
25773
4782
13032
18092
7980
2607
10792
12115
8868
4711
1921
5317
4618
21342
5774
1455
9424
22638
8692
4624
11925
8538
2913
1580
7119
7283
8085
5735
12813
6885
17109
2077
20055
2996
10188
7462
20287
4891
4120
15855
2631
2720
8667
8776
2021
13602
10049
