3599
3234
9346
9758
3274
10831
7324
13238
1765
20985
18918
14196
963
3368
13763
11188
7004
3577
14256
10154
2100
8411
9239
5265
10889
2388
12908
4622
961
9934
3259
4316
7442
2219
2550
3708
6932
14416
3477
1458
27776
3267
4232
13770
16654
13726
2240
4190
1893
3325
26736
3408
2236
1275
13259
6678
2304
10039
4838
3230
7082
12135
8843
4145
5615
9479
2609
10034
1704
14010
7942
1403
5699
16112
4477
18103
10519
16569
19058
8071
7464
2828
10635
2873
3743
10965
23476
2449
10910
32836
5207
4814
4481
7730
2327
9203
5288
6566
7760
3556
3228
3364
7354
16369
24347
5842
8313
1423
13150
4953
10047
5952
10648
12728
6162
2044
12428
15531
6741
3118
24202
5219
23041
10922
14659
6561
5112
1079
6606
4628
2889
3574
28345
1709
7062
3675
5774
6676
5418
5422
5166
6744
14052
2469
11459
6077
5205
9005
5295
3504
6449
2304
8327
4657
7773
9567
1499
17014
2577
2866
4173
3855
7969
8230
32408
6771
3326
6111
6044
2791
19044
20821
2205
16096
8476
2296
10000
8194
4461
7292
3430
7831
4868
9316
10807
3600
13814
1898
4292
1839
6169
6204
14744
7444
9385
5168
5241
3935
1621
3417
1499
7426
12243
32189
5487
6507
8938
7745
1657
8777
6063
7225
3357
29263
11412
17409
17393
2895
4895
3518
10297
4475
8367
4785
1607
4439
11308
12927
7264
8261
3057
5813
3065
7382
2580
4131
6232
5942
5271
5092
5488
8023
11098
8289
12453
3034
4912
1581
4021
6484
2704
4041
9440
6353
16326
12666
3926
3571
11055
2341
8061
6170
3168
6892
5896
7176
1721
12901
3781
6637
7768
6591
4363
6944
7263
3746
22354
2864
5604
2138
9486
1985
5805
16802
9692
6874
5211
13875
5966
5935
4839
3229
10967
7945
12427
10693
5487
9471
19125
5767
3525
4393
1351
8489
2548
1432
25760
3012
4758
13055
8103
3412
11657
4106
8250
14524
6149
6779
16341
5238
2489
4688
28814
11370
18723
9036
1957
9765
5599
3052
1826
8856
15830
4365
32130
2811
6573
2930
11850
7969
7562
10923
2715
13432
2554
7171
4249
6895
12501
3202
5398
8946
6602
4445
2283
2419
5408
3352
4497
6960
3574
9120
1355
11015
5411
4351
15116
2266
7058
3064
3019
10276
10325
4715
3409
8877
2102
3178
6036
6751
3519
7969
14450
4039
3476
7012
14175
17836
3485
6318
3201
4600
11646
28917
18506
2987
3530
2012
13135
5431
14615
7780
5712
9704
17485
15119
3656
7853
9218
5911
5724
16592
6156
3812
3752
7779
14877
13883
8121
26570
4018
5068
5494
5522
10295
3382
4517
6772
3631
5735
2761
3124
2563
5003
7933
3321
4510
3446
6405
6126
2672
8469
39837
4019
8563
3358
2888
7250
9767
9912
2546
6794
6281
12271
3502
3700
14315
9913
1106
8138
6100
3403
3352
5510
1054
1768
3389
10071
19899
6437
8556
24083
13388
2316
3931
13986
8437
6623
20661
2389
5363
21060
10179
3596
3394
10602
6890
3500
21498
11748
4295
17015
3660
4080
2627
13206
13337
24609
9230
4434
1121
8528
7804
4066
7085
6940
8106
16592
16759
4431
7309
4768
2353
3338
4065
16388
5843
9111
14474
9773
1993
5215
7733
4049
13941
4861
11334
4035
4554
10919
10227
2594
3070
2875
11368
4367
5472
41926
10194
7115
2833
11564
10165
8877
1996
9381
2780
10025
6902
1131
2774
1950
5776
3543
11409
8801
3661
3390
10055
7345
12837
4237
2460
2320
13790
10380
4449
6584
3828
8110
1993
1785
7896
10784
3405
3874
5538
12534
13434
1946
1919
4228
7437
7533
3080
17155
6148
13275
1545
2146
2852
1578
19016
14393
6097
6183
4297
5993
6867
4096
1904
2289
5887
7995
15209
5437
7231
11527
10519
10290
4951
12237
4028
848
5496
13078
6473
21460
15752
15072
3949
9240
2832
2572
3155
6224
5601
2859
5406
6501
3900
3721
9726
13440
33077
5046
5935
8734
10843
4999
5830
36868
21982
1619
4645
13096
3698
3072
12492
13138
6635
3448
9049
8155
1521
18745
7670
31619
4042
4103
5743
7536
3406
38963
6122
21670
5190
5193
10276
1731
2807
9521
7700
10582
5035
5573
2521
10120
11895
4076
4976
7675
23790
2210
5917
19968
13787
9986
6392
10048
4873
6965
10143
25271
6305
1961
4343
1585
2610
4658
5513
4176
13348
5943
5999
8148
3169
10918
4485
16404
8901
1574
6946
4343
2629
4041
5964
2227
3531
4765
6093
9525
10848
9985
15725
27337
5185
5206
5435
9773
30411
3550
4583
2829
5480
2876
1141
2034
15835
1109
4734
4925
19372
5548
13046
5346
9824
7544
10103
16459
29996
6422
6556
7331
10318
4900
7876
9231
7411
16369
10325
6713
4599
8169
21839
18789
5273
20749
5067
9057
6356
1839
14973
11959
10005
5022
1941
2053
5347
12914
19109
22476
7444
4925
9983
13937
7848
17174
7322
3603
15373
11526
1042
4341
4451
1688
1953
2214
11404
15613
8116
10756
7561
1247
4450
3587
2404
6204
2928
1836
1416
4712
5401
12937
10949
7554
17416
11463
16057
7452
12654
5027
5717
8866
32097
10450
3926
7240
3699
11130
2273
4196
3837
4194
9870
4024
13184
15284
1562
5367
4603
12714
2276
3792
5179
4812
8958
10831
14108
4646
3254
6781
13364
14043
18170
5998
5367
10379
3599
25464
8288
6790
11278
6967
4100
2067
17026
1532
2894
6028
3201
3293
2256
9941
6975
14424
8474
7292
2090
3716
5696
11921
2779
1226
19776
6399
10002
3006
4191
17247
4215
10165
13866
7361
15232
7432
6747
10609
2533
4880
753
12167
11591
8126
8029
6098
12307
8380
24741
5408
4919
5497
3055
2427
2296
4185
4270
11139
12169
18887
5672
11834
10514
4656
13039
14867
7626
4786
8859
20874
17273
25360
3497
16852
2821
7095
13466
10129
2774
2929
1622
17798
4472
4946
4168
7146
2600
7212
2122
1893
15417
1370
16321
5253
3114
11372
4744
9251
13382
5450
2239
3693
10064
4595
4336
11410
10077
17821
11542
5125
10348
6819
7499
4860
11440
990
11701
17914
15192
17357
8123
21072
4022
12678
9055
8627
3925
5409
2380
6044
5317
15466
6787
2957
6023
4499
5360
3149
21283
11759
17030
2081
4006
3379
4030
4525
2875
3776
7973
2413
6526
7378
4028
12513
3534
3325
7493
15777
8894
3771
3617
2930
4510
3150
3566
5386
6358
8534
2585
4390
3362
5333
11997
5720
2969
4196
5531
9187
13917
4599
11809
3805
11049
8858
1988
15295
13413
27449
1526
4515
4167
4299
4711
13585
8557
9339
15502
13770
11363
4491
8722
5492
6329
1443
5869
3482
5377
11481
7171
7330
8309
23437
15592
4163
7791
5243
2701
3969
9779
5070
10110
3916
3553
4788
12471
5640
1406
6151
2369
12602
9948
10218
3122
7020
6199
7384
14892
1944
2230
9050
1481
15164
10808
3074
5117
19746
5007
3577
4227
3549
4142
6616
5480
5064
5877
5569
6551
12728
7016
5893
6668
2083
2601
3086
14578
2344
3564
14911
9751
3126
17694
4672
3472
6736
6200
7973
9704
5012
6350
9660
3521
12792
4204
7272
5268
1520
2947
2528
10893
2740
8827
10210
6640
7053
1922
5651
13038
5487
2853
7193
4690
27253
3660
5047
7807
8809
5462
19049
27524
4100
16857
4854
3336
10955
2173
5608
3449
9410
11592
9560
4011
18410
2356
3938
8339
11104
1750
8184
2995
4475
16788
3681
1752
2988
8973
3532
9600
2433
4170
8871
4397
5456
2339
2062
4664
26781
5104
5341
9922
5738
7843
6924
6330
4862
3751
1649
6347
4818
7639
6008
4589
3125
8513
5791
8847
3530
5134
7231
15701
13270
11845
7672
8852
6097
1821
5712
2399
7669
7541
25771
10000
6081
15125
3122
7929
4905
6417
5705
1705
10005
4222
4819
6626
7714
8600
5382
11443
8148
14826
4796
1703
9209
6008
11541
1197
12613
4142
5687
6227
6539
5939
13300
10719
13848
2979
7886
5772
6772
9242
4360
2692
7398
10864
7216
3678
5365
1932
5634
15407
20591
23193
1101
1927
6874
8061
3584
6309
8354
10379
10800
6900
15631
2868
8680
5545
38430
11083
4323
4362
3177
2724
15835
7349
22008
2802
7027
13305
4913
2684
7929
22438
4935
3675
2241
3407
7143
4471
12916
25555
5649
7765
15064
11354
2173
15635
4408
5846
7480
5867
7010
4836
4733
4288
5888
6169
10072
5683
6390
4954
12430
18163
3176
6137
17671
3014
3645
3452
14132
11519
23904
5624
10415
7470
1654
4767
6447
2899
7439
13035
10860
6637
1205
2452
35958
4604
1808
12976
11569
10101
3985
2916
1183
6147
1833
3947
16199
6637
9558
5012
2481
1238
1592
13325
6595
7684
3653
4078
21075
3393
2848
15908
8092
2683
4607
5609
13138
6523
4326
1536
14902
18346
7346
3978
3312
3015
7532
4376
6101
5215
9883
5452
27161
3747
2387
12414
4950
3230
24281
4468
4784
3368
10636
18289
6814
5421
2039
7539
3901
5427
3945
1245
4581
20934
4262
13364
2126
18353
9046
14538
9327
4862
4113
5854
2622
8257
3262
15633
2058
4420
5970
1995
4694
4949
6717
19319
7366
9734
7803
3302
5614
8382
31077
5928
2276
4483
3647
3843
4432
14145
6801
4011
7609
6254
8814
4602
4125
4756
12158
1352
7223
1413
2664
24226
4380
5269
12737
8952
2821
21803
7869
3717
4309
21628
12418
5551
6952
4974
3762
2147
3993
4506
5533
6578
5221
2146
4794
2905
8178
3224
7937
5504
12165
13050
2852
5406
3332
9202
4840
13775
11789
8387
2127
19440
5098
3274
5585
11488
5247
22100
5527
10598
2523
10176
6127
2323
2645
14633
3526
3560
16212
10199
13782
5579
7565
12431
2717
18505
10512
5469
8009
7762
11902
4564
5961
5787
5488
9460
11620
6427
3334
9536
6752
30954
3680
4121
3011
7906
959
9178
12819
6410
2865
6634
12362
3868
11779
16379
5046
7169
4590
5043
3596
3233
10619
15114
5383
5412
7289
4492
6369
3342
6178
12623
4867
3421
17524
18124
5664
1717
7195
13830
4865
9286
12306
32462
2749
2087
7793
9912
3589
5189
8380
3992
5733
6267
13615
5313
2905
12266
24942
8971
16177
17181
15918
3772
4969
4785
7641
4750
18966
7174
5304
7172
13270
6263
5583
7696
3776
24339
2477
7705
20848
8255
5148
15626
11704
14711
10021
13056
2401
13699
3614
11919
10978
7074
3566
7176
33897
2833
23482
5701
11601
2158
3396
11768
7907
1913
6811
2597
6058
4577
2369
15785
2965
4158
1946
15956
3994
11469
3044
1684
7527
4940
10862
7722
8785
8406
7943
16501
3730
22944
5514
3566
1280
5046
9241
6131
9539
8469
5719
13416
4856
5945
10556
3674
2392
6592
5268
4527
5885
1293
14154
11345
2037
5299
3346
2682
8390
26900
1916
3753
23650
2933
3180
7650
9759
8879
15826
1812
10530
3775
8656
15931
6276
6220
9599
2121
8917
20131
6725
20312
16065
2934
12720
16078
13988
3861
9889
11209
2209
6273
13604
3482
1795
2075
4245
16627
5041
21847
12327
3566
3305
11210
5186
2218
2667
14514
2667
1878
8325
12324
7589
4548
5474
3079
6948
3411
4635
8849
3906
2320
4498
10235
31489
6706
8786
10138
4558
4562
22161
4743
6081
1069
4513
2367
7567
6998
5718
9523
1462
4773
7626
4457
2026
5846
4029
8515
7750
7328
3624
1468
5077
5374
13197
4166
12109
13343
9771
20603
13364
3372
13788
12148
9869
2947
9574
49677
8799
16413
3839
6351
3866
8399
3292
5100
10979
1867
20311
5290
9090
2165
8562
6708
19937
10668
2241
5701
1667
8565
5576
10304
9936
10944
13990
8829
8126
2521
7233
4168
2853
3619
17807
15460
4587
4882
6525
8638
3096
6925
6891
3849
11213
3176
5092
30934
6476
11933
16847
3846
10901
6820
5558
9554
4429
3661
2442
7677
2519
11997
4941
3060
2936
2286
16436
2578
19854
10261
11516
19999
5192
9539
4440
5128
4182
12396
11417
4091
11522
7584
19556
3622
2665
15929
35863
4235
16087
8277
11533
3514
9321
9274
4058
4576
4149
2721
5440
3157
4488
7497
1679
5527
8312
2840
10618
5897
14554
8427
20165
1325
3945
2770
7159
2220
23315
7117
9382
8333
1460
4609
1760
4535
6255
3240
1778
14141
5520
4450
3749
14099
6996
10512
3379
3740
7297
14890
12129
9044
2628
24940
2832
9177
3277
7199
7410
16098
4817
10088
6975
3695
3112
8127
14091
15174
6836
8218
5979
2648
11035
12337
17269
9959
13031
5783
7924
15807
14402
12302
7865
8448
8919
9241
1406
3656
9719
1430
4270
3554
958
4679
9273
4380
4367
8943
4129
10734
5268
2902
4946
3556
5131
17793
2543
6258
2847
8055
8983
3040
12464
4918
16655
2937
5930
12062
10065
13834
12393
17729
28938
4347
2055
846
10127
5082
16904
4207
4833
5274
8731
14088
8441
7388
15732
6726
2082
5959
12080
8020
3116
5692
6600
4582
1694
2888
6215
3066
4593
3178
4446
2743
6848
3173
5270
6575
3317
8396
4071
8269
3648
9269
2048
2004
9753
11060
6361
5564
5515
4569
11836
8813
4380
8687
13841
3712
7025
11149
3236
1901
5954
12535
2038
4508
7080
1488
1904
12206
4582
8133
11120
5765
2734
9673
6817
7876
1735
1582
6629
6960
1844
20233
7607
4280
13645
10457
8198
9954
5427
3345
8712
4476
1154
2867
9328
7035
9802
21180
6684
7528
15946
7218
6842
2045
8465
2949
3616
2569
6223
5154
4453
5915
1804
2818
10496
11685
7629
5443
14948
2628
2088
5520
7307
7476
4315
15327
2222
4371
1743
4717
5814
3344
2691
8212
1727
1756
4647
9902
5169
6038
28386
1950
2202
11067
2118
9550
6277
11532
7554
3575
3755
5072
5724
11122
7291
2892
7990
3757
8179
29401
4295
10580
36089
16265
2988
12102
9654
5425
6256
5036
11961
8480
2026
5409
1701
11657
9694
2804
2944
4813
3514
9676
7772
2485
21816
8614
7543
10360
7998
15549
13483
4457
13632
14108
6023
3853
2141
7110
12231
7652
3607
4121
4538
3379
2028
4088
7987
4424
9538
1977
4321
6567
2362
3218
9761
1933
4508
2813
3530
2254
4738
8851
9010
1868
8281
10408
9167
12931
5287
5201
22908
3122
2112
4523
4196
4012
1516
15419
4911
11974
4870
2109
7537
3096
7649
2567
10842
18686
24089
6061
16808
4037
2795
3652
8344
1351
14023
8311
8722
2761
4424
3321
7293
2130
5893
4477
4392
24083
7891
2872
10638
2989
2185
16403
10526
9306
4448
9404
28172
12805
2657
1465
13095
3615
8749
24251
1260
2304
4951
4934
12455
4341
3542
10593
1872
16755
1468
1633
6097
26536
10560
3095
18749
6094
4019
5871
4571
5188
6616
10909
7990
2098
5080
17478
4278
3189
7438
6066
9331
7859
5588
7438
4007
7732
6863
1706
1960
12132
6008
4532
6774
5716
18651
8988
3246
11696
10471
3311
9586
17209
29284
2687
10352
2895
2276
5156
19069
5237
17958
3498
8021
4748
7167
3433
10607
3975
2894
1802
5500
11839
7701
6357
25401
5700
1719
3921
14644
5283
3034
5275
3612
6318
6005
9740
15400
3362
6134
8297
6734
3615
4434
5348
3899
6937
8365
2489
8138
10664
6254
2605
3422
11191
21499
18744
6215
3366
2622
4321
11162
15861
3032
5859
6801
5223
8333
2896
1498
12256
6525
12057
3132
12603
9803
3187
8949
15160
3009
3574
2064
20096
10869
5071
10060
5302
11549
9922
19300
23367
5029
3332
3524
9578
1159
6122
1934
2237
4078
3739
7624
3859
5518
5975
14289
12250
12343
10715
7037
13776
2202
2878
18767
4783
10196
3295
11984
17601
2925
13948
6647
5224
4747
2131
2012
10644
19262
2223
5524
4865
8541
6571
1529
6938
3000
9734
3005
3127
7678
2256
30629
7951
19409
19136
3548
4615
8653
4529
5009
1793
7910
6074
14903
5957
14757
8577
3479
1520
22762
7228
7812
2876
16459
12491
6056
2852
2756
33311
21324
8779
2647
6641
4419
2588
3303
8741
3914
10224
9479
11990
3354
19501
1622
2736
6032
9330
4550
8243
10047
10257
5732
4059
12494
9558
3022
2956
13326
1915
5530
1008
1134
9968
3867
12420
11149
19186
5312
9299
6772
9848
6337
2826
11602
2957
8224
11966
5046
3799
3567
12442
6711
9825
2061
6400
7145
7891
4588
8880
7571
12376
7007
9959
6588
3591
12001
3150
1380
15201
3682
6924
4494
9447
25169
7358
4773
2974
5352
5499
1537
5249
7225
10613
23699
20094
6060
10533
5500
880
5211
7346
2384
10025
1629
2416
1613
12084
3474
14831
9110
7483
2178
3022
2127
7421
7454
3416
2545
9464
9111
2302
6144
3697
3781
7406
6419
7454
6118
12735
9370
3936
2174
2563
3177
2867
2095
8457
2307
2578
8072
2713
3468
8838
6123
3979
7442
8867
8395
4041
18968
19902
2366
12598
8059
2232
12790
13931
12020
3370
13640
5755
27599
10723
5061
5741
3500
3922
4411
13703
7042
24384
13097
1294
1804
2868
15898
6515
7667
4407
4680
10500
2751
20120
5337
5049
4103
4739
4236
7033
8217
8455
2313
16066
7219
2358
5512
3689
11536
3874
4055
5330
8167
1220
3841
6510
8253
4720
4239
3249
5720
8365
7195
3644
8741
2667
6593
3035
1774
7857
5976
7865
2542
15001
7507
23033
3040
6345
10736
14875
7045
4526
4222
3433
2342
6886
4036
3152
9631
9511
3457
4766
8023
14594
3709
21470
11009
12104
4394
6185
4897
4034
14771
4132
11265
13154
3910
13377
5810
9955
7623
5944
6039
6958
3362
14223
2863
5933
10634
5921
16135
12902
4275
1937
1477
5971
8840
2496
32442
1163
3366
2671
2035
3145
628
16201
33470
2995
2823
2346
1937
19180
2919
13919
1798
20509
18364
6886
1849
9422
3944
1320
6715
9862
20133
6352
12063
6095
4587
6420
2237
12574
2091
6442
1953
5770
1820
4410
19269
8864
10816
9845
9869
6596
4070
3498
9263
12484
12033
4226
4769
12103
8464
7051
5712
4898
11121
8205
8714
3822
8371
12329
4194
9696
8193
22991
6078
21483
11324
22965
7116
7980
9874
4465
2851
5333
3930
5172
4002
2971
20007
5722
1934
5091
2319
2116
4304
12537
8130
6901
15757
11470
12846
10070
2416
4300
15056
4769
3176
9829
4221
2242
5462
5985
2920
10525
3442
12629
4377
2960
1812
7382
2486
10230
3859
10494
2988
5811
4251
2843
14139
4015
12034
1802
6961
4878
6063
3282
12603
8363
1607
1713
8268
17598
18425
24679
2877
1155
9012
5469
5223
10396
3693
2634
1484
6135
2711
15307
4515
4461
14392
11569
6016
2216
11591
9071
7133
5975
4593
5282
5081
22007
9589
4172
2750
5212
5188
8244
10032
7188
8576
2361
2796
8866
10724
2653
6440
6168
1866
26119
6076
2798
7593
16021
8628
7964
2534
3266
5793
14937
4292
6238
19814
5012
3228
17859
7643
7459
5236
8829
6751
2828
7837
3208
12851
28710
4844
8240
2274
14677
13154
9136
5147
10725
7886
4643
4875
15505
4102
6478
3773
17109
2394
2376
3141
7508
7207
20366
5272
14254
13667
13762
3604
3287
8532
3033
3410
12559
15547
5945
1437
2451
12797
4814
10321
7987
4005
6960
12486
2853
29173
6347
9642
3780
4679
9428
4588
5485
4936
1217
11036
4356
1476
3854
14940
4544
3812
8984
22156
20641
2279
4883
6294
2014
13705
4988
30366
5727
1426
2347
6502
2652
9806
1206
5317
11077
13254
9531
19981
2231
3676
3102
1522
2076
23336
8280
3107
11420
5360
6949
4117
19369
12362
5210
16725
3268
2148
9165
18535
2309
3076
20971
20497
10613
9663
8426
11093
24028
15059
9806
2960
4385
3984
2021
2949
2370
3851
10516
6705
6847
10160
7700
5755
12071
15076
4857
15857
11124
11364
3814
6168
14014
2016
15541
10741
7002
4500
9412
10712
7714
5402
5719
3219
3359
5728
5938
3736
3196
28736
4384
11599
11018
8677
17630
9587
3956
18723
11055
11800
2797
5049
2231
2000
5797
3129
2947
4435
3031
13412
12080
20368
7564
13465
3849
5290
8398
1572
17654
7985
7463
16673
2237
8766
1834
5325
2139
16126
3435
8856
10085
8014
2838
11493
1954
3846
1726
7867
4134
3936
3129
15298
11196
8841
7515
9931
9037
4188
3278
15300
1998
14075
11202
5443
6969
6127
6723
5820
22533
10596
5178
5257
1716
11320
1605
1671
10032
7403
8103
4382
13393
2788
6251
3002
10091
3055
8396
8143
27627
4700
7391
2053
6546
1696
6513
3296
24849
11576
2394
7370
7041
3117
32317
7885
2527
2605
12863
1880
6549
6955
2709
15798
18272
6651
9693
8557
8978
9099
8725
7763
6437
2976
10374
6595
2270
8157
2375
5990
7019
4265
8636
1753
7955
14104
4063
8902
4473
5470
8321
3698
6880
9142
1769
9669
6908
3267
6400
8872
2298
25890
4948
7279
2553
2162
12432
41910
12254
9023
2425
1862
8035
10055
9519
7295
16426
12620
2524
3627
6451
12384
2939
6191
11176
2157
24751
16159
3211
4354
4670
2404
7531
6734
8453
3455
5457
7983
5194
13019
9805
15990
10170
6089
3985
4981
6248
6611
14524
1714
3003
10356
6183
4468
1863
4313
14304
16600
6227
19260
14147
4478
13028
22291
4216
15781
8946
4986
7373
23165
6017
3617
35915
4348
7669
5103
4354
4551
17879
2697
6375
10805
6701
7246
1873
11946
6233
10700
3490
2401
2184
1966
3823
12643
10897
2095
11023
2194
30847
1287
3363
5791
10820
10294
2488
19628
4327
9496
11606
3047
7554
16102
4169
8275
2877
19512
2500
3111
11709
3620
4904
7144
7321
5820
12782
6093
19926
7824
18897
2004
4751
3071
4818
4512
10414
6807
3344
8240
4280
3561
3845
2458
11709
12049
3091
26016
3821
9860
6938
1590
4674
12503
3489
9435
18287
1680
13955
7300
8066
10200
12617
2915
8825
7883
6913
2769
6408
7099
6838
8147
15190
3429
9888
2136
3781
4838
3784
10856
10310
5451
1927
5415
14861
11998
13161
8623
6899
26890
3609
5304
5878
4869
1792
12504
4002
17106
19120
8144
2951
8658
3144
7152
2439
3023
2177
18746
10944
5581
4721
9398
11335
1605
9390
5158
4521
20890
3441
10946
1973
7231
2984
12705
15846
15561
7637
5520
7171
2820
5557
5150
11872
8165
7501
8486
15017
11331
11341
1703
4527
8572
2761
16397
3970
11122
7265
3496
2300
13184
4693
26988
8376
2047
5125
4542
11559
5720
5137
4376
12185
8291
6874
2569
8013
7125
3596
3173
3998
3994
5374
3853
12070
9879
2612
1843
2501
9233
2506
3348
13975
10281
874
4588
14604
14338
12483
10235
12885
10453
9035
11099
5652
1994
3475
7275
13981
8307
3484
13921
2473
8271
14411
6242
20442
2684
1433
4255
6819
3632
4356
13579
8940
5105
18043
5254
6087
5590
7208
4702
2104
11221
8609
6991
3848
10626
2192
6250
1964
4884
2449
10031
18592
4720
9808
5299
5377
3908
6477
3782
20974
15418
5936
7946
8368
17475
3452
11709
7121
10026
11385
3199
12376
2233
5317
6115
1939
13586
3110
3622
5921
6432
3988
6868
2109
8145
3076
9742
7163
9051
14577
10229
4872
2950
5265
19685
7394
6742
6017
5229
9019
17559
7375
8158
15095
3383
3105
2900
3739
16770
2916
11410
2818
3158
2134
12399
10607
3081
1424
12940
3774
2674
4453
8203
8290
7191
16406
5819
17932
4244
1135
6779
11165
5006
4479
4328
2675
2153
11866
2896
6777
4658
2725
5246
2553
5190
9028
5650
8632
5438
2684
9896
12153
16696
17809
7130
3779
7370
9552
3658
4214
5042
8833
3410
5829
2042
6804
2583
6554
16581
11383
10929
8084
2893
5706
7873
2675
8649
4473
25228
2229
6522
637
3622
5373
6180
21836
16027
7279
4686
6535
2391
3331
5432
6447
13012
6568
4283
21601
6791
2212
2791
9786
17378
3873
2723
2197
8104
6150
6174
2465
5049
3201
4499
3632
1722
11176
17393
2240
11413
13989
3976
7539
4365
11606
3850
5027
12555
7459
22186
1455
19609
20180
4042
4747
14738
21807
5997
8202
9028
6002
13848
5730
7105
9887
5518
6105
11242
10254
12230
2640
19910
14279
3910
5014
4787
5714
8617
3099
8448
4886
18274
15403
19593
5561
6326
5063
3525
13715
5575
4140
8319
2256
13406
6755
11419
3249
11087
5052
14830
8932
5211
7455
7886
14193
1798
22243
3212
10284
5516
2766
4697
11883
2335
6962
6025
10119
6961
1604
35826
15580
11305
15182
16426
10852
2271
3697
1502
6391
2432
1935
19025
2765
10532
6074
12854
12331
8173
15105
5632
1106
3134
3030
8133
3909
8605
4492
2533
2933
11198
6102
3842
1431
2610
3742
14816
7127
19354
6605
9120
20698
8835
4791
6463
4238
11216
5614
3214
13464
5996
37726
9007
20027
11631
13008
3565
1661
5210
10109
10889
19320
18604
13728
4842
12454
6034
6532
3775
4129
2666
9284
4855
11426
6406
3672
7019
7467
9936
7619
5824
12319
10978
10505
13251
1646
6735
2388
2908
2453
9971
4598
1940
6371
10316
5493
13388
26263
4668
5619
6187
3141
16497
4422
2192
3500
3990
6084
5066
2208
10098
10940
5077
1881
3517
2808
10498
17155
3228
16332
11313
17344
11599
2146
13551
3321
6894
20218
24101
1715
7822
5973
1719
3403
6788
26246
5273
2192
2909
8140
3863
2291
36937
10382
13652
7643
15127
2389
29488
8102
15844
10095
5158
1902
4499
13689
12018
4665
12939
5414
3445
12014
4394
18215
12277
34472
2705
17386
8481
6647
2868
3754
14266
20518
6250
9530
3509
12589
13829
2699
5602
2931
4901
5181
6673
14704
2641
22043
2963
4279
9789
3477
2526
1340
4712
2409
2501
9818
6286
3429
4648
3318
3656
2965
6412
1945
5264
9079
10804
3684
12335
28015
6919
8615
2017
9684
3467
4554
4780
4854
15834
10272
15093
3225
4743
2622
3708
9268
5593
11130
15913
10490
11534
15633
7451
17054
12383
9090
7502
3436
5339
2592
11631
1898
14552
4432
3957
30490
18117
17828
4676
5828
7782
8930
7991
4330
6474
27909
5575
1486
12059
13531
17889
23763
12494
5834
6023
10643
16667
6210
1820
3973
4943
9663
6901
4066
18495
3378
16434
7637
1906
13395
7675
5727
11670
6037
11237
2509
8656
5032
13880
11460
4015
9560
8105
1435
2959
3493
23128
6990
1193
6280
2968
2030
2115
11011
1191
20747
9563
8272
3907
5225
10758
27937
1369
3711
19601
4456
3943
3723
5839
6645
6410
4742
3118
6914
25716
13183
15168
3386
6864
8060
12436
9398
4153
7157
2122
12382
3065
4570
5758
20216
25674
4902
2185
2960
4420
6540
2595
12219
2763
1242
12895
10663
7243
9016
2677
6341
2695
2031
5794
6487
3248
5283
9800
8161
4914
10499
7484
1970
25472
3298
10001
6718
4952
17268
20212
14307
2783
6294
5364
14984
16959
2889
6554
2679
6434
3536
19270
1253
5880
22133
10808
10195
6864
2920
9697
10683
8313
1810
4794
3665
15369
2020
2460
5811
16007
6395
2836
4332
10035
4336
13391
6257
15164
15758
8365
6243
2132
4293
9713
7789
9022
1447
1861
5504
18765
7553
12367
9173
3548
7352
7263
2882
5096
15388
5554
7701
13796
6089
2133
5082
5467
3343
3942
1337
4769
8078
7911
26436
5415
5437
6464
4013
7837
4143
1847
3135
12596
3782
1330
16966
6794
6620
3040
6047
14504
3360
6518
2555
8046
2746
6596
10645
7023
11463
5354
6582
16838
13105
5525
2016
5479
6363
5805
5353
4193
3342
13155
9736
3340
4992
4863
1826
2413
16252
3067
3510
5252
3939
11573
14762
3325
8706
12376
14241
10493
2106
6419
9758
4843
7833
8641
8825
3269
16911
8824
4065
1089
3983
20448
1916
18928
7902
9939
3671
3161
13769
7774
4040
2587
1864
1964
4266
11559
2449
10198
5030
6798
16043
12748
4973
12008
3563
2020
8035
1688
13100
2942
9576
11982
14510
18732
3626
18369
12071
1710
7445
2571
14326
5890
21110
3931
17150
10136
4174
7701
8493
2662
11079
9098
10066
3866
8003
7441
17770
6101
9536
10660
5217
11602
5491
11358
3028
18328
3417
17055
13993
22041
1253
1750
2527
12059
18349
6976
13701
8707
5798
6175
7969
2430
1521
7901
16713
3272
10161
5945
6861
25821
9723
2468
6803
12053
12443
8401
1678
11050
1720
2983
4532
2430
6246
4845
1694
3239
5210
9968
28661
6280
30115
3002
1720
2548
7740
21340
38678
17969
3966
4561
17908
2580
7896
3944
14186
7016
6961
3711
1597
4760
1753
7359
13111
4082
1649
2062
13378
3489
3340
12237
5508
7350
1937
14639
7245
3434
5927
16933
6143
2263
1616
3249
3852
2730
8283
2865
2960
7351
10671
3213
3579
7528
17156
12406
6949
5121
4484
7311
11299
6477
11575
9397
9640
3177
5301
2159
3232
10079
1689
3231
9871
6622
8325
9508
3006
6407
4916
5435
14704
1218
1927
7287
7236
2139
8711
17773
5392
5482
9303
8143
1962
16654
9056
8988
25024
8715
3443
2018
12285
4512
6266
28577
1232
2348
6113
32225
1177
6632
4487
6133
4665
3665
8829
4374
12398
7232
6257
2680
4053
5440
3770
16026
9377
9240
20543
4860
2922
3615
19919
17060
6745
9835
6021
4216
8009
10038
12221
2229
3798
10556
11758
7020
2538
4667
4499
21754
18453
5628
14583
2035
11397
5650
3942
3226
12209
3269
7627
2337
5757
17270
5713
6804
3215
2745
6593
5368
6810
8206
24282
3063
7009
17519
3342
3355
4965
8488
9886
4691
5564
6715
22835
4737
4550
2422
11972
3807
5586
20770
5913
8384
9009
18280
989
2623
2742
5027
3461
3122
9501
8149
2656
5228
2673
8390
4924
10393
13182
23093
4650
6211
5485
9219
3539
24065
2200
17638
4356
4628
7333
3318
4441
6347
8399
3347
5155
2257
8059
12356
14061
4952
6689
2191
10461
2393
12985
18757
8151
1948
12865
9750
8741
10071
4470
8282
9215
7167
2205
7556
11032
15994
6579
4610
5339
3397
10281
3129
8524
10172
10204
16491
3878
5443
2657
6117
4153
10959
6385
12177
4100
9460
5410
10446
6474
2224
3790
5526
12620
3944
9700
12958
6432
16922
14581
9015
5769
11540
6235
3857
8805
1970
3146
3747
5694
10989
2153
2993
12681
2120
2990
2652
20858
4193
15390
18341
4053
4134
5318
15304
5767
4399
6763
4103
8406
7674
2054
5011
18967
5902
4851
8438
4311
16867
4964
5581
8749
2676
7785
7249
2948
1658
11846
4404
16090
4178
8678
6102
7182
8172
7389
8094
10258
9058
14269
4013
2679
4542
2998
8333
4127
11982
4005
3530
5085
8380
5020
8894
5185
3975
1918
5196
1449
2348
3666
11267
8460
6481
16108
4177
2968
7979
16454
8872
3733
5552
7737
13547
10545
5050
6689
19774
2040
5236
17108
5893
2761
29553
8770
7056
24590
10486
12448
3398
1222
2299
12188
9046
3837
4002
5796
5700
4717
6547
5405
2961
3611
4080
5057
7603
9558
8191
6679
21403
6665
4161
6222
2933
5492
11994
4389
11213
3775
1769
1708
14123
5887
11756
14560
1196
10434
4628
9403
9155
2359
8578
1449
3300
4583
6638
16477
9298
13650
2139
14355
13029
7294
2051
10906
18789
9913
3098
7630
4263
22429
21601
10033
8985
5773
2519
2884
31563
7798
7237
9934
4333
8032
3520
2739
6780
14653
3496
9971
5915
3509
3784
25056
3040
2517
8174
4031
3558
9480
7599
2899
3037
15095
7693
3541
10858
7162
6002
5588
12405
6261
4649
5612
6099
3479
16306
2077
11266
5858
10685
1798
6719
11470
5842
7137
12825
4746
5955
27505
6207
6430
9082
2123
16294
3624
9248
11139
3401
2774
7899
1838
15233
4678
5104
1817
2280
24658
2222
2167
4236
3993
1783
11044
24168
18752
16280
8826
6444
2260
13827
22715
36357
1554
16211
3199
5493
12490
9140
2920
3195
3412
3570
4968
2466
3884
4899
13150
34237
2381
5831
1285
10903
8215
23996
9846
8243
2335
5937
6707
14657
1359
6742
6438
17381
2037
7310
8603
7390
28204
6340
2827
17830
4596
6792
5035
8340
34379
1533
4933
19780
3604
10204
17876
13342
8392
1624
15108
5206
7392
4199
7944
4370
4528
5539
3917
5085
12071
3947
8833
7224
8001
10372
2502
10680
2590
20219
9308
2685
3378
13498
9968
2149
4074
1922
5872
3674
4858
10528
26906
6182
10698
1476
7027
5132
18586
8534
4469
5132
3696
5680
34105
10212
10348
15236
11699
6273
7702
11643
5506
3396
51234
14730
4524
2215
2817
4806
6424
11862
4185
23646
2470
24979
2831
1204
7812
18339
8861
12531
7156
7277
29034
15687
3401
6979
8199
8161
4131
5832
5766
2773
10164
30850
7365
15473
4057
3640
8692
14384
7564
42153
4709
16004
888
12606
1566
5857
3039
8222
12833
3829
36914
10117
3480
7016
6216
7569
1892
4286
7848
12351
3440
11361
8814
19070
12418
13128
3082
6263
4973
3816
3142
20024
11432
5615
10965
15164
5345
5358
3080
3625
4131
4714
12682
5996
3942
8354
5219
23141
2725
4111
2957
5562
2597
6246
1807
10268
9146
4519
7320
5469
14830
6519
5175
22235
14159
4047
5346
1812
1202
2941
1708
12904
7810
3864
14565
2034
2414
19656
19354
4011
2405
9140
7801
10210
3604
2163
3089
5536
8070
19361
26516
8597
2621
4388
3130
15861
10725
3135
4787
5315
4584
12673
6484
4182
9130
8159
872
11071
2929
9403
2063
6933
24774
17203
13455
5498
10159
2550
24125
7334
6386
14567
16903
4530
16751
7744
26956
7076
12086
4319
14352
5141
13517
6180
11411
7482
1192
2473
3722
6002
12749
1333
1800
12075
9472
9071
17100
4428
6898
2396
10429
3273
20702
13024
1552
9519
2672
4410
15929
4410
5650
16553
2739
10108
1246
5828
2997
1384
2379
2308
15670
14484
7282
3425
3973
7784
7752
2783
22227
2698
7276
2414
10015
12932
5974
11288
4500
6165
5650
11721
13296
15621
8079
10100
7432
13576
2529
10165
5185
3594
2999
7304
11675
5820
6956
6755
1844
17761
1779
9468
4931
3055
2543
3989
5534
7484
3558
4442
14455
7330
7779
6996
8701
18565
4598
3693
6802
9398
2639
22178
7303
5297
6646
10478
3286
1789
6836
15837
4999
6498
12515
3753
2932
7709
2492
8598
21924
6517
7125
5151
12038
4936
50253
9015
2875
3085
15992
9139
4371
7903
7051
6301
5049
11992
20615
10743
6500
9377
2607
1968
11549
14105
3297
3781
13160
6939
5666
15168
3609
3333
2615
1632
5417
4570
3700
5178
6486
13207
17196
3636
2298
13760
17620
9098
11103
4897
5273
4852
4273
6086
4115
7711
5233
4015
2886
11091
8457
6888
2418
2247
7387
3416
5848
7083
16771
1793
5446
8017
9065
10717
6454
8555
18634
3681
3071
15216
3034
8244
2877
1798
8188
3308
1305
4555
4800
8775
11646
11281
6283
20419
3438
4079
1329
17404
10959
25393
3197
8757
17955
12517
3802
2444
4866
5378
7737
4088
10443
2473
3720
25711
3382
3277
9740
21483
3216
1425
13409
9328
5823
7166
3540
2558
8113
9976
8080
10993
6025
6530
5654
5907
6532
14097
5530
13275
13603
2917
2104
2261
14902
6622
22108
21282
2076
13099
3485
6706
5204
29705
11676
8074
17708
1876
5108
17031
4087
4599
1260
3971
6902
19972
8081
3396
17076
4173
13421
3989
23713
12283
2641
1331
8081
10848
9396
2627
5187
5263
1056
14000
12335
3795
2607
4718
2665
4272
5346
10124
16685
2337
7012
1389
5252
19690
14132
3904
8714
9787
3337
11773
2275
4067
7254
11847
12310
11822
2164
6576
4915
15586
6891
5486
3216
18625
14497
12099
3402
5296
14304
20592
9551
15532
4528
12268
4305
2788
27649
10965
10740
12524
2519
9029
9516
12833
9951
4562
21664
13355
16188
22917
2814
6536
3830
8396
6048
16600
9982
10466
2111
2186
1470
6956
9385
14393
7100
2583
3035
4336
6642
3410
6158
2367
12940
3414
10541
16577
4378
23168
3741
17428
16066
11963
7903
10377
18940
1797
4869
6164
5523
4837
8888
4139
11801
3434
8915
8848
3584
4904
4476
6413
2076
5842
18313
4894
6424
10202
4320
2336
3037
3241
18199
3331
10095
9162
20334
8230
4212
6629
15102
7745
2064
19428
8804
11196
3586
7125
9384
7813
11335
8559
11266
9957
11224
4156
12375
8512
9153
10715
9777
3413
5030
10894
4683
5366
4257
11822
2336
18877
9910
3468
1084
1728
3450
3074
1856
14911
4816
15171
10898
8601
2356
8396
17973
3900
2181
2305
2960
5476
4525
26524
4848
6404
4019
10965
7186
8303
10532
19304
6875
3291
6357
4885
5460
4376
5612
12167
6768
10611
5188
12127
5677
3245
22842
6359
4172
14063
2015
10787
3195
2110
10633
10935
3466
3561
1317
4196
5044
5926
3570
9836
1806
3381
5811
7161
9102
4207
6547
4370
15810
3018
2795
13251
10721
8312
4291
10317
1678
9353
7212
14682
8854
9647
3077
2333
3876
4413
3862
13554
2175
1501
10599
7213
6193
5083
4994
2476
8027
21316
3110
2517
2264
5272
13896
5684
1645
6138
5799
6207
2953
11581
15665
1552
3204
3338
9040
7400
12445
6599
2107
10046
13071
24557
1952
11882
5984
14938
8993
3405
6368
10142
13141
7138
11473
10324
7768
11782
6652
16699
6988
2739
3345
5118
19791
6461
5475
5457
3428
7393
5097
5799
17708
6499
6003
3802
12579
10815
9083
4069
11985
4495
1775
4828
5143
8308
5625
10565
2751
9871
2985
6429
1969
13413
10140
3847
9295
3875
6551
2701
22996
7003
8487
5336
11969
4012
4543
14706
10359
14860
9708
7835
3626
3538
2407
3491
10370
21467
4332
3267
3342
2319
6488
28751
8432
15463
5184
12006
11506
7343
12432
4242
2907
871
16793
8904
2411
4894
8210
5380
4121
13846
1610
5411
15018
8641
10801
3953
2796
14942
2816
2104
11813
1074
6834
5275
12439
7695
13468
18633
11382
16524
3420
2237
11580
10450
10875
5333
20186
13653
4340
4448
10015
2185
5177
13953
2333
1926
10089
10098
5486
21912
4633
21174
4857
8598
3282
3649
6747
10465
11839
4625
2539
13273
5498
2107
1555
4921
5406
6574
2547
3977
3584
14577
19505
11163
4654
5826
2516
5676
12600
10888
15076
13872
3275
14576
6747
10328
15380
2434
7607
18197
1208
8887
9605
5559
9195
4122
8561
5066
7886
5280
5553
10894
14984
6273
5106
3287
11603
10322
1703
1952
2239
2664
14961
7010
4655
9771
8806
5531
6148
4667
26937
3193
5783
4772
5731
8929
4163
2298
3906
2430
8500
2556
6253
6026
8406
6329
2141
18362
5893
16817
3890
19067
18819
6775
2732
16604
1952
3419
4431
7327
9341
7678
5789
1908
6757
2680
2184
4170
4256
9760
4650
1664
9635
6700
3529
6595
10928
11474
12607
9854
5760
1690
5285
1239
2416
9100
2024
2416
20789
2697
2487
31816
4959
3125
1652
4386
6503
2617
3461
13152
4698
10901
7079
7338
12799
7666
8939
7928
9965
7809
7559
2348
5110
7302
1363
9016
11695
1469
7323
12525
14392
5141
7016
3997
1011
4223
5468
7849
2469
3772
1847
19609
4042
5477
1782
3771
2593
4516
9249
2594
26123
5319
21565
14702
3383
8950
6831
13918
1397
14229
10581
7837
3305
3894
16542
24353
4496
1553
10426
8102
3668
5444
22397
8319
2845
15485
6960
3595
12152
6125
4784
3809
6896
1782
5713
4915
5215
2748
4479
7624
3711
6734
4136
18130
7148
5471
4655
3788
9583
8153
21081
16672
16686
7221
21267
7053
1234
6986
19911
8286
14015
1020
9257
5699
9582
4744
24682
16000
3548
3842
5697
6757
18732
9093
3106
8895
2337
6125
8343
11618
16587
11666
8993
9277
14354
5017
6926
5745
15039
4809
3659
3618
7721
31633
5661
3234
5370
4826
13864
2745
10029
2107
2394
5682
1909
8298
24639
29194
14326
4505
5770
6589
4167
12832
46003
2019
5251
8946
6788
1801
3318
3741
17072
4871
9264
9336
3579
5073
13099
6018
2365
7894
5492
1888
4580
8395
7666
7191
11409
2880
11974
7012
6381
13384
6144
6574
7037
20713
2496
14738
8134
23274
5844
2787
28514
5129
14333
7058
17888
3473
11088
28120
5539
8440
16523
2312
1418
7393
10491
4291
4498
8737
4727
3065
9724
6347
11483
7669
19331
9089
8626
1240
4102
13678
13003
10902
5802
5767
6663
11366
2851
4075
5522
1289
14187
1151
2478
4815
14737
3374
3109
10249
9512
17386
1572
12721
8221
1401
3010
6563
8724
3109
17928
1737
5381
3343
4702
6553
6863
7503
6611
3630
8591
2843
2930
7704
11214
20590
19187
10484
3467
3051
8288
13063
5054
12051
2926
13883
20900
5642
6530
2424
6190
4247
4411
2389
9953
4009
2536
12264
6070
7711
10654
6694
1489
13659
2927
8452
3359
4542
1932
6931
11063
4850
11309
18182
8313
1564
11638
11246
4433
21247
2720
14247
18709
9077
1843
3345
4695
14853
3760
1995
1411
5989
7799
2838
15722
4233
2365
11321
2679
9007
2319
6949
6098
19831
2758
5566
3818
15067
2887
2013
9947
2556
4011
8067
6271
10861
4578
15556
15245
6254
2011
7665
8958
6067
3813
5885
7978
3114
5499
3354
2157
7653
13423
4512
9698
2450
6910
8350
1646
4951
1791
7173
15048
3212
1581
13119
4314
3937
8143
12750
2189
2071
3319
27398
2495
8144
2465
2088
1582
6571
3722
4573
13269
4418
9147
10816
2760
5903
6962
8220
1776
7501
2128
8854
3932
9713
1535
8682
6502
3932
6629
4690
13560
7786
6888
14968
6367
1834
1583
5301
10566
2963
6246
3435
6905
4541
27548
8055
1842
35578
3603
3895
9738
1771
8268
6908
11651
8770
5752
3173
3377
9374
1341
4019
3750
4710
3541
6815
4262
4315
10928
11054
13716
6131
2696
2751
13824
2453
9641
9727
2046
5803
18210
3676
14321
3287
5389
4657
32580
12245
9008
4398
3625
4786
28258
5182
8701
5094
4954
6039
3770
17559
8489
11759
13420
3961
5318
9791
9639
3069
5942
13819
5048
22289
14284
13389
4756
5651
6177
10274
7384
1913
3919
5160
5959
17430
1023
2270
3080
14956
6921
6056
9104
19434
6595
9725
5388
5798
5479
5440
12021
13130
15416
1421
3789
6472
3554
2300
3045
6545
4965
3247
7534
5066
10074
14988
7713
6357
2477
2185
7970
2307
10813
14898
3350
14479
17362
6002
7672
4069
5272
6230
13324
31105
5782
30373
15385
4968
4760
9586
5029
13840
4315
7233
10888
19457
5401
40857
11825
6906
10186
1664
10494
14195
4748
3758
10952
3335
5780
2386
7871
3621
20167
5063
8712
7977
3910
6619
22596
10867
7681
1521
3773
2296
2496
2108
19892
8449
4577
2487
4352
2961
4537
2822
18733
18186
28088
1673
9175
10965
3978
6967
26675
1167
4137
15336
8209
2643
5180
8958
1574
1693
3732
5844
4795
14661
3422
10497
7712
3787
16828
885
5325
5080
4015
16236
3607
8659
5689
7587
7761
4293
2961
12478
2942
2455
3340
7665
5620
8006
15988
6468
1550
10507
4178
9246
13477
2709
21071
6053
3718
5500
6924
3611
6362
5841
5814
7816
8132
6084
29446
36091
3491
7755
6077
15585
9705
18516
4786
5597
5450
26348
5804
3472
4984
3608
2112
3018
19322
10777
9896
2758
7083
5279
2311
7862
3478
1669
4666
8661
16480
25276
1506
3177
3446
5111
12440
6550
4746
5031
18640
14036
7138
12075
6031
20905
18138
13081
11075
4136
3277
4363
8797
10469
8470
8826
3484
2287
5662
5395
4920
1401
7430
4068
13431
9756
9549
1990
10251
3315
1752
6055
6647
3764
12955
2792
11467
1965
3658
6529
2501
4866
2624
10284
17116
5613
3718
4400
7840
7899
11555
5212
6311
7459
5532
4205
10106
4539
22582
2495
7428
4671
4171
6830
4364
12845
22073
2253
6560
2098
3379
3495
8018
5851
17150
3413
2030
4113
2129
10576
13324
3697
1565
9497
1624
4117
15389
5405
8525
12358
9598
6780
7780
7850
3062
6411
9145
3135
14873
2972
1904
5858
9483
2932
1511
1235
3778
3606
4506
3388
4636
3236
8788
3642
3029
1609
5897
2081
2746
3383
2477
6619
4638
5537
22099
2541
11092
18666
3456
6524
5137
20682
2347
10925
5413
1527
2938
9104
2666
8776
3161
2253
16166
3464
3377
1639
7205
2259
5372
4662
11537
2823
2223
4113
3517
34344
2803
11248
1927
20545
1434
2052
2570
18998
7897
8718
7241
2577
9852
10078
2348
5552
3250
10547
9981
8619
4557
7956
25600
8419
11401
12558
8144
5000
1442
3150
2379
2158
6298
2438
3910
12674
11375
18418
3647
18372
8587
2017
3283
11996
6227
7211
9503
2659
2155
7727
1596
25554
3402
22283
1613
7076
7029
6903
3702
14249
10015
10505
4556
6347
4856
18894
19180
3049
24178
7177
3615
28885
3309
14733
6041
7620
15004
2422
1484
7964
11759
12664
28376
9611
9532
10775
8559
10224
13859
12757
8822
5021
4208
2608
6042
6641
3900
7387
5215
2786
4718
14424
18261
16704
6301
3533
6605
9896
3733
5189
9936
6201
4020
16720
4809
7395
5684
3903
4062
6877
6237
3865
16965
9072
6215
7259
6527
6567
2020
3949
5811
12325
7267
11220
8936
14432
23165
13847
5669
10295
7566
2336
3232
9496
2081
8546
3301
13267
5387
3642
4488
9041
3982
14904
898
56723
11114
14283
2168
4230
3427
4440
11109
3863
6110
2271
7888
10259
9270
17107
4667
15123
7878
3140
21236
10380
4241
4481
2155
8587
5718
8958
6531
2880
18402
22723
4124
14994
3915
8808
3370
3457
10196
10447
9580
4900
10582
2493
1564
11783
19845
4492
14669
4712
2014
4570
4794
9523
11987
13447
14721
3090
13995
4816
4258
4652
5211
10713
9495
3621
11856
6875
27468
8553
9737
7847
16886
3803
7149
5667
22855
5966
10309
11027
4191
9381
4716
3474
3006
1944
3228
7961
1193
7203
1855
3171
12424
9863
1908
23922
10056
11808
10286
5458
9415
3517
5001
5902
4219
9898
13553
4911
6209
9874
6894
29545
21688
16342
6006
6025
3101
2630
13378
8457
3470
4202
4589
19768
9908
8051
3140
11565
23775
6615
4409
5314
16354
4844
9523
9969
6274
1571
6941
5469
11162
2316
7664
4211
5102
7099
5385
23538
3161
2416
4975
10672
4468
6841
12533
4829
8656
5134
16511
22953
5891
4467
9207
3246
8912
4350
19943
14920
8630
5417
15522
8682
8329
9725
7413
6972
9941
10036
2379
11462
2378
9868
6479
3342
4948
5921
2573
4287
4099
6417
2485
11309
9309
10955
16002
8904
4352
11854
16430
21468
11177
7599
13023
5998
25256
6842
5716
3558
2108
5954
6133
13670
8397
5039
4071
3257
9055
4726
18590
2989
6057
22145
5697
5285
20949
4631
6956
3930
2374
9748
12471
3420
3720
9243
10419
6863
4047
5424
8687
15330
14026
4327
12655
3716
6241
7813
5097
7457
30671
15074
10912
13163
7126
17054
5046
8198
11663
4360
4113
5020
959
8281
2167
10658
3443
7192
4222
12177
4592
2762
3730
6943
2781
12804
2352
2929
13594
13450
3084
24598
8752
7766
6527
6602
4431
11529
3357
14111
17472
3321
13105
5266
9013
15151
5664
2572
8593
16027
6907
13766
23566
11819
13767
2735
3438
7531
15778
4168
9303
9267
2186
4900
6249
5646
1644
7217
1830
12223
2414
4274
19341
1958
11595
4521
4586
2913
3381
15053
7092
3431
3140
3149
4411
20562
28865
8403
2692
20458
1543
14012
5725
5293
19263
11329
6721
12027
3761
9416
4615
6551
3343
7941
7965
9742
5715
25713
3813
3207
6612
4634
3718
5175
2474
16774
7463
10494
14954
9192
2935
1415
1829
9981
6110
2547
7950
21273
4662
18347
9727
6074
4434
9860
8204
10720
30693
779
5223
3989
9176
10733
2214
4326
7919
23764
13572
6292
8854
8850
4574
26248
11057
4593
9585
4291
14123
4481
8735
2024
5036
3539
5641
10730
4669
12320
34617
12659
8353
3622
8025
3597
4147
4750
12545
2140
3372
6958
6383
3862
5062
16107
7969
6607
2444
5610
2110
6627
9943
5031
5962
5774
1658
4146
3990
3272
4187
8058
1936
9434
4098
2973
2579
3594
2880
7863
5939
9371
8073
2956
5647
2104
996
8879
5798
4567
8873
6416
20663
7722
3127
29374
23642
8270
15855
5958
4731
5346
13570
4719
4276
5730
16855
5709
1584
7305
2060
1326
7199
4291
14794
31230
7180
18778
4863
7369
2964
6227
3819
1457
15625
4051
14909
15444
5239
6656
7223
5869
5463
25138
4059
17369
4284
3700
3042
9372
6343
3118
13061
6792
1665
2886
3299
8628
4611
2455
24148
28046
8074
14979
4483
21320
13160
6835
4090
4345
9182
3781
8241
3486
10501
7919
2435
11356
7104
4513
5200
19417
7087
2876
946
3231
12893
3613
5837
2355
13153
9686
2153
7160
15885
5723
15248
10032
2505
3611
3254
1290
2031
3073
6106
10960
1790
7213
6330
2274
5934
5707
13885
2382
4905
9653
11927
11228
4750
4102
6753
9062
2926
5535
3931
4070
4425
3570
5980
16992
7490
15861
12007
3321
5129
7711
4468
7590
18335
39865
11410
1867
11465
4221
23606
5685
3622
5637
14576
5522
2916
11205
6148
5269
9766
6222
4972
4624
3894
5985
2176
3866
4756
10524
4246
8956
11614
10637
4665
4764
6417
6176
5073
7866
12360
4405
3599
4588
5594
3506
6604
7280
6812
5256
1969
9504
4175
2390
4267
2703
10272
4180
9437
15592
4277
7526
7535
3534
5375
13063
6089
10316
6278
16404
21032
7889
15263
23399
9258
2732
6442
12137
5945
4174
3775
3409
4491
1396
4444
5347
5245
7918
6872
8954
2026
25624
9578
4732
3734
895
3314
5089
16184
2068
2035
12201
8006
8629
3438
4986
2812
1798
3256
4220
1683
17675
7445
2885
1825
1348
9112
1987
2588
17733
2951
7490
1485
9191
9526
3033
2991
31511
5570
4672
3363
4437
7714
6608
8288
24412
7463
6575
6864
8030
14452
4296
4619
7528
15206
6364
18793
3514
2598
694
2124
10092
5861
3200
23266
20482
3527
9888
6728
5189
24351
6312
9577
4182
2823
6621
1351
2256
8267
4749
5154
4725
18152
16074
5463
3871
9391
6719
7770
12146
3210
5925
1048
10784
17179
2007
8015
23023
5518
6469
4213
2141
2798
9178
2764
2246
7760
2947
7911
1037
1363
5821
2484
21021
4674
5926
10407
6605
3378
1848
13205
12723
5515
3152
5275
2582
6978
5246
18264
11207
4204
15055
17953
3393
1584
3094
1979
3114
28646
7486
5256
9105
3844
15944
20605
19659
3683
4159
3779
8163
1255
7386
11850
6450
19087
2599
7141
4437
2686
7665
7271
8890
4494
7575
17500
10404
2901
10871
7089
3774
25502
4164
3121
5387
3745
4264
15839
5279
8919
6795
3045
6550
1658
4455
5685
3407
4170
8257
2205
6775
11544
12726
4410
7140
7535
4017
8124
3431
11957
9765
3244
4298
13730
4776
21950
6565
5263
5038
4924
6834
2025
18991
8534
2145
2217
7930
6688
4425
7437
2644
2759
1334
14018
4553
3638
10778
12338
2323
18409
3526
3782
5155
5268
3833
10773
8576
10177
10668
8826
12704
24211
3238
3545
2642
6142
9931
8523
10407
10193
5416
2601
2165
6057
15599
6323
20434
2787
6871
2100
10289
3892
4037
3313
4884
16718
4276
2542
6877
1769
3398
10019
4499
6219
9196
5455
4660
7732
3120
1635
3802
4145
5657
6738
4380
7722
6837
3967
2631
12593
17037
8122
4866
11761
3566
10864
25644
9130
3971
5757
14800
4295
19109
10303
17696
29567
7721
7318
8538
4646
3967
2624
5978
6179
2146
12132
11411
5918
3187
7196
5497
4058
16267
16659
10388
8442
5237
2821
5941
7870
9912
8480
2129
2886
3828
4075
11347
10145
6142
13436
4561
2545
3949
4769
2143
9105
12253
2905
2840
2748
29824
4246
5706
20575
8779
9723
4028
3328
4617
3982
7298
741
4978
9127
10658
5542
14775
16924
2862
1654
2284
5110
3821
4185
2853
2069
6259
6627
2862
6997
4664
4205
10866
4486
17084
5616
2672
8147
3505
7868
2779
10949
3660
8669
7203
7282
12280
4880
4243
11952
2396
3139
9282
8539
4437
5773
4009
5215
2151
9249
13953
5065
3001
5254
4680
3102
1770
2281
9593
5275
1427
8192
7472
3089
3555
15208
2141
4465
3938
3322
3941
4514
5420
2732
2975
6240
4483
8716
14774
3336
10125
4237
2658
2661
1807
3035
6963
12404
7081
9931
5834
10451
13929
5524
4263
2851
5379
7722
4995
5813
9953
18968
2837
7198
2837
6325
18222
5300
19630
4941
12525
2670
5117
3698
9819
25149
3409
11499
3047
7575
10471
9095
15768
5734
4465
5494
7746
5328
9997
4738
4625
12545
1671
3533
5916
14722
5267
14300
3417
19651
12964
4285
2519
11410
8063
12647
13577
5388
5549
4104
7448
10640
5593
10128
2297
12780
12970
2141
9288
15177
4035
15370
5694
4595
12314
12575
2578
4971
4457
3150
7027
6958
9242
10407
13244
9280
3064
3065
12515
1939
16172
4940
40224
5160
2615
7274
21650
7384
13523
4263
9884
11169
10970
8921
5129
5400
6560
8267
4464
9472
8742
2197
13258
5134
7656
1821
15443
1952
2090
8614
3762
13003
2229
4764
2129
8954
8082
11918
28075
4994
5124
12264
1616
4377
9130
4485
14781
3479
7857
11113
4166
10202
7279
6418
7194
2676
1454
7642
11306
3641
3598
5316
26451
6750
11582
3643
3114
2581
1366
3941
4696
12060
2862
6584
7755
4025
6919
11145
17903
2713
6106
3813
8399
14496
6253
13150
7796
4652
24255
4243
3733
2962
7933
4435
2628
11032
10577
3897
18305
5979
3144
12175
12012
9227
14295
4320
13875
28709
3777
9455
8710
4174
3696
15408
3428
3619
21291
2085
2163
5692
6829
5307
2985
5132
3187
8193
8197
3536
16239
4619
9063
24935
23749
5045
3669
6682
7715
13178
2105
3838
1825
13032
4266
2744
3791
4865
6451
11941
3919
9569
4546
11222
3352
1938
8071
10509
14944
7607
12624
2958
5405
20095
7379
2856
22711
11664
4732
12011
5907
9644
26488
19160
3672
8789
3039
1657
4441
2251
2728
22683
1936
7766
8936
1746
1101
7619
5428
9666
9101
7596
2904
3377
6971
9504
6864
5094
11525
9464
30410
6988
6063
12447
3099
15144
7495
6684
2551
8174
3269
12541
24556
2357
1717
5270
9019
6137
7640
8831
4604
3255
2639
3277
4016
3906
14212
1278
3589
3229
12177
7986
3741
3680
4268
3791
2778
12264
1999
10392
6025
5609
8520
6696
1198
8676
22191
3665
1217
2173
4186
3522
6477
3333
15647
11633
4093
14192
8670
8388
5297
4599
16545
4679
10185
5313
10477
6416
4629
8169
22055
14855
3353
12449
33226
14379
9286
14830
3320
8885
9218
9072
7957
2035
6680
14048
8779
4882
7119
9315
5630
23541
5859
9722
1478
17894
2144
10982
1891
6001
2047
7462
3859
2837
14183
15168
6709
7059
6827
2054
10440
3521
12498
5186
12821
40404
6328
2225
6147
10774
5730
2169
7573
6766
5714
14562
5848
6781
9738
8744
9298
1514
4539
11013
4677
15229
1884
5367
3338
16225
2086
2768
11947
2392
2699
12727
2269
6547
5647
2329
7244
8650
13313
5553
7417
11781
6653
5787
3166
1275
13408
7542
26556
3965
24206
8468
8122
6750
3557
8043
13130
9444
20281
17445
13299
2698
3826
16170
4411
18102
6739
11390
2538
2436
9357
1600
7340
5557
14866
10833
4089
2304
7411
40199
18915
12595
3197
4122
9701
5220
2290
5831
6142
4788
7168
3511
3584
18079
4441
10654
4919
15663
5388
1825
7486
1831
17341
2142
7336
7154
4327
5063
7380
9534
8205
3434
3194
15041
8657
1888
17020
4980
3912
4842
7444
3104
6486
4030
7884
22795
3338
4769
13182
13069
4364
10964
20772
2193
3518
9038
8136
8625
11544
8496
6963
7577
15399
3847
8340
3183
16490
3673
26201
1566
4143
9173
8414
2199
2573
10837
7042
3427
4498
15084
3593
4116
2170
3596
4055
2902
4613
2304
6048
9004
20902
4776
2699
14144
3721
12577
6487
9950
5360
5330
3475
10947
5688
7103
2222
5901
12683
2778
10331
15219
6245
3166
4968
10678
5401
9106
6022
3570
31753
2007
26706
7970
8340
4532
2728
11166
11999
2544
3501
12693
20788
2159
22253
9129
8126
12451
4343
3741
7972
8217
4698
10559
15362
16124
6517
5361
7030
3805
10313
5365
8637
2110
1861
13672
20501
3091
7256
4124
5557
1870
8726
20715
7285
5303
8362
5325
8523
5213
4582
8042
5928
7468
12886
10236
7262
11039
4796
17930
2144
7032
20840
11372
7108
7144
2773
9879
9206
5481
3436
8534
14408
4521
13739
32337
50273
12088
5856
3092
7110
5639
8060
3039
20513
4509
8098
6364
1901
5141
10869
3439
5905
2863
3754
14312
5540
6548
5425
18030
2692
3840
3009
11184
8939
7952
22098
11075
10093
14725
9731
2748
1966
10550
5690
1822
2065
5533
2749
10431
3855
2899
10748
8609
5218
6207
9752
16591
5118
20403
19808
15991
4607
6307
7461
6374
2331
33274
2769
8829
5286
7559
2914
8867
11488
8611
12538
2456
8061
2480
7126
4021
1700
18419
6346
14487
4426
5877
1248
9617
12792
15777
12478
14353
3735
2262
3947
1485
14487
7071
2289
5752
13232
4643
19296
11338
5836
15732
5364
15679
7862
17943
4882
2097
7455
1346
5386
15860
6132
3768
3627
6013
11003
20654
7856
23094
8512
3499
10329
10059
6690
13055
2712
8396
4076
9870
8152
2842
4232
5663
2598
6093
23042
7248
3958
7305
32247
5780
4096
16000
5761
16214
14871
3211
5328
7808
3812
10418
17887
3786
4860
1962
8555
4325
11405
5737
19400
2331
9949
2310
3669
6796
3425
4216
5411
7858
18380
9713
12673
13372
19520
5044
7222
9702
4229
6621
4218
8685
6569
14451
8532
4475
5223
2077
4927
6517
6100
15011
8310
23328
3877
5960
21347
5977
1906
7011
21924
13282
14843
5408
2433
3457
4607
37957
19901
9060
11670
5823
8582
1895
8860
3459
12285
6490
6640
5131
9094
22747
2417
8352
11907
17809
17437
1677
9690
4918
17750
6211
5607
4103
10752
13449
9620
10362
7525
13295
22143
9367
16158
2151
6418
12299
2260
6805
5252
8646
2779
6653
6219
4155
2925
8812
5291
6534
4420
4629
12919
4106
9132
12095
2380
10832
2559
15240
4316
2303
3732
8432
5462
8397
2191
7864
2315
7769
5272
7626
3259
6257
1915
3000
7392
7238
4866
17330
2600
2885
8617
15517
14493
14807
5072
5971
2916
5353
9006
5086
20101
2005
3719
725
930
1594
2891
17208
3685
5991
3965
12599
3277
10580
8521
5899
20688
8323
6634
8378
5587
10639
10113
4726
3734
4544
12084
13399
9704
4574
6892
4474
4831
2067
9326
2363
21617
20600
11469
6496
12885
2985
14244
21530
9423
9951
9818
9466
9507
8170
2658
16625
8816
3132
5356
11183
3812
7573
4090
4854
6769
5111
2869
10751
1770
7243
15215
3663
7853
5511
3558
7870
1894
11249
7642
4874
4751
9897
5375
15575
8891
3001
9273
4232
3364
3133
5304
11049
5352
4729
963
3027
9091
6308
6654
6419
9425
5227
9124
4879
5183
19754
18691
2952
5679
13482
15732
3495
4599
7695
3140
14587
6371
2880
6706
14502
9841
11137
10263
2019
16593
9243
3025
14892
7170
7554
17498
4384
3648
3996
2279
12331
4541
8721
7516
1543
13140
5633
9901
8944
3997
6458
5102
25022
5946
13662
5799
14716
9629
3507
9765
20032
4530
7009
1404
10591
3353
18231
6541
3804
3535
2671
3965
6205
1184
2712
2850
9964
7004
7949
8268
9231
21016
18753
2756
3815
6009
12771
25874
6656
2813
3177
2107
5424
8344
2815
4350
4551
15884
1454
4713
18881
14031
13309
18842
15133
10835
10176
2303
29754
5703
3303
2038
10492
3359
5135
2796
12060
12314
4272
4999
12490
11562
25775
1958
9499
5632
10731
3578
9343
4409
11879
3977
805
5548
3023
8083
13128
11615
9000
4111
5417
7110
12995
4089
10831
4950
4892
10296
3642
8175
9310
19089
3099
10802
5842
4770
20040
4844
15494
14256
2978
2974
6701
16591
1156
11800
5864
4954
8566
3946
3188
3214
7805
8178
14014
10335
13758
5295
3605
7721
11675
12516
1713
5987
5192
3261
3194
4515
10938
7763
6583
9366
11881
2844
5870
9376
5447
3135
6482
12510
2575
5018
3383
2197
8064
11610
5116
4429
8468
18314
21750
1843
14194
3243
4897
6061
5629
6906
4736
2132
27819
2497
7011
4520
10308
17183
3929
8247
3391
8019
3996
1922
1993
3792
10847
11004
3503
10125
16384
3010
11731
2140
7276
2351
13267
5552
4796
2322
3844
9193
4290
5237
7479
3395
646
12573
10077
8437
1746
6382
2555
25522
3099
9758
3283
20517
2125
9744
3653
10274
20888
3167
5774
8479
2301
13133
3087
9717
8621
7188
6985
15877
7645
4930
3703
4301
11462
2100
11449
6740
13250
4512
10186
4175
5302
9683
5364
17777
5284
6133
10530
33972
6557
3739
2834
4782
11796
3753
8302
2336
5642
1982
9394
3492
4508
11645
10103
7580
10938
9598
6346
2462
17455
1633
8834
7065
2421
1071
5614
1539
11249
3881
8408
3863
8016
1307
3190
8298
11407
4885
8590
11632
10337
2750
2203
13399
8663
8869
6761
7136
10202
2551
2390
5362
3740
7582
46573
6350
3288
4420
5249
6976
25063
4255
4516
4401
5420
10479
7171
11953
7515
9365
7405
8292
5742
7708
2166
1689
5159
2425
2854
11984
3267
4677
8681
12141
3743
15513
7024
7001
5210
8217
6921
2330
4508
3119
2503
3048
7121
9872
12345
5896
2100
3696
11001
8375
8878
4649
12151
4873
5282
17188
14858
6612
6536
2249
5043
7102
2384
7617
14007
5738
14845
2656
29568
11569
2268
9759
3920
12521
2277
5099
12822
12748
2297
3373
5388
9076
6385
11495
3989
10271
8213
2799
2411
3655
6702
3731
4189
5505
3928
4350
3440
14974
3413
1287
8216
5108
4800
12664
8027
7188
4097
6409
22179
6113
8921
6256
8895
4803
9969
14613
15238
21918
27296
1990
10530
2076
2205
8177
3165
6511
9087
4763
3251
1894
4639
8819
1808
3261
17849
26457
11433
5881
9389
7390
4779
4847
11178
3236
1611
13097
4435
9253
2974
6819
3189
12251
1833
4226
7778
9998
3349
6864
15852
11793
4680
6475
13155
12158
24329
9026
2981
2117
4050
5751
16063
5470
2665
5218
1861
16517
5122
2520
4401
34886
4158
7318
4059
4238
4624
2538
3226
3909
24885
32531
19253
14481
2777
5774
5666
6163
4085
11885
4731
4822
4860
5042
