5314
6350
7473
19875
11616
3260
4976
11614
21317
4389
9896
12529
2536
1324
4313
7424
3149
4117
3259
8870
3855
2780
6445
4676
3528
8485
3190
1601
23645
13133
7695
11344
3054
4150
4117
30221
4750
14943
2049
3790
2429
12049
9295
30506
19131
3855
5968
6153
8680
4643
9920
2070
6018
16855
7775
11471
6464
12933
11882
5235
5236
5680
9838
3185
3196
8402
3175
10212
5190
13883
9034
2578
3747
4939
2670
7574
8429
22923
11010
4471
3551
7856
16403
1902
10743
8233
13410
8234
1204
8140
2414
7124
2587
12188
11373
7048
10609
5094
4672
7340
3216
2390
1332
5570
2568
6954
7500
4443
7011
15353
10278
3586
2724
4906
9639
1614
18967
12822
14764
21220
20191
14399
5747
4356
2295
5161
1528
5277
1472
5748
1645
2844
4502
3850
3300
5914
7124
13292
2181
4822
22570
7879
6909
4057
4028
6576
9709
6480
11203
7407
13072
8005
5578
4170
8429
5011
1247
11261
1384
3047
13263
3779
29323
2886
9858
2059
17926
11470
13526
7412
2940
11730
9023
14825
8266
5969
3683
5281
3361
7943
7785
3618
3217
2362
7229
2828
3082
13035
8047
12591
10708
13746
4542
6215
3418
3019
6310
7491
10876
4064
13745
2236
16003
2802
22848
5145
9071
4314
8739
4777
5550
16888
21499
4070
3858
6319
16764
3638
4937
15262
2751
3668
2052
5321
5380
2788
12543
9193
12668
1647
3803
2055
4048
5651
5411
1564
13893
4099
8438
8174
7252
4331
4390
9572
6043
2854
5883
1496
3697
3641
30776
2128
5440
3143
7462
21213
14776
11152
11047
6415
13295
13461
5053
13335
13944
2673
10026
8691
18476
8301
7345
13169
7205
13020
3818
12845
5383
2483
4341
23608
3377
1624
4258
5351
3722
14841
4208
2822
2450
2734
11545
2689
11083
12978
4559
4232
6486
4482
9519
10044
9841
4555
8190
1638
1938
2327
7729
5712
1657
16969
6022
5557
21003
2628
15801
5779
8953
10206
4968
5768
16639
3498
4995
7697
5057
4742
23164
10360
16055
2284
6835
6308
12529
5072
3802
11032
6160
7926
3564
6705
15240
5435
7788
27529
14488
2373
3033
8464
6444
24710
12310
7125
1422
5531
3089
9776
4294
3315
4875
1529
18360
6713
11723
5147
17379
3745
3750
3225
3672
7498
8754
4131
5652
2926
5891
2821
11152
12007
3793
14310
21571
8509
2925
4998
8699
15145
7894
5702
14090
9506
8239
2391
19212
3663
9621
10433
3255
5063
1991
2949
12937
3504
3346
9187
4808
5105
4703
2802
5724
4146
6786
13965
4289
5206
3950
2657
1095
7743
23451
8864
9048
4534
7275
3595
6170
11213
3271
3535
10078
9115
5868
11273
9601
4442
4722
1950
7012
4103
7476
3047
18318
9351
5093
4782
4647
8547
19472
8309
8029
4971
10639
4644
2569
31929
4077
7643
41252
16129
24346
3452
5785
26052
7520
17113
13907
1813
3482
3385
7140
1924
1436
5705
2216
4052
3136
3644
8793
4518
5630
6192
4958
7591
5456
3190
2019
13089
9898
8791
3312
4203
30246
5682
1217
11391
15016
6944
4324
4680
5369
3452
6204
2862
30911
14722
11965
9943
12749
5872
3768
6998
10065
3534
1400
13024
1914
6146
12475
13027
25720
3255
4343
6277
6224
17200
11528
6516
18749
3147
2338
27482
17643
2901
11836
17802
2616
9819
3548
4298
4603
7129
10987
1561
6243
7075
4585
5473
25989
3849
11656
2850
4087
5697
3004
7656
5452
4693
3561
3238
11882
5116
2401
13287
22503
3502
7700
8975
1383
3978
8305
3947
15881
9908
2734
4060
2630
3289
44602
7279
2788
33277
4390
7738
21953
13734
4083
5301
8112
4201
4366
6871
3193
4267
7350
9262
8274
26764
6639
8216
3327
1892
9534
5930
15737
6337
6973
4278
8645
34288
4133
16217
4836
1873
8965
12103
7866
1886
8270
3548
6318
2750
9521
3749
9869
8684
8208
1361
7520
5984
3091
6352
6368
21096
2992
10085
9324
3882
5225
7625
10043
15614
3133
5072
14398
6075
13848
10805
18931
9419
3438
13829
4780
8163
9636
21836
5504
3256
2594
6406
3621
4620
4846
4080
5525
20271
11316
5848
8497
8179
8664
5103
3023
11978
12078
3582
3767
8383
5810
8489
2852
23009
7068
8492
6501
5962
2652
6561
3224
16325
3891
8131
9162
15419
7357
8549
11463
1943
14782
3461
7154
3206
2707
5882
3830
3447
9247
2727
7773
3757
24705
5146
9318
12273
2870
5680
7935
6092
3595
14172
1871
3549
9885
2028
6834
2667
4888
6545
7280
2309
5017
7853
1192
3959
3866
9771
12013
14232
1746
1906
10713
5421
5526
6013
7686
2700
7736
4136
6959
5599
8499
12978
3722
18268
7236
16854
2979
8297
7737
6652
13858
7626
2444
6385
5039
9292
10207
10655
5633
7228
7316
2788
15527
8753
4248
7523
7506
3624
6847
15287
15329
1761
3096
5081
20998
32712
17321
4450
10755
2276
5104
3256
17424
4559
8316
7689
3378
5993
4299
3616
9028
5165
8269
3707
2315
13281
21656
4552
10225
4605
4012
14353
2230
2496
3352
25071
8128
1112
5863
4054
5757
13358
4372
3021
3566
2548
7922
21076
14051
1737
5777
4587
1422
5027
2555
6023
5908
3520
11053
5859
3362
2543
14644
8658
6116
2595
1928
7899
3334
11214
3256
2336
4216
18531
4671
12916
8990
9188
6172
13547
3131
3287
2247
5654
3478
3229
7447
3129
4856
4632
14722
6066
12964
10328
2397
2096
17325
8448
1785
5401
7641
2955
6618
3490
13248
3105
8851
3244
8968
3445
7742
2494
6689
5004
7622
4091
6437
1633
12846
13265
2791
5788
10620
5536
9668
5407
5659
11505
7462
5748
22806
14391
8034
9989
17886
8357
17403
7811
1210
8619
4503
14376
14283
4625
2486
1768
2937
8247
10668
4674
15929
4819
15034
3132
12864
4925
5946
6033
5552
8262
14957
3301
5105
20332
23023
8594
4104
3741
3051
958
1096
3799
7279
10327
6654
3484
4913
3898
7103
22535
3910
5786
18943
16941
10057
4967
6177
2889
9161
3609
1426
24277
9688
3731
1946
2795
9854
4987
34578
5227
7355
2774
8394
22025
5646
3827
1780
8577
17742
13115
5220
3243
2467
8496
2556
2475
11679
7344
5547
8960
34236
17791
4143
7018
8178
1865
1614
13966
4377
3219
2549
3068
6191
7504
5484
9174
2817
11763
3616
1921
2018
9449
11741
3840
4945
3486
8236
6240
1717
5946
2608
5902
6604
5867
19964
4517
4685
4397
19099
2236
26276
9043
2620
12866
2748
2672
3290
5798
6560
3372
5778
9825
4402
4107
11668
4152
4409
6794
1839
10575
24438
2541
16877
4544
5173
12122
4734
7927
4155
9578
3843
4740
5483
5919
4100
3866
7676
3867
17452
4091
5894
3127
16447
6176
4616
5344
30838
8574
3004
2274
21252
21664
4867
6487
5866
4680
2411
6933
8068
18049
4528
7696
6473
2706
8486
24780
5130
4512
9106
5736
6121
5404
5084
8139
2367
4958
7571
3280
4074
14926
4122
10010
2652
4664
7586
1734
4541
2926
4624
3408
14490
4794
4136
2794
12425
2819
4828
1578
17087
4060
9452
41489
7632
2583
22132
5780
4462
4279
2457
7817
10226
2238
1228
6793
8109
10005
7645
3536
5457
1613
12498
3547
15163
5547
4125
8162
7230
2782
7370
3281
5475
12484
8059
3085
4276
1975
10348
1412
10610
5835
1390
6535
3171
6631
5986
2808
27440
8942
15608
7718
4569
11236
9124
11233
1850
10904
4560
8554
1351
4334
3932
4250
8938
2642
6007
12719
11942
3578
7373
10385
7861
4332
1511
5407
27058
7639
1718
12861
9104
6385
5668
16682
4029
5395
5359
17018
20533
3095
4150
6094
3011
10623
15015
3793
10054
4086
2932
3928
4965
6335
9852
9056
2610
10239
2051
12674
6853
3640
10204
4500
9173
7055
2917
9679
6254
4766
8156
12364
2314
4177
5053
7130
2860
3955
2968
6634
17704
4803
2497
9161
10565
13878
7387
11145
15724
3445
3760
9142
14135
4633
8208
1625
4450
7085
14029
8997
3676
15736
5284
20718
20000
11347
6518
2280
5057
8084
8195
3442
10131
3734
1472
8738
6413
5855
3675
6663
13019
2467
5924
1564
6174
6279
11227
19451
3099
6299
3238
12554
12543
2563
2114
3267
7306
8073
5765
7946
6755
7144
6659
4464
4762
1983
6597
2175
5549
6655
11345
3793
3801
32332
26616
5457
12284
22108
9039
6407
12960
4189
5151
2607
3197
15398
26615
9666
4915
4809
7509
7634
6186
3899
6344
1621
2037
12062
5503
9510
8210
5919
22450
1888
5414
5824
5471
15578
9181
2531
7437
5005
39517
5585
4129
12635
10689
11849
5722
3413
5273
16051
7486
10845
2565
3184
5727
4053
8173
4825
9076
2147
14754
10894
14128
17250
4677
4578
1369
15059
5762
9082
2736
3454
1173
3355
7601
4742
18425
9295
14564
20182
3880
12182
17755
13468
3077
2915
7557
2767
2678
1385
13678
5719
4790
5475
17989
8883
3638
6063
10596
4294
6195
8366
6362
5456
1779
5353
19699
18999
9708
4687
33580
4843
5119
24919
17221
6009
14263
4308
10435
9225
1370
14938
6654
5277
7879
2419
3847
18335
12235
4689
13064
3507
18290
7847
4739
7713
16288
20304
3720
16823
3176
9630
13060
2170
3996
3918
5698
10288
4060
9754
8252
13204
1796
5651
10696
3074
3284
10120
9585
16934
2930
11776
1802
19015
10073
16401
2502
8362
7103
7914
9280
5088
5070
8724
3523
3350
5229
1711
6354
2745
4908
17752
2095
15002
3154
4491
7314
16571
5380
5711
6410
5326
11341
17088
2626
5732
8448
7854
1483
36107
11378
18699
7077
11382
13861
5697
5552
10935
11914
11256
9158
3454
6402
2813
8192
21735
5630
9824
4289
4332
6527
6477
3397
2428
2272
7494
3126
1704
1470
2050
9907
15685
3928
5550
17010
7712
13868
17144
8986
9742
1681
1183
8191
22321
5946
12800
15375
4521
11078
5775
2896
4798
16066
2201
22243
22326
7412
10572
11795
9106
7071
10356
2868
32315
4729
10661
7896
8510
2191
9657
3665
8043
11254
9623
1817
6629
6996
7237
8222
22020
2866
6621
3713
8731
17697
8547
3650
3255
4749
4707
4277
3597
7417
5234
4168
1587
7245
2582
4955
7108
9067
4079
7415
3173
13231
4751
3263
7162
4291
5001
2193
6046
7461
3498
3204
6387
2630
1941
2248
3611
15153
15361
16569
6858
7381
1571
3214
17097
9844
7824
12702
34074
1368
5476
3840
1448
4550
2063
1991
1945
8868
21004
15141
13500
15447
12236
5744
7178
7637
9054
2370
19776
3839
7003
9400
6395
8404
2375
2324
5677
13348
4447
2446
8399
11173
5056
3374
2364
6713
8946
2976
5221
4376
4403
18206
8139
9567
9646
6194
16116
5297
4643
3689
6830
2558
3017
7409
15322
8636
5324
6280
8973
2787
3774
5263
9091
5122
8387
12669
9353
4692
21655
7610
1641
5131
8567
34076
7051
4167
1587
5803
7933
2686
2802
12459
7772
13509
14088
8205
4298
4360
6248
5853
8179
3649
5498
10875
5078
26041
3194
7002
12557
15029
15316
6631
8044
8704
12462
7688
24257
3498
2733
9318
3354
6450
30617
1233
5952
14550
9261
3023
2572
3211
6811
21575
28512
7314
4702
6414
3020
3698
11173
9966
6812
7185
9144
1304
1620
7654
9189
13067
2490
6083
6319
4391
10400
4194
2970
4822
2770
15370
4331
11419
2660
3792
12023
1833
11416
8379
7534
11423
3778
12730
10100
29612
23037
6582
9027
4417
4385
4825
8607
6450
12588
3931
4291
2086
16294
1967
6040
5541
5276
4503
14724
5604
2345
3127
1975
21062
2827
10547
12320
6437
4087
5771
9912
4050
8297
8549
4325
4334
7216
1742
1552
9048
2515
9094
9974
3160
2903
5094
7499
5291
10268
2920
3330
2393
3140
4979
3287
6531
3681
2728
5776
5546
2949
11981
13042
2260
12855
5555
4397
11223
12522
6431
8903
6154
3484
9437
6374
15436
4350
1654
2604
6833
11260
3321
5744
3638
7000
4427
9455
12581
4837
10293
8608
8745
5284
5725
2602
1881
2387
2898
4762
3792
13613
2647
9657
3948
5281
10187
1768
9422
13978
8943
13030
9313
3240
21673
7752
4717
2325
9988
10237
4983
1953
4873
14504
2046
3200
10867
6152
1788
17306
4889
4923
1315
5671
3086
5572
5383
4993
10145
4203
5029
5365
2870
13036
5584
9079
5022
7971
8033
4438
10092
8795
6604
4627
9904
9889
23631
5945
3067
7178
5382
10577
1365
6913
5215
5575
4022
3879
8966
3362
3906
1504
5969
4698
3846
14597
16167
20080
17340
5788
5424
3787
10228
15959
7928
10192
10508
10387
6269
15015
3226
9305
8561
7196
9687
1156
4958
4783
13266
13647
8415
5790
3710
9479
4604
16286
17051
3843
7105
5903
6633
7609
12686
6104
6634
7637
21031
4330
8925
3369
7032
2530
18797
9117
7735
22836
5457
6533
2610
4257
3881
14488
6117
4047
10454
3355
1522
3205
9396
10647
7830
3917
10759
11350
3077
10656
7195
7905
3498
6164
8416
17613
8102
6179
7095
2790
6836
14243
2307
10150
2581
7641
5397
4300
4731
5380
5421
14453
5367
13019
3763
17839
14415
2694
3965
2818
5367
16285
3257
12086
2603
5696
5663
6891
6708
3793
8745
3825
7116
4870
6520
9215
7574
8938
28192
5319
6273
5119
6620
6919
12126
1984
1772
2844
1917
4422
5252
7711
2540
1664
2055
2164
2608
3281
2690
26419
8000
3073
1903
17639
8014
5147
5550
1832
1022
3207
14487
14268
3617
2203
1465
4400
1530
3373
4464
9963
3667
20622
9354
6865
1700
1612
4833
8294
7086
4692
21369
2703
6614
10700
4157
13838
8110
2251
9727
10228
6173
3924
9062
6166
5238
6139
15414
2773
2993
19986
1896
16409
7770
6908
23072
4395
3682
6922
3979
3579
6190
20977
9070
11652
2203
6592
1781
12382
10432
3978
4257
3298
5890
9402
3967
5840
3112
2645
4391
20123
9294
5455
2838
5913
6494
2060
9580
12168
20795
11802
2494
19342
5223
2393
7494
10640
7237
8225
2376
4900
2266
7545
1419
2259
5699
3353
24576
13505
8209
5831
3763
26099
5500
10897
9697
3075
4868
7700
9355
12912
2446
7802
13201
12611
8220
8022
7984
35034
15967
21131
2046
3760
4626
4767
4524
12821
4039
13592
6165
13723
5444
5405
10007
5469
5991
8740
8634
18479
7016
6760
6728
6743
3385
15828
5104
10620
4516
8171
8068
5213
7199
4241
6184
5545
2819
19408
19759
5098
3181
3811
5601
4636
7467
4399
26712
2979
3350
15893
6522
5248
3128
8095
11082
7663
7536
7734
2151
3134
9273
10334
3239
4703
14120
6007
10315
6355
3608
5455
15297
4611
4370
1194
7005
4549
3095
2074
5760
7690
6363
5965
8497
7575
6136
2964
18541
6015
12664
3904
4122
4196
25076
5536
18711
6142
3032
17263
7077
10679
20489
11139
9273
4691
5984
7445
12675
9093
13245
5876
8062
10826
11375
5605
2546
22899
5687
3296
2357
2325
5792
2502
5250
3506
3701
10558
4969
18240
3106
7335
9014
32443
7202
3278
7034
1620
7967
8930
19431
4749
20135
9389
4785
4684
6958
1682
1801
9485
2821
3764
5130
1574
7932
5715
3724
11421
6045
3832
6171
6487
3923
1503
2885
6288
16153
4323
16924
16205
9929
10124
14274
8735
5033
13235
2597
11914
10556
9782
20726
4161
33583
5884
15921
10303
2383
9860
5227
6280
5433
14550
1465
6624
7438
4991
15003
7340
5965
5841
2539
3611
2512
2592
16462
5466
9075
5665
3975
7428
14391
3022
1465
6206
9180
1778
5995
18138
8487
2908
7943
20016
2972
5951
3988
11241
9937
31622
2467
13889
17028
8725
4433
13582
3821
5312
15784
7993
4497
1766
8744
15856
12976
1442
2949
1414
6391
1524
1789
7754
5789
5942
4390
3252
6783
14160
14177
14353
10252
11220
7879
6196
12509
8837
6684
7189
5336
4869
4188
3108
4276
3299
7832
11698
9838
1883
4048
3357
3019
22895
11219
1523
11286
12682
7762
8649
2915
7482
8677
3542
3062
20008
4491
20142
5953
5988
2763
3076
13027
4417
12135
5879
15755
2636
16773
3902
1725
9372
9421
3443
15111
27422
15273
4735
7619
9355
4704
3410
3265
15121
15036
2626
11232
3156
1310
8470
22391
7995
3165
5922
16446
3484
3800
1898
3419
2531
5870
3579
2322
2032
7179
4949
8834
14407
14164
3707
15737
8730
11629
4093
3567
17200
9986
10212
11588
16832
10245
11565
45670
7494
6886
13398
15221
4616
2112
21047
10066
5253
9923
5662
11457
12810
3140
16390
8110
2600
8749
10637
11882
6886
3581
9577
2641
14787
1970
13556
13030
5603
2593
13129
6746
7627
4314
5173
8446
3822
2727
7748
12591
2468
4892
5642
11784
5057
11730
6011
2031
7310
3522
2645
10416
3957
6562
4632
8710
16573
7655
4459
3043
15924
5612
5258
4194
1630
2069
6205
5884
2750
8873
4995
13824
1158
15412
2728
4602
10671
43231
10720
3104
6947
12243
2205
7443
3707
2178
5417
4118
7007
9857
4300
3289
1888
6750
2256
8742
2974
4659
1967
9684
1902
4899
9655
3994
7105
10838
16304
7142
4650
5790
8563
18178
3935
10756
2024
4651
4152
13975
13230
5883
1271
3419
5435
6410
5503
6645
6687
3983
7017
3034
6172
14019
6945
10830
9231
8455
3773
11490
5260
10450
15006
12411
3147
4986
13581
6572
6362
8557
21746
1816
4824
3491
11216
2919
13828
19302
20445
6598
5560
9865
11094
10862
8174
6485
5931
28459
10170
9252
11805
6546
2349
6995
6680
2869
9553
10829
9427
3663
16928
8595
5474
9903
3721
6516
6856
15442
4666
21462
13524
5119
29319
3215
11680
3409
3564
11196
1997
4510
10506
3343
17695
3452
9361
5169
16450
9771
5534
7191
13970
8606
1332
3271
7824
7746
2695
5063
5349
6676
5100
2835
2861
6800
10497
2605
4207
12304
5572
4544
12652
9277
4007
4760
2846
3743
2739
6228
4384
1555
15372
5920
12070
21011
6844
4271
2638
2165
8132
13520
8275
4262
7227
4480
5632
8915
7537
7844
2970
13436
6305
3137
3601
1992
5732
1661
5092
14285
9556
6504
3282
18884
29228
4872
8300
6526
4056
2797
12245
5484
4797
4015
30348
19632
10441
4101
7041
4266
5262
13358
8000
4006
3985
15991
4229
5729
5667
3201
2122
3727
24717
4511
4003
10124
7699
10396
5094
2737
8742
3881
8662
5081
7197
5398
20820
7893
5098
8148
6279
12338
15835
2080
12620
4424
3814
15416
10678
2094
6944
4036
11201
7268
1872
46874
8154
3855
11916
6572
19386
1443
12631
11090
10249
4258
4625
9280
12310
18707
12601
5953
4467
7074
6948
5314
1992
29930
5877
6344
8017
5079
2140
2685
15391
2174
3711
2377
1001
3506
1165
6855
2485
4682
16250
5013
1652
10867
5341
2555
1155
7369
5601
13239
4344
2895
26745
17010
8590
24249
3366
6570
3109
6623
3431
2044
14389
1604
4990
3986
3572
2867
4157
5892
16633
7410
8538
12462
3549
3029
7044
27589
15752
1674
12178
2666
18416
2741
6521
3342
3496
1134
5747
4201
3692
4041
7558
15994
2612
5959
3328
4650
5269
12310
3044
6642
14979
4290
4748
8189
14675
20041
11900
12734
4439
5705
6871
23049
3195
22792
8219
5799
1666
11032
2740
1700
22776
25342
18346
2767
9376
24635
9817
5015
6858
4995
9277
2480
2357
6876
1529
1126
6527
4166
8223
3352
7846
23995
17706
4806
2343
10048
3345
23952
8547
5495
3095
9270
10675
4374
16356
19601
6216
21365
2967
4699
4202
6439
7280
7912
19706
5313
5586
1900
14138
6664
1858
4266
3519
15608
7178
16717
8957
3505
7087
13956
2397
2097
19109
6254
9020
5758
3923
6339
3413
10867
12770
11928
14060
5648
2475
6228
6035
8001
6721
5290
2924
2353
7610
6075
8301
13644
9184
3286
2327
5974
7930
5540
8810
1813
5796
2299
18131
2873
7151
9479
33691
7083
4653
15559
9815
20786
6197
9140
8899
4224
3659
2373
5697
2284
9388
11116
9935
7353
7880
5733
1303
7664
3474
4266
13851
2272
2859
3719
10974
3438
2084
4988
4682
19043
3823
9550
24005
8855
7970
7990
5628
10634
2157
1677
2354
2937
3532
2263
6401
4332
2061
4590
4305
32497
6313
5165
5103
10497
20216
1980
7643
2858
11282
8169
10115
15054
4008
11113
12357
9552
4907
3926
11129
2340
5738
5438
15462
33033
10058
10179
11290
2620
6407
25672
3623
18019
2908
1536
3099
8920
20456
9567
8227
4235
2993
5181
2194
2886
6438
2192
9558
4840
2584
4039
24611
9682
6861
13524
9425
3860
7432
4496
15095
11975
13607
6258
8748
4776
18724
7652
6069
9805
4682
6922
3701
9264
17905
5858
2957
2844
1493
14186
22723
7937
17233
6346
5432
3763
5483
3992
16991
2561
16361
1812
4942
4698
16716
4365
6494
18500
3460
3119
18056
20491
3069
3185
11522
3596
8699
13660
12958
20858
11595
8030
4029
7232
7545
15564
1756
3982
26538
9699
8594
18634
11716
2992
10890
16104
2559
3389
1000
2529
11460
2306
3625
9907
13866
12205
8182
3109
19015
6087
5906
2950
14736
10472
2421
2060
4873
2889
4227
9748
2291
6113
5953
1409
8943
16858
4975
3781
19680
3685
4730
21049
2963
5666
2433
12816
8702
9174
6155
11521
16870
8655
11995
5829
5118
2672
9022
5497
10560
8629
897
2486
13193
2113
14252
5670
8191
2043
4747
7440
2478
2642
4253
28588
16912
6021
16597
15192
7220
4428
2509
8117
3341
18514
1735
3472
5017
10803
5941
13499
4084
6390
4670
5854
9331
4763
11706
10660
4961
5451
4350
5221
9842
1590
16101
4020
6137
11704
24121
1440
7600
3830
3823
14387
4213
9254
18452
5923
9817
9252
3418
10502
5212
10436
5610
8862
3721
15197
13217
3625
4314
8893
5602
10442
2920
6780
7274
2921
7143
2635
5552
3882
4738
8337
1578
2068
1007
3919
3194
5445
5830
3050
15760
8530
1603
4954
5691
3737
12451
2679
30149
9658
9345
5462
13156
2899
8610
5818
5722
4591
9040
5723
9291
4324
5232
5541
3794
4345
2995
9681
6482
8551
2402
12908
4966
2805
2994
1932
6166
3628
5428
10021
6619
4593
2139
9743
8968
2166
10705
6264
2106
3662
7430
6473
36915
10743
16659
44393
8448
3518
4217
15287
2666
2500
3076
9866
2164
3040
3487
3449
1240
4334
2831
5081
9710
13808
8920
4775
2824
3984
12122
3031
2139
7252
9211
14535
6582
2566
9274
8495
1650
9249
13489
2979
10317
5643
4101
3841
9909
3544
11764
3374
12513
6736
11727
18941
2215
15071
7017
12864
4581
7124
9732
16934
5756
14601
7948
12261
2410
6272
9214
2867
7835
7915
19189
11926
6027
10194
1732
5056
4876
16015
5575
6702
4038
4434
33684
2383
13910
3705
4110
4541
6683
11224
6659
2459
10678
8081
13527
12982
3916
3762
9771
1984
4735
4526
6619
13744
8230
11611
4271
1799
1667
4035
5462
3084
4595
4351
9989
12862
10506
4024
17747
13886
1834
2728
1423
6729
5156
3443
6008
6717
6484
6726
14616
11241
9053
13069
2011
13918
11506
7895
20341
8744
6898
5575
9297
12089
6223
29405
22568
4677
13983
13541
5677
7778
4395
11290
16191
9237
21041
4933
4789
10898
20386
2831
12725
2189
12098
3024
7183
10161
20021
8781
13305
11165
8407
4595
5423
4075
8476
2978
4746
2529
4576
2991
2733
17747
6389
3715
15367
5798
5919
4106
21331
13458
3286
2957
3047
3584
12248
2071
6722
6039
1124
9940
8993
5956
18039
4846
6964
9575
15577
18320
8057
9446
5702
1500
4339
5624
11223
20248
1291
3063
4686
1256
4868
7663
5582
11664
5927
16621
14958
7502
4196
5942
7455
6887
9950
1534
11494
6012
2371
2372
13167
5010
21404
10213
7029
5879
17294
6782
4633
18877
10329
4217
3149
10031
11445
3038
25450
3289
8263
6718
9338
10559
3849
3456
3438
11001
11093
5991
10731
7092
3724
6617
1547
9307
7096
3303
16043
6340
4420
2681
2165
7671
13043
2936
12823
6681
2922
2778
14113
6301
15292
6196
4394
1897
9592
1213
6846
2327
7162
4850
2957
8666
1615
3762
1819
13327
4155
3384
5714
8989
1770
12453
3541
4476
2203
3854
7478
7855
19703
6406
8558
6814
2269
11667
5829
6212
5194
2569
2807
3576
7580
1898
10165
2846
2075
5489
8481
7652
5781
7091
9655
5962
5005
10204
6577
1321
10732
5152
6130
5647
6560
7612
6819
52102
6041
10896
8060
6377
12810
1752
7695
8149
18470
5549
9063
1834
10369
2484
5517
9748
2392
14744
4871
3066
2182
25507
3023
11711
36348
4174
2919
6833
3835
2033
7050
3242
11060
4919
6619
3453
4696
9793
2143
16289
2941
13430
30658
2282
5025
6537
7919
3129
6343
3693
6882
4017
5952
3646
10308
10856
7223
12612
3477
5535
5523
3113
2069
7221
6652
6104
7360
8646
8693
22133
2041
15149
14789
7233
1195
2870
31069
4041
3931
6689
11258
6557
13971
2991
7145
12592
7654
4702
4075
2801
5552
2153
3815
9319
4952
24084
2847
3114
2866
1733
21486
3917
6396
4054
13384
17286
6578
9635
2416
7575
3431
7455
14646
2321
12003
8253
2312
15656
2361
9004
4245
12739
5026
4617
14023
6196
20580
15513
2317
11197
25205
5917
3245
6047
11424
5243
6225
3202
1525
4848
6688
2465
3282
1602
4199
1752
2753
8073
1718
2222
14452
1770
5452
4397
2122
5056
4036
6476
13293
23046
4712
3821
8960
10257
4533
6749
3415
37488
8329
5202
13781
5099
2777
6325
1160
4413
9438
7453
2442
28127
13370
2705
4892
5890
3120
5267
13570
7800
12228
3884
7791
2459
7979
15952
2626
3178
2903
8017
3223
5425
12398
11223
4946
4014
4255
4954
6826
6276
16879
5116
3472
1260
14271
4773
6804
4965
4585
5794
10454
4688
11450
5839
28361
17146
2700
11159
10009
2772
5315
15993
9304
8324
2827
23195
4757
16257
13975
11570
9096
6378
7932
14140
32395
3259
3985
28437
13407
4425
2362
6225
12431
4697
11882
4898
5050
8137
5084
4465
6687
1364
9120
2527
13686
3062
2204
2561
2168
3023
1248
8894
2819
6936
6389
14074
14778
3375
2654
5201
17595
5054
6274
2973
6345
5093
5547
2144
2420
5453
6404
3557
1646
2765
17953
13847
28946
4660
5901
3851
5093
11369
2435
9021
19657
1159
9147
8110
5961
14890
10196
11672
3559
7167
5233
10062
3924
1057
2380
4414
8266
3612
7914
2863
12761
8178
14815
5879
9372
3003
20014
5035
5937
19529
4724
3417
23719
1779
10819
4966
7328
6777
19827
2154
19558
10172
20637
4966
9202
6796
1630
9693
3199
8813
7134
7702
5112
7185
5331
3546
8843
7503
13288
4421
6778
2143
10046
2347
4875
2458
2261
4640
14277
2316
5741
9003
10252
3316
14607
1873
5495
3079
2795
4987
22389
4528
7917
2650
4972
2917
21865
4302
1181
2246
8474
6401
29606
4121
10574
6722
4806
10592
8589
9929
8792
3313
7897
12437
16222
4806
1661
9612
3037
24973
6462
1571
10322
10386
5667
4308
8597
9766
4636
6741
5783
2126
1883
4538
2155
3657
16686
2409
7503
9818
19781
16050
11266
1590
1656
11734
6932
14543
1913
16306
5881
8734
5219
7805
4060
5865
1846
2392
4884
20951
5918
8525
9798
16596
10813
13884
4424
6131
5546
6953
16107
7244
16723
24377
4294
5136
8382
12903
5874
10287
2317
27057
4784
2830
10826
3846
5787
6364
6857
14639
5830
16520
3119
12371
14002
5554
22399
5180
2231
10979
7263
17064
5895
6671
11793
9672
4403
3341
5759
12421
10618
3770
10929
8049
8082
10543
14381
3848
3089
2196
8036
6516
10597
10754
8723
3619
1959
7626
7879
1734
4896
12352
3196
11459
14640
711
7271
15495
3723
7029
5584
13559
12645
2524
4109
4141
1490
4780
4588
866
3678
6853
6003
7011
7428
32753
9440
2390
6080
12864
47863
27804
12035
9075
2224
3749
3482
12362
12803
24503
28229
7860
3063
12861
3744
3922
4985
6798
9993
3851
5535
6658
3545
18117
5990
21841
1494
7504
1423
3600
3358
9041
2959
5928
6791
9866
20679
8091
2466
2151
3224
6573
17175
1634
2306
12434
10158
13846
21771
39574
7400
9999
6540
2924
12040
9588
5005
5213
4984
2224
10402
15610
18959
4973
9455
6076
2432
14180
7401
6124
17168
16929
13019
3231
16409
32553
3791
5299
5900
8326
7402
9712
8160
5002
10769
27278
8073
4880
5204
9680
4531
6852
4080
6050
5409
7246
3303
10334
29058
9691
6941
1695
9661
2953
2773
6435
3919
6488
5916
3406
5197
4790
18998
2084
3104
5892
3740
7199
7644
8308
23461
15822
13616
15002
25661
1701
12267
5642
3058
13487
4389
27075
25177
5024
4422
9437
13153
3102
2788
4934
10450
6430
13261
6749
3063
15923
3429
2637
14805
3958
36891
4526
7776
3537
4299
6245
13673
14967
7392
8526
4208
2362
7879
5306
16870
15798
5196
9352
4755
1629
1996
17877
5997
9065
5047
12302
8225
13349
2710
12691
8257
3336
4554
5090
2211
10779
6786
7059
8374
5689
4615
5817
4445
23223
9855
5172
1625
9935
3766
6155
14731
3102
22281
2650
13807
2224
2069
3003
873
4860
3565
4575
7162
5177
5434
7543
10452
3171
4519
3351
15824
3304
2017
11131
5822
6294
9117
9500
10282
12925
2917
7699
7189
10422
13234
8324
2758
11438
6316
20878
8239
24353
16140
11513
2073
4740
9175
5385
11958
2637
3031
11894
5942
9806
11228
11385
15220
2663
2749
2869
10003
12088
14547
6865
15125
4527
20827
6857
8166
5352
3474
8178
4822
4470
7604
8669
5230
3498
15274
1605
5285
10206
11452
8988
6106
1198
7687
4078
26937
10049
6563
7662
11862
7660
6464
5416
3890
2717
6500
7957
4284
9303
7126
9093
14629
8799
3724
5577
17877
2621
15120
6304
21104
10313
4569
15274
7023
25136
4530
2200
8245
6520
11341
1149
14555
3186
4200
7992
11401
8460
3405
4889
23239
2920
1914
7185
11786
1489
11621
3892
2390
8750
4962
2240
5626
1715
10031
6816
7943
3777
11650
7360
8805
13914
3282
5486
6053
9135
10783
11685
4715
19375
5772
22158
3419
4570
7237
3665
4024
2204
2696
7451
11896
7261
7665
3028
11886
8639
5811
5998
2499
8894
10444
10511
2230
9843
14841
13975
3370
3882
4758
4742
12012
15226
18180
14337
1651
5577
12066
9448
4152
3852
6006
8049
6692
4333
2921
3817
6390
7118
4937
8018
4937
9757
8638
3874
4091
6358
18239
4237
15313
2091
5435
2275
10731
3721
3803
19088
11625
741
2831
4636
2680
3778
2448
4786
18695
11097
5364
9459
17156
12108
4672
10163
1710
5284
1610
3615
6672
4503
6340
5554
5540
3479
978
15082
3673
3316
5821
2188
7577
8284
7468
2859
8894
9766
25477
2821
7633
7478
7738
12339
5211
17000
2906
10745
2271
17526
10644
2927
24103
19216
9774
3148
1465
11926
25598
7604
2588
2494
7160
5890
4498
2885
4233
8546
9596
3417
6067
4548
6525
6437
4969
16963
10014
2702
8394
19173
6576
4054
8249
6979
3680
4427
5676
39193
10793
7492
13312
9571
20097
4548
7693
8470
9932
5251
24102
1433
5233
13305
1895
2095
8031
2701
3378
16254
11227
4626
2436
1738
4259
6224
7586
10550
2629
3861
7978
23519
6227
5424
12140
1797
4030
3075
3240
4716
2868
3175
8416
7799
6805
4421
8329
3144
1553
6488
10774
13245
2980
30705
7095
6180
10773
1390
5248
9822
15328
6306
3723
14623
5171
2711
7964
1979
7847
2626
7613
11725
7641
12639
5644
48300
6664
2823
5695
2932
1260
8453
10283
16824
4568
6640
3710
4709
5002
8311
3385
11575
6904
1319
7000
11966
6946
3047
1444
9240
8122
6848
4196
4440
7321
3718
2835
3310
7623
5018
4924
6828
4032
3561
7132
7785
10456
6421
7131
9270
4158
9656
3465
4242
5056
13032
5402
23467
6644
2382
2582
19694
2459
19510
2761
9854
14482
4003
5580
2241
4847
4125
8369
4290
5329
5430
3357
11253
9202
6258
6904
2781
5745
9970
3627
10969
12274
12903
3397
2405
2721
16294
2437
5546
9596
10896
7805
3550
2984
17968
1338
13680
6422
2270
2142
24017
19129
25882
8176
6548
2583
8899
2799
2707
3380
7629
17285
7470
7688
6410
9234
4358
15502
21236
4383
7356
12831
4710
4971
4554
9236
2878
1759
10848
2810
8387
10406
5150
2733
1511
6930
1450
4865
7316
23100
27351
10606
9643
4821
3695
2969
17218
11437
7110
13497
1405
16010
2340
4849
6136
7743
7993
29951
1780
4445
8385
3175
7101
11139
3193
3146
4304
6504
8114
3244
17189
8082
2406
8499
1628
11102
4331
17390
20559
18089
4230
14867
4115
2483
2928
3759
7894
3778
3128
8416
7930
2432
2046
4873
14220
1594
4777
1999
2537
5016
4484
2231
21840
14199
8582
8079
12136
2228
7517
3122
1824
5646
11491
11760
5333
10775
3742
10525
4476
7892
13329
12482
4224
10727
5875
13509
4291
9916
13852
11612
5319
3865
4768
4353
8135
15663
7087
5511
3708
1563
5778
23567
13803
7992
10974
4342
8266
8041
11094
1686
12531
3162
5620
1859
14479
3785
10017
4894
10064
2673
2933
5462
26378
3066
7609
7731
5128
7328
9345
7611
5479
4766
2535
2762
8211
11071
11460
33938
4310
3443
1669
4976
10735
5960
4327
5598
7500
4156
7951
12285
15399
8144
19799
4261
10679
12053
39039
15970
8089
14870
8212
5909
1840
5131
5345
7148
3382
8201
3989
16892
2258
1749
22250
9490
8462
2260
2260
5895
2464
1083
3106
19359
7859
21504
14571
3819
2965
10160
6473
5724
5946
2860
5552
4414
6940
3982
11002
2280
2088
28337
8723
2601
9644
12008
8300
1639
5864
7107
11362
2334
4749
1902
1599
4179
15636
17392
3939
8750
6225
4599
4037
3043
18321
1561
20224
3119
8027
12897
5367
4141
4362
4672
15670
18384
7764
4092
21026
14775
3362
13335
4786
8471
4328
9454
5801
21337
4287
6673
3774
4382
4982
17955
3054
8548
3521
3827
14000
6750
15028
9888
5152
3084
7692
2714
12661
16629
17222
3184
8379
6685
6286
4182
9843
20489
5826
2462
14917
8405
1477
2191
15307
10451
15482
4149
9011
6817
14661
3538
12291
3863
10388
12423
5160
4877
3923
3751
15684
3317
7347
17506
6733
2125
4098
2070
13682
16319
4397
4637
7299
6090
17197
5206
5478
7249
3073
3697
5381
11622
3051
16367
10222
6261
4119
9854
14006
12622
3460
4892
9757
1973
6619
8878
1082
6625
7164
7738
4696
2464
5802
4080
11736
5108
8574
4091
7907
15511
4667
3473
8286
22081
6936
8257
6461
3039
2134
4260
3390
10133
1841
10240
2839
10488
8584
10170
3756
3939
4604
9901
4564
7103
6404
11268
13467
5773
5718
13850
3927
4848
4862
11281
10894
5796
6517
4059
5707
9479
13537
12117
4499
6618
4127
3720
18015
7656
4808
11569
9799
2566
2738
1773
1021
5637
12355
2014
3127
9196
5446
2556
6331
9652
3182
13112
23141
6388
3219
3951
3065
7881
6111
12570
20347
16469
10099
7445
982
8356
4587
4107
6224
4763
10409
4199
5490
8073
6657
4434
1483
5896
4194
3314
12767
23712
5035
4469
3016
6035
8617
3457
15030
5303
6630
6008
22279
6568
6021
6291
21162
6352
20961
3992
1045
11638
4554
3663
19800
10593
2351
1980
30123
21425
6705
18137
16982
2103
3227
9655
3967
5843
24471
4182
11097
2628
2878
3710
16378
4298
3082
7591
7469
4556
2594
2201
3595
10679
6137
5672
2108
3526
2601
8378
6332
15548
5040
6472
9720
2952
9613
18920
4678
11763
4823
4711
3920
12844
7300
12190
5885
2226
7052
9402
12778
18808
5058
3890
3928
4587
5139
2888
5758
2372
8210
8293
15626
3465
1217
3687
12098
3237
7281
3798
2859
4363
2602
12859
1401
4881
4186
7786
6301
3446
3457
4177
15816
2678
10769
13506
2197
15017
31869
9990
1587
12064
2499
2190
3632
13469
6767
5570
5710
3605
4868
1498
36343
7244
6146
3134
14450
4563
16817
2350
4573
3937
9453
5929
6826
24623
6952
2645
12711
3986
3472
3394
11255
6376
7628
13425
6836
6560
2754
1593
18435
5427
2437
2290
3867
12158
12075
3330
10296
9717
6377
7700
8948
11200
1457
2422
10828
2283
2504
11882
11630
2210
3774
5085
7325
15571
9103
5326
7326
2968
9167
7923
7293
7527
13830
3635
7056
4067
2256
2442
3909
7698
4069
22856
3426
2748
1341
2849
4262
12694
6305
18251
3197
6865
13652
9631
6335
2517
15934
3642
11420
7441
4457
4436
7377
4474
10909
5499
1197
7133
11165
9909
10441
4400
9355
5397
5069
1721
5354
13731
3909
3325
4368
12279
7857
2862
5952
2680
16804
12636
12435
6389
11818
10100
4187
3987
1718
1399
5380
4433
1267
9107
16328
9595
26764
5412
8351
6766
5293
8244
1606
13059
39030
5758
19329
5339
6616
4178
2893
13006
3780
1786
8241
3849
13822
3659
4347
1958
5090
6562
5547
5912
5563
2493
9137
5685
14548
6402
1805
7750
3396
6545
21662
8749
16597
9233
3910
8311
4013
6526
6638
7249
2908
7529
4461
14145
3545
7495
3527
4887
5694
2701
1156
2516
3769
4622
6179
8671
13552
3469
8588
19270
16717
6347
32064
7029
8324
8652
13953
21841
3379
12440
10038
8040
3440
9513
25177
2358
12195
4319
3512
5598
4269
6303
6826
4289
8826
3439
2269
13619
8252
3103
10879
5425
3700
7857
2423
6546
15366
6080
7860
7495
4923
6619
4359
3923
10402
10489
2106
3543
5413
13965
4656
9734
15758
8439
5901
11737
9811
13190
7187
6811
10138
14977
10567
6704
5051
4336
2037
3768
2165
16963
5245
1330
6766
12249
6701
6693
10827
17040
14466
6890
4949
7828
8288
18432
8477
5328
14193
11959
4625
6222
5023
6189
4567
8131
5938
4310
10207
5763
4357
7969
6153
3848
6926
5673
10285
2518
3507
8620
13111
15357
4726
5480
6788
11854
6600
3046
8278
22499
4475
19130
4407
6819
5200
2133
2869
7382
1386
2518
5136
1335
9696
5138
4295
15150
4415
6461
3829
4443
9487
5358
4416
6563
11773
7302
5862
8942
11319
3745
6571
2489
5075
2881
2544
9974
26906
6416
26148
10396
19227
21940
1996
18050
19422
18433
3819
3080
7171
2484
2873
4374
6477
5872
40351
4116
13370
12572
24725
12992
3724
6132
8468
19704
15661
12920
7559
2597
2010
8684
1855
9675
17396
3784
10737
14098
3870
16609
2715
7291
6367
4554
7591
3394
8005
6745
6555
7720
3812
22980
20810
5742
16638
6057
4976
9328
4503
17048
2457
8333
7201
3621
1954
1171
9363
6788
4295
11936
4240
8884
11479
5741
7742
16256
2531
9984
4217
11323
19931
8757
1183
7670
1377
21930
5559
14078
4928
4296
10498
9143
6981
13170
24472
1384
3361
7554
2494
2329
27832
14072
33721
8788
2934
24790
9062
2889
20430
10423
2693
9853
19766
24922
6244
6187
4864
7831
7692
14093
7572
12884
10717
3823
7089
5629
7262
9898
9843
3332
6135
2770
9046
3316
8639
2979
5148
12393
2945
14688
4775
7576
4141
3679
1689
2211
7503
5923
4183
3829
16809
9585
1756
25215
13519
4617
5694
10876
5549
9488
7903
7180
1561
8965
8161
11421
25849
7005
7663
4849
3267
2010
7542
3169
8664
13682
1744
2357
12516
7477
3348
6253
7022
4620
6031
10113
6188
6172
10545
7456
2068
11197
3452
11549
14366
2617
12370
5921
6438
14566
2398
3090
16990
8689
6417
5946
1229
4355
5404
14047
8085
11245
3604
5328
3159
20343
6614
3863
14226
2860
8236
7072
4144
19071
4582
9020
26435
8899
11788
2465
2106
3088
11586
4069
14576
4457
4498
9660
17925
3562
4637
6139
2096
5937
6272
19328
10902
1660
1555
3033
1493
11274
3764
11062
13192
6797
4220
3686
3602
1786
8187
13220
7776
4021
7166
8978
5894
8214
13363
3092
2316
5863
13339
8554
8543
4463
1637
10195
6934
2544
10417
7844
4598
2152
4116
17875
7883
3176
4878
15374
7086
5765
2645
8607
2118
8207
6882
4025
5529
5123
6160
12284
8242
2088
11852
1279
3360
3188
2944
16995
3948
5184
5369
11104
3025
11439
24225
10785
7845
3522
4781
9046
9269
15282
2926
1967
7267
8870
2988
2673
1260
8173
2653
6399
2315
10523
9197
5136
3369
7693
3772
2938
1068
7261
13264
6552
1265
14629
4687
6911
27037
6996
5233
4876
6112
14026
3786
4402
3822
17578
5452
6696
2424
8822
7658
5986
6976
2838
12048
4613
4582
4759
9781
13664
7850
5770
4251
10225
26097
6682
2253
3544
18653
7501
26386
6896
1027
8206
2837
4917
8876
7392
9407
23811
4227
2334
33903
3611
3617
6854
5009
8285
3609
3189
4087
2968
10871
5462
3257
1694
5374
11768
6525
2128
15124
2179
6369
1934
6332
5914
3674
3739
26719
9654
6658
8225
5539
3682
2159
4478
12061
2299
10914
9500
14216
16778
4104
6123
7646
10432
4415
10578
2347
19986
2147
9341
3832
4361
5109
4625
31553
21088
10255
1120
11006
3285
2877
3175
8717
6247
1128
2579
17819
9853
22985
12421
2881
11423
2929
8270
7702
2346
8959
3984
3093
5739
8974
5856
3795
5218
26875
7018
1731
12190
8392
4611
26310
6537
1270
2608
9840
6981
5075
9165
7382
9538
2172
12377
3115
6399
32956
4534
1890
19627
3709
1979
3449
6229
10173
1533
2440
4266
5483
2693
16283
10765
7986
2763
1603
10072
7658
5533
1829
4423
4560
3494
11050
2424
11971
13718
2705
6331
2427
2690
4745
2401
6097
6959
4042
4818
6428
2965
10604
17193
15917
4702
4619
4969
9010
15828
7178
8517
7884
8823
3161
12456
8840
26201
5108
6118
3766
10220
7296
3689
7291
4323
2006
3468
3817
1038
20448
4004
1625
6140
2462
3388
9293
5378
7869
12931
5926
4543
5357
7979
9964
10992
3871
18526
10456
4836
5015
6797
1778
3267
4329
6672
7276
17986
9485
10172
4665
10418
13936
9693
2576
4704
26508
8778
3853
8790
7756
3389
5793
4223
17334
3040
12514
3417
10414
5193
9124
14273
6998
25444
6751
30620
16754
8567
2820
4326
2792
3041
3233
5275
10105
4937
4952
13020
6312
2924
3268
1594
1840
1785
1445
3901
4563
10994
3924
6021
13201
10483
5019
4422
5085
5757
22422
3163
1729
26854
13243
2447
6553
8476
4146
3255
4022
7541
14843
7111
6727
4431
4380
8084
5486
12688
7607
12133
10111
6915
5222
5428
13152
7019
7321
2992
6233
4604
2074
4564
3757
2575
3023
3314
6770
5899
6416
15933
4166
3180
5428
34193
6292
1398
2891
6200
5214
15543
9040
10433
3678
4055
3911
5187
4145
9193
6109
5781
5390
22895
4298
5603
4867
2414
4056
2414
2829
2990
2303
4165
6374
1195
5698
2977
3193
4360
4234
12489
13485
6970
3125
6098
2878
8618
8772
8249
4612
18747
10106
7288
7781
8347
7536
3806
27897
4717
12186
1683
10592
5812
4249
8828
6881
7517
13036
8782
7844
4221
1943
4649
7321
16919
4166
7605
7962
7075
5418
16585
7055
8812
9675
3601
4189
1025
7938
19065
4893
1471
4279
19299
5698
4973
7434
6001
4518
9542
13138
699
3234
4906
1770
2902
2235
14258
7991
4555
3618
5387
16175
3771
8879
11348
11478
6284
4210
5814
5635
6732
4691
6488
1320
4668
4780
3890
19316
7806
9468
17098
15516
18740
12832
3729
6618
2694
4333
2166
11194
19438
12314
1859
10333
1036
6916
10997
2520
4889
2119
2107
14535
1565
6682
2170
2051
2684
4281
2572
7398
2789
24096
8983
7841
12640
1354
1959
5875
9524
2293
16252
3628
6235
5460
12929
10257
4973
9698
768
4004
3460
6074
12206
2373
4243
3212
1776
6795
9057
18819
9860
9462
4406
2372
2806
15045
5050
4211
7153
4752
4180
7083
12035
6359
5646
16324
2145
24914
11497
4844
6970
14793
5704
4412
6796
18141
3089
6482
7293
23709
5785
12846
2348
13815
7016
12443
18455
6229
3834
5477
3056
3807
2924
12742
11962
2121
6241
20188
11254
11180
4517
5814
13226
4570
30655
11511
5120
2372
8378
18058
5687
4468
14879
2584
3952
11569
9735
3773
7201
6061
4253
8360
7482
4670
1832
9915
25807
1429
6882
9571
13863
18264
6557
6638
4239
3801
10592
5311
6943
11970
2014
3332
2657
3330
3838
54170
3262
5836
2516
2261
8259
2308
8927
11801
6855
4726
19502
4051
2998
2030
6663
3877
30326
2526
20863
3175
5184
13367
8384
7400
3994
1762
2630
4915
10039
2885
2476
14399
6708
3037
8720
5300
15573
2126
7118
9960
2310
6252
8984
17276
4370
7589
10360
2277
10777
11902
3049
3181
8113
15064
3003
14202
4042
7255
6589
2227
22809
7510
4542
32518
14987
15789
6563
2520
13439
6151
2457
16296
5010
12556
7203
3640
8513
7395
4729
8128
3580
10008
4182
8831
10413
8154
5510
4298
10428
10192
4988
10526
4577
7653
3299
6646
10367
21913
4597
3350
23897
6538
12624
13159
8178
4307
7177
3491
20890
7301
3617
6949
9300
12093
7909
1328
6346
6294
10069
10581
5547
6767
1832
5994
5278
1741
4670
8756
5227
7848
3603
21778
5109
2022
1648
4557
6160
18235
9547
3482
4169
2167
4747
8040
8197
5953
2969
10976
1780
7911
12722
11974
1872
15839
3569
4391
2605
14738
16583
6610
5426
2314
13128
3878
10332
23442
6255
2706
8755
8446
3615
6581
5119
15301
10343
8286
2649
3954
5138
20308
9724
3162
5375
6619
3920
5359
15919
15273
7040
6508
3218
8583
4255
2191
31086
5668
8932
7806
4345
3571
7331
8595
19099
1631
14356
18181
6311
7897
15376
11480
7952
12400
16968
8922
14940
3843
2052
4950
19110
6156
24558
17781
10433
4322
6918
27716
10507
2704
8443
12048
3677
16550
3920
8732
3761
3390
3676
767
6051
6468
4311
1953
18222
9682
10984
1514
2630
4683
2704
3945
2176
15632
22922
7882
9256
8676
5633
21474
22112
2849
6854
6119
27590
2710
4385
10824
29359
5315
10993
7928
2216
4784
5866
4207
4584
2694
3055
4521
2298
2150
9289
13216
22819
16008
7379
18315
4373
7991
10983
25881
7403
3652
3530
7486
6464
3875
5439
5834
3179
4054
6861
7329
5714
6800
4661
10587
26273
34465
4647
9363
1437
14104
4183
9970
7109
32096
1820
2369
7480
6638
2062
10366
4311
1884
12525
12864
13302
5114
18174
7997
4997
14538
5205
10977
13520
32535
8955
2259
5847
2115
3319
13352
6429
9782
13298
4358
19413
1733
12703
8459
7116
16747
22765
3884
8483
4305
6288
9437
15599
3780
5063
17016
10080
2129
5143
5232
5223
7479
8290
8766
2983
21437
1318
5767
30060
20585
2510
5145
22686
3826
5851
3366
4636
10058
9686
7219
12699
5918
4009
4779
6103
18079
4997
8763
3436
6748
5024
9481
6898
1795
4196
5165
2809
4584
2253
9690
9602
6739
12367
10801
16100
3448
24397
19071
7109
9937
18079
5066
11735
3636
9505
8148
6949
4237
1939
8735
4787
24985
7454
2683
10186
19603
11929
6129
6146
12239
1511
7432
23099
6871
21220
12357
8480
14271
13119
21256
16875
3812
8360
9513
2158
16706
5737
4664
8665
11588
3780
8744
7071
4380
5812
7767
20046
6690
8782
17632
2460
9636
16543
6848
2920
10815
21861
18533
11353
2043
2058
7547
18008
12140
2535
9402
1940
8074
5632
7746
5514
10649
18974
5163
8716
12744
9128
7491
5247
9853
4066
16044
6073
6036
2786
6875
15086
18731
4655
10012
1890
2328
18052
4559
8508
3621
12697
18092
10226
18090
8156
6168
3155
11984
6649
12127
4443
4332
14327
1759
11560
11252
9492
2672
12275
5400
8056
6698
9827
2840
6423
9676
4232
10562
13347
2192
4280
2518
2765
8330
3144
20959
3467
3088
3635
18438
7943
8008
18371
5490
16722
5963
7035
5596
18274
3589
11979
3523
2816
7953
2331
19523
3294
8849
3305
10061
6615
16527
9252
3624
6281
4413
3333
5409
7847
7315
16236
3254
18368
8488
5493
7889
1310
3537
6591
2697
15139
14011
13910
2829
5135
15730
12057
3319
13483
4084
8479
7088
1346
3023
2985
3883
3553
2579
6343
2775
6013
5265
12071
10574
8739
2952
4843
10565
3276
1472
10454
20040
2609
5476
14621
4282
9654
9677
13777
6333
10278
11009
6192
2132
6921
2275
5513
4289
3354
5147
6135
2296
9048
3403
4894
7143
7873
2472
11709
18547
2121
2443
6614
3786
22172
8185
11321
33723
8633
13045
2664
4097
5828
11072
9217
5406
8134
3947
9616
3179
2555
5351
7033
3007
4966
7645
3456
15932
2837
5059
16379
10069
17649
4884
8785
7236
12560
3743
3893
3509
4313
5584
8119
8687
27760
3982
8747
6147
6183
5309
9075
20702
2413
7734
4661
3724
3668
1251
3446
1783
2854
12041
7909
4186
3012
14135
6264
12047
3300
10536
4242
4970
3623
5344
5164
2548
19411
7155
3824
5868
26261
23138
8941
18890
3851
7917
2069
1080
6313
12812
7579
4930
23617
3275
15588
1773
7143
11376
16699
8357
2818
15715
12045
1784
6252
1664
9487
3650
5001
12847
3273
7465
17917
4464
2721
8992
3959
8240
2279
5069
2821
3660
9870
6081
3532
2433
12803
14045
8054
5997
2734
3606
3483
11171
16264
4384
5574
3196
9596
26857
5536
6065
3759
5186
13561
1529
13319
1399
16153
13663
29685
1424
14484
8355
2675
2294
7700
5044
4096
6729
4308
976
10571
14790
7164
14361
3016
4695
8863
12929
4272
19361
5406
6785
3003
6046
3456
9508
5087
3617
2059
6079
5097
4836
5005
9889
27666
1821
1781
4689
3673
15797
2640
12719
5080
1467
11746
11481
6532
11274
8376
6102
12679
13019
11440
3165
7008
6327
8474
38353
2788
6007
4146
2370
3880
7535
7937
7252
6929
6178
20856
17601
6006
8893
12253
8311
3608
8754
3170
2317
3682
9213
17086
2288
16437
13941
5768
6307
3946
4923
2428
6963
12886
8156
8950
9444
2290
17549
20897
14072
6168
16089
2022
6988
4059
8903
8915
2047
5194
6559
6833
7035
5320
9432
1291
8913
1958
5247
5193
2740
21076
23637
9788
10975
4715
3154
5327
5244
10079
11608
1530
15603
10036
2681
5946
22004
1081
14470
8387
9186
3407
3758
1653
4275
7374
9782
17408
18114
4456
12468
11317
9714
6348
3775
7873
6234
13905
12977
8778
2365
2131
3724
1898
15983
6855
6954
3189
12661
3004
20821
18518
2288
2447
12467
5476
2474
7072
5964
3462
7876
1138
6072
5215
4653
3941
7095
4527
2381
4255
32161
14787
5875
13704
1190
6074
1160
1850
4004
1839
8477
8952
2027
10202
2503
11204
3024
11790
4088
6726
1916
9045
15729
11641
7496
15077
4891
7604
6848
2368
1526
9831
2812
2507
18279
4699
11211
16500
14533
13913
7180
7388
3751
13003
18153
7820
6792
6111
6748
8580
5169
11441
19926
9327
5899
6596
2793
5154
4544
3772
4017
7267
2724
4340
4203
1633
3838
6447
5079
5779
7564
9411
9490
9693
12249
4311
2502
4218
6484
16767
5568
7457
13931
7822
8903
5423
8042
5037
11164
2641
5884
1888
5299
20138
6620
17797
9651
2114
18295
5285
4506
2258
8144
6836
8789
3796
5250
12569
6808
1768
3467
5753
2449
12560
7896
3733
4933
12364
2812
2413
16519
3883
13519
5816
4600
4223
7009
12455
16361
5976
4621
17818
15186
5453
8364
8410
8921
7514
17502
2397
5329
11225
5249
4114
17391
3432
8453
5857
7702
6408
1904
6442
2008
11249
28832
6293
15763
7174
7052
1842
1448
3186
7534
5668
12957
12748
7029
18468
4033
29407
4655
17947
7943
4227
2128
15338
8476
1692
10115
6489
3109
12606
13149
4256
4123
6480
4870
2469
21041
1897
3371
15924
4309
5012
8335
7462
4997
2520
4184
8800
5565
6037
8106
4222
17822
4308
7562
4880
14065
19412
3160
7103
9371
5530
2408
10823
18772
17310
6216
12681
5044
6774
5133
7211
3821
9896
9858
7466
4788
3294
6826
3593
1635
6583
16983
17134
8354
7759
4393
2794
10691
3639
3216
3598
7516
4261
9070
5466
3482
17518
3052
10179
1550
3294
6840
3155
3745
4085
8026
14097
2598
10042
3542
17197
4128
9337
4052
15134
6208
30800
8922
7495
7548
14563
2828
21994
4122
2068
5077
9701
5995
8318
7203
12428
7925
8416
6957
8473
2846
7044
4660
7254
3336
2241
6230
8910
11383
4119
6900
6895
4190
9877
21764
22355
10919
4096
5698
11786
4252
5644
3107
15300
9066
9634
3607
3216
8319
6034
7326
1903
11607
5774
35339
6874
12895
6736
9060
18247
11921
5858
7629
6142
3369
12743
11373
2681
13391
2414
2416
24471
1947
18074
3332
6484
9244
2680
8697
4612
17443
9271
2581
4462
5604
3113
10854
1628
5558
15976
8513
2441
1615
6452
6207
13519
6342
2293
7554
1321
12165
1370
3957
6861
6783
5067
7307
2063
14051
4480
5306
7103
7953
5441
14151
4163
15878
5352
7408
2830
4422
24662
9931
7671
3361
3930
5791
12330
7169
17785
1668
10813
3149
6042
4244
2136
20895
11222
18363
6936
17245
7291
4302
2492
5844
8599
5227
2484
12819
1351
12370
3092
28973
11304
19177
5123
4875
5563
11966
9943
6304
8239
7446
2219
2874
4043
3028
4127
6350
1754
3826
3506
4396
19213
2371
16171
1996
5286
17848
3950
12856
8392
5730
10264
9080
16480
3477
7994
7888
11047
2644
5912
5939
3395
7790
18325
4183
9252
1628
5783
5379
15186
16075
4191
10027
3746
11506
11298
2667
863
5415
5014
3618
4673
9873
5776
6649
5584
2703
4400
2998
13166
3185
5838
21118
8940
12398
13097
4530
14089
6935
5667
7769
2997
9702
6700
6111
10264
3312
11590
2694
3899
6389
4077
9245
4285
3168
9460
14716
7668
20283
4065
3466
6228
3334
7759
20442
5728
28105
31051
4844
3660
5102
12297
1508
5774
6602
5629
4089
3139
5761
18618
1495
4042
3260
9452
4789
8782
6571
2040
2290
17989
1923
17434
17319
6595
8021
16413
6074
7278
3620
3518
9628
4079
9306
4404
3750
6644
4601
2657
6318
1842
3824
11171
9490
4440
12580
4214
3309
3929
6837
9933
22878
5661
5702
5834
6865
3061
10075
3593
8992
2286
3112
10281
4969
9182
1690
7839
12067
24942
15376
4043
22650
13108
6493
2349
2306
19524
5175
6589
9665
9538
9766
2574
9924
2949
5849
7335
1228
6651
5498
6691
1844
4414
11801
4267
4731
14600
4738
5894
10009
14194
5743
7034
11652
8615
2435
13774
4199
16390
7578
11919
3420
2783
2119
12536
3176
7771
5738
8782
3703
8007
15487
4505
14930
11689
4760
2065
18807
3623
2990
9021
9728
5718
15841
6291
1034
1697
16409
2169
718
8345
1130
20530
10839
6099
1580
3416
2804
46561
2400
4553
1812
2161
13971
5508
2515
948
14598
8194
1499
5260
10342
5977
3143
21480
5395
5703
2905
5217
9396
7950
5697
6895
3762
25040
6592
4393
2574
8165
1924
21976
5196
6760
8226
2715
2641
21072
2831
4909
7239
10742
6117
5708
5222
13702
17606
23451
2522
9855
10803
4826
1387
11399
3752
3963
4411
8361
2171
4071
14208
4084
12979
7033
2581
9526
14505
8024
3602
2367
2559
14884
14258
2287
7299
7289
8558
6897
13543
23713
22682
14081
6611
3803
14456
2187
5706
3253
2011
11709
8412
12733
9118
4050
3963
17405
2787
9600
3155
4613
8400
22358
10924
9415
6840
17396
5679
19343
1347
3107
21035
8020
6507
4014
6844
6919
19438
6480
14441
9774
3443
6799
5054
7818
4124
2017
12057
19468
1798
3739
7955
2746
5062
2392
8162
6387
12165
35516
3278
5868
10205
10571
16281
3969
42069
11764
1704
2904
16359
4953
5785
4404
17002
2895
14341
7706
2314
14408
4399
6514
9943
3531
4683
23141
10023
3840
5647
8046
2370
18008
7532
8892
12460
6925
3719
16972
5169
15764
5955
7026
9642
10776
6398
9445
14605
5983
4044
3997
16476
23063
27119
1908
3766
32672
4336
20774
7832
7181
4699
1995
2356
25531
8285
11104
4061
6921
1842
1093
2995
3079
2243
2704
8909
6459
7986
6293
10126
8462
5372
3680
17792
1534
1756
1679
10253
3166
2615
4120
14418
1835
13679
7143
11322
5413
10056
9443
2816
7043
10814
26860
7634
5126
4157
3049
3565
14608
3076
7785
7658
2377
2293
15143
1489
6291
8039
11440
8345
4379
15776
3331
2641
2344
4902
1420
12603
11513
3092
1960
15088
5022
14029
8798
6534
3490
14299
5512
6704
3070
6474
13490
11880
4284
7326
33671
2484
1647
9128
11885
9663
6028
3724
8669
5141
1595
1899
3083
7148
2649
3915
7209
5613
4975
6634
7112
16986
3039
3126
2618
12170
3219
20557
6682
2190
3956
5385
3619
4350
6520
8073
3036
6224
3124
4163
16688
5979
13068
6215
7365
7290
15802
2386
3192
11177
15716
4001
5487
7969
14044
9002
7628
6326
10976
3959
4301
2767
7693
7646
1994
7866
3888
15723
2857
13150
22882
9072
11560
4080
2903
9784
5875
6010
2556
16763
12278
2330
9404
4597
6363
3497
16617
2743
2570
5524
6016
2114
6237
15360
5333
7107
3778
2630
7667
1923
5893
18628
5946
4248
5804
3559
4540
6216
12260
8761
5068
6920
3296
17283
1721
7817
5818
7220
12689
2266
3811
13088
14088
6406
5070
5109
2461
5735
5855
6239
9736
3256
7783
16341
10430
4084
4980
13017
11678
4725
2996
3021
13562
4936
6472
12902
6272
3574
3194
4025
15774
6282
2850
8626
8306
2807
13825
14322
5209
1479
10133
13908
956
2416
28021
7213
6160
10494
21604
15515
6750
5547
35226
3330
2542
4291
15905
11467
3918
39409
6935
5039
5411
2402
6001
13073
9913
4100
2325
1694
1400
8208
4905
3488
14682
6558
16984
2440
592
1878
5244
4484
13254
5588
24584
9914
5468
1826
2176
2968
24377
7971
27429
9840
5031
7918
7420
12178
2136
4300
2786
6882
2101
1188
2449
6801
6231
5876
2830
10003
16447
10925
3189
2527
5055
20057
11760
7340
1073
4715
3710
3225
4139
2925
3695
6616
4338
14321
3573
9873
10115
7974
3268
11868
8687
4524
7937
1174
6747
15532
7859
5388
2091
4239
7751
13520
7013
15226
1905
10065
22808
2953
13833
2097
3496
11780
1524
4699
11880
2479
16673
7286
11377
6790
8083
3905
19758
6217
8909
2713
8530
5429
5968
6683
4684
12692
18380
11984
3307
4042
16759
8015
5301
5090
14257
9736
7066
6880
6776
2506
8532
5322
16654
4308
3466
2779
10328
4965
11639
10256
7165
13310
10806
8794
7679
4002
4164
12572
6168
3329
3048
15614
9920
3902
4245
3734
2764
15042
22256
3965
2790
10372
2915
5143
4330
7379
6492
5599
3420
8131
5578
1822
3141
19964
2216
12420
7566
4504
1772
10038
2953
6141
3997
5556
2590
7255
10445
22733
5757
16816
4852
10121
2885
5743
10577
6657
2911
4642
9229
12536
1191
8770
3922
7339
5504
4451
9914
14335
9014
4702
3221
2324
2842
2554
3070
4866
7188
4486
12165
9573
4864
20990
8962
6097
14555
3611
9561
4403
1949
5166
8788
16934
10737
3914
15533
2381
22957
3818
15614
5984
5215
9632
2192
5582
13793
7726
4938
3419
4618
15625
3130
29161
7094
3075
7204
7055
7063
2973
3644
11355
9133
1665
4236
6588
6650
11500
3712
6601
2790
14212
5693
6288
6577
2785
11167
6196
11072
5009
8842
2172
3727
10101
9979
2829
7099
6183
2286
3423
4582
9171
10752
3398
4602
14146
4045
10739
7739
4639
3085
2826
7521
7418
7509
7667
9594
12524
5310
2374
25427
9730
9344
14715
14226
5195
4571
2596
3727
7162
4539
1713
8738
4514
15041
2017
2169
17808
7226
3913
9115
17545
4511
2904
13749
8308
7181
7502
2794
2111
6515
6989
2306
7451
5105
7723
7716
8447
9816
5404
5029
6292
8130
4842
6247
3816
12545
2446
2443
2553
16678
4492
9580
4493
1992
3641
11216
9928
1953
12036
12373
5584
14537
5911
6231
7310
14418
5271
17651
7838
8143
4864
4177
9233
5803
4579
2677
5908
9796
3180
4294
17099
6008
4691
4388
2475
2401
7369
2768
5026
8373
9419
8397
16883
20202
2988
13065
7525
2387
5728
7218
2780
19369
6036
8077
11407
3094
7599
3359
5524
6772
8439
1947
28214
7185
5237
16615
17756
5545
23392
10765
4834
3752
2725
2409
7829
22974
10633
13347
12732
11932
16611
7263
9491
1478
4353
5902
8262
7193
10185
3369
1642
20224
5876
6083
5398
25203
3050
4661
2999
3363
2077
2438
1981
9440
2533
10627
7701
8689
3245
3423
3315
2271
3694
12538
11342
12280
7696
20975
4879
9093
4819
7396
12448
8936
10720
8455
15651
2192
6633
8439
12815
2630
4584
8429
9809
821
9254
10328
6357
15917
6486
3293
2489
5994
9923
4938
6866
9197
4217
8652
2086
8469
3574
5039
14504
7701
4303
3774
3408
1175
14209
6560
14514
5482
3442
18638
1438
2762
1677
4221
3231
19356
13786
5722
2238
6942
5776
15021
2679
2598
18343
2759
6017
3364
1408
12899
5541
7674
5745
14386
14190
2603
7944
4087
2472
5047
4741
3144
17966
4126
10802
6080
2642
1742
1561
3372
3619
3706
10620
2467
5927
7198
11710
6058
4686
4510
5165
11384
3867
12050
10724
2193
6210
7190
11048
12961
1547
4329
9203
4870
3637
2021
27260
5252
7021
4504
5979
9017
6583
5225
2093
8713
6169
10604
4993
9763
2977
1136
7222
5192
1937
16693
18652
3546
4749
4315
5399
17362
7166
4235
17823
1454
2841
8214
6622
2509
11429
1946
4021
4532
4761
4209
4885
8560
3486
2731
5200
9553
6630
6973
7156
8203
6118
10305
26738
13341
5183
4189
2144
3615
2386
10988
19934
2140
6033
13498
2218
6780
1369
18493
13355
3315
10780
1861
5237
8399
7438
7649
3016
12322
2827
5086
7095
18352
5015
1583
11673
3696
2207
11462
8420
7135
17381
5919
1745
13431
7657
3698
18399
2475
10547
4432
4896
2235
3892
5620
15048
6485
6990
8952
5283
3793
2418
7245
9715
2011
1730
9608
13161
6770
3542
3227
1583
4700
1475
6505
5464
3322
9409
11187
2874
5250
8904
3233
7296
8062
9098
3034
10732
12576
3963
5336
9396
3893
7083
10430
6815
6811
4534
2965
4575
1989
19018
5779
13046
2211
3325
3869
2726
1273
14218
3044
9181
5338
2025
4902
2761
2596
4705
6487
7010
3919
