9411
9490
9693
12249
4311
2502
4218
6484
16767
5568
7457
13931
7822
8903
5423
8042
5037
11164
2641
5884
1888
5299
20138
6620
17797
9651
2114
18295
5285
4506
2258
8144
6836
8789
3796
5250
12569
6808
1768
3467
5753
2449
12560
7896
3733
4933
12364
2812
2413
16519
3883
13519
5816
4600
4223
7009
12455
16361
5976
4621
17818
15186
5453
8364
8410
8921
7514
17502
2397
5329
11225
5249
4114
17391
3432
8453
5857
7702
6408
1904
6442
2008
11249
28832
6293
15763
7174
7052
1842
1448
3186
7534
5668
12957
12748
7029
18468
4033
29407
4655
17947
7943
4227
2128
15338
8476
1692
10115
6489
3109
12606
13149
4256
4123
6480
4870
2469
21041
1897
3371
15924
4309
5012
8335
7462
4997
2520
4184
8800
5565
6037
8106
4222
17822
4308
7562
4880
14065
19412
3160
7103
9371
5530
2408
10823
18772
17310
6216
12681
5044
6774
5133
7211
3821
9896
9858
7466
4788
3294
6826
3593
1635
6583
16983
17134
8354
7759
4393
2794
10691
3639
3216
3598
7516
4261
9070
5466
3482
17518
3052
10179
1550
3294
6840
3155
3745
4085
8026
14097
2598
10042
3542
17197
4128
9337
4052
15134
6208
30800
8922
7495
7548
14563
2828
21994
4122
2068
5077
9701
5995
8318
7203
12428
7925
8416
6957
8473
2846
7044
4660
7254
3336
2241
6230
8910
11383
4119
6900
6895
4190
9877
21764
22355
10919
4096
5698
11786
4252
5644
3107
15300
9066
9634
3607
3216
8319
6034
7326
1903
11607
5774
35339
6874
12895
6736
9060
18247
11921
5858
7629
6142
3369
12743
11373
2681
13391
2414
2416
24471
1947
18074
3332
6484
9244
2680
8697
4612
17443
9271
2581
4462
5604
3113
10854
1628
5558
15976
8513
2441
1615
6452
6207
13519
6342
2293
7554
1321
12165
1370
3957
6861
6783
5067
7307
2063
14051
4480
5306
7103
7953
5441
14151
4163
15878
5352
7408
2830
4422
24662
9931
7671
3361
3930
5791
12330
7169
17785
1668
10813
3149
6042
4244
2136
20895
11222
18363
6936
17245
7291
4302
2492
5844
8599
5227
2484
12819
1351
12370
3092
28973
11304
19177
5123
4875
5563
11966
9943
6304
8239
7446
2219
2874
4043
3028
4127
6350
1754
3826
3506
4396
19213
2371
16171
1996
5286
17848
3950
12856
8392
5730
10264
9080
16480
3477
7994
7888
11047
2644
5912
5939
3395
7790
18325
4183
9252
1628
5783
5379
15186
16075
4191
10027
3746
11506
11298
2667
863
5415
5014
3618
4673
9873
5776
6649
5584
2703
4400
2998
13166
3185
5838
21118
8940
12398
13097
4530
14089
6935
5667
7769
2997
9702
6700
6111
10264
3312
11590
2694
3899
6389
4077
9245
4285
3168
9460
14716
7668
20283
4065
3466
6228
3334
7759
20442
5728
28105
31051
4844
3660
5102
12297
1508
5774
6602
5629
4089
3139
5761
18618
1495
4042
3260
9452
4789
8782
6571
2040
2290
17989
1923
17434
17319
6595
8021
16413
6074
7278
3620
3518
9628
4079
9306
4404
3750
6644
4601
2657
6318
1842
3824
11171
9490
4440
12580
4214
3309
3929
6837
9933
22878
5661
5702
5834
6865
3061
10075
3593
8992
2286
3112
10281
4969
9182
1690
7839
12067
24942
15376
4043
22650
13108
6493
2349
2306
19524
5175
6589
9665
9538
9766
2574
9924
2949
5849
7335
1228
6651
5498
6691
1844
4414
11801
4267
4731
14600
4738
5894
10009
14194
5743
7034
11652
8615
2435
13774
4199
16390
7578
11919
3420
2783
2119
12536
3176
7771
5738
8782
3703
8007
15487
4505
14930
11689
4760
2065
18807
3623
2990
9021
9728
5718
15841
6291
1034
1697
16409
2169
718
8345
1130
20530
10839
6099
1580
3416
2804
46561
2400
4553
1812
2161
13971
5508
2515
948
14598
8194
1499
5260
10342
5977
3143
21480
5395
5703
2905
5217
9396
7950
5697
6895
3762
25040
6592
4393
2574
8165
1924
21976
5196
6760
8226
2715
2641
21072
2831
4909
7239
10742
6117
5708
5222
13702
17606
23451
2522
9855
10803
4826
1387
11399
3752
3963
4411
8361
2171
4071
14208
4084
12979
7033
2581
9526
14505
8024
3602
2367
2559
14884
14258
2287
7299
7289
8558
6897
7605
23713
22682
14081
6611
3803
14456
2187
5706
3253
2011
11709
8412
12733
9118
4050
3963
17405
2787
9600
3155
4613
8400
22358
10924
9415
6840
17396
5679
16661
1347
3107
21035
8020
6507
4014
6844
6919
19438
6480
14441
9774
3443
6799
5054
7818
4124
2017
12057
19468
1798
3739
7955
2746
5062
2392
8162
6387
12165
35516
3278
5868
10205
10571
16281
3969
44129
11764
1704
2904
16359
4953
5785
4404
17002
2895
14341
7706
2314
14408
4399
6514
9943
3531
4683
23141
10023
3840
5647
8046
2370
18008
7532
8892
12460
6925
3719
16972
5169
15764
5955
7026
9642
10776
6398
9445
14605
5983
4044
3997
16476
17500
27119
1908
3766
32672
4336
20774
7832
7181
4699
1995
2356
25531
8285
11104
4061
6921
1842
1093
2995
3079
2243
2704
8909
6459
7986
6293
10126
8462
5372
3680
17792
1534
1756
1679
10253
3166
2615
4120
14418
1835
13679
7143
11322
5413
10056
9443
2816
7043
10814
26860
7634
5126
4157
3049
3565
14608
3076
7785
7658
2377
2293
15143
1489
6291
8039
11440
8345
4379
15776
3331
2641
2344
4902
1420
12603
11513
3092
1960
15088
5022
14029
8798
6534
3490
14299
5512
6704
3070
6474
13490
11880
4284
7326
33671
2484
1647
9128
11885
9663
6028
3724
8669
5141
1595
1899
3083
7148
2649
3915
7209
5613
4975
6634
7112
16986
3039
3126
2618
12170
3219
20557
6682
2190
3956
5385
3619
4350
6520
8073
3036
6224
3124
4163
16688
5979
13068
6215
7365
7290
15802
2386
3192
11177
15716
4001
5487
7969
14044
9002
7628
6326
10976
3959
4301
2767
7693
7646
1994
7866
3888
15723
2857
13150
22882
9072
11560
4080
2903
9784
5875
6010
2556
16763
12278
2330
9404
4597
6363
3497
16617
2743
2570
5524
6016
2114
6237
15360
5333
7107
3778
2630
7667
1923
5893
18628
5946
4248
5804
3559
4540
6216
12260
8761
5068
6920
3296
17283
1721
7817
5818
7220
12689
2266
3811
13088
14088
6406
5070
5109
2461
5735
5855
6239
9736
3256
7783
16341
10430
4084
4980
13017
11678
4725
2996
3021
13562
4936
6302
12902
6272
3574
3194
4025
15464
6282
2850
8626
8306
2807
13825
14322
5209
1479
10133
13908
956
2416
28021
7213
6160
10494
21604
15515
6750
5547
35226
3330
2542
4291
15905
11467
3918
10327
6935
5039
5411
2402
6001
13073
9913
4100
2325
1694
1400
8208
4905
3488
14682
6558
16984
2440
592
1878
5244
4484
13254
5588
24584
9914
5468
1826
2176
2968
24377
7971
27429
9840
5031
7918
7420
12178
2136
4300
2786
6882
2101
1188
2449
6801
6231
5876
2830
10003
16447
10925
3189
2527
5055
20057
11760
7340
1073
4715
3710
3225
4139
2925
3695
6616
4338
14321
3573
9873
10115
7974
3268
11868
8687
4524
7937
1174
6747
15532
7859
5388
2091
4239
7751
13520
7013
15226
1905
10065
22808
2953
13833
2097
3496
11780
1524
4699
11880
2479
16673
7286
11377
6790
8083
3905
19758
6217
8909
2713
8530
5429
5968
6683
4684
12692
18380
11984
3307
4042
16759
8015
5301
5090
14257
9736
7066
6880
6776
2506
8532
5322
16654
4308
3466
2779
10328
4965
11639
10256
7165
13310
10806
8794
7679
4002
4164
12572
6168
3329
3048
15614
9920
3902
4245
3734
2764
15042
22256
3965
2790
10372
2915
5143
4330
7379
6492
5599
3420
8131
5578
1822
3141
19964
2216
12420
7566
4504
1772
10038
2953
6141
3997
5556
2590
7255
10445
22733
5757
16816
4852
10121
2885
5743
10577
6657
2911
4642
9229
12536
1191
8770
3922
7339
5504
4451
9914
14335
9014
4702
3221
2324
2842
2554
3070
4866
7188
4486
12165
9573
4864
20990
8962
6097
14555
3611
9561
4403
1949
5166
8788
16934
10737
3914
15533
2381
22957
3818
15614
5984
5215
9632
2192
5582
13793
7726
4938
3419
4618
15625
3130
29161
7094
3075
7204
7055
7063
2973
3644
11355
9133
1665
4236
6588
6650
11500
3712
6601
2790
14212
5693
6288
6577
2785
11167
6196
11072
5009
8842
2172
3727
10101
9979
2829
7099
6183
2286
3423
4582
9171
10752
3398
4602
14146
4045
10739
7739
4639
3085
2826
7521
7418
7509
7667
9594
12524
5310
2374
4814
9730
9344
14715
14226
5195
4571
2596
3727
7162
4539
1713
8738
4514
15041
2017
2169
17808
7226
3913
9115
17545
4511
2904
13749
8308
7181
7502
2794
2111
6515
6989
2306
7451
5105
7723
7716
8447
9816
5404
5029
6292
8130
4842
6247
3816
12545
2446
2443
2553
16678
4492
9580
4493
1992
3641
11216
9928
1953
12036
12373
5584
14537
5911
6231
7310
14418
5271
17651
7838
8143
4864
4177
9233
5803
4579
2677
5908
9796
3180
4294
17099
6008
4691
4388
2475
2401
7369
2768
5026
8373
9419
8397
16883
20202
2988
13065
7525
2387
5728
7218
2780
19369
6036
8077
11407
3094
7599
3359
5524
6772
8439
1947
28214
7185
5237
16615
17756
5545
23392
10765
4834
3752
2725
2409
7829
22974
10633
13347
12732
11932
16611
7263
9491
1478
4353
5902
8262
7193
10185
3369
1642
20224
5876
6083
5398
25203
3050
4661
2999
3363
2077
2438
1981
9440
2533
10627
7701
8689
3245
3423
3315
2271
3694
12538
11342
12280
7696
20975
4879
9093
4819
7396
12448
8936
10720
8455
15651
2192
6633
8439
12815
2630
4584
8429
9809
821
9254
10328
6357
15917
6486
3293
2489
5994
9923
4938
6866
9197
4217
8652
2086
8469
3574
5039
14504
7701
4303
3774
3408
1175
14209
6560
14514
5482
3442
18638
1438
2762
1677
4221
3231
19356
13786
5722
2238
6942
5776
15021
2679
2598
18343
2759
6017
3364
1408
12899
5541
7674
5745
14386
14190
2603
7944
4087
2472
5047
4741
3144
17966
4126
10802
6080
2642
1742
1561
3372
3619
3706
10620
2467
5927
7198
11710
6058
4686
4510
5165
11384
3867
12050
10724
2193
6210
7190
11048
12961
1547
4329
9203
4870
3637
2021
27260
5252
7021
4504
5979
9017
6583
5225
2093
8713
6169
10604
4993
9763
2977
1136
7222
5192
1937
16693
18652
3546
4749
4315
5399
17362
7166
4235
17823
1454
2841
8214
6622
2509
11429
1946
4021
4532
4761
4209
4885
8560
3486
2731
5200
9553
6630
6973
7156
8203
6118
10305
26738
13341
5183
4189
2144
3615
2386
10988
19934
2140
6033
13498
2218
6780
1369
18493
13355
3315
10780
1861
5237
8399
7438
7649
3016
12322
2827
5086
7095
18352
5015
1583
11673
3696
2207
11462
8420
7135
17381
5919
1745
13431
7657
3698
18399
2475
10547
4432
4896
2235
3892
5620
15048
6485
6990
8952
5283
3793
2418
7245
9715
2011
1730
9608
13161
6770
3542
3227
1583
4700
1475
6505
5464
3322
9409
11187
2874
5250
8904
3233
7296
8062
9098
3034
10732
12576
3963
5336
9396
3893
7083
10430
6815
6811
4534
2965
4575
1989
19018
5779
13046
2211
3325
3869
2726
1273
14218
3044
9181
5338
2025
4902
2761
2596
4705
6487
7010
3919
2511
4707
23098
10196
21924
4451
12241
2724
10434
4015
3316
6034
4889
3155
6325
4593
5692
2390
7698
2824
2557
2813
11429
7075
14024
2440
11106
7527
5400
13409
2674
13722
11440
1646
9540
9828
8120
12412
4489
4674
1325
12105
2680
8819
5628
2079
3104
2275
8138
3986
9399
7980
3881
3441
5914
2859
9557
9425
5380
11787
3984
32636
1413
5552
1066
6400
3982
5831
3992
3058
2989
6323
8584
13000
2822
5857
1862
4149
7529
4351
7816
5526
8224
11125
4379
3109
5805
8340
1049
7149
9189
5242
3444
5183
2757
1572
9696
6143
13127
4911
5406
3330
5944
3024
18083
5684
16548
26368
8405
3251
3857
8215
7789
3106
5212
8030
7822
2136
6706
5412
9821
3010
16314
1924
4103
11759
2909
3788
5282
3693
4037
9001
6259
6509
14995
2428
14468
4902
14804
12066
2670
2435
15599
3796
8088
6809
6983
4848
18730
13126
7523
10232
12052
4748
14226
4333
8965
2091
11237
7685
2512
1564
5473
17848
7850
3318
3916
5094
9632
10825
7234
3737
9304
9603
11232
9859
6129
2804
5328
4428
10956
2523
7250
7358
3633
5185
4107
4222
2752
21050
4673
3403
4587
11034
1868
2716
12724
2890
3808
6239
7826
8923
7158
11016
28368
20172
9727
3497
9416
8129
4044
4648
2114
3930
4310
15974
5477
1674
13572
7059
3274
9512
5286
3116
985
7144
2453
4309
2959
2114
25854
4615
2543
4600
25295
11864
11378
8832
9995
3896
30821
5728
3337
27433
13050
11525
9461
4025
2331
1853
16242
5527
6914
11170
3331
3153
14929
2992
13329
11653
9617
6013
6442
1691
2723
13918
8637
7367
1987
7870
17891
1787
4400
5567
6236
4869
16130
5833
9793
4776
13619
19676
10132
5590
3808
19522
9091
19842
9036
6539
13675
13974
1249
2838
11371
5256
13811
24979
3040
1679
19974
4197
8043
2587
5958
5383
3051
16624
6761
2964
3511
4253
3592
2397
9074
6627
10072
4906
6933
3894
3014
17374
8074
1504
6551
2317
3789
2045
16232
9864
2077
15050
4178
6325
3789
4237
7152
6217
2836
2569
4144
5392
16630
5302
11211
8304
22748
6596
29573
5396
5411
8591
14029
15746
18598
12801
3317
11705
3389
8112
25528
3419
4745
10668
10005
12001
20986
1772
4495
15790
12667
3391
17947
32936
16857
2589
9123
3733
11941
2661
3330
8193
2471
4147
6853
3517
10193
4467
3825
12384
4884
8927
4603
4318
1812
7492
3797
3642
11088
4802
5061
10785
12467
3585
11200
17939
3268
2036
3895
16192
2972
4128
3381
3624
4065
4593
12361
13678
9009
6813
24586
5520
4078
32396
4333
2065
7270
4451
2701
4556
6276
2148
17907
2573
20994
3640
8848
4277
6370
4473
5777
8777
8082
2276
8048
2919
1650
3507
2759
3429
8508
7809
5262
10688
3485
4786
1177
6883
9114
7707
6990
6858
8919
1169
7266
1809
1850
6948
9511
2164
4274
2400
6170
6038
2710
6610
14354
5780
2258
4675
15470
3675
3722
7047
5763
14644
5189
7088
2263
17920
22564
7081
1064
2232
1825
1349
11630
6136
6113
6289
8774
6127
19944
3040
2761
13397
18879
4635
2713
1756
6632
12111
1864
12910
19218
6103
13556
7452
4857
16208
11052
10274
6155
6891
3002
6165
10231
22138
7756
15451
3364
2591
14148
3781
8542
2051
29105
3021
6938
10174
3694
12312
5928
1939
18159
5543
2445
6070
3631
3487
12184
5806
6821
1954
10554
3701
12534
11235
20840
3360
7361
3701
12616
7331
4217
17661
10055
22908
6540
7091
11835
11621
3093
5418
3612
5328
11458
9778
18862
11010
1473
3485
11471
6144
2859
4386
6279
9269
6067
2504
21242
7437
3323
9873
2200
4200
1436
11203
2697
8106
8509
2678
15910
2325
1862
5181
15293
4123
11483
4758
2443
5495
3694
12186
1458
5147
4006
7534
3103
15630
5445
5587
15195
11769
5672
7965
3010
2744
4983
3658
3459
5494
6531
4757
11370
21975
4288
11219
2873
16692
1953
13238
9111
6725
1306
2301
2913
4898
12901
5445
2963
3491
16170
13962
8974
2701
13020
12338
9967
14702
16682
17310
6264
4855
14643
5490
16183
2438
6833
4898
6812
15500
7096
7278
3605
2535
10321
6111
17475
6021
4822
5616
7956
8399
6768
2173
5526
4160
11928
9481
6580
14173
14202
6819
10804
31714
4588
4720
4809
20062
12641
4476
4417
3889
7076
10184
1856
3680
6930
7157
8323
12934
4458
10177
3259
20031
2731
4747
9103
7983
2448
2344
5478
8266
4202
14777
9123
5345
10086
3995
6524
27013
5145
5071
4518
15560
11407
13032
6299
21196
7057
2637
6422
4333
2949
4580
13330
14374
6140
9429
15121
4652
40247
12070
3767
4835
3673
1894
6126
7092
2802
6084
17262
19462
5918
6211
12536
8187
4634
7062
3245
6250
11782
2747
5237
3005
3333
7246
3420
5200
5440
5787
34496
7002
11382
7585
25449
2078
21988
3094
6516
11320
2255
1386
10967
12520
3629
8290
2752
8748
2620
1690
8222
4336
14831
1959
1039
2896
4807
4634
12560
3508
1769
17959
5799
12321
5450
7677
8263
11049
7529
5999
9049
20365
4148
15137
1578
10468
26560
1821
11410
4323
6573
7036
4088
13488
7598
2856
11569
20924
6395
1971
4245
8175
7088
2253
3643
24703
9150
5934
3080
14569
6121
6966
9153
16456
3116
7499
4523
6465
7549
4586
6051
759
5477
3401
3046
18712
6467
4273
9055
16166
5536
8272
2732
6578
7807
3416
6532
12567
1658
2500
3758
13217
4085
9085
14392
3365
16315
1762
10012
10840
46194
9279
4588
12116
6028
3762
3538
7336
1363
9390
1774
25012
8500
23006
2455
9279
7092
19048
6688
30237
8396
15807
7323
3867
2391
2910
8309
6842
2242
9395
4874
9318
3742
6670
2900
6992
2259
11897
10422
1383
3352
2561
3809
1805
5709
3908
3871
9078
5956
18777
16621
11388
1918
6659
5635
4203
10912
7699
4879
8220
3093
10105
21796
5784
2636
4740
8897
3471
8307
8377
21001
9334
9738
9161
2540
18572
12133
6784
11918
13024
15486
6922
19065
8145
3788
3582
6446
23049
9617
11512
3636
8405
1812
4849
3245
1973
8807
33564
27355
4361
4853
10460
8777
8619
3698
6895
10216
2961
13903
10319
22174
9118
8752
6019
3057
23721
8525
6884
3633
10404
2743
10983
15126
6771
2043
1579
4688
5595
7735
5923
9919
19825
6479
12858
10763
13057
4757
17038
6994
9519
9598
4217
5911
8387
10916
7143
2294
8394
10589
5087
15871
5600
4825
2446
13418
1732
9875
13339
8955
16190
1945
5420
4192
12303
13982
2680
7842
2477
5527
13026
14163
2763
2636
11757
7878
3207
8630
6831
6816
9443
5401
4549
14865
8349
6629
2557
2353
9512
6191
9241
19898
7348
3519
1383
30494
14159
13813
11280
3089
1324
3021
5023
5582
9539
3006
4934
5797
4558
12204
12479
7265
4891
10134
24122
4031
4051
10871
26963
15085
4141
3524
9272
3739
7351
2492
3706
2922
7710
5418
4406
7361
967
8446
13476
3534
8121
5512
3310
6127
31318
12694
2784
3466
3509
16072
5783
3004
4706
7217
2046
19495
1980
11781
7635
12939
5569
7829
15882
4497
11467
5643
10659
3797
3731
62777
6982
4817
11168
5569
2070
3077
8722
7153
4111
5013
7053
10042
502
10550
17983
6718
8565
2286
6863
5296
12229
6295
7487
4547
8168
9968
3514
8665
8937
8139
12466
4795
14619
8462
12115
2670
2752
12714
2912
2184
1993
5577
19568
18032
4930
6945
1384
3946
4274
4630
14424
6025
17107
5246
5168
15415
11100
8949
2366
7953
6753
17289
13432
9287
5562
35007
16257
8289
18572
9236
11316
5639
7487
14620
8788
4277
2120
8024
3674
4242
13428
21649
6798
8016
6537
33950
11631
7899
8283
5261
2272
3497
11328
12749
4519
8341
4789
4548
6209
1874
1454
12698
28399
12577
16012
14702
5905
2552
6594
3901
6488
6806
8546
8058
8315
6536
3135
5930
6693
8284
4110
12207
14495
5806
3345
2295
5028
2499
7444
4915
2603
3575
7920
10183
2315
19275
6977
10360
7785
4787
2719
16484
2384
33091
2605
12321
2716
1503
2911
7683
1670
3634
3500
6673
14509
5468
3026
26990
24149
11122
6026
1597
2247
5561
3410
8520
1906
10739
6913
16191
5071
5924
6116
16330
3994
8637
4185
4945
9867
16150
3893
4797
5218
7864
3691
20771
15526
8793
2193
11663
4501
4673
11324
5554
5958
4618
2526
11243
6155
10724
12890
27192
11851
20571
4702
26892
10974
4563
2552
15858
5801
7133
3868
6377
6492
8589
3293
15872
9669
35661
13884
4406
8951
1176
2881
12434
14920
3336
5395
1978
7272
3882
4405
3096
6002
8478
3035
7955
1937
3057
5258
7221
2506
4679
16140
1222
7336
20053
11521
10685
5171
4564
4117
3457
12550
4950
3820
4111
7724
6191
5271
23225
23653
1905
3271
13429
9177
6638
22485
4746
7516
4312
15596
17265
4638
10414
4817
12584
4325
2417
17997
9989
4249
12960
10752
17462
3885
6298
12251
6986
12896
9965
23917
1235
6253
23659
6107
4444
8559
11894
1734
1865
8054
9596
22085
8657
5491
4045
1540
862
4503
9195
4019
12297
9387
12399
6190
10400
7768
2252
9039
17108
19596
6530
2799
10307
3728
2880
11168
3967
3335
9392
34452
8217
5243
6784
17025
5473
7733
2930
8255
7567
12845
20781
3196
5072
1970
10555
5529
1750
4198
18327
7175
15938
3515
3885
10318
3053
8976
6855
20444
6831
19627
5880
5326
6321
8527
1720
6234
3253
19996
8482
15273
5651
4866
4707
15432
14147
4377
3921
5595
7195
12363
4004
14405
6261
21879
1523
1649
5538
5130
5476
2854
4884
1699
11552
13003
5080
7106
6030
3840
6204
7621
4983
5410
4597
10472
13617
15052
2866
18366
2813
3886
10895
3260
3598
18245
1670
3443
6287
6709
5798
2477
13858
1706
30938
9278
1082
3904
3516
5356
11738
15078
17136
9307
5682
3645
4034
3304
7981
31683
12358
6409
1438
9649
7113
2980
4897
4732
18945
7039
9826
17829
3661
3385
14555
7310
4570
11892
4208
12356
2958
3537
2733
8950
5561
10837
5268
3258
3130
8633
5133
5667
3572
8913
10154
2406
9377
4752
11192
6401
2673
16845
3217
43122
18614
12925
19397
12687
8669
8019
10282
8938
1903
6676
5273
11357
8693
2097
2475
1666
38987
1828
3449
9127
2992
5267
5974
5032
4581
2924
2116
5312
2480
7297
2310
9382
7987
6483
5118
6171
9811
4905
5366
11681
9627
10787
7943
2050
6266
3995
11560
4950
2363
35228
8466
6241
3518
6414
4536
8366
2847
2175
6135
3508
7568
4157
10200
14304
2950
10533
10630
5968
2296
7045
6111
19131
13007
3732
2062
4500
9471
7155
10135
7022
2248
4115
8335
7549
5572
3657
4316
5167
17253
13081
2708
7173
4945
3727
6395
3844
28555
3158
2884
4470
6328
4826
1632
5667
17655
13234
7671
14882
10887
12518
2680
13165
5213
9751
10129
25433
3517
10887
5102
3490
4134
23840
3390
14398
6150
12100
15656
19116
3270
4506
4085
13471
8887
3582
4783
8738
13950
7204
5871
5846
4714
10592
3550
4111
2364
2265
9207
4239
10512
6731
18233
13855
5862
6597
7468
6367
2346
6984
11219
4940
9627
2888
12643
2504
13537
3604
1229
3983
7945
7813
4985
18036
7084
7373
10802
3528
22628
1194
2776
3038
12555
3779
4518
1905
5445
8012
5668
4867
9467
2746
12961
25986
15005
9792
8556
4605
7562
5176
2725
10169
10938
7968
4785
5957
6742
8218
4591
6413
4329
18291
4295
6653
1888
4921
2633
22522
3775
3143
14914
10697
10594
7699
14373
2848
11885
2868
7679
2732
5319
3853
4795
2298
6607
7862
8070
15517
5753
12754
8250
7958
1820
2467
9101
10865
3264
19062
4506
6188
1935
10731
8489
5094
16495
4702
7478
7218
11842
10591
2035
4467
4548
3063
6210
14483
9533
3902
16483
5487
2482
7247
11417
42865
8175
2315
11754
8445
9992
3749
17957
7929
7827
4807
3819
6216
3308
5333
37720
22779
10696
12418
2969
3075
23129
8266
4037
5110
2642
5563
2414
4394
7684
7389
2669
14044
5237
5221
9141
4846
843
1174
7401
16053
3847
4657
4243
3955
2184
1503
5177
4733
4368
7855
13855
12520
10850
5195
21473
20194
5134
1911
5252
8161
6866
3640
5454
1411
4576
1709
8579
2833
5797
6718
3403
4069
1853
5291
17017
12052
4584
3354
5672
10399
5474
6040
8647
16881
3751
7331
23198
11446
6536
4046
14594
5836
17719
2915
3865
5745
4902
17821
5878
6448
3701
3199
2734
7661
4391
32462
6001
11854
5542
20642
4487
9343
2849
7643
4513
3208
4362
2867
2717
4898
11242
11456
9653
2959
3051
3434
2842
3665
9665
5351
13678
9867
5915
6068
7397
5375
8560
1645
3188
6882
10331
4018
4694
6234
15797
9064
9296
10884
6203
2596
4398
12332
1547
8191
6743
20999
4338
8426
7093
2673
6631
7937
5078
4901
3408
17473
3964
12112
12681
9278
2275
6188
18793
14087
4788
5225
9372
3718
2642
5449
12830
932
4649
11918
6130
6714
7955
5174
1271
10756
4400
10374
20657
6557
3696
4385
14780
5921
3958
1790
10339
14682
8369
28346
7294
8442
8040
3234
7793
3928
1906
1874
7353
9211
20359
10454
2446
14747
4136
6228
2815
4903
9402
13443
10684
4427
13003
6033
3023
5369
8795
3478
2724
2429
2979
2734
8292
11509
4467
3011
3943
2744
2383
16327
1467
3842
6500
14775
6745
8641
30463
2939
4687
3959
6521
8540
5433
4118
4298
6357
9525
12752
6899
20342
14022
6338
3646
2313
5855
5321
7293
5031
5140
9939
3525
10294
19374
17116
9188
9129
4084
7732
1349
3210
7460
13622
1910
1572
6984
5512
12374
10586
10853
2404
4440
7524
5269
4561
28756
1988
10426
1507
3427
5991
3977
6024
8951
6782
21572
11220
3051
5613
13641
4842
1938
9965
14495
12350
12481
9379
9637
5050
12628
4268
10980
2152
4258
3263
6428
12757
7388
26045
8419
7998
6625
1524
3618
3000
19245
6872
10395
13179
9198
1489
2738
7225
5897
11311
5614
1920
6062
7105
6864
2549
15805
5567
4762
3013
2092
10537
1704
4604
15300
9802
4398
8217
6875
5110
4826
2144
6939
5830
7557
11440
2490
2829
2612
4211
6353
2137
4130
9014
16305
5999
5527
7359
12376
12416
3548
2704
3087
8972
12821
3966
12700
6994
2932
2665
7715
16800
9238
8599
2273
4350
2612
3839
8110
19199
4857
3997
24732
21008
7954
3939
1848
4779
11549
16048
14994
4221
1075
3802
4116
2542
1179
7330
7238
5897
10678
5282
9860
2609
8567
9148
5256
2022
5289
2828
7400
8561
7406
11473
1967
9593
12034
11336
5477
17311
3957
18345
3059
818
12979
8003
3215
11619
3504
5669
1665
4574
4808
3341
6359
26252
4657
2103
14462
1875
4428
762
6643
9381
3321
5080
6337
3444
2868
8635
4271
7536
3835
6864
4139
5603
1917
15298
9387
5262
2805
16742
7425
10602
16167
5799
19253
5519
7668
23929
11261
11223
5592
21353
4652
4413
6861
8324
7709
3399
6182
2665
17924
7002
7439
2132
3692
4459
1116
7648
7661
3495
5162
13513
9358
2924
7078
2529
10075
3748
8372
3958
10965
1992
2285
20395
1916
13216
12568
22269
10441
1682
16236
11691
6156
19684
13977
10603
10444
9408
1052
3231
3901
15588
14032
4742
5661
5870
3911
9755
14010
3397
2075
5580
2141
10089
10249
4200
1505
5862
4161
4480
4456
5702
13610
13747
14560
12134
6572
6881
4218
15180
4934
2313
7738
14226
10679
2343
3326
9853
12519
9381
4409
7940
12266
7850
8073
9778
16725
5403
7567
14177
11216
13498
9855
22873
8714
20079
2129
4117
16266
5044
41124
10443
9068
4769
3989
22768
11516
7222
4723
6477
2601
15864
4896
3681
4894
4770
7579
9138
4946
3230
2124
4779
14667
13024
4789
8190
3521
16515
2225
1395
4460
10355
1838
10884
14788
8327
3833
1797
1472
11769
5216
8908
9405
7475
9969
3809
4793
1711
2337
4234
6944
2133
5923
7177
17020
6479
5525
4610
2742
10400
2848
15471
10376
14893
8281
1075
4884
3583
11957
11444
9561
10096
3672
18059
5963
6410
16963
4647
9553
8038
13699
9998
9492
7973
4857
6326
6689
4815
2020
5734
4475
3134
5832
11725
7688
10843
11654
2785
3400
14652
1669
7980
6393
2905
2327
3165
23121
3279
4925
3329
2499
11837
8867
3904
3689
1239
4462
6741
10809
4361
7024
11610
5959
6525
14475
7579
6453
13146
4403
6282
25481
3154
10305
7172
13501
2006
5179
6955
2965
12830
14492
26965
4470
3011
19538
22230
6794
9261
3655
9981
4885
2375
14253
6970
13607
3769
3566
5829
5744
3776
12982
11718
5786
2110
3692
24224
30342
6404
5311
3469
11591
3579
8185
8903
6584
34457
7736
10943
19440
2950
2760
15248
18023
3698
3117
15708
8291
8288
2266
7881
5299
5379
1599
2337
4682
3862
2833
2845
13677
14160
15668
8490
4412
3072
2095
5695
12155
8984
8056
4332
7097
10851
17878
3568
9564
16587
13680
2334
15460
2494
24982
13247
12821
9531
8124
9583
12813
2321
5891
2010
10918
8309
3355
3876
6405
3161
1729
1409
6246
4693
1069
10371
6112
7401
21697
6208
4321
4594
2430
3034
4726
7608
2321
8330
3419
3064
9579
4265
15275
2107
19329
13501
3715
15160
5012
3137
7801
9418
2455
4569
1205
12543
15257
17702
21220
1262
20355
1755
1301
5185
8734
3238
12140
4147
11792
8403
11644
4965
1755
2799
15500
5375
4203
24754
6547
7296
18297
6329
4243
9534
21092
17968
3540
4542
13484
17059
9926
5640
10121
4773
3296
25981
11504
4330
9286
6522
15453
4821
4183
13903
5635
17727
8829
1982
1057
7231
6512
4755
8454
14003
3527
15607
7374
6079
10257
3422
3444
2452
6044
5098
8465
5712
4350
5790
2203
18601
10307
5951
5550
30360
8944
11546
11486
10732
14420
7928
4796
3814
11287
10571
1451
6242
4454
3247
24273
3770
6323
13538
46824
6251
5915
3516
4604
8034
4625
10568
3995
28721
2219
3833
5146
4295
16873
4044
2863
10960
3211
1219
8810
7759
5542
9147
5045
2472
2438
4980
4540
6811
1611
7305
5774
4529
4374
8180
2841
6404
14671
4128
5415
5823
8902
2343
7103
1535
2703
6829
6843
6944
7421
16279
11165
15522
2823
7047
16167
4065
8696
2096
13929
7999
4389
3868
1967
10253
8955
8527
11048
3236
7803
12119
2116
24060
5295
2926
8549
5052
14905
13021
5764
9916
17565
6902
5301
29621
18706
2283
10563
8215
7583
4999
1137
3820
3808
15545
2851
37905
16643
4592
1997
16753
1198
6861
4512
3424
14249
3473
13824
11862
1869
3767
4580
1289
9748
44302
26133
4141
4745
1338
7244
12047
3434
4426
1965
12222
12598
17942
9363
22215
16307
3929
4999
5483
3699
3224
4382
8734
2336
6147
2214
4200
17752
12362
1728
35647
3223
10770
6159
2317
12466
17437
5707
4552
35452
7290
4706
10215
18674
10096
7952
8978
5194
10514
19453
7874
25977
18748
5558
2561
8556
9222
17660
3565
3691
1490
19815
5559
14194
19494
7972
9001
17035
8663
5607
15981
2430
11372
3875
6925
6605
20632
13336
6686
7692
6705
7994
3418
2445
3750
5182
10446
26267
6228
7052
3327
7967
2870
6784
2918
7988
4169
9023
9812
2516
6984
15375
8802
2615
3931
6178
3600
4930
21466
5903
3552
5442
11198
5447
6808
12690
8714
10056
2897
4248
6629
8273
2244
2488
8760
3767
2054
9782
4538
12416
2968
4465
8068
2583
8533
9023
2215
18537
5277
12625
5105
2542
3474
15249
8449
3415
6000
2599
1210
5358
6101
6593
2675
2768
10390
5167
1743
3846
4089
8742
5128
2527
2695
4603
7888
18973
7044
5159
4452
1408
16998
17044
7353
10807
4566
4807
11468
8091
8467
13149
8726
3875
13905
4038
4863
9974
7196
4012
18592
8176
1981
5367
5550
9763
2128
4043
15129
8272
10651
3663
7492
10754
3377
1198
18720
5630
7092
3492
1978
15614
19102
3664
18583
16697
5588
1566
1942
3552
4305
15118
15076
2313
16678
2401
2422
19481
5625
4393
11990
8834
5916
7585
23361
5637
5887
5559
11076
12381
3788
3308
6752
7394
11031
3897
6235
11846
3505
6790
16690
9789
2254
5668
8185
3439
15308
12642
3351
6757
8933
9495
10273
7125
6243
7043
5645
34186
11627
3979
3453
3871
2561
6134
11977
3240
14859
13997
3474
14819
2406
12625
4556
2552
3060
5599
5292
3300
2074
20940
25919
5454
2249
2858
8561
3001
5445
7164
20440
11877
8217
14569
2437
7899
3579
4403
10467
18267
13496
25747
4041
8999
4193
2097
6580
11364
11335
7156
20241
14483
18193
23634
1855
4937
7776
11289
9979
3432
3072
4034
6536
2665
5419
8976
1604
3353
3004
1317
3957
4101
11958
2918
7071
2007
8697
4814
8736
3361
2069
3557
21374
3655
8449
8855
13526
6424
4740
22324
2434
7706
7949
3413
7162
15068
21826
7088
3272
7293
2411
17648
8982
6374
4651
12366
28558
8346
15152
6224
6219
5893
2950
8332
1338
21210
8481
5634
5824
28654
3347
4338
9643
4972
7263
9141
5472
9118
12840
4351
12660
2623
16361
6781
14419
4817
1309
7726
6018
3027
3579
7166
7469
14219
12999
3605
10922
3645
3933
3548
3434
5465
6594
7342
1831
8553
10420
15769
3989
3482
5422
5685
9038
4413
4782
4645
4148
5415
5573
5133
6709
17049
10911
10970
2417
8515
6152
11435
4564
3342
9018
2647
9330
3098
3833
2282
6936
10078
2306
6762
2462
8360
6066
8953
2645
11523
11557
4627
5018
4189
5198
1430
16495
9835
17349
8065
8927
9546
3936
23013
4032
8212
5417
7837
11055
6409
3012
6948
5655
12126
7160
5840
4065
9033
9227
12415
3715
14993
6316
3088
8737
2447
4011
10451
19075
1801
14657
1575
8599
5752
2527
10360
8827
3433
9015
2580
2319
11414
8090
6493
7775
14215
2790
6464
3952
12920
3501
3335
11740
7402
15865
3481
37291
3299
6375
7000
5629
5590
3568
16569
17257
3411
13242
6988
4695
10271
25513
7386
1607
1756
3184
4350
22481
1425
8919
5950
7546
3523
1876
9050
14069
1993
18009
5403
5600
6835
6098
2609
9085
3895
5459
9133
7586
10971
2963
2304
12424
5939
3309
17463
2203
3376
5589
12310
1456
5365
2758
17862
1719
6069
12881
4751
1970
1933
5301
6613
4034
3597
2589
12580
2114
2461
9357
23366
13552
4810
2722
10602
4996
1180
12501
1621
9995
2769
18377
3918
5206
1913
2437
10002
1690
1786
8453
4192
12901
7738
1901
2436
7482
5406
3364
16172
2141
2974
7983
17307
7822
15820
12479
12667
2932
3132
29064
14885
6051
3502
4947
5115
4068
4170
7980
3918
3399
4708
7450
10815
10413
12935
2139
4223
9853
3529
3147
6766
7891
16553
5422
6626
1961
8600
5972
6510
6189
7165
16920
37413
14278
3748
6115
4421
1661
17487
3496
5274
3909
6682
15698
22775
3199
8459
6964
5075
13148
8229
1202
3772
3118
3593
19477
3849
2769
2062
20602
10137
7043
10818
10239
1906
2817
5825
2315
2905
4301
8031
992
2697
5393
8824
3212
15856
6800
4402
22643
3565
3012
4194
14481
4253
6573
11264
3372
6720
6278
10568
4364
12507
12681
2092
1781
4465
10624
8771
2725
6229
4450
3918
9762
6909
5450
8364
2517
23266
15888
2367
1621
3792
2837
18987
13040
13304
9563
6041
5877
6688
10061
9782
5762
11323
2728
11267
2523
2668
10301
6687
28003
15547
9565
7693
1471
3281
9326
5407
4594
5459
10008
3882
13944
12363
2871
3117
10354
4025
8340
4585
15879
4869
13371
7672
15487
15494
12786
1290
1817
18550
3032
9975
5810
7047
10417
14220
3339
8353
5435
5103
3655
6960
4078
3710
5969
1910
3466
20894
25061
6639
11563
3857
1958
3179
3660
2366
3019
8348
1177
3150
8509
1301
4672
4028
5594
16491
2199
16110
8074
3483
19571
3282
9444
26494
11018
9633
10544
1978
3065
13327
5016
28186
1963
7528
10700
3773
14598
7659
3367
13504
6955
1901
8827
2158
1633
7780
10673
19992
2761
5718
5472
5893
11200
2070
8478
9981
3355
7617
7648
8807
6787
3801
8175
3348
3229
7310
5390
11609
3383
8872
7692
1411
11070
10442
5314
6503
18475
8046
13254
7423
6489
10310
12477
6376
9809
2381
12915
4196
4036
11935
1551
2036
27298
5256
11720
6472
9665
4788
6039
11283
5726
8421
26791
4482
3613
6657
9018
11050
10958
6114
35937
37590
4981
7895
17962
4320
1806
4242
2252
9056
3576
4818
2875
8895
1666
2264
1966
9660
7209
6403
2583
20766
1557
14292
4690
7064
8372
5454
11501
6535
3449
3502
7315
6347
12332
7868
1510
6103
7738
7506
4505
11120
15509
5102
1482
4189
3752
6271
4508
7778
10021
3573
5726
4692
7323
17413
1598
3221
6031
2215
3997
5665
1225
1791
16833
7086
1964
21069
7275
4674
14781
1585
3557
25372
31872
9265
8563
10431
19730
4388
8614
15133
1683
7593
2474
2895
7095
4385
18206
6205
5556
29299
12014
9440
3394
6547
4129
6956
4630
2666
18398
9907
16418
2793
3771
8583
3169
7360
13334
9169
2259
2044
13163
8286
9673
6413
4046
4220
10073
5194
6096
17403
1210
1704
2894
2117
1532
4460
6870
8724
8117
4477
18041
5760
10155
6447
7021
13322
1333
42091
3175
2017
13835
5888
4062
42439
7254
6081
5260
7464
13707
4403
4976
11276
3747
9826
12655
6236
10390
1861
2752
4002
3667
7478
9168
6276
22991
5907
7806
5250
7793
4143
17630
6999
15977
11568
3006
8464
3926
6809
2510
15340
3716
11506
6565
1530
12613
21147
6096
5648
22263
1885
7908
9733
8311
6193
8639
11584
18653
6941
7517
5203
13200
6212
10405
3713
9209
6336
7740
26818
10478
2631
8892
2413
12897
6378
12033
3497
3810
2894
8456
7704
10130
4472
1299
3625
2529
8358
5303
42882
4584
17648
12488
11181
3299
27845
12094
15141
1530
1358
8980
10802
6636
4493
5407
9033
13226
3427
3909
1349
7143
7338
5246
2619
4474
5376
4148
18934
3299
13022
4210
1756
31521
4060
2788
3553
6562
16902
12454
4497
2000
6000
15343
6695
4467
4797
24377
10485
12890
2465
5956
4703
2613
1922
9203
7678
4234
1814
4432
19130
23723
6679
28488
16066
9732
6182
2733
6104
10260
6858
4984
9248
2447
4374
1701
24005
13180
11429
12375
2574
4207
10462
2012
4032
13620
1427
5653
3136
5235
2162
21000
13975
5388
7359
7083
2504
2469
2907
3188
30529
7092
6924
3976
2779
7842
6827
5682
8655
4291
3316
6297
7152
8794
5160
3376
2159
4561
8102
3940
19541
10798
5584
3592
9219
9537
18097
9159
5989
22538
10635
5991
8664
16036
2510
12135
9160
5083
4591
3514
1604
8441
8863
12648
4097
9066
4230
11038
11416
6423
3797
17167
8549
3064
2398
4077
14644
17613
2590
6805
8662
1935
15054
2078
20338
13908
11153
14855
5189
12580
2799
2500
4131
6279
5140
5895
8251
5810
11300
3376
2725
5776
2711
6499
1210
5018
7041
14662
11378
6109
5291
5856
16735
12311
2617
15342
5728
5290
18949
5622
6175
18344
7593
1937
9707
11381
8884
2676
2478
9710
5632
16852
13646
5430
24362
5445
3295
9766
23615
5690
16405
7569
18532
2871
6568
2279
1799
10418
3059
2224
3548
11205
13575
18756
7745
6538
12682
2200
2187
6435
3475
3108
6006
9589
5714
3207
14420
3992
7726
2603
11889
9445
6070
5331
5368
9841
7658
4876
4597
7644
3116
5123
5405
4451
16440
1511
8792
4501
5715
2855
5953
16496
2565
13066
4340
9385
6675
8759
5512
4469
3140
5896
5396
3035
4587
3064
14363
9385
19264
13086
19954
7512
1793
3206
7348
18859
27185
4623
13150
5181
21214
8094
17320
5205
3323
3275
3995
3891
4204
743
18411
13350
13072
13453
22713
8399
5537
7341
6626
14043
7310
2012
4509
6216
3577
3639
30868
20632
1782
3300
3169
12433
5348
13473
5376
8851
3673
3734
7505
2127
2184
2256
2909
1965
3565
8332
14258
14968
5646
4174
2114
2610
11304
8728
18000
4908
16260
5887
6230
12822
2841
5441
9410
7296
2640
2505
3579
4494
3283
36957
8197
5378
2883
10848
2629
3970
10319
5790
6569
6640
13414
2696
3747
5372
6635
10307
6377
40195
3628
10716
29074
9024
8941
18696
2912
4071
2023
13522
12734
27269
8246
15342
3230
4952
1681
3510
12845
11257
14918
4313
3215
3373
19294
1951
2457
16947
3380
1486
12080
3085
4605
3860
1515
2151
3098
8953
10469
6167
10215
2519
6754
10515
1671
17243
5270
8216
6002
11894
20781
2015
2112
3302
1935
6403
1524
7271
4524
5231
14636
11816
12538
10914
1587
6991
2347
7854
5657
5485
4666
3979
4886
19184
14039
8734
2075
2785
4110
2977
12908
1558
7737
9622
7688
2741
1940
2110
5311
7595
2810
2000
2037
23750
4842
5780
2398
9596
3775
4115
9719
21638
9326
11012
2661
5721
7655
2665
2523
4731
11310
3740
23852
8926
4165
22361
4542
16252
5658
1530
9548
5732
5556
19659
6346
7403
11497
10622
22221
22270
13482
12063
26044
1258
10130
9298
13350
15316
3786
6536
1458
6326
10184
4983
2914
3206
12271
4685
15300
10255
12486
4973
15049
13314
5470
11090
4205
2502
12418
4418
10638
3787
13375
5435
2658
4197
1406
5854
10543
3834
4035
8715
4524
5057
3241
6822
9308
18978
4472
7267
7356
2653
6292
6416
4794
4679
6918
10211
14821
5228
4834
4613
4891
18194
3891
3874
12414
12382
7218
12370
12811
11007
6480
22851
14920
1311
6030
6109
7003
40567
15151
3941
17179
9048
6005
26842
5726
10077
5504
8341
3678
10427
9479
1911
8469
7687
1664
9976
9889
3161
10571
4977
3707
4376
6084
2942
6694
11278
1854
2311
7055
9424
4616
3027
8284
27657
4310
1680
3023
6289
4005
2797
11350
12432
4210
1866
5105
3544
3608
4764
5714
6140
6640
5646
3748
10743
1997
11912
7745
8179
5642
21604
4951
9001
5681
3739
6161
6376
5223
3196
7768
16042
14263
2495
9997
3877
9758
8139
3286
4855
7374
4385
5419
9881
2724
5143
3949
11645
12541
5051
4330
21481
3468
1767
6533
4352
6022
3651
18862
7093
11622
2607
17175
4181
20128
6507
9794
2208
10046
2948
11939
1274
7429
12011
1770
32672
5698
3114
2293
25045
16542
4072
1424
1296
5337
3780
8466
7354
14247
9248
4968
5192
4295
26725
8903
9567
16776
15213
1664
5992
5572
5727
8919
15546
23751
21164
6494
25900
4981
1991
8862
5952
6775
23019
24981
9640
12047
10307
3955
6018
11757
3329
5148
4796
2353
10289
54660
3143
4872
24174
3569
5802
17165
4503
11412
8844
11702
4227
3487
5328
7003
6953
17791
8143
6001
5459
8282
2710
2914
2360
6501
9039
4467
11764
4213
5383
2862
6023
15819
4018
11001
8726
2120
7943
12144
12906
10149
3014
7490
12753
4548
12659
9993
2207
4098
2747
5734
5842
6556
5091
2586
7684
18487
5376
2646
3854
4798
13568
13641
3764
5455
6378
7977
11165
11160
15908
3411
14045
11542
6368
7066
4820
2748
39443
1627
7851
1518
9788
11662
2197
4408
4374
5688
17881
13196
7997
7357
18923
3611
2359
4920
6521
2842
24119
4577
11898
12764
1836
2911
7706
18537
2935
12097
1979
10555
3828
8163
5635
11769
8783
9049
13331
1383
6631
9326
2224
1964
6325
3209
12626
9630
7880
4133
3344
9852
12243
3493
14846
14555
2251
6139
14247
17189
6076
11484
5500
1489
1897
5054
2610
6695
2765
4141
14304
3956
7271
19172
15100
1904
8181
4759
13506
5779
14633
10132
16790
4787
9561
25711
13919
7745
9500
13370
13546
14528
2515
8497
8726
6908
1653
3524
8165
1824
3750
10303
13023
6447
9865
14400
7237
7869
4299
18467
4433
15834
2069
4792
2946
10412
18860
2737
5624
3574
3450
4726
1143
7265
2487
10075
11312
8808
10053
2945
2477
1328
8347
12069
7853
6883
4176
3152
3782
3651
7209
12238
6426
2142
3409
7702
12791
7001
21749
5582
8218
2626
5755
14781
10850
11175
5502
2841
15127
1906
24334
12186
4322
4462
4465
2983
10270
2680
14312
5031
4201
2587
9594
2453
4982
4394
9318
3233
5682
20281
6599
2236
2789
15525
2402
2059
3311
2705
10309
3854
2220
3396
4247
3813
4166
2916
3734
12133
10425
3737
4197
9985
2652
6251
1556
9849
11876
2659
14750
4752
11417
4380
4850
3003
3966
3120
7737
16005
5565
36540
10984
6695
3524
1537
4729
8963
11333
5857
18126
5535
1546
9616
11084
25510
8833
24334
7348
12020
19223
4331
3399
16035
8505
5051
3453
11189
6117
13220
3480
4199
9747
5752
2057
13766
15553
16026
4282
33078
3827
12636
6448
6569
3973
9444
6928
8457
6694
1494
1994
10952
1667
9811
13037
1986
4247
4569
2830
31129
1071
11323
1622
23474
3080
11605
3733
5362
4603
3998
2286
1339
4901
10950
4350
8780
9003
4200
6144
4909
7703
6842
6689
3408
34007
12748
2351
1721
5925
18564
2955
11317
2357
3546
10840
8472
3271
3976
9801
6854
10000
18483
10255
11111
4891
4136
6755
6576
6127
5628
6040
1371
7673
7144
1307
2215
9571
3527
21966
20923
4998
15066
14304
2922
10869
9033
7587
2733
2759
8573
16729
6063
5777
11246
19276
3652
13811
7576
5452
27619
3612
24048
6234
6181
5012
17575
7386
14152
4474
6209
4619
3898
16915
4490
15177
4632
9755
12013
2394
5159
2699
5597
6900
3070
2248
6967
25361
3026
4368
5293
16524
5761
15029
5904
4716
12592
3024
2846
4547
4062
14441
10395
15074
3298
1851
2618
24083
7265
2770
2289
17712
6054
3255
6065
2478
6534
18508
3989
8039
5250
11173
4125
8837
3044
2308
8629
10901
4618
3269
2299
3539
3938
6671
2276
3692
6759
2943
10702
2133
4084
9588
4854
31540
6185
9144
8045
2252
4963
6163
8834
3081
7985
9479
16484
5566
4250
15117
11218
2407
11671
3664
3358
7183
10857
3137
9651
5212
5083
6344
5857
6369
5923
12221
6689
2506
2900
3385
2606
29211
11586
3648
3523
12087
13275
7872
11094
9575
2184
4125
3525
1816
7390
6436
2784
1901
10870
2949
10733
1152
6623
7837
9184
6127
8482
3500
4884
20220
5245
9264
5799
1488
4479
16767
11792
12946
3884
3720
11954
5183
7860
11262
11826
5219
20904
4183
1520
6985
2246
1836
2112
5606
11865
2267
22380
3955
8502
12526
16542
24969
6923
2866
10545
8627
9289
3652
8476
3182
16385
7405
8979
4029
8197
8114
2335
17510
14392
4651
8792
3650
1934
3030
3747
6160
3754
14210
9534
2398
7982
5607
13034
21330
4738
3774
8999
5530
13190
7051
3543
9099
2699
17915
4183
6013
6031
11259
3867
17480
6016
1361
7938
10959
16451
3682
2242
3453
3553
14725
5358
21631
11526
5015
5385
4852
22648
2537
3782
5300
12334
28369
6481
2559
9305
5966
13431
5760
4645
7754
12687
8209
9616
1885
4727
4482
1931
6218
7007
25656
8082
10556
7489
16345
6015
9069
5056
6582
3579
40890
6247
11534
9566
6269
4222
2539
7411
11117
7096
5901
6061
4213
3649
5223
2502
7176
20350
6829
5186
1744
9979
1847
4082
739
3262
7917
11051
9759
3526
2983
12716
6985
2595
5868
10327
28597
39346
3938
5823
4408
8267
8986
11040
10282
1203
4564
5417
9135
6148
3502
5198
18810
3574
2863
3519
11696
9509
16058
1797
8129
16711
2724
5821
6588
12231
2391
3189
1845
7833
3509
3916
12431
9970
4751
7647
4203
12049
13321
12555
2741
1588
5783
4543
1975
14030
12212
6249
9988
1455
7964
7926
2264
5438
2750
2690
9109
11619
7469
1918
13747
2479
2131
2462
6649
9622
10014
5599
2575
22527
11670
5173
7468
7558
9484
5337
25681
3721
7691
5460
3174
8774
6669
10460
3079
4126
8519
2503
18092
3750
4000
8963
5482
6245
14632
11282
21271
4990
18800
5570
2507
9646
4481
8849
14131
8190
3310
1851
6429
5877
3813
2046
9275
2708
2832
5510
3160
1462
4597
3507
13863
1002
19173
5145
20097
23312
1900
14778
7371
3558
13511
1176
5845
11670
8920
6959
1822
2248
4635
6306
625
5387
9363
3554
3488
7588
28032
11294
2937
2689
3202
5680
4698
5908
1406
19506
4357
1773
15228
7970
14238
10066
3873
11344
5012
15786
10160
5081
6159
1122
5023
3737
7622
11782
6253
2186
6316
2679
2141
19038
3758
1761
4176
6900
2869
4744
6890
14565
2905
3864
9009
4812
8946
7411
6762
896
4909
8034
19212
2348
5018
6517
9350
2868
4704
3934
1965
5895
5874
2435
8898
11320
20559
3283
16054
4261
13168
4139
2901
9803
17993
6937
2688
8773
4450
16083
5514
21543
18764
12701
17327
1167
7329
8706
9972
1585
6287
3587
5589
5088
6534
16237
8969
6944
2541
14165
1706
5970
2911
9101
3370
2915
10311
2858
9304
7331
13768
9531
9596
2447
3339
4050
5192
8187
1854
3799
5108
3034
5188
4040
9670
2722
9934
18188
5132
8928
12195
5725
6520
2803
6616
5184
9151
9037
3970
1861
8829
2564
1771
6073
1984
7780
28067
6597
3806
25458
3766
9048
4058
4308
18434
3865
3162
2127
2363
16248
1635
11249
2877
5304
6815
3681
7531
5014
5926
1525
4606
2846
4922
1114
1669
27386
6822
3637
4056
21555
10092
3743
5727
8697
5432
2190
4264
18094
13840
6687
5002
9051
10366
4371
10729
3210
6651
6053
2321
13321
8944
5623
3038
4233
23335
18767
4063
14571
8151
12249
1985
6223
9395
17922
8275
17994
2055
7390
11931
6516
2943
3047
9939
9528
5796
3301
6986
3063
2285
16093
4135
5766
10320
11334
7822
2008
12052
3631
26088
4091
1664
3884
6308
9185
7533
14667
6350
2674
3113
4718
15772
10763
3135
3815
14006
4214
15701
1701
5382
12824
11643
3246
4642
10417
3514
2553
2305
2561
4485
3702
17882
15405
3471
1206
5822
19030
15706
4340
1546
5172
7029
13902
5790
2652
4610
10690
6654
7864
6613
1780
4797
1195
3633
2766
5351
33723
7063
5303
2387
7656
4251
5175
2191
12841
3113
7012
2245
1710
1991
1796
11111
9252
13671
4408
9445
2936
25927
4051
7989
12179
6804
3316
4315
9459
8856
6790
4746
9894
4608
11246
4619
5342
5666
10446
3465
4693
8522
1921
12415
11271
5607
2938
10577
1875
7386
4220
24250
9667
13877
4535
2060
23944
3046
7794
5281
6954
3628
6230
7120
16550
2880
9233
11111
3561
3439
25481
5268
7466
8220
5653
6572
12421
5105
6732
16714
6844
6097
3550
3693
7420
5601
34622
7205
13585
5336
11424
2823
9446
2151
3720
4440
6717
2968
2147
4391
18289
11609
5063
14311
14277
16707
12032
5531
9142
3007
7288
4869
2998
3888
4845
25936
23162
3558
9914
5243
6337
9150
14108
5219
9220
1282
4775
2837
12780
9681
14387
10342
11161
12697
2320
13693
4669
7853
6880
4022
5033
8902
6563
11993
2372
1970
4500
9879
14436
5932
3837
13561
16597
4498
3560
2996
18220
4710
6459
23584
2612
23579
8927
4586
6354
22338
2195
5485
12136
9228
11745
6815
2546
3547
2344
3586
5477
6077
17985
9366
5673
2475
6945
14318
2439
2903
2343
3684
7534
6222
18744
6379
4893
1810
4049
6510
11165
5235
6543
7571
16131
4322
3833
9094
16484
10824
7840
3792
2788
2698
6761
6555
1511
5684
10451
5362
10223
8235
3898
5377
4631
3142
14198
5516
6733
2441
6132
4980
10940
5642
1904
3928
5147
2683
12847
6997
10592
9013
17657
7295
7322
3811
4596
9625
2251
10439
8905
8985
2894
6381
1779
1293
6196
9229
2621
2866
7201
14168
4371
4766
11192
4528
10250
42059
3424
7684
6235
6524
10470
6450
5117
10582
5232
6591
5713
3085
4188
4450
4310
3461
3269
3511
3099
7566
4985
4228
5109
2967
4520
2625
21348
4278
6458
9962
10752
2674
9343
2498
7813
9559
1621
6173
3549
3026
2027
6414
14053
7710
6422
3256
2585
12169
9577
2795
8433
5362
10685
3891
779
3233
3164
3478
3925
8325
11370
7533
5529
6116
5410
5601
3596
11037
2368
1648
5514
3078
15044
4946
4923
9627
1504
11924
5500
14961
1481
3814
7388
2953
4177
10791
10553
5330
7517
4241
6936
8059
6652
11124
10461
6278
4606
28360
15630
8029
10235
3212
21862
11093
7267
17635
10192
5406
2649
4638
2450
3022
13074
2307
7374
4427
2298
3777
6015
10135
15027
11296
6336
5183
5423
5145
17015
22961
6005
3111
16959
5769
6421
20776
3047
8192
6702
17932
3696
3313
11940
7583
7813
2857
6399
16451
17943
6689
7849
4861
9847
2467
13655
6391
16259
1411
5983
5592
5449
3579
7165
5738
4265
4867
56802
23977
5586
2514
13928
3354
4780
3742
4762
7901
12179
2915
10981
4604
30474
890
4334
11436
12850
2235
5236
4581
3371
8042
19516
6254
2720
2575
9328
4312
4119
27110
7050
2014
3854
14018
2261
5108
12406
2504
14880
7394
3934
4959
6431
13622
3162
4600
1746
7768
15572
4792
2944
1770
2460
15054
6495
5060
5013
4789
2380
6890
2623
20814
4605
9839
4368
9357
3708
4037
13640
23183
22728
9751
10545
2733
2528
20695
4139
8913
9624
24252
9038
3933
4207
6274
2591
2311
5800
7365
6037
13540
4042
5723
31490
7036
3094
3055
8757
17167
24535
10225
17854
17575
2760
1876
4193
4509
5472
2290
4494
12547
17719
8052
4231
2701
13049
5829
11640
4998
6201
7064
10958
5208
9694
6843
2946
3977
4077
6049
8943
10267
3942
1674
13150
22424
7285
6541
11569
17623
3406
4116
2289
21386
5508
2493
5207
9417
2005
2243
9266
5580
10118
3582
2988
4599
2792
1931
10703
14095
21299
5797
6012
6411
7102
3025
11999
4284
16091
3406
14960
3990
4159
4709
8017
5420
2522
5061
8393
4021
3033
6938
1801
2619
7696
5950
10919
9845
23364
11050
24345
8474
8955
10184
4380
3656
2483
15648
8925
4247
1208
12268
19819
18140
5499
31726
4107
3814
2982
6467
5724
2164
16925
5943
3590
4231
12918
3016
15244
1897
11072
5548
5567
8329
1931
8740
5112
10814
6119
11560
5022
15610
10966
3922
2723
3615
6236
2514
12727
4191
5140
6151
11174
14604
2624
2580
4588
2648
11856
2743
16965
4995
2559
4808
12192
11544
3963
6000
3232
13492
2157
9676
8080
7589
5540
2307
3129
6899
22115
6330
3005
7230
9798
4630
6503
4733
5827
7471
5464
11046
3741
36170
7060
4875
4712
4261
4765
3336
12301
3222
17507
5414
5810
3297
5187
1397
11921
3496
7860
12745
19357
8230
7507
9215
5657
6594
19897
7635
12435
17722
8484
7033
19268
11207
1948
18113
16496
6627
5024
3942
7460
19387
6813
1548
11444
8307
1019
4402
6380
10956
4397
3879
5066
11075
11836
2642
12664
4754
9475
5025
18830
5504
5452
11180
2090
11970
1328
2586
9378
11064
13016
7734
12920
6755
15150
4907
4738
2811
8348
4638
3421
2478
22041
6347
4435
3209
4057
3651
5371
8778
12858
13772
4977
8100
6932
4363
3672
22186
8364
9942
2233
4673
3952
7415
5219
27789
3902
4932
2118
1854
8192
8236
4781
12606
4326
3651
4380
18423
4980
2652
1959
2967
1668
5630
17019
6258
6634
8491
16700
6526
3980
5595
9849
9471
1714
3141
1367
17658
1605
8626
3434
3098
16436
5155
2487
2677
3086
12214
4754
1813
3758
5099
5590
8607
8663
6320
4220
5740
5360
4023
7769
14581
15960
2894
49957
10713
13623
11769
7804
5307
8203
16279
6174
3271
2733
3997
3060
4439
9905
10790
2615
4554
3382
21383
13567
2582
5966
1676
2217
2192
7130
7572
8619
4090
1098
20928
3339
3781
4417
19256
4995
5451
3275
10253
3538
4292
29292
10586
8971
8308
3428
7734
2433
3374
2551
12101
2044
2370
10901
2184
46955
9987
5531
4026
10166
3921
14086
3319
4745
1698
5312
3043
12541
4578
11892
13757
3524
7412
15799
4334
1424
17862
3011
2123
7947
1484
15113
8207
12054
3824
12880
20107
8924
16480
2763
10169
7627
8348
3918
10908
2566
7076
2637
6552
10189
752
3854
4455
1206
8766
29836
11452
11034
5917
4373
4969
11148
5407
8682
4361
2458
20462
3333
4032
3263
10202
13502
6171
14476
6535
3446
18487
10173
6733
14289
6139
9477
12367
3702
4451
9302
21987
7505
4410
3051
2396
1609
5324
11951
34636
9048
4873
7275
2261
3645
13132
3347
8715
18019
4554
11759
10901
2532
5867
10334
16371
3906
22308
4993
2925
7630
6859
15817
2125
2073
12389
4187
8298
4568
3367
4184
2217
3988
5513
3625
5361
9670
16312
1736
4390
17271
13851
4764
788
8613
5756
2479
10168
12187
3260
4689
6122
9065
2929
7652
4254
7345
2797
3858
6022
35320
8787
6233
2722
7843
2472
5754
5337
12978
6941
23356
2253
3109
3139
1289
12664
2999
6602
23968
5131
3764
1841
11778
3426
4299
12217
12073
13076
4718
16574
4979
9803
13383
9767
2693
9029
7775
7859
1220
21538
13693
9288
6453
17500
3808
3087
8344
11660
6660
4060
16001
2142
8846
8591
4424
4530
5738
5399
3647
5130
17892
6063
4100
11365
2338
7256
2343
12284
8022
4494
13385
7019
14949
3203
29799
12558
7651
2897
18500
10169
12532
3954
7195
7421
6152
21455
15490
6836
9531
5376
28620
2681
3650
11518
4046
3526
9369
7791
6069
7774
4209
4779
10969
4047
5936
6002
7202
13283
6875
5652
3791
3710
2994
8509
7582
2731
10302
11925
8486
3928
2794
9429
1830
18825
7563
2531
10073
7117
7348
3456
2246
7348
2569
6317
2362
10553
2427
8270
2802
6593
7046
3778
3083
9927
4139
9491
3181
8874
2155
8694
5018
8349
6696
16660
11805
4294
4321
4335
7040
3416
3421
3157
13140
7067
13572
4691
9449
1704
16873
2273
4929
6351
6418
4372
4090
2431
2933
10229
3505
21421
10052
7567
3821
27369
24677
8193
5236
23034
5289
4165
16545
7200
11340
1973
21880
9190
12500
3828
5744
12773
1978
3967
9780
8604
8992
2441
7469
3538
7835
4056
8344
2656
13820
9719
1968
6193
1727
10487
4807
23842
5618
10430
4085
13385
3704
10844
11913
7776
15157
7776
1028
15701
3005
3729
3362
14528
6075
2589
7968
3636
18347
13600
1602
3057
5733
7651
6285
2058
3296
13715
3203
7333
4247
3409
14299
10416
10278
2872
1823
3711
5627
8495
17131
2177
4923
4686
4445
2576
24069
2572
4501
7149
10571
12714
9968
5292
5714
2201
2865
2923
3968
25112
7231
4463
3612
5116
17342
8539
27148
9392
10958
27712
19217
6914
10147
11413
3256
3914
7398
3190
5459
3580
22470
16229
9135
8015
12044
2819
16539
2124
5612
6301
8756
5023
8038
2026
17528
2465
31332
8792
17298
4656
10186
4452
8083
6523
10643
1904
6851
18024
3701
2781
3314
8693
21477
3032
7550
5797
3266
9155
7696
5495
10029
7436
15648
13328
5036
7801
3923
8337
6535
3034
3277
5887
12643
15672
10029
7338
17964
5541
7741
12919
4110
3615
8888
1964
3372
2396
11594
10611
3654
8229
2747
15643
12624
4867
12689
8660
3826
6668
5122
1474
34971
2462
17090
12392
5843
5319
1999
4365
3204
4884
6577
7290
842
3614
3259
1974
8778
10476
2968
5171
2565
17614
12855
8693
8947
4591
6333
6301
10094
6662
2715
3092
4758
3835
10212
2613
12606
6549
8031
3926
8513
8452
5888
14406
20183
2953
20011
12737
20039
19457
6800
8614
728
5608
1412
7609
4324
3706
17645
3731
7190
6097
11369
8141
1887
10118
1041
1981
10081
10542
15891
3355
2787
4344
11559
3659
5301
6647
2704
4974
3629
6034
8785
7255
19867
5665
8317
3116
9266
30741
12788
7409
9549
3676
13161
7821
5475
7092
6201
2390
3030
5307
7311
9404
15148
1337
3069
5241
2917
2019
6560
8146
6769
8702
16392
3841
1927
2863
21478
8245
9981
13305
13244
14569
2418
12178
12281
9422
14783
11246
8350
11095
5723
3726
7130
2300
17339
9660
5396
14539
3979
2203
2876
3176
14148
6338
6641
11330
20930
10021
5386
2203
3061
12031
4914
6683
5527
10331
1652
2187
2176
10893
7404
6313
3224
13558
7966
1752
20640
9825
6829
5982
3763
8969
4188
7033
7002
16814
18395
15380
1751
3805
2759
4916
3601
2304
2261
2335
2618
7725
1708
7389
3220
3001
2312
6048
4010
25721
4043
2741
12876
4424
3573
1571
13167
34019
4528
3583
6361
10898
4917
6479
2706
9004
4072
3547
12950
8811
2456
10778
1735
15026
8923
2530
4634
4106
17628
7788
2994
4673
6233
12601
3109
3511
3808
9050
3637
4746
3494
12875
6422
2150
5300
24266
2417
1752
8471
2940
1743
3865
6785
12879
2288
7806
15199
6515
8014
4629
9401
2113
8627
2939
12119
13764
7668
5359
6716
2995
7848
4796
5993
6696
19909
11140
13899
6116
15121
4054
2402
26563
3412
5479
2210
2766
6055
5875
1285
17017
5494
2314
4827
14223
5124
5885
3229
4210
9213
4853
4196
3351
6523
1423
5975
8902
6196
3593
1783
9040
2203
2177
23194
8431
1742
6240
2450
3592
11296
2062
5340
9303
6902
1711
4888
12032
1851
4007
5317
8479
3142
10657
13404
12253
8513
10386
3360
11220
7508
12362
4136
7566
4368
2212
6995
3717
4009
12038
8328
3144
5457
2923
3111
10030
31150
4460
3428
4437
15320
1492
7954
5744
3288
17075
2337
9742
1572
7055
2661
1531
2553
26990
19520
3859
8661
8755
6140
2551
4517
2522
38716
12481
1631
7039
16944
5192
15443
3655
5186
5511
7379
3715
2184
3898
8395
2556
5252
4279
8650
2622
4940
10134
10033
13235
1550
5214
8993
2723
4433
12633
10831
2029
5098
18720
5461
5166
28909
5814
4494
4948
1578
22470
1275
5793
4123
16125
6888
5825
1963
10756
7139
8815
15231
7927
2885
1418
4287
6477
5141
5135
10981
6324
2051
13943
2110
6400
1335
23641
9999
3996
6098
7887
2388
3940
3255
3900
6101
5671
2062
6575
12286
3867
10145
6716
6209
7009
4713
13846
4928
6681
17386
10529
11571
5347
13622
1947
16933
3240
20331
3911
5095
22465
45577
2101
11137
8630
6588
3694
5329
10001
4473
7341
5382
6303
10202
2271
2865
23224
3910
6408
3384
6689
16789
2375
16012
7436
5287
12517
6113
10968
4373
2287
2084
4266
4593
3889
3119
7812
3117
5112
9707
13829
5451
19921
4003
2666
11689
11302
6299
10754
3607
13565
11780
7998
5242
2839
8610
7614
6831
5768
9191
18165
6005
4415
31670
2242
6587
3198
9738
13843
3645
1827
7021
5196
4674
6924
4643
25556
3084
3313
7556
14897
2891
4243
5146
4974
6048
1594
3276
5595
32467
1876
1629
6019
10791
18805
12944
8635
20292
4512
25315
9128
30254
1390
6017
15450
6322
4184
9033
