1906
2120
4125
4378
746
888
2033
2467
1812
4979
2298
3276
5542
3533
3234
1313
2121
1854
2682
4200
2188
1277
2214
2246
1974
1162
1408
1810
1093
2422
1918
1576
1694
1916
1788
3266
3945
2966
1193
1328
1268
3618
1321
2661
1140
2347
2853
2601
2615
2222
1772
2632
1967
1397
2111
1649
3660
4059
2106
1335
1874
2550
2012
980
1852
1301
1702
3586
4100
3443
3000
1554
2015
2691
2580
1440
1697
1528
2833
1991
1220
3527
1195
1410
1951
1026
3210
1431
4961
5439
4301
1944
2015
5241
1956
2737
940
2185
1840
1751
2279
1470
1831
2072
2213
1252
1858
2030
1477
3583
1278
3273
2462
1868
1832
2460
1788
3649
1860
1320
2029
3497
1753
2626
1314
2942
1158
2669
2321
1894
1531
2967
4265
1546
3704
2024
1206
1950
1529
1346
4268
1745
1821
2901
3778
2106
3747
3793
1745
4262
2226
1753
1167
1591
1147
2170
1845
1894
1900
1490
1469
1434
1454
1399
2720
1814
1968
2691
1521
2511
1650
1701
1507
1126
4147
1443
1273
2574
1991
1898
1289
3204
1834
3646
1060
2827
1557
3045
2753
1727
1617
2583
1513
1356
2205
2603
3195
2242
3066
1075
1973
2437
1988
3682
1294
3869
1457
691
1449
2289
1881
2063
2087
2084
1335
1257
2456
1243
2262
916
4441
1857
2515
1489
1617
1181
2548
1939
1514
2509
2158
1654
1423
1824
2569
2077
1230
2396
1786
2363
1865
3069
1652
1364
4300
1473
2910
2162
1606
4067
2736
1434
1381
2958
2887
1457
2566
3599
1249
2405
935
1313
2105
1963
3184
3376
1194
1321
2591
2266
1768
1484
2826
3808
1788
2593
1221
1922
1474
2426
1536
2554
1493
3165
3968
1563
2846
2802
2569
2392
3504
2272
2862
2397
2311
3122
1466
843
2466
1989
986
2235
1813
1749
3822
1083
2460
3146
2269
2238
2117
1318
2112
2470
2578
1271
1308
2833
969
4247
1574
2460
2028
3000
2229
1821
3021
2107
3195
1798
3217
1408
2127
1953
2469
5403
2902
1813
3250
1256
3191
1374
1899
1301
918
2269
2390
1725
2664
2721
1401
1675
2536
2371
1937
878
3583
1795
1658
2449
2016
1439
5301
2609
1848
2450
1846
1079
3020
2076
865
787
1260
3878
1589
3816
2630
2229
1598
2507
3519
2053
1290
2185
1719
2737
2016
2632
1436
1628
1874
1634
1653
3232
1894
2271
1417
2084
4270
1763
2362
1352
2008
3519
1377
5303
2635
1850
2659
2268
2246
1411
1805
1683
4540
2743
2360
9495
3374
1433
3172
1510
1979
1737
1627
1909
2294
3316
2696
1210
1597
2865
3150
1559
2150
2595
6001
5033
2071
4238
1816
3690
1424
1713
7425
3690
2690
7306
1608
1975
1541
2582
2166
1584
3545
3259
1621
1976
1585
1725
1819
4431
1749
3643
1426
2678
1325
3501
2707
2058
3960
2284
2580
1099
1671
680
2144
2021
2079
4231
2455
2930
1888
2989
787
2851
4203
1876
2938
3242
5509
1268
1281
3244
2863
1721
2471
2460
1632
1293
2612
2690
1040
2326
873
1607
2449
2876
2478
2469
1915
1001
3437
1707
1807
860
1192
1745
1088
2042
1936
2440
1661
1481
1620
2183
2041
1947
1943
2058
3058
2122
1031
1310
1479
3037
742
1634
1356
2069
1927
2656
1895
1581
4091
2341
1733
1712
2339
2554
1893
2215
2252
1552
2415
1143
1275
1596
2339
1716
1625
2383
1422
3131
1486
2625
1257
2325
3227
1227
3161
2901
2568
1027
1796
3817
2001
1758
1412
1744
2358
2292
2673
1301
1106
2042
2357
3055
4449
2399
2437
2214
1266
1418
2326
1466
2061
2187
2409
1604
3268
1688
2146
2240
2049
2647
6959
6115
1196
794
1856
2022
2863
1387
3676
1502
3840
1329
1100
1715
1420
1311
1231
4419
1200
1850
2449
1418
2235
661
3744
1225
1471
1219
1792
1427
2219
3664
5476
2011
1368
1271
1911
1529
2394
1682
5343
2843
2354
2010
3068
1773
1455
1783
1690
2065
2801
1695
2310
1121
2567
2101
2325
1273
2638
2035
1017
1804
2783
4319
2779
2530
1762
3168
1583
1964
1439
1573
1613
2425
1848
1254
2324
2774
1576
1178
1808
2440
3851
2250
4269
2258
2101
1116
3332
1865
1735
2017
4372
2033
1965
914
1853
901
4539
4154
2126
1284
2994
1749
1016
1577
2027
2133
1298
6761
1369
5754
1884
4701
2110
1173
1965
1991
1586
2042
745
1849
1379
2993
1805
1078
3604
2396
1975
2177
2345
1222
1349
1551
1556
2415
1224
2531
1209
3050
1655
1587
1687
1531
3542
2769
988
2433
2096
2141
2922
1604
1603
2450
2998
1541
2069
1174
1337
2264
1969
1832
3121
3281
1347
877
4231
2210
4700
2363
5446
2507
2201
3444
2262
1204
2222
1974
2892
2262
3616
4175
2236
1399
1944
1289
2660
1619
1653
1741
2886
3309
1096
1093
4166
3624
1223
1356
3216
2644
1288
1320
1941
7148
3582
2237
2276
1605
1478
2748
1474
931
1438
3298
2271
2249
3459
5120
5253
4397
2165
1549
1039
3273
6547
1283
1843
2281
1628
1677
2246
2661
1770
2228
2642
3888
1822
2713
2801
1647
1362
1099
1205
1334
1419
1025
1859
934
1476
1541
858
2639
664
4663
2000
2432
1636
2255
1906
1475
1504
2192
1888
2355
3438
1355
2591
985
2356
2406
997
5570
1195
1997
5559
4185
2857
1165
1270
1861
1148
1089
1416
1639
2311
1679
1530
2086
3223
1165
3151
1143
1863
2015
2020
2916
1123
2791
4179
2934
1272
3332
3249
3431
1180
3831
2852
1306
3738
1455
1248
5353
1249
1570
1780
1099
1758
1793
2146
2448
3114
1048
1782
1539
1126
4828
2309
1143
988
1603
2439
1944
4291
1138
2116
1646
3227
1641
1421
1424
2402
3134
2622
2306
3290
2115
2158
3505
1404
1466
1860
3374
2342
1201
2352
1510
1382
3053
4024
2874
1338
2444
2348
1433
1860
1531
1065
1910
2770
2051
2999
1279
1136
2810
1980
1572
2345
1310
3033
3938
2787
1660
2280
3448
1333
3765
1589
3598
1248
940
1703
1396
1445
1339
3821
1822
1541
3448
2780
2086
4031
1346
3347
1031
4603
2754
1376
2293
1556
1171
2117
1472
1684
2651
1009
1835
985
3407
3238
3289
2485
2721
4576
1055
5021
1320
1018
882
1201
1672
711
2060
3162
1334
3054
3938
1075
1176
1188
1118
2088
2198
2815
4385
1948
1252
1967
3650
2707
1829
2759
1227
2418
2692
1419
2778
1726
1224
1140
1357
1728
1366
2523
2342
1207
2187
1447
1234
2793
1550
2216
1785
1183
2983
1236
1620
1411
3622
5806
1479
907
3491
3155
2101
2358
2882
1165
2506
1952
2568
1163
2493
1614
1987
2754
2004
2838
4659
1323
1868
1752
4284
7410
1344
2323
2154
1766
1004
1632
1222
2301
2424
1067
1327
1782
1553
1166
2171
2102
2413
754
6099
1953
1373
1462
983
1969
1434
1034
1005
1293
2275
2569
1301
1822
2617
1596
1875
2822
2379
1810
1765
4383
2424
1354
2654
1631
1959
4770
2982
3551
3826
1528
1700
2070
2639
2049
2790
2862
2257
3551
3412
2104
2889
2162
4019
1837
1760
1792
1519
1792
2003
1953
3500
1477
3355
2576
1527
3282
1650
2191
2689
1203
1072
2863
1656
1064
1690
3937
1719
1807
2367
2189
3274
2066
3108
1454
3293
2018
1338
3059
3699
1973
1980
5383
1026
2025
2542
3323
2492
2053
2149
2089
1741
2567
1423
3381
2724
1365
1683
2860
3372
2461
3503
1891
1572
1230
2076
1792
2134
2307
1320
2437
1448
4177
1733
915
1700
3609
3584
4982
1533
1466
1768
1998
2446
2104
1145
1916
2145
2803
3262
1641
2867
1678
3067
1854
1145
1526
2304
3771
3426
1229
2099
3924
1722
2064
2963
1160
2117
1969
2133
1209
1163
927
1302
8456
1320
1826
1688
4106
1359
2509
1707
3654
2879
2398
2869
1433
4594
2105
1893
2857
2056
2183
1465
3214
4567
2605
1212
1944
1857
1384
2018
1313
1575
1254
2342
1445
1510
1597
2760
1551
3604
920
3330
1649
2542
1299
1418
1531
2420
2065
1717
1272
1412
1099
1215
1136
1989
1756
954
1851
8948
1118
2840
2833
2737
1738
2251
2109
2879
1956
1315
1865
3170
2818
1997
2905
1161
1526
3606
3283
1947
2608
5737
3839
3163
2856
1118
3553
1559
1419
3538
1635
1591
3627
3633
2196
4781
1711
1568
1157
3706
3640
1367
2087
1947
3022
2058
1771
2724
1467
2005
1762
1663
3195
2035
3459
1654
942
2404
4822
3314
2906
2341
1057
1436
2198
2319
1080
2599
1317
1909
1409
1445
2470
1457
3319
2331
4039
3303
1765
4484
1446
3092
2019
1705
2777
1878
2200
2394
2751
1932
1437
5604
2579
2206
2112
2034
3570
992
2067
2232
2788
2240
2586
1387
1811
4455
2344
4898
2654
1840
2196
2279
3858
1160
1905
1885
2000
1131
2385
1822
1326
4411
1985
2753
1396
2627
739
2934
2384
6058
4105
2577
1451
2821
1117
2164
3550
1980
2583
1980
1789
4450
1222
1958
1211
1901
1298
824
832
3456
2413
752
2047
1689
2243
2803
1187
2081
1665
3156
1621
2879
2727
1764
664
1975
2277
1590
1719
1970
2836
1417
1609
2964
2153
2570
939
2928
1735
2478
2487
2399
1879
3418
3457
3450
2558
2034
1967
2876
3749
1306
2898
3133
4295
2285
2615
1768
1819
1422
1784
2946
1333
1351
2633
1444
1390
2432
816
1703
2381
2201
1237
2538
1435
2576
1973
2178
2203
3157
1898
1838
4337
1701
2252
2320
2360
1992
2000
2702
1301
1586
2368
2014
4080
2349
1594
2727
6691
3884
1722
2114
2079
1101
2294
2757
2098
1476
2231
2565
1535
2134
1128
1717
1615
2437
2778
3053
4453
2120
1165
2637
1608
2183
1759
928
2637
1057
3656
2027
1145
1158
1149
1566
780
1197
2415
1032
3178
1634
1336
962
5173
2224
1510
1885
1766
1611
1288
1159
1962
1395
2171
3212
2123
2595
2214
1393
1403
3383
1716
1312
1045
1421
2274
1689
1850
1660
2386
1924
1989
3923
1261
4520
899
1513
1854
2142
2364
1941
2302
2532
3522
2604
3291
5627
2340
2079
2130
1415
2198
3569
2710
3564
1653
963
1517
1476
1765
1535
3570
5226
3037
1590
1957
1012
3107
2830
1650
1630
2335
2374
2583
3944
1658
2151
1669
1885
1363
1867
1632
1629
2022
2577
829
1971
2297
986
823
1389
3813
1452
1566
1890
2253
2178
1485
2333
1662
1904
1626
5076
2253
1877
1887
3328
1592
4189
2253
2070
2086
3008
1243
1952
1296
1705
1258
1375
1625
3420
1509
4214
870
1711
1164
1171
2152
1820
2657
876
3883
2979
3326
3251
3902
1571
1648
2702
1067
4531
920
1432
1104
2684
830
1437
1516
2555
1193
1778
2567
5121
1665
1904
1291
923
1837
1267
1665
2321
1560
1343
4231
1850
1578
2255
1000
1817
2275
3626
2238
2047
4696
1520
1274
3670
1508
1877
2220
1049
2218
1790
1266
1000
2151
1358
994
1737
1814
2120
1857
3897
5375
2337
3912
1501
2167
1858
3277
918
2000
2452
3891
4307
1349
1194
1976
2192
1696
1939
2556
2407
1855
3180
1107
3177
1666
2092
3290
1298
2064
1415
2224
1505
5114
2940
1455
2063
1742
3925
1355
2113
1489
2505
2039
1005
2148
2394
2255
1395
6302
1564
1462
4684
1626
3721
2036
1312
1139
3819
2462
4516
1325
2060
2276
2154
1677
1704
1710
881
3164
3007
1110
2174
1576
2993
1201
3072
1590
3186
2666
3570
4421
1943
2172
7795
1106
3507
4153
1816
5331
1146
1805
1988
1589
1729
2972
1732
1549
837
2227
2613
1614
1957
1616
2233
789
2719
3271
1866
4159
3467
2232
2498
2476
1983
1684
1798
3418
1230
988
3654
1464
4804
4163
3982
2669
3635
1639
1515
1706
2909
1486
935
2373
2449
1532
2661
2736
1111
2865
2424
3491
2621
2074
1786
2081
1543
2076
1464
1209
3142
3352
4578
1825
1021
1387
1810
3081
1601
2070
3150
1809
1479
3142
1693
1754
2597
1736
2342
1167
2973
1898
1331
2181
1451
2662
1586
1259
1483
1789
2087
1632
1746
1613
1188
5358
870
1443
3667
3277
1636
3269
1017
2630
2053
2848
1940
1266
3118
1586
1424
1839
1222
1996
2904
1457
1692
1159
2433
3280
1541
1837
1101
1529
1618
1586
2082
2356
2464
2750
1283
2697
1941
4077
1652
1890
4171
1694
1447
1335
1873
1808
2084
1174
1722
2661
3476
1900
3104
825
2201
2376
2983
2432
890
2449
1837
1733
5217
1990
1987
2493
3720
2690
5379
4777
2123
2826
3723
1352
1334
2938
1705
2585
1725
1670
1597
3089
2463
2004
1247
1500
1493
2764
1577
1879
1956
1618
1093
1022
1408
1612
1727
2332
1286
1457
2712
1304
1959
2501
2869
1659
5152
1963
5919
2143
2482
928
1178
1772
3149
2310
1243
2449
3161
2980
1620
2025
1421
4279
1667
2314
1581
2300
1962
3646
1192
2453
2152
1233
2478
3312
1915
1657
3479
1969
1576
964
2625
1385
1377
1553
2206
1057
1895
3005
776
2480
2135
1770
1442
1892
1605
1873
2231
3603
1524
1799
1988
1999
3358
1487
1212
1147
1296
4457
2006
1590
2417
1011
1885
2487
1682
1878
2198
1897
2601
3022
1992
1955
2622
2011
2962
1744
2350
1221
2875
1980
1498
2783
1142
1115
5172
2421
1322
4194
1110
3472
1624
2198
2309
2196
1656
2528
1135
3225
1046
2486
1635
1430
2841
2324
1918
2661
1319
2043
1614
902
1766
1722
1278
993
1422
1878
1314
1403
1757
1773
2750
1936
1314
1213
2072
3554
1089
3416
2517
2038
3336
3029
1134
2863
4709
1649
3247
2046
2363
1757
1911
1536
1421
6193
2984
2365
1237
2020
1735
2812
1741
1869
3415
4442
2621
5487
1637
2031
944
1019
4013
1946
1178
2010
3472
1128
1476
1541
1950
1599
1110
1272
3801
2041
1856
2241
1570
2191
1662
2524
1492
1547
4192
1887
1934
1533
1885
1581
2409
3267
2809
1039
1833
3062
1927
3138
2343
1776
1744
1503
1341
2673
1922
1659
1594
1893
1291
1286
2082
2631
4080
1236
1735
3045
1214
3771
3529
2181
2728
2039
2197
1892
2479
3203
2408
1752
1104
2200
1242
1457
2010
1132
1723
2531
3277
4346
2374
2738
2183
1788
2210
2361
2887
1477
3066
2003
1625
3660
1650
1689
2080
2483
1679
1720
2948
2252
4423
2878
679
1542
1199
3115
2349
1646
2982
1462
1396
1067
1677
1168
1463
1934
1524
2052
1933
2887
2186
3809
2843
1977
2625
1514
1808
1183
2136
2356
2916
4951
1863
2344
2084
1851
1008
2400
1005
1749
1051
2139
2132
1836
1095
1725
1712
3150
1430
1174
1684
1989
2616
1283
2033
2782
1045
1934
1836
1699
1880
2171
2034
1328
1362
2623
2554
1702
2122
1737
1306
2399
3211
1337
1772
2289
1921
5093
1352
4224
1086
4367
2766
1732
1902
1155
3563
1642
1963
2776
1111
1175
3096
1192
9089
3438
2548
4655
1971
1305
1698
3371
1539
3737
2292
1326
1019
1312
1833
1420
2705
1163
3027
1912
3694
2305
1230
1429
4340
2014
1256
1700
1178
3140
1704
2725
1475
9257
2976
2002
2050
732
1714
2519
1492
2536
3735
1414
1786
3080
1540
1573
1551
2713
772
4161
1331
4232
3105
1728
1577
2376
4295
3873
3166
1518
1318
2640
1058
2522
1823
1420
2411
3265
2332
1255
1960
1928
3213
1386
848
2214
2121
1529
2255
1695
3139
1547
1236
1355
1769
2852
3969
1838
1300
1769
4589
1469
1839
5720
3146
4308
2598
3277
1569
2255
2113
11323
1319
2367
3687
1016
1782
1660
2248
2027
1820
4055
2466
1383
2115
3226
3773
2240
3077
1359
4525
1356
1835
1495
1556
986
2566
1873
1375
1478
2262
1530
1788
1969
1422
1568
1065
2591
2248
2180
2401
1796
2363
6590
3112
4287
1039
1530
1322
1814
2875
1842
1515
2465
1128
1466
1482
1693
2517
2505
2535
2456
2970
1822
1790
2130
2707
3190
3226
2144
1933
1603
5510
1132
1713
1408
2055
1405
1486
1347
1634
3379
1644
3637
2247
1933
1162
2674
2957
1618
1364
1205
2587
1388
4495
2176
2654
3623
3164
2900
1782
3146
2274
3087
3089
1761
4817
2303
975
1746
1356
2967
3659
4314
2566
1322
1121
2748
1799
1146
1041
3136
2308
1232
1675
2181
3728
2572
2319
1720
2379
1532
2146
2005
1029
2265
2264
2460
3897
1549
2423
5856
2683
1161
1780
2613
2077
3070
2786
1529
3483
1564
1306
1360
954
5892
1371
2095
2760
2150
2005
1916
3514
1643
2092
1693
4635
1150
1136
1008
2214
1936
1490
2300
1368
2015
975
2977
1069
1379
1357
1440
1900
1382
1837
1444
2411
3096
2215
2440
746
2025
2495
2002
1106
1254
3231
2705
1745
2499
2102
1598
3868
2401
1735
1891
2349
1896
2194
3830
2068
966
2964
2517
806
2108
2794
1603
1806
2646
2761
1706
1951
2199
1355
2828
1220
1451
2198
1711
2954
3054
2407
2742
3710
1456
7073
1497
1421
3016
1542
1805
4024
2427
1526
1150
1413
2085
1939
2282
1851
1616
2414
2282
1258
2666
1677
2175
1903
1407
2321
1758
2311
2041
5124
1633
1422
4520
2416
3721
1619
2889
1441
2067
2283
2198
1053
1829
1969
2984
1846
925
1214
4830
2257
1534
4087
2809
2772
1991
2131
2194
1690
2072
1204
3929
3529
2002
1784
3228
1328
1848
2446
1818
1579
2402
1054
1967
1086
1865
1860
1928
1227
2876
2114
1996
1078
3744
2245
1275
3850
950
4777
1529
1774
1628
4618
3014
2832
1431
1271
3678
1411
1401
1249
2882
5324
2956
2042
1105
3022
2150
1786
3864
748
1114
2761
1398
1770
1805
2110
1395
1918
2465
1697
1542
3630
2210
2332
2231
1666
1484
1513
3971
2182
2375
2015
1480
1027
1247
1625
2060
3918
2171
1799
1913
962
3167
2114
2242
1379
1639
2020
1945
1541
2092
3417
1012
2202
1495
4556
3479
1647
1782
2553
1966
1760
1838
1586
2280
2528
1312
1905
3972
1908
2123
2071
2350
1513
4162
2137
1316
1765
1458
3066
1869
2055
2072
1849
2580
3251
1980
1033
2934
2634
1406
1212
2355
3269
2559
1248
1935
1326
1276
1452
1949
1370
5327
3310
1878
3856
2425
1451
2667
2127
2465
2012
2559
2282
1797
1591
1532
1062
1312
2829
2350
1999
1329
2093
3117
1421
3030
2939
864
1848
1612
2378
1469
2332
2112
1748
2259
1565
2641
5729
3214
3207
1225
1948
1613
3546
1775
1476
2893
1142
1312
1949
1360
1282
1910
1291
3776
3686
1039
1478
2450
3355
1433
2838
2546
3637
1944
3959
1941
1876
2807
1995
1631
3819
2019
2957
2739
1988
1278
1215
1956
3061
2486
1095
3435
6256
3120
1699
1681
1242
1682
3789
2356
1771
5688
4229
2606
1816
4426
2637
1420
1889
5327
4217
2552
1551
2577
2558
2356
1185
3192
1529
1698
4496
2238
1438
1816
2160
1652
3287
940
3777
2029
859
1541
7208
1594
1805
2453
2941
2296
2337
2464
1869
1340
1944
2267
2879
1562
1386
3005
2615
2054
2381
2158
2559
3722
2279
1665
883
4912
2354
2111
1257
1614
3668
2248
1233
1475
2906
2148
1777
1560
1405
1814
2370
2560
2456
4829
1276
2211
3935
2106
1746
3323
1791
2317
2289
2873
2314
1490
2056
3981
1474
2374
4137
2476
2238
1456
1815
1089
1725
2380
1174
802
2335
5264
1525
2048
1370
1303
2181
1032
2749
3559
916
2025
1887
5386
1119
1366
3775
2505
2428
2385
2300
1923
1664
2022
1472
3674
2769
3308
3146
2944
1189
752
1834
2333
2940
1199
2544
3067
2236
1340
1721
3035
1731
1295
3026
3845
3198
3708
1188
3507
1084
2155
2371
2940
3952
1355
988
1476
1297
3047
1581
1819
1480
1258
4042
1484
1323
1235
1216
1349
1045
933
842
2404
1813
1027
1011
1412
2029
1336
1637
1382
1862
2216
2147
1456
1818
2506
1123
1760
2427
794
1743
3564
1692
1491
2590
957
1215
3019
1207
1409
2119
1633
1548
2055
2014
4670
1763
2479
1424
1449
1403
2759
2525
2493
1666
3101
1697
1538
1064
1973
4375
1900
1391
1435
1036
1461
2233
2866
1569
2000
2124
1569
2648
2663
1818
1596
2104
1099
2259
2640
2829
2722
2002
1378
1647
3070
1236
4343
2252
3256
2314
1592
884
6780
1646
3208
1909
1515
1999
2862
1227
1754
1515
824
1260
2287
1868
1686
2873
1865
1243
1841
3674
1464
1337
2235
5547
2524
1618
1590
1214
1312
6142
2163
2016
1195
1235
994
2734
3101
1329
4572
3828
1485
7042
1185
3292
1460
1807
2629
2040
1669
1358
1737
5125
1961
1770
2050
1677
1766
2896
2498
1173
3416
1368
1869
4222
1207
2817
2300
2043
2241
1617
1729
2997
1963
2852
1509
7277
1158
1983
1762
2016
1203
2735
2440
2332
2129
2317
1189
2394
2102
928
1159
1806
1761
1836
3348
1562
1930
839
1528
2559
1893
2761
1207
5942
1599
1092
2564
2303
2523
2468
678
2075
3086
1544
1620
3216
1826
2041
1610
2908
1261
872
2518
1157
1392
1574
1501
2347
1759
2749
1146
1724
2423
1200
2001
1906
1275
2490
1086
3794
3559
2401
2355
2070
1740
1723
1994
2493
1114
1422
1906
1562
1763
2525
1138
1076
846
4998
3219
1070
1306
2567
901
2071
2120
2896
1209
1600
1644
1661
2304
3317
1570
2985
1917
1988
2710
1515
1863
1891
2176
2218
1706
1995
1632
2294
1418
2517
5393
2733
2463
3219
3837
2623
1213
3933
3799
1443
1158
2442
2103
1788
1608
1941
1955
1761
4931
1564
986
2335
2272
1721
1456
938
2847
2603
4052
2354
1307
2542
1240
986
2413
3539
1542
1507
4169
1653
4497
815
2883
4744
3272
3206
996
1832
1286
1124
1533
1474
1553
1508
2818
1792
1546
2990
2720
1025
1117
6601
2574
1061
4742
2830
2797
2709
2084
1377
2000
2720
1246
2181
4275
1770
1751
1758
1690
1085
733
1170
3203
2323
2831
1495
2364
2653
1578
1087
1644
1727
1676
2005
931
732
1282
2680
3108
4887
1339
3262
1652
2862
1391
2738
1235
1036
1631
3804
1554
856
2005
1030
2805
1848
6328
2124
1223
3629
3259
1833
1679
935
1330
1698
2480
1950
1857
2269
1617
2462
2071
997
2655
4021
2371
1112
3364
1500
959
1723
1989
5395
1983
2363
1902
2032
6408
4293
1924
1667
1328
1166
2088
1022
2660
2260
2210
3178
1415
2164
2970
2096
3195
1731
2167
2074
1428
1089
2984
1865
3280
1803
2666
6085
2153
1218
1680
4901
2007
1235
3818
1852
5213
2342
1931
1966
2209
940
1999
1969
3004
1648
2126
1625
1513
1681
2663
1898
2028
2360
1061
1019
2254
1604
2550
1920
1571
1515
1579
1153
1177
1558
2878
1809
1280
1802
1625
932
1437
1240
2752
1581
2208
2632
1390
2549
3437
1921
2175
2475
2319
1547
2834
972
3626
1837
2254
1985
1574
788
4193
1243
2320
1943
3071
2296
2703
4592
3125
2099
2805
2360
3007
3037
1383
1518
2031
1235
2240
2769
1598
2514
1761
2108
4731
1583
3399
1841
2349
2315
1187
2319
1514
1823
2545
1806
2248
1039
1348
2198
1845
4637
1331
2062
3399
1848
1941
1804
981
1961
905
4074
1885
5088
1055
2627
3067
3247
1440
2262
1905
2806
1559
1627
3145
6329
3218
1865
2808
3643
1331
3243
4098
1374
1178
1429
1794
1520
1919
2864
2407
2282
1980
1662
2161
1251
3075
2489
1669
1842
2326
2925
3423
1842
1749
1542
1491
2496
1397
1458
1374
2304
2053
1254
2227
2100
1175
1990
2927
4784
1492
2207
1858
1675
3638
2141
1894
2142
3312
1885
2097
1085
1987
5135
3342
2620
1253
2356
3176
2044
2979
1349
2917
1667
2742
3258
2098
2558
1913
1567
955
3202
1718
2061
5410
2151
3821
1391
1280
1381
2195
2309
2501
2244
1311
2102
1222
2040
2916
1313
2896
1307
807
7061
2360
1836
1973
1807
1219
2681
2228
1844
1352
4569
2028
4127
1597
3333
2405
1657
2647
1343
1691
3620
2171
2927
1588
1401
1436
1925
2725
1567
1009
2020
1555
3728
1700
2946
1604
5027
2089
3179
2570
2120
2878
1878
1404
2413
1198
1900
1081
2813
4056
2140
2085
1486
2227
1306
1572
2413
1208
7060
1994
2145
2048
1903
2962
1965
3354
2350
2310
4230
2507
1989
3057
2190
1908
1808
1426
2962
1505
2968
1206
2854
2263
3297
1236
1387
2748
1850
2088
3786
2127
2421
2252
1174
1831
2536
1133
1960
3080
2038
3517
2454
2170
2388
2582
2401
1879
1157
3237
1189
2495
1302
1220
2058
1379
2192
2131
1957
1701
1328
2087
2722
3957
1983
1551
2122
1043
1150
3314
1503
5129
1776
2467
2870
2941
1635
1442
2278
2078
2049
5086
2277
3666
3839
2976
865
3783
1405
2707
4245
2997
4438
1143
1961
2588
1145
1314
2749
1470
1419
1688
1233
961
1669
1520
2420
4271
1166
1456
2395
1268
2817
1677
2555
1974
1918
3195
1496
1673
1974
1348
4668
1448
1266
1848
1696
2028
2235
2680
2013
1091
3875
1871
1458
1558
973
2197
3027
4020
2143
5751
1723
1119
1618
1277
3852
4698
1973
2367
2330
959
1603
1535
1928
2179
4495
3484
1040
1673
3299
2056
1365
869
1862
2651
2813
1362
2056
1221
1967
2420
1870
1660
2198
2018
1615
1875
2464
5158
1126
1539
1255
1937
2250
1277
2005
2390
1815
1611
1648
1736
5171
1258
3646
1632
1718
2063
1230
2897
2610
1903
3529
1461
1825
1816
1515
2950
1803
1230
1620
2428
1258
4219
3331
1036
1846
2532
1802
3850
3475
2541
2684
1746
2595
1939
2150
1873
1245
2285
2559
2548
1074
3058
827
1571
1932
1543
1992
1556
3755
1980
1644
2074
3308
1223
2331
2963
1455
1569
2377
2542
1876
1835
863
1781
4274
1794
3187
2393
4333
2361
1633
1241
4015
1815
1528
1444
1018
2733
2416
2277
980
2873
1400
2325
1988
5441
2241
1762
1673
2062
1655
2748
1374
1684
1148
1597
1436
1640
3609
2953
2647
2962
1438
1745
1479
1402
2255
1356
3757
2008
1720
1032
1890
2231
1226
1241
2157
1753
5081
2822
1376
1332
2271
1638
2362
1861
4493
3019
1669
1070
2234
1519
2776
1655
1655
1267
3094
1618
1339
5471
1920
1956
1506
3257
1110
1947
1336
4198
4857
1397
4254
1759
1347
1428
3093
1413
5897
1099
1095
1507
1762
1784
3309
2515
1649
1392
2037
1636
2020
2183
1537
1033
1343
1914
6440
1412
2214
2426
2358
2234
1626
2926
1517
1145
1692
1653
1566
4581
4487
1634
1035
1460
3421
1647
4554
1114
2334
3204
3032
2633
1606
1867
1758
2266
1502
4735
1691
2745
1152
1457
1640
3153
2239
3006
1513
2253
1857
1093
874
2580
2124
2409
2022
3204
2598
6002
1421
1580
1852
3613
1393
1716
2582
2199
2232
1782
2460
1269
1436
2312
4721
1656
3008
1123
2150
1472
1628
1927
1651
2309
2659
1816
1392
1550
3187
4672
1531
1785
1210
3056
2727
1640
2256
1173
4455
3036
2469
1905
2282
1660
3299
3097
3132
852
1189
1211
5239
3196
7893
1716
2329
2675
1610
1625
2045
2625
4175
2109
1107
1127
1540
3496
1791
818
1453
2220
1856
967
1713
2428
1447
1302
1503
3327
1310
1345
1596
1674
3248
1337
1146
2599
2885
2445
4152
891
1946
2159
7379
2372
1019
1628
2077
2261
1531
2114
2003
1344
1334
1728
1626
2365
1698
1048
1073
1972
1222
2889
1548
2177
1973
2247
1023
2346
1863
1015
2074
3041
1496
2792
2393
1932
3177
1698
3935
1257
1466
2482
1146
2518
2078
5365
3111
3043
2137
1656
1893
1065
2218
2578
1758
1676
1091
4163
4036
2193
1532
1563
1973
2296
1723
2339
940
3059
1460
1070
1606
2241
2988
1864
2813
1279
2978
2729
3938
3133
1830
1367
2134
3825
3321
1659
3377
1496
2075
948
2144
1913
1506
2097
2834
1762
3975
3071
2077
1862
1371
1540
5181
2789
1629
1958
1573
3209
1817
1438
2095
1872
896
1718
1630
2707
1600
2644
1626
1391
2740
1742
1873
2860
2312
1313
2352
1585
3368
1935
2008
1047
1466
2027
1171
1377
1743
2838
1063
2997
2749
1197
2644
1505
2699
5469
2420
3053
2542
2707
1324
848
1439
1095
2115
3961
1852
3047
2629
2028
1525
1733
1353
2875
1667
1810
986
3102
1985
2624
2704
2041
1573
2197
671
1336
5415
1743
1961
2827
1749
1228
2633
2112
2556
1313
1550
2160
7265
1842
2258
1627
2491
1582
1691
1281
2503
1583
3072
1055
1945
5474
2113
1508
2912
3477
2495
3707
1342
2212
2219
3600
3468
2368
1973
2513
3184
2216
2748
3102
892
853
1146
2826
3259
1620
2373
1902
3800
1156
4435
1727
1971
4046
2209
2301
2066
3280
2328
1520
2068
2269
2827
1104
2465
2883
3835
3649
1065
2707
1994
5365
1407
821
2819
2172
1205
2066
1216
2074
7331
1303
1957
1820
2789
1807
1991
984
2124
1879
3239
865
2271
2809
1977
5114
1087
1541
2334
2946
2045
3325
2566
1727
2636
2641
1533
2185
1011
2384
1923
1456
2995
1474
3658
2347
1675
2914
3492
3392
4740
1240
2179
1855
2360
3892
4614
1115
2241
1159
1480
2977
2100
3015
2050
1418
2130
1111
2418
2499
1583
1605
1781
1770
4205
2813
868
1520
1000
1553
1254
1743
1163
2048
4325
2279
2193
2018
797
1858
1915
1331
1053
2088
1179
1767
1355
1596
1308
1168
3337
1127
2154
3029
2813
3961
2783
1633
1817
2523
1134
1906
2565
3432
2726
2493
1762
1439
1319
2338
1784
1010
4121
3645
2441
1443
1463
1136
1529
1896
2090
1148
1468
2158
2050
1886
2032
1823
2295
2225
1574
1775
1891
1744
2362
1596
2625
1283
2975
2082
1033
1490
1678
1947
1738
2219
2157
932
1999
1811
1621
1554
2608
2391
1327
4107
1463
1432
2200
1945
3425
2026
1588
1151
1788
1270
1872
2212
1207
1390
3151
1683
1088
1774
2008
1847
1615
1506
1125
1899
1475
1596
1167
3260
4550
3033
1206
1957
2254
3354
1241
2199
1795
3083
2040
2099
1492
2800
2517
2628
2177
1514
1682
2135
3043
2752
2284
1893
1848
2620
3769
1090
1285
1932
4617
1576
1531
4480
1208
2261
1572
1795
1241
1281
3253
2543
2745
3096
1577
3378
1593
1969
3111
2562
2115
1221
1174
2058
1769
2650
2058
5552
1769
1173
1594
1047
2386
1385
2076
2315
2965
2398
2368
2038
1965
1201
3699
2225
1712
1497
2152
1477
2768
2407
2565
2585
1196
2698
1391
1674
1862
7043
2950
2886
5617
1559
2208
1653
2087
2266
1447
1637
2316
4142
1857
2637
1559
3688
1763
1722
1639
1233
2867
2225
2390
2705
2188
3277
1492
4540
2409
1506
3212
3428
5272
3014
1386
1848
3817
1547
2099
2122
956
1466
2648
3740
1619
1944
2902
4189
2314
2679
1498
1947
3186
1816
2054
3135
1497
4281
1025
2152
3204
1827
4423
1131
1675
917
1629
1836
1563
2294
3203
1650
3400
3949
1825
1764
1446
1353
2879
1465
2052
1745
1592
934
4061
1076
2669
1578
950
1101
2079
1689
2220
2226
1578
1443
1365
2485
1593
1654
1723
2266
2195
2820
4313
2474
2339
1755
4715
2097
2077
2118
3021
1924
1584
2997
4817
3822
1947
2083
2036
2289
1230
2869
1648
1405
1189
1401
2537
1111
3249
4829
993
3081
1097
2847
1626
1358
1601
2710
2492
2530
2979
1861
1925
1449
2224
6242
1691
1306
1739
6239
2002
2629
1830
868
1764
1228
2268
1604
2504
1721
1331
4841
2233
1346
4002
4445
2997
3018
1394
1211
1723
2208
1338
1417
1628
2905
3320
1851
4164
1537
2241
2201
1594
1857
2334
1648
1848
1397
2587
2194
2120
1448
1622
2699
5303
2577
2888
2063
2085
1717
1349
3101
2260
1821
3686
1540
1077
2575
4162
1286
1139
2046
2357
3786
1000
2830
1804
2237
4039
2066
2099
3551
902
1968
1632
2390
757
1904
3679
2160
1891
3293
3358
768
1996
1769
1663
1490
3863
3321
2623
1452
1404
3022
1206
2682
3574
1449
2652
4521
2560
1673
2027
2417
2024
1651
3294
3042
2072
983
1762
2287
2265
2657
1046
2581
2967
3211
1506
999
1208
950
1846
3961
1161
2429
2895
3369
1319
1322
2225
2043
1569
3615
1282
1208
5123
1227
1452
1530
1527
2475
2205
1729
2482
2567
4602
2330
5113
2216
2686
2065
2678
1408
2222
1650
3579
1283
2827
1168
3105
1563
1834
2283
2541
1390
3014
2371
2571
1422
2160
2040
3992
1248
1191
1985
1304
2224
2939
2939
3894
3386
2494
2560
2231
1471
2288
2403
11178
1735
2009
1884
2275
1979
3225
1666
3315
4346
1407
3147
3304
3855
3552
2268
1093
1897
3403
2306
1463
2386
1887
3392
1694
2307
1233
2883
3252
1934
2809
1011
1628
4283
1705
2818
2697
1621
5772
1850
5789
2005
2244
2614
3818
2411
1429
869
2160
2309
1708
2045
1298
1422
1543
1133
3775
2975
1618
2616
2820
1132
4249
2800
1880
2174
1510
2635
4291
1641
1534
3896
1776
1189
2859
2360
1783
2280
3238
6387
2378
1733
1694
3423
2514
1145
3953
1661
1069
2668
2357
1755
3118
1360
3643
1222
1016
1866
1670
1806
1468
2146
2961
1312
2843
1683
1862
2236
5922
2611
5112
1331
2191
1072
1522
1184
3585
1214
829
2245
2132
3035
1583
2454
2706
966
3766
1850
1480
1688
2049
1723
2190
1939
1543
5842
3289
893
3235
953
2877
2355
1031
1711
2077
1609
1733
2173
1949
2038
1595
2957
2117
1575
1488
2275
2495
2397
2559
2738
1864
1967
1680
1109
2384
2350
1255
2983
2488
1416
1749
1965
1565
1979
2326
1173
1955
2559
2603
1259
1619
2403
3528
1713
1684
1340
1651
1741
4071
1650
4056
2568
1425
1273
6746
1727
2004
1270
2411
3157
1113
2827
1261
2818
2924
1951
1621
2685
1357
1408
1124
3897
906
1914
1980
1412
1801
1933
1539
3459
1660
1069
2489
1727
1912
2430
2177
1391
1414
1911
4078
1348
1324
1902
2399
1926
5168
2451
2248
1498
1229
1891
1913
1283
2242
1139
5825
2808
1642
1943
1723
2900
1160
2199
1432
2394
1526
2435
2680
2229
2487
1807
2660
1732
2611
3102
2249
2186
3503
3468
1472
1996
1388
1375
2202
1984
2444
2805
2445
1564
2143
2954
1784
1120
2338
1699
2478
1655
1368
1159
2463
1748
1268
1355
2096
1223
1407
974
1914
1348
1396
3923
6141
2498
2278
3523
3530
1411
2895
2171
3099
1117
1062
3741
3457
1137
7174
1115
3545
2224
1940
4002
1801
2222
2157
3822
1666
1249
1824
1413
864
1641
3425
1538
2120
1370
2546
1862
2038
718
2601
2797
1137
1676
1277
3744
1292
2930
1807
1363
1220
2844
1766
1857
1939
1059
1248
2154
2470
950
1319
3204
1799
6210
7366
1379
5233
1375
2487
2313
1232
1397
3376
3285
2380
2877
1946
1851
5896
1946
4423
2620
1191
2406
2640
1852
2008
1699
1445
1699
2039
2433
1512
2006
1760
2296
2024
1463
1281
4886
2595
2371
1144
2334
1957
2183
1478
2538
952
2926
1499
910
1525
1143
2721
2667
4498
2307
2473
1911
1816
1684
2190
2539
1952
2745
1437
2039
2744
3440
2250
3116
2693
2081
1686
1407
899
3638
2225
1899
2073
2713
1835
2161
1821
1853
1688
1204
1888
2589
1456
2033
1902
1667
1963
1436
1324
1707
3265
2208
2590
2146
2676
3254
2019
2486
2616
2968
1280
845
1550
3011
1040
1920
2037
3390
1865
2188
2224
1612
1569
3219
1099
2287
3312
3276
1385
1102
2202
2266
2021
1807
1561
1643
2140
3475
2201
1311
5824
1119
1195
1039
749
4606
1789
1799
1266
3005
2544
3680
1562
4212
1733
2003
1347
2335
790
1957
2012
3341
2012
1835
1573
1655
1570
1529
1227
1845
1475
1783
1238
7779
2562
1503
4795
2398
3308
2540
1090
1527
3077
4217
2038
3362
1419
1464
5334
2588
2286
2705
1794
2053
1876
3065
1221
1677
1424
1630
2457
1372
2011
1264
1554
1364
2852
1142
1879
3428
3008
1373
3031
1411
1065
1335
2130
1616
1747
1321
2510
2126
7175
1803
2002
2064
3229
3582
2905
1075
1474
947
2041
1699
1462
2250
2004
3406
6223
1103
2026
1019
5020
1887
1813
2170
3242
1818
3254
1590
2509
3033
2913
2315
4080
3219
4451
1088
932
2811
2044
1313
3046
1242
1378
915
1903
1780
2636
1260
3266
1532
3771
1432
806
1628
1569
2532
1699
1942
3316
1155
3319
2109
1856
1572
1648
3093
2874
1398
1481
2149
1491
1203
2869
1819
1879
1133
2112
3304
3972
2987
1657
1358
2791
3733
1832
3545
5547
1658
1130
1908
1238
2713
2428
1984
2518
1538
1287
4853
3427
1744
2040
3478
2481
2809
909
1171
1584
4899
2038
3110
2458
3480
3172
1377
1798
1464
1988
3180
3478
1401
1775
1455
1596
3685
3163
2077
2512
2322
2622
2832
2753
2266
1967
2169
2418
1558
1406
4853
2190
1725
1203
2839
2167
1060
3022
3336
1727
2608
1951
1381
2950
1803
1612
1824
4366
3177
1907
2509
1086
1746
1870
5653
2088
1189
4535
9616
2237
1587
3162
5478
2549
2678
2282
2196
3729
5846
3000
1623
2195
3669
2299
2094
6393
2012
2795
2168
1438
1719
2975
2344
5191
4244
1897
5164
1273
1264
1737
3444
2506
2238
1901
2443
2047
1086
1781
2375
1526
1167
2056
2485
2887
2885
3800
2325
1175
1570
1337
3834
2540
1963
1168
1534
4990
2536
2077
2081
4405
2917
929
1654
3130
1873
2721
1724
2771
1565
2230
2814
2488
1590
1634
1773
1761
2231
3809
1630
2537
1054
2012
2484
1293
3265
3602
2543
1461
1542
2009
2039
2094
1920
4429
3539
1282
1931
3122
2127
2148
1026
943
3181
3592
2446
4501
2209
1298
1910
2101
2897
1563
2121
1981
1035
1377
2506
2087
1409
2097
3606
2084
1348
1431
2063
2316
1425
2355
4182
2007
1332
1573
1193
2146
1990
1421
1233
1802
1908
669
1585
1126
2573
1922
1981
3926
1763
1569
2040
2353
1270
2278
3703
2505
2216
4216
1192
1130
1368
1692
1926
1658
1155
2206
1245
4548
1819
2218
1586
2416
3250
1013
2191
1134
3147
2074
3416
2468
4619
2593
1626
1307
3955
1644
2189
3100
1351
1534
1852
1758
1543
1928
2015
1961
1951
1497
3320
1198
1812
3120
2632
8228
2066
1851
2484
1006
2217
5723
1114
2147
2513
2207
2014
1165
1256
1663
2281
1091
1924
1317
2372
1651
1814
1176
2193
4064
1442
1925
1416
2477
4179
1611
1395
1492
1702
2914
5212
2345
1872
2870
2237
2458
3203
3629
1139
2583
1684
1747
2072
1933
3693
1499
1711
1060
1783
1124
1494
1408
1396
1875
756
1767
1089
2269
1124
2247
1116
1923
948
1260
1110
4331
1641
2855
3158
3706
1961
1587
2596
1029
2059
5349
1306
969
2865
2878
3770
1219
1886
2494
1541
1959
2155
1850
972
2483
1633
3209
2928
1818
1658
3824
2355
1530
2212
2235
4177
1577
1496
2625
1437
2024
2056
2336
2342
1412
2782
2479
5284
1210
3279
1218
3261
1624
1186
1721
4887
2754
1527
1325
1196
2117
1358
1664
2580
2328
2175
1401
1540
3108
1233
2204
2230
1488
932
2336
1086
881
1795
1347
1464
1084
3614
1837
4241
2219
2509
2227
2197
1379
1731
1431
669
1147
3478
2635
1239
2272
2294
1713
2427
1500
1715
1502
723
1509
3630
1733
2204
1534
1547
2841
1761
2652
1377
2623
2343
2173
1381
2600
2429
2968
2695
2010
1315
1656
1881
3236
1338
1778
4912
3126
987
1075
1999
1400
2326
2367
2333
2673
1647
1303
2382
2977
3008
1150
2447
2249
2565
1697
2227
1517
1799
2290
2389
1899
1373
3661
2733
1427
1081
2027
1558
1274
3206
3841
1710
1876
1047
2114
1328
1059
4440
5575
1665
2866
2164
2177
3128
1890
2495
1750
4197
1422
3269
972
3576
3348
1866
1951
1744
1124
4640
2632
2136
2936
1738
1385
2389
1583
1088
3134
1879
997
2373
1497
1845
1353
2243
1862
1085
2887
1306
3707
2012
1217
1530
2089
2871
5126
1898
2257
2506
1433
1400
4697
1555
1486
1819
1769
3888
1294
1488
2285
3196
1407
1492
1243
1312
1837
1135
2771
1464
1688
1244
2358
1485
2011
1367
3055
2305
4388
2251
2559
2345
3108
1387
1726
2197
1992
1351
4270
1748
6230
1435
1390
1876
1796
2396
2430
2806
1475
1295
940
2405
1950
1524
1782
1078
1707
2783
3027
1685
1248
1500
2811
1839
3529
3268
2156
3590
1016
1351
2627
1915
1290
3399
2173
2521
2358
1786
2728
2448
1578
1238
2247
1923
4189
1848
940
1003
2262
2586
1326
5170
1386
2659
1572
1633
2115
2275
1859
1566
1986
1422
1263
4860
1930
1973
2846
1840
1319
1210
5105
1245
1674
2625
3107
2246
1556
1828
2907
1607
1532
1972
1062
1998
1505
2869
1164
4931
1893
1941
2392
3978
2084
2841
1238
2335
1350
3018
1367
2066
3930
1777
1554
1964
1328
2456
1847
1705
2718
4404
2527
2285
3201
2524
2495
1950
1873
837
2652
2363
3136
2505
1313
2313
1386
3824
2332
1626
1512
1410
1845
1688
1369
2922
1602
2606
6596
1956
2248
3142
1566
4207
1440
2746
1529
1284
3292
1339
2753
1615
2189
2134
1134
3171
1450
2536
1343
1688
1657
3242
3819
2101
3789
801
1166
3945
5751
1674
1111
1335
2122
2194
2231
5536
1638
954
3264
3502
1829
1509
976
2163
1731
929
2085
2460
4500
5457
1154
2068
2499
1884
786
2313
2531
2431
2008
2010
1570
1996
1775
3034
1820
3174
1171
2659
1437
1479
1098
3015
2303
1789
2733
2572
2163
2666
3479
1894
1594
1937
2105
2900
1778
2268
1791
4175
2877
2418
1873
1620
2059
2714
3517
1898
2981
4224
2909
2236
1919
3299
3737
2585
1365
1621
1153
1814
1802
1928
1251
2587
2160
2669
1256
1110
2119
1378
2876
1431
2520
3213
1476
1428
1370
1724
2227
1796
2826
1094
1489
2341
1502
2076
2654
1450
1869
1801
2557
3324
4205
1954
2187
2085
2110
4420
2635
6349
2372
1596
1445
1752
1069
1715
3844
2002
2363
2296
1436
1729
1212
1825
1344
1225
2814
1771
2650
4286
2416
2811
1276
3812
1779
2668
3816
1155
1838
2401
3179
2188
1224
2128
1673
2441
1376
1677
2479
1348
1935
2579
5810
1488
1414
1979
3540
4379
1388
1846
1313
5937
3000
1952
1302
2967
1421
1968
1780
1308
1564
2926
4343
3160
1368
2888
1575
2932
1966
1009
1557
1393
1819
2221
2553
1802
3826
2312
1541
4007
1924
1249
1473
1556
2320
1094
4580
7991
5706
1959
4036
2874
1098
866
3501
1770
1289
2288
3871
2065
2972
2277
1704
2686
2133
3172
2053
2284
1885
1327
3520
1210
1116
1252
2006
729
1159
3604
2956
2717
1881
1261
2252
1583
1970
4544
1297
1815
1748
1946
1654
1811
1790
2035
2496
3258
2321
2285
1193
1809
1130
1299
2653
1324
1988
5665
1491
2360
1739
1921
3080
2139
5144
5988
1889
1302
2166
1712
2405
1798
2358
1775
2616
3664
1674
1110
1319
4416
2758
1797
2169
2075
3358
3266
1354
2065
1235
5275
2032
1255
1808
3360
2045
2314
1540
1028
1954
1326
1173
3113
1565
1691
1712
3025
1487
1651
1330
2817
3439
2699
1426
6184
1574
1247
2579
2220
2202
1350
1896
2359
1264
1729
4364
1897
1563
4837
1268
2159
1385
2111
1709
1323
1265
2213
1770
2886
1511
2339
1639
1649
1358
5469
1277
1916
1531
3427
3288
2617
3546
2704
2107
1225
3064
2444
2293
1041
1022
1102
3324
1900
1879
2322
2377
2511
1354
2355
1700
4413
1452
1099
1948
1965
1582
2517
1571
2141
1806
1235
2932
1328
1739
1695
1561
1902
3324
2071
2832
975
1457
1466
3193
1897
4695
6583
2372
1221
2285
2414
1536
1795
2070
3865
1816
895
2026
4072
1719
4781
2701
1780
1909
5443
2432
803
1472
1461
1381
1206
1480
1905
3261
1657
3488
3319
2023
1922
3222
1653
2700
1912
2577
2842
1387
1744
1598
2013
4401
4195
2979
1776
1402
1766
1909
1638
3541
2165
1390
1742
1119
1721
1942
2056
3320
1092
4924
2198
1136
3559
1791
1862
1796
1886
2141
801
2320
3111
2342
4048
1054
2073
2208
1913
3415
1468
3075
2537
1776
1368
1969
1962
1725
4756
1698
2002
1422
1421
2248
3954
1102
1808
1654
3172
1953
1833
3375
3448
2844
1117
2131
1147
1718
3102
4063
2542
1094
1099
1930
3035
2677
4862
1581
4828
1898
2355
1183
2322
3461
1902
2609
4396
1781
2585
1870
3967
1258
2763
3241
2428
1709
3216
2874
1060
1425
1677
3259
1753
4552
1623
1534
1971
3854
2357
1333
1547
2557
1578
2037
1457
2210
983
1509
3263
2855
6694
2009
1731
3224
2080
2117
1260
3011
2235
1864
1012
2620
1754
1903
1318
1810
1326
2235
2004
1027
1129
2174
972
2003
2716
1378
1370
2599
781
1242
1992
1507
2166
2924
1044
1405
1628
2393
2261
2604
1947
3225
3542
1432
2093
1385
1869
1708
3315
2254
2391
2026
1987
1496
2001
2637
1105
1109
2232
2837
2484
986
1613
1329
1858
2710
1360
1486
1988
1811
1883
1148
1085
1731
1978
3557
1386
3015
798
2876
1106
2368
1291
3232
3566
1306
1756
1880
1958
1586
1330
1505
1625
2105
1195
1796
3350
1441
1588
1868
2128
3278
1522
1393
1910
1425
1940
2082
2217
2372
1039
3714
2237
1897
1115
5559
1101
1668
2234
2004
2416
2161
1117
1518
2575
3378
1550
6729
2262
2487
2167
2033
2065
4328
2859
1944
1118
2955
3759
3349
948
1718
1933
1204
1392
2438
5816
1347
1559
2379
2840
2061
1809
2168
1310
6693
2218
1754
1678
1484
1863
2528
2707
3020
1354
830
1342
3408
2490
2925
2061
1776
2038
3070
1720
5274
1205
3692
1724
2209
2497
1125
2490
2536
1761
1321
1243
2285
1896
2755
1469
1163
1366
1021
2250
2418
3061
2476
3226
1302
2210
1213
2217
1685
1646
2979
2590
1453
1553
2130
1757
2725
1658
1835
3640
7853
1158
3922
2294
1578
1721
5453
2028
1460
1637
2167
2751
1961
1576
1541
1545
1254
1288
2052
1858
1168
6963
1340
2701
2543
2362
1034
1567
2179
1870
1796
2887
2847
2005
3220
1249
2179
2081
1282
1778
1033
1500
2584
969
1131
826
2113
1730
1188
3308
2614
1435
2031
1652
1100
1080
3283
1517
1280
1953
3786
2090
1522
2598
2944
1303
1398
2586
2499
1850
3918
2848
3917
2803
2028
3914
1874
2170
2764
2014
2081
2850
1773
1119
1760
3470
3788
2662
3506
1694
1485
1904
2134
862
1556
1316
1884
4239
1308
1233
1845
2606
1180
1974
1337
2174
3147
2053
2266
855
5844
1537
2403
1497
1313
2031
1915
1478
1642
2227
2106
1368
1518
2173
3182
1764
2732
1968
1800
2663
1414
3862
2433
2699
895
2152
1352
2108
1159
2433
1151
7985
2065
2501
1548
1169
3612
3599
1626
2391
1063
4194
1805
1968
2069
944
1360
1639
3989
1973
1267
5108
1395
2154
1260
2589
3174
2227
1404
1746
2630
2471
2081
1847
1932
1427
1148
1787
1740
919
1415
1071
1951
3366
2985
1124
1545
1809
1383
2781
1490
3679
2976
2944
1470
1385
2616
2132
2030
1323
854
2098
2386
856
5002
1090
2169
3564
1624
989
2863
3355
1059
2000
2174
2034
2479
1985
1471
3298
1796
2900
1865
1380
816
1346
1451
1149
1602
1759
2339
2982
3106
897
4753
1631
2161
2669
4173
1975
2601
2375
4231
3596
1449
1208
1981
1168
2979
1427
2870
3178
1662
2592
2635
4667
2594
2686
899
3170
3744
1870
844
3557
1636
3210
1530
1955
1473
1385
733
1807
1304
2182
1540
2155
3040
1354
2696
4189
1172
1312
2277
1520
2133
1461
1435
2909
1577
8103
1123
1780
1717
1018
1249
3361
1756
1924
2993
2692
1941
4139
1024
1050
2754
4320
1935
2337
1753
3167
1927
3904
1575
1267
1417
1568
1467
3117
1581
2694
1725
1988
3872
1262
1490
2022
1925
2919
1994
1210
1270
1154
3007
2437
1447
4939
1250
1635
1914
1530
1080
1609
1569
1338
3002
1607
1041
1142
1956
1088
2015
2636
5909
1267
1821
1738
1743
3638
1177
6372
1343
1527
2502
3075
2223
2098
3427
1264
1978
1011
1830
1218
2416
1882
2326
2643
1540
2172
1872
2320
3049
3565
1368
1540
2004
2017
751
1407
1505
1917
2047
2628
617
2613
1401
4493
1278
1589
4641
2654
2382
3262
1790
1236
2156
1528
1485
2259
1885
2665
3546
1260
3313
1132
2065
932
2595
1711
2041
1673
1294
1862
1879
1287
1345
1472
2214
2931
1115
1366
1728
2449
4170
1392
1829
1968
1769
1543
1812
3251
2783
2046
1734
1530
1716
1469
2050
1345
2613
1365
2451
3696
1478
1594
2869
1444
1425
2418
2153
1059
1518
2698
2284
1745
1473
2442
1659
2871
1063
783
1818
1116
3243
2314
1132
2372
3134
2770
2261
883
1770
758
3125
3508
1601
2084
2190
1026
1538
1843
1589
1116
3894
2873
1206
1904
1689
1705
1289
1729
1937
1107
2006
1567
3688
1836
1147
1375
5262
885
2453
2423
2845
1319
1719
2744
2723
3075
1198
1352
1577
2262
1491
1048
1029
1275
1562
1590
1304
1228
2831
1892
1251
4090
2244
2292
2493
1037
1456
1635
1782
1657
1670
2230
3419
2217
1837
3064
1959
2555
3263
2563
1625
1596
1754
5644
2169
1695
1064
1689
2313
2366
1256
885
1600
1176
1542
3115
2568
2109
1531
1300
3860
2073
1344
2159
2253
2107
1800
1546
3061
2599
1259
1110
4692
1754
1372
3272
2820
6114
1169
3132
1808
685
1674
2008
1929
1299
1066
1445
2879
1639
2966
2311
1208
672
1920
1956
1516
3397
1732
1705
2325
2203
1510
1521
4114
3415
2407
1176
1968
1457
2169
2275
1815
4681
1780
2577
3736
2378
4496
1834
1201
2824
2777
1695
2343
4505
1193
2225
4040
1724
1525
2106
2046
1051
2187
1168
2393
2101
1268
1418
976
1385
1518
1985
2185
3255
2425
2805
2149
1669
2349
2043
3365
1243
1533
1198
1463
2151
6390
1998
3001
1169
1472
1639
1570
4306
2185
1755
4304
1368
852
2426
1038
4455
1869
2581
1107
1773
875
2525
2064
1823
3594
3140
2303
1293
3580
2396
2481
2336
1737
2943
3075
1718
1510
2327
1806
3005
2358
1704
2438
1162
1641
2159
2059
2650
2722
3440
2431
1875
2390
1340
2171
1712
1653
2321
2156
2065
2488
2437
1229
3248
1927
1372
4050
6737
1072
3205
1492
2753
3110
2280
2103
2383
1235
1315
3660
3500
1636
981
1447
2083
1084
1670
1877
1407
1977
2406
2455
2226
2075
2196
1424
5179
2202
1666
3064
3453
5632
1740
1668
1721
4933
1708
2032
2118
2292
3082
2420
1456
2438
3826
1950
2219
1699
2514
1713
1342
2888
6422
1916
1705
1862
2296
3053
1979
2548
1589
1523
1861
1425
1217
2308
807
2273
1905
1374
2037
2828
952
1698
2168
1839
2195
1438
1101
4265
1257
3034
2251
1592
1999
3296
4540
2801
3376
915
2332
1604
2778
1848
1931
1813
1550
1865
2259
1661
1735
3146
2061
1347
2794
2233
2994
2227
1421
2326
980
1753
2313
2431
839
1676
1865
2040
2260
1889
3093
1540
1387
974
3408
840
1813
1759
1701
2959
2563
2991
681
1993
3304
2039
4156
2229
2298
1469
1303
2675
955
1664
1697
2866
2549
2407
2415
2121
1239
5178
1846
1976
2019
2259
2403
2058
3354
1203
3748
5151
2756
3764
4802
2316
1706
1340
1112
1796
1710
1368
1399
1963
1372
2813
3152
1664
1434
1460
1870
2316
3342
2659
1064
1461
2089
829
2516
3872
4252
2217
1790
1261
1978
2017
2799
1922
1015
2736
2811
3223
2684
2869
2883
1200
4058
1822
1651
1053
4547
3003
1016
1936
2258
2352
2240
1283
1400
1238
2279
1463
2145
1768
1799
1717
1381
3957
2196
2552
1305
880
4019
2180
5241
2445
2975
940
1881
1663
1629
3194
2165
1909
2527
2001
1838
2674
1324
1849
1386
1843
2108
2378
2864
2948
2214
1961
1116
1395
1754
1778
1599
3405
1687
2819
1220
2634
1793
2130
1987
1529
1845
2885
1675
2126
1946
2579
1181
1189
1296
1957
1504
1628
2817
1406
1998
2756
3855
1216
1127
1741
1953
1453
2400
1887
2325
1150
4849
951
1278
1424
2374
2189
2079
2714
3307
2190
3647
1276
4034
3805
3310
2010
1632
1533
4121
1234
2104
1310
1964
1861
1178
1306
2577
1464
2311
1977
1627
1249
3200
1542
2014
2090
2089
5920
2387
2591
1363
2239
3492
3301
1294
1885
1499
1402
3392
6256
2479
1760
2452
2508
2461
1647
1437
3259
1745
7047
2689
3482
2622
1667
2027
3177
1817
2400
1985
3460
4000
1746
1174
4590
2907
2232
1037
2007
1792
967
2068
4465
1096
1575
1319
1967
1398
2012
2527
1191
1702
1370
2157
1840
2320
2078
4429
1688
3722
2511
2049
1890
4767
3167
1778
1591
2114
3683
2533
1996
1505
1411
2677
1976
2705
1947
1729
1830
1034
1736
1056
804
1250
2238
2699
3835
2594
3122
1421
2101
1813
2144
2436
2330
2018
1495
2293
2207
3225
1537
1545
1204
2182
1977
2445
3228
2856
2159
2691
1786
1623
3792
1440
1544
1723
1388
1698
1301
3453
2793
2541
2827
1673
1120
1861
1021
1488
4094
1361
1492
2444
4048
1626
1714
1591
1275
4275
1739
1583
1356
5502
1511
2360
4300
4113
1305
1613
1136
1768
2309
1666
2088
1418
4130
1509
1068
2182
4999
5105
2210
8190
1951
1317
2538
2355
980
2307
2612
1639
2572
4133
1638
1405
2711
1603
2854
3636
1785
1860
1874
3736
4323
1819
1464
3026
1520
1944
1819
3036
1706
1948
1458
2213
2471
1957
971
1605
2509
2497
1620
2339
1215
2809
2086
3886
2377
1156
1683
1239
858
3387
1595
2503
1274
1244
792
1999
2889
3454
2630
3655
2004
1490
1905
3191
1065
1019
1769
1406
1220
2021
2410
3839
1872
3489
2389
1255
1502
2326
3872
1878
3590
2642
3122
1397
1456
1581
1434
1571
1007
1103
1106
7448
1722
1808
1120
5444
2122
8209
3127
3081
2011
1709
3869
1546
2202
1554
2398
1373
5438
3941
1556
1097
1485
2306
947
904
2757
1582
1756
2354
2046
3415
3525
1433
1450
2761
3126
2369
2092
1345
1554
1858
1907
1220
1701
3493
1500
3714
3206
1886
1986
1271
2020
1792
7556
2712
2675
2000
5761
2120
3093
1333
2160
2191
1315
2194
1701
4554
2990
1326
1256
1700
3827
1719
1688
2110
1267
1618
2105
4061
3443
2386
2865
1540
1299
1414
955
1282
1290
1083
2278
1006
1609
3098
1651
3632
2035
1772
1265
1869
5400
3791
1021
1389
1634
1935
820
3884
1246
1567
1487
2898
1306
872
1775
2177
3423
1937
2157
2825
1624
2370
1738
3968
953
2619
2629
1968
2533
1039
1435
2059
1263
2132
2272
2773
946
1654
918
4452
1254
1916
3072
867
1767
4476
1987
2501
1310
2430
1558
1790
2259
1800
2622
1826
4027
5258
2684
1542
2179
1331
3303
1645
5405
2854
2386
1010
2762
2122
2320
1505
1755
2080
3230
5378
1246
3230
2071
3178
3870
3219
3090
2020
1860
1956
1323
3626
2136
2402
2254
3977
2844
1627
1647
2512
1738
1689
866
3072
790
1467
2506
3561
1811
2125
2800
2474
1493
2324
1293
1450
2946
1884
1894
3536
624
1383
2268
778
1920
1317
3675
1722
2028
1798
2800
3006
1312
2520
1823
3102
3052
2948
1466
1493
747
1581
1559
2394
3144
1765
1248
925
1621
4078
3666
2423
1977
1277
1606
1533
2292
1221
1744
3318
1754
1672
1572
2638
2284
1104
3860
1371
3423
2250
1171
1665
1283
2199
2799
1636
1572
2369
2542
1174
3237
2098
1942
1811
2773
1121
1583
1762
3461
2905
1579
1651
2521
1959
2114
5315
1838
1793
5915
1442
2743
1960
1612
1218
1908
1513
1102
3056
2279
2999
3379
2899
1121
2363
4376
4140
1223
2286
3949
2282
1792
1284
2335
2704
2477
2114
2499
2718
1268
1040
2905
2108
2185
1131
2116
1633
1287
4985
3154
1210
3561
1511
992
2553
2390
6956
1281
2596
2368
4338
3731
2350
1172
1743
2986
1292
2133
3959
1782
2455
1664
1405
3245
5654
2515
2246
1605
1176
1386
4628
1990
2482
1636
1530
2232
1835
1049
1421
2483
3019
3051
1755
2049
2794
2854
1558
2493
1697
2103
3689
1343
2356
2065
1328
4281
2961
5184
1694
2218
1878
4347
1899
913
5946
2287
789
2302
3124
4058
1069
1099
2347
2708
1569
4032
1135
1938
2614
1886
1073
3808
1342
4851
2198
2446
2160
2182
2092
1936
1980
1079
2090
1413
2085
2528
1749
1714
1905
1828
1554
2478
2176
2186
3745
1116
2162
2340
2046
3501
2576
2547
2692
1904
3188
1846
1327
4617
1945
1061
2317
2956
3760
1398
2493
2435
1325
1534
2162
1398
972
1392
2407
1044
3109
1136
1828
1224
2064
2106
4773
1267
4094
2830
2091
3108
2210
1033
2961
2454
3405
2964
1456
2200
2086
1724
1043
8894
1321
1880
2742
2351
5034
5782
2156
2598
1643
1993
1610
3417
1139
1394
2889
1889
1981
652
3208
1997
1576
3352
1947
1169
1344
2702
1160
1647
3097
1566
1763
3829
3347
1652
2027
1366
1868
2243
1625
2269
1605
2029
1855
4084
6068
1763
2113
2582
1362
1631
1418
1840
2717
1240
911
1353
955
1566
2912
1219
1871
3951
2652
1363
2439
1058
5762
1823
1367
5028
2040
2165
1959
967
2299
1276
2734
1810
9751
2569
1293
7199
1607
2317
2542
1707
3162
3303
1671
2154
3405
4014
1913
1152
2054
3898
2459
1001
2765
1879
2703
1499
2442
1798
2152
2427
1605
1683
3440
2192
2917
5042
1688
2313
1660
1801
2096
2161
2394
1773
4105
2742
1441
1842
1715
2245
1153
2505
1298
2054
1718
1709
1545
3449
1569
2897
2135
1563
3588
2801
1912
1795
2419
2052
1826
2486
1858
1936
1600
1549
3120
4931
1294
1658
2273
746
1342
1209
1960
2423
1551
2028
3130
1788
2103
2778
2975
3534
3916
1495
1502
1969
3981
2745
2455
1670
1735
1990
1791
1363
2827
2845
1910
2280
2356
2007
1416
2477
2262
1820
1308
3148
2550
1684
2122
4634
2081
1608
2634
2479
3688
2550
4409
2830
2969
4323
1318
1659
1612
1867
5763
2307
1569
1451
2299
1964
1973
1437
2002
1485
1117
3938
906
3712
2221
1451
1689
1504
1756
3822
3255
1116
3034
1379
2262
1705
1093
1579
1234
5216
3267
1169
4569
1391
2265
1733
2684
3339
1620
1768
1573
3021
3476
2267
2123
1439
1516
1029
1032
4409
2444
1120
923
1400
1628
3458
1528
5238
1556
1687
1700
1687
1408
2412
2532
3974
920
1143
2182
3930
3544
2651
1154
1203
2213
1653
1601
1575
2211
3853
1258
2049
3650
2316
1745
1421
2716
3349
2942
1542
2035
1494
2813
2308
1503
2575
1529
3702
1576
1320
1435
2624
2556
3448
3461
1555
1979
1524
3806
1985
2038
2036
1746
1939
1913
894
3474
4473
2613
2152
2375
1497
2438
4549
2587
1975
1368
2639
1537
2000
1679
1142
2518
5047
1733
3857
974
3628
1409
3054
1624
2049
819
2394
1946
1403
893
917
2176
1865
5952
1227
2938
2951
2344
1619
1096
2147
1740
1270
1767
1356
2312
2864
984
1822
2150
1365
1260
1532
1278
1078
2156
2204
2340
1412
1811
2344
1391
1274
1636
4925
1558
1305
1242
1593
1190
2779
2588
2444
2061
3635
2052
3132
3486
1708
1869
2165
1860
2071
1273
829
1756
2237
1730
2256
890
2542
738
4063
2295
1228
1851
1681
1738
2547
1528
2050
1601
642
2104
2290
2242
2249
2905
2388
1283
1819
1200
2039
1586
1185
3585
2075
2522
2924
1361
1275
1247
2480
1892
1624
6152
1577
3048
1841
1686
2029
3306
2393
1400
2217
3133
1411
2768
1188
840
1526
1733
1239
1898
2107
2342
3065
1821
1849
4323
1464
2700
2403
5244
2297
1739
1596
2468
3822
1105
1509
2600
994
2562
2182
2880
1445
1133
1666
3494
1193
3403
1807
2227
2448
1680
1049
3468
1445
2913
2377
2242
2240
2547
1238
2613
1605
2485
1523
2782
1331
3869
1545
2125
2844
1309
1961
1773
3283
1960
2286
1635
3475
3158
2865
2236
2948
2156
1863
1094
4213
1682
1488
933
1795
1534
1812
1820
2296
2182
2140
4129
1441
3015
1887
1368
1256
1673
3532
1119
2873
3460
1140
2125
2547
1432
1627
2507
1623
2028
1674
1068
759
999
3489
2101
2618
4466
2292
1694
1413
