2462
8360
6066
4523
2645
11523
11557
4627
5018
4189
5198
1430
16495
9835
17188
8065
8927
9546
3936
23013
4032
8212
5417
7837
11055
6409
3012
6948
5655
12126
7160
5840
4065
9033
9227
12415
3715
14993
6316
3088
8737
2447
4011
10451
7271
1801
10563
1575
7788
5752
2527
10360
8827
3433
9015
2580
2319
11414
8090
6493
7775
14215
2790
6464
3952
12915
3501
3335
11435
7402
15865
3481
37291
3299
6327
7000
5629
5590
3568
16569
15109
3411
13242
6988
4695
10149
25512
7365
1607
1756
3184
4350
22481
1425
8525
5950
7546
3523
1876
9050
14069
1993
18009
5403
5600
6241
5938
2609
9085
3895
5459
9133
7586
10971
2963
2304
12424
5939
3309
17463
2203
3376
5589
12310
1456
5365
2758
17862
1719
6069
12881
4751
1970
1933
5301
6613
4034
3597
2589
12580
2114
2461
9357
7388
11858
4810
2722
10602
4996
1180
12501
1621
9995
2769
18377
3918
5206
1913
2437
10002
1690
1786
8453
4192
12901
7738
1901
2436
7482
5406
3364
16172
2141
2974
7983
12485
7822
15820
12479
12667
2932
3132
29064
14885
6051
3502
4947
4932
4068
4170
7980
3918
3399
4708
7340
10815
10413
12935
2139
4223
9853
3515
3147
6766
7169
16553
5422
6626
1961
8600
5972
6510
6189
7165
16920
22093
14278
3748
6115
4421
1661
14144
3496
5274
3909
6682
15698
20777
3199
8459
6964
5075
13148
8229
1202
3772
3118
3593
19477
3849
2769
2062
20602
10137
7043
10818
10239
1906
2817
5825
2315
2905
4301
8031
992
2697
5393
8824
3212
5103
6800
4402
22643
3565
3012
4053
14481
4253
6573
11264
3372
6720
6278
10568
4364
12507
12681
2092
1781
4465
10624
8771
2725
6229
4450
3918
9762
6909
5450
8364
2517
5601
15888
2367
1621
3792
2826
18811
13040
13304
9399
6041
5877
6688
8573
9782
5762
11323
2728
11267
2523
2668
10301
6687
28003
15547
9565
7693
1471
2642
9326
5407
4594
5459
10008
3882
13944
11324
2871
3117
10354
4025
8340
4585
12796
4869
8908
7672
15487
7084
12786
1290
1817
18550
3032
9975
5810
7047
10417
18784
3339
8353
5435
5103
3655
6960
4078
3710
5969
1910
3466
20894
25061
6639
11563
3857
1958
3179
3660
2366
3019
8348
1177
3150
8509
1301
4672
4028
5594
16491
2199
16110
8074
3458
19571
3282
9444
26494
10972
9633
10544
1978
3065
13327
5016
15110
1963
7528
10700
3773
14598
7659
3367
13504
6955
1901
8827
2158
1633
7780
10673
19992
2761
5718
5472
5893
11200
2070
8478
9981
3355
7617
7648
8807
6787
3801
8175
3348
3229
7310
5390
11609
3383
8795
7692
1411
11070
10442
5314
6503
18475
8046
13254
7423
6489
10310
12477
6376
9809
2381
12915
4140
4036
11920
1551
2036
27298
5256
11720
6472
9665
4788
6039
11283
5726
8421
7200
4482
3613
6657
8986
11050
10958
6114
35937
37590
4981
7895
17962
4320
1806
4242
2252
9056
3576
4818
2875
8895
1666
2264
1966
9660
7209
6403
2583
20766
1557
14292
4690
7064
8372
5454
11501
6535
3449
3502
7315
6347
12332
7868
1510
6103
7738
7506
4505
11120
15509
5102
1482
4189
3752
6271
4508
7778
10021
3573
5726
4692
7062
17413
1598
3221
6031
2215
3997
5665
1225
1791
16833
7086
1964
21069
7275
4674
14781
1585
3557
12336
18925
9265
8563
10429
19730
4388
8614
15133
1683
7593
2474
2895
7095
4385
18206
6205
5063
29252
12014
9440
3394
6547
4129
6956
4630
2666
18398
9907
16418
2793
3771
8583
3120
7360
13297
9169
2259
2044
13163
8286
9673
6413
4046
4220
10073
5194
6096
17403
1210
1704
2894
2117
1532
4460
6870
8724
8117
4477
18041
5760
10155
6447
7021
13322
1333
42091
3175
2017
13835
5888
4062
29804
7254
6081
5260
7464
13707
4163
4976
11276
3747
9826
12655
4582
10390
1861
2752
4002
3667
7478
9168
6276
22991
5907
7806
5250
7793
4143
9371
6999
15977
11568
3006
8464
3926
6809
2510
15340
3716
11506
6565
1530
12468
21147
6096
5648
22263
1885
7908
9733
8207
6193
8639
11584
18653
6941
5366
5203
13200
6212
10405
3713
9209
6082
7740
26818
10478
2631
8892
2413
12897
6378
12033
3497
3810
2894
8456
7704
10130
4472
1299
3625
2529
8358
5303
42882
4584
17648
12261
11181
3299
16060
12094
15141
1530
1358
8980
10802
6636
4493
5407
9033
13226
3427
3909
1349
7143
7338
5097
2619
4474
5376
4148
18934
3299
13022
4210
1756
16618
4060
2788
3464
5199
16902
12454
3891
2000
5153
15343
6695
4467
4797
24377
10485
12890
2465
5956
4456
2613
1922
9203
7678
4234
1814
4432
19130
17520
6679
20056
16066
9732
6182
2733
6104
10260
6858
4984
9248
2447
4374
1701
24564
13147
11429
7562
2574
4207
10462
2012
4032
13502
1427
5653
3136
5235
2162
21000
13975
5388
7336
7083
2504
2469
2907
3188
30529
7092
6924
3976
2779
7842
6827
5682
8655
4291
3316
6297
7152
8794
5160
3376
2159
4561
8102
3940
19541
10798
5584
3592
9219
9537
18097
9159
5989
21161
10635
5991
8664
16036
2510
28211
9160
5083
4591
3514
1604
8441
8863
12648
4097
5204
4230
11038
8510
6423
3797
17167
8549
3064
2398
4077
14644
17613
2590
6805
8154
1935
15054
2078
20338
13908
11153
10403
5189
12580
2799
2500
4131
6279
5140
5676
8251
5810
10759
3376
2725
5776
2711
6499
1210
5018
7041
14662
11378
6109
5291
5856
4567
12311
2617
15342
5728
5290
18949
5622
6175
18344
7593
1937
9707
11381
8884
2676
2478
9710
5632
16852
13646
5430
24362
5445
3295
9766
23615
5690
16405
7569
18532
2871
6568
2279
1799
10418
3059
2224
3548
11205
12804
6588
7745
6538
12682
2200
2187
6435
3475
3108
6006
9589
5714
3207
14420
3992
7726
2603
11889
9445
6070
5331
5368
9841
7658
4876
4597
7644
3116
5123
5405
4451
21794
1511
8792
4299
5715
2855
5953
14355
2565
13066
4340
9385
6584
8759
5512
4469
3140
5896
5396
3035
4587
3064
14185
9385
19264
13086
19954
7512
1793
3206
7348
18859
27185
4623
13150
5181
10914
8094
17320
4952
3323
3275
3995
3891
4204
743
18411
13350
5387
13453
22713
8399
5537
7341
5590
14043
6647
2012
4509
6216
3577
3639
30868
14633
1782
3300
3169
12433
5348
13473
5376
8851
3673
3734
7505
2127
2184
2256
2909
1965
3565
8332
14258
14968
5646
4174
2114
2610
11304
8728
18000
4908
12094
5887
6230
12822
2841
5441
9410
7296
2640
2505
3579
4494
3283
36957
8197
5378
2883
10848
2629
3970
10319
5790
6569
6640
13414
2696
3747
5372
6635
10307
6377
39687
3628
10716
28358
9024
8941
18696
2912
4071
2023
5743
12734
27269
8235
15342
3230
4952
1681
3510
12845
11257
14918
4313
3215
3373
19294
1951
2457
16603
3380
1486
12080
3085
4605
3860
1515
2151
3098
8953
10469
6167
10215
2519
6754
10515
1671
17243
5270
6681
6002
11894
20781
2015
2112
3302
1935
6403
1524
7271
4524
5231
14636
11816
11103
10914
1587
6991
2347
7854
5657
5481
4666
3979
4886
19184
14039
8734
2075
2785
4110
2977
12908
1558
7737
9622
7688
2741
1940
2110
5311
7595
2810
2000
2037
23750
4842
5780
2398
9596
3775
4115
9719
5172
9326
11012
2661
5721
7655
2665
2523
4608
11310
3740
23852
8926
4165
22361
4542
16252
5658
1530
9548
5732
5556
19659
6346
7403
11497
10622
22221
20372
12495
12063
26044
1258
10130
7241
13350
14125
3786
6193
1458
6326
10184
4983
2914
3206
12271
4685
15300
10255
12486
4973
15049
13314
5470
11090
4205
2502
12418
4418
10490
3787
13375
5435
2658
4197
1406
5854
10543
3834
4035
8715
4524
5057
3241
6822
9308
8915
4472
7267
7322
2653
6196
6416
4794
4679
6918
9927
14821
5228
4834
4613
4891
18194
3891
3874
12414
12382
7218
12370
12811
11007
6480
22851
14920
1311
6030
6109
7003
40567
15151
3941
17179
9048
6005
26842
5726
10077
5504
8341
3089
10427
7275
1911
8469
7687
1664
9976
9889
3161
10571
4977
3707
4376
6084
2942
6694
11278
1854
2311
7055
9424
4616
3027
8284
27657
4310
1680
3023
6288
4005
2797
11350
8811
4210
1866
5105
3544
3608
4764
5714
6140
6640
5646
3748
10743
1997
11912
7706
8179
5596
21604
4951
9001
5681
3739
6161
6223
5223
3196
7768
16042
14250
2495
9997
3877
9758
8139
3286
4855
7206
4385
5419
9881
2724
5143
3949
11645
11964
5051
4330
21481
3468
1767
6533
4352
6022
3651
18862
7093
11305
2607
17175
4181
19905
6507
9794
2208
10046
2948
11939
1274
7429
12011
1770
32672
5698
3114
2293
25045
16542
4072
1424
1296
5337
3780
8466
7354
14247
9248
4968
5192
4295
26725
8903
9567
16776
15213
1664
5992
5572
5727
8919
15546
23751
21128
6494
25900
4981
1991
8862
5952
6775
23019
24981
9640
12047
10307
3955
6018
11757
3329
5148
4796
2353
6145
54565
3143
4734
24174
3569
5802
17161
4503
11412
8844
11702
4227
3487
5328
7003
6953
17791
8143
6001
5459
8282
2710
2914
2360
6501
9039
4467
11764
4213
5383
2862
6023
15819
4018
11001
8726
2120
7943
12144
12906
10149
3014
7490
12753
4548
12659
9993
2207
4098
2747
5734
5842
6556
5091
2586
7684
18487
5376
2646
3854
4798
13568
13641
3764
5455
6378
7977
11165
11160
15908
3411
14045
11542
6368
7066
4820
2748
39443
1627
7851
1518
9077
11662
2197
4408
4374
5688
17881
13184
7997
7357
18923
3611
2359
4920
6419
2842
24119
4577
11898
12525
1836
2911
7706
18537
2935
12097
1979
10416
3828
8163
5635
11769
8783
10162
13331
1383
6631
9326
2224
1964
6325
3209
12626
9630
6151
4133
3344
9852
12243
3493
14846
14555
2251
6139
14247
17189
6076
11484
5500
1489
1897
5054
2610
6695
2765
4141
14304
3956
7271
19172
15100
1904
8181
4759
13506
5779
14633
10132
16790
4787
9561
25040
13919
7745
6057
13370
12731
14528
2515
8497
8726
6908
1653
3524
8165
1824
3750
10303
13023
6447
9865
14400
7237
7869
4299
18467
4433
15834
2069
4792
2946
10412
18860
2737
5071
3574
3450
4726
1143
7265
2487
10075
11312
8808
5586
2945
2477
1328
8347
12069
7853
6271
4176
3152
3782
3621
7209
12238
6426
2142
3409
7702
12791
7001
20608
5582
8218
2626
5755
14781
10850
11175
5502
2841
15127
1906
24334
12186
4322
4462
4465
2983
10270
2680
14312
5031
4201
2587
9510
2453
4982
4394
9318
3233
5443
20281
6599
2236
2789
7873
2402
2059
3311
2705
10309
3854
2220
3396
4247
3813
4166
2916
3734
7872
10425
3737
4197
7011
2652
6251
1556
9849
11876
2659
14750
4752
11417
4380
4850
3003
3966
3120
7737
16005
5565
36505
10984
6695
3524
1537
4729
8939
11333
5857
18126
5535
1546
9616
11084
25510
8561
24334
7348
12020
19223
4331
3399
16035
8060
5051
3453
11189
6117
13220
2669
4199
9747
5752
2057
13766
14406
16026
4282
11301
3827
12636
6448
6569
3973
9444
6739
8457
6694
1494
1994
7291
1667
8898
13037
1986
4247
4569
2830
31129
1071
11323
1622
23474
3080
11605
3733
5362
4603
3998
2286
1339
4901
10380
4350
8780
9003
4200
6144
4909
7703
6842
6689
3408
34007
12748
2351
1721
5925
18564
2955
9506
2357
3185
10761
8472
3271
3976
9801
6854
10000
18483
10255
11111
4891
4136
6755
6576
6127
5628
6040
1371
7673
7144
1307
2215
9571
3527
21748
20188
4998
15066
14304
2922
10869
9033
7587
2733
2759
8573
16729
6063
5777
11246
19276
3652
13811
7576
5452
27619
3612
8045
6225
6181
5012
10094
7386
17052
4474
6209
4619
3767
16915
4490
15177
4632
9755
12013
2394
5159
2699
4490
6900
3070
2248
6967
25306
3026
4368
5293
16524
5761
15029
5904
4716
12592
3024
2846
4547
4062
14441
10395
14961
3298
1851
2618
18951
5079
2770
2289
17712
6054
3255
6065
2478
6534
18508
3989
8039
4505
11173
4125
8837
3044
2308
8629
10901
4618
3269
2299
3539
3938
6671
2276
3692
5058
2943
10702
2133
4084
9588
4854
11942
6185
8463
8045
2252
4963
6163
8834
3081
7985
9479
16484
5566
4250
15117
11218
2407
11671
3664
3358
7183
10857
3137
9651
5212
5083
6344
5857
6369
5923
12221
6689
2506
2900
3385
2606
29211
11586
3648
3523
12087
13275
7872
11094
8596
2184
4125
3525
1816
7390
6436
2784
1901
10870
2949
10733
1152
6623
7837
9184
6127
8482
3500
4884
20220
5245
9264
5799
1488
4479
16767
11792
12946
3884
3720
11113
5183
7860
11262
11826
5219
20904
4183
1520
6985
2246
1836
2112
5606
11865
2267
22380
3955
8502
12526
16542
24969
6923
2866
10545
8627
9289
3652
8476
3182
16385
7405
8473
4029
3141
8114
2335
17510
8013
4651
8792
3650
1934
3030
3747
6160
3754
14210
9534
2398
7982
5505
13034
21330
4738
3774
8999
5530
13190
7051
3543
9099
2699
17915
4183
6013
6031
11259
3867
10756
6016
1361
7938
10959
16451
3682
2242
3453
3553
14725
5358
21631
11526
5015
5385
4845
22648
2537
3782
5300
12334
10132
6481
2559
9305
5966
13431
5760
4645
7754
12687
8209
9139
1885
4727
4482
1931
6218
7007
25656
8082
10556
7489
16345
6015
9069
5056
6582
3579
40890
6247
11534
9566
6269
4222
2539
7411
11117
7096
5901
6061
4213
3497
5223
2502
7176
20350
6750
5186
1744
9979
1847
4082
739
3262
7917
11051
9759
3513
2983
12716
6985
2595
5699
10327
28597
39346
3938
5823
4408
8267
8986
11040
10282
1203
4564
5417
9135
6148
3502
5198
18810
3574
2863
3519
7039
9509
16058
1797
8129
16711
2724
5821
6588
12231
2391
3189
1845
7833
3509
3916
12431
9970
4751
7647
4203
12049
13321
12555
2741
1588
5783
4543
1975
14030
12212
6249
9988
1455
7939
7926
2264
5438
2750
2690
9109
11619
7469
1918
13747
2479
2131
2462
6571
9622
10014
5599
2575
14901
11670
5173
7468
7558
9484
5337
25257
3721
7691
5460
3174
8774
6669
8004
3079
4126
8519
2503
17995
3750
4000
8963
5482
6245
14632
5253
21271
4990
17917
5570
2507
9646
4481
8849
4193
8190
3310
1851
5231
5877
3813
2046
9275
2708
2832
5510
3160
1462
4597
3507
13863
1002
19173
5145
20097
23312
1900
14778
7341
3558
13511
1176
5686
11670
8690
6959
1822
2248
4635
6306
625
5387
9363
3554
3488
7588
18425
11294
2937
2689
3202
5680
4698
5908
1406
19506
4333
1773
15228
7970
14238
10066
3873
11344
5012
15786
10160
5081
6159
1122
5023
3737
7622
11782
6253
2186
6316
2679
2141
19038
3758
1761
4176
6900
2869
4744
6890
14565
2905
3864
9009
4812
8946
7405
6762
896
4909
8034
19212
2348
5018
6517
7815
2868
4704
3934
1965
5895
5874
2435
8898
11320
20559
3283
16054
4261
13168
4139
2901
9803
17935
6937
2688
8773
4450
16083
5514
21543
18764
12701
17327
1167
7329
8700
9972
1585
6287
3587
5589
5088
6534
16237
8969
6944
2541
14165
1706
5970
2911
9101
3370
2915
10311
2858
9304
7331
13768
9531
9596
2447
3339
4050
5192
8187
1854
3799
5108
3034
5188
4040
9670
2722
9876
17560
5132
8672
12195
5725
6520
2803
6616
5184
9151
9037
3970
1861
8829
2564
1771
6073
1984
7780
12669
6597
3806
25458
3766
9048
4058
4308
15283
3865
3162
2127
2363
16248
1635
11249
2877
5304
6815
3681
7531
4955
5926
1525
4606
2846
4922
1114
1669
27386
6822
3637
4056
21555
10092
3727
5727
8697
5432
2190
4264
17749
13840
6687
5002
9051
10366
4371
10729
3210
6651
6053
2321
13321
8944
5623
3038
4233
18447
18767
4063
14571
8151
12249
1985
6223
9395
17922
8275
17994
2055
7390
11931
6516
2943
3047
9939
9528
5796
3301
6986
3063
2285
16093
4135
5766
10320
11334
7822
2008
11921
3631
26088
4091
1664
3884
6308
9185
7533
13118
6350
2674
3113
4289
14673
10763
3135
3761
14006
4214
12263
1701
5382
12660
7858
3246
4642
10417
3514
2553
2305
2561
4485
3702
17882
15405
3471
1206
5822
19030
15706
4340
1546
5172
7029
12703
5790
2652
4610
10521
6654
6765
6613
1780
4797
1195
3633
2766
5351
31469
7063
5303
2387
7276
4251
5175
2191
12841
3113
6812
2245
1710
1991
1796
11111
9252
13671
4408
9445
2936
25927
4051
7152
12179
6804
3316
4315
9459
8856
6790
4746
9894
4608
11246
4619
5342
5666
10446
3465
4693
8522
1921
12415
8657
5386
2938
10577
1875
7386
4160
24250
9667
13877
4535
2060
23944
3046
7794
5281
6954
3628
6230
7120
16550
2880
9233
11111
3561
3439
17000
5152
7466
8220
5653
6572
12421
5105
6732
16714
6844
6097
3550
3693
7420
5601
34622
7205
13585
5336
11424
2823
9446
2151
3720
4440
6713
2968
2147
4391
18289
11609
5063
14311
14277
9456
12032
5531
9142
3007
7288
4869
2998
3888
4845
25936
23162
3347
9199
5243
6337
9150
14108
5219
9220
1282
4775
2837
12780
9681
7161
10342
11161
12697
2320
13693
4669
7853
6819
4022
5033
8902
6563
11993
2372
1970
4500
8782
15447
5932
3837
13561
16597
4498
3560
2996
18220
4710
6459
23584
2612
23579
8927
4586
6354
22338
2195
5485
11673
9228
11745
6815
2546
3547
2344
3586
5354
6077
17985
9366
5673
2475
6945
14318
2439
2903
2343
3684
7534
6222
9471
6379
4893
1810
4049
6510
11165
5235
6543
7571
5991
4322
3833
9094
16484
10813
7751
3792
2788
2698
6761
6555
1511
5684
10451
5362
9514
8235
3898
5377
4631
3142
14198
5516
6733
2441
6132
4792
10940
5642
1904
3928
5147
2683
12847
6997
10592
9013
17657
7295
7322
3811
4596
9625
2251
10439
8905
8985
2894
6381
1779
1293
6196
9229
2621
2828
7201
14168
4371
4766
11192
4528
9491
37590
3424
7684
6235
6524
10470
6450
5117
10582
5232
6591
5713
3085
4188
4450
4310
3461
3269
3511
2630
7566
4985
4228
5109
2967
4520
2625
17484
4278
6458
5760
10752
2674
9343
2498
7813
9559
1621
6173
3549
3026
2027
6414
6557
4804
6422
3256
2585
11758
9577
2795
8433
5330
10685
3891
779
3233
3164
3478
3925
8325
10846
7533
5529
6116
5410
5601
3596
11037
2368
1648
5514
3078
15044
4946
4923
9627
1504
11924
5500
14961
1481
3814
7388
2953
4177
10791
9075
5330
7517
4241
6936
8059
6652
11124
10461
6278
4606
28360
15630
8029
10235
3212
21862
11093
7267
17635
10192
5406
2649
4638
2450
3022
13074
2307
7187
4427
2298
3777
6015
10135
15027
11296
6336
5183
5423
5145
17015
22961
6005
3111
16959
5769
6421
20776
3047
8192
6702
15197
3696
3313
11940
7583
5855
2857
6399
5735
17943
6689
7849
4860
9847
2467
13655
6391
16259
1411
5865
5592
5449
3579
7165
5738
4265
4867
26170
23977
5017
2514
13928
3354
4780
3742
4762
7901
12179
2915
10981
4604
30474
890
4334
11436
12850
2235
5236
4581
3371
8042
19516
6254
2720
2575
9328
4312
4119
9119
6772
2014
3854
14018
2261
5108
12406
2504
8044
7394
3934
4959
6431
8207
3162
4600
1746
7768
15572
4792
2882
1770
2460
15054
6495
5060
5013
4789
2380
6890
2623
20814
4605
9839
4368
9357
3708
4037
13640
23089
22728
9751
10545
2733
2528
20695
4139
8913
9624
20392
9038
3933
4207
5860
2591
2311
5800
7365
6037
13540
4042
5723
31490
7036
3094
3055
8123
17167
24535
10225
17487
17575
2760
1876
4193
4509
5472
2290
4494
12547
11788
8052
4231
2701
13049
5829
11102
4998
6201
5843
10958
5208
9694
6843
2946
3977
4077
6049
8943
10267
3942
1674
13150
22424
7285
6541
11569
17623
3406
4116
2289
21386
5508
2493
5207
8959
2005
2243
9266
5580
10118
3582
2988
4599
2792
1931
10248
14095
21299
5797
5890
6411
6593
3025
11999
4284
16091
3406
13456
3990
4159
4709
8017
5420
2522
5061
8393
4021
3033
6938
1801
2619
7696
5950
10477
9845
23364
11050
24345
8474
8955
10184
4380
3656
2483
15648
8925
4247
1208
12268
19819
18140
5487
23361
4107
3814
2982
6467
5724
2164
16925
5943
3590
4231
9097
3016
15244
1897
11072
5144
5567
8329
1931
8740
5112
10814
6116
11560
5022
15610
10966
3922
2723
3615
6236
2514
12727
4191
5140
6151
11174
14604
2624
2580
4588
2648
11856
2743
16965
4995
2559
4808
12192
11544
3963
6000
3232
11752
2157
9676
8080
7541
5540
2307
3129
6899
30278
6330
3005
7230
9798
4630
5588
4733
5827
7343
5464
5036
3741
20677
7060
4875
4712
4261
4765
3336
9799
3222
17507
5414
5810
3297
5187
1397
11921
3496
7860
12745
19357
8230
7507
9215
5544
6594
14675
7635
12435
17722
8484
7033
19268
11207
1948
18113
16496
6627
5024
3942
7460
17515
6813
1548
11444
4524
1019
4402
6380
10956
4397
3879
5066
11075
11836
2642
12664
4754
9475
5025
18830
5504
5452
11180
2090
11970
1328
2586
9378
11064
13016
7734
12920
6512
15150
3917
4738
2811
8348
4638
3421
2478
22041
6347
4435
3209
4057
3651
5371
7854
12858
6131
4977
6042
6932
4363
3672
22186
8364
9942
2233
4673
3952
7415
5219
27789
3902
4932
2118
1854
8192
8236
4781
12606
4326
3651
4380
18423
4980
2652
1959
2967
1668
5630
3812
6258
6634
7507
9310
6526
3980
5595
8803
6731
1714
3141
1367
17658
1605
7801
3434
3098
16436
5155
2487
2677
3086
12214
4754
1813
3758
5099
5590
8607
8663
5951
4022
5740
5360
4023
7769
14581
15960
2894
26863
10713
13623
11769
7804
5307
8203
16279
6174
3271
2733
3997
3060
4439
9905
10699
2615
4554
3382
21383
11768
2582
5966
1676
2217
2192
6848
7572
8619
4090
1098
20928
3339
3781
4417
19256
4995
5451
3275
10253
3538
4292
29292
10586
8971
8308
3428
7734
2433
3374
2551
12082
2044
2370
10901
2184
46955
9987
5531
4026
10166
3921
14086
3319
4745
1698
5309
3043
12541
4578
11892
13757
3524
7412
6701
4334
1424
17862
3011
2123
7947
1484
15113
8207
12054
3824
12880
20107
8924
16480
2763
10169
7627
8348
3918
10908
2566
7076
2637
6552
10137
752
3854
3242
1206
8766
29797
11452
9694
5917
4373
4969
11148
5407
8682
3713
2458
20462
3333
4032
3263
10202
13502
6171
14476
6535
3446
18487
10173
6733
14289
6139
9477
12367
3702
4451
9302
21987
7505
4410
3051
2396
1609
5324
11951
6703
9048
4873
7275
2261
3645
13132
3347
8715
18019
4554
11759
10901
2532
5867
10334
16371
3906
22308
4993
2925
7630
6859
15817
2125
2073
12389
4081
8298
4568
3367
4184
2217
3988
5513
3625
5361
9670
16312
1736
4390
17271
13851
4046
788
8613
5268
2479
10168
8922
3260
4689
4894
9065
2929
7652
4172
7345
2797
3858
6022
35320
8787
6233
2722
7843
2472
5754
5337
12978
6941
23240
2253
3109
3139
1289
12636
2999
5860
23968
5131
3764
1841
11778
3426
4299
9798
12073
13076
4718
4276
4979
9769
13383
9767
2693
9029
7775
7859
1220
21538
13693
9288
6453
17500
3808
3087
8344
11660
6660
4060
15732
2142
8846
8591
4424
4530
5738
5399
3647
5130
17892
6063
4100
11365
2338
7256
2343
12284
8022
4494
13385
7019
7323
3203
29799
12558
7651
2897
18500
10169
12532
3954
7195
7421
6152
21455
15490
5544
9531
5376
13849
2681
3650
11518
4046
3526
8389
7791
6069
7774
4209
4779
10969
4047
5936
6002
7202
13283
6235
5652
3791
3710
2994
8509
7582
2731
10302
11925
8486
3928
2794
9429
1830
18382
7563
2531
10073
7117
7348
3456
2246
7348
2569
6317
2362
10553
2427
8270
2802
6593
7046
3778
3083
9927
4139
9491
3181
8874
2155
8694
5018
8349
6696
16206
11805
4294
4321
4335
7040
3416
3421
3157
13140
7067
13572
4691
9449
1704
16873
2273
4929
6351
6418
4372
4090
2431
2933
10229
3505
4530
10052
7567
3821
27369
24677
8193
5236
23034
5289
4165
16545
7200
11340
1973
21880
9190
12500
3828
5744
12773
1978
3967
9780
8604
8992
2441
6606
3538
7835
4056
8344
2656
13820
9719
1968
6193
1727
9500
4807
23842
5618
10430
4085
13385
3704
10844
17978
7776
15157
7776
1028
15645
3005
3729
3362
14528
6075
2589
7968
3624
2881
13600
1602
3057
5733
7651
6285
2058
3296
13715
3203
7333
4247
3409
14299
10416
9052
2872
1823
3711
5627
8495
17131
2177
4797
4686
4445
2576
23720
2572
4501
7149
10571
12714
9968
5292
5714
2201
2865
2923
3968
25067
6957
4463
3612
5116
17342
8539
10966
9392
10958
27712
8517
6914
10147
11413
3256
3914
7398
3190
5459
3580
15203
16229
8015
8015
12044
2819
16539
2124
5612
6301
8756
5023
8038
2026
17528
2465
31332
8792
17298
4656
10186
4452
8083
6523
10643
1904
6851
18024
3701
2781
3314
8693
21477
3032
7550
5797
3266
9155
7696
5495
10008
7436
15648
13328
4979
7801
3923
8337
6535
3034
3277
5887
12643
14526
10029
7338
17964
5541
7741
12919
4110
3615
4864
1964
3372
2396
11594
10611
3654
8229
2747
15643
12624
4867
11453
8660
3826
6668
5122
1474
34130
2462
17090
12392
5843
5319
1999
4365
3204
4884
6577
7290
842
3614
3259
1974
8778
10476
2968
5118
2565
16977
12855
8693
8947
4591
5731
6301
10094
6200
2715
3092
4758
3835
10212
2613
12606
6549
8031
3926
8513
8452
5028
13888
20183
2953
20011
12737
20039
19457
6653
8614
728
5608
1412
7609
4324
3706
17645
3731
7190
6097
11369
8141
1887
10118
1041
1981
10081
10542
15891
3355
2787
4344
11559
3659
5301
6647
2704
4974
3629
6034
5872
7255
19867
5665
8317
3116
9266
30741
12788
7409
9549
3676
13161
7821
5475
7092
6201
2390
3030
5307
7311
9346
15148
1337
3069
5241
2917
2019
6560
7400
6719
7545
16392
3841
1927
2863
21478
8245
9981
10665
13244
14069
2418
12048
12281
9422
14783
11246
8350
11095
5723
3726
7130
2300
17339
9279
5396
5889
3979
2203
2876
3176
13190
6338
6270
11330
20930
10021
5386
2203
3061
12031
4914
6683
5527
10331
1652
2187
2176
10893
7404
6313
3224
13558
7966
1752
20640
9825
6829
5982
3763
8969
4188
7033
7002
16809
18395
15380
1751
3805
2759
4916
3496
2304
2261
2335
2618
7725
1708
7389
3220
3001
2312
6048
4010
25721
4043
2741
12839
4424
3573
1571
13167
34019
4528
3583
6361
10898
4917
6479
2706
8908
4072
3547
12572
8811
2456
10778
1735
15026
8923
2530
4193
4106
11051
7788
2994
4673
6233
11493
3109
3511
3808
9050
3637
4746
3494
12875
6422
2150
5300
24266
2417
1752
8471
2940
1743
3865
6785
12879
2288
7806
15199
6515
8014
4629
9112
2113
8627
2939
12119
13764
7668
5359
5717
2995
7848
4796
5993
6696
19909
11140
13899
6116
15121
4054
2402
26563
3412
5479
2210
2766
6055
5875
1285
17017
5494
2314
4827
14223
5124
5818
3229
4210
9213
4837
4196
3351
6523
1423
5975
8902
6196
3593
1783
9040
2203
2177
23194
8431
1742
6240
2450
3592
11296
2062
5340
9303
6855
1711
4888
12032
1851
4007
5317
6713
3142
10657
13404
12253
8513
10386
3360
6585
7385
12362
4136
7566
4368
2212
6995
3717
4009
12038
8328
3144
5457
2923
3111
10030
25884
4460
3428
4437
15320
1492
7954
5744
3288
17075
2337
9742
1572
7055
2661
1531
2553
26990
19520
3859
8139
8755
6140
2551
4517
2522
38716
8204
1631
7039
16944
5192
15443
3655
5186
5511
7379
3110
2184
3898
8395
2556
5252
4279
8650
2622
4882
10128
10033
13235
1550
5214
8993
2723
4433
11726
10831
2029
5098
18720
5461
5166
28909
5814
4494
4366
1578
22890
1275
5793
4123
16125
6888
5825
1963
10756
5324
8815
15231
6917
2885
1418
4287
6477
5141
5135
10981
6324
2051
13943
2110
6400
1335
20887
9999
3996
6098
7887
2388
3940
3255
3900
6101
5671
2062
6575
12286
3867
10145
6716
6209
7009
4713
13846
4928
6623
17386
10529
11571
5347
13622
1947
16933
3240
20331
3911
5095
22465
25070
2101
11137
8630
6588
3694
5329
10001
4473
7341
5382
6303
10202
2271
2865
23224
3910
6408
3384
5699
6186
2375
16012
7436
5287
13678
6113
10968
4373
2287
2084
4266
4593
3889
3119
7812
3117
5112
9707
13829
5451
19921
4003
2666
11689
11302
6299
10754
3607
13565
11780
7998
5242
2839
8610
7318
6831
5768
9191
18165
6005
4415
31670
2242
6587
3198
9738
13843
3645
1827
7021
5196
4674
6924
4643
25556
3084
3313
7556
14897
2891
4243
5146
4974
5400
1594
3276
4848
32467
1876
1629
6019
10791
18805
12944
8635
20292
4512
25315
9128
30254
1390
5004
15450
6084
4184
9033
5771
4612
4092
3333
1578
14654
6687
7835
9418
13520
5626
5615
5128
2769
7662
3497
3268
4059
5215
3282
4463
4754
5108
4616
7853
4649
11134
2465
2191
19297
7295
5121
8031
7487
13078
6825
15352
6189
2402
6762
12659
2280
9846
5401
34109
3980
15793
9906
3005
13552
5700
3638
1761
3792
7923
7547
6588
11753
7833
9180
10388
4593
11664
13514
9691
2785
3214
10064
2047
5205
9715
4605
32037
6602
8589
5632
6960
3393
7459
1950
14023
19411
2611
8661
5925
2361
9932
4627
3746
21407
9767
7774
10494
3474
2373
760
6624
3960
9453
17587
6608
2604
3680
3335
6423
4963
2891
2537
3372
10089
9180
3779
4355
7359
4049
7453
9388
4720
12515
7420
2840
5118
2573
10855
6512
5097
1582
18041
3313
3513
1907
6979
3493
1557
4256
6839
12528
9902
3091
5006
7453
1484
10753
3860
14886
4924
27229
5882
4286
10835
12175
2942
1630
2525
12235
16528
6602
3350
5906
10900
10040
25569
2405
4397
10272
4625
6387
6818
5559
5237
4019
7671
4619
9561
11187
2122
9398
8619
20100
3141
3292
13485
15656
20260
16771
4252
2353
8342
5192
3463
10303
1442
6967
17038
3692
11181
9907
17271
20538
18918
5460
4152
10330
4234
2996
6247
3693
8036
4239
5719
4284
16139
19061
1984
22877
9278
22237
12862
6016
11567
4780
4933
5988
3602
19713
13229
3503
9597
4325
2279
3774
2546
2432
12082
12216
13127
4949
2637
13806
6100
7976
7167
9168
6113
7953
9021
3511
15988
4592
9615
7773
8551
15966
10797
4403
5856
9194
3607
21248
9547
2836
3842
13294
1984
13765
6615
13075
11079
3725
8885
1515
5762
11759
2922
6144
4051
8327
5532
16975
3809
12836
4680
10217
3591
5975
2863
3551
12972
6736
10307
22671
1428
3856
4359
3123
4203
4321
3028
9788
21030
28435
10014
21305
11793
3471
5235
1509
14571
13092
8791
2595
3312
3568
10965
9212
16407
2807
16874
9483
11408
5710
4738
12198
5118
3905
2750
16322
8064
1932
8852
7182
8245
2258
8754
10706
7074
12956
4016
16004
7166
3523
6250
7423
13145
4231
3277
2825
2076
5021
3044
7695
14622
4226
6488
5380
8024
8254
7275
10352
5201
8267
7050
14221
1131
19303
3864
6020
12373
8003
3750
14855
12396
2128
3963
7481
9863
3003
3701
10090
16585
3863
3854
4373
5597
5632
2464
2820
3236
14842
10388
5884
4106
7544
18669
2162
11055
16256
10842
5900
4466
4036
3435
13708
3530
2928
3709
4240
7453
10960
8669
3268
6286
10274
8087
2272
18507
2558
8955
2874
4353
7159
7853
1741
4679
5617
14166
4565
3239
3972
10497
6360
949
16742
40287
21035
10459
2662
1548
2038
16876
6576
1447
18553
7247
18282
38121
15908
4497
3072
13169
6166
6329
3060
3634
8629
1804
4627
3097
3072
10836
4719
8808
8513
15027
6300
12757
3170
4221
9573
10287
5181
15214
6918
11626
5582
17760
9327
6027
6923
7160
7733
4764
8422
1963
2090
4744
5589
4266
17243
5745
5004
11399
5909
7226
4165
6176
5275
3810
2969
2824
3544
4828
7222
6341
7647
34183
17191
1820
984
6589
18830
4269
9881
17672
7712
9496
6653
5098
2392
4930
5570
12865
4988
8916
1820
12220
23076
5387
1077
11449
2890
17602
6999
10081
9630
3153
12562
10227
2089
6168
9021
5835
5007
2343
5836
10330
4537
8850
8312
6953
8089
2396
5592
5288
2149
7883
4222
2440
3221
5316
1393
5008
2944
2737
4445
7737
2866
18409
4020
8221
3191
1571
10201
8258
2269
5401
3696
4750
4788
9027
4492
11801
2085
3528
5494
8157
3415
2406
2840
3136
8591
3123
6651
8813
7965
7556
4367
2202
4860
9122
5630
5758
11530
5698
3758
14622
13622
6331
4046
4170
3096
15473
6100
8492
8899
18858
12034
1698
6980
3753
3581
4102
6072
4345
4185
3930
3694
6548
7002
6105
6196
6342
9322
4105
2733
7626
7192
2774
9377
2916
2771
17579
3292
2009
12538
7044
3468
6033
3792
2773
13184
15049
14293
7020
15066
1924
4090
2153
9493
10834
2725
4298
9294
6466
5584
4613
4145
16413
6994
4428
5215
7781
2310
2150
20617
3084
4228
7255
9743
2211
2701
12722
6808
8843
8994
3842
13661
8308
11670
4675
3908
4347
15951
7366
7591
21415
6423
2877
2970
1604
4149
8837
5613
2090
949
15994
3368
4266
3605
1901
7841
7134
3347
7452
2978
9796
16599
5541
11138
4071
3145
14437
4806
7651
2538
5453
2139
7316
3121
5661
1770
31463
15425
13093
3561
1844
17541
12467
12804
2189
6767
9678
2267
11849
10374
15372
8602
6921
14017
1228
17829
5567
3008
1868
2484
14663
8278
2621
7595
2602
3317
9686
11803
6792
2073
6741
2090
5588
2752
3337
10052
7333
5923
3422
1929
10320
7279
3796
15439
1505
9605
7827
4589
1665
2323
6708
3306
3845
6234
7044
9881
2717
4666
8245
12145
4636
4582
14263
10768
4331
12562
1975
1446
8693
9406
2894
4073
5522
5350
14292
18822
9397
5687
2701
12212
3643
7300
1498
12543
15054
6513
5527
14552
2809
5776
4274
6338
2768
5777
2835
2647
2434
7060
5065
14326
19137
4854
10525
8378
12850
2406
3588
13332
7535
1306
9179
2914
4368
12196
5025
5662
2731
2453
2466
10737
6658
7317
10510
2378
18722
15456
14458
17913
7013
6598
1788
9612
13256
2911
5083
20536
28260
2582
2531
5877
4376
1983
15533
5756
2207
13460
7266
7158
1518
5495
1917
12022
5965
1973
3492
3474
5243
5873
2919
3107
5478
4256
15425
11781
7800
6680
13648
10842
7573
7795
5081
8902
13038
7026
3590
1423
14849
25896
5053
12578
8947
5759
9261
2505
1888
20499
2641
3844
6318
28319
7564
10575
2592
7106
6870
4604
23328
4255
4609
3313
3241
5886
4573
4095
5291
3209
3943
6859
14489
6846
5073
2477
14539
2638
4375
15562
6494
3844
17393
8101
8983
2951
2610
9291
4335
13528
8598
2933
10542
1072
23120
24661
7034
1476
1961
7158
6898
9392
14943
4895
18100
17958
5336
4933
14640
11713
5830
4146
4247
6278
22798
1558
14450
3154
4540
7088
4257
3559
6718
4654
3492
56655
7139
9250
3893
19675
15574
3497
4549
7887
4579
6564
6062
8795
18950
28125
4319
6034
8983
16187
6851
2835
6156
2092
6619
6797
6669
3379
28051
14571
12764
5046
6436
2773
6520
4028
4280
28078
6073
5170
11655
9373
7015
7033
7613
3682
7066
5151
17783
6538
8462
5127
5716
1743
5886
4665
15803
6277
13013
3991
8414
6111
3030
6810
11053
18978
4457
6465
9286
5809
6161
3108
4088
3596
3951
12838
6130
4325
7631
10296
2723
4355
3865
19795
11336
7111
4053
3328
12536
5515
5477
3202
4186
4781
3220
6436
26208
11134
8695
6074
2142
12001
8697
5351
15580
6796
14315
7314
5259
7125
11871
10880
3542
8542
9031
3831
5653
3183
1325
6864
3134
15359
1482
2468
6604
7230
11154
28152
3448
5510
10487
5331
13839
1975
15398
1108
4086
2133
20160
8440
6726
19934
12213
3349
3893
27143
3546
2489
15136
10158
3705
3541
11120
5870
6134
5399
3169
4436
5870
4535
3064
9666
11269
7179
4566
26282
5177
6944
6815
1592
24011
9470
7881
10031
22261
2222
15059
4359
15887
8919
6225
8797
10757
6102
4305
9767
2159
24760
7920
5120
3059
7882
11830
16509
15606
11631
22161
5876
3339
8299
4755
4361
10014
10803
6421
11572
13634
8007
6420
3463
10404
16369
4948
7532
7017
5292
6718
3590
2569
23351
3291
2365
10961
11182
9455
2846
7737
5708
3504
26813
3500
9383
15923
4992
3526
5073
5448
2368
12589
7178
7809
4075
11328
12957
6488
3781
11100
13124
9035
6301
7238
2977
3209
2352
8299
17437
3623
8144
3255
2309
2464
9312
6576
4880
3171
2111
1366
6866
4522
7497
2194
8660
12472
3387
3755
8469
14249
9676
14608
12750
8898
7872
9297
2092
11401
2933
3443
5389
5237
2347
10557
3775
4643
4690
9690
9290
6546
6169
3551
3310
4852
10066
11082
7140
2623
5739
3910
3095
4794
4379
2200
3829
7127
1690
15321
1727
2138
4454
1334
2637
7404
8265
2980
3150
4267
5895
2231
2970
9613
9857
2323
26708
5396
6591
6018
6338
3992
6675
5219
13201
5746
4162
8528
4113
21068
21509
6153
1665
8117
24575
2373
2104
2389
3216
1660
19710
5706
6897
6248
5233
11073
5348
7494
2146
7957
6088
7198
5893
5005
15526
3239
4713
11002
18033
1130
5271
13639
1759
4206
1706
7133
1564
1949
2181
17797
12290
4757
14354
3112
4134
1607
2757
17057
6209
8286
2201
9878
3130
14310
28695
11611
9528
3893
15565
12485
3120
3422
6773
5178
1827
5309
22827
5967
2462
16253
6137
3312
5142
8511
7973
4963
14751
17019
2061
8645
7445
5873
4626
3186
8303
10374
9609
6465
5488
2172
16482
3186
11278
2591
8744
2630
15342
2781
3771
11412
5595
18422
2780
1984
9955
4528
4360
5639
1822
3889
6383
11805
5449
5803
5541
13456
5541
21781
8636
1795
16860
5478
9250
14467
3035
3332
1706
1841
4071
4625
2041
4990
7031
9203
14861
10271
7210
3600
5689
2943
4865
18691
20706
9869
6480
7698
4480
5249
5785
2072
6022
2993
6061
3498
10651
3957
4390
4596
4306
1471
8045
2267
1225
3539
18564
8494
9295
32291
5909
1473
5018
6296
11156
10053
26673
5602
5172
6517
5095
3425
4674
5891
3475
5344
17237
6809
9785
3356
4295
2763
1285
4237
12609
14205
7274
5611
5670
1568
5460
5888
7526
10252
3819
3998
2888
7327
4335
17595
18010
7647
3754
4350
8495
3560
3558
3391
4740
4935
3099
6344
12576
8215
3110
23556
2665
3185
18315
9128
7284
5391
4701
8203
10736
6832
8197
10579
6238
6707
4899
1678
6744
3902
1808
8490
5267
8642
10654
10821
12212
7426
8023
2658
1885
27008
9895
3068
11068
6017
8601
13813
15132
10154
7552
3907
3141
2891
8197
4224
6122
5299
23884
8882
5570
1734
5732
3412
11152
8335
4693
8573
8230
13320
6260
3583
11614
4098
4013
3597
12020
4038
12235
4037
7360
3643
7991
4986
3193
8402
15050
6577
10765
7512
2225
8581
2652
4522
6392
2605
4110
6675
10675
17974
3809
14417
4714
4591
6172
8593
4334
20243
1813
8555
8572
11614
1959
8631
6433
7752
8920
8356
3433
7429
11229
7437
12947
8140
6307
3684
1753
3145
20757
23986
2976
15260
4242
11537
12511
7870
12612
7812
3156
3399
5476
8795
5033
1740
3930
2870
3855
9712
2610
1992
8629
8620
4789
2601
7118
3095
8715
11094
1787
4678
13144
3404
15626
11376
4088
7210
29422
7590
2861
3169
3010
16839
22478
8849
7815
4627
2408
13811
3639
2285
8994
12937
14836
15224
14462
7893
5593
2674
22831
1810
4982
5304
5776
12253
12007
5402
4298
6630
14323
11943
3589
6364
7343
5266
3734
10650
5426
6355
7736
4124
16659
8070
4214
6318
6619
7441
1649
10657
5536
11536
3804
10299
10981
10570
21831
6929
4222
4154
1616
7099
6847
7108
4646
7631
10471
2142
5308
3441
10847
13529
7295
5540
3218
9462
7988
14360
6708
8908
7635
5371
9400
8462
9698
3312
3401
1664
3822
9006
8253
4258
1907
9543
6002
2447
7296
1603
4504
2859
6600
6243
8877
4396
7236
4771
4332
3442
4117
6530
9166
3910
8973
3076
15441
21846
9338
2919
10947
1766
8193
17725
9646
6087
4289
3153
2736
7463
4067
15082
8327
13662
21928
5852
3633
6775
3899
6128
3441
13958
7970
961
3392
2991
2787
8922
4496
7478
3933
9355
7862
12201
10757
5216
11447
21434
6574
5270
10543
8585
4718
12969
3615
16256
4096
9547
20965
1535
4559
4338
6916
18622
5894
5546
8350
10289
21549
3227
3166
6044
7787
7827
2035
8513
4681
9817
5610
11626
4551
6477
6530
7598
10331
4041
8484
11837
8241
4699
18996
3990
5273
6386
13263
5678
2114
14306
8191
15121
1850
7215
7551
5229
18128
3508
7677
19020
9251
16579
24468
7393
11186
7152
6075
11379
4994
24251
1905
2218
9245
1554
2323
9748
4504
2458
2517
6741
6710
3276
5443
5613
2759
23671
14403
5241
14671
7071
12842
4522
11367
4477
5682
3516
18030
6186
2092
2378
2454
9092
6516
5968
1374
12274
7961
5956
3441
9993
1381
27310
8741
8768
8008
10190
7185
12182
4581
17987
10146
3028
4460
9798
10189
15685
8025
3822
11503
5534
18392
13871
5696
3629
20786
1892
3583
3324
10424
3262
15555
4888
11688
18606
5600
8430
4201
17698
2915
8374
13342
6205
13303
6339
5422
9113
9328
7929
14534
6528
4600
8744
5875
3168
20674
3459
6888
9518
6165
4239
15633
1454
3521
2969
3279
17189
5843
4352
3286
11013
3384
4791
15585
18296
5491
2989
3406
9085
2305
16099
15788
4789
6940
7376
12031
2126
9341
8375
2069
24906
2702
2972
10822
1493
4470
8887
19207
5907
5255
3780
6025
9821
31944
7345
4371
4878
23390
6454
2674
2167
2440
6321
12892
1113
1720
12681
10182
1550
2183
17538
4392
12855
5747
9268
11209
9888
12270
3781
6450
13063
8758
6745
9576
28545
13554
7930
3829
1981
10145
15647
4735
7886
3497
1369
10914
4304
4659
4529
5226
19197
3690
10218
1910
3633
6132
16808
7622
6185
4698
8202
4251
4389
27525
11063
7463
8324
5837
1108
2974
6944
11788
4899
2235
3081
6151
6484
15353
2908
3798
5032
2278
3331
12528
7588
5718
4976
4015
6667
2437
5751
3236
4487
12059
1368
4281
14018
1680
4572
6022
2261
3129
5247
10074
2935
4840
5126
6525
4979
5623
9309
8205
12012
2272
7195
1818
5782
2155
8538
2975
6610
3396
15144
8134
10958
16592
6167
5295
16502
4880
7357
7900
3892
6757
5873
5607
9648
5726
7319
7098
9360
6967
5860
19424
7599
8557
4794
2445
2800
2746
7595
3204
2083
6726
8815
14634
4313
3381
4938
4380
5595
6004
16942
5257
6816
4767
3847
2144
7980
5587
5432
3606
2191
4568
8367
3417
12649
10208
2178
3750
2627
10561
3531
5679
2678
3289
15459
4325
4420
3304
6055
2686
3470
5671
6886
18270
5388
15230
9132
3294
3713
9022
2647
4649
6048
10992
11567
5456
11931
7555
11567
5461
4036
9621
4255
1922
5333
25968
18959
1540
7345
10228
7453
7754
6828
3568
3650
8444
6239
5187
3685
6033
7554
11718
4341
5578
4566
11599
14295
6536
4585
2447
7608
26318
2470
3699
1567
8016
10292
4377
2125
11197
11034
13064
15013
5810
2604
21985
11190
5594
4636
6412
6122
7664
1284
8881
23336
1842
3671
808
14010
1658
5896
5007
10459
37734
8579
10869
2556
4136
1976
2606
9507
8785
6763
6348
7211
3475
4837
2183
8014
3728
14601
26066
7097
3566
12809
12337
5011
5458
14417
5760
9504
20213
8092
3286
2736
4288
2991
16037
15512
11640
9457
4187
6178
12338
3400
5034
2683
1347
11335
3165
7681
2146
3233
4095
6553
21660
6183
5765
3330
11362
12394
2950
7960
16133
5302
4304
11837
20771
2380
8010
11072
6913
3283
8158
7450
6176
8363
4513
4593
8493
5551
1519
1624
7063
3814
11105
1679
4722
7344
2008
2855
4512
7347
6696
1093
4673
22309
3603
3240
4826
5845
8465
8942
12906
2616
6617
24152
3723
5077
9126
2116
1756
3053
3122
3142
24788
7666
16247
2526
16231
3169
5202
2745
7710
9212
4366
4832
7710
3159
4646
1897
976
1871
3150
9284
5982
6409
9214
6940
17916
4499
24626
9970
5272
3510
6465
6317
4482
4832
27419
11277
1805
3184
4948
1633
5268
9130
1870
20040
2313
9932
10999
7757
9301
5166
4653
13835
4160
2278
2996
9060
1373
5848
1860
4487
6602
1415
6287
6313
19893
4529
2276
5853
8820
2954
3842
5810
6685
10747
12983
11999
1672
6553
9662
15939
10735
3227
3972
4851
2362
3929
8358
16204
3127
7966
9710
4411
3742
5092
6658
2710
3169
10091
2398
21893
10684
11481
4223
5476
6066
9681
8490
4110
25543
17415
21118
9009
4673
2313
9434
5246
6025
9926
3063
2651
4699
1658
10659
9923
17440
6831
7998
12560
8827
4325
4354
2810
15280
5574
3150
9572
10161
6755
26785
8818
3787
19068
8249
9752
1804
14826
2429
11125
6325
5463
3406
15131
3715
10858
1706
16728
3024
3728
2562
11311
9030
18300
9044
1518
5983
10346
8060
6011
7872
13321
9261
11544
991
4519
5155
3571
13641
14174
9368
17843
1479
3460
12073
3657
2448
13849
2985
9102
2272
9263
6737
4535
14552
8541
10807
1934
8553
5411
5094
1591
10096
5644
1966
5013
4880
6164
2656
6136
9025
6925
5004
1604
10237
11617
7042
5269
3284
6775
8546
5958
31457
5499
2572
7922
2507
3428
4421
2346
16480
4439
2163
12598
5428
6594
4297
6930
2774
1960
13335
4771
10383
6808
20734
1184
2382
2582
3281
9980
9635
7945
2967
7489
3917
7490
2985
11909
4662
3811
4194
3037
3286
3936
2254
7168
6102
13122
10717
8050
3924
1049
17597
12393
11610
1703
30018
5228
8965
7683
2758
15861
9137
4045
11425
7697
1662
9488
1864
4486
20993
1679
17439
12691
6238
3401
9379
2388
7846
2613
4513
8516
6028
11024
5797
25427
9353
6445
9861
8855
18143
4383
13094
4104
1736
2059
2248
5434
2801
11828
5579
7326
9035
4599
11842
6070
9534
12423
3626
9477
19141
2738
3118
3502
23907
24550
2178
6345
5029
4210
7598
3445
4435
13508
5065
12088
3886
9721
2628
2172
1175
2175
16094
9095
9227
6503
14263
2579
3120
2109
2383
2778
4966
5557
5902
6980
15308
30480
7592
14461
10614
3587
8789
5237
5847
4155
1912
8258
6365
7990
9718
14440
10740
2817
6334
10631
3668
18520
5453
6261
7450
15726
5796
2542
2381
10617
6230
10498
28049
8983
5467
3604
6422
1619
11087
30902
3465
2718
11031
4500
1871
4124
7205
9629
8722
15531
6003
8338
8285
2870
8074
13494
5759
13750
4470
3697
21585
9093
7304
2905
11414
15442
2326
3221
8625
4991
3353
8951
8357
11253
7112
6755
2346
2426
3123
26573
5655
7210
3210
17072
10444
4908
5698
2114
11227
8098
8100
4864
5801
6443
2540
7100
3522
5900
12176
13220
10237
3839
15794
7236
3695
1842
1488
6741
8490
11325
7950
4215
11333
18813
10289
3140
3843
13452
4551
8385
5236
7528
1975
2560
10017
3047
2876
3983
2925
3336
4631
3256
4045
11781
7487
1619
8364
10982
4673
3286
2270
2105
7034
3550
27457
9287
4495
3011
4575
7181
6848
2606
9832
5401
20406
6957
14939
1435
6374
4605
3268
4263
5936
10640
5330
2305
12468
5729
14845
1625
6445
9154
9477
20457
8134
19072
10090
6067
4657
3216
2875
5368
3726
2842
8031
8461
2404
9592
4037
5258
9196
7122
8764
1367
4877
2646
9156
9336
17585
13706
2629
2623
6430
14423
2267
1447
5104
4127
7092
2044
7177
5778
3979
3750
10438
10033
7895
4076
8281
5339
12073
12984
2073
12242
16353
11178
11758
5441
1715
2267
2354
3963
8748
2744
2219
10473
8422
14584
8636
9666
5535
14590
4294
4651
7466
4885
4007
5531
2899
12673
4324
1824
10199
1486
13882
7649
12758
6914
4398
18966
1607
13547
11691
7046
15046
7036
8124
5482
4119
8463
14899
14740
5190
1991
10137
14721
1803
14445
5416
15728
3255
2360
2665
5372
10801
48341
5338
4853
10117
16725
18193
20231
2591
5147
8536
16911
4682
2420
5861
5635
4695
7881
1114
3516
5175
2448
4716
3335
5385
4836
7650
5351
2464
5181
19603
3384
31748
10138
5420
11914
13141
17170
3970
2700
19579
2536
7594
13613
8857
13317
17937
7647
10103
2075
5504
3105
2904
6701
13395
5237
7209
7010
7072
8346
8038
3182
7419
12310
19162
5080
6552
3746
3925
5007
3243
3063
13007
7111
6349
12165
1733
3128
6072
12730
6531
2857
4493
8082
4447
5927
6044
4878
2130
13825
6097
10936
2278
1567
1367
8804
3793
9068
11075
2743
10376
5623
5549
16103
4702
7105
5757
4923
9162
6625
3447
8805
9525
4423
3520
36271
6361
5132
5643
13666
3244
18870
4053
4823
6483
7536
3348
5806
2147
18678
7778
5079
11423
4302
6821
4895
15624
1440
5360
1437
7077
3491
7468
4736
5882
2138
3663
7616
14318
5270
3848
7912
17897
6905
3663
11423
1328
5329
4240
3958
15439
4069
1917
5565
13861
2911
5249
4875
2045
30408
7045
3113
7146
7588
20426
7207
13970
5881
4960
9113
5216
7613
2756
4752
6621
553
7555
4504
6359
3197
9718
1659
5861
5332
7167
15789
14196
7222
25524
3099
5678
1996
3653
5964
2286
11597
6842
3217
5046
12219
12429
10829
3986
2183
8383
5416
5427
22630
1569
5196
5956
13642
6881
3163
7176
10618
1980
13361
11246
5608
7625
4269
3843
16083
4826
4028
7810
14833
2182
4828
9255
4846
5712
7235
5415
7177
3407
7183
6456
8215
6977
9006
10388
3781
20203
7894
15867
4277
9622
8713
3694
16899
9749
6597
5902
7168
13258
3458
1270
2004
4996
7796
1889
13690
2307
3225
18208
5586
7394
10361
6250
3027
3473
6166
22585
7097
3030
2531
10424
15080
13991
3214
7789
5750
4565
4519
9466
12061
10104
11326
13127
16665
3520
3527
4679
1191
3797
7380
8471
1826
14933
3848
16067
3640
13485
2034
5129
4978
7980
4256
5163
3100
3584
10559
13699
7719
4880
8163
5517
11873
4923
8199
3724
9684
4713
12217
1962
2965
20974
4566
3516
15863
8888
4433
3701
4653
1056
6753
8687
5285
10696
3496
2175
10911
11886
9404
12954
4203
6929
2479
6315
1554
5378
4739
8021
4755
6256
2705
8629
2443
4916
5069
9029
2285
3774
11614
3236
9022
8902
8039
6879
8631
10500
3211
12594
5222
4559
6232
3369
7632
13540
2515
23110
9270
9692
11229
5105
9067
9775
4141
10000
2626
2916
11991
30077
2931
9789
4686
7806
12895
3389
2572
4644
16148
8030
8118
1575
11509
6725
8484
17137
6175
5114
16202
6051
9780
3639
1615
11040
2745
4544
8281
14498
7467
1260
5532
13696
11386
2650
3639
2927
20734
6156
6395
44667
10499
3637
3246
10842
4363
21963
4331
27147
7197
7662
1996
9177
6513
11840
9659
10396
7196
18047
5712
8493
5054
1318
5751
5435
4234
7893
11973
6723
2120
4474
16120
14268
3862
15261
13960
9438
7431
2209
1883
13055
13606
5180
1580
8291
6660
3029
1698
12543
7603
4448
5966
16375
4104
6226
5447
3445
8170
11073
6291
19826
12619
4237
4500
6202
10274
18754
3211
11910
7348
8814
1358
3632
2989
15479
9724
5522
3598
6989
9497
28796
1393
2602
14016
2438
6736
6153
3081
19815
7166
11523
6725
2883
8163
3324
3411
5403
3160
1735
4021
12590
5782
9420
4752
4546
11567
7948
5406
7047
5188
7813
7531
9800
6518
11262
3572
8971
3588
1594
5728
11885
4275
10148
13604
15016
3810
18361
4891
2882
10054
6725
3529
8398
3177
5726
1858
4354
4826
2973
7557
2566
4339
4259
4856
4359
7203
4368
15325
17831
15187
4498
9393
6267
8826
9806
6172
2100
2205
11393
1993
2693
9504
4603
10235
11035
1094
2158
17846
8495
2324
4090
9206
11185
2464
17064
5060
3575
15176
9059
10682
6715
9082
6662
4841
6376
6511
8415
5167
4373
29482
4001
2573
10266
15011
1677
15362
5323
2865
14336
7117
3305
17208
10914
19486
4663
8652
23279
5004
6165
6046
2322
10541
1201
17856
17821
9157
5549
12038
16921
1836
2039
12118
5543
4435
4722
11144
2086
1625
4092
14851
11219
4295
7947
4481
3065
11495
6068
2322
17238
9534
4345
12296
14341
8757
8535
28004
2859
5330
16494
2426
3227
6135
8260
8772
5685
3344
10776
4960
2935
12386
8124
9853
2719
4923
4888
8101
23488
5295
8704
4878
8540
5669
5272
15352
2268
23492
1689
10809
10743
1959
6059
6159
4997
1576
10747
6579
13696
10095
5636
10371
3510
9389
2100
2846
7991
8341
7936
3443
9324
20448
5346
5290
2739
2770
14784
4359
3872
11890
22173
9258
1547
3208
10812
2478
14686
16077
7628
14721
3598
4948
2523
12868
4066
6418
2561
2066
10513
7526
6889
4855
2585
2627
6284
1055
22642
4714
9962
6863
2646
2530
4883
2670
6127
5062
20546
15976
4509
7330
22715
3673
10418
5463
5940
4732
19595
18068
3279
3579
15573
2086
3136
3346
1797
5351
24647
5660
3314
5177
8315
5971
2923
14378
30264
7210
5283
4613
2648
5806
27337
4007
11370
2870
1946
6833
4444
3163
8258
4839
14606
6900
12684
1971
9075
6779
10116
2943
2219
8971
2423
7189
15195
5895
3090
16660
9245
2672
14981
9753
13348
8593
2396
6193
2970
3060
6455
5118
8543
7434
5985
3522
5531
8525
8945
13130
5466
8788
3424
28263
13875
35611
4541
24321
12114
5009
4101
6223
14479
5017
12448
7637
8407
10658
9484
7327
8739
15108
14945
7913
22481
6678
11017
1703
5171
9053
23031
15364
11472
7729
6277
17105
5343
5572
1905
2901
6271
2592
12247
5361
6659
2835
5492
5775
2900
2908
3293
2703
7902
7444
3106
15328
6264
1392
3831
8898
11588
5981
10894
4237
2333
2079
6211
19297
3233
35644
7774
2976
25600
5631
8131
4979
12638
8128
8238
6859
9003
3472
6777
1484
4505
7465
4146
25583
12117
3782
5323
4425
7905
5153
1441
10142
5587
1500
6447
19236
25173
11885
15571
18244
9374
4474
3516
8775
3953
2946
5416
7018
3146
4903
9322
1532
3760
4632
5334
14444
3879
7254
6437
5355
3512
9938
5112
8512
2236
4367
6970
3889
5586
6816
2792
11880
2627
25254
1246
10636
15995
7509
3066
7542
5588
4278
3753
3690
2573
10231
6260
3730
4225
3162
9498
4109
6332
6081
5816
1992
2834
5126
4357
3885
3570
12077
6541
8628
6318
8801
10631
4853
5215
12807
9905
2945
1747
4711
3398
2708
4089
3447
7595
6472
3094
2254
6134
9951
10592
5500
11026
1774
1097
3003
7884
8380
11365
9898
4048
2353
5085
9704
9072
6124
14474
3279
6592
8841
8228
8704
3763
14812
2257
8214
1899
27426
8157
3706
4150
5662
13246
14232
11197
9419
23279
10154
5847
8313
9554
2189
5337
5582
2243
11426
2503
4507
5762
2467
17749
5908
3877
7272
7067
9728
2133
15221
7515
2738
7837
2926
7197
8729
5374
2923
9016
6871
15813
12878
10101
18410
3710
4666
10096
2541
3992
2482
6781
2684
10472
6717
9581
5132
6983
4098
4691
12248
4863
4646
5179
7375
5705
8194
6234
9871
3666
3145
8945
6393
24124
2289
19359
11913
1965
2780
6471
3849
7476
25407
2435
7722
7630
5562
2235
6847
12230
6141
5127
8881
15362
2560
6698
2130
14410
10488
3763
3603
15597
1129
11587
4221
3218
2710
2594
11086
12107
19149
3841
5871
3785
2666
6767
22930
11566
8652
2954
18878
1577
2354
1252
4552
36724
6070
5673
5167
15506
3440
6038
4426
8405
3849
8973
7179
10750
4729
1649
6684
2714
7144
10515
7638
8183
5761
9781
21698
14183
6568
3161
2358
7185
2815
4849
12773
4981
5676
4543
4225
4312
2533
8391
14208
12838
9407
9534
12220
6623
8354
6511
7605
19595
6956
7430
9308
11178
9722
4323
5194
12829
7046
1646
2495
1542
2139
9260
9583
8520
3389
4650
5590
4953
15597
3583
4950
3501
2525
4914
13901
14499
3210
9037
27444
5207
3224
2565
8960
4136
2241
8432
7018
8416
6111
5235
8912
4927
1976
4796
4593
7164
2213
6805
4489
3062
4110
6984
7797
3682
4428
2834
17921
7948
23473
5144
7541
4182
2394
2049
5869
12619
7423
10068
7460
5459
2136
2076
6007
13428
2736
8584
10295
7653
2999
23366
885
4018
6684
5657
6716
18480
4643
3426
1355
7678
929
4321
24537
821
4061
13409
6352
14362
2750
3275
8236
4412
5850
1838
24632
4630
34501
9842
28950
12215
28342
3204
11523
25524
1993
14676
5779
3837
2344
24589
13619
7920
3641
3460
4257
1993
23835
7169
3157
11379
5318
22118
6871
7869
10912
4029
3282
8653
5544
5343
12578
4298
7198
5795
4266
11266
14088
3439
4269
5444
2744
3209
3157
14071
9494
3012
9955
4999
2391
22518
14858
2611
5488
7290
3555
10677
17596
2817
4636
3436
1229
7562
3630
16013
5432
3006
6947
3039
12504
18183
25393
7325
6608
11130
7984
19824
14618
2800
13009
5317
11371
7397
11551
3110
5288
16852
1899
12357
6550
5323
1946
8236
3076
3817
5300
1869
17913
35078
10064
4682
1893
21867
2948
9526
2671
9922
11894
10317
7220
3238
2588
3973
8509
6116
3315
6810
4574
4973
8223
6586
1614
17468
14840
7801
5117
17009
2388
8804
4252
4634
20317
12100
2462
14547
5037
5460
1369
3123
5802
6133
8651
5466
17970
3468
14141
15534
3293
1957
2804
3612
3852
5379
4646
14606
9702
9382
3354
23563
2492
13280
1281
4676
6143
9976
9875
6609
3263
4280
4768
1706
7095
8478
1604
4039
2081
3817
3003
9970
1033
5969
10388
2805
11779
11113
5043
1981
17428
19415
2299
1049
8716
4329
9479
2681
907
4505
6418
8532
5612
29960
4544
3727
11553
9488
3286
2221
4229
6333
11205
8943
5403
3275
4392
4695
2483
6391
12044
3239
5016
5269
7110
4923
11565
10575
2370
1631
3721
6884
6882
10056
9866
3200
5032
2488
3055
3326
5597
12390
7896
4244
16567
7708
12502
7012
2690
10242
5514
7454
23943
12568
6585
14674
10153
5540
6105
8923
2598
5455
10859
1824
12627
8388
15919
10085
3154
6748
7118
5769
4229
2459
5143
3673
5303
3941
10813
7503
7458
2957
5752
1672
8420
7740
3955
4435
14211
3244
1608
4584
7488
2091
4980
17043
11051
10468
8498
5685
1941
8696
3370
10711
5718
6719
10115
5718
5166
5645
8984
7389
15903
2203
7475
8178
2686
7110
9220
1404
4640
7653
7546
22333
3369
6301
4044
2689
3595
11533
4290
6790
4251
12000
4076
9034
10835
4743
3455
6803
4490
5620
2253
3914
8951
5157
10962
2800
4948
2816
12598
12236
4332
5597
6617
4931
2382
9969
1415
16899
6723
6060
10359
5712
11391
20399
16047
5107
1289
4115
2568
14240
5681
12454
2934
5607
4505
7938
3558
12725
6352
6019
4365
9008
4236
7394
11547
11975
4097
7698
9745
5928
3639
3485
6564
5619
1356
2101
12045
9999
6185
10228
14119
2549
10680
2551
5773
8144
18346
17697
14112
5692
12711
26911
8007
5313
5056
11457
4233
3819
4773
1653
9157
4257
3034
2118
1212
3754
2865
14230
11081
3220
2838
4570
8225
1600
4188
3315
6139
5947
5245
1881
23645
7001
8332
4930
2689
6007
6117
5225
6253
3377
1227
2559
6015
6008
6397
8927
8148
6343
6004
19157
10170
25463
6733
6280
3612
4151
20310
6664
4132
7345
7302
41766
2856
3038
7883
1738
4202
7234
5541
3930
8415
8051
22632
5508
4740
7157
5712
2701
3207
4466
9168
1530
2458
5821
10812
8397
3043
7625
9697
3457
30372
7014
5968
3144
1691
5854
6288
1241
6639
4242
11427
13557
4442
6997
4675
9966
5070
1658
8613
15856
7376
7434
14249
5194
2821
7694
6543
5116
6969
21248
2761
2373
4853
2542
4244
9558
6570
4494
3415
11886
5685
2396
8415
4058
5141
23557
2406
5377
7319
13928
5081
5482
3752
5474
20349
2457
11749
9673
4674
2877
6272
2348
20128
3308
3144
3896
9101
2400
5704
3569
4367
5390
8661
2007
3088
22589
5704
4710
8293
3004
3986
16525
2041
9958
7496
4833
19870
5805
2468
1488
6936
10774
12069
13560
13941
3340
8275
1454
12207
5251
8699
9273
20052
7614
4802
1440
2422
12678
3599
29798
11806
4517
6619
5758
7106
3236
9128
8450
4276
4687
2218
20863
8921
7537
14302
6333
6207
3444
4196
10177
6549
2699
8489
3642
6997
3936
6445
2456
3238
3936
6822
4861
4357
1577
4308
21559
7471
3649
5137
3982
4258
4443
4049
14397
10665
15868
2596
8238
18119
3386
5562
3201
1792
5548
2323
4384
9538
8971
7447
8401
1868
2892
3985
8824
1788
3033
2842
10272
7748
15498
6049
10302
8012
2669
5313
4646
4290
6897
4329
2888
33072
9375
3797
7136
5176
5314
16414
5867
1255
8323
4456
12891
1551
2708
6749
9881
6283
6241
16338
12241
10970
2762
10639
4074
13003
4161
7221
3123
4563
25305
3179
3301
8916
2709
7863
998
3560
13043
8166
1665
5315
3398
5565
10945
7398
4943
2972
3535
7379
5664
1938
2836
4588
4263
5728
4971
2072
2044
3191
17730
3175
2135
2443
3637
1221
5815
8584
3630
4478
12408
4985
4566
12538
3365
12781
3593
11147
7951
8966
2116
6014
5257
10241
6267
4508
3209
6806
3394
11060
7894
7113
8227
16950
4282
10994
1389
5722
2858
9750
10731
8449
13475
5295
6031
12082
4429
3821
2752
5807
2672
6919
3084
2800
1631
4724
7195
14484
