9171
3681
7531
3281
5926
1525
4606
2846
4922
1114
1669
27240
6713
3637
4056
20502
10092
3569
5727
8697
5432
2190
4264
16614
13840
6687
5002
9051
10366
4370
10729
2878
6626
5745
2321
13321
8944
5157
3038
4233
18293
18767
4063
14571
8151
12249
1985
6141
9395
17922
8275
3310
2055
7390
11931
6516
2943
3047
9939
9528
5796
3301
6986
3063
2285
16093
4135
5766
10320
11334
7822
2008
11921
3528
24419
4091
1664
3884
6308
9185
7533
9490
6350
2674
3113
4021
14561
10763
3135
3761
13607
4214
11431
1701
5382
11082
7858
3246
4642
10043
3514
2553
2305
2561
4485
3702
12852
15405
3471
1206
5822
19030
15706
4286
1546
5172
7010
8263
5790
2652
4317
10505
5488
6765
6613
1780
4797
1195
3633
2766
5351
4982
7063
5303
2387
7276
4251
5175
2191
12841
3113
6812
2245
1710
1991
1796
11111
9252
13671
4408
9445
2936
24391
4051
7152
12179
6804
3316
4315
8787
8856
6790
4746
9894
4424
11246
4619
5107
5666
10446
3465
4693
8522
1921
12415
8657
5386
2938
10577
1875
7386
4160
24116
9667
13877
4535
2060
23944
3046
7794
5281
6927
3628
6230
7120
16550
2880
9233
11111
3561
3439
17000
5110
7466
8220
5653
6572
12421
5105
6732
16714
6844
6097
3550
3693
7420
5601
34622
7205
13585
5336
11380
2823
9446
2151
3720
4440
6713
2968
2147
4391
18286
11609
5063
14311
14277
9314
12002
5531
9142
3007
7288
4869
2998
3888
4845
25936
23162
3197
9199
5243
6337
9150
14108
5219
9220
1282
4775
2837
12780
9681
6939
10342
4848
12697
2320
13693
4669
7853
4652
4022
5033
8902
6563
11993
2372
1970
4500
7599
12420
5511
3837
9854
5445
4498
3560
2996
18220
4710
6459
18822
2612
9210
8927
4586
6354
22338
2195
5485
11673
9228
11745
6815
2546
3547
2344
3586
5068
6077
17985
9366
5557
2475
6945
14318
2439
2903
2319
3684
7534
6222
9223
6379
4893
1810
4049
6510
10487
5235
4676
7571
5539
4322
3833
9094
16426
9526
7619
3792
2788
2698
6761
6555
1511
5684
10451
5362
5134
8235
3898
5377
4631
3142
14198
5516
6733
2441
6132
4792
10940
5642
1904
3928
5147
2683
12765
6997
9937
8030
17657
7295
7322
3811
4596
9625
2251
10439
8905
8985
2894
6381
1779
1293
6196
9174
2621
2785
7201
14044
4371
4766
7083
4528
9292
37590
3386
5161
6235
6524
10470
5550
5117
10582
5232
6591
5713
3085
4188
4450
4310
3461
3236
3500
2630
7566
4985
4228
5109
2967
4520
2625
9427
4240
6458
4016
10752
2674
9343
2498
7813
8379
1621
6067
3549
3026
2027
6414
6227
4528
6422
3256
2585
9857
9577
2795
8433
5330
10685
3891
779
3233
3164
3478
3925
6619
10716
7533
5529
6116
5410
5601
3596
11037
2368
1648
5514
3078
14935
4946
4923
9627
1504
11924
5500
14961
1481
3632
7388
2927
4177
8593
9068
5330
7517
4241
6936
8059
6652
11124
10461
6278
4606
28360
15630
8029
8550
3212
21862
11093
7267
17635
10192
5406
2649
4638
2450
3022
12845
2307
6680
4427
2298
3777
6015
10135
15027
5078
6336
5183
5423
5145
17015
21982
6005
3111
16959
5769
6421
20776
3047
8192
5053
14366
3696
3313
11940
7583
5855
2857
6399
2594
17943
6689
7849
4794
9847
2467
13655
6391
16259
1411
5865
5592
5449
3579
7165
5738
4265
4867
26090
23977
5017
2514
11911
3354
4780
3742
4762
7901
11770
2915
10981
4604
30474
890
4334
9572
12850
2235
5236
4581
3371
8042
19516
6254
2720
2575
9328
4312
4119
9119
6772
2014
3854
13949
2261
5108
12406
2504
8044
7394
3934
4959
6431
8207
3162
4600
1746
7768
15572
4792
2882
1770
2147
15054
6495
4988
5013
4789
2380
6890
2623
20795
4431
4565
4368
8933
3553
4037
9962
23089
22728
9751
10545
2733
2528
20695
4139
8913
9624
16217
9038
3933
4207
5860
2591
2311
5800
7365
6037
13540
4042
5723
31490
7036
3094
3055
8123
17167
24535
10225
17090
13287
2760
1876
4193
4509
5472
2290
4494
12547
9675
8052
4231
2701
13049
5829
11102
4998
3748
5843
10958
5208
6253
6843
2946
3977
4077
4297
8943
10267
3942
1674
10524
22424
7285
6541
7357
17623
3406
4116
2289
21386
5508
2493
5207
7777
2005
2243
9266
5580
10118
3582
2988
4599
2792
1931
10248
14095
17949
5797
5890
6411
6442
3025
11999
4284
16091
3406
12534
3990
4159
4709
8017
5420
2522
5061
8393
4021
3033
6927
1801
2619
7696
4069
10355
9845
23364
11050
24345
8474
8955
10184
4380
3465
2483
15648
8925
4247
1208
12268
19686
18140
3194
13120
4107
3814
2982
6467
5724
2164
16925
5943
3590
4231
7986
3016
15244
1897
11072
5144
5567
8329
1931
8740
4541
10814
6116
11560
5022
15610
10966
3922
2549
3615
6236
2514
12727
4191
5140
6151
11174
13763
2624
2580
4588
2648
11856
2743
7870
4995
2559
4808
12192
7270
3963
6000
3232
11288
2157
8033
8080
7541
5425
2307
3129
6899
29773
6330
3005
7230
9798
4630
5588
4733
5827
7343
5464
5017
3741
20437
7060
4875
4712
4261
4405
3336
9711
3222
17507
5414
5810
3297
5187
1397
11921
2704
7860
12745
19357
3908
7507
9215
4192
6594
12623
7635
12435
17722
7299
6997
19268
7917
1948
16420
16496
6627
5024
3942
7460
17515
6813
1548
11444
4514
1019
4402
6380
10956
4397
3879
3978
11075
11836
2642
12664
4754
9475
4998
18755
5504
5452
11180
2090
11970
1328
2586
9378
11064
13016
7734
12152
6512
15150
3848
4738
2811
8348
4638
3421
2478
22041
6347
4435
3209
4057
3651
5371
7854
12248
3930
4977
6042
6932
4363
3672
22186
8364
9942
2233
4673
3952
7415
5219
27789
3902
4932
2118
1854
8192
8031
3746
12606
4326
3651
4380
18423
4951
2514
1959
2967
1668
5630
3812
6258
6634
7504
9310
6526
3980
5595
8670
6310
1714
2968
1367
17658
1605
7240
3434
3098
16436
5155
2487
2677
3086
4738
4754
1813
3758
5099
5590
8238
8663
5930
4022
5740
5360
4023
7769
14581
15960
2894
26433
10713
13623
11769
7804
5307
8203
16279
6174
3271
2733
3997
3060
4439
9905
10699
2615
4554
3179
21383
9114
2582
5966
1676
2217
2192
6848
7572
8619
4090
1098
20928
3339
3781
4417
4026
4995
5451
3275
10253
3538
4292
29292
10586
8971
8308
3428
7734
2433
3374
2040
12082
2044
2370
10901
2184
46955
9987
5531
4026
10166
3921
14086
3319
4745
1698
5164
3043
10323
4578
11892
13757
3524
7412
5742
4334
1424
17862
3011
2123
7947
1484
15113
8207
12054
3824
12880
20107
8924
16480
2763
10169
7627
8348
3918
10908
2566
7076
2637
6552
10014
752
3854
3119
1206
8766
11467
11452
9694
5917
4373
4969
11148
5407
8682
3642
2458
20462
3333
4032
3263
8784
13502
6171
14476
6535
3446
14959
10173
6733
14289
6139
9477
12367
3702
4451
9302
21987
7505
4410
3051
2396
1609
5324
11951
6703
9048
4873
7275
2261
3645
13098
3347
8715
18019
4554
11759
10901
2532
5867
10334
14171
3906
22308
4993
2713
7630
6859
15817
2125
2073
5785
4061
8298
4568
3367
4184
2217
3988
5513
3625
5361
9670
16312
1736
4390
17271
13851
4046
788
8613
4976
2479
10168
8922
3260
4644
4894
7423
2929
7652
4172
7345
2797
3858
6022
35320
8787
6233
2722
7843
2472
5754
5337
12978
6941
23050
2253
3109
3139
1289
12636
2999
5708
23968
4899
3764
1841
11778
3426
4299
9798
12073
13076
4718
3499
4979
9769
13383
9767
2693
9029
7775
7859
1220
21538
13693
6998
6453
17500
3808
3087
8344
11660
6660
4060
15732
2142
8716
8591
4424
4516
5738
5399
3647
5130
17892
6063
4100
11357
2338
7256
2343
12284
8022
4494
13369
7019
7323
3203
29799
12375
7651
2897
25582
10169
12532
3954
7195
7421
6152
21455
9938
5544
9531
4696
13367
2681
3650
11518
4046
3526
7137
7791
2841
7774
4209
4779
10969
4047
5936
6002
7202
13283
5783
5652
3791
3710
2994
6163
7582
2731
10302
11925
7617
3928
2794
9429
1830
17749
6419
2531
3718
7117
7348
3456
2246
7348
2569
6317
2362
6400
2427
8255
2802
6593
7046
3778
3083
9927
4139
9491
3181
8874
2155
8694
5018
8349
6696
15927
11805
4294
4080
4052
7040
3416
3421
3157
13140
7067
13572
4691
9449
1704
16873
2273
4929
6351
6418
4372
4090
2431
2933
7139
3488
4515
10052
7567
3821
27369
24677
8193
5236
23034
5289
4165
16545
7200
17928
1973
12725
9190
12500
3828
4291
12773
1978
3967
8395
8604
8992
2441
6606
3538
7835
4056
8344
2656
13820
9453
1968
6113
1727
8471
4807
23842
5618
10430
4085
13385
3704
10844
17978
7776
15157
7776
1028
15645
3005
3729
3362
14528
5689
2589
7968
3624
2721
13600
1602
3057
5733
7651
6285
2058
3296
13715
3203
7333
4247
3409
13969
10365
9052
2872
1823
3711
4396
8495
17131
2177
4797
4686
4445
2576
23720
2572
4501
5341
10571
12714
9968
5292
5714
2201
2865
2923
3968
25067
6209
4463
3612
4904
17342
8539
9580
9392
10958
27659
8327
5321
10147
11413
3256
3914
7398
3190
5459
3580
14924
16229
8015
8015
12044
2819
13764
2124
5612
6301
8756
5023
8038
2026
17241
2465
31332
8792
17298
4656
6576
4452
8083
6523
10643
1904
6851
18024
3701
2781
3314
8693
18544
3032
7550
5797
3266
9155
7696
5495
9776
7436
14999
13328
4979
7801
3917
8337
6535
3034
3277
5887
12643
14526
9888
7338
17964
7405
7741
12919
4110
3615
4864
1964
3372
2396
11594
10611
3654
8229
2747
15643
12624
4867
10870
8660
3826
6668
5122
1474
18861
2462
9210
12392
5843
5319
1999
4365
3204
4884
6577
7290
842
3614
3259
1974
8778
10476
2968
5118
2565
16977
12847
8693
8947
4591
5731
6301
10094
6200
2483
3092
4099
3835
10212
2613
12606
6549
8031
3926
8513
8452
5028
13888
20183
2947
16535
12737
20039
12886
6080
8614
728
5608
1412
7609
4324
3706
9730
3731
7190
6097
11369
8051
1887
10118
1041
1981
8334
10179
15736
3355
2787
4344
11559
3659
5301
6647
2704
4974
3629
6034
5872
7255
19539
5665
7868
3116
9266
30741
12788
7409
9549
3676
7068
7821
5475
7092
6201
2390
3030
5307
7311
9346
15148
1337
3069
5241
2917
2019
6560
7400
6026
7329
16392
3841
1907
2863
21478
8245
9981
10665
12994
13884
2418
12048
12281
9422
14783
11246
8350
10037
5723
3726
6771
2300
17339
9279
5396
5603
3979
2203
2876
3176
13190
4639
6270
10967
20930
10002
5386
2203
3061
12031
4914
2551
5527
10331
1652
2187
2176
10893
7404
6313
3224
13558
7853
1752
20640
9825
6829
5982
3763
8969
4188
7033
7002
16761
18395
15681
1751
3805
2759
3369
3494
2304
2261
2335
2618
7725
1708
7389
3220
3001
2312
6048
4010
7026
4043
2741
12839
4424
3573
1571
13167
34019
4528
3583
6361
10898
4917
5813
2706
8499
4072
3547
12572
8811
2456
10569
1735
15026
8923
2530
4193
4106
10446
7767
2994
4673
6233
7755
3109
3511
3808
7188
3637
4746
3494
12875
6422
2150
5300
24266
2417
1752
8327
2940
1743
3865
6785
12879
2288
7806
15199
6515
8014
4629
8223
2113
8627
2939
12095
13764
7668
5359
5461
2995
5887
4796
5993
6696
19894
11140
13899
6116
15121
4054
2402
26530
3412
5136
2210
2766
5909
5875
1285
7294
5494
2314
4827
14223
5124
5810
3229
4210
9213
4837
4196
3351
6523
1423
5975
8902
6196
3593
1783
9040
2203
2177
23194
8431
1742
6240
2450
3592
11296
2062
5340
9303
6855
1711
4888
11917
1851
4007
5317
5095
3142
10657
13404
12253
8513
10386
3360
6585
7215
9880
4136
7566
4368
2212
6995
3604
4009
12038
8328
3144
5457
2923
3111
10030
5177
4460
3189
4437
14314
1492
7954
5744
3288
4504
2337
9742
1572
7055
2661
1531
2553
26990
19520
3859
8084
8755
6140
2551
4517
2522
14795
5471
1631
7039
16944
5192
15443
3655
4167
5511
7360
3110
2184
3898
8395
2556
5252
4279
8650
2613
4882
10128
10033
13235
1550
5214
8993
2723
4433
11686
10226
2029
5098
18720
5461
5166
12601
5814
4418
4366
1578
19280
1275
5793
4123
16125
6888
5825
1963
10756
5324
8815
15231
5726
2885
1418
4287
6477
5141
3812
10981
6324
2051
13943
2110
6400
1335
20887
9999
3996
6098
7887
2341
3940
3255
3900
6101
5671
2062
5636
12286
3867
10145
6716
6209
7009
4713
13807
4928
5665
10112
10529
11571
5347
13622
1947
7752
3240
20331
3907
5095
22465
7804
2101
11137
8630
6588
3694
5329
10001
4473
7341
5382
6303
10202
2271
2865
23224
3910
6408
3384
5480
6104
2375
16012
7436
5287
8734
6113
10968
2734
2287
2084
4266
4593
3889
2496
7812
3117
5112
9707
13633
4663
19921
4003
2666
11689
10768
6299
10754
3534
13565
11780
7998
5242
2839
8610
7318
6831
5768
9191
18165
6005
4415
24481
2242
6587
3198
9738
13020
3645
1827
7021
5196
4674
6924
4643
25556
3084
3313
6988
14897
2891
4243
5146
4974
4762
1594
3276
3576
32467
1876
1629
6019
10791
13552
12944
7690
20292
4512
13240
9128
30254
1390
4956
15450
6084
4184
9033
5771
4612
4092
3333
1578
14654
6644
7835
9418
9827
5626
5465
5128
2769
7662
3497
3268
4059
5215
3282
4463
3155
5108
3321
7853
4649
11134
2465
2191
12953
7295
5121
7668
7487
13078
6825
14268
6189
2402
6762
12659
2280
9846
4757
34109
3980
12043
9237
3005
4081
5700
3638
1761
3495
6749
6970
6588
11753
7833
9180
10388
4593
11664
13514
7382
2785
3214
10050
2047
5205
9715
4605
28954
6602
8589
5632
6960
3393
7459
1950
14023
19411
2611
5337
5925
2361
9616
4627
3746
21407
9767
7774
10494
3474
2373
760
6624
3960
9453
19586
6608
2604
3680
3316
6423
4963
2891
2537
3372
12528
9180
3557
4355
7359
4049
7335
9388
4720
9790
7420
2840
5118
2573
10855
6512
5097
1582
18041
2786
3513
1907
6979
3493
1557
4256
6839
12528
9902
3091
5006
7453
1484
10753
3860
14886
4924
25311
5882
4286
10835
12118
2942
1630
2525
12235
16528
6602
3350
5906
10900
10040
25569
2405
4397
10272
4625
6387
6818
5559
5237
4019
7671
4619
9561
10730
2122
9198
8619
20100
3141
3292
13485
15153
20260
16771
4252
2353
8342
5192
3463
10303
1442
6818
17038
3692
11181
9907
17247
20538
5601
5460
4152
10330
4234
2996
6247
3693
8036
4239
5719
4284
16139
19061
1984
22077
9278
22237
12862
6016
11567
4780
4933
5689
3602
19713
13229
3503
9452
4142
2279
3774
2546
2432
12082
12216
13127
4352
2637
13806
6100
7966
7167
9168
6113
6939
8668
3511
15988
4565
9615
7773
7615
15966
10797
4403
5856
9194
3607
4297
9547
2836
3842
13294
1984
13765
6615
13075
11079
3611
6719
1515
4620
10895
2922
6144
4051
8327
5532
10730
3313
12502
4680
10217
3591
5975
2863
3551
8627
6736
10307
9699
1428
3856
4359
3123
4203
4321
3028
9788
21007
28435
10014
21305
11793
3471
5235
1509
11703
13092
8791
2595
3312
3568
10965
9212
16390
2807
16874
7952
11408
5710
4738
12198
5118
3905
2750
16322
8064
1932
8852
7182
8245
2258
6618
10706
7074
12956
3848
16004
7166
3523
6250
5764
13145
4231
3277
2825
2076
5021
3044
7695
14622
4167
5671
5375
8000
8254
7275
10165
3820
8129
7050
14221
1131
19303
3819
6020
12373
8003
3750
14855
9230
2128
3963
6415
3651
3003
3701
13921
16178
3863
3854
4373
5597
5632
2464
2820
3236
14842
10388
5884
4106
7510
18641
2162
11055
16256
10842
5900
4466
4036
3435
13708
3530
2928
3709
4240
7453
10960
8138
3268
6286
10274
8087
2272
18507
2558
5222
2874
4316
7058
7853
1741
4679
5617
12908
4565
3239
3972
10497
6360
949
7114
5360
21035
10459
2662
1548
2038
16876
6576
1447
8855
7247
18282
38121
15908
4497
3072
13169
6166
6329
3060
3634
4693
1804
4627
3097
3072
10836
4719
8808
8513
15027
6300
3670
3170
4221
9573
10287
5181
15214
6918
11626
5582
17760
9327
4795
6923
7160
7733
4764
8422
1963
2090
4744
5589
4266
17243
5745
5004
11399
5909
7226
3746
11625
5228
3810
2969
2824
3544
4828
7222
6341
7647
34183
17191
1820
984
6589
18830
4269
9881
17672
7712
9496
6653
5098
2392
4930
5393
12865
4988
8915
1820
12220
23076
5387
1077
11449
2890
17602
6999
10081
9630
3153
12562
10227
2089
6168
19169
5835
5007
2343
5836
10330
4393
8850
8312
6774
8089
2396
5592
5288
2149
5756
4222
2440
3221
5316
1393
5008
2944
2737
4390
7737
2745
18409
4020
8023
3191
1571
10201
8258
2269
5401
3696
4750
4788
9027
4492
11801
2085
3245
5494
8157
3415
2195
2840
3136
8591
3123
6651
8813
7948
7556
4364
2202
4108
9122
5630
5758
11530
5698
3758
14622
13622
6331
4046
4170
3096
15473
6100
8492
8899
18858
10093
1698
6980
3753
3581
4102
6072
4345
4174
3930
3677
6548
7002
6105
6196
6154
9231
4105
2733
7626
7192
2774
9377
2916
2771
13459
3292
2009
12538
7037
3468
6033
3792
2773
13184
15049
14293
7020
15066
1924
4090
2153
9493
10834
2725
4298
9294
6466
5584
4613
4145
16413
6725
4428
5215
7781
2310
2150
20617
3084
4228
7255
9743
2211
2504
12054
6008
8291
6892
3842
13661
8308
11670
4675
3771
4347
15951
7366
7591
21415
6423
2877
2970
1604
4149
8837
5613
2090
949
15994
2205
4266
3605
1901
7841
7134
3347
7452
2978
9796
14879
5030
11138
4071
3145
14437
4806
7651
2538
5453
2139
7316
3121
5331
1770
31450
15425
10073
3561
1844
14918
12467
12804
2189
6394
9678
2267
11841
4812
11342
7929
6921
22656
1228
17829
5567
3008
1868
2484
14663
8278
2621
7595
2602
3317
9686
11803
6792
2073
6741
2090
5588
2752
3337
7210
7333
5923
3422
1929
10320
7279
3559
15036
1505
9605
7827
4589
1665
2323
6708
3306
3662
5892
7044
9881
2717
4666
8245
12145
4636
4582
14263
10768
4331
12562
1975
1446
8693
9406
2894
4073
5522
4957
14292
18822
9397
5687
2701
12212
3643
7300
1498
12543
15054
6513
2993
14552
2809
5776
4274
5389
2768
5777
2835
2647
2434
7060
5065
14326
19137
4854
10525
8378
12850
2406
3588
13332
7535
1306
9179
2914
3322
12196
5025
5662
2731
2453
2466
10737
6658
7317
10510
2378
18722
15456
13266
17913
7013
6598
1788
9612
13256
2911
5083
12730
16897
2582
2531
5877
4376
1983
15533
5713
2207
13460
7266
7158
1518
5495
1917
6626
5965
1973
3492
3474
5243
5873
2919
3107
5478
4256
15425
11781
7800
6680
13494
10706
7573
7795
4925
8902
13038
7026
3590
1423
14840
25896
5053
12578
8947
5759
9261
2505
1888
20499
2641
3844
6318
21186
7564
10575
2592
7106
6388
4604
23328
4235
4609
3313
3241
5886
4573
4095
5291
3209
3943
6859
14489
7201
5073
2477
14539
2638
4375
15562
6494
3844
14986
8101
8983
2951
2610
4774
3908
13528
8598
2933
10542
1072
13150
24464
4743
1476
1961
7158
6898
9392
14798
4895
18100
17958
5336
4933
14640
11713
5830
4146
4247
6278
22798
1558
14450
3154
4540
7088
4247
3559
6718
4654
3492
18885
7138
9250
3893
19675
6512
3497
4549
7887
4579
6564
6062
8795
18950
27802
4319
6034
8983
13852
6593
2835
6156
2092
6619
6797
6669
3379
28051
14449
12764
5046
6436
2773
6520
4028
4120
17130
6073
5170
11655
9373
7015
7033
7613
3682
7066
5151
17783
5339
8462
5127
5716
1743
5886
4424
15803
6277
13013
3991
6769
6111
3030
6810
11053
18978
4457
5839
9286
5809
6161
3108
4088
3596
3951
12838
6130
3827
7631
10296
2723
4355
3865
19795
11336
7111
4053
3328
12536
5379
5014
3202
3400
4781
3220
6436
17727
11134
4157
6074
2142
12001
8697
5153
7147
6796
14315
7298
5259
7125
11871
10880
3542
8542
9031
3831
5653
3183
1325
6189
3134
15359
1482
2468
6604
7230
11154
28152
3448
5510
6483
4497
13839
1975
15398
1108
4086
2133
6945
8440
6668
19934
12213
3349
3893
20418
3546
2489
14312
10158
3705
3541
11120
5866
6134
5399
3169
4436
5870
4535
3064
9311
11269
7179
4566
16559
5177
6944
6815
1592
23080
9470
7881
10031
22261
2222
15059
4359
15887
8919
6225
3601
10757
6102
4305
9767
2159
24760
7920
5120
3059
7882
11830
16509
15606
11536
22161
5876
3339
8299
4755
4361
8691
10803
6421
8952
10598
8007
6420
3463
10399
16369
4948
7532
7017
5210
6718
3590
2569
23351
3291
2365
10961
11182
9455
2846
7728
5708
3504
5243
3500
9383
15923
4992
2590
5073
5448
2368
12153
7178
12450
4075
11328
12957
6488
3781
11100
4229
9035
6301
7238
2977
3209
2352
8299
9126
3623
8144
3255
2309
2464
9312
6576
4880
3171
2111
1366
6866
4522
7497
2194
8601
8390
3387
3755
8469
14249
9332
14608
12750
8100
7872
9199
2092
11397
2933
3443
5389
5237
2347
10557
3775
4643
4374
9690
9290
6546
6169
3551
3310
4852
10066
11082
7140
2623
4920
3910
3095
4794
4379
2200
3604
7127
1690
15194
1727
2138
4454
1334
2637
7404
8057
2980
3150
4262
5895
2231
2970
9613
8327
2234
26708
5396
6591
6018
6338
3992
6675
5219
13201
5746
4162
8528
3417
15151
21509
6153
1665
8117
24575
2373
2104
2389
3216
1660
36682
5706
6897
6248
5233
11073
5348
7232
2146
7957
3459
7198
5893
5005
15526
3239
4713
11002
18033
1130
5271
13639
1759
4206
1706
7133
1564
1949
2181
17797
12290
4757
8192
3112
4134
1607
2757
17057
6209
7414
2201
7330
3130
14310
28695
8920
9528
3893
15565
12485
3120
3422
6363
5178
1827
5309
22827
5950
2462
16253
6137
3312
5142
8511
7973
4963
14751
17019
2061
8628
7445
5873
4626
3186
8303
10104
9609
6465
5488
2172
16482
3186
11116
2591
8744
2630
15342
2781
3771
11388
5595
16181
2780
1984
9878
4528
4360
5639
1822
3889
6383
10375
5449
5803
5541
13456
5541
12298
8636
1795
16860
4316
9250
14467
3035
3332
1706
1841
4071
4625
2041
4990
7031
9203
14861
10271
7108
3600
5689
2943
4865
18691
20706
9869
6480
16264
4480
5249
5351
2072
6022
2993
6061
3498
10651
3957
4390
4596
4184
1471
8045
2267
1225
3539
8911
8494
9295
32291
5909
1473
5018
6296
11156
10053
26673
5602
5172
6517
5095
3333
4609
5891
3366
4385
17237
6809
9785
3356
3238
2763
1285
3906
12609
14137
7274
5611
5670
1568
5389
5888
7526
10252
3819
3998
2888
6922
4335
11386
17499
7647
3754
4350
3985
3316
3558
3273
4693
4491
3099
6344
12576
8215
3110
22351
2373
3185
18315
5235
7284
5391
4701
8049
5715
6741
8197
10559
6238
6707
4899
1678
6744
3902
1808
8490
5267
8642
10654
6447
12212
7426
8023
2658
1885
26423
9895
3068
11068
6017
8337
13813
15132
10154
7552
3907
3141
2624
8197
4224
6122
5299
23884
8882
5570
1734
5732
3412
11152
8335
4693
8573
8230
16220
5598
3583
11614
4098
4013
3597
12020
4038
12235
4037
7360
3643
7856
4986
3193
6809
12162
6577
10765
7512
2225
8552
2652
4522
6392
2605
4110
6675
10675
17974
3805
14417
4714
4591
6172
4825
4334
20243
1813
8501
8572
11614
1959
8297
6433
7752
8920
8314
3308
7429
11132
7437
10580
8140
6307
3684
1753
3145
20757
23986
2976
15260
4242
11537
12511
7870
12612
7812
3156
3399
5476
8795
5033
1740
3930
2870
3855
8581
2610
1992
8629
8609
4789
2601
7118
3095
8533
11094
1787
4678
13144
3404
32684
4054
4088
7074
14668
7590
2861
3169
3010
16324
5473
8849
7815
4627
2408
13811
3639
2285
8301
12937
14836
15224
14177
7893
5593
2674
5888
1810
4982
5304
5776
12253
12007
5402
4298
4332
14323
16640
3589
6364
7343
5266
3734
10650
5426
6355
7736
4124
16659
8070
3675
6318
6619
7441
1649
10657
5536
11536
3804
10299
10981
9666
21831
6929
4222
4154
1616
7099
6847
7103
4646
7631
10471
2142
5308
3441
11588
13529
7295
5540
3218
9462
7988
14360
6708
8908
7635
5371
9400
8462
13627
3312
2685
1664
3822
9006
8253
4258
1907
9543
6002
2447
7296
1603
4504
2859
6600
6243
8877
4396
7236
4771
4332
3442
4117
6530
9166
3910
8973
3076
15441
17187
9338
2919
10947
1766
8193
17725
9646
6087
4289
3153
2736
7463
4067
15082
8327
13662
21928
5852
3633
6775
3899
6128
3434
13958
7970
961
3392
2991
2787
8922
4496
7478
3933
9355
6911
11506
10757
5216
11447
21434
6574
5270
10543
8585
4718
12969
3615
15908
4096
9547
20777
1535
4559
4338
6916
18622
5894
5512
8350
10289
21549
3227
3166
6044
7787
7827
2035
8370
4681
9817
5577
11626
4551
6477
6530
4517
10331
4041
6872
11837
8241
4699
18996
3990
5273
6386
13263
5678
2114
6683
7505
15121
1850
7215
7551
5229
18128
3508
7677
17973
9251
16579
24468
7393
11186
7152
6075
11379
4994
24251
1905
2218
9245
1554
2323
9748
4504
2458
2517
6741
6710
3276
5443
5613
2759
21454
14291
5241
11660
7071
12842
4522
11367
4477
5682
3516
17938
6186
2092
2378
2454
9092
6516
5968
1374
12274
7721
5956
3441
9993
1381
26733
8741
8768
8008
10190
6500
12182
4581
4561
10146
3028
4460
9798
10189
15685
7982
3822
11503
5534
18392
13871
5696
3629
20786
1892
3583
3324
10424
3262
15555
4888
11688
18606
5399
6598
4201
14594
2915
8374
13342
6205
13303
6339
5422
9113
9328
7429
14534
6528
4600
8744
4592
3168
20674
3459
6888
9518
6165
4239
13602
1454
3521
2969
3279
17189
5843
4352
3286
11013
3384
4791
15585
18296
5491
2989
3406
9085
2305
6654
15788
4726
6940
7376
10505
2126
9341
8375
2069
24850
2702
2972
10822
1493
4470
8887
19207
5907
5151
3780
6025
8358
16367
5730
4371
4878
23390
6454
2674
2167
2440
6321
12892
1113
1720
10711
10182
1550
2183
17538
4392
12855
5747
9268
11209
9888
12270
3601
6450
12977
8758
6745
9403
28294
13507
7930
3813
1981
10145
15647
4735
7886
3497
1369
10579
4304
4659
4529
5226
19197
3690
10218
1910
3633
6132
16808
7622
6185
4698
8202
4251
4389
27525
5648
7194
8324
5837
1108
2974
6944
11788
4899
2235
3081
6151
6484
15353
2908
3798
5032
2278
3331
12423
7240
5718
4976
4015
6667
2437
5751
3236
4487
12059
1368
4281
14018
1680
4572
6022
2261
3129
5247
10074
2935
4840
5126
6525
4979
5623
8771
8205
8976
2272
7195
1818
5782
2155
8538
2975
6610
3396
15144
8134
8086
16592
6167
3036
16502
4880
7357
7900
3892
6757
5873
3438
9617
5726
7319
7098
9360
6967
5860
19424
7599
8557
4794
2445
2800
2746
7595
3204
2083
6693
8815
14634
4313
3381
4938
4380
5595
6004
14981
5257
6816
4767
3847
2144
7980
5587
5432
3606
2191
4568
8367
3417
12649
10208
2178
3750
2627
13300
3531
5439
2678
3289
15459
4325
4420
3304
6055
2686
3470
5671
6886
21680
5388
15230
9132
3294
3713
5377
2647
4584
6048
10992
9317
5456
11931
7555
11567
5461
4036
9412
4210
1922
5333
8488
18959
1540
7345
10228
7453
7754
6828
3568
3650
7864
6239
5187
2756
6033
7554
7605
4341
5578
4566
11599
10781
6536
4585
2447
7608
26318
2470
3699
1567
8016
6158
4377
2125
11197
8699
13064
15013
5810
2604
21985
10182
5594
4636
6412
6122
7664
1284
8881
23336
1842
3671
808
14010
1658
5896
4930
10459
20563
8579
10869
2556
4136
1976
2594
6764
8731
6763
6348
7211
3475
4837
2183
7888
3728
14601
17673
7097
3566
10287
12337
5000
5458
14314
5225
9504
12685
8073
3286
2736
4288
2991
16037
8666
11640
9457
4187
5585
12056
3400
5034
2683
1347
11335
3165
7127
2146
3233
4095
5518
21660
6183
5765
3330
11362
12394
2950
7960
14514
5302
4304
11837
20771
2380
8010
11072
6913
3283
8158
7450
6125
8363
4513
4593
8018
5551
1519
1624
7063
3814
11105
1679
4722
7344
2008
2855
4512
7347
6696
1093
4583
7922
3603
3240
4826
5845
8465
8942
12906
2616
6617
20036
3723
4145
9126
2116
1756
3053
3122
3142
24788
7666
16247
2526
14748
3169
4863
2745
7710
9212
4266
4832
7710
3159
4646
1897
976
1871
3150
9284
5982
6399
9214
6940
17916
4499
24626
9970
5272
3355
6465
6317
4482
4832
26091
11277
1805
3184
4948
1633
5268
9130
1870
20040
2313
9932
10782
5660
9301
5002
4653
13835
4160
2278
2996
9060
1373
5761
1860
4487
6602
1415
6287
6313
19893
4529
2276
5853
8820
2944
3842
4565
6066
10680
12983
11999
1672
6553
9662
15934
10735
3227
3972
4851
2362
3929
5579
16204
2892
7966
8997
3012
3742
5092
6555
2710
3169
10091
2398
21893
10684
11464
4223
5476
6066
9681
7781
4110
25325
17415
20767
9009
4673
2313
9434
5246
6025
9926
3063
2604
4699
1658
10659
9923
15515
6831
7852
12560
8827
4311
4354
2810
15280
5574
3150
6657
7778
6755
26785
8447
3787
19068
6216
9752
1804
14826
2429
11125
6325
5245
3301
15131
3715
10858
1706
16728
3024
3728
2562
11311
9030
18300
9044
1518
5983
10346
8060
5817
7872
13321
9261
11544
991
4519
5155
3571
13641
14174
9368
17843
1479
3460
12073
3657
2448
8122
2985
8968
2272
9263
6658
4535
14552
8456
10556
1934
8328
5411
5094
1591
10096
5644
1966
5013
4880
6155
2656
6136
9025
6925
5004
1604
4496
11617
7042
5269
3284
6775
8546
5958
29324
5499
2572
7922
2507
3428
4421
2346
13770
4439
2163
12598
5428
6265
4297
6392
2774
1960
13335
4771
10383
6808
20734
1184
2382
2582
3281
9980
8456
7945
2967
4999
3917
7490
2985
11423
4662
3811
4194
3037
3286
3936
2254
7168
6102
13122
10541
8050
3924
1049
17597
8543
10673
1703
30018
5228
8965
7683
2758
15861
9137
4045
11425
7697
1662
9488
1864
4486
20993
1679
16878
12691
3824
3401
9379
2388
7658
2613
4513
8516
5241
9472
5797
25427
9353
6445
9861
8855
18143
4383
13094
4104
1736
2059
2248
5434
2801
11828
5579
7326
9035
4599
11842
6070
9534
12423
3626
9477
19141
2738
3118
3502
25882
20310
2178
6336
5029
4210
7598
2840
4435
13508
5065
12088
3886
9721
2628
2172
1175
2175
16094
6307
9227
6503
6660
2579
3120
2109
2383
2778
4966
5557
5902
6980
15308
24276
7592
14461
10614
3587
8512
5237
5847
4046
1912
8258
6365
7990
6101
14440
10740
2817
6245
10631
3668
18520
5453
6209
7450
15726
5796
2542
2381
10617
6230
8517
28049
7323
5438
3604
6422
1619
11087
21150
3465
2718
11031
4500
1871
4124
7205
9629
8722
15531
6003
8338
8183
2870
8074
8090
5759
13750
4470
3697
21585
9093
7304
2905
4707
15442
2326
3221
8625
4991
3353
8951
8357
11193
7112
6755
2346
2426
3123
26573
5655
7210
3210
17072
10444
4908
5217
2114
11227
8098
8100
4864
5801
4547
2540
7100
3522
5900
12093
13220
10237
3832
15794
7236
3695
1842
1488
6741
7719
11325
7866
4215
11333
12208
9991
3140
3843
5688
4551
7911
5236
7528
1975
2560
10017
3047
2876
3983
2925
3336
4631
3256
4045
11781
7487
1619
8364
10982
4673
3286
2270
2105
7034
3550
7317
9287
4291
3011
3804
7181
6848
2606
9832
5401
20406
6957
14939
1435
5602
4605
3268
4142
5936
10325
5319
2305
12468
5729
14845
1625
6445
8636
9477
9585
8134
19072
10090
6067
4657
3216
2875
5368
3726
2842
8031
8461
2404
9592
4037
5258
9196
7122
8764
1367
4877
2646
9156
9336
17585
13706
2629
2623
6430
14423
2267
1447
5104
4127
7092
2044
7177
5760
3979
3750
10438
9394
7895
4076
8281
5255
12073
12984
2073
6250
13030
9800
10929
5441
1715
2267
2354
3963
8748
2744
2219
10388
8422
14584
8392
9666
5172
10096
4294
4651
6776
4885
4007
5531
2899
11713
4324
1824
10132
1486
13877
7649
11556
6636
4398
9697
1607
13547
11691
7046
15046
7036
6919
5482
4119
8463
14899
14740
5190
1991
10137
14721
1803
11801
5416
15728
3255
2360
2665
5372
10801
10750
5338
4853
10117
16725
18193
20231
2591
5147
8536
16911
4128
2420
5861
5635
4032
7881
1114
3516
5175
2448
4716
3335
5385
4836
7650
5144
2464
5044
17108
3384
31560
10138
5420
11409
13141
17157
3970
2700
19579
2536
7594
13613
8857
7475
17937
5889
10103
2075
4404
3105
2904
5318
13395
4595
7209
6801
7072
8346
7052
3182
7419
12207
19162
4687
6552
3746
3925
5007
3243
3063
13007
7111
6349
17215
1733
3128
6072
4319
6531
2857
4493
8082
4447
5927
6044
4785
2130
13825
6097
10936
2278
1567
1367
8804
3793
9068
11075
2743
10376
5623
5534
16103
4702
7105
5757
4923
9162
6625
3447
6407
9448
4415
3520
28310
3583
5132
5643
13666
3244
18870
4053
4823
6483
7536
3348
5806
2147
18678
7778
5079
11423
4159
6821
4895
15624
1440
5360
1437
7077
3491
7468
4736
5882
2138
3663
7616
14318
5270
3848
7912
17897
6905
3663
11423
1328
5329
4240
2771
15439
4069
1917
3305
3372
2911
5249
4875
2045
13622
7045
3113
7146
7278
20426
7207
13527
5881
4960
9113
5216
5929
2756
4752
6621
553
7555
4504
6359
3197
9718
1659
5861
5332
7167
15742
14196
7222
25524
3099
5678
1996
3653
5964
2286
11597
6842
3217
5046
12219
12429
10829
3970
2183
8383
5416
4292
21544
1569
5196
5956
13642
6881
3163
7176
10618
1980
12700
11246
5608
7625
4269
3843
16083
4826
4028
5623
14637
2182
4028
7835
4846
5712
7190
5415
7166
3407
7183
6456
8215
6977
9006
10388
3781
20203
7894
15867
4277
9622
8713
3694
15717
9749
6597
5902
6787
13258
3426
1270
2004
4996
7796
1875
13690
2307
3225
18208
5586
7390
10361
5691
3027
3473
6166
16887
6105
3030
2531
10005
15080
12233
3214
7789
4953
4565
4519
9466
12061
10104
11326
13127
16665
3520
3527
4679
1191
3797
7380
8471
1826
14933
3636
12609
3640
13485
2034
4567
4978
7975
4256
5163
3100
3584
8727
8906
7719
4880
8163
5517
11853
4923
8199
3724
8584
4713
12217
1962
2965
20974
4556
3516
15863
12972
4433
3701
2925
1056
6753
8687
5285
10371
3496
2175
10859
11886
9404
12731
4203
6929
2479
6315
1554
5378
4739
8021
4755
6256
2140
8629
2443
4916
5069
9029
2285
3135
11485
3236
3953
8902
8039
6879
8631
10500
3211
12594
5222
4559
6232
3369
7632
13540
2515
23110
9270
9692
11229
5105
9067
9775
4141
9349
2626
2916
11991
17271
2931
9789
4686
7806
4217
3389
2572
4644
12374
8030
7036
1575
11509
6725
7096
6630
6175
4012
16202
6051
9780
3639
1615
11040
2745
4544
8281
14498
7467
1260
5532
13696
11386
2650
3639
2927
18898
6156
6395
44667
10499
3637
3246
10842
3971
19784
4331
27147
7197
7662
1996
9177
6513
7404
9659
10396
7196
18047
5712
8493
5054
1318
5751
5435
4234
7814
11973
5577
2116
4474
16120
14268
3862
15261
13960
9438
7431
2209
1883
13055
13606
5180
1580
8291
6660
3029
1698
12543
7603
4448
5966
16375
4104
6037
5447
3445
8170
10903
5031
19052
12619
3755
4500
6202
10274
18754
2687
11272
7348
8814
1358
3632
2989
15479
9724
5522
3598
6989
9497
28796
1393
2602
14016
2438
6736
6153
3081
19815
7166
11127
6725
2883
8163
3324
3411
5403
3160
1735
3591
12019
5782
9420
4752
4546
11567
7948
5406
7047
5188
7813
7531
9605
4974
11262
3572
8840
3588
1594
5728
11885
4275
9933
13604
15016
3810
18361
4891
2882
10054
6725
3529
8398
3177
5726
1858
4354
4826
2973
7557
2566
4339
4259
4856
4359
7203
4195
15325
17831
15161
4498
9393
6267
8826
9806
6172
2100
2205
11393
1993
2693
9504
4300
10235
11035
1094
2158
17379
8495
2324
4090
9206
11156
2464
17064
5060
3575
15176
9059
9187
6587
8013
6662
4841
6376
6511
8415
5167
4373
26800
4001
2573
10266
15011
1677
15362
5323
2865
14336
7117
3305
17208
10914
19486
4663
12476
23004
4716
5937
6046
2322
7155
1201
17856
17821
6782
5549
5686
16921
1836
2039
12118
5543
4435
4722
11144
2086
1625
2821
14851
11219
4295
7947
4481
3065
10853
6068
2322
6990
9534
4345
12296
13818
8757
8535
28004
2859
5330
16494
2426
3227
6135
8260
3110
5685
3344
9961
4960
2935
12386
8124
9853
2719
4923
4069
8101
23488
5295
8704
4878
8514
5542
5272
15352
2268
23492
1689
10809
10743
1959
5790
6129
4808
1576
7341
6579
13696
10095
5636
10371
3510
9389
2093
2846
7991
8341
7934
3443
9324
20448
4868
5290
2739
2770
14784
4359
3872
11844
22173
9258
1547
3208
10812
2478
14686
16077
7152
14721
3598
4948
2523
12868
4066
6418
2561
2066
10513
7526
6889
4855
2585
2627
6284
1055
22642
4714
9962
6863
2646
2530
4883
2670
6087
5062
20454
15976
4509
7330
15866
3673
10292
5463
5940
4732
8521
15089
3279
3579
15573
2086
3136
3346
1797
5351
21060
5660
3312
5177
8315
5971
2923
10874
4687
6050
5282
4613
2648
5806
27337
4007
11370
2870
1946
6833
4423
3163
8258
4839
5095
6900
12684
1971
9075
6779
8228
2943
2219
8971
2423
7189
15195
5895
3090
16499
9245
2672
14981
8318
13348
5597
2396
6193
2970
3060
6455
5118
4698
7434
5919
3522
5531
8134
7363
13130
5466
7320
3424
28263
13875
35611
4541
24321
7092
5009
4077
6223
14479
5017
12448
7637
19595
10658
9484
7327
8739
15108
14945
7913
22481
6678
9616
1703
5171
9053
23031
15364
11472
7729
6263
17105
3897
5572
1905
2901
6271
2592
12247
5051
6628
2835
5286
5775
2900
2908
3293
2703
6004
7444
3106
15328
6264
1392
3831
8898
11588
5981
10894
4237
2333
2079
6004
11163
3233
35334
7774
2976
15376
5631
8131
4979
12638
8128
8143
6859
9003
3472
6777
1484
4505
7465
4146
25583
11190
3782
5323
4425
7905
5153
1441
10142
5529
1500
6447
19236
25173
11885
15571
18244
9374
4474
3516
8775
3953
2946
5416
7018
3146
4903
9322
1532
3760
4632
5334
14444
3879
7254
6437
5355
3512
9938
5112
8512
2236
4367
6970
3889
5586
6816
2792
11880
2627
17654
1246
10631
15211
7509
3066
7542
5588
4278
3753
3690
2573
10231
6260
3571
4225
3162
8613
4109
6332
6081
5816
1992
2834
5126
4357
3885
3570
12059
6541
8628
6318
7294
10631
4853
5203
12807
9905
2945
1747
4711
3398
2708
4089
3270
7595
6472
3094
2254
6110
9951
10592
5358
11026
1774
1097
3003
7884
8380
11365
9898
4048
2353
5071
9704
9072
6124
14474
3279
4058
6228
8228
8704
3763
14812
2257
8214
1899
26946
8157
3706
4150
5662
7028
14232
8462
9419
23279
16041
5847
7041
9504
2189
5337
5582
2243
11426
2503
4507
5762
2467
16693
5263
3877
7272
7067
9728
2124
15221
7274
2738
7837
2926
7197
8729
5374
2923
9016
6871
15813
12878
10061
18410
3710
4666
10096
2541
3992
2482
6781
2684
10472
5450
9546
5132
6983
4098
4691
12248
4863
4646
5179
7375
5705
7856
6090
9871
3666
3145
8945
6197
24124
2289
19359
11913
1965
2780
6471
3849
7476
25407
2435
7722
7623
5562
2235
6847
12230
6141
5094
8881
15362
2560
6698
2130
14410
10488
3763
3589
9618
1129
11587
4221
3218
2707
2594
10896
12107
19149
3841
5816
3785
2666
6767
7614
10256
8272
2954
18878
1577
2354
1252
4513
6115
6070
5673
5167
15506
3440
6038
4426
6069
3849
8973
7179
5788
4729
1649
6684
2714
7144
10515
7638
8183
5761
9781
21698
14183
6568
3161
2358
7185
2815
3894
12711
4981
5676
4543
4225
4312
2533
5853
13919
8866
9407
9534
12220
6623
8354
6511
7605
19595
6956
7430
9308
10948
9722
4323
5194
12829
7046
1646
2495
1542
2139
9260
9583
6753
3389
4482
5590
4652
15597
3583
4950
3501
2525
4914
13901
14499
3210
4253
27444
5207
3170
2565
8960
4136
2241
8432
7018
8416
6111
5235
8912
4927
1976
4796
4593
7164
2213
6805
4489
3062
4110
6984
7797
3682
4428
2834
17921
7948
20216
4838
7541
4182
2394
2049
3420
12541
7323
10068
7460
5459
2136
2076
5982
13332
2736
8584
10295
6660
2999
11872
885
4018
6684
5657
6716
18480
4643
3426
1355
7582
929
3504
23108
821
3957
11464
6352
14362
2750
3275
8236
4408
5850
1838
5695
4630
33611
8799
20866
12207
28342
3204
11148
25524
1993
7145
5779
3837
2344
24589
12140
7021
3641
3460
4257
1993
6595
7169
3157
11379
5318
19937
6761
7869
10912
4029
3282
8547
5544
5343
12578
4298
7003
5795
4266
3214
14021
3439
4269
5444
2744
3209
3157
14071
9494
3012
9955
4999
2391
22518
14858
2611
5434
7290
3555
10249
17596
2817
4636
3436
1229
7562
3630
16013
5432
3006
6918
3039
12504
18183
25393
7254
6608
11130
7984
19564
17836
2800
13009
5317
11371
7397
11547
3110
5288
16852
1899
11428
6550
5323
1946
8236
3076
3817
5300
1869
17913
35078
10064
4682
1893
21867
2948
9526
2671
9922
11894
10317
7220
3238
2588
3973
8509
6116
3315
6810
4574
4973
7497
6586
1614
17468
14771
7801
5117
17009
2388
8804
4252
4634
20317
5038
2462
14547
4994
4950
1369
3123
5802
6133
8651
4727
17970
3468
14141
15534
3293
1957
2804
3612
3852
5379
4646
14606
9702
9382
3354
10335
2492
13280
1281
4676
6041
9976
9875
6609
3263
4182
4768
1706
7092
8478
1604
4039
2081
3817
3003
9970
1033
5463
10388
2805
11779
11113
5043
1981
17428
19415
2299
1049
8716
2931
9479
2681
907
4505
6418
8278
5612
29960
4544
3727
11386
9488
3229
2221
4229
6333
10995
8931
5403
3110
4369
4695
2483
6391
12044
3239
5016
4749
7110
4923
11565
10575
2370
1631
3721
6884
6882
10056
8783
3200
5032
2488
3055
3326
5597
12390
7896
4244
12978
7708
12502
7012
2690
10210
5514
7454
23943
12568
6585
14674
10153
5540
6105
8923
2598
5455
10859
1824
12627
8388
15919
10085
3154
6748
7060
5769
4229
2459
5143
3673
5004
2658
10813
7503
7264
2957
5752
1672
8420
7615
3955
4435
14211
3244
1608
4584
7488
2091
4980
17043
11051
10468
8498
5685
1941
8696
3370
9395
5718
6719
10096
5545
5166
5645
8984
7389
15903
2203
7475
8178
2686
5606
9220
1404
4640
7653
7437
9602
3369
6301
4044
2689
3595
11533
4290
5312
4251
8228
4076
9034
10835
4743
3455
6803
4476
5620
2253
3834
8951
5157
10611
2800
4948
2816
12099
3063
4332
5597
6617
4931
2382
9969
1415
16899
6723
6060
10359
5548
11391
20399
11879
5107
1289
4115
2568
14240
5681
12454
2934
5607
4505
7938
3558
12725
6226
6019
4365
9008
4236
7313
11547
10812
3942
7698
9745
5928
3639
3485
6564
5619
1356
2101
12045
9999
5821
11050
13685
2549
10680
2551
5159
8144
5980
17638
14112
5692
12711
26911
6662
4184
5056
11457
4233
3819
4772
1653
9157
4257
3034
2118
1212
3754
2865
14230
11081
3220
2838
4453
8225
1600
4188
3315
6139
5947
5245
1881
23645
7001
8318
4930
2689
6007
6117
5225
6253
3377
1227
2559
6015
6008
6397
8927
3725
6343
5994
19157
6305
9182
6733
5749
3612
4151
20310
6664
4132
7345
6973
41766
2856
3038
7883
1738
4202
7234
5539
3930
8415
8051
4467
5040
4740
7157
5712
2701
3207
4466
9168
1530
2437
5821
10812
8397
3043
7625
9697
3457
29634
7014
5968
3144
1691
5854
6288
1241
6639
4227
11298
13557
4442
6997
4675
9966
4739
1658
8613
15856
7376
7434
14249
5194
2821
7694
5961
3977
6969
21248
2761
2373
4853
2542
4244
9558
6570
3982
3415
11886
5685
2396
8415
3998
5141
21162
2406
5377
7319
13928
5081
5482
3752
5474
20349
2457
11430
9673
4674
2877
6186
2348
20128
3308
3144
3892
9101
2400
5704
3569
4367
5390
8661
2007
3088
22589
5704
4357
8293
3004
3986
16525
2041
9958
7496
4833
11945
5805
2468
1488
6936
10774
12069
13560
10137
3340
8257
1454
14861
5251
8286
9273
20052
7614
4802
1440
2422
12208
3599
29798
11698
4517
6619
5758
7106
3236
9128
8450
4276
4687
2218
20863
8921
6649
14302
3374
6207
3444
4196
10177
6549
2699
8237
3642
6997
3936
6445
2456
3238
3936
6822
4861
4357
1577
4308
21343
7471
3649
5137
3982
4258
4429
3251
6543
10665
15868
2596
7239
18119
3386
5562
3201
1792
5548
2323
4384
8909
8971
7447
8401
1868
2892
3856
8262
1788
3033
2842
10272
7748
15498
6049
9187
8012
2669
5313
4452
4290
5964
4329
2888
33072
5264
3797
7136
5176
5314
9336
5867
1255
8323
4456
12891
1551
2708
5437
9838
6283
6241
16338
12241
10970
2762
10639
4074
13003
2586
7221
3123
4563
25305
3179
3301
8916
2709
7863
998
3560
13043
8166
1665
5315
3398
5565
10945
7398
4943
2972
3535
7379
5664
1938
2836
4588
4263
5728
4971
2072
2044
3191
17686
3175
2135
2443
3637
1221
5815
8584
3630
4478
12408
4985
4566
12538
3365
12781
3593
11147
7951
8966
2116
6014
5257
10241
6267
4180
3209
5501
3394
10707
7894
7113
8227
16950
4282
10994
1389
5722
2858
9687
10582
8449
13475
5295
6002
12082
4429
3821
2752
5807
2672
6919
3084
2800
1631
4721
7195
14478
4760
2735
31212
20200
16878
1601
11526
9061
10333
9088
4674
3174
3431
4871
7525
1732
5876
2575
7654
23034
7276
4369
3382
7575
7002
8897
5013
2826
7610
15933
7036
9658
6850
3492
5447
8524
21962
6827
2654
9512
14326
2628
19122
3819
1565
4213
5836
11209
23784
2800
6414
3446
5055
4202
5924
7060
7751
5609
17190
7797
10505
5519
6349
10788
6230
6031
4619
2895
2522
795
9061
5758
2201
8564
5622
9447
3532
3940
9550
3982
6131
1500
1373
2286
28500
8529
1842
4424
2026
6692
6006
8439
6427
12037
2882
6664
1977
6408
11195
9407
6375
1273
3476
7720
7558
3438
11577
3650
1945
4416
4690
12778
4238
4539
16435
3353
4134
1795
20157
8403
7597
10865
11646
11586
2236
3208
3169
10039
4974
8038
5719
9735
11900
3923
8661
7020
3101
17903
7246
3428
5029
4765
3007
25082
4420
6516
9555
5865
5284
3583
3087
3378
14844
4584
2678
1399
9163
5746
5911
1209
3119
4097
4769
1925
7067
7420
4540
11460
8682
2140
2213
19453
9285
6479
4228
2205
3695
6379
2342
8280
3425
13532
9460
9672
4230
5650
3398
4712
2520
3575
7559
13478
1712
6893
1614
11397
3083
1425
6312
7643
11610
11314
2610
18661
2894
2494
5110
5593
7545
5893
6969
5313
3289
2952
10046
2709
3659
12947
5487
10237
10573
3671
2811
11601
5119
12422
2387
1496
13405
12736
2351
2900
1999
3329
3912
7895
14653
5045
7741
18004
2084
21218
6703
3007
2654
3263
7460
14387
17257
4149
9848
3643
5891
11603
2195
5180
2687
6416
4952
2208
2650
19522
9440
4991
5998
12794
4142
10365
17641
6127
3533
2232
4539
21632
2960
8805
8119
10896
6917
3029
6182
2582
1172
2737
6469
5706
7953
6121
8209
3791
5168
7418
2796
6062
3820
5555
3532
3845
4323
17950
7026
3896
3041
6833
11756
13165
3189
6865
16724
7417
9953
7411
3574
7312
15358
3044
5697
8891
5450
13015
10883
5200
8979
4900
21565
19992
18728
4394
6494
2114
4466
17117
4648
2706
4518
3604
5517
5695
4104
5876
4356
6602
28711
12967
6726
2304
19001
6108
1888
2494
5936
2871
2736
33635
16653
1341
3863
3483
11523
4084
2570
7100
19049
6557
8733
13842
6424
6088
7716
14742
11627
4729
27379
3687
2362
35544
5791
6269
6113
10369
29939
2528
11414
13050
1043
10493
2544
12457
6510
2205
9037
4928
4934
6818
11692
2081
4467
2155
3479
3543
9561
4037
4673
2575
11316
3300
4143
11118
10843
15769
10512
4176
10934
3442
6657
10126
2505
7584
7097
11939
3178
7909
3672
2016
3230
4427
6053
12140
3498
7442
4026
5559
4945
2814
9147
4982
7604
5382
12287
6483
4417
5663
15091
6476
11818
5044
12252
4402
12757
3157
9378
12063
18379
5040
13485
4608
6807
10400
10168
1969
6704
21425
4020
15058
8814
5176
10174
12733
9155
4617
6787
5860
2538
17460
6262
21201
20109
8062
2791
10748
6284
6683
7594
7244
1985
5655
11359
6203
4521
16186
3242
16576
4852
7169
9606
8603
41649
5737
6398
7323
14033
4739
8280
3080
7293
7647
6177
2581
7947
4004
3175
2940
1231
5212
1534
5282
2908
5705
7697
10384
4822
16457
5500
1861
7706
10875
11764
11564
3155
5770
4556
7507
3185
4432
6902
30765
7158
13731
8114
6043
2897
6640
23316
8487
5366
4746
5315
8506
14313
4861
3338
3504
5877
7084
3834
6816
5754
4905
2462
5087
9019
4399
3082
14470
8103
13759
3506
9469
31301
4366
4834
4690
2560
14991
10117
7518
8629
8237
4701
1465
2450
8557
4743
21337
5695
1874
4049
3717
2429
3136
8072
2694
5496
5166
4494
1197
6694
6617
8228
8118
1900
819
1420
9863
7863
6794
5294
2481
3791
2590
3828
4671
11586
3620
2033
3246
2205
3579
6329
2306
7411
9317
12645
1946
4391
2112
8695
19084
7341
2634
2848
3663
14792
4837
16293
2879
8573
10762
3077
8971
8078
8193
6135
11148
4103
14137
10365
7593
12168
11661
5800
5364
22491
5875
3033
3055
12773
3284
7140
2302
1772
12659
3938
1608
7391
7209
2928
4551
5273
2369
9022
7839
14028
7211
4678
12128
7120
5293
2371
4563
3747
12814
6679
14810
13196
6807
2274
5701
8951
2839
5735
10005
4010
2902
4444
7009
10230
15189
7256
9359
3067
7073
8574
23566
9526
8143
3335
8735
15027
6327
7252
5739
10334
15691
3768
10974
3995
3712
6527
6306
13375
5580
9749
26610
2085
9879
3745
18930
11188
1974
1248
6922
4080
4156
1161
8050
9647
7503
6700
1489
7237
4353
5946
5792
1261
6812
11046
7271
8836
1901
11599
3981
1845
3841
12960
7003
7878
4333
6367
3241
3756
7757
4693
4870
12671
1006
7380
9083
28434
3926
7340
5155
2642
3427
2431
5342
7035
2227
4725
5315
4921
3123
6178
10067
3391
5713
4528
6142
4346
19726
8394
2335
1224
4234
10984
10080
6490
8063
16514
12620
12114
9540
6636
21375
5418
4124
2288
1652
12409
5480
5841
2702
17066
22430
2455
21826
8645
5907
17441
10824
4642
6593
8919
15307
3529
5306
2681
5036
5282
3696
4888
5999
14567
6039
10476
11703
4756
13794
6124
10582
4113
6626
4057
4355
18647
5640
3652
1908
1970
5357
11010
4205
4885
5210
6924
3867
4101
3158
4153
6925
6444
5468
6107
9042
10675
4416
1969
1640
7080
8474
2967
9127
7487
6499
2425
3651
15871
1412
4741
10791
8049
11092
3694
1050
2939
6534
6946
9354
7831
4846
11636
10004
8253
4807
6784
14053
3672
10508
4424
3724
2867
3603
11334
5841
17186
16289
4715
1515
7299
9161
3376
10990
11262
6170
6940
4419
2563
12442
5018
4732
4264
3977
6177
8183
6114
12259
5354
2687
32586
8634
9189
10742
11063
14690
4669
3578
10619
8485
12746
4366
6123
5083
4156
10344
3831
30575
7310
9829
11331
15850
24541
9928
3847
3838
6002
4579
7910
6463
4659
7098
10527
2435
5084
3331
9667
5418
7131
7176
19671
7084
14007
10801
2077
1157
3164
1432
14964
9047
8729
3408
2186
8231
11592
2155
3165
12282
36783
4166
7869
6924
2548
4671
19077
3596
8589
2109
7674
5436
6414
2187
5843
2018
10434
5309
5594
8768
1835
16651
15509
16318
5296
15765
2888
5404
12909
5366
1237
11733
6632
830
6425
14539
13126
3106
9688
1666
5363
2658
5215
3512
11586
13855
3832
10912
5880
9516
3956
4138
1571
2629
1039
28063
6984
3576
4497
2471
7500
14566
3530
2349
6475
2106
2824
4307
14171
5023
2398
2788
3807
9135
7506
5897
2340
10430
3845
11704
4258
2582
6588
4692
4589
3079
6237
8510
10262
2282
14677
5363
8444
7784
2625
5039
12244
20274
9569
4901
6880
15114
19093
8677
8796
2160
13078
3623
6324
7967
10812
4979
8803
7206
8013
14278
8533
11919
2899
5725
15608
12877
3524
3875
2281
8536
27497
17275
10045
8608
4368
12299
4019
7006
7978
1298
2822
4264
1842
5997
7033
6266
4227
2537
2463
6150
5581
7581
13720
2533
15525
5308
4040
20928
16056
5913
11750
4376
1204
5048
14265
4209
12398
4152
2449
4665
3408
8574
13243
3985
3606
14943
9032
3644
4322
3367
15807
11853
6999
5331
3480
3582
4655
8490
7490
3147
4209
9844
7573
6166
4344
6629
4501
4573
6218
23385
7110
8648
2929
15671
9719
5775
29053
5973
13592
3682
4025
4224
10661
1821
5539
5787
4861
3639
3168
17177
4955
15411
2757
2278
2387
9577
4180
6480
3475
7713
7427
7089
3276
4017
3290
2248
2611
30093
5219
2459
6021
10981
9894
13102
2565
16258
2322
4089
8099
14955
18342
3742
2763
3949
4171
9223
5504
11911
2456
22693
4737
3254
16991
2845
5667
7469
9072
4292
4542
33749
2770
18457
3987
6387
15685
2569
6229
9580
7063
4007
2191
3168
7835
8618
2488
2517
3089
7988
3001
17548
6659
17518
8364
4580
13839
5078
5500
4853
23573
19237
5261
7655
4380
8416
5364
5436
10124
3443
7263
2406
4661
4982
12605
7722
4128
4751
8172
7084
16354
9489
17855
2968
6053
4467
6337
31245
3118
12693
11488
5668
4822
12595
7110
4109
13912
9069
5940
15167
3997
11509
2811
1927
9484
4698
6976
2447
4958
8658
6178
3624
3709
5562
3053
3089
2646
9002
1306
3583
10936
15398
5612
10485
9911
19244
8668
21294
8685
5114
4208
4684
7093
4242
5722
7986
5978
6830
3128
5664
8741
6765
4899
17105
5067
7625
4501
3923
6776
5548
2798
7558
5322
10141
2075
7479
3694
5551
10903
2692
6572
4293
4872
4704
6860
4360
1642
14834
2380
4890
11518
13316
17344
6548
9228
2290
18276
7203
2235
6452
3269
2232
8226
1791
1172
4754
2552
7036
1517
7976
10855
3245
20637
9972
5825
8901
5084
13050
1414
3885
2398
4478
8491
8192
1933
3342
13370
8016
2584
16453
22842
8099
8410
6343
4853
4397
4608
831
7010
6100
3913
4423
5343
6759
3831
4678
4470
5478
2364
6115
5065
13086
4444
5487
9172
14901
10631
5835
5217
3299
6949
4538
6464
7056
5113
6488
14023
6792
2358
12677
4473
6849
10299
2154
7370
1979
2353
3412
8198
4437
5748
3633
8601
3272
10333
13500
3003
4405
4007
10770
2910
4639
5258
8626
8041
6275
11601
10387
11380
5456
4655
6278
1401
12925
12823
3614
11146
9830
9067
2517
4419
2310
6704
2703
13259
6640
3757
7638
9771
4291
2703
2776
4932
26870
2772
6451
3505
4855
13667
6608
4973
6005
7215
2938
13320
15540
3254
2544
8008
12344
33413
1825
5494
19114
6180
3000
5604
8047
15914
4771
1787
3522
14478
3550
1855
5679
7291
9414
14734
5569
6671
18400
5381
1844
2979
11978
7825
4917
4538
5834
11114
29617
7305
2039
2423
6342
6730
1894
6683
10745
4590
3242
3006
5464
3253
9091
3027
1717
8478
2345
9444
5820
5396
13352
14768
14602
3521
10529
5208
3949
4415
3096
1002
17989
14371
3744
8045
8555
5366
12728
1942
10048
12141
5124
713
3586
10459
1613
3889
3170
13638
5604
5381
3895
6058
2414
10843
9225
13749
4326
7432
6043
7333
5561
10875
8388
2126
4699
2175
1306
4896
6149
11331
3247
6996
12039
9479
10131
8657
7653
7427
6994
5462
3486
7504
8501
5956
6320
11117
5552
4172
13306
10615
7833
4894
8079
3070
4617
15825
5754
3929
6672
3640
19888
3724
3520
4449
5995
3079
2873
11838
15049
9421
10501
11799
3761
15947
4549
5098
2680
8764
6436
16270
6411
1003
10835
6710
4332
3170
4863
4965
9125
27693
3114
7029
10516
3108
6663
6608
7065
1428
4456
12852
4453
2262
12993
2034
3562
3421
4567
6197
8786
4240
14254
6610
9907
3754
3724
3469
1768
7795
5196
7832
8264
1391
6676
17039
12195
6628
1039
8314
14668
5856
9285
19447
6863
7949
9862
9241
16174
7690
5724
10316
3570
7875
885
2463
18131
3778
4164
5330
5847
1359
5565
2174
3672
24396
7670
1740
4688
3339
3677
2350
9659
1173
37844
3579
9122
2794
5640
2064
5298
4647
16206
6860
2295
4207
9332
2737
11830
8417
8619
6341
8103
1223
8539
3486
2822
24351
8082
13972
4738
1529
3496
14567
9922
5001
18286
8638
4902
4936
11161
8128
5897
8304
18461
6474
6613
1704
4651
11724
5685
4484
5553
8909
4065
3571
9254
15305
8267
7031
3880
14328
3604
5742
9150
9346
16639
3690
3760
5562
6118
5434
7691
3618
10022
4631
1614
11998
3769
9754
5048
5406
3237
6143
13939
5369
10961
11161
1976
10610
5480
4715
5518
6257
4857
20196
1032
6766
15546
2390
2577
3403
9022
3744
2403
3284
9001
7871
5529
5250
5981
7427
6055
4812
2791
6514
4509
6302
3379
3979
9741
3706
14777
14530
4018
3192
4450
5135
15616
15348
2630
6470
7133
6697
748
7965
4644
11002
2649
13930
7779
11764
2857
6436
1801
3943
6763
2708
20980
7631
3810
23885
7079
11481
6160
8293
9857
7918
2392
11352
3999
5045
5493
10612
4518
2395
14984
5340
8442
1140
8945
3468
1346
2695
6823
6550
5556
13512
6329
18788
7197
6217
1449
3619
36200
13123
3934
10989
12515
15675
5075
11423
13382
3939
6378
1113
7660
3823
11604
4187
11257
7083
34356
15462
9187
8771
3098
5423
5808
16892
10080
1661
3577
7272
7317
10871
3834
12721
10436
6157
5194
12091
19387
10403
10343
22927
8180
16310
3727
2242
7812
5234
7599
16318
3541
2502
4743
3734
5728
7367
15446
15782
9449
7482
6297
5295
3463
5764
6180
4404
3067
14417
4682
3920
5654
5050
8492
6862
2976
4217
12727
2272
10166
21987
5721
3186
7279
3732
1476
12313
2788
4474
2133
16344
3625
1302
3897
4667
12121
8910
4547
8330
21908
16062
1317
10555
2032
17738
3326
7838
5245
4260
1967
9333
17936
12530
34469
4512
4834
17410
10882
10670
13899
9821
11765
10141
5767
2463
15713
2745
2209
6367
3122
28772
6593
17550
5738
10637
6185
3820
14354
3100
4039
5421
2559
4763
13664
5649
12455
20837
6665
3418
15782
2584
3744
21306
11447
13328
3216
13375
4210
5603
16744
11725
4010
5032
4624
7148
7872
5147
8909
9161
6215
4425
3046
2880
6625
6390
2388
11959
22695
6830
9586
17591
5438
3986
4095
1487
5835
3682
5663
8370
2133
5114
4398
10153
10418
15263
2313
4896
15587
4905
23442
17327
3889
3007
4585
4681
3154
5179
9730
14784
26586
5680
6335
12085
11173
12627
3070
8518
10540
2569
9979
14710
10101
6352
10054
2751
13884
1870
2872
1883
2268
5641
2242
5114
6476
10546
9070
11920
3782
3536
11450
3078
18087
4113
17828
1363
1833
13748
1705
13558
26689
3993
1741
5143
6988
11985
3346
28598
4625
6126
8854
2159
14582
11414
3175
12956
14000
6106
8581
12087
6133
1592
21140
4028
12526
16109
4640
6917
7993
4435
2334
6206
4694
18015
6060
5402
8994
7745
2897
19052
2764
14434
7130
8194
3562
7961
975
9708
9458
13481
2499
5900
7024
4746
3473
4120
800
19423
6179
17233
3028
4797
3705
3616
1294
10159
1673
13030
14196
2057
4259
4891
17186
1848
3476
2251
3688
5254
11856
4189
3736
3057
14078
9846
6146
3225
14243
5182
5477
3443
19335
9493
2771
3405
4433
3199
4081
6384
3631
15226
8498
4770
4690
7664
4197
7321
6459
10320
11751
4550
9055
6766
2011
5845
5733
3943
3003
4111
10958
8689
3684
5493
5123
5260
2160
23327
3945
4301
3713
8858
1918
1034
3250
6707
18630
12488
8826
6820
2056
9140
24405
6169
1876
8439
2870
849
2789
7547
5023
6116
7849
7397
1600
7024
9216
6144
1949
2291
7766
9079
2644
15271
1632
4312
13500
2837
2867
2766
7963
6652
8634
5753
7320
10363
4301
2290
9869
9951
7459
7658
8084
3565
3227
6753
12072
7024
5030
13754
10598
4852
13937
2236
1820
4778
3620
2314
7191
8193
16753
6774
11634
11923
16712
13288
2172
15109
10448
9574
2546
13257
11446
1911
5086
8400
8897
2130
9051
3797
8812
6693
11810
4110
1874
4367
3513
14638
5059
13129
3482
14909
2748
3479
4301
28595
2566
7535
6245
7305
11110
8059
3258
3839
12319
4026
9482
1821
3578
12128
11855
7998
4231
4199
12260
5137
5240
5091
2740
4571
3408
3281
2600
2408
10628
14249
4556
10130
13202
3798
3088
7520
8535
3591
10311
7671
11355
6158
8176
15505
15858
9070
2524
5658
4304
3759
7055
6771
8471
8509
5955
2225
10955
8333
7251
3156
1566
8928
6217
2776
4745
2547
2479
3255
6386
11961
3015
7169
3316
6815
2936
6248
12206
2416
1953
11186
4554
2772
3750
5008
10455
4476
2271
5441
6219
12973
11117
