1629
4142
3925
2270
1515
1654
2174
1598
3139
2287
2318
1641
2058
8296
2316
2781
1417
1858
3309
2171
760
2566
1349
1403
1617
2059
2355
4443
6631
1495
1282
1040
21569
3656
12191
2242
4304
2334
7034
1086
3361
2323
3557
922
2009
1390
21571
2758
2414
3990
9861
2010
1066
1670
8875
1540
4747
2613
1559
6167
778
4202
2541
2427
2020
7549
9700
6455
1182
922
22565
2036
21743
866
3193
4882
9726
2002
10275
8651
1360
2654
2211
1262
4807
2124
3925
1402
3087
1581
1958
2757
3796
10582
2091
1452
1420
27040
2070
3632
1392
2553
24510
1191
4839
5755
624
14386
1124
836
7623
1792
2548
6253
2690
959
7671
9426
1298
1635
2907
3108
955
1586
757
3202
2347
1556
3086
2509
1204
3337
6785
821
1095
13402
8632
2596
1249
2888
2805
2373
1354
1631
2227
996
827
3401
1207
14191
1888
1998
1247
1046
1237
905
3609
966
2176
1105
743
12460
14061
9147
1545
3228
2214
432
2861
2450
2127
967
1217
1469
1941
15639
1053
1055
2829
953
1536
2172
8328
1422
524
1087
828
1556
1813
1748
2474
5023
4953
15371
1487
2277
711
2358
10932
2848
4479
2572
2930
5399
490
1356
1349
1305
1448
2484
1707
1330
2687
1955
2558
1418
13244
802
1853
1875
2349
409
919
2812
899
3679
2511
1023
3510
881
5016
1512
2573
1784
790
2342
1543
19400
1973
2565
27130
2124
1607
2724
737
25496
2322
13090
951
2449
2103
3529
1213
2647
891
2396
1634
18097
1443
1152
581
2085
1471
2086
1934
2579
1442
846
4681
1976
2822
1974
1004
1774
1422
1827
1569
3774
2222
1387
2249
1192
870
1538
414
2257
1277
1214
14495
2982
1678
11825
1243
1769
10868
1080
2256
6822
2896
1287
1815
12683
2582
5402
1662
839
1208
1706
8441
11489
15289
13220
1564
1561
1476
867
1238
3187
1795
1882
869
1512
1332
2151
2251
809
2790
2821
1298
2057
8159
2092
10017
848
1703
1836
6755
1116
2130
5950
3529
1947
1196
1210
16243
1124
1560
2134
3362
1439
10373
1350
6053
2216
873
1071
6070
733
3159
982
1254
1502
1546
4330
15710
2187
832
1871
2204
1154
1764
1790
903
1804
1352
1211
1940
1300
3016
1156
1294
623
1192
1926
6384
2094
1709
1772
1208
1056
7855
8795
6525
2179
5526
1976
562
1933
1509
1694
1971
986
2207
13218
1204
1126
2608
5064
2975
2116
2890
1385
1776
7212
1518
2455
1521
3344
1279
1116
8787
1823
2424
1921
3230
3282
2651
1999
725
2228
1399
3107
846
1494
3095
3095
2537
957
2264
1735
2648
2193
6256
2973
2615
1717
2454
11698
562
1868
585
1421
2159
644
677
986
8530
7882
7771
1630
5855
2220
3956
2079
437
1993
705
1532
1300
1197
4523
1753
1528
2253
1972
3029
2806
6855
652
10833
1469
3901
1973
2207
1495
8487
1658
1054
1116
1173
12869
6462
939
2270
3138
2079
4646
1198
910
20354
4571
2156
3174
1482
1454
2427
3698
1451
1195
2776
1330
2281
3006
1515
3128
1320
1133
10284
504
1669
1368
963
18796
23950
1723
1613
1586
1686
3298
765
1113
1710
5571
1781
494
2389
1637
2090
4158
989
4421
8211
1147
776
1056
10430
16423
2390
1283
2872
1766
8619
4354
8509
1084
20061
1480
1220
1480
1794
1248
1041
1562
1087
1971
626
941
476
2591
1401
2460
2250
568
2101
1378
850
3054
6989
3255
14882
998
2739
1994
1830
1545
3112
3585
3072
1224
2484
1777
2390
1017
1362
941
6391
1140
2713
710
2072
13988
1665
11560
1558
1050
3882
3029
1983
4139
2917
17642
1575
562
7585
1937
3194
2689
9611
1907
1907
1083
3398
1024
5378
530
10928
4769
2444
2158
1109
3853
15097
554
1102
2433
2814
2947
1648
10493
7707
1575
1471
4691
2164
3896
3426
1218
1910
2850
3169
2403
1462
1700
5163
2135
1054
1181
720
372
690
1486
1869
3133
929
500
2213
8663
2056
3213
4493
1781
749
1563
1343
415
1240
2570
4553
2066
11325
2943
2276
1684
5844
2747
1266
864
1981
2399
676
893
7125
682
9560
1870
2281
1560
1571
1747
2009
2156
1266
2456
889
3730
1343
2087
3397
2159
1333
1000
33346
4191
2787
5209
979
1194
1286
3569
1622
1729
690
3959
1762
6563
10690
1166
16579
5184
1852
929
2739
2378
1267
18563
13185
1423
745
1636
1805
1173
744
2669
1633
2379
964
1060
933
1399
1710
2087
2369
1598
1692
937
16395
1988
2574
9229
2654
21992
2782
1616
1735
2499
3450
1261
1482
1624
9045
446
1200
699
1936
9727
1399
13348
1864
26875
2110
1105
1914
3085
12849
6191
8418
2234
3343
1371
1820
747
2085
837
1564
4608
1781
1634
963
1339
5512
3486
19270
788
2251
2780
2581
9906
1217
3567
15233
2871
4107
3111
1517
1399
2528
5460
3096
2404
14769
6683
1501
1372
1181
944
1521
1386
2086
1354
666
3896
2232
2068
11602
9130
1414
10941
1821
791
2218
1814
1753
7574
1676
1803
2452
2538
1728
1738
1863
758
3370
13066
2628
11108
2462
10097
4400
800
1472
9785
1401
1693
1378
2017
1052
668
1784
2386
1241
1413
2333
714
884
4923
9742
1239
719
2551
1694
2966
1519
1414
1409
1043
2026
3610
1067
1397
2007
464
2962
972
3636
5645
8318
884
2525
9858
12236
8151
2033
1578
1284
1332
10122
4884
4705
2660
2163
1990
2566
1884
1334
1982
13990
2926
1798
2748
2072
1312
4956
7321
1852
5300
2510
2565
1980
2686
1656
1165
1793
7013
2756
25922
1749
771
2235
1920
1213
956
3341
1173
1833
2373
706
1332
3522
2796
1140
2439
1058
16573
8074
21551
1959
8922
1646
1728
6855
2561
2818
2168
974
6284
1325
39776
6512
3075
11785
3371
1499
2239
2368
8666
1008
1928
879
2117
1817
1855
2109
18690
12003
1832
1275
502
3838
2388
2594
9040
2204
733
8115
1344
2640
10696
1058
4703
9514
671
1122
1086
1261
1681
722
13641
1036
1662
14717
5240
776
1158
2181
6416
1824
1392
2153
4286
2267
1354
2392
2313
1196
1607
857
1831
7204
2404
2497
2370
740
1591
2285
1961
1895
1643
1350
3068
2034
2489
2702
736
1592
13430
8354
4614
1504
3567
399
12499
1053
6070
1485
15534
1592
5008
2278
723
2682
2478
1522
599
1151
6530
4640
3091
774
2816
2376
2657
2563
1840
5265
2468
1943
1537
530
8214
1541
18364
2078
5562
1827
3282
702
4317
1030
2928
2606
5421
1285
3173
2371
798
4716
1898
11526
1696
2198
1791
5465
8872
1670
1894
16653
2306
3089
2791
4371
1144
3037
2114
1019
2567
24401
1986
787
1977
2745
1163
809
1664
2534
1538
6818
2859
1949
605
10690
2325
1082
2803
1222
1414
1258
965
5409
640
2140
974
1309
1358
6495
4344
19577
2035
17864
569
1567
2531
899
2790
1247
1737
1686
4930
1974
1872
1639
3323
5394
2225
581
2456
2233
1526
1539
1322
3002
1459
857
1905
870
2918
1612
3172
1961
1688
2453
1788
633
1371
6597
1824
1213
2753
3101
1128
1612
1465
1109
1511
2188
711
1126
1514
2421
2868
2789
991
1521
7821
1190
3286
1632
2463
1023
1851
2340
1370
1181
2077
4285
1317
1594
868
11523
2583
1681
1715
5232
1832
1433
3237
9331
997
1094
483
1527
1223
2384
2802
1118
1281
4739
1354
22903
859
1867
19113
1416
9373
4122
1170
621
1959
1517
8532
2561
1018
2012
4312
2404
2486
858
1630
1111
990
1023
2201
1566
1353
8866
2500
1977
1104
2233
1907
2459
1975
754
13198
3696
1861
2762
2356
1600
908
961
823
8025
2285
20516
15443
1426
1240
2299
1562
1789
2183
771
7239
4359
1965
21808
3136
2282
4738
2017
1918
1054
3339
2227
5061
1895
1389
1104
1142
811
1479
2584
7508
2417
13963
2523
672
618
20782
786
1199
2673
1498
649
1843
1361
1114
1648
2488
23072
1847
752
737
1982
1860
812
6472
856
754
2845
2281
1314
482
3322
9322
5938
2710
1648
3094
1803
1486
7036
2040
3147
1222
1979
2481
1157
2139
14154
1553
2080
1057
1977
930
2377
2113
1276
2866
650
2042
27050
1903
2682
3174
1953
1024
1606
1683
1406
3737
586
1038
971
560
1629
12433
16568
1523
2374
932
484
11541
1296
1568
2209
1078
813
2437
11547
1463
1416
1667
2739
1490
9795
3276
1018
1038
1113
14028
501
2180
9147
7850
805
3654
1170
612
2760
4206
1031
1989
2272
2871
24576
6547
2172
1319
1770
9990
5001
1879
1957
2186
1874
3153
2097
3605
633
1875
914
8335
1645
2073
7205
847
1090
1651
16187
2619
1170
1018
1906
1444
2790
3994
28313
990
2494
1870
1588
1190
2708
1083
1910
1203
2974
5180
1892
9025
3053
1966
1281
838
17740
1936
1957
2353
15456
1225
1796
1637
11621
5252
9012
2105
1313
2274
5947
1469
1513
5586
2274
7306
2915
1763
437
2668
6355
1577
1086
2223
19044
2577
1626
2070
10853
3071
2235
571
2403
1311
1838
1667
4093
1038
7748
2022
2347
2869
2162
1800
2797
11426
2087
612
2013
1920
1389
1903
4530
3755
810
1547
1582
8285
1583
1832
4110
1613
7773
8747
3468
27577
2073
1810
2480
10880
3628
1770
12608
7523
4134
1586
14845
3271
1927
5262
2381
1242
7782
1009
854
493
1337
6702
3848
3288
1155
867
4573
3818
560
859
1105
2549
1120
3023
1340
1902
3273
1739
13189
1694
5410
2095
3027
924
1333
1124
3137
2186
887
1241
1612
1455
6044
9102
2662
2096
9939
4593
1877
2657
2859
1838
1258
3360
1872
867
2098
425
785
2211
769
1985
2377
772
1867
1014
1718
1613
1212
3086
1020
2541
1001
1911
5929
809
7539
1387
5839
3112
714
4666
3959
2058
1803
1045
9540
687
1495
2808
2143
2032
1985
793
1411
11095
1609
1607
20059
24861
1806
998
937
1429
19881
10481
5202
18591
1589
2905
5016
1846
24784
2231
2132
1218
8050
1270
14313
1397
1530
2421
630
1071
7721
17409
1260
1123
2157
1689
1771
511
3040
807
609
10744
1318
2517
829
939
20127
22411
715
1314
2063
9749
1364
3389
1974
1443
2141
745
2457
2459
5284
6439
1263
5418
905
11805
1910
1885
1600
1269
1478
800
2406
641
986
563
1361
3282
1806
798
1121
1717
4612
528
4310
1117
13425
16958
1894
2516
1426
786
2237
3301
2821
17477
1807
535
517
2775
1431
678
1616
887
7751
770
1426
2313
7684
13047
12609
2028
3692
1302
2568
10826
911
2519
1876
2317
1768
1381
3271
1139
792
1874
8089
1189
4854
1443
1662
1373
1898
510
1096
1196
2051
2077
898
17280
1992
1129
6903
933
1136
2239
1345
1408
6347
1117
681
6792
949
1631
1641
1313
1373
2814
1236
2453
3151
5254
1805
2277
941
10539
3276
2124
1935
791
2300
13481
1317
2637
3642
3200
2437
1008
2494
1707
2656
1860
1172
1230
3437
2250
1354
2077
5127
1747
1064
2084
1401
2692
1919
1967
2709
2129
8459
2314
1076
1243
2672
2277
889
1147
2082
2911
11105
5525
1010
4984
1083
1254
2227
1661
7176
1298
659
1853
1326
1221
1839
927
1242
2602
7085
971
3050
8939
2179
1233
10611
18758
766
3649
854
642
1367
1336
3659
8436
1467
1487
913
1977
3288
2457
2338
1412
3177
9741
629
2905
2061
18503
1585
1968
1643
1167
2411
2446
393
785
3617
1324
2899
3383
2109
1687
1453
8382
2423
640
1512
16895
9585
1772
1112
1031
2118
835
2465
4759
951
929
1328
2594
3042
1923
4717
1122
1920
2422
1933
696
17606
1226
2643
2238
14494
1915
2072
3170
1289
1308
2598
2165
1628
1019
888
12274
450
603
1124
7207
5750
2116
2624
2022
2342
2166
2209
1637
1573
2881
2058
963
1864
3508
1238
2643
699
1110
2898
2220
5930
682
11224
1120
2262
12361
6108
611
2156
1446
1388
2105
923
22703
1716
2087
2064
526
857
703
496
15440
7507
3770
1580
1197
2305
3601
1888
1913
2373
1103
6442
15534
2995
1370
1288
4390
11501
6060
1630
2586
775
3009
1242
2377
393
3151
3488
2400
6156
3306
1977
3492
2873
3087
1115
2587
844
1610
2119
780
898
1537
6385
3339
5330
2770
1999
17369
470
635
2327
3315
7477
15601
953
3982
3838
1911
1839
1117
1042
777
1052
995
7146
9407
837
22041
1833
2178
1466
2007
682
568
2108
2014
4683
2133
845
2788
1501
2459
1045
754
782
2879
1145
3743
5856
1069
5872
996
14401
1889
1888
1334
1699
2063
2262
4697
2074
1616
987
2670
1192
889
2026
3959
2155
10348
2426
4761
1727
8974
562
1665
1787
1877
2627
6595
3545
1450
823
1870
615
1599
1534
2087
3184
9850
15442
1712
2859
1489
2066
2255
1733
1916
1702
1741
4544
1150
12261
1011
1661
2831
618
556
21595
927
1418
2594
2707
1993
767
6277
2510
15702
1825
10639
1573
752
1821
5289
1429
16408
1540
1667
1795
1353
1159
3897
9130
6826
8015
715
919
2605
11002
3658
938
1596
2110
1851
750
1414
1418
2366
1292
5150
722
1370
1827
2948
2510
1710
29266
1337
1004
10137
1515
1927
586
2132
1830
5165
1421
2336
970
2564
9459
6389
1724
1313
8008
1594
4844
1345
1504
1971
1051
14607
1818
3431
1662
878
1785
753
6582
689
871
4946
574
7727
1094
1261
3304
831
2103
16784
12709
2358
2097
1224
2200
802
5337
2123
3921
2728
6405
1524
1235
2718
867
1178
3047
1314
2094
3050
1298
703
3085
5774
1175
2141
2083
1549
2246
1014
1520
1214
2169
1288
1282
2390
1521
1389
2338
1523
2959
1182
1433
6053
8924
987
3333
2132
1712
1944
1039
709
3043
2571
1420
1639
2416
7687
3033
1733
1973
6410
374
2218
897
2035
5173
2131
1164
1705
618
5228
1056
711
1095
972
2254
1605
1274
20602
2685
5223
737
1931
1236
6371
3822
7358
5327
2208
2376
2036
2816
1750
2785
5359
2741
971
2119
1907
3041
3906
12882
3195
2737
2653
2316
1792
8695
1566
2050
1510
1997
1298
3416
16956
15136
2254
624
5725
2060
2660
2292
2612
1567
1787
1798
930
1018
2055
8745
3370
5368
1496
31872
2586
1929
2743
10276
1364
4305
1003
2831
3097
1590
2044
2564
871
12575
1884
1336
1705
40711
838
1128
2519
6545
824
6558
1157
3992
3060
6226
1401
2094
1699
2953
2498
1036
1150
2019
1697
2011
6162
991
1159
1194
1693
2205
534
1794
1236
2059
1100
2472
11475
1626
967
1872
3748
2281
1499
2995
3829
537
1122
391
1009
1225
5900
1161
1686
1489
1632
631
2227
1549
1793
686
3660
1704
753
699
1135
1062
14643
2525
2758
1325
2962
1849
2138
2491
2599
796
1045
1213
1391
1017
8923
1509
521
7693
1469
1625
2990
2112
2159
9765
713
2763
1598
1753
1854
15062
5718
815
1666
2199
2592
2252
10402
1219
4994
947
4212
1416
3020
33443
2256
1509
3384
1029
781
1720
597
2539
1236
952
1113
900
1577
1537
2205
2185
1598
10835
911
2723
2226
2162
1861
4549
10363
12173
582
1459
1289
6138
337
2496
2152
1129
1086
2379
3722
1060
1978
2080
6808
1430
902
1391
12745
589
3202
1735
1059
1725
993
1768
1261
650
2564
2524
1013
1652
1755
2672
1779
14245
3573
1255
4126
1908
2620
8420
2997
2870
10375
652
1803
1122
3375
590
4875
2444
827
2322
2300
2991
3024
1525
1504
739
1077
1556
1847
5711
1311
755
1116
2440
1469
3106
23232
1058
1402
836
698
1632
570
1369
5332
4896
947
4234
2275
807
1990
1923
4796
752
1197
1143
1157
2345
1065
2754
1719
1286
5291
991
3319
726
2251
2475
20544
2027
12474
1106
3229
3675
2242
9023
443
1129
1103
5569
1270
2825
772
2279
3427
1329
999
1285
2157
2247
4264
3038
513
1247
1401
1869
650
892
3972
5179
2820
3204
3548
1483
1055
4128
4527
932
1832
2505
2093
10420
1705
1466
2103
1933
1599
3973
2525
643
2913
1461
25266
1050
1040
2056
1107
7577
504
3307
6648
1672
1657
1469
1169
510
1997
842
1138
6590
6859
3851
1389
11596
1840
916
3966
2857
2922
2481
9325
2011
4545
1451
1780
2454
850
9103
13809
1491
1053
1753
1356
914
760
829
1732
2405
610
816
1850
1263
6912
1788
1316
2512
2182
1068
739
505
1516
695
4120
990
862
1304
771
1234
5593
2344
1041
862
9538
19269
1072
878
1929
2641
1216
2120
571
1934
11346
847
2061
11264
488
2222
10216
1470
2221
1396
5268
3474
690
2945
2541
1843
1876
1412
6404
1922
1190
1359
3985
584
1085
591
892
3364
3456
7252
685
3794
39211
1484
3604
1957
7401
18758
2202
1356
1776
1034
2330
905
1319
2304
2003
1607
21447
8985
1156
977
840
4892
3199
3095
729
1061
1699
13947
749
1978
2349
968
1967
1624
1720
2715
2022
20299
1361
942
1684
2227
16598
2174
2935
1126
1766
531
1827
2195
945
1811
6514
10613
4437
2578
2185
6185
1947
1557
989
1430
1081
2689
1372
2361
1739
1042
6130
2108
1119
1159
1325
6587
13276
2688
1192
1545
3472
2311
1211
2961
16231
1993
1588
5155
14983
2577
8065
8018
656
977
9652
2842
1432
2158
1977
1593
10467
756
2909
673
1940
2157
1772
2430
1821
1567
2195
1652
3499
2527
1884
1907
1999
16495
1798
1534
26868
1255
1865
17499
2616
893
913
1980
13264
11126
2070
2505
2139
779
1661
22023
838
1359
1201
2860
2734
803
2134
1039
997
14160
9582
1801
1626
2239
420
3235
3466
4069
2004
2763
3940
2567
912
2437
6237
2006
1672
1567
2412
2885
7030
1258
1460
928
1850
883
1131
3335
7378
508
2375
1879
2202
1256
5595
892
1211
2796
3552
1538
2316
5067
913
2478
3870
1583
693
1681
1042
960
6075
10374
17508
1267
993
1198
1794
2793
24421
2442
740
2418
2883
3232
8419
6532
2092
1409
1443
766
3924
2013
1278
1100
2967
1271
540
2445
1465
1892
12785
1264
1255
10802
2320
2116
1823
12110
4094
11379
3838
15033
2202
1706
934
1049
2786
893
2109
5908
2537
692
3474
1171
14427
9230
1813
1090
11648
2515
951
978
508
2165
1641
1425
1902
3413
5301
1849
1013
22134
1613
1043
601
1153
2445
512
2978
1538
2138
2178
2454
1012
2351
5831
727
1178
1281
6420
11321
1345
2014
2153
15385
4828
1979
2081
2175
1955
709
4567
1887
1306
5197
2407
1213
945
1313
851
1093
2651
4680
1116
1922
2446
15413
2807
7698
3313
1631
1892
2148
1546
2505
14385
1026
3160
1661
8195
4751
827
1192
9410
1399
1133
1940
2646
1987
2768
2728
10771
2072
463
1370
2787
622
1705
1213
1616
1890
1079
6095
2173
986
2407
6911
2379
2794
1604
1773
6860
962
13772
2336
630
3693
4578
1339
2384
909
10843
2998
1192
2123
2232
22174
1497
762
1553
10488
2667
1767
2178
996
1437
733
2183
2538
959
1261
7461
7093
1273
2646
1473
2789
1439
518
1844
12833
1375
1793
4090
24903
2453
2729
3405
1067
9623
2282
4792
2225
727
12803
4091
953
2036
1662
1463
1415
13608
11481
804
1717
2423
957
886
612
1481
2950
1454
1030
1966
7173
3635
1389
1955
1332
6122
1309
639
2458
1035
5565
1013
1789
1955
1981
2391
5322
748
1914
2734
1534
3891
946
1943
4296
395
1635
2112
2168
2103
2053
9254
1674
3121
2441
5308
1408
6400
2088
2356
2143
1734
1679
1641
1656
2246
971
2711
7052
1184
10287
1689
997
1923
5136
693
1287
2209
1456
1501
1769
2226
1730
11035
1146
1592
780
5691
1704
4907
1952
4274
1436
3459
2232
5564
857
12747
478
7693
5932
1838
2773
1410
13968
3553
2964
1394
26359
1627
1939
1338
1125
10106
1548
2377
1124
6888
1625
916
1254
2198
1399
1393
1925
2487
1958
1437
1455
12561
2161
1040
2030
4518
1193
4594
2163
14179
1829
1552
1499
2098
1556
4197
2516
1555
750
1098
2486
2827
802
4644
2764
1912
2818
1017
8977
1378
3551
1714
1307
9567
965
887
1727
2573
851
1205
828
2038
7950
995
1361
2139
1738
2059
21299
2704
2799
1136
2184
1892
1648
6282
3095
7972
1011
1147
2321
13786
1874
1878
1282
3163
2076
2656
2535
1133
1954
10498
2974
30920
9298
2161
4212
2223
1339
2846
1039
2663
813
845
1562
403
2214
8292
1143
10010
2631
1379
807
2275
3257
1893
2529
3702
2519
2150
1309
8179
2675
2418
2200
1595
2968
1549
1312
13516
1818
1511
2766
3238
7677
6460
2256
3300
8983
1467
3434
2300
1066
1363
1673
4205
2185
2386
4457
787
10582
2080
2031
1193
1716
705
2194
802
1113
1670
3307
1048
1620
8418
5153
2551
3851
1407
2828
1330
10163
781
1171
1551
668
1348
1685
1082
1309
1945
2421
949
729
12439
2915
1985
2178
3308
1843
1993
874
1621
816
1801
2946
1698
1446
1433
2116
935
1672
2908
2175
1645
8598
1197
3497
1802
2716
1134
2255
610
1958
1380
1433
5352
7729
698
17616
1347
10176
9624
1736
1763
1649
15691
1146
11464
1281
1818
1582
2284
1780
2119
10044
1808
855
1534
13999
1486
1766
2096
1564
965
2243
2190
2641
3218
1932
607
1808
10555
1010
752
1169
2876
1151
1980
2128
12480
1222
8728
669
2315
1988
2682
11533
1508
9463
1528
1590
1112
1129
1116
1687
4474
2295
2887
615
2588
1065
1403
1494
2334
5528
3641
2895
1612
11886
2447
1368
1091
1098
1127
19366
578
21671
998
927
8104
1417
3337
634
1618
1574
608
1077
1340
948
1296
1339
5299
888
2127
1714
1718
3507
1220
1953
2282
1601
1079
1294
2037
2121
3117
2455
1202
7885
1706
8144
1186
1611
1683
2061
12682
4279
4449
2308
3112
1861
1008
1767
19051
1811
1768
2368
9465
2741
2890
2005
3992
1589
6234
1355
852
1698
883
1681
14872
1477
3464
2346
1708
2189
2462
1536
8369
2445
1281
7678
1539
1316
1790
3514
2953
862
9932
5491
1941
1706
2056
1327
2522
1239
8613
478
2298
1995
3022
5761
1492
6325
2294
1406
2531
2011
2747
1855
726
1177
1860
2436
1934
3339
2636
1923
1465
2371
2187
1216
1838
16092
1735
1049
2090
458
1433
1141
2925
1193
1327
1671
3798
649
2168
1647
3486
740
4462
3010
6482
1996
1304
2681
1691
2822
4222
6135
1332
624
1054
1193
1881
2205
4041
1264
1929
877
769
916
621
1594
2566
2748
1934
827
1668
1321
21995
950
927
2215
1791
1055
3734
3671
3355
2227
2159
1669
891
903
2905
731
809
568
1708
751
2353
13080
2786
1425
1352
1933
1579
2566
2578
1547
724
8394
9556
2303
2005
716
3110
11051
782
2249
1105
2087
2282
891
904
1643
760
1963
10918
908
897
4539
1330
1827
2469
1180
2451
13656
3638
1731
14755
2326
1210
1124
1620
1770
9183
1614
2245
9581
2727
4008
1012
4123
5073
2189
1032
1212
1924
7009
638
2158
26125
2153
1588
712
806
1177
3749
2154
2021
1600
4076
7442
1361
4163
3615
8379
528
5022
1593
851
3433
3069
1404
3525
5159
2095
536
1291
872
1228
6730
1721
3320
3432
2051
4135
1033
997
1639
771
2038
3207
9600
2765
5585
3133
5524
1451
1416
10290
2515
1563
4859
2845
2573
1302
2265
3770
1512
3597
888
431
715
8969
2853
802
763
742
1048
5513
2676
2604
793
2685
6052
1824
1705
1593
2475
2586
1124
10762
839
1367
1600
1063
6620
1288
1893
2335
8182
3284
2056
956
980
1183
2294
4142
2491
2508
769
1169
9673
1467
920
1996
1217
792
1576
1432
2081
6435
5810
601
1011
2765
1035
828
4309
1708
2650
1969
1211
4097
15532
1384
3314
2010
13840
1264
2356
14187
960
2639
1223
871
3194
1253
581
660
1177
16714
2108
2143
1465
1987
2077
1647
1526
1993
14667
6540
679
1960
9156
2175
4052
2336
10777
2132
1330
1412
1884
599
2720
908
1512
2021
1268
1319
978
1718
938
1678
1417
1833
15310
1400
2502
874
2536
1778
4892
1823
1581
1631
2958
626
2437
1969
9328
1091
1284
4617
1328
2476
1398
2776
10526
2178
5089
1724
1614
1432
2825
1265
1760
2286
1644
1715
1296
1963
12959
380
2930
11051
10853
1211
1600
572
1681
5079
3520
5740
18944
1307
6581
3275
16081
1898
1077
14022
12074
6267
1425
989
4132
897
1371
1833
769
1735
1095
2621
1728
3978
1287
3241
8113
1713
3235
3137
4219
632
11679
2460
1522
5270
988
2311
2618
2634
897
1648
4182
7013
1540
1826
1186
1368
1904
3027
890
1160
5639
1404
1861
5109
2518
2139
2600
9288
1905
1552
1308
1236
1292
2260
1833
542
20713
1038
11262
677
1451
1817
1659
1306
2758
7695
1295
3228
1898
1198
10126
2968
2800
1692
19233
2197
1278
1333
1939
6104
10066
1593
4023
6395
1014
1680
6513
4277
2953
855
11768
10533
3674
450
2305
1803
4805
3514
899
7376
1587
1969
1688
6761
2318
5302
1783
1693
1520
31253
2154
1387
2140
1621
1947
1334
2542
1147
1593
20837
8812
1427
2287
1156
2492
1938
1696
1742
2481
1775
2163
11534
4967
6483
1597
678
2786
2617
1605
1879
2853
3867
2697
1360
1194
699
1811
1824
1881
2722
8352
409
925
3846
1352
3115
1729
1682
1839
5993
1363
1002
1352
9706
1869
8194
1597
1047
5431
2342
1312
1477
1752
22277
2694
9369
7076
1869
612
2171
32982
1913
8040
1502
1065
9598
1039
11254
1547
1466
1101
1205
2103
2013
976
1783
1143
1841
12513
1269
1237
17563
10269
1545
8090
1770
4984
2475
1255
2858
473
3893
1829
1111
4448
1092
2487
1328
16300
950
8844
1629
2445
2653
876
1264
2879
675
2293
1186
10288
1235
2849
500
1955
3719
2220
2273
1617
661
4475
1764
10038
2569
4237
1708
1833
1336
2543
5456
2135
2462
1854
1000
2358
24143
1430
2417
773
1820
1782
1350
2250
4071
995
5323
2335
3200
1121
1450
3305
2113
910
6589
1613
3105
5173
4137
1768
2473
1926
18011
1566
870
6584
1555
860
1488
8904
1153
661
1063
768
1110
1814
1969
2433
1127
2780
7637
9862
1448
836
16864
1864
2626
708
13434
7509
3260
2018
24837
2743
1812
2395
1851
2076
8548
1354
879
894
679
7411
1974
632
1785
1779
1661
3101
2741
1309
1180
844
12509
1245
3246
2408
1717
2044
1681
2046
3244
856
22143
3219
1857
1872
3627
1451
2539
1221
609
1197
2549
9815
1068
853
3644
12625
2497
1910
1106
11524
6881
15073
12230
2318
7570
12488
19123
10831
1580
9118
1377
1929
1839
3546
3115
7764
2458
7836
706
17656
3520
982
2145
1047
1467
960
1363
725
1303
889
1412
1931
13077
5381
1664
1270
2215
2000
1145
2350
1005
1192
1220
2502
1004
1396
755
7505
799
1022
4328
573
2713
2302
3495
1896
2777
4435
4520
723
5659
486
474
2300
2104
3346
1413
2058
898
2893
2773
11778
2754
621
937
10920
3204
3839
635
834
3505
1005
1759
1044
1109
2547
1324
675
2488
909
1120
12660
2411
1559
3020
1983
918
2064
19140
945
676
3284
4909
1207
1492
1408
1111
1289
424
9110
2950
904
2976
2143
3972
8512
2221
2514
1810
1057
1170
640
1121
1283
3322
2226
768
511
888
2795
4943
1208
8771
14323
21380
2267
990
1634
1174
7685
1326
8041
31097
1184
955
1291
2122
965
1274
1211
1201
2261
2025
14027
2090
2290
3657
919
2324
2189
736
12148
1380
1385
3101
1932
794
1301
5361
1914
1765
5323
1263
528
1767
1709
454
5730
1425
3076
1930
4303
3433
3460
1702
1692
1967
2346
20008
1898
11499
2122
989
602
1959
2448
1108
1547
1756
4046
935
1811
1373
1001
2353
1928
840
2635
3160
3406
7668
993
2629
814
4093
536
1507
5257
903
4949
1276
2959
644
1823
1168
7668
6681
6946
3476
2375
2600
3382
1673
2559
9767
23472
2212
2071
2273
1550
1242
910
7634
2493
11455
1108
1753
3112
2912
777
4314
1111
2238
2297
8372
2100
2632
10126
2126
2360
1171
16966
1231
4710
1042
2823
1089
2526
1996
1305
1619
9890
1496
1465
803
1195
1094
1907
1497
942
21363
1436
5349
2181
974
29035
1133
2059
1495
2588
10809
2268
1978
5416
10989
1057
629
1773
1792
1912
2770
2252
997
12405
1121
8924
503
1674
2573
1369
1899
1501
4330
1159
1680
9478
6692
17933
11333
5885
1636
6908
908
2897
987
2236
2191
2498
1255
2470
669
1443
2388
2733
4545
1966
1603
25062
1494
1862
1473
1643
2318
687
1050
3666
2265
13551
12000
854
1759
1813
1851
4495
2590
1150
1619
2256
1022
1968
1223
7495
6020
625
601
2687
1227
1541
5179
1499
3058
932
1945
20765
1231
15736
873
1455
1668
566
867
839
715
1977
2623
1906
2008
1610
6641
1123
1118
984
19622
1243
1107
7532
2454
2727
1370
2452
1707
776
1376
1844
2423
1467
1006
770
1676
1325
545
3499
2371
2863
1500
936
2000
1949
1412
2397
879
1264
1578
1376
1680
2313
711
2008
2561
1409
2517
2144
4092
1890
995
1252
1045
1478
1680
1779
6364
2631
1860
1516
758
2139
1221
1764
2237
7676
14622
2347
3021
2014
1368
1894
1688
1206
2799
2255
2616
1580
2664
1515
1697
2486
4584
1975
3863
3703
2063
4287
1085
806
17246
1083
1292
5032
1673
1869
2339
14366
2353
1085
11439
2181
3528
2311
1280
2815
13346
12353
7180
1568
2596
464
886
3356
2845
3532
1691
1161
859
1228
1800
2290
1247
1420
2079
2905
5162
1545
3516
886
2262
2687
2518
2191
9710
5817
1557
913
2150
469
1746
2567
3913
709
2479
14867
681
2530
11264
923
2229
834
3094
4783
885
15260
1116
1888
1561
3909
1087
750
1390
21073
822
18707
637
9243
1289
15359
2724
1068
1995
1868
395
1327
4773
3844
2213
1570
2295
3223
1243
1156
531
2222
7024
2282
11490
2650
4927
1699
936
1630
5892
3134
601
2647
476
1200
939
10538
7791
1719
3847
1248
13827
1984
702
1134
1062
1967
1145
18913
1387
2135
1836
772
2264
4228
3337
1269
10004
1378
1792
1615
2275
2485
897
1062
1287
1436
3750
4047
1811
13195
3499
861
707
2536
1471
1578
1944
1666
2869
1652
8758
1085
5908
1062
5580
628
4923
8686
3397
1219
1040
617
1471
2329
1308
2198
1918
26272
2231
12123
4659
2916
1137
3361
1887
1427
966
711
2398
2908
2177
2369
832
2689
17501
996
11651
1183
3336
5869
4541
903
2552
4610
3236
11589
915
1746
933
1442
38232
1456
2758
6454
1242
2338
1968
1723
1870
1239
2253
22676
3493
2808
1592
2678
890
1849
1933
2046
2003
4883
17941
3091
3951
2859
650
7250
1446
1253
1742
391
1574
2927
2917
5619
2293
1666
2750
739
1186
1298
6738
5276
2114
1346
11817
1287
1083
2826
1410
559
2276
10175
1302
1337
1742
1839
1512
1379
1620
2596
1451
8688
12787
1038
1068
2909
1741
6260
2578
1397
1265
2014
1832
1936
1229
734
1034
2387
1565
1382
2035
857
2146
1065
6397
1218
2640
3287
801
2664
356
1919
649
2114
1577
8034
14252
8142
1509
793
930
2578
16820
1164
568
2215
2108
2273
1744
2947
4251
1850
836
2402
1464
1581
16226
9938
7186
2604
8116
896
661
26783
1465
977
1613
2492
6192
1524
1400
1367
1897
2248
1582
4426
1934
610
2272
567
1625
1668
1284
8428
1725
1632
3511
2302
2727
8229
1798
2143
1519
2023
764
12044
875
1597
1334
5963
1859
2279
1761
802
1444
1731
1147
2296
2257
1129
1445
1878
1475
1087
2192
2546
8926
13345
1733
1741
6311
756
2183
2409
1954
6887
1790
1621
3356
13320
2414
1650
2236
1329
8251
6456
2792
946
883
2247
2758
574
846
3199
17306
4539
1602
5925
4505
2131
2281
513
781
1928
10388
389
2857
3457
1232
8787
854
2344
2590
3059
10963
674
1760
13374
2587
1410
3257
4689
7712
1185
897
4500
9639
2580
2495
798
2004
31658
2862
2292
4129
3397
970
2997
14629
2917
1708
7836
1982
1238
594
1678
1904
1280
2469
2456
2295
1761
1944
1488
1756
1747
2924
2353
2665
1592
689
4057
4609
3342
5812
2695
5778
3428
1379
2102
1414
12426
566
3400
2305
2397
21166
2028
4706
1747
1534
4884
690
1360
1079
4691
2944
1031
17939
802
2183
1870
965
2163
2099
2261
3282
1980
1785
572
13631
14588
13975
1173
1617
2349
2191
1163
2429
6088
1210
26994
1050
2205
1450
2336
1236
2321
2460
11916
1346
811
19478
2199
1635
2077
1554
4427
4677
878
528
1208
1593
2016
1696
3449
2266
9809
1373
1618
583
766
16918
1139
4677
1422
4885
2783
37038
1013
2243
1026
2360
1280
1056
2099
2035
1722
6735
1980
1897
781
5422
7477
2649
13528
2655
1127
2313
1007
7415
1617
921
1818
1282
1247
2438
11826
782
7896
1251
1636
3159
877
581
1783
453
2311
1084
1275
1825
1565
1770
3146
1133
1884
1317
8358
1317
10854
1739
1186
2312
1501
842
2378
1629
1480
1744
2769
2898
1641
575
2960
2895
1124
1246
2685
5486
3275
6651
1731
933
409
3131
3227
1633
576
1869
2841
2053
3517
715
811
2169
1373
2116
2811
5414
986
2168
1382
2188
3054
1374
549
2602
8036
12199
1413
2749
2240
3589
1218
463
2592
1043
2597
997
1297
1608
3194
2733
2857
2234
1213
14685
1501
1073
877
985
908
4512
2215
1922
5570
10952
2304
952
749
885
1244
2063
18118
523
3484
1590
1426
1617
2518
1825
1868
2621
6720
2803
1747
1710
1771
1075
728
5333
1284
720
1219
1721
1811
1940
2552
3037
3520
2114
3615
1520
2919
10507
1128
6260
2054
1016
1716
1706
4857
2155
2609
996
3835
2247
9662
1222
1118
1407
1967
2060
2539
662
2357
2439
1258
1296
1105
2412
1433
2268
2916
13521
9864
3322
661
666
11471
1179
1747
1043
11345
1600
1112
2197
11565
11868
5401
2695
12239
1682
2135
2776
1921
1198
8229
1802
1150
2650
1553
1008
1672
1659
1777
20401
644
2203
1018
730
3274
1427
1338
3499
1696
2683
21716
541
1056
1377
902
1795
2756
875
2776
2066
1270
1126
9353
1080
353
1959
1936
3494
1426
1475
1271
1443
1524
3811
3345
1708
1594
5770
1355
789
2177
1426
2114
548
746
1663
2689
1362
1638
3296
704
1522
1278
2455
3978
1377
24630
5317
1508
2684
8913
6946
1768
719
705
703
3468
2124
1351
923
2698
1409
1142
697
952
1196
1174
1558
814
3014
642
1474
3055
1266
4848
15942
1319
1553
2061
2161
5765
4260
3474
3292
848
8739
1426
1106
9067
710
1973
688
2619
529
11738
1848
1345
1270
2938
1047
759
1339
662
1860
1096
1071
3489
2057
1739
1229
1852
7736
2693
4881
462
1998
1776
1467
1995
1312
1271
2407
3416
805
1731
1228
2938
3924
1142
1595
4880
1102
2569
914
2470
2359
25701
2177
775
4602
838
8044
2088
645
1682
5258
1476
1472
666
1392
713
4684
1654
794
1975
720
983
1993
2598
1122
2218
1826
517
3043
2783
3307
1164
1538
14470
1720
2282
2201
3304
825
2650
1698
3488
1855
1896
1533
2065
12440
4926
3288
1846
1450
7739
5402
879
3424
1486
6940
2864
2080
10362
4638
1987
1526
1557
844
3163
2381
1695
1834
3059
1160
9216
3385
3465
1286
1358
22908
2807
10169
1746
2167
1521
3074
644
2311
3515
1563
3324
2003
1456
1695
1519
7874
1877
1609
1878
786
28935
4389
8731
595
1665
1757
1060
7632
2941
1038
8420
1618
1884
20090
881
2288
1798
5214
1760
780
1691
1980
12821
560
1845
1719
1702
1502
802
2084
1133
1315
696
2167
8950
1236
1105
2474
2476
1882
668
2054
1111
2428
1952
1846
636
1943
2938
1224
658
2496
881
1858
2506
502
1141
2728
1542
6033
3956
792
13094
2816
4481
2503
5529
1758
1704
2298
1338
4675
3374
2520
1220
1462
2530
1636
1414
1560
7018
3101
2546
2145
1447
2589
2339
15007
2579
2725
2527
1902
1929
1936
2529
894
2550
1678
1343
6421
14143
17488
2403
2070
1383
9127
1627
2271
2222
3872
3304
1538
1234
1862
7467
1969
1450
1345
1660
1549
20990
1158
1248
1463
1335
810
803
2076
1753
1337
12643
2942
4005
1849
2471
449
1824
1325
1426
2259
760
14466
1820
1624
3505
1971
892
2331
1804
2068
4492
1254
4127
13878
2401
707
3556
3787
12363
1781
6295
4246
1206
1139
3112
1819
2573
1987
799
2544
1793
3790
2065
997
1711
1476
536
1003
2879
6596
2153
2465
1230
759
1028
1114
1843
1735
684
1721
4375
3111
4208
2364
4651
6927
1317
1307
6080
1151
1774
6053
844
996
13918
1246
1894
1213
1325
4106
945
1702
2279
4388
17130
4866
1991
2167
2020
2010
581
777
897
2671
10536
21207
3885
2001
2191
6331
2022
948
1078
846
2538
2018
1653
1205
2066
9348
4479
990
2262
1781
861
622
2419
1268
1744
2963
976
9817
1503
910
6715
2219
22510
703
3807
14585
3174
1645
1195
2775
2662
1756
18542
2194
1978
2190
8214
1520
1389
7731
5796
1538
2573
2269
1669
2673
657
1970
2046
1553
3065
1570
7267
2131
2817
2022
1588
2522
2115
609
3176
5264
1561
1458
2482
1254
1562
9409
2172
755
1773
2669
2657
1644
16496
5610
967
840
13760
2590
1250
5427
6983
960
1034
589
1668
3247
5908
2542
1189
1650
2160
8463
1654
1993
3847
5562
1973
2014
2702
2017
2074
2015
1817
16619
2831
1253
1171
2240
7977
1872
2336
1990
2977
1902
1176
724
4329
870
1091
599
1264
1296
8621
1652
739
3035
1654
1117
1816
1224
5310
1475
3571
606
765
14241
1894
579
3304
3707
2588
2651
6068
2616
1564
2654
1456
3161
774
2184
2115
31729
10715
980
1123
3911
1876
1335
2930
1310
849
2389
5326
1910
2614
614
4755
5720
21864
842
19395
2359
916
1357
5505
2653
1501
3585
1365
6313
718
6296
1415
1830
1341
985
10310
2627
1288
2267
2208
1999
1195
14454
15151
1304
1695
2381
559
2727
4170
1708
2768
1737
4631
1761
4837
2704
23310
5366
1476
809
1822
339
2050
1399
11839
1180
855
4427
1209
2099
995
1294
3802
9410
1374
1462
6008
1004
787
2223
1903
2769
4528
781
9124
1941
959
2472
407
1694
1796
26900
3758
2052
1239
1700
4773
1281
1347
2914
2153
4637
877
1443
1599
2557
2640
2336
2077
1354
843
3175
1696
693
6105
6148
936
11730
796
9224
2739
722
2433
1805
1137
2548
6924
5232
998
1122
1214
2316
1331
3949
1422
11882
1081
1275
2407
2863
3102
880
5096
1783
1213
1228
1947
1715
2154
3029
3293
1274
1209
1251
861
722
1581
1615
9283
1716
2488
3492
1229
4130
1194
4308
1465
1765
2365
2467
1170
2657
1948
1017
1408
838
3209
2044
1351
1283
1575
1328
864
3656
1562
1245
2464
1599
2603
918
2951
2648
2448
12261
2900
2220
8289
1670
2184
2584
1338
525
3348
1859
1251
1927
9477
2097
2008
1727
1423
1851
18582
1434
3488
3171
1178
3973
876
2373
890
734
3304
1637
2197
542
2179
2846
380
1172
1533
2337
1216
10523
2654
10376
1909
2079
1096
2019
829
2366
5317
12296
1411
3836
1920
6762
3246
2786
1167
2975
2570
3247
1377
2311
7883
2680
1605
698
9322
1446
1605
2390
1139
1727
1510
1287
1532
5754
3512
402
996
1347
871
586
869
912
975
2011
4796
4305
2344
16859
18209
986
1988
1328
2578
4948
9614
2775
1317
23959
6303
1012
12148
1141
1061
3032
7346
2418
1430
6595
2015
22511
1633
4441
1546
1644
2176
2512
5062
2173
2750
1494
1280
6901
5932
6372
5756
1241
1683
967
3570
2015
584
2117
3729
979
1022
35968
5791
2067
638
1698
932
1069
3292
1994
4711
493
1766
1152
1313
10585
1651
1070
1296
16808
1685
2591
1595
2315
2403
10338
7502
1607
824
1020
1845
1310
4862
4833
614
1814
540
4270
2094
1146
737
1025
1644
585
2132
1668
985
2283
3662
18318
1459
2412
1063
7275
2984
634
1649
1914
1977
1508
1780
2146
12873
1816
1647
17546
2530
2216
2143
833
3584
960
8311
1735
755
2161
1166
1086
1733
1683
13168
15877
8292
2300
683
1584
2573
1111
9179
1651
4809
1331
1720
907
1598
2603
4560
2521
3339
632
2396
1224
23534
664
1813
1719
1408
5339
1058
1595
7920
2845
1533
1018
1121
2620
5811
1326
897
1785
596
662
801
1801
5279
3648
1127
2659
596
1669
6296
1701
1233
1060
1944
1183
2729
2045
2105
1382
1134
9537
10972
2173
934
1633
4311
1038
1834
3066
2941
1684
1886
1503
1606
970
11204
2830
7297
3157
1044
1573
4339
1836
716
771
12409
2319
1157
2616
1187
1766
1556
2025
829
2602
2393
2207
2074
1770
1133
1830
1423
19948
1357
1003
2683
2082
2503
14976
1811
11048
1376
5949
3373
2699
1396
2753
25046
13145
15050
3465
2011
2966
1311
1705
1282
2293
4322
1338
932
1378
5568
2245
1075
1828
13714
5002
6094
1138
1005
635
2156
814
3342
6911
2898
2622
2058
1378
1300
1160
1895
1925
2260
737
682
1446
991
747
683
6191
2073
2377
735
1726
838
790
1253
2120
1399
2046
803
1374
2733
1363
2577
1485
5950
1128
2978
1511
2235
1397
1285
1400
1745
2029
8745
1065
6045
7939
2296
1365
12822
2647
1887
3422
11485
868
3239
2875
1434
2910
2512
2355
554
1028
1099
3601
12139
420
6552
1007
6583
1019
882
2850
1925
810
1492
1156
2588
7316
2203
916
841
2699
3198
2614
1699
486
822
1620
1929
2611
778
1977
1871
2005
12973
1051
995
985
515
3536
1556
3574
2824
2520
10846
2367
7181
1831
1498
926
3141
583
813
1423
3332
2764
587
929
1811
1405
11665
734
2116
2387
1295
2852
5204
875
825
1523
6389
1823
15942
1480
2213
3425
540
1568
915
2902
11311
2591
8951
2137
1392
2956
1135
1133
4132
1067
1131
1072
12038
1086
2608
2100
650
3297
624
6866
484
1855
2464
6904
1095
1445
1923
1254
1159
2899
879
5807
1358
27511
1652
1779
6775
3647
4683
3341
1294
21898
1801
2221
1115
2594
2133
9150
4466
5216
1697
4344
4255
1112
1740
2041
1802
1935
11087
3996
1998
1740
711
993
22097
1115
1647
783
1856
954
1127
771
1864
2167
1364
372
2163
2579
3155
3174
2549
21849
1553
1437
3412
12582
714
2077
1136
1879
4994
2656
9797
1793
17221
14896
1593
2359
939
9988
807
11011
1138
3818
27030
5490
3604
20067
1548
1670
3772
9590
1189
2420
1598
2458
2565
9674
3812
681
1710
1510
2514
3369
2558
1848
2568
1254
8467
2414
1525
1816
1767
2331
1138
1962
1098
2297
2082
593
2225
813
1920
1942
3154
2212
1940
1510
459
3006
2910
2794
7188
775
1141
2160
1424
1683
995
1244
10763
1316
1151
2394
1564
1630
1652
3077
1191
6569
2048
2147
2001
948
11715
2766
5084
2864
7896
2138
861
12828
3177
5843
2194
572
1662
7066
4104
932
11455
1833
1694
1322
18243
1171
11125
1857
3447
11493
1857
1339
1773
3649
2621
580
1868
1398
1872
2353
480
802
11108
1264
2484
1140
1162
1515
717
2572
5061
3081
2929
14936
1666
1585
3364
1477
488
655
704
3904
681
714
2157
2609
8583
2259
1311
730
1895
1638
1488
2220
2028
1661
2715
8810
817
1525
8454
3139
883
1860
2668
17501
1818
1143
3138
1205
1559
3160
5292
1554
1553
2784
1068
1693
1082
1354
3091
2861
630
673
1201
3424
2361
14234
3067
1087
9524
12098
1733
2642
32957
2193
1424
1633
1002
1372
3191
2000
2714
1964
2259
2401
14241
1087
1353
8006
2800
1896
3547
1282
9606
1131
22910
1561
2222
1682
2177
1829
719
810
1429
2006
1057
2114
3852
962
1412
5703
3167
1663
906
1595
2735
1080
778
372
1074
1404
1419
824
7243
1254
1778
1658
1801
1604
1411
2569
8975
1045
1352
2747
1355
975
1003
2422
1924
1714
2282
17850
2081
844
1045
5555
984
1683
908
1874
8941
2463
13156
555
2364
1388
5978
1197
1146
10341
2375
825
2596
10682
2689
10000
6676
2186
825
3456
8693
4825
1639
2010
7359
554
6944
13979
19873
2000
4835
2090
5728
2358
494
730
2094
6221
1972
1656
1925
909
2701
9767
3094
905
1952
8831
856
1551
546
2805
2701
2288
1906
1441
1801
4316
2305
2639
5391
19719
1815
1819
1844
1069
1719
1172
11965
33278
1115
1215
2360
2055
4704
4194
2021
4043
2828
1496
1408
2202
2338
17027
2783
3163
14215
2042
975
3606
7500
3188
1938
3538
796
2151
1453
750
836
9621
2481
1662
780
1279
4947
1464
16834
2502
888
2738
1314
16013
6722
567
9316
1984
1634
2781
519
1933
2344
1629
1762
11727
4135
7265
2013
1484
2045
1674
6809
1746
936
1101
6563
3365
22278
689
1768
1637
1586
2414
2451
1756
2783
8019
2924
717
6476
2439
1591
3509
1900
1070
2468
2118
1164
3111
1706
1706
1609
2411
9845
7955
2747
832
5283
642
2164
3439
1644
1014
19612
1792
3070
7245
1358
5856
1338
1480
1528
2428
1723
7393
904
971
2387
4090
1781
2253
808
1960
1967
8230
2199
1556
1654
1271
2231
2829
1657
1725
22324
7077
1154
15813
1324
913
1403
10408
2186
947
1895
8010
988
1626
1456
4660
1273
15574
2394
6417
949
1142
630
898
1908
1659
9162
6238
489
2924
2965
1665
6637
1573
1073
1304
1313
2262
2145
1478
729
2024
785
1618
5118
3157
2080
2110
9656
770
5577
1882
1759
5938
1527
3783
1523
1527
9303
739
5877
2078
1943
1296
2036
4201
3335
1422
752
790
2287
3187
975
19531
1579
3443
982
2290
1682
1725
2158
2174
1932
776
6277
1155
498
7421
3427
1335
13397
1220
12213
1279
14439
2296
2218
892
538
11540
5494
2438
1623
1251
2240
12198
5827
10390
865
8688
13199
16741
1947
2271
2675
2365
2348
1186
5709
1880
1340
1195
1328
2827
1975
7151
13350
2287
2002
2711
2531
2168
1583
734
1756
2129
1303
1518
11770
1316
1127
1312
4395
1276
1477
907
2530
1345
764
2402
1196
484
10175
1649
1325
2282
663
1657
1174
614
1477
1272
33107
4071
6467
2190
2113
1686
2328
2854
1690
731
1086
1407
6505
2583
906
5871
718
2770
2359
1720
10152
1708
2214
3876
7490
2132
512
1752
2114
1060
3311
2750
1086
25260
3276
3090
1473
1645
2382
13301
6279
854
2428
564
3388
2024
8696
11198
2146
1289
1778
2402
1316
1978
3086
1515
3859
4090
2998
1949
1394
4599
605
2600
1363
1365
5686
6453
2336
26315
1490
528
8253
1634
997
1542
3398
1237
592
5248
1504
1517
1922
3553
17078
11905
1810
2452
1316
1724
3032
5111
22686
2028
3091
1460
694
1695
2452
2146
4052
6609
2863
6831
6519
2457
839
12359
4034
13264
1744
12105
2646
9168
1660
3852
2155
1528
2777
2987
3085
486
741
3180
1953
8191
1249
2038
1867
3133
1271
1076
1729
593
5650
2035
1003
1672
662
1392
2810
2121
850
1097
2121
2680
1403
880
1712
965
2581
1185
767
1927
5582
5370
1430
895
4282
1089
2473
17680
2197
4057
1772
2690
1470
1203
759
1602
6395
991
18296
3251
2816
9937
3009
1254
2614
957
1144
2921
3718
1186
4154
3725
1122
5657
5572
2278
1003
1986
1911
2525
1431
2459
4687
2442
1091
2751
2608
1906
1871
798
22087
2880
2014
843
2153
1226
1671
1010
1971
1390
1004
1604
3086
2377
2960
2070
808
1764
2459
2017
1081
8954
2085
2493
2232
2005
6748
1241
645
1433
1373
1037
1147
1326
974
1397
694
2115
2153
2836
2104
2313
2216
2779
1823
2195
1096
2655
1217
1440
3468
1541
2748
2215
1981
1489
1089
4718
3883
13172
2491
3002
3953
1062
2046
602
1059
3401
782
2500
753
2166
2637
1953
3306
16038
458
1193
843
2530
2548
15620
5769
1595
1070
5771
1681
1923
5723
3072
2090
771
4014
1372
7854
2600
2265
1272
19852
1674
2755
1942
2635
2735
1510
1394
2851
1086
1697
2320
764
1055
1110
3270
1746
2301
4557
748
2250
1449
1932
13496
1888
1798
5842
2918
610
1739
1800
1409
1016
2340
2391
850
9339
1857
573
1998
2071
1111
1844
1664
1697
2542
2029
2027
529
2782
795
878
2052
1820
1219
1934
11096
1481
5727
590
6623
2227
7485
1375
2573
5286
839
1505
622
6227
2547
403
1758
27872
1080
1844
2258
7138
1501
4245
4882
2345
1311
2822
1191
2516
765
7273
1281
1893
2322
7306
2019
1456
5045
885
7500
891
2605
1349
2627
1060
1138
7438
3145
1819
3289
2060
1084
2087
9877
1407
3896
5352
5224
1946
1640
1789
5746
1377
1592
3844
679
1165
2498
1930
1245
2295
2478
2803
1535
2669
1436
17091
1338
6562
877
1104
16765
1255
2042
3917
14572
1209
1506
11681
3118
678
1452
2815
1187
6323
6057
3995
1575
533
2498
1949
1412
3424
3154
1878
9019
2282
1023
1525
8585
1760
1941
794
1683
2102
1630
2177
1653
1353
1171
1322
5536
1336
2023
7899
2799
380
6153
1445
2268
2739
6338
4020
2161
764
999
4544
13186
2639
1899
1796
1465
1275
2605
1525
1587
1640
6683
1539
9039
2232
1149
2416
2202
2536
1053
2817
1074
807
1634
439
16458
3636
2940
1255
1073
2710
8229
2027
2425
2340
3312
2246
3607
2323
1290
450
3096
598
1309
1592
2935
2933
1506
4103
5152
832
2831
1619
2601
1489
2206
2183
11829
2383
758
1586
1357
1269
3122
1296
3286
6270
2376
5982
1026
9660
9250
2600
1702
2217
13813
2557
2808
16897
6439
754
2337
870
1131
2313
2881
11257
3862
1090
1273
9462
1816
1643
723
1188
17050
930
1324
9829
2070
1775
21756
1005
1209
1044
3831
1920
2416
1322
809
1549
461
2132
4406
1627
1452
4487
9017
1852
2822
1120
2034
1664
1350
1552
8421
1711
1218
5547
967
698
902
10622
1138
9860
9569
3273
2680
1312
13721
4402
7016
3414
963
13085
1856
1981
1492
1455
3840
2083
3181
658
995
2571
2403
2270
1212
2926
18309
1316
1211
576
1866
2058
1526
2195
3994
589
1778
1472
2031
2555
1680
3604
8299
2306
1438
1931
4751
2118
1861
18500
1400
1867
1651
1792
9656
1595
2571
1452
1258
5019
2640
1425
1861
1434
919
40409
1071
3636
2478
3174
917
2172
1558
1978
2179
2131
2511
3421
1296
2835
666
1980
1303
8116
1678
7711
987
1873
1400
5607
671
2100
877
21391
6765
1283
744
2720
771
30110
915
1436
1011
7877
4259
1174
456
1768
2410
884
3632
1089
1533
8280
1688
1014
9415
585
1673
2523
477
2259
864
1265
1444
1138
780
2932
2817
1513
2454
590
11878
1993
1838
2937
2026
1510
3371
2114
13777
2720
1303
1197
1169
703
1678
2644
2659
5945
781
872
2328
3168
637
2877
8283
2032
1387
1435
16082
6426
2243
3605
2291
1230
1617
1717
3399
2686
5475
1259
4055
2195
1272
1799
758
1457
2865
760
775
1557
2026
3210
1060
2026
2041
24214
1077
22995
2174
7236
1157
3114
1644
6483
944
3235
710
2301
2204
8448
1649
4743
3882
1040
3020
1921
2118
756
1724
1374
1319
1225
1172
1780
11247
1280
1933
1333
570
449
1393
4018
1473
3867
7567
1464
1208
726
2956
4904
2532
1035
4067
3841
14583
1630
11776
3757
2274
2026
3035
1297
12774
2706
1371
2582
1967
3094
977
2658
1349
2492
887
968
1857
12597
1647
575
1989
1129
3802
447
1495
962
7893
1404
2173
687
1266
357
5081
1608
497
2593
1662
5623
1884
747
3027
1340
1823
1706
1127
1730
1890
1755
2026
2388
2415
1792
4292
902
1371
2079
1937
1865
1768
802
3504
1407
988
1419
1727
2630
1438
888
855
2186
27445
585
1990
1905
1418
886
701
688
6830
1634
12208
3585
671
2432
1436
877
1624
6946
1475
1302
915
588
1226
2152
710
2112
1080
799
2219
956
1849
1526
1638
3152
2273
897
1676
3963
5224
766
1995
7328
15711
2387
2694
1251
1347
1847
2390
1453
1519
4386
1788
1772
2478
1539
1231
6747
9826
2102
1357
2987
11123
9807
15942
1969
12054
1803
1824
2176
480
7878
1068
1176
1267
2338
1666
3596
2248
1655
1133
5249
814
1243
518
538
1180
944
1792
12268
1033
1874
699
5076
3159
6686
3574
3730
1374
13402
855
1957
1613
446
3397
3429
3061
2714
1636
7894
1861
11705
2459
1625
1342
1643
2283
2533
1394
1849
746
1651
3024
863
3071
2269
1719
4477
8444
1274
1290
1207
743
2017
2089
2220
1507
1569
1070
1202
2039
1412
1931
1873
9104
1402
10844
1626
1894
1428
2549
691
2029
1812
2303
1690
641
15418
13360
647
3148
1263
3473
1834
2868
1562
5038
3700
1310
2147
1002
1961
1565
1741
3301
515
2754
1919
972
3473
12280
1504
2309
1628
2565
1079
2160
2436
1282
759
1422
1810
1715
891
2088
832
1601
1576
3790
1250
9934
1763
5844
34264
1371
4457
1145
9635
2267
1921
1694
1556
2098
1007
1677
2123
3228
2655
1375
3072
2715
1960
1592
2311
3561
2365
23852
2182
6045
745
966
2140
692
2390
2340
2667
1035
1787
2578
2483
2533
2507
1232
1299
5837
837
4100
9246
1569
5941
775
2169
2911
7060
1562
1323
6314
1302
3344
2619
10425
1409
1340
1377
1482
1598
1346
851
1486
1834
2148
2664
4316
1557
1327
9075
827
851
1426
1923
2648
898
1238
4975
3750
9239
2705
2217
18877
1652
13673
7341
903
2731
986
1257
1089
3466
1135
3204
5688
1551
2220
1635
587
23687
1850
1845
2230
29805
2307
2041
2608
1113
1091
7629
3052
2318
2214
1013
928
1462
15696
542
3873
623
1936
4289
1275
4879
4218
1029
1266
2525
15573
2744
1500
2381
1590
2051
1829
2176
1165
2205
2680
31506
1867
2393
2493
2245
472
6848
739
2596
2167
3417
1529
2894
2041
735
1759
1174
2046
1499
1627
2159
3127
1745
2670
3032
1098
2779
1588
2334
1936
1186
1969
2002
765
965
2861
10563
776
1619
795
868
2732
1042
2576
2528
2807
1687
882
789
737
1493
1243
579
7033
1802
2945
1483
1505
1998
621
652
4021
1180
2260
1876
1448
1383
1146
768
1717
6905
1017
1422
1858
2145
1212
1285
1248
1814
2969
2428
749
9812
1107
10923
6193
1094
1866
3484
2259
2383
2122
1086
1203
8650
1338
1366
5231
1302
997
4646
9260
6868
2149
1851
1565
3854
2070
2418
2255
3539
2010
2097
6156
2443
445
1876
1195
2355
13125
1037
1723
1723
7906
2384
2392
5436
2617
1219
828
2576
6064
2736
7262
983
1059
1275
8281
2382
2982
1616
1169
3269
8820
5195
2379
1091
1063
550
1838
2594
962
1688
1648
2360
2058
1738
6764
1133
2236
1864
2006
2497
2297
792
2446
1528
1327
1324
8522
1655
1740
876
1263
1787
976
9936
3516
2056
19180
1665
1965
2038
1975
1111
616
1781
3392
1869
1443
4337
5059
1499
2413
1190
1716
664
1680
3943
11654
1670
636
6666
2494
1383
15868
1363
2859
2081
10036
2017
2116
1349
8676
1749
1713
1959
2239
2531
1137
4652
1347
1441
1064
987
3853
1122
3320
2021
1599
1287
2526
1440
1616
1781
1897
822
1688
2792
7626
1815
3237
1682
1968
2201
1241
1613
28088
918
973
851
2137
7190
8835
1312
2127
42348
3253
790
1632
1467
5221
2325
1338
602
1515
20574
6421
579
3676
885
2033
1317
1587
4031
1957
6575
2491
8627
1253
2758
1496
1761
1928
2805
21702
9245
2498
880
3066
2768
1337
3342
2022
2912
1709
982
1589
12446
1550
932
2654
949
4019
1389
2528
2928
604
1100
2238
9479
22306
3533
2436
32250
889
1158
877
4290
1842
2259
2870
2158
982
1620
2771
1505
712
2921
433
1595
1989
791
781
1685
883
1786
2120
2054
1887
17970
1106
1170
1111
482
8696
3177
1382
2098
15048
7596
1754
9761
5470
3543
1886
2630
1431
3197
1842
3233
1929
1212
2206
724
1762
9537
1382
1271
619
1072
7345
2259
859
2640
774
720
1233
12719
1995
2641
2185
4922
2167
820
4776
1497
12566
3400
2243
1202
1864
1966
5249
734
2050
7185
3252
10892
2257
2984
799
2874
1795
8708
3533
2114
2829
2399
2830
1637
1246
852
2160
3624
32593
1618
2517
842
1810
4576
1114
824
10000
2282
826
19785
3667
1408
3937
2181
3024
4065
1717
2341
1887
571
2865
21143
2143
1261
4506
2443
3317
1541
1414
2501
1837
1648
1116
1352
1963
1702
1599
616
3152
4013
2970
3701
1183
3896
5073
1320
2843
11293
1989
1883
2813
1829
1766
2690
699
508
2231
1675
826
2416
1873
4512
1944
1077
10588
675
1490
2263
507
2255
2449
1002
2538
1396
1502
2599
1402
4261
8135
920
2978
2508
3853
1264
5606
2505
679
2510
9112
3644
8766
5778
1935
2064
1348
13007
7793
727
3129
29816
1468
2962
1306
2813
19846
2664
1081
1791
1027
1209
2621
17549
8625
1718
2921
1939
1928
487
912
3449
2644
1375
1843
1050
1063
1777
1404
2227
1485
3421
11106
1494
2854
2003
2197
925
6081
750
3760
3700
1941
1279
2606
6446
1216
1023
1823
913
1016
753
18340
977
2135
935
7409
1389
1109
1082
9344
14823
1004
2382
2277
1933
12923
1165
3062
524
2518
2750
1541
2158
16272
3764
1015
1657
2377
2592
1647
1453
1792
5443
1780
1442
19012
935
10537
3427
1509
1153
765
14967
3038
2433
2274
7130
1229
7919
6276
1787
609
674
999
2362
20812
1933
2282
961
1276
1717
20122
1518
1751
2856
1147
2687
4417
2568
1754
863
7504
562
604
2028
888
2127
925
1965
1989
3291
1669
2416
5024
2006
732
8886
719
859
1499
1445
3261
1318
1576
2163
2487
1604
5105
763
7712
1044
1842
8403
7980
2889
1376
3276
1350
9822
1123
2351
2792
2091
706
3037
1344
9901
1282
1542
9495
2674
1859
7352
1493
1749
1958
1694
14549
1683
2662
2271
1522
2210
1609
2655
4796
2327
1855
1270
1318
2416
6682
5382
1048
1248
1152
689
2167
1553
1005
13996
3213
982
2516
5131
732
922
8094
2786
2761
11121
3247
720
5861
12743
2317
11129
3637
2425
1261
1770
6631
7762
2556
4549
581
2328
1019
7887
881
596
1869
2722
2232
2721
1129
2350
1572
2186
2045
2476
1288
1709
2929
1927
926
396
1085
729
3658
1300
1357
8336
1243
1397
3312
3508
2483
2861
1574
1101
14026
9507
3297
1391
7661
12818
2402
2481
24489
9539
2306
1420
609
1838
3402
3619
605
2037
3057
5245
7006
6086
2273
1205
1478
1114
6729
1708
2295
3157
1363
736
1140
1835
2071
7569
21251
1717
673
1879
12519
2092
1336
4630
2659
2537
3024
642
2363
1542
4056
1928
1475
1841
973
2216
11185
2566
20334
11758
5633
6239
6407
3018
2131
13714
3140
943
4410
1835
1989
827
4863
3020
1872
1003
1333
1950
1274
2914
6648
1032
2248
1231
2252
1859
2330
2711
1578
1392
2483
1012
8675
433
1536
816
2164
956
1106
2095
636
19785
1525
2169
2525
8884
2331
1997
1755
2917
2655
1316
2856
578
1668
2366
1096
1826
2877
2834
13205
3261
832
1692
985
5294
3039
8555
3286
5004
1822
3395
3522
10809
1376
1829
1561
628
1953
937
1940
774
1451
6272
1170
1132
3498
2938
2117
529
574
2321
2424
11238
1759
983
1422
7784
2603
4017
2735
8039
38008
1617
1203
