948
5670
6715
2707
832
1487
1919
8412
689
11005
8459
1289
1606
1047
1978
8431
5703
978
3226
1761
11439
956
5586
2162
1408
1563
1090
2944
1302
1628
1851
747
1902
2358
3376
2404
2982
8580
1540
2908
980
1836
2736
1602
1633
835
4869
1722
1987
2295
14184
14148
1565
2101
2477
5975
3967
1910
6121
594
5385
3322
1344
1390
1390
2599
21755
2061
1853
1034
1856
2502
908
1132
1579
1921
2329
2813
880
3512
1014
5610
2129
2023
1939
1523
2056
1170
1019
2627
3323
2332
2928
2056
1342
618
8462
2398
1660
1417
1813
2398
1561
3004
1846
540
3295
2821
948
1666
2451
2988
1952
1397
21978
604
676
2023
1315
2700
1430
1555
1770
2946
3084
1655
2473
1412
1386
3602
7505
2688
1800
2609
697
1049
490
1988
9127
8378
4076
7218
2794
537
1717
1601
2511
5414
3110
2341
557
2309
5242
2392
774
1017
2386
8045
1366
1047
914
1044
761
1579
3152
1929
2227
17922
1225
906
1531
2310
1106
1682
3753
2078
5200
2831
1555
2143
2506
555
1639
10416
1024
1303
1044
1497
1346
3055
1374
2191
4378
1392
2623
1457
891
9992
808
1944
1726
27182
1836
1837
666
1377
2887
1825
932
2737
1938
2092
13657
4305
1777
2302
3002
2143
1953
630
1929
4783
728
7766
1649
2057
554
2637
2686
761
2015
977
3078
1616
2456
5237
4019
2375
1419
3979
2238
1038
2403
2191
2758
1533
533
761
2163
2392
2213
2309
1855
2882
1578
1401
1797
4125
611
3422
1018
2655
750
955
1116
10673
2913
1664
1370
4714
3239
2252
3206
5661
811
2453
1922
6892
1063
585
1223
3058
2132
843
1015
3262
32867
1095
1111
5243
2600
1405
3206
1430
8027
2261
1778
1063
1213
2257
2399
24703
898
1522
17316
6393
2076
7536
1377
2220
8243
1453
1281
1146
2092
1545
701
582
1009
1479
1229
1523
1667
6448
2553
2424
5099
2128
902
1174
1471
1198
2529
823
2096
2021
1340
1286
1868
1800
10441
1959
1086
2693
1204
9818
1640
887
8135
752
1392
1410
2379
2720
921
1083
603
4307
4521
7374
10667
2915
2089
6505
1320
1940
1790
790
1391
1678
1495
4017
7581
759
1372
496
1415
3826
1287
1414
1428
983
4608
1313
1218
2447
1813
1752
1834
936
779
2819
1043
829
1545
2079
1747
923
1630
1406
1777
14922
634
1352
1722
3553
10528
2699
1341
2327
1063
4774
626
2034
1964
2045
4486
1086
3432
1437
1191
3316
2169
1078
3035
1287
2685
7387
1688
1458
2483
1596
1539
6425
1299
3116
1165
3343
5641
2995
839
1608
729
1309
1591
2566
1813
1353
2675
1930
2207
8629
1994
1060
918
4397
1820
2068
1941
992
1546
1735
2129
2419
2476
1721
4664
2059
7203
1066
2181
4841
3102
742
2969
3823
4110
989
1547
2205
2052
1207
16569
1588
1702
8479
2922
1903
671
970
11985
1485
2709
1232
1399
1342
6017
4261
1417
1371
1831
1916
1209
1013
577
1168
11333
948
1726
3545
7638
1062
1862
2563
2155
2869
886
712
4056
1237
4415
4090
6181
1514
6337
4176
622
9407
882
3545
3073
2418
2843
9139
607
1598
6997
932
1285
811
13277
997
1302
2888
1920
2562
1633
1557
775
1160
4015
492
1771
2444
2390
1663
1639
2714
3405
2586
838
2398
1437
887
1827
2787
544
15810
4352
2638
1222
3119
1376
1163
2344
2602
2840
17126
6454
1842
904
2003
1445
1661
9447
663
2701
2095
2409
1081
2531
3327
1732
3052
2284
1391
3088
2850
2276
641
2404
9431
2430
2473
1209
1264
8632
1433
2055
1784
753
773
484
969
17656
1471
2456
3707
3060
2108
794
2138
1581
1118
1353
2419
3059
1624
1466
2077
1128
1284
1671
3382
848
2981
2423
1677
2252
4780
1252
2068
775
1151
1262
2386
2029
1460
5397
3870
1684
811
998
1033
1682
678
1087
13269
10930
1611
1559
1069
2209
2114
3234
18639
1692
3434
2297
1474
1422
1299
1219
1185
813
1785
990
2300
3442
3131
2255
1919
2989
2105
2377
1307
1253
5899
970
906
6181
837
1627
1661
1131
713
2293
2241
723
1952
9010
1763
2284
5047
1991
2724
2308
3212
2050
3477
1541
2868
2669
2337
1364
1457
2488
5244
1928
1055
1445
689
968
527
6831
1875
757
5804
1324
825
8358
1036
1735
1900
1829
1681
1584
2448
888
539
893
1198
3523
1120
9937
1359
3760
4383
944
684
1536
2588
2332
881
4953
2224
758
1485
1239
1127
1701
724
619
3903
11599
898
3200
653
1520
2014
8425
1697
2665
4896
1943
2477
7846
3926
1618
953
1935
11903
1996
998
3609
2384
1098
2474
557
1853
7811
1393
2541
3193
4692
2642
4628
574
1911
926
4608
579
9251
1647
853
2519
1612
2464
1696
905
690
1143
10917
1996
888
2527
11986
1043
1613
2508
1061
3504
2488
1843
2774
2273
1772
2328
1078
3287
1610
1205
838
550
2570
3019
16886
2515
652
15553
2774
2892
1766
1931
998
3567
975
5331
745
1386
2058
546
5435
3549
2421
1684
1698
3036
2337
2031
1333
1811
1726
15076
8451
1618
1397
1090
1515
1311
1076
833
1896
3052
4001
868
837
3378
1217
1900
697
1283
10769
2161
2549
1441
1322
2600
1747
8012
2054
1799
22642
619
5109
2118
2862
1400
8097
1368
1946
2643
1250
1699
17018
7115
1766
822
515
1922
2283
2682
1059
1287
1900
1073
817
4253
7042
993
1773
1740
2422
5539
1235
604
8139
2422
1481
3699
1836
1169
1534
4372
1611
1575
2508
1761
2475
1780
3527
1489
2176
4894
16226
1581
858
2075
4599
1874
1732
1969
2020
2257
2535
3519
878
2541
3595
1014
10681
896
2021
1883
1683
2952
4792
5101
15489
5008
1629
904
2199
2392
3805
1869
1569
2269
677
1313
656
19895
1416
2722
4607
2123
2576
1872
1371
10552
3497
2666
1458
2222
2159
909
720
1770
1839
8860
1165
8373
2838
1244
1824
944
4524
25666
1747
2791
3409
8502
2255
879
8270
1856
7641
1084
789
3864
1492
1198
1674
5096
2582
2393
3409
1827
2030
2291
1167
864
766
1115
1910
2711
1005
942
11509
2708
1577
1741
2739
1713
1144
2444
3716
2388
2170
10132
4090
771
1265
2041
14372
1629
3981
1505
1713
2549
1539
17826
1285
2401
3483
4211
1008
7695
990
1325
2143
3001
652
1124
5633
1323
901
1070
4351
10454
2158
937
1016
691
6583
757
5732
854
2392
11710
985
3845
1706
1786
1245
1027
1208
1419
2213
1185
1346
2003
811
661
2760
4328
2977
1884
4758
1030
868
2585
2173
1553
1621
2252
1320
784
1023
1902
845
892
3361
785
1510
5655
4770
1624
813
3350
2326
581
2011
1142
2990
2112
1742
1483
7696
1259
1028
1683
902
1159
2697
3838
13799
1528
2885
1238
2254
2113
1616
2160
2202
7422
607
1199
608
597
1178
1777
10007
2089
779
2413
846
1234
10845
834
1523
6152
978
2047
2384
1373
10730
3385
681
1806
1940
1396
911
1708
992
1391
8465
9200
1992
6724
967
1233
1770
1428
1730
4193
1895
536
3330
1255
1650
3069
916
1404
2843
1663
2213
1749
998
1716
1964
1166
4146
907
724
715
1392
1117
4277
5675
7556
1312
7369
2544
1289
2129
930
18734
2665
1745
6697
3654
1850
794
861
1772
1331
2358
2055
916
919
3472
3617
682
1226
1430
3226
1000
1255
1240
1190
1832
9910
2420
1324
2449
570
6099
2935
1969
793
3106
3366
3448
869
768
2544
1334
2289
7893
2062
614
1175
16591
3127
8532
4665
624
838
1361
1175
745
2191
2833
1969
1743
4218
1431
2999
1651
12033
1760
5649
4565
4520
3074
2697
2180
1493
2729
1880
776
885
1218
1525
1232
887
1217
5602
2621
4084
1626
963
1132
1646
1405
2137
3510
1282
1246
1100
1004
2799
1362
11188
3977
1190
754
3771
5523
1231
2258
1804
2056
1398
711
2746
1991
2955
2208
4281
633
1417
1299
1988
2037
1245
2452
8574
2909
849
2476
2471
1238
5222
2081
2540
21623
1767
3861
1046
2954
2782
6947
1775
2550
1879
13864
5952
1116
1738
6868
6828
846
976
1336
8624
1701
2446
1510
3839
2413
1066
1038
3391
1540
1145
1859
1435
1592
1430
2732
1150
1755
2825
5042
9334
4027
1031
850
3152
2115
2008
935
1652
1171
4968
6315
6446
3690
1298
9319
2203
1078
1490
2103
3245
18248
2791
1847
1774
1996
3587
4674
2024
1370
2095
2380
3541
3658
1296
1793
3400
1457
925
1100
624
9126
1218
632
2743
2778
1746
5270
2046
906
12975
1616
1298
4379
2533
5241
765
2711
1198
3460
3015
817
3514
3105
1255
9591
2060
1272
1137
14713
2207
7366
1057
2804
5238
1297
1161
2460
1830
1139
1321
12945
1261
18707
2102
2105
1619
1001
1079
774
2824
1113
1860
839
781
3898
2191
2746
5038
4256
8319
479
2579
3360
1460
1283
1493
980
1507
3270
887
890
4827
2112
875
13853
2775
1422
625
1306
899
1840
2182
2162
2082
12415
1455
8224
779
2151
596
3708
5823
904
8226
2778
8030
15631
805
1153
2619
1778
1043
2748
2402
1093
1796
1955
2268
1305
8470
1217
1729
1373
2511
588
1542
1290
1408
1707
2337
700
2355
1342
8207
1877
4099
1753
805
2220
4608
3253
1531
1309
4986
1134
1518
9164
1297
2258
2055
2403
1774
5623
2129
2826
959
2362
861
3356
1139
2023
1028
1145
581
2428
2990
876
1653
5136
1710
688
13806
1719
1530
1616
1705
1170
1407
2060
1644
1709
2166
1884
1824
1097
866
1711
449
2395
1277
935
2515
2999
2006
5586
1674
2650
2121
1397
3432
4120
2374
1189
3724
11222
1727
2050
1664
1141
2104
12849
3243
3535
2453
13760
1562
3203
1331
972
1905
2990
1206
3951
926
1304
1464
1766
1815
586
7807
7980
1318
1639
7195
1975
5191
769
3357
1519
1884
1283
2000
3505
5915
2024
807
1902
4157
6090
992
17110
2266
3795
1214
2093
1785
1230
1049
1432
6448
589
3010
778
1732
1364
1519
6106
1271
3467
832
2539
1696
2324
1205
1103
1026
1374
1476
896
12596
1319
2623
1156
1321
758
2100
2404
2464
6270
1709
2105
865
1922
2965
9567
7369
1421
1839
2620
562
1822
3299
1246
1411
629
699
4136
1203
994
2289
942
2975
1612
2340
1095
1666
1446
719
3353
1735
3693
1464
2738
4762
3061
2164
2381
2864
6789
8360
739
1196
1523
1931
1573
1091
1007
1653
2522
849
1343
2317
1715
1458
22958
2869
4444
2150
1595
1623
2741
598
2654
546
1516
761
711
539
1390
1973
2053
3575
1465
2092
2330
7830
1624
437
2975
637
1595
796
897
3255
4805
5578
2011
1768
3049
11366
16494
527
2063
2243
2263
2187
8159
2563
1899
1340
1563
961
1178
2971
3362
1293
2328
1159
1257
2445
1200
1043
1144
3688
1216
3525
1364
3926
2117
1875
15912
1057
2663
2411
1260
1432
1818
3418
1463
889
2386
575
3280
1453
1649
9509
9516
2767
1307
1485
1278
8826
670
1982
1710
1831
1142
544
2246
1402
2144
2222
675
4643
1672
710
945
1111
6259
5583
3828
1449
11620
1892
3313
3601
3222
1387
5837
1319
2918
934
1657
1996
1652
1717
695
3722
660
830
504
2777
1872
3578
14914
673
2125
11706
727
11689
3212
3220
2869
850
2124
1816
1670
965
5269
2617
3292
1007
2101
4167
1543
1063
1362
8827
4351
937
11127
710
1799
13923
1717
8580
1476
1076
3402
4057
3599
1600
5667
1987
1253
809
14464
1885
3221
21239
5421
2592
2076
1250
3488
2224
1592
1248
2167
3995
2462
2851
927
3189
9191
645
1663
7093
1204
16332
1503
2661
2051
699
1118
2984
2833
2524
2629
1442
2382
2102
2612
3022
1367
2321
5654
2325
1217
1111
724
712
764
1569
1869
7488
1228
707
13190
7208
2547
9489
1963
2674
1067
1780
1789
595
2241
2194
4351
1995
1736
16878
1048
957
10976
2984
1401
1005
2190
2257
1105
571
2470
945
4596
2197
2647
2767
1843
3024
7051
1792
1550
2632
630
2717
5309
11369
3413
1341
1448
555
6759
2606
1733
3926
599
826
1559
3069
1473
2476
690
1302
2736
2083
1702
805
2846
1621
1741
1474
1701
2131
1452
2458
2059
1372
658
1672
1797
1500
1202
1787
12086
2060
1146
1539
942
2042
2176
1704
1205
2471
1773
1097
1368
1722
5107
3022
5012
7115
3905
1201
2444
1495
14502
1261
1325
3165
4254
1094
1252
2177
1138
7735
3681
5564
1790
5632
1654
1501
1587
3701
2445
4713
1569
6641
18700
1966
1909
800
2711
1359
2837
2011
1361
1167
980
1325
1520
3459
10681
850
2182
4304
2320
2379
1217
4986
5993
3629
2371
3015
2375
1485
4255
3723
1260
1340
9222
1673
7209
4255
1079
950
1170
1552
2286
790
660
1954
2155
1961
4815
11622
1445
2342
1848
1346
2594
1298
1232
1865
2013
1383
3532
1228
3540
1801
2873
812
896
2819
1893
2302
7832
1443
3495
1126
4948
1963
1084
656
2185
1618
1360
625
2709
1623
1241
1453
1940
748
1210
2412
6539
1182
1205
2335
1094
2161
1543
1612
1359
1115
1909
2961
732
746
1685
711
2892
1201
1895
4320
3458
958
4833
6549
1917
2569
1432
1600
880
1011
1367
1253
7838
2267
3654
1728
2616
2700
1288
2413
2061
19606
2247
2748
942
1879
9841
2007
1400
7020
841
1925
1465
946
1912
765
795
17192
1299
2519
2008
1854
2870
1707
1301
1255
1187
1948
2409
1978
868
1371
8958
2767
10571
866
1150
2583
6295
1659
1129
2697
1207
1728
13273
2723
6855
1134
895
5580
1848
2205
7294
1607
1652
2630
6257
3511
1485
1755
974
864
7218
957
2064
2932
1112
2705
2310
1122
12172
504
4631
2008
3280
2310
4175
829
5344
837
5384
1844
828
4814
2933
850
983
920
1906
1699
676
1863
1711
1900
2627
1160
657
1167
3743
2264
1606
1397
1494
5434
1673
1328
3265
2310
1580
1212
946
1409
7144
1694
1997
2344
2040
6644
1227
3653
1860
1675
1903
1764
2089
3162
2480
719
2573
1747
10773
2895
1738
4774
460
8665
1080
4439
1485
11380
1659
15245
1681
763
1498
2778
1776
927
1438
2150
2134
1902
1733
1431
2459
3322
1855
2011
4474
4133
1207
1082
423
9258
1416
10157
935
3858
1670
3301
4135
1988
784
2825
1793
2558
2435
1545
2717
1152
4831
1822
2148
2308
1995
1525
8796
2047
2764
1961
8760
6764
13213
940
1481
733
2475
1158
1302
2954
3176
2425
419
1653
2912
870
614
1874
1636
2607
2952
2564
10850
887
2403
4344
1038
2185
654
12003
1012
616
2859
612
1710
1427
1668
721
1331
6163
5582
1982
2997
586
2690
2072
1264
1029
723
1482
6835
9511
1695
768
1569
1438
1995
1848
645
2315
3103
1776
1325
841
2296
732
856
1905
1215
2140
1739
2679
1002
1688
2272
2225
1780
1371
1484
1790
1450
2798
858
1986
2366
1366
594
971
2492
635
1131
1335
2570
2963
7191
1344
1084
5493
1089
1941
1213
2063
2633
1379
1592
1884
1918
1904
3466
1537
870
927
7915
2043
852
5456
1603
2042
2430
4144
7978
886
1094
722
2016
1223
14339
9938
1022
1306
2861
1411
7708
1180
2006
3181
6733
3268
1755
909
1980
2939
1517
11744
5717
959
8801
1954
2395
2706
717
788
891
1037
1023
2735
1452
952
4176
1748
1078
976
1450
2037
1181
1987
759
9169
8983
2034
2899
2124
1757
1138
1223
1256
1959
1114
2807
19830
1222
2370
4947
1703
1599
2060
523
7007
4698
8427
1508
1387
3843
2782
1749
1713
1052
1854
1291
4214
7381
801
1015
1148
1055
1765
6823
1836
2560
15342
1917
916
760
2107
722
1202
1928
1415
763
924
1229
2245
1648
1399
8130
1095
617
765
1808
1314
979
3035
988
818
5657
2409
1329
1227
2544
3633
2020
1112
1948
16062
1249
1650
714
1629
3514
1428
3767
2766
1326
2358
3597
5997
2990
805
1434
2023
2124
1850
1499
2104
1344
1496
10537
1629
2802
1496
1210
1986
1001
2891
12901
3533
697
2321
1334
606
1629
6483
2477
2167
2140
710
623
2066
984
1145
1393
1685
710
1947
2094
1032
876
2255
2286
2086
2399
9375
638
934
1009
2323
569
5551
6439
819
1302
835
1129
1032
2055
971
1342
1842
1017
2481
4329
805
2337
775
10196
24800
13667
2923
3179
3526
2706
3021
3327
1457
633
1715
1061
2632
2964
1969
8590
876
1281
3099
4587
1512
1171
1063
1573
1695
2551
1709
7462
1266
2407
1497
2118
1517
1373
1287
5641
1308
9646
2187
2528
2368
2453
1413
1715
749
11071
2066
3490
1488
2504
1815
2427
928
4463
1606
1422
2932
1249
1746
1919
1469
1639
2725
1730
13314
2014
1077
555
5464
7133
1641
610
1372
2758
2059
988
4184
4393
2070
940
806
12131
1124
3282
2734
9457
2158
7666
1418
2016
2577
1095
1402
2802
2302
1214
732
6902
1804
1839
1895
4935
2801
717
1766
1223
2034
2510
1342
10482
2106
2917
2410
3063
1058
655
1124
1296
4143
2523
2190
1679
7501
2007
1920
1761
1729
4733
2988
8197
1258
6060
1200
810
710
2736
1841
2197
2640
3635
1089
4836
4606
1337
1157
1023
19600
1564
1465
851
1902
2334
1031
8317
1593
2163
1374
2949
1189
1094
1796
8069
3105
1141
819
1762
1908
6751
1683
1771
2140
4021
4323
938
1766
4795
2384
1650
7335
864
898
1104
446
724
1924
617
1861
1529
828
3445
1187
1976
2099
1542
2579
1118
1877
1520
1496
2918
877
1927
1595
8984
5539
1095
4300
1574
2622
11282
1133
2020
693
2696
3235
1396
8261
1228
611
1214
4173
1569
1488
2791
6472
980
1195
939
2447
12679
3763
4775
6175
1474
2582
4906
1306
1510
2268
6392
1698
2693
933
20607
1644
1192
1124
802
3007
1264
2122
1247
1122
7634
1547
1265
765
3029
1239
1463
1430
926
1437
829
2659
2931
3895
743
1314
2510
1663
690
2594
1646
1424
3825
1078
2457
2952
7135
2988
13466
1443
1509
3693
2276
1058
946
2341
1524
836
1282
694
988
713
3491
2395
2007
798
1461
961
2601
964
5917
1083
1279
9215
1645
2486
765
719
2634
1091
1040
3395
3709
535
910
2344
1238
1146
1159
853
3396
850
1832
3549
2442
7172
5356
1327
2042
1734
1749
2893
606
2519
1737
1335
1513
1437
2817
1452
792
1659
2895
1426
3502
623
1734
1923
1398
802
1453
1450
2778
2097
613
12667
2488
1714
3613
735
1000
2661
1747
1173
3089
1067
818
2358
931
1734
2044
718
2366
2146
2444
8919
2262
2500
1256
3504
670
2613
14036
1392
1935
830
1029
2595
1437
3148
4595
2826
2147
575
2393
1707
6673
2991
1516
1864
2011
2314
1064
7129
1731
4788
994
1067
1513
1982
2362
2768
6636
1209
3410
7101
1290
1331
2003
1418
840
1088
1827
2911
2136
2190
1442
4970
2015
1584
4049
2068
3718
1441
655
2077
9604
1310
2211
1365
863
2568
1936
1453
1957
6343
1757
1154
3725
16646
706
4222
854
671
2473
1276
5820
2887
8003
2166
1279
1928
2697
1864
3266
1132
3409
2180
629
2389
2116
12723
938
1849
1200
1243
1110
2458
395
955
8674
773
3542
2208
2112
1651
1627
2799
2128
959
952
8410
2398
1936
1649
1630
8610
775
1885
7365
1082
646
1176
3878
1739
1964
8281
1598
1887
2179
2642
590
3116
981
1721
8414
8247
1670
2407
1333
910
1450
2475
3097
1472
2650
991
2223
551
860
1085
10250
4302
1767
3416
2509
2497
4452
961
1637
1651
7202
2878
821
2595
2523
1155
2434
668
884
5080
3408
8105
815
1561
1496
6165
2759
9750
1910
2518
1907
1190
1097
888
3160
1920
11848
3180
630
2227
656
650
2630
2757
1571
1631
1122
2343
2388
3084
4872
1906
986
2554
19983
1317
2572
820
1782
1847
7095
7643
1931
813
9403
1338
2202
724
2249
2520
2600
6359
2720
2065
1266
3076
2889
828
2918
1376
1964
1441
658
867
814
5262
1666
3018
4128
1525
1811
721
547
2150
1329
2426
1854
1472
5979
6367
1145
1714
1021
1102
1637
1354
629
2819
1829
629
9003
2037
2561
1332
6510
873
761
923
1312
1781
4291
1142
2334
1249
1986
1130
1076
1025
1722
1704
11190
1756
1092
11247
913
5673
1252
2635
1351
5218
1708
1449
1727
755
1465
1910
3540
1266
889
2412
2753
4667
6433
1447
931
1326
2119
1340
1583
1781
2058
4983
2632
1203
1305
707
2802
1248
1951
1785
5346
3401
1927
2484
1717
1021
3165
1942
3223
735
5233
1894
1544
2401
6221
2284
935
5298
2212
1354
794
3510
786
556
12535
2145
1846
739
3567
1977
1102
18468
1724
1828
861
1427
4929
1389
11780
2461
1738
1708
733
817
4757
1507
5390
2455
783
1105
794
2785
3419
938
1508
1831
1951
586
2623
1841
2125
1318
10060
1362
1011
2957
4709
3281
1836
3019
1729
749
9611
1220
3762
733
1498
3561
1699
1883
1569
1021
1085
3619
2488
2412
1357
2237
3010
2052
835
11785
2044
1203
2090
3246
5782
1106
971
2658
1461
2051
1011
718
1500
792
14522
1419
1261
1624
944
1561
10181
11916
2626
2690
1551
2312
793
1615
5064
4440
3986
4164
1907
1205
2022
1384
2530
1444
2005
2094
6342
1061
707
10419
8967
1258
3751
1288
1891
2246
1354
1317
2269
1599
1449
687
1025
1562
1000
1857
1193
2936
1073
2159
2538
2127
583
2041
1993
3659
2555
1199
1189
1429
2996
1263
1178
2172
2901
2291
1015
1469
2514
427
1647
992
2634
18848
1361
1049
1334
1321
5327
1342
649
593
792
1291
2064
2888
13735
9085
1613
870
2647
2036
2472
2036
2791
1829
2487
3247
2036
2085
2150
2113
2999
2097
866
1556
1754
2429
3178
1132
4229
2506
2357
2732
1766
6556
1159
1966
1319
1168
1232
5254
2536
2800
2214
998
2217
1108
4161
1888
1984
1468
1936
1746
930
1841
2231
3849
3077
4308
3355
1861
2579
1692
1932
13679
1769
2818
882
2768
2816
1417
2044
1999
1342
5733
4967
1342
999
2479
728
1128
2121
3940
1121
2206
1059
5068
2943
2759
4711
2213
3422
1185
1843
844
1477
2176
2313
1273
2462
991
1160
742
2262
1607
534
1482
1380
1404
1927
2472
8103
2145
890
1197
1020
2906
1787
2197
3434
735
1022
859
739
1305
3456
1258
2079
3737
1557
559
1171
2267
2156
928
2898
1559
1291
993
934
1976
5361
1642
2829
832
1662
1789
2486
988
1691
605
1414
1177
2331
773
8473
1802
741
4875
1430
1452
3213
3263
2222
9770
820
1990
2099
1656
935
5433
2079
713
1364
21149
1649
7030
6794
1430
4660
1235
4814
1640
3037
1668
1155
1906
3265
1029
889
1419
691
2288
2309
952
1680
1145
1620
4684
1203
12026
1093
2159
1040
18513
2247
4096
1299
3148
1726
3052
971
3874
1734
2873
467
1900
3308
903
989
12852
3753
796
1591
1716
1135
1114
908
1178
5665
707
2077
3214
1978
2086
969
2194
1141
683
2269
1467
1012
4701
1471
2139
2872
12379
1720
1009
2825
3209
3614
1833
1771
1106
6660
775
928
1080
2317
1185
2343
2696
700
3293
1222
3734
1999
1525
2954
1111
1117
931
2220
1054
1188
981
709
1580
1060
1793
2176
1006
1453
933
545
1735
727
882
2100
1466
1058
2763
1452
587
2253
1552
7339
688
2608
1157
1343
2155
1045
4841
1448
1286
3686
1148
2803
1290
1484
2437
4925
1999
2920
1369
868
3043
1665
6151
434
1143
665
6194
2177
6669
845
2023
4901
1470
667
655
1865
1964
1457
8220
513
2080
933
1396
674
748
3454
932
1583
15565
3400
1564
957
4913
4197
1027
12207
7903
3212
2210
3406
1241
1654
1754
1550
3548
1354
1119
1459
796
2387
749
1130
3549
1325
11315
749
4962
2318
3482
2030
1365
657
778
2269
2299
1169
15858
3126
1382
1962
1340
6643
772
2152
1165
2279
1554
16179
3191
7404
2807
1889
1566
1401
8849
2737
1665
1395
3393
692
793
1026
906
2624
2110
503
783
2615
791
2236
1351
1539
3041
2087
1282
847
505
3201
655
2791
969
1328
1428
1327
1448
2234
1770
1041
865
6628
2928
1211
1044
2298
1844
1004
2227
704
2192
1714
948
2054
5019
658
1625
9136
1152
5709
1583
14956
1454
665
3464
11482
1625
1257
1440
2840
2213
1644
1362
2011
593
1131
1042
900
2725
3737
4407
673
5572
4037
1292
5053
2129
3160
11746
2518
1682
1275
1102
2801
1215
2003
2099
1607
1273
2599
7574
1065
844
730
2507
1376
1904
813
1501
2397
2626
646
1985
2500
968
1078
1337
2176
10867
1271
2621
1227
932
1290
2294
5035
892
5262
1145
2020
904
1831
3798
926
2329
2332
9080
4064
1918
906
2263
1395
972
1110
1025
973
7145
4934
1846
1706
2636
2029
2777
685
780
1262
3440
3733
6168
1113
1938
1536
3336
1211
12641
4613
1799
1624
2145
9961
1540
7601
3238
971
1605
3429
2651
13609
1960
1417
1329
10801
724
2776
1373
1768
2065
13462
2192
3447
1563
1669
1605
4357
5101
1549
1562
6099
2159
2564
1761
5910
990
1917
1762
2556
854
716
1497
1970
5537
2389
2228
1699
576
1706
1124
796
1674
1478
2700
2467
630
876
1168
867
2055
2078
11277
1289
2805
458
2440
1241
2303
1994
1354
1648
3184
994
2393
2057
1536
1761
1546
2179
2820
1841
1032
1117
1330
1667
867
998
4686
2795
704
1350
11974
973
2704
3127
1081
1857
3461
2251
1693
2102
3138
872
1182
3518
1583
717
4821
1153
1138
2156
2769
20441
1991
964
1726
12745
1522
3399
2649
975
5634
1393
1923
2091
1287
3158
3390
1226
1568
4655
881
1744
1103
2391
2603
1026
2941
1531
2464
2244
1461
1974
10970
5883
1827
1786
1496
4550
2658
2967
2366
1826
1719
1366
952
2161
531
2750
3165
2180
2040
2122
1082
1687
2159
1425
714
2622
2964
673
1308
640
3592
1598
1688
2060
6904
3272
5301
1171
1531
3025
1047
663
1352
2303
510
5179
1587
2132
2980
8557
910
13349
3398
877
1252
732
8296
1745
952
2118
5590
1891
6001
2554
1523
8199
2288
834
2861
2334
1161
1095
1542
1284
1000
3499
1014
1427
2651
4000
665
1683
1782
3163
1872
2175
2850
7367
1320
6647
951
1556
1165
1617
2240
1793
8042
1447
3119
1098
6251
969
870
1337
1523
1877
2639
822
2183
4138
568
1582
1857
627
1657
1957
1444
4382
2270
1820
1528
2206
2066
4003
1472
15036
2370
3020
4640
1087
2727
1451
669
5624
2865
1361
2017
857
5042
2362
821
9321
2128
3707
1140
1270
989
2646
1373
1105
1688
1580
1607
1021
4045
1932
871
1144
10654
9993
4577
4362
539
2652
2203
706
1852
5104
714
2462
2194
2838
14024
1762
792
1590
1775
2438
4792
5085
771
3081
8228
775
2146
2905
728
1137
4476
9388
1018
1772
2287
957
1180
792
968
3628
1291
1030
1966
2364
20256
2118
1198
2268
5088
1184
724
1212
1090
6571
1034
1798
927
1152
2384
1637
763
1994
2284
1323
2213
980
2079
1531
588
1277
1074
2207
2122
952
7603
2628
1483
2066
6094
1108
2306
2105
2544
1605
3779
5256
1332
1202
5705
1163
2565
3025
958
5655
1410
1253
1981
7043
693
1257
1190
1776
987
1122
2048
2248
2187
2654
7160
972
4305
1620
1845
1918
4033
3092
1506
7240
2617
896
1573
467
3684
1652
1968
2956
1244
2168
1848
6579
1574
2910
3138
1625
1503
1898
2330
1150
3080
997
4087
1663
674
1543
4363
1241
2476
1920
5613
2368
1430
2289
3564
1102
1442
6863
3627
1313
8267
2447
7793
3539
1627
1932
4811
1668
6178
4942
9722
699
1518
1719
4132
1129
11099
4350
1863
1532
1773
3585
1378
19041
15460
1780
2470
679
1464
1745
11493
906
859
650
3437
1825
1328
1986
7347
1548
7436
1836
2518
1333
2180
3975
989
1417
2627
8861
6189
1011
773
12969
2295
2639
2440
2257
2303
4453
4441
1834
1230
6116
2498
2824
8195
1210
4918
1903
1713
914
1341
1576
3214
947
677
1972
500
1807
1845
896
1641
2290
24762
1285
10919
3293
1997
2165
2308
10657
11037
1125
4317
2137
2190
1283
1408
1267
1262
1312
5847
1512
2208
2474
1625
2046
7082
1622
6721
3298
1396
1582
1522
1295
1180
1346
13662
1075
3704
1404
1339
2066
2228
1248
1192
1375
808
2596
590
1075
1828
1725
914
1751
2432
1378
1571
1865
1763
1067
1665
895
991
1223
3829
606
4489
2191
988
5382
2104
2285
845
620
12770
7396
2547
2031
1712
1198
1993
3250
1620
580
4133
1934
985
1744
1469
2002
943
2903
3236
3072
795
10703
1338
2360
1512
2853
1465
2277
610
1660
16653
1041
8882
3284
735
9375
2166
5547
2159
1897
1800
2209
3675
700
3635
1863
1242
2090
2286
1581
6655
7195
1824
795
1214
1634
2662
10046
1193
1548
1411
4468
1794
3094
12435
1672
502
2420
8731
1010
586
1726
1338
846
3667
1839
1358
1728
6876
1443
1770
1771
5290
17033
1082
10295
1408
1409
927
702
594
1386
1565
2015
1759
528
2818
875
2876
1902
932
1798
2014
3061
13691
5574
1212
913
1283
923
1193
4438
641
3259
2345
942
1747
2987
2447
745
1145
1542
856
2631
1103
986
2023
873
1468
888
3353
2930
2402
2089
690
2158
3827
2189
833
1210
1860
1713
2151
4626
769
3274
1706
1159
2401
1812
4542
1875
4150
5097
3192
20841
2493
2149
2019
936
1417
1724
2868
1964
12560
3902
2039
4514
2640
1977
1924
1456
769
783
1842
1240
1073
1004
2380
1787
1313
10683
776
760
1660
1921
1009
2367
1539
907
1610
3233
2195
862
6377
5880
1916
1844
1960
1053
2001
1244
2609
536
2195
1879
1741
1670
760
2156
2367
1696
7128
2011
4291
2138
745
2035
2339
1278
3727
12576
2840
2370
999
1046
3360
867
925
6454
1329
862
1435
440
1279
1065
2080
1280
1239
785
2946
732
1971
3310
2654
849
2535
3686
5711
1996
1420
2218
10104
2995
2770
25135
1168
713
853
3269
1491
6692
1261
835
2410
1682
873
1364
1094
2291
2840
3716
7174
665
2843
2024
14133
1531
820
1367
1925
830
8393
2799
2730
1439
2903
1857
5207
937
2159
678
1089
568
1969
751
2875
2866
3052
996
1984
3485
1162
2058
2873
1127
1563
9826
3426
2178
1601
488
1664
7319
628
1475
1631
1987
1455
1229
688
10259
734
1032
7205
919
739
3265
1407
1455
1590
702
2046
4424
2270
1321
1715
1786
1379
1174
4993
1585
4993
1814
1752
1350
2909
10556
1075
1959
2065
1768
1024
1470
5351
6078
561
2483
16507
1556
3387
709
806
1198
2475
1856
1518
1600
3297
5980
683
4537
2663
6651
698
5069
1659
2413
2203
3591
1099
4277
13428
2290
744
1626
845
1279
4156
3356
2628
4984
2204
2067
687
1082
1528
493
2038
1794
10135
2659
2228
2946
9145
2154
1815
10684
4448
1648
3758
9393
1559
1472
1489
1627
717
9915
1158
509
606
2429
2622
1454
597
656
816
736
1832
2835
823
5306
1285
1820
2510
7859
2273
1830
1105
13644
2105
1811
3786
757
2631
897
1701
1749
2781
7316
3168
933
1554
2324
1780
2538
1602
2028
797
1058
2073
1460
907
3511
1002
2234
3284
1535
2074
9831
5637
629
952
1751
2516
930
1382
1771
2137
2446
1719
4401
6369
1679
4141
2450
10161
1417
3691
14551
1163
3110
1084
838
12729
2364
557
612
1517
2691
1110
1106
1495
3038
2331
6249
1166
1084
5768
5068
691
5825
1482
2226
4215
2160
2550
910
2295
2555
2374
599
4340
809
913
1839
1470
1193
1376
794
1203
1678
1184
1455
3124
1497
1840
1982
6819
2133
3927
784
26064
1344
6824
603
1593
1970
1196
1091
882
1807
9868
9821
4517
1626
1666
3037
8261
2048
888
3060
1874
1258
1646
2595
1434
2277
2234
2640
1907
472
2572
3045
5227
1765
2018
853
1325
4583
1426
13195
2717
1113
2278
3416
3679
2658
955
6287
2133
6856
2522
2472
2945
1024
1396
1543
1861
1665
1097
2090
3171
2911
2152
1546
5368
2110
3480
1948
2132
541
2557
4969
830
1082
1290
8845
2565
2082
1626
1060
5281
3384
1895
1598
681
1713
3517
3974
2375
1955
1109
1022
1584
11709
1529
2286
5070
7577
1376
1310
1332
1544
475
3418
1115
705
2612
820
1450
800
1062
789
1450
1093
1348
3468
9200
5889
5107
5035
1151
1993
1879
1961
7494
10511
915
9006
1474
6104
4389
2066
2321
2437
1507
1848
11555
2664
2340
749
9370
6876
2486
648
2326
3169
2164
1673
920
1499
1559
1702
1751
839
2290
25555
1237
2452
1467
16276
1457
1583
1620
1345
1259
1583
12169
1952
1876
3298
5079
1098
3243
753
1394
2317
1474
1904
6221
1990
1787
7179
2846
3037
1415
746
2785
3096
1663
4127
2198
3117
2172
1964
1895
1210
3054
2463
1230
2304
2471
542
1411
2032
1132
2128
2231
1311
1585
5373
1775
1076
2187
1193
1758
2126
717
1047
3045
1285
1105
1068
2004
2033
7309
2303
4728
2067
517
905
1744
3230
8049
2463
1515
11329
1009
12540
2154
879
1125
2202
5043
623
956
1981
725
7645
11290
1563
1371
2643
9039
1117
1483
1689
2130
3776
1437
3099
627
2212
2968
1342
4517
1041
1601
1689
1615
930
4144
1630
3107
2591
965
2333
19076
1006
6765
1103
3858
2005
3270
500
1732
2177
6065
1268
1445
2005
3034
1742
3477
1838
2788
840
3005
1132
2174
5161
1939
2103
2416
1138
1347
1908
3112
2975
512
1820
1856
1462
5152
2423
995
1030
2719
14136
1121
1510
2159
4434
754
1935
1337
3903
7905
4553
1493
2011
2334
1646
1318
709
3447
1099
834
1169
2942
1113
649
947
1708
1542
1629
3906
2566
1983
10321
2528
2321
1664
917
5404
2738
7581
704
4384
2578
2967
1481
1125
3062
1644
2812
1730
2179
5698
934
1160
1162
866
9821
2251
1048
1476
2265
1035
9030
2307
941
1225
696
3642
980
1776
5638
1443
3035
1681
1279
11230
1812
7840
2192
1822
1405
1391
654
1761
1627
718
1052
994
13685
899
1579
3383
6728
2626
1678
1660
2671
2652
911
1598
2058
1561
9777
959
1808
1514
654
2312
1049
1723
1069
2271
6874
885
3101
1809
2104
5496
1434
2950
1860
996
974
1171
631
1079
889
1187
1243
10162
850
1711
2267
2215
1951
1145
1742
2389
1192
1497
2145
784
1909
861
8607
932
585
1927
697
25658
1793
2694
2551
927
3683
3570
854
3928
782
434
1816
3385
5868
1846
2147
1627
4616
3083
1457
1376
842
664
2727
2526
1135
682
755
1732
1180
1798
818
1421
20738
854
1010
2616
1430
1120
2096
2442
1313
2889
1448
922
1717
1580
522
1119
1097
1568
818
1157
1647
2111
1205
720
2844
8292
1221
2298
3529
2682
4791
2538
2281
1483
1408
2239
724
611
1376
1108
5195
805
1261
766
2886
3109
1689
10324
2581
3202
2023
990
1766
1174
5465
1000
7368
2801
1709
1076
1547
4450
1085
1945
1397
1220
5085
2070
5992
10916
1093
2942
1159
2050
4502
727
2235
2013
1862
2170
1793
1016
902
2200
2560
1936
2566
1903
682
1566
1141
456
1390
1522
1376
1672
5967
7233
2946
1852
1216
1099
4562
10326
7713
3231
1942
740
785
1781
2194
664
1246
1499
3292
1188
7306
842
737
23574
5721
1550
2174
3178
1127
7128
967
7186
926
3374
546
2053
9159
1598
4871
1526
818
874
2499
954
1780
2592
1487
1218
1239
2678
2591
1179
1817
4208
2817
1282
1936
2426
1979
1857
857
6226
5672
6941
1835
1344
3297
4472
856
1915
1017
2076
2297
1450
1447
2565
7932
2932
1356
808
1338
1265
4155
945
2858
17693
2787
2364
1553
1929
3142
3010
734
736
1373
1592
2549
1497
968
1477
1011
2652
1621
974
3631
1142
1537
1671
2426
2277
7129
1497
5776
6477
1628
712
1215
2700
2094
2048
2228
1175
3628
1794
2638
847
2440
1550
851
1741
1264
2418
931
1791
2819
2096
2607
2519
1828
1636
23077
601
3275
987
2731
5954
1815
990
2632
584
1260
2114
18968
1757
1984
1157
1662
2215
1562
1473
1643
7412
573
1438
4451
2265
1864
2436
965
1275
2470
1948
1680
1957
1771
1774
1828
1001
2160
1002
5312
4418
778
839
2611
1282
1541
4051
1294
27473
835
3506
1818
1061
5905
952
1455
2597
665
1463
1599
722
1767
11144
1154
1577
1280
9492
1299
1989
1313
4741
814
748
13122
5437
2120
3349
1841
1614
1243
1288
4666
8673
2375
1537
1140
2504
1491
630
1730
1933
2786
1182
1843
3201
2316
1130
9244
1549
1008
799
911
1458
1059
711
7665
1760
1409
2947
1468
1251
2184
854
1825
1297
2092
4043
1827
2791
3006
1610
2320
890
2097
986
3475
5405
2795
1851
2288
1886
4060
1013
1233
2184
488
2799
2059
1739
1673
3002
1904
1796
1540
1812
8957
16270
7111
1662
3157
947
1115
1316
731
1304
3100
1637
2083
2199
2763
18198
1263
4816
2410
1945
2493
1319
3998
3005
17981
1781
1685
15916
479
920
2733
2221
2567
1545
1201
756
2155
1825
3578
908
1845
1094
3168
1984
1869
5924
1039
1706
2672
2106
2191
2702
1628
1243
937
1179
644
2076
2991
2933
918
2722
2843
567
2243
1928
986
1574
724
1791
5225
902
12241
1040
1830
1418
2097
991
766
1441
12927
822
4745
689
5579
1416
1920
2317
2827
2482
1733
395
2572
4495
3140
2220
1383
2536
2811
2852
861
546
2340
1594
7250
7493
3264
2310
1721
1125
885
3294
944
715
2538
585
1302
939
3096
8656
1130
2496
1248
15816
1443
1139
869
1987
3849
1145
2989
1304
1274
1277
1130
2261
9064
2635
943
1467
2166
1275
1563
2299
3793
866
701
686
945
1124
2775
2052
2333
2112
786
1090
3479
2046
1611
1494
2321
2035
1960
1688
809
2232
3642
3001
1243
2793
1633
1603
705
930
860
1412
1039
1800
1788
1946
7898
2427
16251
8569
2472
2102
21483
2042
2595
781
881
2451
4225
1615
3632
604
10649
4041
1138
9893
1627
5615
1345
1797
851
1702
2597
2170
18240
1019
872
1786
1426
3825
1226
3438
5289
1180
38297
1466
10306
1746
1854
2467
11891
3253
2584
1758
2402
1135
2635
2304
1886
2600
3639
1889
2175
2469
2424
1548
3391
1176
1699
1629
411
9014
6219
1204
1896
1052
1387
6061
804
615
2639
10009
3858
1607
1363
3348
1509
858
2872
1099
1096
3787
2110
1243
1077
1716
17755
1105
1457
2106
3094
1279
3546
6068
1648
1139
3461
1928
2206
2335
2023
2949
2188
1244
2313
2021
734
772
6361
1581
1430
1473
606
2752
1101
2416
1272
5804
7642
882
1267
461
2054
705
2051
1506
2980
10307
1710
5681
841
1163
2671
18963
1164
762
2554
1822
2029
2350
2439
2097
1850
1251
1984
3005
1581
25877
1698
7563
1690
6401
969
523
2375
1595
798
772
3281
5530
1286
1761
1624
6227
1246
10493
12172
1348
828
2787
817
1282
1012
1785
4917
2110
2272
1372
1213
2712
6685
2668
1634
1639
18375
697
13882
653
1378
960
1429
1689
2279
1138
908
1444
1690
1133
965
3056
2842
3774
4032
1164
1038
3088
3660
11298
12558
1791
2588
11357
847
2282
2410
2278
4704
1576
1728
2545
6508
2126
1309
4190
1023
3514
2326
12861
2000
883
2203
3826
1072
733
1859
9257
3270
1743
1257
9516
1354
1407
570
1444
1196
1272
560
962
2997
1116
3055
787
2402
4363
2440
1285
794
1967
7120
1193
2043
2481
4221
2123
673
994
4315
9029
1566
2542
922
1549
9403
2639
7993
1894
2809
968
9808
11760
2313
1516
2812
7563
1160
669
2264
11023
835
2011
1498
2863
1339
6451
1268
2042
2255
3088
1648
5398
1709
1238
3398
2024
2217
2077
2303
3871
2804
1125
1557
1695
2473
739
5055
3363
5281
20264
2343
2480
1847
1711
2195
738
966
1495
4203
15903
1031
2496
1213
2002
2479
977
1655
1090
1259
1853
9159
1785
752
2264
1498
1749
1168
2065
3278
999
1174
1131
1159
901
1750
837
2648
1459
14363
1640
1232
9974
2569
1771
895
5626
2574
2373
6779
3557
1525
2499
999
733
635
1593
910
1307
4037
4971
7058
3865
2869
619
1631
2810
1288
2571
839
13131
1991
21482
932
1807
697
1517
1391
936
3829
1116
1635
4790
3058
1900
1151
4063
6754
6575
1929
1327
1516
1731
1495
15656
1502
891
1818
2258
808
2464
14253
953
1261
1152
1170
2903
747
998
3241
664
1625
1084
1144
3067
1483
1355
3152
1470
1209
2995
2955
1899
5570
7377
939
2584
1874
1085
810
850
1093
1782
1997
1710
1881
1175
720
2848
1164
2303
2328
2122
4181
6844
2874
1415
446
2314
2116
4261
896
978
3748
2335
2484
431
868
2420
2039
2312
2811
3043
1083
1797
914
2666
2240
839
844
1709
7067
4264
7937
2850
1851
2440
2363
764
710
1550
2099
653
689
1165
1467
2825
2173
1512
1704
2522
1517
1115
1275
956
1067
4337
1270
2116
2330
6796
1650
2008
1213
1474
1344
2301
6511
532
1267
1078
1496
3832
1841
1706
1444
1485
1226
2010
1991
1510
2229
1637
577
12414
991
764
2350
3230
1882
2250
22227
2088
5233
3234
2883
2537
2660
9256
904
8735
1901
1032
1150
1289
5145
1244
3817
833
2487
3589
9300
1688
1764
1153
2278
3502
2726
657
6486
2188
1823
1825
985
4471
5672
5599
2642
21282
3191
1775
997
1094
2894
2347
1537
776
9957
14441
1650
1481
1803
3122
5095
1557
1142
743
8157
3521
1063
952
2937
9298
1444
1856
2312
1008
2910
709
1219
11628
737
2074
1497
714
7039
1638
930
2220
1477
1292
5031
523
1040
2068
1106
2255
1830
727
2902
1530
1473
3372
8802
924
499
2217
1184
2048
2304
3308
1880
1236
1281
1695
2881
3397
4794
2541
1067
751
2333
1043
1875
831
713
1748
20111
1350
1310
2782
704
1298
984
3118
4701
1377
5380
3696
1249
1172
2223
4776
1236
572
793
1055
2481
2157
1144
1221
2698
1409
891
1364
1930
1109
1286
1426
826
2702
647
1047
1604
1548
2656
8693
1088
1752
1311
3797
1900
4138
2236
10009
1665
2261
1127
1351
11784
1151
1949
1254
5748
1105
2271
1666
743
1107
2708
1301
1267
2357
994
1438
782
1066
2064
1846
1878
5576
1592
11284
1634
2965
547
3278
5644
1453
2265
856
2090
1823
3744
2384
1664
1531
2303
1686
2299
1292
1377
1403
1757
797
1228
3187
14410
1399
1314
4656
1171
2666
915
746
1106
3121
5438
1378
748
1404
814
2332
1488
916
1890
808
1298
1253
2438
869
2343
1981
517
3716
2351
10114
1395
1111
2552
8204
2089
2394
1346
1162
4341
2375
15306
1567
916
711
2335
2629
2700
1828
1207
1920
1748
5603
1003
2655
1908
1966
3908
2080
12579
3306
4456
2042
1440
844
2614
2470
1443
1506
4665
888
1239
1589
2229
1308
2013
14416
2096
2596
2415
1722
1803
9642
1833
2174
2686
1250
2986
1144
2492
11119
3358
1941
1884
1784
2036
727
12819
6664
4694
1022
1562
1764
1202
2171
1576
1848
8309
2665
13307
9006
1451
1906
2549
6289
2168
780
16634
1187
10318
693
962
2201
1204
1402
883
2986
13117
1101
422
2167
2877
1243
953
3180
6800
2539
1060
1880
5068
2275
9779
1814
1239
2056
3041
1452
961
1053
698
1539
8880
545
1570
3252
650
2486
2202
1368
4456
1339
1635
1851
9312
12351
2195
2226
957
2231
1413
10044
1590
973
2958
4701
1283
1575
988
1637
1319
1264
1560
1547
1697
7520
2543
2641
1392
2116
738
5856
3546
909
7520
2460
1448
18376
2194
6722
4763
17715
2074
2182
2277
3947
1090
2211
1978
3062
2730
1816
2189
744
973
864
1314
1315
2633
1095
731
1617
1190
702
803
2364
1553
1399
2800
3180
6921
1503
3777
518
1348
874
1550
3078
752
2879
2067
1253
1632
3074
935
1937
2296
2978
21318
1250
6656
2826
2013
724
22646
2069
3635
4253
2405
2832
2062
1362
1410
1984
1495
8601
872
2843
1243
8998
1568
841
1542
1727
797
1032
2148
1971
1944
2025
1729
589
1333
1877
29813
2119
717
1524
4354
2220
1324
1898
1600
2785
994
761
6260
1278
1933
12811
844
1226
7558
1542
2064
1585
1462
2947
1008
1238
2294
6364
2789
2720
1500
3219
2100
1435
604
777
1562
2181
2333
3002
1295
1775
2354
2656
1477
1448
2000
962
1464
2191
1582
1204
2271
1707
6667
990
2654
1051
491
622
2674
737
1709
2832
1268
3776
1213
704
8551
1485
13668
1077
2533
9691
3903
1459
1078
1478
1232
1362
1969
2372
9810
3556
12087
1015
1271
7335
4261
1451
1584
1442
1358
3278
738
3081
1560
1099
1909
1322
4742
3894
1441
1669
2190
1715
2562
730
4077
1877
1691
2407
3489
1399
1373
6022
1435
2260
2353
2874
7262
1160
9571
3130
932
843
15987
7011
1058
2079
4116
800
769
777
865
2327
4444
3499
475
2878
2419
2135
1666
1084
2287
2365
1894
1428
1797
1445
2102
13924
880
11904
2840
2290
1353
1633
4296
1741
2485
2753
2298
1623
4775
714
1875
877
828
920
729
2148
1919
1174
1077
2832
2120
1251
1313
1266
4003
1791
1129
638
773
2318
1669
721
6789
1529
1856
5607
2221
2541
2897
3194
1559
3493
899
2124
1278
2535
2390
1112
1458
4465
1925
1046
2994
1261
744
3875
4009
1788
3432
764
9206
1877
2220
1342
9504
4075
1705
1092
15396
4490
1615
7582
2191
1492
673
7786
1257
2859
719
1222
1936
2732
611
2512
3575
1122
1050
12223
2322
1406
1049
1279
828
2292
9441
2602
2641
2881
2381
1458
1677
9803
2272
6468
1422
682
3028
594
6963
980
6976
1853
20049
3252
1190
1632
1071
3077
1601
7300
973
1087
2082
1166
1392
1985
2258
2123
8978
883
2366
1396
1134
1972
763
1849
1851
1821
8565
7849
3663
2119
2406
1576
714
1901
1627
1944
1158
1059
5447
8764
1976
1652
2001
2171
1282
2920
1482
934
16837
3401
648
2992
761
2634
5755
710
4033
1356
1247
2941
2036
2131
2067
1122
1713
2119
1766
2348
1117
1101
767
1540
1495
3085
2325
1092
1774
1356
1482
905
8199
1742
1932
2790
2559
1201
723
1251
866
829
1717
1096
3546
1708
2839
2286
879
3711
797
1796
941
1327
2868
2247
1170
1692
2097
1190
1882
1329
3835
5816
4091
1617
1001
1531
1843
3073
1370
841
1747
1980
2269
1018
4167
20671
1924
4438
3134
3095
14824
1095
2273
1742
1468
574
3110
1656
3718
2537
4316
2402
1940
2510
1609
1157
1447
2122
9707
9499
9049
1456
1124
2351
937
513
5193
1547
2216
841
1912
4088
413
1195
2454
4512
740
5688
2800
1910
1763
2079
1168
10252
1281
4213
1760
3619
1122
3473
5194
10534
7828
1737
1169
2536
2599
3247
1914
3734
15211
2482
1323
831
4764
1522
1605
15279
1139
2140
929
1960
969
1661
1499
518
807
1132
2992
866
1063
978
1002
1545
4518
5236
4984
2737
14449
744
1548
1960
1562
1796
5802
2839
1317
5490
2078
2794
1683
1456
3341
1663
5861
1919
1640
3233
4402
4968
2244
2190
1719
1360
1303
1757
9537
2188
2109
1096
955
2373
2978
6249
2347
1990
793
619
1774
2706
677
1312
5348
1152
663
6791
1993
8469
711
1760
1135
1754
2285
1822
7594
402
2122
3135
1793
12916
2368
1661
1556
2543
1642
6679
2002
2346
1933
4880
3593
972
1976
820
2385
2175
1725
1892
1495
4052
673
7762
3352
1518
700
882
1749
2315
3116
2205
1030
1952
3726
5330
2880
1474
2603
3313
4643
640
1896
3647
9750
2219
14148
1343
3054
1902
2156
1330
1613
2276
1517
1028
1652
2553
1079
1017
855
1932
936
1012
1466
1338
2527
18512
2297
817
979
767
3481
1607
2336
1159
1682
1338
1108
2009
1036
4623
4359
2525
3323
1163
805
1538
3441
1433
3849
1113
667
3333
11365
1616
1342
2934
1210
1039
1184
1969
2062
745
1304
924
1023
846
558
2471
6503
2215
1087
2567
707
2559
2838
1869
9188
1510
2114
1640
3350
1092
1686
1365
948
3425
3877
1893
1001
1975
1857
1115
1983
3470
3091
1733
1922
1088
1606
759
3546
3619
1475
17306
918
2211
6532
1087
695
827
4580
2292
1966
1801
1365
2031
1036
2678
1071
1707
6128
3066
1888
5752
1773
4640
1736
2334
835
591
2026
2082
2170
2400
1128
1378
1443
1341
3300
2242
1396
858
2373
1684
1868
13917
3001
2969
1311
2163
1249
3555
2095
628
1020
1041
1986
2349
1111
2590
1170
3711
2288
701
1003
602
1380
1413
5088
7639
3042
4600
1674
1403
2626
1501
3425
1509
2306
776
1757
733
912
756
499
2251
2074
2985
690
1651
865
1994
1355
1283
957
2088
761
754
2026
2107
977
1692
4513
798
2996
1894
10849
1717
9973
1776
995
2077
3186
787
2582
1354
1732
1854
4241
1745
1793
4942
2818
1203
3433
2481
937
5561
3056
4104
709
1196
1077
13169
8734
811
6329
1752
2177
1083
907
3701
3841
973
1314
2064
2439
8413
1426
1031
1782
1305
3198
4095
1712
681
722
2456
1957
2578
1064
1153
2437
1964
15064
645
1008
985
716
2787
1457
2253
4309
1575
910
11151
2037
5309
1957
744
2492
590
1162
2010
2355
2507
590
1154
1988
1874
3440
860
1771
3309
1941
5493
5939
1147
1058
660
8882
2758
8717
1560
1658
1744
613
2043
800
8138
6299
3398
2890
2144
2745
2249
1767
850
1983
1067
1734
1679
3914
634
2270
4131
740
1423
690
1610
644
2093
1746
5325
1298
2206
1081
1358
1206
2103
862
18496
1211
4809
788
2654
3758
3113
6353
1879
1347
1622
2418
2493
1115
2723
2034
9450
4679
4220
2680
1226
2505
1628
1064
2044
2351
2158
3107
4000
768
1716
1100
1071
16768
8230
2257
5983
2077
1237
1155
2345
1589
4268
1114
930
4677
2139
11277
4600
2054
2855
1555
2999
4364
4018
863
1929
864
1879
4600
2490
3234
932
2226
3753
4469
1588
1057
2346
749
1127
1326
3002
7278
6051
1121
12935
1549
1109
2007
2990
725
2251
1082
2021
1938
3118
2155
1092
823
2242
3875
3391
1626
1499
2753
1719
4912
3713
4211
16701
3288
4952
1170
1867
852
2460
2089
907
2054
821
1940
5636
2259
2737
1085
2357
461
7202
14044
10224
1918
618
888
1855
1457
1253
1293
1005
3050
1316
22623
7007
1166
959
2757
1708
1097
1334
1886
9452
2525
1638
8156
2009
1177
2824
3431
2389
861
4230
2132
2063
2873
645
1239
1118
2218
764
13041
1802
1926
1028
2187
1562
2593
1005
1734
3488
2711
1191
1224
2288
4872
603
5382
2379
1771
2737
482
736
8709
1093
1494
2099
748
2429
1639
2563
2389
2466
12715
2094
998
1074
7449
1462
494
853
929
5051
831
980
3271
4283
8515
2479
1223
605
30410
2375
2114
3961
2525
1904
2240
4553
850
1280
1310
1726
1001
1771
2400
8528
10560
731
2065
1139
1099
6135
4291
1070
1408
1137
1657
3570
1432
915
3199
11473
2199
960
1980
7657
3891
2128
2625
1313
8836
9491
1596
1475
2285
2154
1760
1379
3024
1508
2961
11148
8626
1279
1308
1810
3784
1087
993
2150
3531
1673
1910
1896
7464
1122
4083
1717
2249
3006
2618
2357
1010
934
1043
2007
1295
2975
1263
839
672
2151
1907
1640
3058
1703
11848
1885
620
530
1589
3699
1366
1616
4784
1578
2091
1575
3037
1430
2347
2859
2032
1047
4051
4065
849
715
1159
2946
1851
1366
2366
865
2332
920
898
1604
4318
1756
686
2143
3196
1001
2370
965
2389
16053
2448
1456
1042
1303
2366
1108
4436
1382
11143
1204
12855
2329
973
12492
11008
4627
1316
1482
2175
486
11676
5780
1004
1792
8186
1200
7410
3760
754
1048
2660
2314
748
1922
1045
810
1260
3078
1912
740
4160
1031
1297
1623
918
3102
1993
1590
2349
2055
5630
2418
3898
4399
2723
2457
1836
1442
1502
968
3144
2428
1872
2121
1609
1888
1623
1494
4817
3896
1954
4695
883
2359
2887
2194
10458
2538
2549
5326
11877
2042
1166
1738
1539
2104
1984
2950
981
2066
1448
1192
1060
7758
1830
1707
802
1594
2912
757
14423
10721
1136
1977
777
11346
1656
885
5891
2992
1983
3325
931
7325
3054
5144
1843
4087
5293
1569
7939
1894
2106
2085
2569
3129
1121
1133
17160
1854
18917
601
1889
6254
1025
4985
7995
1420
2275
2843
3863
3793
2731
2416
2042
10957
1276
1071
2838
1899
2444
6301
1991
2406
1710
1602
3722
11738
1722
795
1239
593
1865
1732
1989
830
2288
17480
3930
4003
1726
12109
1071
7242
1183
1182
1865
4389
1250
1457
2746
4535
2069
2638
1776
3531
2194
4736
2106
1322
1610
934
1497
2447
1263
1591
1275
8517
2993
2505
1914
2122
960
1314
2191
1013
1591
5455
3099
1754
1944
11030
1010
13038
1785
969
1225
1147
796
985
1788
815
1563
2811
497
2055
2536
1425
5900
1764
1113
1598
1147
2129
1931
1965
1457
940
949
1301
4536
1752
1782
2504
2210
716
1266
1586
6560
3581
829
2853
677
899
14243
891
3062
1299
2704
728
6303
16072
2028
1429
1721
1895
1921
2090
1106
1859
1108
4226
1073
2032
1815
1789
2607
1773
3552
770
2309
613
395
9028
8770
1773
8643
1190
3974
2036
2465
22894
2162
777
622
1718
5961
1122
3413
1142
4617
3235
2429
2706
1155
3765
2959
2464
1742
1780
2761
1945
9516
1799
2476
1750
635
1269
1652
18737
1975
2417
2118
1092
1970
1483
1998
9853
2244
771
1439
1464
1635
12649
2004
1498
1147
1245
4127
2192
1627
1441
2249
1432
941
19055
988
601
2534
1349
1374
2208
1059
1674
1223
775
1610
1226
1945
4609
1715
1660
1214
1787
3057
2581
1351
659
1056
1133
13853
2759
906
7787
695
2299
14402
1996
1033
4806
1351
2636
1027
6967
665
1285
11313
1157
9650
2126
1130
2692
2210
3116
769
5233
2523
6291
2584
886
10668
564
16849
2221
8650
3458
2756
1170
1166
2402
744
3441
2147
1596
1061
1364
2236
1310
638
1051
640
2915
2095
1433
5614
2403
3111
9657
1064
527
9893
1503
1382
1315
5287
1396
633
1197
1133
1205
2019
1789
8726
3069
3126
5370
1147
1724
4463
1351
1916
1491
8758
1138
897
1927
2101
1610
4783
2408
2781
2278
10465
1396
675
1951
6559
5529
1353
4891
1176
2598
2492
2591
1600
1713
3146
3813
5423
1157
1001
5001
1547
8377
2664
2821
1082
8699
1754
633
1736
703
5981
3455
1250
2335
1089
1667
7568
2408
711
2072
2217
1953
1487
972
2479
12070
2300
1116
975
2014
1331
15361
1462
1333
5535
1144
1139
2726
3084
4272
1382
2246
2682
568
759
1170
4650
1143
9786
1997
4390
10009
9994
1147
4656
667
1144
2624
2054
1246
5310
1192
921
8928
3069
2334
1197
1116
2824
2225
2650
1541
3105
2403
1904
1833
2890
1484
737
1151
1227
18274
3318
1645
1067
1570
1933
1010
1762
1390
1962
1641
3487
1274
2912
3354
981
1074
2894
1320
2134
8455
2187
1116
1813
2542
938
1263
828
1286
1218
553
2792
1380
1589
1697
728
1952
1519
1408
6698
4950
1811
3393
1441
2281
1065
2290
1601
1244
3200
14768
2003
29608
4132
1492
870
2519
2155
7218
7177
2585
1115
740
1283
570
906
2302
912
3094
673
10134
959
2126
12101
7980
587
1139
931
3148
1977
2428
5047
835
843
4845
1382
1528
15441
1407
1981
753
16236
3061
755
1673
5830
1444
10258
2992
2374
2275
2277
5312
1395
1399
2328
1361
1483
6670
871
936
2557
3375
1802
1488
4732
742
2304
1763
1412
2764
965
1616
3194
1882
610
1283
1641
1773
848
1996
2403
1103
14670
2308
759
1160
13305
835
3558
1653
1584
3935
2024
2055
605
3281
1274
845
1477
3164
1496
3599
1802
2092
8497
679
6151
2248
2370
2248
2065
3170
3847
1234
646
2142
1388
654
1324
1654
1445
1504
6309
17951
778
2348
1914
1981
1645
1991
757
8203
2876
1966
1511
3201
1696
2303
2304
2140
14434
851
6498
795
1139
1286
1323
641
965
9883
8438
1597
2296
2036
1541
2161
3034
5467
5830
2294
2079
1960
15013
2168
4432
1401
1434
3112
713
739
896
2020
1259
1623
5173
3215
1325
2666
1073
641
1302
3651
866
2392
7756
2818
2895
5322
2361
1024
2197
6788
4262
645
2699
1566
936
2014
1864
2718
1758
792
1423
4927
1551
8981
2454
2821
2799
1569
1907
2444
6061
1557
1985
828
1113
5984
1296
1968
1326
1965
1046
785
2580
1633
1355
2911
2253
486
10816
2146
3087
4204
2254
6484
1525
929
1019
3654
12763
3470
2146
2008
1667
1357
1320
1071
1455
1643
28122
2333
2933
1562
1138
2057
2325
3394
946
1649
880
738
1190
633
2535
1676
3527
1154
1531
2721
4588
1423
12113
5163
5606
1994
6969
3004
2044
450
1069
683
2178
1342
6949
2337
1669
5779
1602
906
1812
2994
2560
2352
1153
4110
2376
2146
672
1489
1376
1272
1932
1890
2598
4128
1146
1584
1845
19354
3693
2120
979
1405
1821
1936
2813
1829
2095
935
2293
1155
923
8035
11208
7887
1481
834
1102
2709
2653
1647
981
838
2725
1365
1205
4449
1894
1510
2195
1005
1224
845
3326
1822
1079
2019
1344
1576
714
2222
4408
6887
629
1566
1914
1659
2324
1604
3152
2512
859
1069
2822
2037
1085
5596
864
742
3017
2268
1325
1240
7266
2008
978
1968
5960
9654
14835
2283
1725
2948
2194
721
2096
10020
3440
844
1776
1148
1024
2661
2705
2072
947
2084
2610
1920
1763
733
1866
1910
2610
3850
4255
790
1214
1186
1706
3415
2182
3152
3506
4777
1499
1307
4428
1815
7172
2576
1912
1968
6449
1280
4850
1061
1722
1441
1547
1361
1956
983
1861
1334
906
3220
606
16373
2452
2621
781
953
935
1378
2053
2240
3810
14131
1669
3773
872
1692
1567
3818
1871
2242
700
1912
1218
2986
684
1989
880
1604
3816
2244
744
6121
2225
10304
870
1023
1443
6313
4174
1489
549
1611
2725
884
10531
1439
1974
9105
2210
3011
3016
794
1673
15416
503
2977
1833
983
1022
3090
820
2809
2641
1383
3466
1171
2737
2344
1840
2400
1131
1424
1803
3007
10676
3271
1404
1157
1724
1989
2921
4149
2072
2019
646
1023
7982
4718
767
15535
9538
1685
1203
4499
3971
2663
1538
1508
1374
848
1644
2311
3923
2206
1742
1371
2012
1013
1267
2205
992
1663
1003
707
736
1233
2545
15903
710
2199
2424
2799
917
26861
3266
2454
2345
1909
1698
4771
1875
4289
571
1601
2135
2938
1640
1861
1612
656
6574
5019
1484
2884
1414
1322
1632
816
1669
2752
3145
714
1166
1333
801
483
704
4477
1625
5128
1849
1000
1125
1204
2753
4418
5091
1086
1042
3253
14682
879
1047
1306
1829
1923
3375
1436
2307
1483
1801
2382
1676
1779
1731
1340
1260
2822
624
866
1802
17024
1715
556
1473
1418
2932
582
1946
1337
2614
