16136
4483
1715
8831
10925
3905
23252
17777
3393
3514
4971
13320
4358
5179
7156
7956
8058
7473
2227
6043
13781
16477
5870
11080
7444
2446
9471
41188
11312
18664
19663
9552
2637
5828
5416
8709
12534
5173
935
2436
6232
4007
8084
2809
3436
4792
4279
8091
4495
2156
4334
5333
3030
5706
1261
4369
3681
14358
10627
9438
29176
2662
15198
7802
3223
33043
9101
19743
7077
1600
17136
2971
3207
5506
5259
3854
2647
5772
14163
3026
4289
3704
1943
11863
1878
2964
19823
3983
8711
5243
2692
5918
4342
3860
19461
2768
5160
13963
4549
8611
17721
6353
10052
4791
17850
2668
36984
1842
5184
2832
4638
1251
6265
2015
5507
5962
1320
3332
5656
16184
2979
5718
4430
15303
20038
14540
8076
14239
13104
13111
6248
14152
4520
6579
9268
8441
4946
12304
6227
3075
4546
8710
2047
1661
23292
9141
4396
2270
4828
4558
4965
9059
11088
14956
9434
3899
2291
6679
8664
32046
10532
2959
1728
8924
3489
3403
4964
15709
15900
5603
14694
6969
2557
2098
19915
15203
3511
9724
5845
12929
6068
11769
2429
9544
8368
4208
6232
2931
6544
4006
2357
17774
5587
2139
32428
5422
10562
5231
5242
7715
14020
4423
6214
985
3477
3286
19309
11636
15665
5509
7000
3113
3578
14250
10291
2526
10252
3103
7265
18070
2948
5063
11158
30663
5307
12645
2207
6514
2056
15226
6177
2235
2463
9529
4667
22227
1958
4769
7128
5931
24302
5013
14332
4592
3401
13455
5953
3015
5256
21390
10017
3217
31210
1573
11835
16696
15932
11391
8528
4675
3569
7404
6030
16629
5749
3425
3584
4412
6940
4470
10757
1523
11307
13213
12333
1816
2055
5121
2786
18986
13759
8184
6747
3927
8137
2716
6108
4010
17556
9634
11810
17435
4431
6003
1055
6607
7732
8588
3443
27527
5601
6708
7736
3460
17935
14364
7034
5760
3733
1789
16459
20581
12758
5562
6344
8183
9922
2644
7737
8611
1964
5532
20919
5755
4095
15806
7589
2402
2684
5555
4921
9646
3810
8022
7981
2931
8138
7250
5240
3283
8269
1145
10094
3704
2934
7714
5733
7676
1159
9580
2906
1063
13846
9075
2993
13954
4779
1333
1506
12094
9708
4807
4630
7904
3202
7770
12708
1048
5750
3472
4576
4094
9142
26893
5861
5509
5681
6945
6077
9390
7477
8631
3542
5479
4246
6017
2619
11262
3608
18651
10422
4501
4106
4195
5597
23087
10631
14690
2844
1341
2851
1395
7420
7582
3111
7749
4983
1393
15510
3631
5204
17694
7231
2846
17632
4527
6900
9761
3924
8306
6690
1515
5001
19407
8047
18406
2295
7035
2764
6348
4489
3683
12672
4521
2626
13850
5191
4229
2599
6932
6518
2486
1780
7168
13726
7056
7983
4562
7403
4585
4302
8398
10975
4637
10457
2528
5715
2104
3156
11909
2027
8090
5239
4502
8836
7294
2980
1772
5058
8772
19716
4966
6177
14565
5227
1377
2854
8738
5658
4148
1537
12820
15195
10546
4624
7183
30307
6923
6281
13077
1924
3189
6877
9419
9169
1501
6849
8205
2959
4832
7417
2995
5054
5018
9586
25481
7104
9780
6369
2975
9510
4436
3594
1657
3038
16447
4326
15114
5693
20302
4085
3366
3941
15886
2446
6234
6486
10758
9634
1445
8513
3656
17910
4893
11274
3062
2986
10417
18226
5186
10925
7355
9996
3850
25011
2978
2711
14189
7014
7137
7167
4163
12326
1888
2225
2118
14797
11345
8720
3956
2927
7571
23769
6443
25552
10355
14132
6813
18939
3580
3345
7024
4723
3649
10650
11395
2554
2729
4313
3011
7662
2836
13640
28750
7304
2942
3591
5942
10211
13859
4180
5118
19461
6888
44413
3668
16132
7717
1270
11646
1575
5659
8012
8148
6070
16789
23122
2542
17692
4921
8712
6359
3925
2403
25395
7445
21996
3017
3727
18574
7430
6413
5014
27279
7796
12248
1787
7726
3896
1237
2409
13165
3061
10532
3871
10537
10148
2412
4896
6845
19613
9555
2569
3893
1329
3568
1409
6908
7664
21092
3358
9763
12143
5661
20475
6075
5052
12362
3972
31138
11170
9883
2967
9390
13359
3498
19229
2195
5939
5406
3427
10472
4311
7244
5695
16911
4255
10520
3239
24936
6017
19749
11087
6114
9960
1396
1877
5874
7826
5123
3702
2560
27727
7391
11107
1900
7680
6490
5072
6139
9230
1777
2549
3112
11174
22815
9645
2043
6968
13752
3809
10072
2930
10581
9380
4162
2533
13266
2976
14518
1925
6207
5730
9202
2926
14439
8143
8721
6662
4373
3011
2900
10308
6409
5639
3421
1736
24756
10039
14027
10224
10039
9019
5179
3946
5195
3805
6394
12914
11329
18578
808
9228
13861
5159
7275
3785
3956
17082
5938
4394
21852
10246
5475
2368
1882
32439
12299
3818
2142
2940
5668
4820
12529
11119
3555
6636
3586
3607
11717
24137
18298
27157
6001
2566
11133
6582
6954
4815
31265
3613
4484
3897
8474
3008
5853
11524
7760
11812
21333
8296
12533
2585
9496
3734
7881
27449
1102
8414
8022
14988
6698
9609
3926
3563
2415
4744
1789
8200
14392
16330
23559
4221
3853
5227
12145
12641
4671
2139
2494
4843
7235
2641
6052
13531
5656
6182
3012
10192
8892
10366
3709
5959
3069
2929
1336
2998
5218
2994
22465
5136
2231
15112
2529
1409
18339
4068
10263
2277
4417
1853
12511
8883
2224
11914
22201
6073
10489
7933
10494
5351
5401
8425
18270
11154
5005
4019
8100
4460
14840
6058
6875
2950
11447
21476
2802
11436
6987
5776
8201
8374
9152
2157
10945
6557
5631
13602
13517
5712
9803
6006
23626
13019
10129
7567
15574
17044
1924
7381
13726
10476
2915
2177
10452
11414
3478
10924
3931
5310
3676
9045
14629
5626
5607
12319
11603
4152
4500
2226
2540
11468
3367
4114
3268
4869
5989
3817
5854
11706
6011
1673
20068
4408
2673
13200
5220
10663
2592
2576
18159
7722
6838
8513
3058
10013
17123
20089
7599
2501
7992
14816
24354
14184
21498
11326
2534
4256
7134
15278
7598
8069
6976
15580
4768
3708
9494
7281
6652
12679
15119
1843
2644
11100
21491
4120
25262
11658
9060
5515
8196
27149
10684
5348
5952
5071
6329
10697
4436
14533
4536
22039
7747
4264
2302
3775
6799
7095
11489
6428
2781
15531
4405
13142
7893
2514
9286
12257
13072
17498
19659
1801
11514
2653
8953
4102
6725
8170
11702
7084
4328
26354
6712
7694
8424
2967
7535
1130
4663
2493
1603
23644
2138
13167
5652
11634
21031
6801
6325
4733
2730
11134
11339
6444
3427
4842
3609
9534
3964
3244
18221
19671
3708
4897
4128
17285
8444
11184
5890
5537
11559
4936
11530
4968
13953
6638
27425
5191
13456
5046
8741
3995
6409
4947
6748
13202
20785
3378
4182
7470
6419
1820
3769
5717
4919
8734
9625
6351
4300
6776
16388
13381
11099
6444
15468
9318
7565
3572
5686
1312
6192
12870
5614
15071
2961
5556
22573
5168
5080
28483
21937
6921
4669
17050
2870
6609
8126
13706
7240
10365
3089
4085
6951
8822
3666
8208
20914
2325
24744
13409
10572
3337
6809
4265
1575
1561
6509
18023
9615
9325
3254
3939
11679
14072
4908
17601
8566
6190
7084
7724
3734
6008
21016
10673
16042
1773
8440
1953
6633
1310
6540
6746
5078
4598
2506
15092
1495
6700
13992
12362
5791
2922
7755
8648
3121
8327
13343
4620
9440
7876
3639
5758
6605
7002
1847
5612
10807
16414
22978
38046
7086
11122
30712
4667
7173
4883
2627
4660
3685
4432
5737
6791
3557
4412
17978
8925
3734
2679
2483
7914
4308
7850
20207
3299
4609
5495
32329
5697
10522
6131
3540
13466
5209
985
4537
12911
11093
3165
11313
18484
1712
3421
7318
6498
13477
9732
6599
1454
921
13047
3442
5366
3180
10948
11536
9808
11099
11454
3493
4602
16832
32250
27682
2099
5657
14354
1508
5271
896
4552
2791
11548
2892
3126
5035
4379
37650
564
10789
1887
7988
16876
15471
2642
7041
10154
3488
13952
13915
9431
5538
8928
14603
8269
5454
8769
5658
13627
4211
1627
8122
1921
1868
9148
2227
11960
3444
9683
8405
4358
10176
7771
11153
3621
13828
4388
20472
10590
20500
4352
5009
4139
2079
4597
4375
3036
9671
5601
3232
1623
5530
3834
7482
4592
23294
9668
8938
5873
4881
17266
4671
8071
5441
3143
7996
11920
5533
5010
2575
4838
4888
1091
6806
2008
7989
5358
8584
3855
14967
18664
3735
7310
7308
4996
3190
10293
3659
17552
10360
1883
6414
25804
8212
12007
1932
8021
5784
7058
17678
14657
4388
11354
8497
2979
8661
7948
13547
2961
7342
4717
5578
3834
3842
6521
3092
11681
29504
2576
6137
13336
5678
3895
6042
2831
3684
7097
8690
3374
11786
2853
13901
6502
7413
1438
10359
14452
3303
17527
1572
6203
13524
30085
2120
2975
11488
9984
18265
5896
7441
4904
15739
8692
6186
3255
10957
8177
4212
10629
11360
8587
12333
3057
8167
6374
15859
24553
3237
10703
4400
4735
12448
4924
8569
7837
1855
7716
10121
3646
5460
4733
4697
7707
10634
5404
16801
3579
3708
4099
6019
4835
9628
4122
17019
8529
1020
2308
14920
7274
8083
4766
14864
20755
2732
2615
21098
4863
10363
11300
6535
7317
19767
12926
19176
4948
14279
5777
13557
11213
18161
7395
7793
5163
2039
4173
2467
5893
5115
4180
2658
3782
16117
17877
4968
20883
7126
19043
3331
11225
11984
3818
9366
1977
10506
7170
1783
1710
9089
1789
5187
15409
1486
10181
14006
5575
5359
4972
4289
16417
7622
5130
9644
7578
9392
4171
14050
994
5398
5053
10875
26218
6748
2353
1942
16487
11304
2127
7058
3635
4386
7114
10581
3130
16001
7406
17729
9862
8920
4675
3231
4772
10661
8454
7671
13405
6864
12274
2239
13700
15389
2803
32550
2064
14453
4617
6205
4000
11271
11420
5984
12648
2017
4416
3780
5287
4165
4654
4623
2349
2345
12287
7216
10942
6158
5366
10155
2495
2599
2466
9287
2043
10995
8517
6614
4435
8732
5922
2363
9463
4001
6563
1800
7594
11230
7226
3998
3025
9908
2098
2355
8822
7179
1667
6269
13369
4187
6336
6837
3329
5899
3197
3977
2501
6055
5549
17053
5883
9137
7941
12511
9756
2892
11230
1932
3706
9669
6210
3279
4689
5816
6951
9781
4900
6109
4646
3540
6795
3202
3851
7768
23901
5162
9309
8139
5519
4797
9869
6327
7912
2066
1856
6867
4952
10408
3734
13712
12836
16752
14942
6486
5798
3414
15536
11391
7691
2438
3661
6510
7310
8767
10158
7094
6535
10233
43850
12428
1955
6013
7797
16146
7694
4475
4718
9908
8388
3052
9932
14699
3840
11823
7658
4638
27670
998
7517
7758
18261
5322
2325
6889
6004
8323
6541
4439
11487
7575
4595
15277
1678
31376
10926
7357
8180
2608
11848
2149
4486
5173
8804
5594
23826
9166
8996
7071
2561
15431
26584
2509
7693
18226
8132
9903
2253
6037
3926
5285
3303
8486
6787
2984
9349
6605
3893
8341
2592
7753
5705
8539
4370
5788
3242
3462
8564
10951
2756
10653
9011
9653
4134
2748
10589
6217
10769
2477
9973
8072
9619
3487
10995
8971
3453
3305
17841
4758
17819
12724
5971
12312
2499
7535
23382
2401
4708
2736
13931
3785
3847
1745
26604
14098
11277
10726
7018
17934
5540
2219
13981
4132
6629
13253
10085
3591
3544
8871
17935
5510
6294
20927
8736
3857
1484
9946
3408
3087
4540
10385
8314
8491
1197
4970
11739
6834
3216
7071
8354
7026
5218
10543
1753
4798
5451
4108
1945
2936
7346
2157
1489
19268
4735
14598
7990
3890
20217
12246
10492
15318
12485
6624
5099
2464
6401
12985
12995
7154
4959
5157
2858
3722
6122
8304
3091
9522
4007
2582
11530
18640
9311
10338
2239
5288
4515
16637
3353
3448
6581
10371
14085
9175
11743
26688
6802
12858
5106
4606
12417
6577
8934
12024
5109
3490
3553
7621
4232
9742
3365
11758
4301
3829
14835
12889
7253
17130
8150
7110
8130
7719
16814
9597
6949
4448
2260
6947
8848
8777
4203
4529
9294
12668
9746
12321
11256
14888
4034
2447
7528
6603
6939
4122
13451
4354
2662
5893
5188
10510
9572
5542
2488
3258
7111
29033
13325
4265
7334
12851
2498
10264
23140
6197
8437
3842
13891
8514
2003
3076
10881
18580
1974
3090
2890
8961
7286
6836
1299
18470
5872
6286
6108
6430
6300
4097
15755
11179
15230
9412
3386
758
12087
2795
13775
2893
3263
3661
15714
7332
8029
7006
4537
17338
8427
13961
5254
5527
2154
10649
7623
2402
19523
5682
5068
8875
1727
25135
9713
19255
6119
8124
4831
5364
9856
7948
2645
3166
6905
5333
21851
3118
9063
3847
9966
3746
3881
18588
5263
3906
3614
16816
6356
3738
19967
1744
5693
6845
12616
3132
8102
3652
7857
13861
13159
9230
19688
4196
5860
12245
13700
16673
15951
5853
15014
1811
12333
3660
5589
6102
23965
12341
3549
3246
8502
4398
4593
5990
4967
3469
23441
8648
8963
5380
7464
4913
7370
6869
5716
8395
4830
5995
4303
7735
4744
3531
5067
11212
9937
17346
4345
2565
2622
2494
12073
5910
16760
10067
8034
12682
2525
13318
13768
11015
3313
10592
7230
4329
2003
4348
4983
6029
6198
3771
2276
7034
9018
4190
3017
22379
2010
4350
4636
4772
3606
22997
4535
6066
6509
8384
3728
3402
20073
8713
5429
8745
6769
9557
13063
16882
2663
3345
2292
9849
10227
5122
7213
16516
8139
6618
5628
13464
1580
1073
19717
15283
8963
3737
7654
11841
2554
11947
2856
8198
33553
5049
4003
7325
8675
4235
9494
6599
2377
3730
9573
3715
9762
3755
3818
9258
6609
2563
5649
4204
7762
2090
3098
10999
5028
4927
5351
2055
2542
4255
3852
15212
3963
4205
10939
16427
17888
10448
10704
3534
5698
2810
3501
16995
4539
5990
4094
3389
15261
14299
5175
19674
7530
13526
10631
5244
4162
3119
9787
5611
15154
4661
5648
13914
5640
7598
2815
13093
3784
2378
5939
8070
2523
19110
7102
3196
5540
21118
8943
4893
2837
9749
13211
8772
2300
9312
4085
7529
3687
12029
5289
5189
6801
12299
9386
3414
17659
9458
2708
13502
3650
1276
10286
8357
2857
5123
4807
3631
5483
5099
2830
4915
6611
2267
6569
6071
14614
3882
16860
21614
9978
2328
1994
5863
2896
7368
6501
8012
7958
18044
7901
9222
3677
6202
2131
5290
16299
15214
12849
3057
1258
4832
3792
4569
8188
19635
4849
10772
4593
10335
10538
5351
3558
21353
1720
1653
11915
14320
6932
21614
9720
2853
5386
5108
7300
3699
24913
6211
7245
4091
4320
2385
16919
3611
17229
14740
3038
6505
16383
19232
2253
3934
22360
3463
3358
6785
13971
8668
13254
3490
3081
14185
10699
12398
18073
4448
8908
7359
4918
4063
13905
13044
4199
5866
10194
2254
7879
4189
6844
6937
10109
4452
12519
8948
7535
23684
3404
4978
3525
5895
2667
4990
21476
7690
1861
18397
7588
26399
4208
4266
8706
2140
5596
7140
5346
2710
3252
2347
5215
2376
3207
9146
6339
4858
9710
7946
10019
4840
17674
7637
4300
5880
3235
9498
15774
11469
18743
7848
7298
12206
2866
9264
1931
7671
2641
6007
14265
7913
2706
4641
5539
2673
9632
6934
2184
4553
8765
16410
7567
7847
2626
4192
3387
2290
3130
4696
4792
18509
3908
8743
10281
22171
2230
7279
1556
4542
12544
6584
2752
3226
25070
4839
12098
4547
14408
5051
6065
7654
3616
1174
3057
2930
8196
13203
2860
25246
7452
4472
6342
6263
1258
4320
2192
15266
16004
18146
6423
3883
10395
5095
3916
4413
32010
5015
4061
10310
3991
3211
4396
31197
11953
18622
3441
7900
16300
7298
11456
4481
5221
7684
5054
8935
3481
30523
7398
1734
14831
12289
3253
2862
5705
6543
9740
1517
2146
1312
1225
5939
2782
4132
25439
5784
5676
4630
6662
4756
2667
2865
15394
19185
16243
3077
2943
8116
14410
10009
4893
4739
6486
2500
16184
4612
5818
9919
1972
5573
11507
10267
17444
1324
4998
8902
5697
5055
8651
6319
6954
5002
8344
15713
2167
767
4365
6958
3585
10591
10583
12200
1730
2092
10063
7647
22632
6906
5262
19028
7787
15967
4884
11134
3184
5371
2134
10065
2887
4510
3042
33684
13904
3424
4465
8634
5370
4084
12963
3721
29769
10794
3778
3967
12419
8843
7460
17128
12729
8607
22620
6899
11439
18211
12813
13923
12193
5799
25080
3617
5934
10769
8254
6806
4069
5204
7883
2831
5723
5490
8035
15374
1712
4833
2134
6804
14709
8984
8590
2517
9629
2344
13549
2827
16346
7450
4828
4873
12217
7440
7534
6463
8169
4437
3185
15436
1817
16684
6241
4645
5362
1923
11067
7303
8257
7174
12372
5748
1961
8409
5512
4717
2100
4222
5785
8441
10792
14832
4900
3701
1720
22910
7795
5449
2242
11481
6011
3064
7418
4479
4860
4170
8072
5254
12317
2302
33770
1843
34547
11568
4021
3035
11192
3199
7361
10805
3361
3709
7841
24256
13857
2234
5888
6470
6459
3712
4659
12583
1996
7502
10608
7871
3663
13745
3460
3631
3804
3941
22185
14600
3529
3476
1175
19772
5345
9367
6205
6813
2675
5567
1926
4148
3156
4237
15425
4213
10690
17453
2446
8776
4871
18534
8096
7038
4754
12847
3682
9400
17998
2717
2131
6840
8710
8454
2320
3837
9142
7256
6019
2838
3204
3271
3690
4770
4575
7899
3278
1752
19053
7151
20169
2216
1802
3861
14069
2140
10242
19288
6287
11540
5397
8415
10242
8907
3383
11388
12680
9794
4338
6354
10952
8981
5578
3856
6117
5209
11248
1563
4152
8788
5799
6540
4713
10552
1503
7964
22497
11865
13832
7054
8618
1408
3443
6786
4829
7490
2907
9556
11032
2106
13210
12453
10571
7660
2930
4748
2117
6215
16610
5321
21392
4014
1997
8888
7124
11858
11889
3523
6263
3726
4015
7026
2168
5883
9260
7057
6467
6479
5951
5269
4937
14548
2809
3457
1944
1625
5892
6143
9527
10737
2780
4306
5076
3577
5249
13294
2560
4632
5313
2699
2701
3026
10217
7716
2212
7858
11431
12067
3298
1863
6174
4713
2920
26787
8120
1577
3834
7119
3530
1983
17810
7601
7966
10318
27074
4703
6771
1783
19066
5376
7092
2535
11466
12123
4781
2470
3321
11781
22785
1757
5366
4272
5880
10509
24119
10864
4319
13481
11025
4924
5214
9480
16027
6488
3908
3326
3012
3679
24485
20759
4997
5487
4991
4936
16495
3518
8569
6228
4058
19683
3330
19165
13180
1893
1828
5558
4880
8958
7081
2681
9403
4758
13059
4335
11236
3890
6207
8835
5683
4062
3092
1785
5900
8374
21253
1135
8970
7224
4860
9826
4177
10476
2478
2254
3806
3862
3271
20301
3745
3385
4553
4224
2180
3865
4758
6866
6169
7261
18119
17339
2093
4078
7867
15138
32922
5275
2285
2407
4352
5732
1755
1881
5239
5875
3389
3283
4020
8846
3294
4549
11552
2884
6964
1488
14564
3385
3048
2674
2346
2429
4722
4607
1406
4572
17133
8701
8502
11630
8823
11437
17871
9323
3833
13569
4742
5903
4141
10910
13147
6257
10815
12883
18044
3835
9674
2998
3302
1064
2883
5381
11981
3211
11479
7389
4771
2457
4421
6367
5731
7373
3094
6010
9248
4092
13532
15542
9567
2890
16205
2187
3449
2071
2193
7510
3937
16286
1964
24470
16239
5622
10933
3671
7523
13081
5351
11441
10673
20109
34365
3955
6807
10122
4127
3900
4235
7068
7296
9784
2730
19311
2724
5608
3958
1603
3420
16511
7726
12814
6353
5386
3903
10533
2147
7491
5652
4500
10388
2994
3696
4901
4109
6717
3287
8293
8767
12758
2269
6069
6127
18530
6326
10255
6882
8262
2130
2882
13179
1171
5475
11079
4374
1819
5987
2239
13535
4475
6983
4267
12881
7157
1561
6908
14932
11358
6784
9578
4015
2619
2695
8655
4940
12991
2715
12112
7193
3221
8322
1987
14482
3407
4245
3156
3294
9996
12964
12099
3394
1587
8891
3966
2687
5045
6958
8273
6916
18943
14252
7134
2161
3060
7602
5993
27006
1907
1712
3061
5350
6284
13433
5746
2936
17363
4819
1589
4657
9487
3483
8010
5872
3166
7965
5414
7653
1609
3842
2450
11764
13591
9863
12023
10034
19236
7818
14478
7445
6322
21074
3128
3186
1717
739
4015
935
1047
9126
9958
8763
7502
7725
13743
11246
4611
2172
5902
19245
10627
8320
8927
2560
11844
12631
2731
17865
6535
4259
7083
4235
10926
11288
3265
8974
2226
3584
8359
8863
26985
11300
8951
10220
9518
7393
2547
9538
7015
1761
8162
9182
6540
3677
6412
1852
15002
19493
13151
8509
1558
31324
3198
3473
3521
5769
3239
20951
9410
17009
4730
15969
9924
6008
11758
6411
8027
8121
10565
6870
8796
2987
3393
12951
8953
2502
7777
18052
11900
5854
10111
13948
8309
25294
7858
6420
5241
2844
3297
5190
3929
14233
10233
2154
13447
5409
5559
6019
9304
6569
2362
6919
4065
4814
6595
9308
6673
10790
5076
5170
9769
13240
4138
13360
4894
7564
3113
8726
7308
20554
9277
27896
5570
10924
3946
10474
8169
4611
14762
7141
9008
6738
3204
1616
7626
2799
6162
11287
3921
14797
4974
5935
6019
1765
3293
3675
7335
2270
17277
1842
8221
4970
7806
9400
5151
20300
5808
4253
10584
2326
16880
5392
4000
3265
4337
16036
3471
3931
10196
7003
5284
1800
7130
7877
4702
2053
4782
10068
3467
4028
3330
3615
12223
10705
4307
3833
7158
10227
4799
4222
9384
8129
16417
4733
14814
13616
5807
3057
11119
14163
17446
6100
20467
1010
5373
11195
3081
6882
4011
7393
5268
4241
18131
11259
7142
3647
4820
10894
29345
7464
4055
4021
7029
8825
6000
9501
5167
6505
3478
4295
5847
16194
2518
23340
3151
17999
2162
7619
20832
3892
16569
12438
11048
4384
5148
4646
3721
12602
1889
8310
21601
3867
7938
11896
8205
13668
3436
4640
3547
19844
6920
17594
6912
14574
7247
7102
6696
7696
11774
4568
6190
1368
8356
3528
6428
1978
2599
13369
3830
12325
26840
3509
18603
4690
3044
6736
1709
1374
24429
3944
10797
10585
14985
4668
6264
7906
5178
3408
14665
15316
4385
4328
6563
1933
3632
826
7985
9638
1806
10361
14287
5480
3518
1510
3323
7294
3396
6601
19845
4212
5675
7139
3023
6989
5562
2935
5100
9286
3880
8989
3980
14900
2715
8999
3980
2133
10982
19529
4365
18764
25056
7861
6512
8895
4532
10521
6497
12315
10583
7718
1968
7104
10039
7782
7065
4344
4624
8567
4333
2060
5961
2882
5328
5322
3213
1648
1270
2307
11365
5402
6067
2348
2537
7958
2823
8855
4833
3383
3243
4667
2818
7426
8296
5799
8945
5748
1426
3398
8629
9515
3932
2549
9116
2622
22339
2989
5091
5712
13070
6392
5160
4245
1895
5059
2974
8185
2383
4183
2278
2185
2397
2525
3038
2181
13514
3251
1159
13278
6824
10492
8032
7518
6081
11772
3682
6887
8592
10588
15000
4377
9332
12472
2534
15529
1575
6540
30957
3576
10104
7109
7721
4967
20754
9088
6525
6086
3863
9367
9740
5219
7909
9729
2031
6043
2419
4205
2433
4764
3869
4682
11865
9591
12678
1991
6853
5481
3591
20245
1712
5664
5472
13485
6774
5210
4257
11577
2003
4628
12801
3042
7156
7546
7312
10752
6547
3982
4187
11560
1614
13895
24184
14468
3731
16160
4584
5013
1324
14548
2162
5402
4691
2186
5986
18845
1620
1999
5421
5476
5157
7110
4121
7524
5744
5604
9552
11693
9280
2137
8322
2911
1915
24574
5349
4611
7161
18812
4758
9302
3108
16445
39781
6076
1269
7191
7885
15130
5919
2086
11941
11696
8762
3100
1731
13810
2833
7403
6970
11159
13806
21757
8053
11320
14651
10454
4295
17869
17770
4656
4494
19736
5971
19444
3360
3320
3553
5454
12736
5288
3404
35312
15985
9176
3784
2277
3485
5241
5041
3268
18813
3405
9385
2369
26479
6593
11538
12292
5438
22485
3985
1021
5537
23180
9062
7617
14754
4838
6394
5460
8892
2188
9129
6743
2821
3179
17901
7391
3102
15882
2333
5018
5934
4823
8391
2288
2376
4104
4781
9326
1970
19087
4922
5850
3338
5715
4091
10038
7351
8755
7363
6808
2296
6546
4914
6153
4767
5474
9009
19045
2337
7909
7059
2878
9130
19307
5461
13724
5069
3552
5553
10423
5193
8943
9730
5440
4113
2986
3552
2717
4919
17104
17256
3498
16187
4836
9209
13909
5144
25635
9404
4105
4487
5471
11087
6656
11167
2765
9051
18149
6718
4137
4747
6035
7102
9453
34082
3696
10575
5181
6052
7171
3360
5925
3174
9252
11757
13322
13065
6077
1160
9375
3487
7753
4846
12881
1495
1736
9453
8997
5818
10687
4377
5604
9323
10590
8594
19013
4195
5915
3978
9550
806
6775
5428
6778
10767
2138
4262
2354
2914
5125
5397
6859
16717
3300
10152
6624
9962
5924
6777
5439
9635
11091
5518
5945
5182
10847
5003
3372
13412
4859
12704
3321
9569
2792
2937
14207
12780
4750
4176
6872
2568
14043
24456
7720
3268
7886
20326
4764
29014
2748
5253
4485
7551
8263
8279
4115
5179
3779
10244
8122
2915
9648
11284
16878
4935
8931
13537
9099
4273
17629
5804
27947
3575
8440
16090
15574
7984
19030
4517
2329
1962
10310
12279
5525
5705
12872
7566
16143
4406
5170
10017
15286
7549
8348
4070
2939
2976
3087
1465
18260
2722
7301
6893
2335
1379
10827
19945
6126
4802
14356
3335
22765
4409
8308
9923
2829
1507
11319
2423
3328
12843
3406
5277
24219
7874
3008
3531
1869
8459
4794
8512
28410
4504
8928
4130
2999
7081
5371
13692
7271
6552
7682
3566
3640
12849
4119
5392
4614
8150
2378
15313
12082
5630
5947
6812
2271
3120
5772
6027
13636
4202
23119
4510
36410
8491
3138
11621
14039
31525
7744
10288
18772
11037
8560
4422
3640
3984
6152
984
3652
6350
8472
19779
9864
7505
1165
16414
6836
6479
5703
4404
4503
9264
16627
15756
16931
2033
16522
3261
8013
15090
6952
5230
6365
4825
1098
19854
22931
5202
6231
1493
5507
7742
8957
2227
3041
7677
13922
3639
5220
5801
5908
5053
14646
20030
4337
16237
10255
8257
4185
5224
1310
1619
5920
2210
25968
5436
3772
6076
1743
5778
17881
9292
9883
1978
6626
7375
3329
21340
11453
1576
5527
4549
3219
2649
2172
4284
16214
5358
3115
15260
9873
7176
5751
13422
5778
9391
4731
2408
3462
2299
4671
11560
1762
7709
12077
3615
1625
10726
4848
8512
9845
3544
10334
3685
13260
4221
1147
3866
10968
9707
11134
6515
6092
27988
7834
4937
30293
7982
10153
13821
6347
20699
6276
5014
23552
5171
7417
3804
4221
10799
1850
3862
1744
6877
8288
11728
10528
4536
8427
10517
3478
18983
1602
2124
12178
2526
29567
13658
6040
5014
6272
2387
6702
12180
3518
9851
25359
4743
4699
5574
8650
2258
9262
14457
11935
4222
12995
4997
16671
10620
30777
4687
1967
1722
8246
4369
2475
3746
7282
4599
5397
15005
1534
2857
8401
2933
22059
8413
13643
20978
10233
12065
5106
11497
3697
2973
3747
5867
12448
6217
9978
19393
10307
4040
4991
10797
3563
3296
4790
5345
8493
2112
2998
10174
9877
4380
6438
21729
3640
8792
10147
4729
2434
3016
4216
5690
4269
4349
3118
3030
6303
2763
6836
10553
13681
5062
15581
16903
6892
17212
4122
14986
5235
3481
8172
5021
2597
4972
8524
1358
2514
7488
4175
11519
5500
5508
926
6552
17404
6068
6261
7306
2027
8237
5574
2451
7624
5051
7394
15452
1668
7439
17664
7376
1649
29578
11021
5547
28721
6124
1511
3851
4774
3718
24713
5449
5937
3246
2389
2990
3156
6641
2351
2518
3577
8883
6314
3584
19767
4528
3721
8945
18035
2556
11106
2202
2771
11343
13430
13944
12544
7217
1943
5271
1838
4225
5408
5707
1932
2430
4831
1973
6891
6560
9150
4634
6984
15057
14314
33254
7133
7226
23815
2971
4999
1995
24045
3769
2783
13129
6636
3387
30407
25773
4782
13032
18092
7980
2607
10792
12115
8868
4711
1921
5317
4618
21342
5774
1455
9424
22638
8692
4624
11925
8538
2913
1580
7119
7283
8085
5735
12813
6885
17109
2077
20055
2996
10188
7462
20287
4891
4120
15855
2631
2720
8667
8776
2021
13602
10049
22724
7367
9490
10300
9444
3334
1397
8245
4045
5807
5955
7824
5051
2609
5176
11836
3261
4264
4175
3880
2374
9040
2506
19787
10095
10237
13332
2177
21602
4197
5905
13831
4366
9734
9557
8532
3159
33921
4567
2967
2452
7736
11361
18131
5347
12680
9846
3457
6016
10478
11105
6650
9958
6632
5309
2337
7378
9854
3246
12870
7984
1425
10184
13044
7418
9109
2949
2422
4212
2247
3713
11855
7649
5239
14399
3738
7348
8652
7231
4305
14621
2937
4901
10623
9950
2435
6835
8095
3439
3430
15306
7250
6610
7835
12992
3023
21183
17694
16659
9211
2055
13667
12505
6785
5978
6997
4286
8713
6753
4271
13152
8186
3585
2521
15724
5670
3624
9060
4716
3552
4991
11821
4489
17408
6703
3010
10853
17493
5391
39153
2587
3586
2130
1660
8884
2951
9985
5932
6350
4691
5142
7835
5258
3801
13386
38571
24884
8062
2243
3043
4590
2287
2518
2570
5319
1988
4706
6625
5083
7455
11912
4403
8460
3047
5868
10297
7832
2679
7585
7615
6560
10521
10143
12213
8742
8854
4495
6091
10922
10443
18173
46125
3947
13642
4892
4807
16395
1653
6518
11134
4687
16086
17119
4599
1920
3562
4483
8242
13711
12463
2773
7977
12327
2772
34803
23395
7023
7872
2146
3719
4559
3015
4830
5369
6585
10648
11744
5966
2634
7219
6909
6019
4111
8140
21950
3764
7144
4697
4719
7411
7411
8250
2784
5041
3374
17243
3021
6172
3917
3327
6236
3066
27182
6921
8427
4166
11578
7640
4431
1906
2314
16957
5922
11166
2492
5392
7608
2193
1950
6624
6132
3213
12997
9466
15476
3018
10061
2365
2527
2874
29846
5905
5710
10387
13954
25312
12542
10737
4882
6698
10831
1218
3909
3635
16083
6478
10389
9135
6888
6002
6850
30276
28221
4977
1863
13294
4621
16806
2773
9593
6318
23790
2289
17786
8475
5875
2817
16391
4664
7982
2853
5234
2151
2169
10839
8065
7460
3287
4713
6505
3246
11717
6176
19007
4763
1542
5423
5201
6098
11934
8935
3572
10045
4110
9511
5728
5824
8178
5711
5982
1545
7931
9354
2995
5921
4369
6177
2247
22787
4188
8417
4560
9385
8987
6687
4288
10551
8402
8490
15633
3047
5862
4062
5617
4785
6076
11136
2547
15495
10850
3933
10938
11932
14783
12659
2452
2740
12864
5255
10171
5832
5198
3367
2058
10796
8065
5819
4433
10849
6002
8223
5705
5010
6775
8419
4693
7071
22945
21598
2987
9994
12009
3659
3212
2985
7733
2103
24674
32316
7269
9191
10584
16532
3145
4771
9370
4319
4689
16005
5249
1980
2639
6342
7486
4871
10475
5942
2347
21952
19346
3156
18306
7533
8527
5519
28655
12711
8153
2905
3315
6315
4167
6184
9246
2017
25536
2671
2785
3780
5208
8022
12809
6052
2668
8835
4829
3066
2687
2315
12725
3832
10922
12351
7376
10116
3194
11874
6579
8807
10494
12046
4881
4940
9037
13579
8029
6923
13691
14694
16799
7706
2998
2374
2591
13920
14578
13126
7278
2020
5525
1740
16152
13448
1929
1532
1312
10401
7969
3913
7791
5444
1577
8138
3368
4036
7843
6728
2204
7426
2983
19933
14470
1492
4858
11699
2922
2956
2879
3688
8308
8992
8470
12428
4918
4076
3216
4505
8761
2172
4339
1915
3928
22522
1627
4514
3601
5784
6086
6925
5964
18100
4960
6166
2507
5218
5133
6193
4473
8104
36472
3780
4514
7565
1427
2144
7414
10597
5538
16384
8417
10787
3188
14790
2758
8049
8029
14749
8875
2501
6634
13546
21776
1081
18161
1836
7544
4521
4996
6503
15922
2112
5748
1469
3454
4632
5603
3609
37859
6875
9866
2600
3807
11802
2469
3094
3875
7397
9086
7633
7345
4021
12801
8554
7847
20483
8566
4930
4073
7509
11543
3733
3096
14719
18401
14770
16011
13061
3996
12655
2628
4832
5731
8183
4909
1067
4160
5424
2324
7669
5551
3155
1857
13619
6384
5477
13642
3573
10083
15578
4363
19604
3950
4142
7563
11252
5361
2217
5303
15275
5501
13820
3737
4421
6497
12390
12308
4266
3943
5296
13159
3127
918
8174
4700
11008
4583
2718
17190
19942
11918
6493
7525
10318
5443
4673
3329
5784
17359
6533
11424
5784
3391
3958
3054
6868
6315
7921
1025
4753
24073
7733
9820
13951
9952
5784
1821
14432
1915
6290
1897
5402
8974
17733
4929
8303
3412
7495
17635
20682
12010
12712
10574
11367
23076
3932
2291
17526
7094
2912
2076
4895
7787
7752
3259
10098
1382
6905
4031
4669
5772
11830
1445
9775
8506
6362
15372
1338
4963
10282
19834
11354
8789
10403
26153
18525
7731
18279
15097
10312
12806
10613
6963
3121
8675
4980
3427
4021
2227
1895
7629
10193
5708
8690
5868
7671
13248
3897
2271
7481
4886
11094
1354
22987
7406
2458
7099
10713
4991
1713
19486
11263
6847
6879
5207
2849
7659
5571
18753
3866
5376
8981
5248
12798
8534
9076
4134
10588
1674
9830
3962
12317
5510
4138
9849
8612
8936
2418
7779
6588
14030
1540
10926
15381
12820
13021
7948
4630
3675
9379
5031
1956
10857
6450
11497
6335
8307
2230
10507
4027
3201
5771
39830
7663
2780
5314
6350
7473
19875
11616
3260
4976
11614
21317
4389
9896
12529
2536
1324
4313
7424
3149
4117
3259
8870
3855
2780
6445
4676
3528
8485
3190
1601
23645
13133
7695
11344
3054
4150
4117
30221
4750
14943
2049
3790
2429
12049
9295
30506
19131
3855
5968
6153
8680
4643
9920
2070
6018
16855
7775
11471
6464
12933
11882
5235
5236
5680
9838
3185
3196
8402
3175
10212
5190
13883
9034
2578
3747
4939
2670
7574
8429
22923
11010
4471
3551
7856
16403
1902
10743
8233
13410
8234
1204
8140
2414
7124
2587
12188
11373
7048
10609
5094
4672
7340
3216
2390
1332
5570
2568
6954
7500
4443
7011
15353
10278
3586
2724
4906
9639
1614
18967
12822
14764
21220
20191
14399
5747
4356
2295
5161
1528
5277
1472
5748
1645
2844
4502
3850
3300
5914
7124
13292
2181
4822
22570
7879
6909
4057
4028
6576
9709
6480
11203
7407
13072
8005
5578
4170
8429
5011
1247
11261
1384
3047
13263
3779
29323
2886
9858
2059
17926
11470
13526
7412
2940
11730
9023
14825
8266
5969
3683
5281
3361
7943
7785
3618
3217
2362
7229
2828
3082
13035
8047
12591
10708
13746
4542
6215
3418
3019
6310
7491
10876
4064
13745
2236
16003
2802
22848
5145
9071
4314
8739
4777
5550
16888
21499
4070
3858
6319
16764
3638
4937
15262
2751
3668
2052
5321
5380
2788
12543
9193
12668
1647
3803
2055
4048
5651
5411
1564
13893
4099
8438
8174
7252
4331
4390
9572
6043
2854
5883
1496
3697
3641
30776
2128
5440
3143
7462
21213
14776
11152
11047
6415
13295
13461
5053
13335
13944
2673
10026
8691
18476
8301
7345
13169
7205
13020
3818
12845
5383
2483
4341
23608
3377
1624
4258
5351
3722
14841
4208
2822
2450
2734
11545
2689
11083
12978
4559
4232
6486
4482
9519
10044
9841
4555
8190
1638
1938
2327
7729
5712
1657
16969
6022
5557
21003
2628
15801
5779
8953
10206
4968
5768
16639
3498
4995
7697
5057
4742
23164
10360
16055
2284
6835
6308
12529
5072
3802
11032
6160
7926
3564
6705
15240
5435
7788
27529
14488
2373
3033
8464
6444
24710
12310
7125
1422
5531
3089
9776
4294
3315
4875
1529
18360
6713
11723
5147
17379
3745
3750
3225
3672
7498
8754
4131
5652
2926
5891
2821
11152
12007
3793
14310
21571
8509
2925
4998
8699
15145
7894
5702
14090
9506
8239
2391
19212
3663
9621
10433
3255
5063
1991
2949
12937
3504
3346
9187
4808
5105
4703
2802
5724
4146
6786
13965
4289
5206
3950
2657
1095
7743
23451
8864
9048
4534
7275
3595
6170
11213
3271
3535
10078
9115
5868
11273
9601
4442
4722
1950
7012
4103
7476
3047
18318
9351
5093
4782
4647
8547
19472
8309
8029
4971
10639
4644
2569
31929
4077
7643
41252
16129
24346
3452
5785
26052
7520
17113
13907
1813
3482
3385
7140
1924
1436
5705
2216
4052
3136
3644
8793
4518
5630
6192
4958
7591
5456
3190
2019
13089
9898
8791
3312
4203
30246
5682
1217
11391
15016
6944
4324
4680
5369
3452
6204
2862
30911
14722
11965
9943
12749
5872
3768
6998
10065
3534
1400
13024
1914
6146
12475
13027
25720
3255
4343
6277
6224
17200
11528
6516
18749
3147
2338
27482
17643
2901
11836
17802
2616
9819
3548
4298
4603
7129
10987
1561
6243
7075
4585
5473
25989
3849
11656
2850
4087
5697
3004
7656
5452
4693
3561
3238
11882
5116
2401
13287
22503
3502
7700
8975
1383
3978
8305
3947
15881
9908
2734
4060
2630
3289
44602
7279
2788
33277
4390
7738
21953
13734
4083
5301
8112
4201
4366
6871
3193
4267
7350
9262
8274
26764
6639
8216
3327
1892
9534
5930
15737
6337
6973
4278
8645
34288
4133
16217
4836
1873
8965
12103
7866
1886
8270
3548
6318
2750
9521
3749
9869
8684
8208
1361
7520
5984
3091
6352
6368
21096
2992
10085
9324
3882
5225
7625
10043
15614
3133
5072
14398
6075
13848
10805
18931
9419
3438
13829
4780
8163
9636
21836
5504
3256
2594
6406
3621
4620
4846
4080
5525
20271
11316
5848
8497
8179
8664
5103
3023
11978
12078
3582
3767
8383
5810
8489
2852
23009
7068
8492
6501
5962
2652
6561
3224
16325
3891
8131
9162
15419
7357
8549
11463
1943
14782
3461
7154
3206
2707
5882
3830
3447
9247
2727
7773
3757
24705
5146
9318
12273
2870
5680
7935
6092
3595
14172
1871
3549
9885
2028
6834
2667
4888
6545
7280
2309
5017
7853
1192
3959
3866
9771
12013
14232
1746
1906
10713
5421
5526
6013
7686
2700
7736
4136
6959
5599
8499
12978
3722
18268
7236
16854
2979
8297
7737
6652
13858
7626
2444
6385
5039
9292
10207
10655
5633
7228
7316
2788
15527
8753
4248
7523
7506
3624
6847
15287
15329
1761
3096
5081
20998
32712
17321
4450
10755
2276
5104
3256
17424
4559
8316
7689
3378
5993
4299
3616
9028
5165
8269
3707
2315
13281
21656
4552
10225
4605
4012
14353
2230
2496
3352
25071
8128
1112
5863
4054
5757
13358
4372
3021
3566
2548
7922
21076
14051
1737
5777
4587
1422
5027
2555
6023
5908
3520
11053
5859
3362
2543
14644
8658
6116
2595
1928
7899
3334
11214
3256
2336
4216
18531
4671
12916
8990
9188
6172
13547
3131
3287
2247
5654
3478
3229
7447
3129
4856
4632
14722
6066
12964
10328
2397
2096
17325
8448
1785
5401
7641
2955
6618
3490
13248
3105
8851
3244
8968
3445
7742
2494
6689
5004
7622
4091
6437
1633
12846
13265
2791
5788
10620
5536
9668
5407
5659
11505
7462
5748
22806
14391
8034
9989
17886
8357
17403
7811
1210
8619
4503
14376
14283
4625
2486
1768
2937
8247
10668
4674
15929
4819
15034
3132
12864
4925
5946
6033
5552
8262
14957
3301
5105
20332
23023
8594
4104
3741
3051
958
1096
3799
7279
10327
6654
3484
4913
3898
7103
22535
3910
5786
18943
16941
10057
4967
6177
2889
9161
3609
1426
24277
9688
3731
1946
2795
9854
4987
34578
5227
7355
2774
8394
22025
5646
3827
1780
8577
17742
13115
5220
3243
2467
8496
2556
2475
11679
7344
5547
8960
34236
17791
4143
7018
8178
1865
1614
13966
4377
3219
2549
3068
6191
7504
5484
9174
2817
11763
3616
1921
2018
9449
11741
3840
4945
3486
8236
6240
1717
5946
2608
5902
6604
5867
19964
4517
4685
4397
19099
2236
26276
9043
2620
12866
2748
2672
3290
5798
6560
3372
5778
9825
4402
4107
11668
4152
4409
6794
1839
10575
24438
2541
16877
4544
5173
12122
4734
7927
4155
9578
3843
4740
5483
5919
4100
3866
7676
3867
17452
4091
5894
3127
16447
6176
4616
5344
30838
8574
3004
2274
21252
21664
4867
6487
5866
4680
2411
6933
8068
18049
4528
7696
6473
2706
8486
24780
5130
4512
9106
5736
6121
5404
5084
8139
2367
4958
7571
3280
4074
14926
4122
10010
2652
4664
7586
1734
4541
2926
4624
3408
14490
4794
4136
2794
12425
2819
4828
1578
17087
4060
9452
41489
7632
2583
22132
5780
4462
4279
2457
7817
10226
2238
1228
6793
8109
10005
7645
3536
5457
1613
12498
3547
15163
5547
4125
8162
7230
2782
7370
3281
5475
12484
8059
3085
4276
1975
10348
1412
10610
5835
1390
6535
3171
6631
5986
2808
27440
8942
15608
7718
4569
11236
9124
11233
1850
10904
4560
8554
1351
4334
3932
4250
8938
2642
6007
12719
11942
3578
7373
10385
7861
4332
1511
5407
27058
7639
1718
12861
9104
6385
5668
16682
4029
5395
5359
17018
20533
3095
4150
6094
3011
10623
15015
3793
10054
4086
2932
3928
4965
6335
9852
9056
2610
10239
2051
12674
6853
3640
10204
4500
9173
7055
2917
9679
6254
4766
8156
12364
2314
4177
5053
7130
2860
3955
2968
6634
17704
4803
2497
9161
10565
13878
7387
11145
15724
3445
3760
9142
14135
4633
8208
1625
4450
7085
14029
8997
3676
15736
5284
20718
20000
11347
6518
2280
5057
8084
8195
3442
10131
3734
1472
8738
6413
5855
3675
6663
13019
2467
5924
1564
6174
6279
11227
19451
3099
6299
3238
12554
12543
2563
2114
3267
7306
8073
5765
7946
6755
7144
6659
4464
4762
1983
6597
2175
5549
6655
11345
3793
3801
32332
26616
5457
12284
22108
9039
6407
12960
4189
5151
2607
3197
15398
26615
9666
4915
4809
7509
7634
6186
3899
6344
1621
2037
12062
5503
9510
8210
5919
22450
1888
5414
5824
5471
15578
9181
2531
7437
5005
39517
5585
4129
12635
10689
11849
5722
3413
5273
16051
7486
10845
2565
3184
5727
4053
8173
4825
9076
2147
14754
10894
14128
17250
4677
4578
1369
15059
5762
9082
2736
3454
1173
3355
7601
4742
18425
9295
14564
20182
3880
12182
17755
13468
3077
2915
7557
2767
2678
1385
13678
5719
4790
5475
17989
8883
3638
6063
10596
4294
6195
8366
6362
5456
1779
5353
19699
18999
9708
4687
33580
4843
5119
24919
17221
6009
14263
4308
10435
9225
1370
14938
6654
5277
7879
2419
3847
18335
12235
4689
13064
3507
18290
7847
4739
7713
16288
20304
3720
16823
3176
9630
13060
2170
3996
3918
5698
10288
4060
9754
8252
13204
1796
5651
10696
3074
3284
10120
9585
16934
2930
11776
1802
19015
10073
16401
2502
8362
7103
7914
9280
5088
5070
8724
3523
3350
5229
1711
6354
2745
4908
17752
2095
15002
3154
4491
7314
16571
5380
5711
6410
5326
11341
17088
2626
5732
8448
7854
1483
36107
11378
18699
7077
11382
13861
5697
5552
10935
11914
11256
9158
3454
6402
2813
8192
21735
5630
9824
4289
4332
6527
6477
3397
2428
2272
7494
3126
1704
1470
2050
9907
15685
3928
5550
17010
7712
13868
17144
8986
9742
1681
1183
8191
22321
5946
12800
15375
4521
11078
5775
2896
4798
16066
2201
22243
22326
7412
10572
11795
9106
7071
10356
2868
32315
4729
10661
7896
8510
2191
9657
3665
8043
11254
9623
1817
6629
6996
7237
8222
22020
2866
6621
3713
8731
17697
8547
3650
3255
4749
4707
4277
3597
7417
5234
4168
1587
7245
2582
4955
7108
9067
4079
7415
3173
13231
4751
3263
7162
4291
5001
2193
6046
7461
3498
3204
6387
2630
1941
2248
3611
15153
15361
16569
6858
7381
1571
3214
17097
9844
7824
12702
34074
1368
5476
3840
1448
4550
2063
1991
1945
8868
21004
15141
13500
15447
12236
5744
7178
7637
9054
2370
19776
3839
7003
9400
6395
8404
2375
2324
5677
13348
4447
2446
8399
11173
5056
3374
2364
6713
8946
2976
5221
4376
4403
18206
8139
9567
9646
6194
16116
5297
4643
3689
6830
2558
3017
7409
15322
8636
5324
6280
8973
2787
3774
5263
9091
5122
8387
12669
9353
4692
21655
7610
1641
5131
8567
34076
7051
4167
1587
5803
7933
2686
2802
12459
7772
13509
14088
8205
4298
4360
6248
5853
8179
3649
5498
10875
5078
26041
3194
7002
12557
15029
15316
6631
8044
8704
12462
7688
24257
3498
2733
9318
3354
6450
30617
1233
5952
14550
9261
3023
2572
3211
6811
21575
28512
7314
4702
6414
3020
3698
11173
9966
6812
7185
9144
1304
1620
7654
9189
13067
2490
6083
6319
4391
10400
4194
2970
4822
2770
15370
4331
11419
2660
3792
12023
1833
11416
8379
7534
11423
3778
12730
10100
29612
23037
6582
9027
4417
4385
4825
8607
6450
12588
3931
4291
2086
16294
1967
6040
5541
5276
4503
14724
5604
2345
3127
1975
21062
2827
10547
12320
6437
4087
5771
9912
4050
8297
8549
4325
4334
7216
1742
1552
9048
2515
9094
9974
3160
2903
5094
7499
5291
10268
2920
3330
2393
3140
4979
3287
6531
3681
2728
5776
5546
2949
11981
13042
2260
12855
5555
4397
11223
12522
6431
8903
6154
3484
9437
6374
15436
4350
1654
2604
6833
11260
3321
5744
3638
7000
4427
9455
12581
4837
10293
8608
8745
5284
5725
2602
1881
2387
2898
4762
3792
13613
2647
9657
3948
5281
10187
1768
9422
13978
8943
13030
9313
3240
21673
7752
4717
2325
9988
10237
4983
1953
4873
14504
2046
3200
10867
6152
1788
17306
4889
4923
1315
5671
3086
5572
5383
4993
10145
4203
5029
5365
2870
13036
5584
9079
5022
7971
8033
4438
10092
8795
6604
4627
9904
9889
23631
5945
3067
7178
5382
10577
1365
6913
5215
5575
4022
3879
8966
3362
3906
1504
5969
4698
3846
14597
16167
20080
17340
5788
5424
3787
10228
15959
7928
10192
10508
10387
6269
15015
3226
9305
8561
7196
9687
1156
4958
4783
13266
13647
8415
5790
3710
9479
4604
16286
17051
3843
7105
5903
6633
7609
12686
6104
6634
7637
21031
4330
8925
3369
7032
2530
18797
9117
7735
22836
5457
6533
2610
4257
3881
14488
6117
4047
10454
3355
1522
3205
9396
10647
7830
3917
10759
11350
3077
10656
7195
7905
3498
6164
8416
17613
8102
6179
7095
2790
6836
14243
2307
10150
2581
7641
5397
4300
4731
5380
5421
14453
5367
13019
3763
17839
14415
2694
3965
2818
5367
16285
3257
12086
2603
5696
5663
6891
6708
3793
8745
3825
7116
4870
6520
9215
7574
8938
28192
5319
6273
5119
6620
6919
12126
1984
1772
2844
1917
4422
5252
7711
2540
1664
2055
2164
2608
3281
2690
26419
8000
3073
1903
17639
8014
5147
5550
1832
1022
3207
14487
14268
3617
2203
1465
4400
1530
3373
4464
9963
3667
20622
9354
6865
1700
1612
4833
8294
7086
4692
21369
2703
6614
10700
4157
13838
8110
2251
9727
10228
6173
3924
9062
6166
5238
6139
15414
2773
2993
19986
1896
16409
7770
6908
23072
4395
3682
6922
3979
3579
6190
20977
9070
11652
2203
6592
1781
12382
10432
3978
4257
3298
5890
9402
3967
5840
3112
2645
4391
20123
9294
5455
2838
5913
6494
2060
9580
12168
20795
11802
2494
19342
5223
2393
7494
10640
7237
8225
2376
4900
2266
7545
1419
2259
5699
3353
24576
13505
8209
5831
3763
26099
5500
10897
9697
3075
4868
7700
9355
12912
2446
7802
13201
12611
8220
8022
7984
35034
15967
21131
2046
3760
4626
4767
4524
12821
4039
13592
6165
13723
5444
5405
10007
5469
5991
8740
8634
18479
7016
6760
6728
6743
3385
15828
5104
10620
4516
8171
8068
5213
7199
4241
6184
5545
2819
19408
19759
5098
3181
3811
5601
4636
7467
4399
26712
2979
3350
15893
6522
5248
3128
8095
11082
7663
7536
7734
2151
3134
9273
10334
3239
4703
14120
6007
10315
6355
3608
5455
15297
4611
4370
1194
7005
4549
3095
2074
5760
7690
6363
5965
8497
7575
6136
2964
18541
6015
12664
3904
4122
4196
25076
5536
18711
6142
3032
17263
7077
10679
20489
11139
9273
4691
5984
7445
12675
9093
13245
5876
8062
10826
11375
5605
2546
22899
5687
3296
2357
2325
5792
2502
5250
3506
3701
10558
4969
18240
3106
7335
9014
32443
7202
3278
7034
1620
7967
8930
19431
4749
20135
9389
4785
4684
6958
1682
1801
9485
2821
3764
5130
1574
7932
5715
3724
11421
6045
3832
6171
6487
3923
1503
2885
6288
16153
4323
16924
16205
9929
10124
14274
8735
5033
13235
2597
11914
10556
9782
20726
4161
33583
5884
15921
10303
2383
9860
5227
6280
5433
14550
1465
6624
7438
4991
15003
7340
5965
5841
2539
3611
2512
2592
16462
5466
9075
5665
3975
7428
14391
3022
1465
6206
9180
1778
5995
18138
8487
2908
7943
20016
2972
5951
3988
11241
9937
31622
2467
13889
17028
8725
4433
13582
3821
5312
15784
7993
4497
1766
8744
15856
12976
1442
2949
1414
6391
1524
1789
7754
5789
5942
4390
3252
6783
14160
14177
14353
10252
11220
7879
6196
12509
8837
6684
7189
5336
4869
4188
3108
4276
3299
7832
11698
9838
1883
4048
3357
3019
22895
11219
1523
11286
12682
7762
8649
2915
7482
8677
3542
3062
20008
4491
20142
5953
5988
2763
3076
13027
4417
12135
5879
15755
2636
16773
3902
1725
9372
9421
3443
15111
27422
15273
4735
7619
9355
4704
3410
3265
15121
15036
2626
11232
3156
1310
8470
22391
7995
3165
5922
16446
3484
3800
1898
3419
2531
5870
3579
2322
2032
7179
4949
8834
14407
14164
3707
15737
8730
11629
4093
3567
17200
9986
10212
11588
16832
10245
11565
45670
7494
6886
13398
15221
4616
2112
21047
10066
5253
9923
5662
11457
12810
3140
16390
8110
2600
8749
10637
11882
6886
3581
9577
2641
14787
1970
13556
13030
5603
2593
13129
6746
7627
4314
5173
8446
3822
2727
7748
12591
2468
4892
5642
11784
5057
11730
6011
2031
7310
3522
2645
10416
3957
6562
4632
8710
16573
7655
4459
3043
15924
5612
5258
4194
1630
2069
6205
5884
2750
8873
4995
13824
1158
15412
2728
4602
10671
43231
10720
3104
6947
12243
2205
7443
3707
2178
5417
4118
7007
9857
4300
3289
1888
6750
2256
8742
2974
4659
1967
9684
1902
4899
9655
3994
7105
10838
16304
7142
4650
5790
8563
18178
3935
10756
2024
4651
4152
13975
13230
5883
1271
3419
5435
6410
5503
6645
6687
3983
7017
3034
6172
14019
6945
10830
9231
8455
3773
11490
5260
10450
15006
12411
3147
4986
13581
6572
6362
8557
21746
1816
4824
3491
11216
2919
13828
19302
20445
6598
5560
9865
11094
10862
8174
6485
5931
28459
10170
9252
11805
6546
2349
6995
6680
2869
9553
10829
9427
3663
16928
8595
5474
9903
3721
6516
6856
15442
4666
21462
13524
5119
29319
3215
11680
3409
3564
11196
1997
4510
10506
3343
17695
3452
9361
5169
16450
9771
5534
7191
13970
8606
1332
3271
7824
7746
2695
5063
5349
6676
5100
2835
2861
6800
10497
2605
4207
12304
5572
4544
12652
9277
4007
4760
2846
3743
2739
6228
4384
1555
15372
5920
12070
21011
6844
4271
2638
2165
8132
13520
8275
4262
7227
4480
5632
8915
7537
7844
2970
13436
6305
3137
3601
1992
5732
1661
5092
14285
9556
6504
3282
18884
29228
4872
8300
6526
4056
2797
12245
5484
4797
4015
30348
19632
10441
4101
7041
4266
5262
13358
8000
4006
3985
15991
4229
5729
5667
3201
2122
3727
24717
4511
4003
10124
7699
10396
5094
2737
8742
3881
8662
5081
7197
5398
20820
7893
5098
8148
6279
12338
15835
2080
12620
4424
3814
15416
10678
2094
6944
4036
11201
7268
1872
46874
8154
3855
11916
6572
19386
1443
12631
11090
10249
4258
4625
9280
12310
18707
12601
5953
4467
7074
6948
5314
1992
29930
5877
6344
8017
5079
2140
2685
15391
2174
3711
2377
1001
3506
1165
6855
2485
4682
16250
5013
1652
10867
5341
2555
1155
7369
5601
13239
4344
2895
26745
17010
8590
24249
3366
6570
3109
6623
3431
2044
14389
1604
4990
3986
3572
2867
4157
5892
16633
7410
8538
12462
3549
3029
7044
27589
15752
1674
12178
2666
18416
2741
6521
3342
3496
1134
5747
4201
3692
4041
7558
15994
2612
5959
3328
4650
5269
12310
3044
6642
14979
4290
4748
8189
14675
20041
11900
12734
4439
5705
6871
23049
3195
22792
8219
5799
1666
11032
2740
1700
22776
25342
18346
2767
9376
24635
9817
5015
6858
4995
9277
2480
2357
6876
1529
1126
6527
4166
8223
3352
7846
23995
17706
4806
2343
10048
3345
23952
8547
5495
3095
9270
10675
4374
16356
19601
6216
21365
2967
4699
4202
6439
7280
7912
19706
5313
5586
1900
14138
6664
1858
4266
3519
15608
7178
16717
8957
3505
7087
13956
2397
2097
19109
6254
9020
5758
3923
6339
3413
10867
12770
11928
14060
5648
2475
6228
6035
8001
6721
5290
2924
2353
7610
6075
8301
13644
9184
3286
2327
5974
7930
5540
8810
1813
5796
2299
18131
2873
7151
9479
33691
7083
4653
15559
9815
20786
6197
9140
8899
4224
3659
2373
5697
2284
9388
11116
9935
7353
7880
5733
1303
7664
3474
4266
13851
2272
2859
3719
10974
3438
2084
4988
4682
19043
3823
9550
24005
8855
7970
7990
5628
10634
2157
1677
2354
2937
3532
2263
6401
4332
2061
4590
4305
32497
6313
5165
5103
10497
20216
1980
7643
2858
11282
8169
10115
15054
4008
11113
12357
9552
4907
3926
11129
2340
5738
5438
15462
33033
10058
10179
11290
2620
6407
25672
3623
18019
2908
1536
3099
8920
20456
9567
8227
4235
2993
5181
2194
2886
6438
2192
9558
4840
2584
4039
24611
9682
6861
13524
9425
3860
7432
4496
15095
11975
13607
6258
8748
4776
18724
7652
6069
9805
4682
6922
3701
9264
17905
5858
2957
2844
1493
14186
22723
7937
17233
6346
5432
3763
5483
3992
16991
2561
16361
1812
4942
4698
16716
4365
6494
18500
3460
3119
18056
20491
3069
3185
11522
3596
8699
13660
12958
20858
11595
8030
4029
7232
7545
15564
1756
3982
26538
9699
8594
18634
11716
2992
10890
16104
2559
3389
1000
2529
11460
2306
3625
9907
13866
12205
8182
3109
19015
6087
5906
2950
14736
10472
2421
2060
4873
2889
4227
9748
2291
6113
5953
1409
8943
16858
4975
3781
19680
3685
4730
21049
2963
5666
2433
12816
8702
9174
6155
11521
16870
8655
11995
5829
5118
2672
9022
5497
10560
8629
897
2486
13193
2113
14252
5670
8191
2043
4747
7440
2478
2642
4253
28588
16912
6021
16597
15192
7220
4428
2509
8117
3341
18514
1735
3472
5017
10803
5941
13499
4084
6390
4670
5854
9331
4763
11706
10660
4961
5451
4350
5221
9842
1590
16101
4020
6137
11704
24121
1440
7600
3830
3823
14387
4213
9254
18452
5923
9817
9252
3418
10502
5212
10436
5610
8862
3721
15197
13217
3625
4314
8893
5602
10442
2920
6780
7274
2921
7143
2635
5552
3882
4738
8337
1578
2068
1007
3919
3194
5445
5830
3050
15760
8530
1603
4954
5691
3737
12451
2679
30149
9658
9345
5462
13156
2899
8610
5818
5722
4591
9040
5723
9291
4324
5232
5541
3794
4345
2995
9681
6482
8551
2402
12908
4966
2805
2994
1932
6166
3628
5428
10021
6619
4593
2139
9743
8968
2166
10705
6264
2106
3662
7430
6473
36915
10743
16659
44393
8448
3518
4217
15287
2666
2500
3076
9866
2164
3040
3487
3449
1240
4334
2831
5081
9710
13808
8920
4775
2824
3984
12122
3031
2139
7252
9211
14535
6582
2566
9274
8495
1650
9249
13489
2979
10317
5643
4101
3841
9909
3544
11764
3374
12513
6736
11727
18941
2215
15071
7017
12864
4581
7124
9732
16934
5756
14601
7948
12261
2410
6272
9214
2867
7835
7915
19189
11926
6027
10194
1732
5056
4876
16015
5575
6702
4038
4434
33684
2383
13910
3705
4110
4541
6683
11224
6659
2459
10678
8081
13527
12982
3916
3762
9771
1984
4735
4526
6619
13744
8230
11611
4271
1799
1667
4035
5462
3084
4595
4351
9989
12862
10506
4024
17747
13886
1834
2728
1423
6729
5156
3443
6008
6717
6484
6726
14616
11241
9053
13069
2011
13918
11506
7895
20341
8744
6898
5575
9297
12089
6223
29405
22568
4677
13983
13541
5677
7778
4395
11290
16191
9237
21041
4933
4789
10898
20386
2831
12725
2189
12098
3024
7183
10161
20021
8781
13305
11165
8407
4595
5423
4075
8476
2978
4746
2529
4576
2991
2733
17747
6389
3715
15367
5798
5919
4106
21331
13458
3286
2957
3047
3584
12248
2071
6722
6039
1124
9940
8993
5956
18039
4846
6964
9575
15577
18320
8057
9446
5702
1500
4339
5624
11223
20248
1291
3063
4686
1256
4868
7663
5582
11664
5927
16621
14958
7502
4196
5942
7455
6887
9950
1534
11494
6012
2371
2372
13167
5010
21404
10213
7029
5879
17294
6782
4633
18877
10329
4217
3149
10031
11445
3038
25450
3289
8263
6718
9338
10559
3849
3456
3438
11001
11093
5991
10731
7092
3724
6617
1547
9307
7096
3303
16043
6340
4420
2681
2165
7671
13043
2936
12823
6681
2922
2778
14113
6301
15292
6196
4394
1897
9592
1213
6846
2327
7162
4850
2957
8666
1615
3762
1819
13327
4155
3384
5714
8989
1770
12453
3541
4476
2203
3854
7478
7855
19703
6406
8558
6814
2269
11667
5829
6212
5194
2569
2807
3576
7580
1898
10165
2846
2075
5489
8481
7652
5781
7091
9655
5962
5005
10204
6577
1321
10732
5152
6130
5647
6560
7612
6819
52102
6041
10896
8060
6377
12810
1752
7695
8149
18470
5549
9063
1834
10369
2484
5517
9748
2392
14744
4871
3066
2182
25507
3023
11711
36348
4174
2919
6833
3835
2033
7050
3242
11060
4919
6619
3453
4696
9793
2143
16289
2941
13430
30658
2282
5025
6537
7919
3129
6343
3693
6882
4017
5952
3646
10308
10856
7223
12612
3477
5535
5523
3113
2069
7221
6652
6104
7360
8646
8693
22133
2041
15149
14789
7233
1195
2870
31069
4041
3931
6689
11258
6557
13971
2991
7145
12592
7654
4702
4075
2801
5552
2153
3815
9319
4952
24084
2847
3114
2866
1733
21486
3917
6396
4054
13384
17286
6578
9635
2416
7575
3431
7455
14646
2321
12003
8253
2312
15656
2361
9004
4245
12739
5026
4617
14023
6196
20580
15513
2317
11197
25205
5917
3245
6047
11424
5243
6225
3202
1525
4848
6688
2465
3282
1602
4199
1752
2753
8073
1718
2222
14452
1770
5452
4397
2122
5056
4036
6476
13293
23046
4712
3821
8960
10257
4533
6749
3415
37488
8329
5202
13781
5099
2777
6325
1160
4413
9438
7453
2442
28127
13370
2705
4892
5890
3120
5267
13570
7800
12228
3884
7791
2459
7979
15952
2626
3178
2903
8017
3223
5425
12398
11223
4946
4014
4255
4954
6826
6276
16879
5116
3472
1260
14271
4773
6804
4965
4585
5794
10454
4688
11450
5839
28361
17146
2700
11159
10009
2772
5315
15993
9304
8324
2827
23195
4757
16257
13975
11570
9096
6378
7932
14140
32395
3259
3985
28437
13407
4425
2362
6225
12431
4697
11882
4898
5050
8137
5084
4465
6687
1364
9120
2527
13686
3062
2204
2561
2168
3023
1248
8894
2819
6936
6389
14074
14778
3375
2654
5201
17595
5054
6274
2973
6345
5093
5547
2144
2420
5453
6404
3557
1646
2765
17953
13847
28946
4660
5901
3851
5093
11369
2435
9021
19657
1159
9147
8110
5961
14890
10196
11672
3559
7167
5233
10062
3924
1057
2380
4414
8266
3612
7914
2863
12761
8178
14815
5879
9372
3003
20014
5035
5937
19529
4724
3417
23719
1779
10819
4966
7328
6777
19827
2154
19558
10172
20637
4966
9202
6796
1630
9693
3199
8813
7134
7702
5112
7185
5331
3546
8843
7503
13288
4421
6778
2143
10046
2347
4875
2458
2261
4640
14277
2316
5741
9003
10252
3316
14607
1873
5495
3079
2795
4987
22389
4528
7917
2650
4972
2917
21865
4302
1181
2246
8474
6401
29606
4121
10574
6722
4806
10592
8589
9929
8792
3313
7897
12437
16222
4806
1661
9612
3037
24973
6462
1571
10322
10386
5667
4308
8597
9766
4636
6741
5783
2126
1883
4538
2155
3657
16686
2409
7503
9818
19781
16050
11266
1590
1656
11734
6932
14543
1913
16306
5881
8734
5219
7805
4060
5865
1846
2392
4884
20951
5918
8525
9798
16596
10813
13884
4424
6131
5546
6953
16107
7244
16723
24377
4294
5136
8382
12903
5874
10287
2317
27057
4784
2830
10826
3846
5787
6364
6857
14639
5830
16520
3119
12371
14002
5554
22399
5180
2231
10979
7263
17064
5895
6671
11793
9672
4403
3341
5759
12421
10618
3770
10929
8049
8082
10543
14381
3848
3089
2196
8036
6516
10597
10754
8723
3619
1959
7626
7879
1734
4896
12352
3196
11459
14640
711
7271
15495
3723
7029
5584
13559
12645
2524
4109
4141
1490
4780
4588
866
3678
6853
6003
7011
7428
32753
9440
2390
6080
12864
47863
27804
12035
9075
2224
3749
3482
12362
12803
24503
28229
7860
3063
12861
3744
3922
4985
6798
9993
3851
5535
6658
3545
18117
5990
21841
1494
7504
1423
3600
3358
9041
2959
5928
6791
9866
20679
8091
2466
2151
3224
6573
17175
1634
2306
12434
10158
13846
21771
39574
7400
9999
6540
2924
12040
9588
5005
5213
4984
2224
10402
15610
18959
4973
9455
6076
2432
14180
7401
6124
17168
16929
13019
3231
16409
32553
3791
5299
5900
8326
7402
9712
8160
5002
10769
27278
8073
4880
5204
9680
4531
6852
4080
6050
5409
7246
3303
10334
29058
9691
6941
1695
9661
2953
2773
6435
3919
6488
5916
3406
5197
4790
18998
2084
3104
5892
3740
7199
7644
8308
23461
15822
13616
15002
25661
1701
12267
5642
3058
13487
4389
27075
25177
