350
2525
5727
1472
2331
2328
1613
1502
3900
22312
934
6940
2145
5144
2204
1790
2096
2582
1380
6487
1867
1729
1814
3584
2573
867
2942
1752
5547
1543
729
1673
2509
1556
1284
2079
5633
1362
2430
1516
1046
1725
21270
962
2723
1272
11160
11457
2672
1787
2007
3042
2297
774
1554
858
1541
2406
995
2507
2455
1256
3531
1943
2328
4010
3122
2983
6046
1068
2127
6624
13655
1561
3047
3444
1746
2538
3017
12970
4676
1897
2061
4110
5182
2996
6714
1291
736
2121
16931
983
2667
2929
2695
944
1311
4425
26035
7570
2160
3090
2194
6101
2871
1351
617
28399
1767
1628
2569
2850
1120
3453
961
8265
8881
799
2532
1653
8675
18677
14596
2052
17506
1491
2133
1498
1084
7497
2369
2281
2354
3144
883
1980
1050
13104
3015
2933
2319
2786
2108
2498
1166
6423
1599
1453
1865
2668
1822
2419
2110
2640
3124
1409
717
7883
1679
1710
2162
998
2059
781
2545
2883
974
8454
2009
2267
1808
629
2039
11006
2020
15664
2593
4767
1326
2032
1556
1609
622
962
1569
2129
2822
1628
1204
7045
9082
2323
8516
5378
8498
1825
1212
18677
1357
12620
45321
50884
2894
4191
1371
1765
7129
1085
8886
13405
19509
2151
2606
1860
8505
1069
17317
1791
1688
1967
1826
1552
2062
3346
2198
9789
2205
1710
15857
1547
26111
2047
1323
2383
1887
1344
870
2230
2073
4006
2504
8873
2257
1795
9898
1975
2575
1730
2377
988
2279
2978
1479
7884
1529
31428
2674
2239
5569
2491
2613
7529
31750
2390
2249
2486
3809
825
1700
38934
1451
2625
16259
9661
17226
4264
7940
1112
2513
1174
2738
400
1087
1112
2790
2117
1386
9685
4248
3598
11816
496
1277
533
2435
728
1500
6463
786
1447
11692
988
2834
1435
9698
1317
2155
2401
2218
2529
2267
13335
2864
2074
2176
1401
1046
1613
4094
1064
1014
1417
2280
1442
4220
2561
7546
2073
1612
1574
27858
13926
6499
1733
1145
765
1541
1496
1679
2331
6074
685
1869
31371
4108
2464
28243
2194
2091
3803
633
15082
22596
2092
9734
1648
2446
8814
9606
1469
1507
1667
44117
2416
1373
1791
4805
1250
25681
6504
689
13689
1386
1666
2441
12249
985
594
2198
1997
1366
11230
2647
1458
1039
12091
694
2365
16026
18322
30874
2725
8394
14261
945
1772
1856
1585
1680
4032
1936
14230
980
29010
567
1019
6046
1804
1894
4506
1229
2456
10044
2434
1196
3114
2329
901
1582
963
17726
1084
2681
2053
1060
28206
870
2931
1156
482
734
1321
1054
1420
46905
4764
1435
2235
591
6322
19185
1081
2581
17226
16210
8738
1591
5021
2243
13257
12830
3562
2682
762
2789
1591
1463
3889
1893
12608
2046
1838
1960
3257
6546
522
3170
762
3019
15635
2765
2908
3081
17485
1466
3218
1529
32479
2805
2224
3119
1065
6423
2265
2421
2934
873
17045
11985
1696
1646
2356
2627
1140
1564
2449
1376
1319
9163
1911
1499
2717
1992
1706
2460
1044
1080
1057
2928
9612
309
8945
2258
1945
1375
1849
3423
1755
1484
2461
7610
10290
2515
1632
1638
870
2585
2223
2639
6139
2205
4650
7131
10564
2001
1687
2139
1878
653
1563
333
1272
2230
11575
1966
2069
3832
7191
935
2746
1621
3546
632
13855
2543
2485
1561
1384
1235
1644
1080
1973
2632
1301
959
1941
4315
982
2036
20200
814
11219
1701
1103
1197
726
9158
11577
1533
1514
3654
1259
5102
6200
2489
856
1087
1499
729
3260
2072
7198
1385
935
34924
1510
938
2460
65966
1354
1381
1086
3470
2212
2866
1960
1776
1112
1611
1884
3025
2128
893
553
2952
1569
2615
2522
1181
14993
4366
2299
2337
8115
7115
10012
1996
1298
990
989
5176
2751
1632
1072
742
1649
613
2641
3937
2920
1515
6116
1748
14571
2816
764
1204
1205
1597
2359
1701
3413
14516
2481
2437
768
1822
2127
1295
841
364
1378
1883
427
1735
2054
2532
3622
1830
1207
1316
1392
2131
2253
2680
4553
1069
1379
8473
2497
11249
762
18645
2090
1348
2463
2686
1390
16230
12684
2101
744
750
1574
1465
716
1133
2568
2217
3864
7607
1262
755
1455
893
27988
2758
1890
2835
31576
2939
2692
16767
7601
39623
2554
1116
28200
2153
2496
1924
1143
2565
616
12084
1342
1052
1622
1593
3042
2488
710
487
2005
4931
679
3342
848
3229
2486
4595
1122
1536
2976
2125
1237
16829
2403
1911
7644
1311
1870
1532
1223
2102
855
2936
1341
935
690
2305
1645
3644
1765
3252
1272
1260
23292
1713
411
2025
1849
804
1306
1678
1882
5290
9689
970
822
3176
1933
1310
13529
1878
2274
1353
604
13636
13459
2234
2692
4897
4738
1045
12590
24332
2002
1702
1574
1158
24362
2871
2959
1337
2467
2043
913
2126
1674
2401
1038
1673
1771
1868
2370
3500
1096
33563
2350
7814
2966
12536
6869
2041
2199
13880
2336
489
2367
1160
1063
1813
5954
1786
1842
3955
737
792
2160
816
1990
1922
2814
1709
4977
721
13699
553
3040
1072
2564
545
2769
2695
1619
2664
21198
3071
2377
44583
2017
22337
4086
2705
2546
9378
1046
3177
11981
1703
1631
1981
2386
3437
1890
1963
13956
761
1567
1992
3811
2673
1610
1482
2506
14217
1609
3527
1981
1421
2335
3107
10392
2358
16636
3171
1292
9746
24359
1355
4064
15621
1212
22629
1966
1380
2060
2883
1928
5772
1629
3241
10166
1741
2667
25364
22828
4943
22082
8429
2576
2270
3796
2345
2663
2862
2267
2548
8541
23457
6656
1691
1070
1451
26146
4836
1552
31619
3791
768
1511
20532
1605
1300
9222
9954
1700
3229
1853
1716
1811
3464
2066
501
4293
1627
4850
1778
1936
15561
2283
9778
2794
2113
1819
2755
965
1359
14821
2076
1524
3058
3258
1087
2196
1539
2765
2398
1350
3780
10630
17654
2736
1320
9099
1923
2177
1208
2252
2333
21956
965
2178
2059
16150
5990
1086
2003
13985
1425
1225
1727
4227
1960
1718
1752
8017
1580
4229
4484
1541
1081
7740
1661
8051
2552
1195
3778
8232
1707
1081
657
2234
3192
1487
2301
7457
15542
10042
3076
2091
3164
10917
1107
7702
6250
9570
1704
3269
15366
1791
30288
2779
1562
3949
4599
7831
8420
29058
586
1518
2275
38311
8212
5661
899
1850
2768
2221
1298
1945
2148
1422
9300
1428
1273
7456
10739
2395
8812
2047
1608
6194
3117
5117
2597
706
1442
2179
1174
2053
1047
1494
7689
860
5167
1773
1168
2727
1637
2874
696
3204
2478
21208
2721
12352
1189
3387
1773
2445
1396
1889
1982
1980
6553
1187
6047
400
3832
14451
1283
1595
1881
2301
1008
2465
1765
10707
2475
1831
1397
1155
1543
12994
793
5901
2166
2507
984
8512
502
4915
1641
1858
8648
1509
1148
1919
1597
8791
2621
1750
1937
1828
2121
5636
2207
903
3501
2736
2160
2368
11838
1092
8035
468
2495
1749
1657
2292
2131
2108
1930
1426
1099
1769
2074
2753
2766
1883
3311
3359
2840
973
11546
5999
13028
634
25474
6830
7421
11769
1845
953
1049
1684
813
738
446
18683
2438
2722
8221
6844
1554
14586
18341
18069
2041
1093
2038
2296
1789
1002
12887
1752
1972
1979
1210
1987
1796
3446
1723
2057
3249
43530
1752
1367
899
1651
2581
2223
4244
1862
1620
1692
16793
8703
10482
7892
2653
687
1364
18459
3048
10768
1145
4821
14711
1473
2934
2100
1846
2155
3221
983
2515
527
1097
1001
1738
7626
754
2538
7999
2671
23399
3246
1864
1920
15550
1767
29472
2807
2301
8317
2477
13923
2004
1926
8254
3648
16334
2332
3261
23237
8202
8402
2031
1524
2932
14951
3570
7727
1266
1596
1375
1607
1233
598
1878
8053
1519
2369
2152
3447
12075
1333
1798
1539
1530
1711
999
2486
1199
2125
918
2344
1860
1441
2063
522
5098
2270
10018
1886
9966
3241
1926
663
3309
722
750
7032
2018
1226
9707
1663
1009
6232
17222
7060
2965
984
496
2543
2127
15376
1474
1823
3210
1802
8888
1939
1624
14487
2174
1709
5145
1467
1313
1813
2497
1605
9184
1555
2745
1368
2013
731
11501
1880
2290
1417
1281
1742
1111
1078
797
8033
3314
1057
2509
1744
11257
11441
1727
945
2006
1408
1856
2319
3136
1317
930
1759
1260
1349
852
2492
2437
623
10225
7956
13005
2655
2519
2004
2194
21056
1492
19039
2519
8646
1384
2471
13170
712
896
1991
1276
25629
1330
2554
11878
2781
4275
3102
932
16224
1456
15676
431
493
3398
2302
802
2354
16863
3944
4136
2854
1715
482
4263
1134
758
3491
2015
2232
1610
34902
3475
2698
7503
3014
10340
9596
2134
8944
2645
875
621
969
13025
9044
1883
1973
1603
14978
1338
5931
1241
912
2674
1845
1161
2278
2663
2736
3182
1683
1037
662
1745
2072
3895
19949
1422
9567
1585
10523
983
6515
1432
3604
12327
3028
1473
2019
2237
2867
3141
1720
11794
3081
2608
1601
21774
1022
1304
3079
3105
2531
6199
1094
2958
20833
5034
1303
4067
1613
7733
1386
2141
2985
1850
24339
2907
642
1168
9437
1231
1250
1018
5752
3221
9467
1784
1483
7703
6240
1334
1535
1306
2369
810
901
1448
831
10135
1894
6578
1592
1045
2477
1275
2028
5923
2544
2911
3848
1649
2640
2438
2332
945
634
1852
4577
1628
1383
952
13157
2049
2786
1173
2353
3847
2263
1487
7653
1974
836
1998
2875
1008
16882
16687
9706
2851
7349
1639
2616
1587
1368
9590
1961
1254
1821
675
1688
4520
1632
22764
3243
1569
3494
1245
1668
971
1147
2505
625
1593
30678
2130
2309
1731
1434
8038
1699
3094
8506
3653
1234
2447
8661
2416
1330
964
1118
1961
1037
1125
2864
2774
903
1599
2738
1207
1845
1321
6712
1929
1488
984
1486
1810
1470
653
1183
1951
1583
12630
34836
2885
1390
2285
1235
1936
2197
1277
2026
1032
773
24386
2227
2260
1887
3741
1130
680
1808
1927
1297
2003
1360
2218
1241
681
2606
15669
1909
2553
6346
17226
32747
1662
10867
1064
1975
1079
748
1087
2182
573
2878
789
1682
7569
7661
1453
1853
1049
1116
2137
1522
1321
5715
1771
10241
2212
1007
14064
2096
1154
6269
2273
14577
6915
3103
2435
1723
1270
5946
3667
708
19346
11797
1838
1412
2432
4008
13326
1675
1720
2004
1916
22095
2052
2062
1160
1125
1739
24180
1952
12434
8822
1989
1986
3311
1952
890
1871
6242
1689
22176
1111
2454
2003
6181
3708
1574
5164
348
1014
3450
36596
3229
3621
1156
771
1120
8151
22232
1359
1520
2493
3169
2317
1578
3276
1995
2410
7201
2486
1786
10742
1488
2086
1545
10683
575
827
1940
33586
1242
8732
17593
767
1355
14919
982
2099
918
7692
4924
1381
2497
1714
1519
2892
1819
2562
1443
1587
1539
1991
21747
858
2129
1933
5929
7174
2607
11303
1984
405
1396
8500
3400
1876
7634
11573
1523
1874
1185
1297
3322
2101
4374
3141
1612
3237
2224
919
1029
3195
1898
698
6567
523
1278
1497
2572
1261
5077
4249
1166
7356
1728
575
2269
12591
2003
2336
1977
925
1546
14832
3024
2839
1944
2723
1471
1717
615
2757
2583
1515
2735
5914
1084
1756
575
1121
12398
1781
13276
2100
626
861
2604
1657
3026
2322
1564
2026
1632
2543
1445
2704
1579
1320
692
929
6884
1759
890
1889
1325
1894
1409
1816
2699
2276
1806
2859
6668
2662
7810
1417
4397
1698
1634
1685
1009
2553
2900
1679
2539
1294
11674
4358
1311
1657
10962
1905
13133
22453
685
23040
1503
4768
3105
864
1453
746
1260
2034
2154
2324
3849
2765
3123
4106
2470
1716
1637
2963
6264
2523
5130
1719
1401
754
2568
2079
2820
3436
1249
2922
10810
2634
5163
3153
3465
2370
8065
1002
750
1413
6956
977
2239
6678
1600
1523
1428
1741
5035
6776
5992
2375
1075
2332
1212
14509
1550
8082
820
1769
17484
983
1803
1984
1482
2535
2123
2226
1497
2214
3152
2399
1435
1623
1590
2780
3163
11636
2047
2743
14082
2423
1937
1790
1148
1019
1423
14784
2265
1938
904
1492
1405
13786
1764
2615
2462
7491
9106
1273
18250
870
1645
1297
13048
16416
3509
6693
3586
1886
2293
2561
935
553
2520
30890
2293
1700
1762
18875
2882
1851
1661
1667
4204
2191
46481
1205
2279
12288
1804
515
11100
14016
6373
3555
2361
6353
1598
1626
4036
2557
5302
15796
2537
1412
1321
2848
396
1713
2218
967
2021
1763
2593
20990
3569
3289
4320
2773
2568
2126
3206
1770
1668
774
2486
2293
3405
1415
1837
1544
1694
1305
1539
1236
10906
15201
1868
6475
1073
1620
1957
3695
2220
11422
2280
17079
1569
1992
629
40535
24187
2195
4729
1734
11662
6916
4323
7456
1210
2174
2025
3979
33200
1793
1209
1359
5283
1124
762
3456
1488
13501
2772
1892
1059
1106
2086
10613
549
3110
16372
1180
973
1053
2235
1173
1775
1860
2147
2443
1374
2560
713
1247
6109
2043
2215
1082
5890
5366
2023
1302
2310
7125
2272
8636
2575
1936
2005
33129
1202
1823
2428
2241
2618
11345
6130
1090
4392
13243
2274
584
7705
2078
1351
11709
3006
2431
971
3754
1106
22760
1531
25174
3325
6137
1867
2071
5926
2504
11037
1478
1771
7024
2662
2654
2305
2480
2067
626
1439
2261
3445
23977
2035
2446
2621
2718
9829
1005
898
2594
2579
1115
15610
1167
538
1950
1870
1131
722
2257
2807
3754
2332
6092
962
2856
2440
997
1636
1422
2348
3475
839
3402
1610
1163
2400
1079
2239
2133
2376
2283
14254
20567
18091
7389
903
3897
39051
6926
6139
27166
1425
2296
2256
1046
1321
1348
1534
2513
13884
2616
998
2018
3439
542
1213
4949
1300
4704
2684
13911
2742
2199
2812
19207
1630
2081
2320
1190
6547
2220
3046
17600
1526
2283
908
1411
15357
2692
3518
2398
548
2186
2329
1376
2339
1699
3163
6967
6799
1865
2501
733
5885
2865
3125
39610
1829
1612
2445
372
2170
26603
4175
6957
1512
2143
3621
1606
2269
3096
1513
4588
2800
1321
2001
2969
1197
700
3130
1260
1156
1875
2564
2994
893
1410
19095
2339
17285
1203
1861
1639
2391
2124
819
1939
451
1135
3108
1971
1204
4085
3955
2133
1804
1234
1067
1868
1347
2060
30571
38199
2251
1120
1900
1373
8771
977
675
1181
7560
4288
24085
3575
2475
1538
17374
480
2322
3668
2684
1756
1740
1863
4681
6908
2355
1282
1645
41229
1362
2022
822
1548
1751
2770
2237
12876
2028
1528
3389
3386
1239
1479
602
1082
12445
1074
2445
2734
2122
2184
899
1553
2058
2667
4074
1386
1710
17750
2113
1112
1530
7168
2456
1719
1634
1620
1358
491
6013
2712
2483
3238
2195
10521
983
1983
2159
24933
1542
1361
1645
969
2647
14838
2609
1262
2613
10892
3578
5047
2023
1881
7420
29069
2259
1606
13148
1302
1162
1259
1238
1600
2220
1644
1857
23495
1282
4632
586
1865
4638
1658
2316
3373
2332
1517
775
1997
2626
2705
1539
2805
5603
36683
1811
2340
2562
3071
3095
2471
737
1985
1732
39318
1820
2602
2576
2246
1490
39255
2103
1162
5713
2641
2060
2863
1828
7802
32063
1388
3458
2868
505
2334
2529
2432
25927
1749
2707
1737
13743
1167
532
2583
2104
3046
7286
1458
1932
11187
1310
14920
32321
1814
1567
3106
1605
909
2177
968
22607
808
1759
6883
3646
1014
1525
2851
10075
2835
1503
6324
7166
2152
1376
1930
26895
3155
2690
710
949
515
997
599
6520
1646
3890
23726
1290
10663
2396
746
1634
1155
1603
12934
1062
2662
551
1899
1889
1110
2397
6051
1952
1862
1430
2119
1824
2901
5697
1464
1558
2397
893
1809
2697
1717
2165
2401
1693
320
7486
2753
1262
554
3460
3173
1417
2092
1110
1916
43299
896
3422
1829
2038
1154
1228
10601
6983
1819
446
6907
4957
3581
3093
5200
2274
5465
3374
2865
1668
25812
17330
5361
2124
1182
1908
1194
1956
1581
22126
3019
15813
1346
1259
1110
882
35934
2563
593
1782
1743
1640
1934
764
1381
946
1920
2014
1122
2936
1577
1693
45676
1308
2066
3247
2733
675
7291
2226
2504
1456
2474
3664
1843
1608
2085
1975
634
13575
2914
1674
15149
2466
751
1690
1954
2038
1604
2240
967
31945
2426
895
13983
1008
3460
1356
9854
6648
4232
1868
2579
1736
925
1818
6943
10664
1816
12215
927
20695
2389
8519
830
3110
4278
1881
3280
823
2163
2291
2694
1655
1024
2289
1329
2415
15949
3581
722
2474
3483
2535
1887
2798
2134
3784
3748
12476
1630
4586
2077
635
3473
2920
973
3121
3931
2118
2701
1293
5452
2666
22793
2326
1851
2012
2106
1800
671
936
2967
1259
2118
893
3480
9414
1296
1320
38924
920
1364
1137
1831
3193
1662
2161
1954
1916
9352
1740
10403
1434
7319
1884
1543
559
6347
480
994
8144
1776
853
2373
1523
1310
1578
1524
1669
2935
2623
1880
2184
1514
2104
4694
1322
2062
11436
1154
1381
1092
1827
26554
1075
48790
2744
2123
2995
922
1443
10665
2105
1987
2827
17900
1411
3059
3404
2208
13270
2212
4054
2293
1497
9630
25929
12717
1534
2648
1292
10250
1474
30320
9184
2129
2715
1377
1546
1812
2222
1374
1398
12863
2893
1771
1597
1196
13357
1322
4003
2449
618
1897
1441
25860
21513
6446
11278
2788
10863
635
3684
2546
1743
2218
477
1810
1331
3806
4583
4244
2449
2102
5240
14031
10573
5286
6676
2340
11247
2692
4013
1206
8471
2958
5349
1732
2339
1120
7934
2078
4427
1326
1351
1832
2994
2343
2365
799
1685
1010
536
772
1765
26297
1896
3433
992
1176
2485
1797
1384
1910
724
2548
12659
2751
8213
1905
2524
1830
2309
483
7482
11519
3666
6246
1984
888
13701
1252
2161
1646
2838
2319
1513
1652
1911
678
2146
2446
2653
2576
2304
2005
870
1241
1866
7057
26045
12807
3022
1738
2534
12666
2950
863
2966
1434
2472
1740
1204
2348
6795
1805
12412
3304
16878
1352
1281
1744
10185
923
3796
2165
36987
17654
7477
11119
1740
1437
1596
1476
11192
2805
13464
2135
1413
13695
2973
1706
1890
3538
1832
2155
617
1717
3362
2928
1277
2090
3221
2832
1497
1962
1556
2588
2563
1480
3146
1682
8820
8117
2629
14456
3477
3126
30917
1182
6556
2363
2584
2932
1990
1382
1694
19608
2288
631
1646
1214
9364
5295
16079
19569
1650
4291
5935
1780
581
2253
1014
515
1268
5359
3306
2391
3036
838
1147
2343
1893
9764
1649
2443
2163
929
10275
16895
3365
2017
1592
5281
7227
2860
2416
1200
1889
2248
1828
683
1532
3718
1987
1543
1437
1605
2076
3011
975
922
1427
2594
1297
1263
2975
2342
1654
957
2363
980
2080
1828
34250
1366
10404
1100
1731
968
3320
1993
21879
1765
3008
2074
1783
18662
1422
2028
1333
46384
4768
1827
980
765
5142
1784
2756
4151
1236
3058
1137
1817
2001
2648
2148
986
29717
12328
16190
1044
3431
1255
7864
2782
17998
3738
11245
15066
1893
2372
809
14964
2707
9579
1166
884
2733
2167
1631
1531
933
1524
1100
18998
2191
1857
24245
40626
1226
3571
1630
1957
2283
2591
2971
28358
7875
9870
3136
1726
2852
757
2412
457
1696
1887
1825
882
1147
4200
2181
1644
1388
4806
1492
969
2534
1919
7699
1756
823
5902
1865
8047
6409
1127
1619
1806
8135
1311
673
7388
1988
3193
2723
18484
1327
2958
5973
1648
2243
4018
1457
1336
7969
2651
1164
19027
56216
1822
856
1298
1350
1660
624
704
1978
1088
1984
7407
1123
1910
3977
1806
4898
9431
1371
17341
1634
1383
696
1502
706
12601
4137
6300
1852
2427
913
897
2639
2717
5585
1007
2165
1185
1542
1135
8583
2019
3264
2758
6442
1754
691
8508
458
685
3402
4703
53489
2088
5718
3170
1634
2719
2796
769
1377
1723
24069
1125
847
1970
1634
1034
1902
553
16965
13416
1718
781
1266
1555
3671
3466
3251
1856
2986
1787
1675
1942
5857
21939
2932
7121
7748
1605
7811
2056
40693
8556
2522
868
4213
11842
1398
1401
3265
12075
1575
2019
1671
9199
2547
1818
12595
3430
3071
18852
1622
1910
2049
666
35846
900
30558
359
1990
2289
396
2050
9108
1010
1032
1769
1553
1804
2289
18447
6125
2345
777
6774
2832
1499
1364
2237
2116
10042
18956
2559
1780
2603
32395
2000
1690
15932
4671
2375
1707
524
5303
1317
7348
1842
795
1523
1817
1505
11173
1876
4519
468
835
1644
1201
1785
725
1228
997
12065
8693
3292
2640
1895
35916
997
5446
2135
1462
2844
11586
11963
2858
2291
1164
1591
1665
3418
23978
13401
12091
13185
1106
2436
1424
2939
1802
1556
12119
8118
3814
1837
14396
2752
13796
1207
1210
1595
2474
2183
2120
2165
1725
1021
2936
2583
1009
10459
2152
1341
990
2833
36635
2074
1917
1331
1400
655
2857
2270
1237
999
1577
4377
1451
5304
32394
1336
752
6099
3074
1993
2269
1822
8245
967
10918
25169
536
1175
16710
2340
2083
2585
876
2801
628
2668
2403
3147
924
1600
3634
1072
4432
2487
2487
2731
3293
15152
2480
1644
1160
9827
6814
455
1625
16134
870
2488
4403
1738
14893
2696
2869
14325
910
11468
27905
8019
1501
959
7570
2815
1035
885
1480
1367
702
1323
3161
2265
3470
1496
971
1522
1352
3828
3718
1681
11884
1964
1389
1269
1271
2223
3438
998
9963
538
775
5845
2321
502
70222
18418
1786
20870
1321
4886
2117
2324
1447
1477
1119
2214
15598
2788
788
1849
1296
608
2183
1718
14875
2771
2634
1586
1125
2625
2413
4016
2350
1218
2343
1796
2247
17253
5598
2172
1959
2443
1111
3261
662
10101
2791
2383
2934
4152
1615
19756
2294
10522
38685
1060
3410
1840
1990
7324
987
1242
23173
1636
6061
1184
2010
1962
2439
37199
1336
8157
1940
22654
864
1876
15593
1899
13380
1594
1133
1202
2115
1833
2587
928
1607
1707
2452
2779
2541
3222
1443
27427
2180
2756
2362
31208
6341
7650
6234
30602
26119
1227
8133
1622
1232
2572
2767
2445
1049
1299
2105
1989
1375
2056
2628
4380
1636
2302
1321
1342
3176
2300
3993
2175
958
2131
4460
2049
600
605
1694
1336
1778
1191
552
2754
1639
586
834
2550
978
2132
1613
1168
877
672
924
7712
14802
2452
945
3573
2068
846
2229
18381
2368
2750
1619
1304
8779
1244
25393
2675
3321
7596
13493
10743
2417
3635
3545
959
34029
19672
2359
2064
2407
2399
7599
1904
2164
2077
14774
3939
454
1517
1276
2386
2727
571
7259
883
8228
1086
1281
2849
2632
930
21690
1523
20226
21801
1094
7565
674
752
9179
1867
1439
565
820
2014
11272
1641
1275
1980
9532
1185
1444
1147
1762
1404
1390
21851
1643
1653
3322
2157
6642
2096
2070
1477
2315
926
2301
473
1278
12664
8637
1455
1234
586
1886
811
15336
1728
10316
1401
1109
2324
1708
2027
724
504
2438
47218
13925
18201
2213
5339
1367
2056
812
3105
2457
1546
3415
2035
1759
1858
2595
2168
24725
1649
1116
2240
2472
1104
2258
2113
849
1360
397
20618
1043
1164
2402
2518
1449
1879
1851
3189
848
1223
1250
12895
2560
2662
1611
1586
6721
31472
3185
2240
23586
2013
2618
9543
545
22386
1801
2175
11889
4209
2079
10364
2578
1492
2016
9939
7540
1816
6221
5925
1904
1397
1075
41455
15202
1484
1485
1084
1998
15274
2037
705
1946
2929
1364
615
2797
1271
2198
2797
4309
4247
1687
1379
1422
15989
631
12380
905
1895
6639
2854
2960
874
11648
1670
2551
1016
764
11646
2004
2319
2342
1795
3703
1834
1208
3451
1418
1682
10305
1254
2458
1694
1130
2449
2814
4667
1716
1440
2050
1885
3715
1724
2874
2111
3660
2095
2719
1343
880
3169
1968
2851
659
6469
2184
1804
2615
1756
4782
1172
21256
2925
12355
1249
1480
6092
1055
1935
1267
1262
20801
622
1109
20051
1591
2213
1182
2015
3919
1492
7550
12875
3301
14275
2426
1483
1412
19779
21125
1285
10001
1054
11143
1958
2771
13929
5827
1546
2195
24932
998
1128
1055
985
2062
19889
4621
813
6033
33187
2427
1313
2537
2486
15780
7827
49925
1529
1398
2066
11192
3738
3473
1372
2422
1792
3240
756
12112
1035
2524
1567
6492
1206
2673
4614
1424
1382
4659
4793
2124
2749
2858
886
2322
1807
377
2019
2347
7655
2575
2613
2447
5431
13232
2553
958
33375
3768
1638
2549
5698
5009
6964
8182
2231
828
1984
6357
1447
1178
1830
717
1724
1944
2173
1828
1362
1365
8452
5668
1479
2800
1205
4510
1173
1615
9560
13672
1472
1329
869
36328
1802
2491
1907
1911
1669
1006
7016
1509
1720
8653
1258
6253
1955
2953
1331
7322
15827
3015
1487
2403
1861
3092
6136
1672
6545
1160
2155
9671
1103
2457
1127
3584
1896
3009
6385
1459
1954
2458
693
1025
909
1277
8192
13022
1384
1168
2617
1611
2094
2061
2436
8337
13772
939
483
712
10214
2083
2640
1779
1040
11886
3122
12603
2427
859
12292
3028
1033
1792
2433
1068
1468
1663
1968
2388
8758
2184
1480
2827
1981
1235
15127
696
1417
1086
2802
6536
2555
1732
1055
2282
1532
4330
1055
1064
6373
23213
845
1503
37152
2026
24181
1476
1167
1420
12482
2247
5763
3027
32694
1295
855
2270
3316
3303
955
8151
9448
14050
2397
688
1908
1460
1980
1393
794
2108
460
1755
1876
2568
1247
3150
705
903
18459
1519
2433
24196
3496
811
1432
1565
6675
9059
1616
1239
7931
2149
2379
2375
1792
19986
2943
13735
1560
6402
30763
1849
2359
3405
2454
7404
21519
1256
11212
7132
3696
67088
2559
1209
20989
2630
1692
1666
8055
2231
2808
2502
2331
2615
2228
3180
1504
1167
7647
14587
2262
729
9604
4035
1261
1708
3633
8040
2177
1633
13018
3330
955
21894
43954
18137
2952
562
10838
14515
2753
1557
27432
6815
2144
1777
1693
2114
1170
12209
33978
1326
1775
4909
1255
2399
1679
1924
1320
582
2841
2117
1020
3508
1989
2088
696
17442
2508
1552
7724
1593
910
1080
2096
840
4087
25120
1701
1622
10987
20998
1982
1739
2442
1452
548
3779
1081
1772
38016
2755
1613
1674
10911
1865
3461
16893
4009
1029
1652
1120
3863
3500
640
3421
3108
6384
11930
2485
1383
2249
6017
12580
2862
1063
1137
1878
2119
7927
7435
2765
1882
2415
1611
1076
929
1617
1740
2337
1306
21472
1946
562
1254
2640
2701
1505
1824
3122
780
1678
6336
1311
942
2119
2486
3233
1765
933
1932
1830
3366
2984
2350
1355
1982
2500
2010
2598
10010
2440
1232
13610
2396
2193
1923
2050
2791
2026
715
1419
981
2560
19044
2954
3839
3144
982
15890
1079
12777
3476
1937
13834
13643
2203
4945
1738
855
755
2224
2924
1179
2764
1622
3708
929
1892
1554
3350
868
2779
32188
819
1860
1750
684
5751
10398
1741
1401
734
3657
13021
2621
3688
1980
1781
733
17667
15453
1831
1345
1164
4885
12400
6738
2036
2963
3666
13213
2414
1236
15824
2641
2881
4949
1017
1880
1739
1622
1324
1903
4101
4255
2493
1278
4205
12240
1931
2169
2504
1179
991
2222
13110
1290
2180
6343
656
1139
1247
1658
1467
2641
883
11840
2096
10938
2715
2619
1621
2644
2132
1303
1105
467
2406
1441
1030
2842
14012
2968
14240
2630
20587
14526
2645
2200
2450
1877
713
910
1543
1604
2288
467
5688
1626
1880
11360
1892
1531
7379
2214
2307
1562
1434
594
3041
2288
1452
31376
3201
1315
1635
14029
5978
1161
1915
27476
17085
1268
940
1763
718
1961
29038
29518
37845
1780
1985
1303
8441
852
4306
3177
2036
27115
1320
47598
1584
1742
9647
1090
2438
1716
842
2652
31752
2242
2625
1538
1042
2594
1302
1089
1457
2605
14418
917
2652
1442
30201
1552
2985
5191
2007
2435
1940
1663
2799
20121
2093
9529
1711
33512
2315
422
4693
4308
2616
17628
6820
1028
5829
2424
2317
2231
12328
2535
1833
2308
9128
2235
19516
2279
1805
13833
2914
3101
3106
2817
369
1075
2409
1622
2196
959
1097
1733
1738
2067
10583
1686
1721
1358
3024
1361
1625
3059
5497
17069
4011
1235
1338
20258
11377
2132
1050
2679
2034
2028
1665
1657
4383
907
2442
1246
2499
5278
2196
2065
2269
1643
17775
3175
2556
830
1174
1197
2751
30402
1597
1380
1328
1879
2450
2740
1347
2809
1358
2688
20882
2276
793
4599
2621
3706
3311
3214
2117
2060
2452
2661
1960
11105
2279
2421
1882
1185
1652
4018
3044
6956
798
4754
16088
3593
2588
2452
1745
844
585
5130
2164
717
2849
2103
1936
1109
2634
1346
1183
2530
1703
1210
4048
2436
1102
28358
1961
1972
1350
533
1375
4756
1539
1073
868
1605
2756
775
1238
6421
2212
2745
3926
14874
2789
30888
2231
1343
23760
1928
1538
3964
2555
2086
1768
5718
9143
1779
49654
2422
3611
18996
2278
5789
1676
1822
997
872
2680
1587
1610
1000
4600
2345
4723
2450
26205
968
2515
989
19506
2717
11229
16846
1704
1031
2657
2920
2230
2828
2444
1507
1112
7665
2882
1471
845
2871
923
2468
2256
1019
1792
1202
20398
15120
1360
2264
604
14095
7324
1427
1622
1540
4554
11889
857
3248
1440
21409
648
3468
14100
21440
2553
2611
18411
795
1421
3516
21144
1823
1992
4872
3197
2006
2127
878
4426
1120
2332
2211
10649
1566
17617
2073
2389
408
2410
626
1705
4666
1777
2377
1973
3338
1005
2388
801
2274
7985
8811
3721
2420
10774
1879
2356
806
2190
5628
1279
1006
2252
2269
2246
4198
1235
1889
2312
2705
3695
691
2011
1606
1366
983
8781
1889
1901
1465
2571
3315
2840
7157
2344
2144
1002
6748
7791
1430
1049
960
2280
2769
11615
2436
2019
4526
530
1624
1856
5060
4824
4088
1087
2118
1116
2080
1886
2237
1901
1836
3040
1143
1759
2128
3390
2229
15312
1362
2890
2530
43021
3864
42881
2221
1540
8921
6732
3142
720
2022
2054
1435
3121
1415
680
1870
2757
10083
13290
9462
2870
3725
1787
3884
14084
806
2197
1533
2418
2910
8824
1573
1458
1621
2801
22802
686
2710
3014
4762
22979
667
3087
2847
810
11236
2041
1243
16102
19005
779
1478
724
4344
1289
3265
1916
2127
835
1602
2514
3262
2784
27061
2231
1779
2474
18178
2487
15576
1136
3261
2020
15434
3001
2233
29332
4794
2572
2639
7138
1463
2111
1986
1255
1874
1755
8544
2633
1486
1599
1884
2246
1710
24699
3975
2377
14440
1211
1827
1172
1192
2270
1802
1926
16814
4002
1687
1934
3167
1160
2402
22180
9031
1614
1163
1192
976
1608
888
1784
5742
2475
2426
1653
2074
6666
7334
3358
2203
2625
1523
1539
2623
3180
2534
2664
2606
5025
3175
1600
4315
1892
1590
3768
1015
11179
1641
1310
1707
1333
1779
1923
2658
1945
2369
1273
1168
7984
4050
1929
8161
992
1404
849
1442
3105
2792
1007
811
1715
1505
1890
3005
1970
1138
3750
16547
2306
1514
1185
1490
1577
1317
2894
5855
1892
1319
19432
1045
1795
632
20816
1074
9092
1641
2701
7782
1120
5907
2449
1361
2555
1822
1926
4947
2588
3212
11796
7410
1910
1732
729
921
9313
2882
8526
1884
1602
2442
15954
1696
558
789
2034
975
1586
8255
680
2003
1095
1564
1746
8545
12371
3376
4688
1703
29498
8324
1549
835
3758
3143
32733
1283
999
2122
1334
2433
2229
2193
2903
1680
1956
2014
2809
2114
2495
17965
1902
2164
11366
821
1703
1897
1260
2938
2934
4815
40367
1402
3500
2025
1882
1305
2553
1899
5421
1345
2028
10971
2721
1860
2045
1235
1268
7882
3149
698
1547
651
2558
1961
768
1796
4920
2494
1070
541
7758
2701
3203
5505
772
2032
1793
2492
847
964
1994
1197
23626
775
795
1563
1913
2710
1499
2176
7259
18549
2360
1915
1010
4057
2292
2377
8816
1917
1737
2294
1551
2618
36581
2450
13224
2152
1067
2312
3014
729
3214
1716
1991
1086
2423
688
8978
25215
1899
12110
1868
4994
2353
1586
1139
1175
1419
20758
1822
19091
2639
20195
3006
13991
2582
10978
10341
1506
2068
1925
784
1766
1618
6266
7675
1028
9616
1685
3057
1863
1957
10459
1760
1162
1483
8642
3569
1993
2178
700
2294
2620
14778
1630
9227
1365
1055
2492
4014
2697
7671
2364
1867
709
739
658
2248
2511
3142
2388
1389
803
501
1330
6126
1243
3486
2248
4991
1200
2386
1487
2365
2692
1063
2359
2168
10703
1940
2922
1888
2279
2103
2181
1192
6363
15695
21162
2634
1000
12850
1278
1492
836
16840
2384
1339
1619
5010
2024
538
2281
1719
1680
789
1965
25209
2047
30035
2218
2567
12998
782
1575
2443
1149
2307
1891
1510
1831
1105
6728
2279
2768
2819
2844
4831
17635
2062
16667
1842
3347
1317
6504
833
3027
2722
1005
2452
1955
15996
3029
1320
1681
2339
2984
29882
1667
1547
721
8925
6876
521
2179
2221
2033
883
1484
2497
2720
6437
2493
2833
1035
2300
1817
1006
932
1867
6458
1190
1839
907
1822
2575
1508
20216
26852
895
26489
1591
1526
1799
3033
2840
10454
3020
7102
2491
13919
1115
1220
3153
3188
2243
2591
841
845
2052
2045
1619
1928
3430
1818
1838
2586
1667
1868
48495
3053
13391
2204
3472
1878
9185
1369
1695
1659
1887
7359
1942
945
4502
1685
1736
1376
2761
8843
13117
2530
3097
1404
4660
7693
3673
518
781
2757
1785
1336
16772
2691
1577
1514
2423
38873
1625
1909
17380
1999
2439
2144
1627
1323
545
26259
3028
1252
1889
12174
37093
2569
3336
2413
2261
1091
2550
4963
2442
2250
1992
1533
11342
2035
931
722
11702
944
3387
1888
2565
1791
1537
1593
2169
6300
2811
1431
1885
1345
1545
982
1311
1566
10925
28437
505
1876
504
2035
1855
11215
800
12377
1316
1547
2015
941
9489
19957
1380
2164
1390
2902
2155
2186
2244
23800
2992
2736
14536
1684
1845
2716
941
2638
1207
1973
1917
2325
4595
2343
5000
4543
3082
2389
1769
2433
2493
1578
1317
2578
10984
1710
1251
2359
1919
826
1632
29705
1057
7955
5072
2283
5889
5471
10667
945
2544
1301
3385
1997
1849
5957
1426
2476
1637
11850
9240
2268
11845
3204
1839
1669
2912
6501
18928
11414
1480
7528
1635
2334
2307
2031
2025
2508
1783
1107
4098
3248
9500
6430
1068
2629
1084
3082
2041
3376
2073
1950
3085
15927
2673
2032
5559
1542
1533
13745
1141
14415
9389
12008
2065
2929
1247
24619
2881
2218
807
8820
1591
4150
1698
6614
902
1622
4709
1223
35705
758
1887
1652
821
15705
5148
5044
4696
2479
6946
5674
1408
34325
1831
736
10552
936
25752
20471
1439
1568
6513
2980
1743
18600
2720
1747
1593
2046
1466
2140
2225
7831
2331
9274
1689
1193
2150
4592
1850
1622
918
2025
2517
2120
494
1482
1116
10612
1200
1216
11397
3004
2255
1171
3581
5229
1588
10926
2302
4944
2002
687
2385
1541
2820
2690
12054
1111
2537
1596
2355
1153
2640
985
16991
2371
1774
6810
1990
29649
1262
4993
1745
2202
2254
3239
14152
2715
13378
5697
2486
2543
32576
643
20574
16481
1291
1940
1053
709
1066
2211
1348
1797
978
1933
3244
1547
895
1811
12304
3742
1375
1842
1177
1147
22685
10389
631
3198
1499
947
1756
1815
1809
1351
1960
1043
2229
10517
921
1357
1224
1146
662
937
2620
2391
3930
12541
52201
772
12953
7206
1691
10464
11493
835
2628
1187
9660
3481
1107
1745
1824
6815
5873
3070
906
12872
3866
4552
3572
5284
2587
997
17206
2407
19381
2214
3921
2313
2082
5832
1937
1841
1637
9271
1429
1593
2057
2406
959
1201
3213
1895
44370
815
1887
1264
1980
2279
8540
2187
7851
1625
1475
1078
15896
2890
1519
3960
1412
3161
1131
1715
2576
1713
1474
2812
1465
1610
2029
1784
523
2046
14385
13981
8753
3931
2192
2053
2406
2240
1261
1692
16106
1727
16516
9772
693
2570
1493
1539
1220
15670
2512
1922
2463
1165
1132
1428
8294
24813
3389
6030
1216
1713
2122
2744
853
1265
2709
2425
10767
14799
33519
7660
1867
8456
18572
15029
826
2827
3976
1215
1499
1218
1877
3314
1340
11405
2910
3027
5476
3017
3914
2075
1489
2059
1746
2357
3867
1564
1957
958
372
3446
3229
744
854
1767
1035
3675
1907
2314
1752
13049
1449
3162
1985
1819
1748
797
2194
1637
3361
7760
1679
2864
13313
1027
2068
6637
1555
902
1877
2511
1854
21355
1630
2686
9936
3183
690
858
2232
14519
1952
2419
370
3269
2607
2793
1394
15095
906
2194
1357
3639
4374
7352
2835
2527
2374
2304
7853
1864
1886
1294
1797
17488
2423
2054
476
1491
1352
2043
2138
2879
4819
2776
1135
1843
14132
1520
1049
5913
1382
6395
1211
1538
2939
510
1764
2224
2587
1872
880
2740
17627
1072
1975
726
2666
1993
23029
3685
1292
1803
2290
24614
12863
637
2963
528
1668
3188
1789
909
1213
750
2680
11655
1021
2116
5606
831
1229
1253
409
3417
1461
445
2796
2573
3105
2084
2694
4806
2616
2043
13822
1276
2861
1453
2152
17564
1642
6312
1137
1431
9323
913
1577
797
1246
1593
33763
1101
1992
12823
682
1674
2183
2511
1979
1378
1492
1452
1236
1409
2595
15731
12907
11828
20111
9948
8694
3783
548
14578
2187
2944
23221
19584
14957
791
1913
15439
38920
3674
22746
1200
2339
2308
2394
1757
1604
3352
3754
7690
1822
2377
1560
2108
2248
790
1388
2736
7331
1224
16613
5022
1846
2480
9175
15596
1797
1177
1113
1826
892
35479
11218
34035
818
1824
3700
18305
1821
1313
9690
2482
2249
791
2662
2759
7287
1135
1453
2300
2151
1622
4273
1606
1300
24770
986
2094
1658
1951
1142
2868
996
1722
8775
763
769
4065
827
1325
5078
2152
1565
21499
1590
3396
691
1843
1564
2381
6465
3908
766
2449
1127
1687
2663
999
1483
2746
1009
2333
2815
2086
1948
11461
5625
1928
2808
10831
2217
2340
1948
2616
928
2538
7715
10478
1079
8725
1064
3128
5403
973
3647
11000
2802
4066
1366
1363
1841
6922
5106
12668
2597
2423
1656
12598
841
1103
1603
2301
1676
2321
4699
1070
1888
1101
1820
1252
6646
7601
7090
2818
32920
4033
1406
7279
1752
3674
1373
3245
1380
1747
11315
501
1404
2428
1028
12373
496
2137
1590
5982
9153
2563
2088
1809
1107
2119
2719
1496
2469
31235
2803
2025
35336
46053
741
2864
2049
2660
1470
9708
4271
909
1719
3057
1791
28364
2474
1461
6239
6792
11670
3595
2441
2574
30388
1725
2876
652
2324
2566
21330
6562
1341
1437
901
13975
1824
2447
959
757
1126
15144
1187
1908
1239
1119
2063
2668
9275
1418
378
2385
1987
2277
17751
2684
1929
5420
713
2110
1862
1808
2516
1318
1290
1298
2876
2291
1471
4520
3617
621
9709
1060
629
1351
7407
1973
958
16444
2288
2043
1014
2243
804
1078
1033
1842
7589
16371
52236
1329
2879
1065
20661
970
1421
1562
8001
623
3019
35912
7820
869
1361
1498
19681
3843
4876
10171
2092
3306
17625
28216
2086
2350
13422
2195
8746
1994
2892
1862
2353
19344
1468
1574
22585
9597
3741
1257
1443
1152
808
2928
2265
970
23280
5228
1793
1019
29414
596
1639
2700
1514
1118
2582
3291
549
7813
7266
1901
13629
1809
1716
1853
21952
6097
50256
1448
2975
740
2717
1187
15895
1292
1217
2554
43342
1591
3303
2166
1298
3068
2296
7374
2902
888
19250
14995
5146
1382
369
973
820
1906
1683
1414
2635
1894
3127
1785
2608
1400
3897
2152
771
1769
3795
1530
1375
11489
1738
2177
29123
1773
1291
4641
422
1156
1835
12989
2276
2203
4223
1492
2779
12624
2576
13183
1498
1145
1523
6557
7289
2060
3168
13065
2649
1670
777
1337
1001
2523
1903
1417
599
1896
1446
2184
17321
2814
2122
2222
572
22741
24356
2418
1602
21048
1872
4702
1375
2879
1533
3384
17936
2540
1292
7234
3379
5199
2515
2940
939
3623
11026
2109
1562
2817
42848
13185
1073
1825
8315
696
2571
14910
1871
9689
1383
3073
2985
9963
3533
977
2952
3673
1292
14533
507
2530
1410
714
1029
1708
1900
984
2591
1217
897
48956
2724
2781
2779
19164
12130
1986
1707
1262
1023
4561
6938
1566
16657
19167
1845
3042
2901
629
2484
1038
2323
15140
17628
4395
6035
2260
8173
1577
2571
1416
6359
1172
398
2935
1353
2239
1077
1546
5483
5790
1971
1862
3657
13607
891
1145
23849
12992
2892
1652
1481
8171
2652
14215
807
3238
7899
1607
1085
10809
2725
2254
1095
1902
1921
1671
11241
6465
1161
2419
3088
1638
434
24178
38195
2133
1991
3276
2859
2362
1880
2130
1632
2051
1858
2769
1382
2098
4460
1129
3435
16329
1845
18302
4378
2161
2229
2267
587
2200
516
1949
11120
1464
2872
1299
1167
8682
9631
13314
2098
999
1091
2908
1638
811
1080
30876
1391
2147
2390
3881
1664
5100
1911
2119
493
1655
2276
1887
1801
1213
1300
996
5256
728
1390
11150
1588
1393
1621
8438
1005
1412
6958
2649
21142
1046
3120
2225
2165
988
11894
15147
5428
794
5189
23833
1164
1531
11595
10237
1506
1715
2315
2011
2661
2423
5017
3150
918
2843
2334
1637
2890
1536
2626
1717
1434
2220
5401
4982
27128
13479
1524
2191
2390
14315
8862
1451
3847
7613
2086
8592
1308
1337
3784
2158
10575
2251
1225
876
1162
771
2086
2289
911
2219
1686
2490
1541
1695
2232
2159
2477
956
10363
2684
1933
9042
2428
1208
2746
2327
1022
889
1018
4930
634
3326
1343
2639
1208
10013
710
2569
946
19207
2835
870
1797
2175
1639
1962
21134
1675
1454
2380
2825
1571
1032
1605
817
2755
24149
30719
2222
1323
2788
12066
18358
2734
5425
9415
2218
12899
1991
1097
1912
1305
926
1909
677
13219
1614
8978
2385
3586
1112
1945
1034
1830
16822
19853
2071
1738
1335
1910
1488
1254
1706
1742
1938
1893
1263
1308
3095
3294
6041
918
1958
1328
1005
1871
3151
8961
1234
24171
2058
16410
2766
2868
854
3495
2063
2602
29246
12838
12675
10608
2360
1286
13227
1489
13231
2147
1804
1298
2671
2336
13193
3329
2095
1378
1693
3362
1673
5815
1562
1613
1288
2230
1132
1005
9292
889
2468
1935
1744
1873
2294
971
1097
1604
1773
1895
2379
1766
853
16058
2199
980
3160
9288
755
2347
7234
2110
656
1397
1494
1465
917
2262
1968
2028
1205
2008
2539
2295
15756
1759
1691
1293
855
2883
2068
1238
2494
2489
12572
1021
1211
5000
19916
2750
433
3434
3326
1600
2863
2206
16550
6526
2091
1178
1187
1998
2213
2778
1812
8775
1379
1658
18989
5011
699
1113
1819
7834
3267
271
6568
2855
1711
2541
12248
1612
5346
12641
9795
1961
760
6289
1867
10898
4404
17463
1603
1347
1064
2123
2033
1864
1013
1054
443
3785
1964
1943
2956
1646
2652
2191
2496
2694
912
803
2077
2021
30122
753
7790
3231
2442
1424
2427
14345
910
706
1803
1336
1841
487
3496
1842
1287
23294
4516
1091
2007
1178
1407
1514
1191
1354
4043
1867
1181
2647
11345
2288
6038
1423
2378
6842
13339
1115
2544
649
2294
1447
15534
2041
2406
2076
3982
1072
1603
12613
2410
2059
1981
5731
1974
1109
1116
1250
867
15748
8125
885
1852
1317
13011
2060
2010
690
2730
1964
7838
3538
5895
2559
3533
1674
13789
830
2397
1180
1979
14731
1898
764
2201
2458
49599
2139
2065
2474
2418
37892
324
16764
930
1430
2616
2000
3634
1392
912
1509
2339
18025
3210
1763
909
2101
1646
1050
1912
16704
1373
7229
984
1284
1864
3439
1957
21899
1938
1599
1688
14926
3171
3193
2024
1133
2127
13518
8256
1990
1660
727
2615
25084
1644
1591
1643
1096
2073
1306
2417
937
2881
9750
2521
5481
19861
2103
2137
11589
2707
1342
45475
2692
13962
2635
1089
760
1695
2080
10036
2491
2524
1212
1927
2917
2512
1476
2196
3701
1727
20003
800
2327
5088
11508
3122
2356
19914
1313
2246
880
1942
9908
5247
2951
685
3676
1602
13986
23776
1421
6298
1463
3151
9348
21257
1337
1249
2998
1341
1669
1949
8014
1849
3966
11028
1261
3107
2242
1165
1552
34592
8409
3174
13076
851
1811
12380
10022
853
14392
1017
2784
2250
1398
1113
1032
2313
998
1598
2551
11274
2170
36758
4085
2862
1830
4336
2510
1656
1559
2802
3039
1722
1876
433
2815
2151
2471
3010
2389
2523
2748
7709
2524
2313
818
1470
1189
796
2155
548
1689
14396
13201
1764
8795
18395
1971
1931
4592
2451
2028
2472
2633
14003
10570
1628
1650
1642
3249
2400
1095
2481
333
884
2360
14178
6965
1740
2806
6272
1196
2404
2628
1614
1923
9461
1729
2128
1451
2786
1489
23281
733
2628
2133
1782
1745
661
906
7734
2467
2690
2556
486
1764
1885
23486
753
3141
2563
1851
1135
461
1047
671
4542
2149
650
699
1744
996
2441
1765
2327
1382
2584
2128
724
1959
17398
2519
5718
1339
1740
3408
1531
2405
3000
892
1988
2449
954
2141
1420
1908
2605
1309
2162
17431
2266
1852
3227
469
1057
1508
1536
571
1061
2210
2450
1608
1158
14784
4512
763
2435
1684
2452
930
2206
4619
1376
7288
1500
27788
2478
1820
2443
668
11533
533
7500
2449
1866
12908
1252
1838
1053
1804
2249
2900
2251
1909
2026
2539
1973
2574
1717
836
1269
7827
19359
5386
6647
1566
904
1946
2241
806
1319
2238
2019
10228
480
3019
1457
1515
7208
3139
1838
1034
2161
1761
865
1748
8067
3342
5993
1808
17919
2094
8298
5950
4647
1429
960
3301
2528
8546
3384
24740
505
546
771
11359
1710
1905
1891
2403
664
2178
3840
2729
2076
852
7491
2213
712
18654
1359
2952
1416
734
2265
433
2945
1273
20046
411
18434
9802
1095
1526
1669
645
2521
1308
2047
19552
2469
2354
7019
1704
601
3900
895
1279
3096
1795
3069
5140
2233
1625
567
2208
4173
1106
15252
4302
4183
1997
686
8592
21121
2320
2091
4504
25071
743
1707
1717
1451
12706
3273
32310
1244
18007
7219
1917
750
2485
2671
1266
1196
26578
24284
1741
36197
1625
16609
1810
1237
2747
2106
1821
1236
2242
807
2294
3215
5355
809
5164
2223
6734
1658
1187
699
678
2743
7522
1708
2339
1428
748
1360
2225
775
35141
394
37057
549
1276
941
2398
1842
2286
2311
8459
2084
11016
3152
10719
2801
1781
2307
4589
1233
2711
21578
12628
2618
2719
2874
1739
13833
14166
1653
760
13983
2481
3209
2217
1515
12537
3411
2727
2895
1491
3264
27754
1160
1473
2549
1885
2331
19466
1867
2085
12115
2889
2319
2054
31089
9002
2373
2319
5355
1916
1439
6412
2164
8584
1301
8306
6602
4939
2083
1666
2476
1266
5071
27467
2151
1892
1250
1841
2352
10798
2663
938
656
1233
4143
2006
2396
14353
1864
1691
17103
1711
1667
1971
1251
2202
6014
7335
1910
1912
2512
7456
2928
20857
3743
2884
1276
1458
1846
6583
2570
715
1991
1948
23822
1830
1663
32668
11560
1030
1937
2162
7344
1724
1497
8584
1305
786
3127
2464
624
10323
21455
2210
2621
1338
2533
2193
753
1501
1227
1511
2257
10267
508
46741
1431
2036
1269
2197
18329
1564
24228
1964
2438
2491
3710
14879
1318
2405
7662
777
1065
10065
1508
506
18423
1750
2126
1706
21780
13320
556
38232
1373
2819
1673
887
2951
4687
754
2287
1609
23644
2481
8377
895
2647
16039
13772
3242
772
1013
2766
1970
5951
6106
627
841
1913
1926
8529
11296
1460
423
1694
2444
1212
1255
33235
1427
22003
1136
17708
1618
2717
844
2631
1159
9869
13614
1897
652
2171
22854
1425
455
2048
1426
1938
2126
810
1916
2110
17678
7230
6340
2248
3817
19583
2899
2536
2666
7419
1999
996
1971
2887
2377
2293
2207
1183
2312
445
8417
2711
1105
1987
32751
1948
4331
1716
1501
661
2718
1303
1878
1073
1598
6814
1558
2382
2554
3669
3292
7761
1930
10725
9358
2545
4485
2128
5240
1257
2403
2715
1903
11962
1202
7881
2008
1679
2087
1502
1710
758
1512
9464
20680
16592
1298
1771
748
13027
3157
1419
1267
4837
1976
35070
2815
994
432
2620
725
3633
3791
2220
37012
1489
1711
1697
753
2363
3702
993
2449
1281
2384
1477
1897
2035
2629
923
12490
23838
1067
19144
2844
1847
1969
3726
1973
626
28440
3484
11722
2104
16185
1112
10276
2710
2248
1559
2801
1787
2057
3811
1739
2919
1332
814
2595
16406
1258
1261
1492
5059
1166
1062
1608
3176
2500
12319
2736
2585
1635
5996
31248
4577
12671
1556
2394
2688
2650
1867
6172
1005
17043
1497
1443
1053
721
7183
2834
12721
710
3499
22383
840
1589
729
5003
11078
16896
1952
2896
2637
6424
1501
2256
2582
1269
2747
2722
887
11020
1218
526
25800
2524
1547
707
9021
11130
1093
12033
6076
1379
988
2645
534
789
911
1780
2050
8770
12850
7758
1827
822
29310
2800
1209
7243
503
10378
702
1555
2178
2237
4336
1313
39991
13782
1082
2728
1896
11675
1871
567
669
23205
2024
1213
24130
1046
1159
1590
681
18586
985
1411
2707
1683
2442
29379
1045
3098
1681
3286
1480
1774
1004
1157
1425
573
2241
1748
2005
2803
10621
1462
1855
3010
1601
2839
1807
7909
1546
1942
3008
1016
2534
2704
1703
15986
3709
14266
2776
3090
2276
2021
2283
1131
631
1368
2038
6354
2292
3547
11045
2230
544
1047
21887
910
4446
1892
3313
1343
2863
49919
1592
858
2031
15179
2218
2403
3245
35800
1898
3077
2662
1725
2751
761
1105
36372
1786
2344
1034
2183
1467
16704
1729
2884
1097
1739
1848
1365
12530
722
1694
972
1739
3623
10153
5209
1269
1983
2999
1894
2861
1386
1354
1394
1788
1781
2204
1444
1833
2692
3155
1889
2943
1931
6679
2887
1200
3036
3118
6152
5260
1224
13683
1779
1768
2663
3081
3472
1027
2268
805
2451
2987
7945
4939
1988
1391
13875
2117
2473
2431
2953
17189
3256
2908
47169
828
12808
9443
1862
12689
1673
2448
3461
1547
1473
2826
7005
1955
779
27809
6600
8281
2811
1573
2518
10283
1314
2118
1967
1443
2316
1828
1104
15481
1374
938
2112
762
2005
2326
2585
2433
13166
2119
2906
2852
2739
2260
1611
1909
1124
39577
875
826
19093
968
2808
13253
31300
2719
2179
1765
2466
1796
1841
2261
1372
853
959
2389
3156
3022
4417
3190
2163
2501
1208
1003
3443
2775
1353
1209
8377
2316
3038
1248
15824
16601
1535
5426
11249
2144
2386
2139
4695
1545
19750
1454
17174
2319
1332
786
2547
1392
2019
16682
872
2033
2329
12858
2833
875
20295
2701
1241
18863
1922
1202
1225
2173
17205
2323
1924
1367
2158
15249
867
12478
28371
986
3442
1610
490
2801
11182
2488
3065
6523
1371
9820
8847
1418
15552
15605
11122
8967
3660
1632
6286
2349
1600
8875
893
1983
11434
14924
1938
2344
969
2138
5204
2616
1643
3546
2723
2468
1690
2883
2938
1771
835
2510
10668
1868
1130
1152
711
2835
3850
14283
2248
14698
2747
2394
1387
3034
1399
7790
2168
2316
2690
958
2367
3227
1520
1544
5984
1482
1137
1547
1535
6163
1329
1322
19469
1268
1463
1692
1676
736
17396
1040
571
2092
2117
1624
2065
8190
2255
6989
2333
1854
5524
4973
23336
1662
1658
5327
2055
2010
893
2718
5893
2197
3095
4079
1418
2003
2286
2020
527
12073
2691
1662
7425
4227
1497
571
1131
559
1449
7533
5995
753
2836
1438
1775
2260
1291
1814
17062
1447
1127
4234
3615
7996
1808
1566
1070
923
1092
1648
1890
1067
1666
2393
2193
6825
2291
2552
20662
7953
2356
660
2059
2097
4322
5639
18473
2308
2071
1060
1674
11776
1769
979
2209
328
15916
2355
2349
1045
447
1222
1682
12306
589
29913
2642
938
2029
27423
2125
1347
2555
1787
2404
2765
2606
2912
2810
1167
1602
21308
1287
2352
1894
325
15915
5142
22506
15473
984
1508
1867
6368
1792
2435
1753
1209
17709
906
2944
1643
18813
4656
1418
4342
15705
2065
7050
1044
2530
2167
2256
2133
570
2030
2832
4279
5625
1133
2198
2301
1250
1372
845
513
1097
2448
2372
1501
2209
13671
17371
940
2061
1959
6195
2038
1260
3149
2957
2278
7260
804
2229
1032
10253
1428
742
1890
3369
11153
666
1585
2841
1519
1334
1030
10655
11669
2882
2721
1757
1596
1614
1377
12586
2702
776
2063
13703
1260
2567
22699
1501
2204
12518
869
2393
4137
2500
13438
941
2709
21304
854
2041
10159
1383
1667
747
2555
2233
1463
22920
2264
1857
3335
2644
1981
2284
1759
858
1056
952
11202
1514
1658
19153
1723
768
2275
1634
2094
13854
3416
1013
2133
1493
1185
2125
879
13340
943
1149
4312
1961
2294
865
2019
3045
4177
9836
1861
16561
880
2104
2105
8879
2632
31444
1936
1291
2072
1864
2683
1554
2324
1712
1317
26255
20481
1564
835
12696
39773
1088
3498
1397
877
1464
5499
2482
3645
1046
9119
2692
1137
2187
1804
2339
2611
1676
1860
2106
2507
27446
3456
9246
3392
2098
753
1543
1095
1054
2161
821
28567
1946
941
13835
5859
3667
6128
2630
3393
928
2684
1939
2548
2609
2803
16098
1810
7035
3216
1604
2639
3013
2413
15721
3902
7906
4192
16410
5441
5274
13904
23422
30569
6736
2000
6519
1465
2974
1168
6105
1117
1364
1104
1532
2081
1026
1183
20124
2267
6269
1058
3063
1507
3487
3431
2950
940
1037
717
2695
2112
584
966
2213
5745
2982
4616
1437
12706
2364
1185
1833
1394
5003
2158
2728
1356
1177
11420
8054
3498
1523
3138
2733
4177
22454
2009
3083
19762
2232
996
2852
1245
2026
5842
3403
13066
1113
1404
2586
1991
856
1616
1421
3255
1734
7012
2299
1483
1058
9329
1743
857
2515
974
2701
2653
1780
1278
1933
2179
484
2271
2050
4292
12851
664
1108
10900
2149
2544
11866
20960
987
1037
817
1744
1371
2745
8241
20648
2607
774
1782
2794
21567
1762
2664
2999
1680
8916
16815
7952
1225
2253
11993
1505
28996
985
1170
2703
565
24794
2913
1056
32276
16050
535
2892
538
14275
3390
2415
19280
6770
14109
4539
9477
5525
4535
10130
610
2807
1304
763
1739
3531
23062
2118
2153
3262
964
14887
1811
2385
1864
16289
7526
2118
1833
4044
24097
1858
2436
1385
1761
2218
2977
2208
1038
650
3487
1546
867
2634
3529
2430
2237
23508
11850
2500
5366
4533
849
1956
2290
953
1631
15392
1050
1234
3196
1116
2488
1441
1604
584
1239
3077
992
1141
2372
9739
1196
1343
3269
1211
10493
2864
2205
1997
1207
6233
1669
1017
2585
1116
8611
3008
1808
713
1978
742
1342
3087
9518
835
2292
2657
703
2043
2794
16515
8568
1754
3233
3025
2800
7305
1446
2036
6672
5441
42101
639
5980
2236
2644
2135
1505
1677
2713
1190
9113
2161
36660
1434
1704
7566
1523
6291
2985
954
2385
6094
3487
2155
1031
2607
1256
4952
2628
2001
32970
3173
2215
711
3733
2986
2158
3050
2365
4871
2663
5322
965
1552
1357
14035
2431
10307
5713
1412
21312
688
2192
2970
29721
2241
3241
3743
1189
17838
35651
2478
17052
8109
2945
3247
1868
5717
1005
909
2550
1209
2996
2121
1586
44407
26877
822
10194
4106
3401
2867
21770
7584
1501
8804
1596
2408
678
3568
1301
775
1773
1857
1044
3243
1106
3263
1386
1890
1545
13514
17063
1568
1689
2291
1666
522
14414
8102
1273
24745
2470
2953
2324
2308
6963
9052
9970
2392
729
1223
31137
1617
2806
1739
1527
1559
3857
9189
3114
2798
1290
1294
2389
6986
2114
2430
1447
3413
8829
25014
9615
2581
3777
1865
2330
495
5361
2791
1427
2219
738
1532
2017
2418
1856
2598
13733
1778
1855
695
7091
1706
1137
6809
2456
2810
1242
1961
802
3259
10046
732
8096
26659
761
751
1930
11234
2803
1142
11052
2891
2331
2548
16394
1387
4054
2684
12930
1538
954
25847
1396
1341
26927
2371
2077
1283
2358
5175
2904
12028
1559
1320
1558
1767
12965
2708
1238
14228
581
14292
2967
4730
931
725
15621
2976
2070
1831
2485
1362
760
818
1401
1922
2551
2016
1442
33329
1525
5834
640
45815
3070
2278
1686
2040
510
1815
1052
1240
22817
2322
660
2204
16351
2997
15028
14865
14646
2374
1363
1708
10367
1062
2012
965
2473
2212
1682
3224
7647
2249
1678
1519
1307
2444
2055
2319
1019
2474
8010
1541
26319
31602
2567
5555
7811
23335
23730
817
2768
1790
822
6517
2479
17129
3603
1470
17585
1681
868
633
2153
9740
826
27293
2767
1919
2037
1050
2050
2782
2804
815
9295
13949
2077
6745
1682
2006
1128
20656
1958
11478
3243
1107
1481
1707
1043
824
2536
3916
1718
1777
21271
2214
860
1418
1636
769
2154
2284
2397
1484
2396
843
2921
587
20028
9548
2702
1858
1015
2633
2288
1941
2410
2633
3762
24368
1318
1810
523
19576
2210
983
2535
2496
807
1701
1640
980
9666
890
3258
5700
2647
1217
3744
2197
675
5553
2288
1756
419
3777
2298
1480
3757
22499
1633
2301
2103
1423
13682
2233
1273
1982
1634
1678
1487
11522
2094
17493
2701
2808
4057
5955
1144
1812
2138
2303
1741
1472
1479
2124
1756
877
2067
13717
2377
3375
2344
22454
2469
2930
1387
14406
1911
25617
2473
1445
33453
777
2055
1945
4298
2595
1208
29021
1837
1637
3168
1895
2198
1483
16922
2051
1598
2861
761
10705
5800
2251
12609
21653
13645
4618
7228
58654
739
9164
754
2313
28771
1620
15932
1519
1788
31933
1421
2230
1542
4128
1689
1580
2671
1875
2101
1856
518
2067
2561
1834
19590
2016
2106
11029
1996
1693
450
1079
1394
6678
1589
915
15465
2226
1220
19933
1961
19756
2215
3120
2689
10214
839
1396
1896
1886
680
22748
19034
2472
609
6348
2177
1427
9364
1675
1203
974
12322
1962
3135
1995
1697
4051
5015
2346
10023
2334
468
36489
2584
19428
1005
3333
2357
2264
1913
716
5900
5187
7593
546
2292
1923
1562
2024
1230
16937
12838
2207
2538
2138
1911
17585
640
980
2447
1090
5478
1772
6811
1698
2390
3256
1772
1676
1663
938
1715
1772
5603
14393
25835
3430
2923
2828
863
1282
6014
2312
2694
2279
1312
23525
14137
1633
2983
15714
16384
1810
13016
4772
1092
726
6222
668
1852
1718
20535
3749
2624
36112
1516
2605
2339
10585
735
14186
1161
20899
19550
1231
2285
1983
1322
84240
1966
2876
8564
934
2057
17310
954
8496
1168
3013
1388
12093
13138
515
1767
1377
1965
4652
1238
2287
10867
8982
1163
25617
2008
7239
1595
8433
2523
2961
2061
1027
14671
2920
2587
3179
3661
3282
2110
2663
8073
1159
3079
1592
20832
13691
15134
2464
1257
2987
646
2731
1903
2734
4967
972
1592
1868
2727
3532
1750
1941
1215
1157
25699
1147
31858
31495
2787
2228
2622
6647
7614
2486
656
1013
1127
2011
1460
3244
13697
1738
1431
2149
11947
1434
2855
16756
7303
3333
2368
3891
374
2419
1094
1511
8223
1012
3042
2287
3983
670
7671
3254
401
3065
1722
1625
22239
1639
1841
679
7545
4660
2604
2144
3203
1272
13745
915
37782
1735
2847
982
1317
5034
1747
1428
1348
1547
2016
1582
1534
6528
2244
17365
1662
1341
4927
1780
2529
17002
1813
2212
1114
1491
2369
899
784
736
1030
3098
1981
3703
23084
18869
2588
2330
906
1057
6377
3036
666
1153
1777
884
1586
2809
5681
2712
16782
2699
3326
1919
1484
3134
1929
10745
