2560
8446
2787
10247
5964
647
1241
3113
2056
1886
12052
1976
1590
14244
3152
1591
1895
1832
1596
2656
13849
4493
2168
1886
2542
2102
1929
2486
15483
2217
2875
2665
12365
1742
6326
18648
1643
6410
1409
1288
1939
1513
919
948
2969
2450
1225
4050
1709
900
28287
4323
726
1253
1465
2520
1789
4395
4708
2930
3273
11730
2350
2288
5535
18282
9158
965
2519
1010
2184
1838
908
2055
2227
14947
10976
5576
2728
1459
5917
12011
1469
1227
1817
2251
1040
2495
1062
956
2098
593
1023
2121
849
4229
1563
942
3465
22815
605
2330
796
1896
877
1071
1850
14066
2027
1548
2554
2499
27559
5966
751
7011
11344
1880
2224
921
15153
1093
1438
3422
9691
1932
2301
1101
1172
8072
1811
2181
2579
1904
1596
673
1016
1571
11946
2000
1479
7652
1445
789
2955
1634
5707
6680
3284
1444
5860
1072
2388
15994
3193
1337
802
11794
870
6257
17810
1644
2042
1739
3292
670
8286
869
692
6360
1766
2834
529
1626
11166
8224
628
1842
2705
9198
427
14995
2796
2009
9578
905
1741
2494
2067
3259
7412
9245
1360
1970
2607
1134
862
1646
1380
797
10262
1555
1746
710
4181
2382
1433
938
817
3083
7143
528
2550
831
3062
20599
3528
2922
1964
1366
1810
1807
3040
1279
2236
566
736
2071
2149
786
2561
1049
2884
628
1087
2997
3402
2569
3489
2980
956
1411
5947
2547
2313
958
1226
1358
1221
1514
10799
1306
894
2550
7977
2199
1983
8711
6845
650
1730
469
1030
1929
717
1890
1322
2540
2011
1578
1419
1082
1679
2181
2970
1782
2050
3163
401
19448
1436
1840
1753
1035
2266
9151
2287
1703
3072
4010
4083
1608
2284
2931
1654
2974
2151
1704
1418
8222
2153
2066
9089
3139
2290
1438
2215
4684
1945
4145
1507
1648
2591
1418
1731
2518
19730
992
1646
1676
1898
2824
12804
1463
2664
1141
4320
2544
1457
1511
3411
22803
1352
922
3060
2061
4041
5555
2122
1531
982
2040
1116
1042
8348
1457
539
2045
944
929
1503
7649
813
17815
7343
551
1537
1861
1259
2018
2809
1810
1174
4786
894
1079
695
1299
2441
1807
2586
2941
999
41302
2738
759
2037
4848
2574
3173
775
1892
1706
1446
1565
1494
1125
1122
1680
2254
286
1527
13782
19476
912
12981
1431
1912
2207
13677
1331
589
995
2935
8708
1621
1112
1056
2320
1116
2650
1363
887
1507
975
1572
2151
16754
2500
1296
2215
21546
2535
1310
5893
1342
2256
1236
19503
1540
2521
1997
1101
20516
2541
2899
2457
1486
616
2606
604
715
1535
7526
18988
1927
11908
2541
2720
2105
890
1724
1682
8393
1359
1171
1252
3510
1883
8361
483
1502
3679
9218
929
815
1781
1172
2496
13370
1862
939
2166
1736
1979
9347
815
1738
4496
966
7340
726
675
1878
388
1812
22351
2488
1990
1179
2234
2582
8533
1833
19470
14776
2852
29561
2145
2402
804
19285
3208
2255
12041
5374
617
2851
1792
2642
465
24699
1908
7915
15984
4347
1516
2286
4540
2062
956
4414
1621
1187
1570
958
1391
1426
1971
22545
2381
8736
2087
4108
1771
750
2692
3020
4428
12638
1441
4529
2075
2999
1724
1394
1218
775
910
1546
1423
861
660
3051
39189
2724
2225
2604
592
859
4701
3179
8143
4193
1123
10189
1050
1727
1177
1502
3444
2883
793
16689
3041
2258
16619
1683
14534
1771
2719
1293
20446
1630
25304
5166
2200
2236
863
2142
1192
1710
1649
16481
2420
908
3020
6757
2166
30010
627
7845
1555
1508
1850
990
2930
1477
1102
4652
465
1403
1133
1240
2696
11887
8375
1768
2829
2847
3532
2305
2183
6190
1930
1943
2415
2684
47319
1011
1825
9668
1531
436
12494
535
1418
10867
10394
1861
1098
999
1435
2008
6617
3276
1246
625
2300
2115
11359
1969
1376
1353
11398
1120
1318
3951
5322
21189
15193
751
1665
2176
6100
2184
964
2026
1647
2405
980
1440
1021
8221
1427
7720
2506
1573
3044
3002
3384
18790
1341
1290
901
2807
1335
721
1331
45928
1541
2805
2581
1461
968
2671
18498
2464
6645
9497
10618
2616
14330
1488
2923
1687
1801
3840
1279
2561
1610
1173
3462
830
7076
1007
715
5899
632
2326
9523
2027
2547
831
1868
4673
5679
9864
2551
2690
7847
2209
6574
3139
5135
2322
4273
1390
1122
2495
1050
1444
2088
981
1855
2040
2187
1015
3131
2011
1322
1925
1311
1513
8765
955
1401
1368
21996
2250
1004
6165
3557
1238
2591
2852
18251
4046
1468
9787
2415
630
1969
1553
5734
3982
1987
430
1920
9856
1558
700
2054
6630
2734
2724
1973
3211
310
1436
859
1427
2408
6407
1585
3303
991
3783
1078
1462
1657
1167
3038
18853
1139
11203
1809
2733
1419
12096
1535
1534
8228
8941
2264
1949
8913
1865
3694
3826
3283
1685
672
1378
2179
1508
1976
3850
2663
3701
1947
10956
1674
1620
9792
1351
2515
2443
3713
1556
1169
3613
2667
2451
1073
3546
2403
10739
2529
3267
1303
1787
973
5436
1572
2742
5965
3277
964
27618
9440
1544
1912
1422
20396
1295
1549
1805
32526
41070
1685
1577
3654
1778
2158
1429
1139
1705
3039
1023
1128
2506
1745
2339
2293
1066
2458
2770
5619
4815
1612
25136
2055
2712
1235
2089
2836
2065
2058
2008
1760
1153
587
2575
819
1237
2053
1236
17395
1031
2472
1982
1910
628
1867
7397
3677
1499
1461
27773
603
1598
455
989
1450
889
25671
2142
1751
2459
801
1759
1483
2098
830
2929
2752
805
714
1095
1442
1289
2689
2798
2046
2891
1185
2006
7098
2178
1722
3107
1710
1487
1258
2138
2590
521
8855
632
2734
6873
1196
2135
8016
767
2442
1581
1797
845
2646
1157
1589
2068
2089
2294
1725
23258
2100
6464
992
13123
2527
2896
15889
1746
1248
6048
862
751
2622
1051
2985
1111
1534
1902
1324
949
1326
1722
2760
2048
2609
698
1388
2002
16181
2208
5909
5242
27058
1072
1459
2714
2142
337
62233
2199
666
1617
2725
3997
1778
3533
1603
2301
1307
512
2245
3471
589
3052
3282
1211
1865
1300
2510
1573
661
3018
2308
1414
14924
1853
2146
5400
3231
4167
1251
3459
1143
1944
3659
17178
1953
2881
2195
1541
1121
3830
943
29071
2140
1248
10792
1802
2726
1911
2587
1349
905
1178
2902
2447
1542
1360
754
941
1829
1821
3155
2999
2214
1896
1427
1130
2295
805
2066
2904
14888
947
2078
1815
1350
2049
2133
8956
1399
2559
679
2743
2280
2497
1578
2087
1519
8854
1221
3185
514
1584
1750
2657
2811
2697
2389
4712
3721
4756
23525
380
1252
659
10868
2130
1548
772
1557
3006
2773
1124
512
660
1294
1941
2642
657
720
1097
2853
2769
1606
3531
23214
1742
3313
15500
2448
666
2201
2623
1000
1832
1747
1733
1925
10996
1452
1402
2326
1618
3416
2461
660
7983
538
1407
2517
1282
11361
1279
3199
504
1651
6857
24734
1093
873
1109
481
1997
2144
2140
20280
4474
7655
2341
15025
2471
1172
4058
2079
3453
1486
1051
2102
2688
10883
7446
5855
1259
9448
1899
1688
2370
1888
1470
1366
1153
1303
2476
2205
605
1241
3759
1527
3502
1506
1929
9668
2004
883
832
593
2320
868
4480
963
1583
1266
1325
2298
3555
2188
1111
547
8673
3853
1584
1593
18154
1428
1446
17959
782
2045
1819
1104
2179
10327
737
1262
2775
8031
2163
2409
1583
4563
737
3698
1427
3210
1876
5870
13517
1526
615
1494
1869
909
1084
1042
999
1553
5157
5385
760
2216
2554
1812
3170
2174
1454
2700
18858
1802
14922
1058
2578
2465
2436
6966
14516
1537
2554
5476
1176
1250
1192
2425
2357
3782
896
1220
1504
2341
7255
22880
9236
1038
2318
1347
5579
12884
1621
3065
1455
636
2494
2104
10123
775
1567
1925
1305
1021
2566
2547
1921
1811
27493
16715
2160
4132
668
3441
2605
6842
1667
5154
1330
3243
1090
25479
4466
1270
777
1545
3079
961
3384
1722
10228
10538
2473
1194
2464
2154
1367
3222
10340
2582
31887
3927
3103
11596
11947
7993
511
1273
9096
2431
2565
1454
1128
1622
3254
768
5245
1272
2088
2286
2021
27572
5903
1374
1727
1769
4250
2219
2538
1613
8766
2117
2233
982
2782
610
1782
8361
7009
809
794
2234
19965
7203
2069
1922
1900
779
1075
2653
1001
1739
25439
3092
7714
2426
7949
969
1189
2042
8642
5703
2239
2617
520
4113
2213
1973
1720
5094
3253
19317
916
1869
3978
1559
1640
838
1562
1325
2262
1508
1809
963
2277
602
710
2082
8945
508
16578
1686
5222
1120
10529
950
1306
15288
2755
942
1715
2537
688
2525
1432
1722
691
16949
774
1077
2496
9407
1906
1214
1170
772
1289
2164
2495
1495
740
3042
2048
2282
46084
3319
2963
2024
2251
652
5940
3060
3469
1225
6619
2535
404
2354
2921
2110
1149
1390
1938
4350
3792
2416
2513
2033
2698
13965
2864
1922
16962
1668
1158
1673
2623
1249
12422
12331
1979
605
2061
1435
3668
23148
2168
16455
33929
12311
1204
1463
515
2380
1641
1834
2735
2849
2565
2242
1615
2517
2043
1219
931
1898
3893
462
1339
3099
1891
3168
2692
734
2344
38427
905
843
1148
2128
9052
1242
1167
1789
9277
18934
1031
12165
3073
1279
995
12889
1872
1971
2763
3041
1027
1327
13934
2218
2283
7621
3908
1084
1922
13133
2844
2426
4455
811
1526
2038
1851
13864
2981
13747
1016
1805
6284
20487
10407
1229
1138
2191
1040
1409
2349
2646
1538
2254
22065
2211
1967
538
1581
2462
681
1705
8478
1473
2135
1150
2941
1843
1286
2354
2461
1194
3546
1933
17098
4281
682
2495
2930
1445
1590
2469
2142
2465
2169
2354
2536
1237
2182
2232
9276
1613
881
1588
2858
10485
1501
1486
1253
1366
1875
1190
1725
1155
3243
4299
12328
2405
10112
1353
2066
8740
405
2050
11244
1375
2098
2101
1863
1041
6874
3945
1040
8839
7104
5242
7037
1279
1932
14162
1120
1264
1438
9248
1763
10647
2794
804
1499
11473
2089
1363
784
1497
2820
1251
1669
1675
3731
9802
2156
2069
1771
2200
2529
637
2878
792
1975
1784
1793
2385
2357
2068
2189
741
10657
909
14345
2491
920
4910
1532
542
1392
1628
16399
2828
15705
1838
2963
2194
2737
12684
2212
2312
4269
2695
1218
2797
1859
19743
2720
1593
1744
30509
8795
23618
19940
1012
1841
8314
4614
981
3058
2979
2846
1340
1045
18320
2098
2181
3698
3995
780
2863
1664
1683
851
20635
860
2564
3713
16135
1372
2165
708
3422
23907
2070
3556
1410
6451
1973
17396
2692
18655
1499
1710
1047
1082
2544
2592
3046
1915
2985
613
1008
820
24546
1482
2839
2634
2977
1458
1321
1836
14913
1678
845
2382
19965
1439
32980
2984
13969
26413
1035
2177
11182
2126
2152
2579
1513
1335
787
2331
2426
1027
1861
10492
4392
1177
822
16751
1902
6186
1711
1654
5539
11034
1290
1727
6524
667
957
1335
1405
1418
1037
1346
1498
5971
1743
4142
2917
15060
2138
1604
2591
1478
5079
10710
4980
1847
3164
1794
2262
26683
1224
2045
12717
3967
2125
3560
9164
18429
1655
2019
6142
1485
1490
4233
2168
960
13020
2540
3106
1361
1711
2819
624
10789
11526
1141
3033
11977
1345
499
1760
3812
3314
2351
3176
2060
2635
2634
1643
14069
1638
2173
988
1954
2161
1340
12958
1256
1862
2817
2273
4218
2396
2885
1446
8660
1467
2513
2683
2145
1171
2129
19332
2225
2601
2007
9334
10658
3123
4023
1112
1833
1152
1954
573
1796
1598
1809
1348
1441
26390
2200
6746
4163
479
1203
450
3456
906
902
6071
1300
1267
2199
1088
3823
1548
2153
949
1356
12520
2071
1395
2146
2745
1422
1956
1902
2146
813
2242
8822
1689
1042
1191
2116
1107
2066
3444
2344
1747
1901
1574
5230
1100
2386
4584
808
445
12648
1885
2365
2184
17470
1182
2246
3314
14658
1848
2002
3155
2201
11554
744
18331
17734
1566
2290
2206
1176
10099
15520
1808
853
1488
2976
1378
1786
1156
13874
1084
20440
22922
1515
2269
1823
1039
2420
5984
786
582
2817
1966
1164
2729
1957
1325
994
2587
1300
1957
1533
17341
3414
2024
6439
11500
1151
1742
2322
771
2164
3039
2320
2451
771
17213
765
1202
1877
1651
9515
2301
1837
2838
6485
4620
1100
3018
2651
1699
2025
571
10687
1418
2170
1747
1456
2554
806
1256
1229
573
1249
1951
1186
1609
2479
1693
1444
1583
865
5451
2350
1156
3991
2561
2207
5694
3393
2060
1754
17801
7600
2113
8226
869
18226
1108
4983
2533
9591
7527
2046
2689
3233
2430
1678
548
1969
1061
2449
2333
2271
10082
2403
3027
1426
3835
3248
2678
1896
981
1812
1241
3402
2849
2168
3547
1222
12240
2031
1635
1550
2718
2442
1214
2008
1651
1206
1554
4667
1434
1555
2815
5387
2682
1746
1996
1080
1013
12970
13132
455
25978
1803
3523
2439
1461
3719
2294
1484
2738
2172
2804
2087
1107
1437
1494
13270
3650
3313
2641
3541
1282
2370
50492
1216
1288
13353
1427
683
2556
333
1309
1287
14838
1981
1320
2060
3040
618
2016
1731
3184
905
13326
5387
1978
1874
1105
1349
1401
2363
3742
4842
1330
580
1777
1848
654
4122
9762
1264
6295
1781
1199
972
726
9764
2757
2258
1934
1935
2129
25672
2925
5241
821
1617
1896
729
2337
34322
4366
1052
2159
1740
1035
1109
18215
1538
901
789
2062
741
1596
2719
1875
1466
1241
6809
1398
7246
2221
1228
635
2852
2407
2637
1705
1214
3271
11272
971
2018
11149
1902
2282
1049
1264
1604
868
1118
10375
1467
663
1450
1708
1890
2345
2891
7901
17867
6887
1575
2542
2026
892
1291
1249
1987
5242
22066
1969
8063
2727
8110
890
2325
3912
885
650
911
1924
1661
584
2798
2165
2412
2527
2860
1288
1015
2126
1752
2062
2813
4474
7329
877
4056
4209
5475
533
7741
1752
1129
2622
2867
1593
6247
6107
1863
585
904
691
1306
6730
1171
12767
6858
3446
11123
846
651
1795
1024
6520
2517
2041
2518
14390
4577
2118
1594
6819
11136
2607
1118
2443
2168
2347
1860
2658
1536
1146
24847
1218
522
1405
1858
1635
1055
1518
503
1138
5670
1122
2728
700
2607
5539
2521
1191
2036
2370
2779
943
16973
23980
1378
1266
1153
2995
1100
1843
1713
1572
3151
1763
827
995
1832
7390
6510
1690
1151
943
885
9281
8926
960
11084
12191
664
1862
1132
11120
9052
2886
936
953
5287
1156
907
8066
1573
2983
1969
1766
6744
3371
1110
3376
4897
7586
1592
2447
2982
1481
2054
1305
871
6415
3703
1488
912
1196
4471
9893
1018
918
1831
1000
1447
672
1563
1893
9917
1461
2928
2213
8791
2359
15673
2902
1835
1226
1732
2336
388
2402
1322
621
1988
1761
1889
1649
1388
938
1063
1814
1366
4014
1735
1701
1806
4516
1029
4362
1460
4575
1057
2156
710
5308
1735
3149
1896
1577
4266
2016
20312
1979
2123
5508
4138
6241
7541
1502
2306
3420
1622
1825
1981
1368
792
1296
2026
12483
684
2888
1879
6518
1374
1261
1132
6243
4305
5798
2247
4437
1128
2853
3215
1815
1620
2101
31638
1009
5760
4195
1152
7402
750
1126
8129
984
1222
4341
2321
1947
3781
1597
3241
14394
1751
3168
27762
8312
1665
3545
2500
1599
2370
2222
3963
2152
1933
1377
1698
6387
13453
2045
4871
1175
4614
2417
2871
867
1171
2760
798
1861
3866
15789
1546
14257
10850
1614
2908
1790
1236
2410
10737
1956
718
7221
1112
2108
1473
11454
1190
2468
1306
1737
1775
1324
1299
1267
1278
7810
1137
2899
3054
2618
1548
1444
1058
12524
1949
2545
9289
2366
2928
936
1320
4238
6783
2425
1048
1907
1818
4710
877
1072
2082
9198
3604
966
2344
1534
1937
1699
2322
2365
3867
2243
1392
2065
16084
3219
2833
2924
1252
2388
1384
2800
19095
1546
1610
3535
1344
1940
858
1937
3204
1696
1304
8181
12070
2067
2195
6881
2651
2687
1107
7299
4943
1755
1915
3269
2158
7119
2255
1962
869
1507
1787
1752
7676
1468
481
2082
1901
2477
8706
7709
950
2840
3983
9836
1861
1854
6553
4320
16829
952
1282
5668
2856
1422
3488
2102
8205
11450
2030
7348
13827
876
1442
1895
1585
2168
1153
1365
11183
704
40898
18772
866
2147
1803
2309
594
1313
2555
3648
2425
8498
1070
1998
2142
7352
1863
3948
1969
10956
23974
1255
3468
442
7397
2149
1508
2078
1229
2721
1400
9479
624
2960
2167
1993
1991
1210
1264
2668
658
3177
1215
13465
1288
2662
490
5555
10783
1296
2805
1422
1179
1416
2554
8165
3544
2788
1814
1187
1966
3053
1619
1243
8493
4367
10903
2518
23767
980
3805
491
2486
1640
981
11132
1929
2049
2774
2010
3105
915
1982
1936
3797
736
2809
3170
2022
1616
5884
1596
2782
826
10462
2292
889
5039
1590
860
804
1419
1120
657
465
1682
930
2054
1285
1905
1063
4916
9180
1455
1664
1150
2633
9139
16385
951
10643
1629
2011
1606
26148
1404
1721
1352
3053
11978
12225
6023
1430
1383
1417
24503
2030
941
1337
1779
1324
2464
3372
4146
1632
1271
1654
1115
1813
48246
22388
2099
1567
1352
3264
1425
21318
1904
1785
1238
1774
1032
1866
637
746
1012
1559
3322
974
924
4088
2948
2638
2507
1864
3110
8655
2141
13663
8690
1492
2880
19928
14322
1715
1230
1459
2409
15223
1867
14812
11804
2714
2090
7438
1656
2564
1504
2023
860
1181
1930
1601
1400
1291
598
1395
2035
1710
2263
3313
1907
2606
1087
1080
2339
2377
1711
1391
2502
1230
1396
959
2337
6423
909
2144
459
24003
2096
9789
1864
6664
2641
7391
663
1937
531
826
1753
2754
11422
9930
6654
1306
2077
1609
5627
17009
695
1068
2058
2106
10538
1659
1552
9348
732
1885
1134
1869
3538
1432
884
2407
1475
852
2321
897
756
2647
1555
2598
861
18004
1213
1030
2264
5424
710
1681
1760
1247
2842
506
8060
7198
938
2109
6333
3485
9907
1643
2004
2076
1004
1995
665
4023
1379
1561
2131
2082
1068
776
6449
1812
882
10969
13058
29253
2470
980
2620
2735
8900
2346
7675
5055
706
1076
1965
8214
778
947
1372
842
1109
1572
1558
5377
1454
2416
12619
1327
45466
1549
6466
883
913
8251
2200
529
1309
5770
3223
1827
4024
1104
527
1980
4514
777
3067
2146
4040
2308
6105
3433
8458
4335
3973
1917
14058
14021
5563
30054
1709
578
967
3371
2550
1089
1587
1979
3890
1205
3868
1336
1097
8280
1972
963
7330
4884
2724
1895
803
5668
713
4801
1474
2279
10966
2065
24686
1818
13942
696
1951
957
2386
6746
3461
1219
2417
9953
2624
1673
1762
3077
2268
2689
1724
13790
1473
2200
1901
1747
2725
2223
1086
2925
3781
1804
1673
10141
2082
1920
1118
4054
2005
2285
22029
2139
1674
1117
9432
1231
1873
993
2743
1857
2279
2142
1128
1174
6734
1341
1385
1863
1550
1570
1555
2787
878
2225
1974
3205
1453
1199
2749
717
1471
4082
1844
4974
2759
1691
2425
2209
1901
1014
945
1749
2699
1707
1636
886
17062
4397
4403
1028
6398
2105
1757
1529
1862
5895
1159
1006
2068
1958
8999
4408
2419
7621
5343
713
5245
857
1710
2009
2510
1022
2976
761
1612
3606
2104
2248
2744
2491
1523
2848
1985
1102
1663
1845
470
821
2464
2265
27692
2867
929
1723
1465
6534
3555
15505
1150
2013
31846
1189
1794
4585
1956
2365
573
601
2656
2395
1530
4705
1499
2825
1368
1208
17211
1019
17001
1498
1276
1671
1842
759
704
1360
1592
10767
1112
2392
1610
3146
1096
1346
697
1875
1587
561
935
16466
9013
9753
2049
2001
1130
926
11575
2805
1090
2557
1683
2517
2307
527
10210
2190
1741
1077
1426
16714
4481
1632
12055
1049
7768
1279
721
1616
1802
515
2066
972
1438
2947
2852
954
1923
1197
2377
1156
1308
1646
1262
10866
2995
2425
3187
1683
1679
1244
15671
3659
18937
3019
3164
35040
2005
756
1922
1284
752
12177
2741
1582
1634
1982
2389
1628
1720
1710
1695
2826
13054
16254
2758
695
1111
1559
1738
3299
4049
5355
1736
2437
17815
9261
1953
2074
1425
3900
13717
1178
2071
1924
6445
4085
915
7132
326
1014
2971
2664
3134
5701
1160
634
1064
9632
3406
1016
1550
2455
2442
12465
2362
2741
1108
1401
1940
1423
936
10862
7501
9248
1416
1946
373
811
2257
3312
742
2066
14047
796
2278
4625
1037
2145
584
2772
2625
1353
30007
1774
1678
1561
10684
1852
761
1441
9585
709
4625
822
9032
2374
2327
4138
1846
3481
10455
395
1653
14099
2546
2178
2244
7539
1482
6622
1156
531
4708
1972
2484
4529
3795
6312
2531
820
1140
2353
1412
601
6815
630
1006
1079
2276
1706
846
24346
2111
2329
3175
558
1408
3978
10888
2248
17255
1387
721
2375
977
3147
4420
1738
8888
2295
649
1680
1873
1734
2762
1359
919
1708
1769
1805
5207
1755
5919
1748
991
883
2078
1392
2068
1953
1496
2410
1491
2755
1418
3862
1675
3563
708
929
1881
2302
1195
2307
1126
1379
1865
2202
9593
1704
10456
1530
21697
2802
1474
1657
6010
2275
2743
1267
711
3390
21279
9809
2369
871
34882
1622
10233
4204
2938
12272
1898
3488
894
13788
1441
13177
4488
1210
1441
1699
1456
2666
2131
4033
3246
1958
1452
1854
2931
1607
1082
2118
5781
2696
13288
1716
2160
1128
2180
1887
2258
3572
3103
4548
4585
2755
2831
994
3164
1954
1703
1121
694
13516
2218
1522
1807
8642
1464
1523
1021
1126
1726
5943
2777
3223
1053
1583
1217
1905
2959
4901
626
2651
3929
1367
1337
2391
2998
2155
1081
2291
1467
1820
8842
2689
20787
1303
2148
3301
3383
20868
5171
1767
3019
9941
1276
1200
1193
1437
2430
1557
1098
2004
1120
1927
1174
2002
1580
2811
1927
1580
7010
356
2538
503
14821
1390
3300
12430
1887
2360
1761
1301
2469
1390
644
512
2762
2153
4044
1700
2079
2633
18238
852
1690
1550
1128
1149
3938
2539
1979
6492
1569
586
1855
2608
2729
3917
4002
6353
2312
1645
2605
2969
4289
12722
11570
1490
1262
2321
402
2341
2104
1246
2080
670
1956
4938
1142
3827
15625
1859
1860
24707
2524
764
2806
774
1539
2581
2292
1343
999
1719
1845
1601
1916
1023
8453
2785
1385
1593
912
1773
1893
1142
13089
1970
15982
16773
1163
2902
650
2143
19276
2307
9831
2569
1848
2723
27664
10047
4839
1771
13612
6966
3055
2067
946
963
2203
1013
420
1603
2148
18136
5647
1797
2395
954
1573
2744
507
1331
4547
1288
382
855
16822
1421
2047
1297
2629
2034
1871
2695
829
1043
1832
3513
1767
728
4999
8071
1976
634
1931
18946
1188
1107
2458
1990
38018
26304
2889
2160
1944
937
2044
11634
6086
1494
4081
2469
1260
585
10722
3346
883
2523
19409
7956
1495
2708
991
19491
1747
4184
2358
2113
1528
1237
2335
2470
5866
14087
7520
6783
4374
2046
1893
1806
2863
819
4971
2518
1638
17902
12677
17530
1075
2071
2808
817
864
11562
25436
582
10315
12479
770
1796
2067
1200
1128
1327
2427
9349
2534
1597
899
17041
3217
1155
1642
1237
3265
25075
2386
3216
18017
2493
1601
884
1594
935
2114
1150
2252
10330
17320
1507
938
2913
1975
5641
2604
3260
7718
2060
868
719
1365
1559
1568
2475
3555
1737
1423
1439
1286
605
605
1533
1225
2680
1331
30745
2091
5041
2082
5608
961
2732
2306
994
1236
2000
1553
22899
1608
1426
1902
1435
5843
2877
1940
6147
542
2109
2329
1298
2387
2389
1818
9421
1368
17144
2794
771
4822
1679
13993
3693
762
762
872
578
19834
1517
1350
4002
1102
1920
2495
1873
2447
2127
2690
2073
2309
1246
40031
2840
1282
586
2506
2030
1521
1029
2666
1748
1178
920
23899
2765
1983
2049
1861
2167
3814
2306
1361
2127
536
2387
3237
1896
1354
1559
3567
7664
2004
1442
698
2675
1184
2112
1898
8916
2189
1341
3005
1848
7612
1484
675
11064
4598
4366
2764
13816
1817
31558
2932
548
2034
1164
4055
2126
1945
733
2023
2091
3063
5753
2045
7257
1362
1057
1065
1630
1189
13644
2237
2850
5903
10969
28954
2211
1180
1402
763
2398
10097
934
2742
2209
1549
1578
1180
1695
3273
2566
10098
1921
1519
1706
1656
1367
860
2271
1437
1614
1390
1734
2060
1385
18803
4310
4840
2375
2347
1431
2380
13472
2904
9456
2298
887
1959
1378
26042
2076
24731
14564
2913
1630
2457
2842
2495
1492
2661
2007
1457
1628
9478
1738
1178
1029
1129
1367
1045
2081
1782
23271
8747
8171
1187
1062
2164
1661
14104
1916
10218
1517
1004
2295
2248
2295
5647
3228
15817
1812
8517
3195
1995
1560
814
1874
581
1163
2124
1200
1113
8675
19730
6029
912
2449
1072
914
32598
10651
1712
7418
8408
2544
28462
1316
1234
2011
484
2119
2269
669
20132
2066
2665
2704
3102
1213
466
1870
2883
3450
2583
858
1447
16967
780
6291
6070
1971
1683
3151
1354
1378
2292
1428
6019
630
811
8796
8295
1082
2219
3193
1104
2416
2457
1241
4172
1719
1982
1708
2463
1725
10209
883
1810
599
683
519
3432
16649
1520
1061
1430
1603
1146
746
1241
1547
684
2572
976
9704
439
1474
2157
1217
2403
1770
14458
1787
2061
1645
1381
1830
11339
1730
1274
7249
685
1596
8390
1227
2741
837
2304
490
11389
3045
1070
1497
3027
1639
1655
5189
423
1887
1196
827
1764
1748
1777
1455
1318
2495
1980
2384
440
2157
1365
1757
2336
3186
2248
14797
1800
25396
1876
2687
2524
1436
1548
1669
13575
1189
3451
1497
1837
2822
13955
1357
1485
1249
832
2811
3231
515
7480
8388
2067
5912
576
2251
720
6365
1571
794
1942
1132
838
5010
3193
4254
2032
1083
369
20613
1324
2411
1496
2246
1957
1995
2146
2099
1134
640
6144
1803
1555
3088
25334
909
1318
13215
3283
2418
1582
1357
10412
1736
866
4823
1049
12714
1344
14323
7833
16649
4585
1243
1165
977
4566
2993
5720
1273
2240
1160
9742
7282
3239
1830
2020
16531
2330
11034
1088
2167
11554
2622
1399
887
1621
1057
2298
2180
2179
1691
10843
3779
2619
1937
2761
768
2548
6527
2615
1554
1652
2063
812
11883
3325
830
4240
2091
2718
3093
659
6158
8160
5436
2136
1243
4809
1429
2571
514
6745
2069
1477
1171
789
2221
2635
2012
790
1275
11475
1364
864
5883
3429
1479
794
1954
1230
1491
1405
22778
885
19578
7558
1073
632
5238
881
1111
2335
618
1197
12461
1296
1731
1858
1114
1429
2057
2193
2782
2329
1326
1927
3811
1327
4145
1989
1538
1230
1126
3984
1726
1674
2059
2215
3292
2596
687
1441
9760
11032
26553
2827
2453
1439
1617
1866
1936
2739
2121
12160
2423
1404
1626
2990
2830
1385
27164
1266
9120
1474
2055
2759
3003
2800
1924
1145
1862
2331
3150
1124
11936
1609
1545
1897
1648
5841
1528
3901
3178
788
2220
1753
1649
13048
2635
20400
2739
7165
349
1282
1054
2224
2241
458
10713
1331
6226
8530
2653
1621
5027
2974
1527
2330
2657
16096
5528
3088
1139
15722
5473
15915
2012
8760
7293
1563
912
18645
2989
12938
1928
1177
11339
2531
1946
1981
953
2139
912
646
1022
1893
1378
1846
2295
1434
1553
14645
1466
2148
5734
912
2303
13272
22449
1964
1825
1691
2184
1739
938
7990
2388
1660
6245
1249
723
15973
850
3145
1208
2786
2171
1333
4127
1403
712
9592
2584
1700
2662
2135
2743
595
1644
1428
7950
5457
7704
2747
1965
2909
2004
2886
612
2184
4486
2368
1844
1266
1287
17596
2491
9404
1922
2654
1352
1296
1202
3262
724
2840
2749
11002
2855
2875
1510
6583
1413
6053
1158
27177
4051
2093
2232
845
3323
3108
1862
1785
1479
1762
1431
875
1877
1692
2386
1466
1580
3184
9166
1307
2422
1169
12178
1987
2131
3187
1086
23681
18667
17680
2022
2240
2854
11404
682
8220
1997
1479
2763
1799
2080
1712
10562
2422
720
1645
1527
5894
6986
5011
8112
834
1004
13217
1450
1086
2691
3411
746
1034
910
1976
3302
2088
924
1294
2044
2267
8489
2914
1590
1750
2070
2440
10404
1609
4060
1996
3795
1234
2399
2100
1736
1171
1657
17392
1018
2503
2843
3812
3053
839
1548
12630
1085
950
1412
1094
1546
2785
1819
1866
1445
1654
1114
1643
1072
9917
1819
2398
885
1662
2664
2035
961
8940
3140
9189
1581
12834
2241
1323
3115
1894
4255
1255
8966
1724
8540
2472
980
1407
2123
2056
1594
3944
2061
1137
5736
3143
2194
10737
614
21609
3954
2424
829
3213
1458
6923
4828
3017
4213
3084
5112
1014
2005
640
5004
3669
1725
1285
1113
2378
1311
2297
2198
2340
1194
1189
13414
11340
1301
1384
5581
1019
2599
22154
1300
8446
2090
1625
14464
2624
6407
1927
2819
2403
809
9314
339
1993
2452
5918
1244
673
4448
1636
2157
1405
2178
2700
1075
9602
1347
19758
1317
1130
29619
1351
14776
6100
781
6086
2456
8595
1864
397
1765
1618
15962
2721
1176
1326
2015
3821
1779
1589
9235
2306
2841
974
2495
1117
2562
1976
1206
2077
1521
942
1185
737
1081
10234
1615
1188
6004
1215
2438
2202
2120
1299
2084
1105
25888
2968
3728
877
846
2066
16597
1380
1939
1697
4020
942
798
2214
9639
1204
847
6360
1535
1452
1817
1920
2679
2656
3098
7103
1779
1026
2433
489
532
2714
3382
4960
3164
4875
2828
1178
4164
1647
2772
1444
2442
2757
1864
786
2122
1699
884
1490
827
2684
37887
12963
729
1632
1248
1950
12910
8690
1942
15636
1788
2867
834
1888
3646
2160
19983
7086
1579
8654
14932
2326
10671
19687
869
4536
12035
880
1937
2696
2603
2008
2006
3086
6744
17712
2924
4362
2481
1811
2283
920
2263
1979
792
3260
825
9961
627
2258
1386
351
989
1910
1082
605
5557
3272
2218
1574
19307
1415
1956
752
2746
1647
2131
1502
1127
1908
17372
2964
2569
1974
1893
11220
7488
1106
22009
1647
12502
1418
591
2639
913
30334
1978
1032
979
1905
1238
3002
2006
3399
401
849
1565
1306
967
1075
1288
558
2330
14442
4094
1317
1671
2054
998
1697
3556
1413
1135
3406
1809
1457
29497
2144
1807
2930
880
20117
9786
12915
2381
1708
2446
1424
11312
1864
6947
4531
12462
2009
1286
6657
2395
29490
5865
1911
2106
2937
1738
2604
2860
1675
897
3019
2858
456
2413
2788
1084
958
5830
9382
1858
1120
1263
1398
1141
2368
3805
1009
651
1064
1833
1135
17076
2360
1985
1115
10609
2019
1484
2423
1862
8338
957
38274
1903
1207
1906
2644
1352
917
2486
976
2485
934
6372
1860
1811
1057
1799
2489
1101
1257
1771
1292
3869
7649
10256
2013
1702
1074
2531
2872
606
1428
2579
5103
907
2506
1873
4912
2554
1818
2446
1481
2899
2161
1098
7547
834
11972
2129
1035
1275
815
1170
746
1797
8292
2102
2122
808
649
1273
1502
1248
3456
1881
5776
1132
1063
953
1427
2249
2872
1942
9308
632
856
1130
2355
666
2449
1830
1372
22581
1209
9383
2119
1775
1396
1477
1119
1970
2707
1248
1869
1220
937
789
1689
5946
20226
3210
1337
1495
844
3179
4959
2139
1236
1147
7076
1878
2729
3532
3132
2024
2423
5949
1671
5725
1678
2411
3166
2048
6106
3331
1859
1908
1110
2362
1253
897
3785
3619
1290
2212
1015
1162
18128
1029
3241
875
5652
2510
1800
1942
901
1970
1373
7901
1306
2153
8729
2317
1945
1399
971
1052
2159
8291
2012
1830
15225
1518
3257
2780
13964
3301
1409
13917
2044
12066
3380
1918
12401
7186
7497
6948
2260
2340
1877
1567
1806
2621
2129
1357
1170
1125
32595
11880
1075
1676
25188
7835
2418
2322
1114
902
4931
8132
4031
2846
14224
2684
5241
1874
2453
782
2406
815
1780
588
1280
1043
944
738
712
2988
1191
2179
1121
2245
789
555
2870
3748
1399
2262
865
10119
4095
823
1646
1683
7701
1454
2978
1226
2305
1226
6286
2553
3254
6681
10245
2715
2393
15960
2789
596
2320
3183
1387
3311
1787
658
15816
1726
1192
2300
2183
1566
361
1028
1099
8621
7977
364
1671
927
6444
1019
882
5172
2652
1330
2187
918
4603
25386
2025
2138
2890
895
7919
1881
1716
420
575
2029
3014
1742
1085
2783
18001
2157
2891
1056
1855
706
661
17108
1547
3363
11807
1767
2249
1268
9369
1765
2529
765
2317
583
783
1296
1895
2362
456
539
2524
1519
1939
783
14714
1674
1253
14340
1732
3770
994
642
2385
4328
7352
28296
2213
10999
790
2244
964
2819
2548
1039
2526
2419
2164
1776
1573
1325
6886
1838
1001
1722
10281
2323
2395
1210
735
1436
338
17252
540
1798
14155
4468
1309
2666
1569
3211
932
2363
883
4431
1515
2317
1749
1779
14449
3684
42717
2244
1451
1418
1642
1599
424
2507
6440
1484
6610
4254
2435
33863
4086
1469
1764
1801
1802
2888
3681
1864
2497
1658
608
1340
9973
1227
1543
979
1254
1833
1640
651
1422
1327
1016
385
2774
1699
2534
2233
3289
2767
2212
1651
9072
8594
521
1386
1022
872
3832
2490
4056
2981
21893
2187
2551
2353
939
3111
787
7679
1632
2071
17915
2637
2203
13953
3585
1624
12375
1620
3886
1850
1931
1898
2309
16439
3317
1284
1838
814
2941
6508
20454
2736
3224
1259
2333
1942
5038
2767
2106
2912
2311
8436
1341
1604
2660
860
2334
1069
2073
2066
13705
1898
5866
5208
605
1752
1951
1884
9015
1211
1361
1797
1371
1243
1022
1796
10848
1630
15150
3124
2139
6483
1758
7676
1445
4706
1662
2189
4022
1173
9053
1805
27677
3810
13085
1656
1576
1663
2458
1933
852
572
1522
17059
3113
1002
39959
2784
1926
2196
2062
29252
3814
12214
7864
1981
6019
1951
1501
3649
2483
507
1815
3158
1459
2424
748
2066
2583
1148
1622
817
2407
6975
756
3380
3730
1212
2139
1969
17488
870
2472
2060
378
1799
1165
1600
1741
598
2013
4610
5836
2257
925
752
1129
1210
7977
6344
1925
2625
2615
2316
659
1984
6877
2174
1210
1577
919
9830
4252
2768
2841
1709
1673
7958
4093
3781
2277
1549
1126
1765
8451
977
1662
26419
633
645
1792
2414
2133
1711
1001
1897
2078
10237
1482
3549
10871
2157
1327
2215
1375
1213
3684
1889
2241
1292
2909
1937
10035
2754
1558
9329
2821
1800
2163
1693
17605
1131
2969
4478
13167
2336
2259
13717
1822
810
810
611
1214
2206
11460
876
790
1610
2006
1792
1900
1563
4534
1413
859
400
724
1546
7284
1616
18998
1502
6260
2073
1761
6262
916
12341
2407
1033
1352
3120
1355
907
1397
3502
4973
12183
3118
2274
3223
2035
1473
3217
713
4392
790
2111
2751
3413
1857
1163
3019
2038
3286
1059
909
15626
2291
781
1227
1492
1906
10286
48359
1858
1402
866
15634
11437
3377
9274
8119
527
1744
1902
1622
869
42353
2227
2955
6503
684
2046
933
8324
902
840
1505
423
2004
4809
3865
863
21280
1235
858
28782
760
2206
12166
2780
1683
1684
1864
2050
2210
9821
6811
5125
1902
1873
1184
1856
1749
4701
2627
15093
2492
2118
2022
58508
2759
3268
6446
1354
2393
1883
18327
5417
3548
2739
1733
2098
3343
1411
1146
2219
1980
6087
10339
2636
1575
3938
1437
1659
912
12107
6633
1426
2113
2994
5020
755
3047
2384
3858
1616
713
13825
2605
509
10118
4164
2007
10387
422
1673
2434
2029
1837
4308
5813
9961
1629
1699
2325
1255
9167
6273
9876
901
4217
1047
4583
426
2804
1613
1436
2216
2992
856
1986
2212
2865
774
8560
2897
2614
21805
2668
1467
1785
1798
958
10771
2649
1637
1550
3281
9123
2328
7665
1787
9684
726
1442
1624
1284
763
3314
2869
1652
8333
1317
1473
1502
1444
974
1082
1999
4577
1438
901
6807
2304
2051
1895
1071
1540
15010
8825
13196
1550
2203
1748
2231
1682
1997
3610
9549
31706
1587
2315
1198
715
1567
3094
16770
947
3255
2444
2216
1030
1944
4840
1268
3689
2490
6332
903
1990
3587
891
1201
2039
2180
7015
547
3051
1830
1924
11981
1591
1067
8766
1091
1649
2145
5662
1925
1628
949
4304
7717
1668
1869
3091
6065
770
2091
1280
4954
1248
1992
2123
1463
915
13936
1321
9530
2464
1539
2455
5629
2659
3731
1523
1093
790
1892
1724
1484
2435
1624
14557
796
1388
1334
4078
1914
2326
7939
820
2668
1306
431
4116
2671
1652
19640
1184
18386
8936
16914
3569
1980
1974
765
3732
6683
2723
1038
1343
2581
14288
3317
2827
865
1838
2049
1204
1251
11080
2667
2689
12265
1005
2257
3948
1818
547
2795
22141
1142
4860
2273
29909
2256
2405
2015
2657
1187
821
2074
14176
1404
1573
3084
995
1147
1201
15189
1910
1253
991
2401
1840
1133
12206
2586
431
2679
1853
1564
1847
513
1788
1820
934
720
4436
5544
4713
2222
8814
1329
2191
14043
2722
1995
747
1137
1732
1673
2294
539
15036
655
1312
3967
2158
2602
6742
2287
795
1193
1549
462
6933
2254
1146
4662
2435
1313
3035
7760
9001
480
2035
1238
4316
3987
690
2428
791
2291
2522
8029
1611
3408
1576
20052
2402
1323
9561
11890
1678
1633
11015
21170
6190
1738
7360
1057
2228
2343
842
1292
1830
1617
3203
1490
707
1982
1848
1608
1527
4283
16560
1058
13155
753
2034
1289
2985
2982
6226
2533
2479
2138
4325
6184
2025
2443
1674
2064
2991
815
1643
6150
2528
12237
6063
1658
3146
2074
24198
1313
9959
2157
6221
2630
42072
1848
30088
1950
1745
2374
1382
2284
2269
3821
622
1150
1710
6427
25062
809
1647
1463
9587
1714
1500
1729
957
14445
3393
1606
1647
1659
3775
8591
2393
551
1527
30920
2714
1653
1145
2774
1625
3147
1633
786
3515
1334
2421
1503
1472
3653
2627
5418
1963
1530
11393
672
2845
5705
1787
795
1267
19051
1911
1934
2385
1399
2978
2158
1124
2532
1170
18552
7006
48872
1377
4667
1067
956
11172
4297
2691
2339
1669
3333
11703
3060
1926
2123
1785
742
2546
7632
14698
3338
856
24680
7991
2264
1158
2719
1989
960
1110
6669
1952
717
5398
2174
824
2960
2075
1181
19430
2642
1778
1632
20118
17620
1330
2307
2014
1913
1389
348
1875
1777
2752
1147
1281
1886
1797
728
2296
6290
1951
1477
2216
15651
2896
10490
2425
1159
2796
1373
1558
2404
2385
6853
1763
12411
1661
1118
5282
4809
17058
2771
2034
4318
1443
2072
785
788
3196
504
3380
739
2604
1779
6818
1907
19006
714
1920
931
2897
902
3529
5769
1841
1616
15401
1757
2879
2678
1412
7643
1151
3175
1692
1901
2149
2154
760
3995
1741
1354
3793
1974
7027
2037
1360
2586
1453
1855
2727
1590
1116
836
1982
14086
1004
27439
1110
11668
1205
2528
19475
5284
3323
2010
7079
561
1514
1687
3974
1528
2695
3035
2508
10406
2250
935
2731
1114
3160
2076
1970
2003
2517
1503
2400
579
2694
904
845
2220
1986
1873
6422
5681
1170
1236
639
1616
8273
2155
11719
3141
14090
1295
1502
435
2347
28655
861
1324
1941
2068
24733
7736
1366
1270
3882
15372
3433
1926
1978
1220
1291
982
8019
1092
1921
1814
3783
6191
878
5859
1937
3992
944
1160
10019
13252
828
1000
1797
3511
1048
2207
13580
1956
1580
10859
1958
5029
8081
2712
1410
2029
2247
1886
1956
1838
2178
909
1568
1638
2215
1696
2100
2354
21905
1161
3243
7857
7303
1791
6562
1518
1460
4327
2099
2745
1194
2182
1390
1341
1817
1656
610
2346
14295
1277
16201
2591
3156
1671
579
2086
4617
978
2764
6560
3813
2421
2540
826
1458
6545
1851
1558
580
2473
2577
2514
9011
957
2045
1046
1332
9508
2099
1997
2398
2160
333
1833
1001
10893
1362
3526
2167
1651
671
1752
2522
1651
10072
21983
2781
1523
2501
10954
3097
2054
1502
10108
2384
9968
5252
2178
9645
2832
16973
1908
4399
989
761
2560
1016
2057
23636
2751
2046
1281
2080
5369
814
1899
2426
9676
2197
4038
3074
1886
488
2214
1270
3399
1342
5151
7507
1641
1758
1671
752
1363
2537
8386
2308
2265
1165
1157
2337
732
2341
12661
2640
2934
1218
8690
4065
6407
3105
1143
2740
1770
2493
10422
2093
2371
2251
22901
2859
3208
1423
7812
1447
1127
2162
1530
6337
1428
952
22426
6558
1948
1760
770
2495
15333
674
1059
14587
3998
1937
6732
662
1438
825
3075
1158
1898
1516
1077
2547
1503
2511
8139
2083
1784
4691
2737
2699
2469
1382
1012
1517
1050
34285
5526
1686
1315
11771
900
1729
598
2098
805
4288
1581
3836
15841
1192
29648
25997
2066
7434
1477
5275
2533
2520
2079
12194
2045
1920
3087
992
839
2589
3445
1594
1676
12011
12533
3190
1183
442
2132
2662
1465
1699
8178
955
8031
1131
2156
2012
2359
3425
14523
1893
1358
35035
4383
1673
1780
3247
5726
11183
4225
1240
3346
2727
1997
2743
1452
29172
2581
1565
2014
1987
1508
8791
1766
4026
3602
2765
829
2721
3897
1322
2746
16328
8101
22010
1192
3212
1912
1799
1337
2902
6067
1860
557
1414
18597
2790
1273
2366
1111
1461
3596
1100
948
1855
1359
2269
882
840
1416
3307
20930
990
884
18813
2471
1908
5174
1039
2538
13956
2476
1046
15692
1544
1265
13930
934
1000
2707
1320
1161
1793
768
7143
3314
2322
1593
878
3541
1871
2349
2422
2099
1247
7201
2414
2448
1684
4807
800
1154
703
3082
2244
946
2673
729
1798
2103
10282
671
2783
6194
2262
8894
1834
7418
4058
2621
3010
1266
1574
1912
1402
6552
7066
22126
2260
37999
8950
1535
1895
967
839
1754
1052
858
4418
2856
7896
1142
5595
1820
33491
1055
1865
13014
9022
1522
3276
2337
12844
2440
1520
710
2115
2938
2813
1739
11462
2022
1083
1584
2018
1378
756
1962
1304
945
735
905
1910
2249
10448
1463
908
1151
449
1431
4979
844
2370
1447
4544
1114
1010
1665
2145
9477
1035
2049
2131
14999
2106
2290
2733
1870
843
17554
1937
1812
15717
5656
2299
1490
3342
1066
1147
774
3020
892
887
1492
2429
1580
681
1780
4393
2777
447
1789
1394
1260
23676
2016
1401
7161
680
27207
2168
744
7525
1270
16648
4692
875
2788
1670
3440
3202
1242
18121
1300
1844
3779
1623
2353
1624
3514
820
1976
3123
1128
2022
1971
2527
2603
1494
2711
4453
3219
1682
1533
940
834
7853
15968
403
1947
1905
1504
1100
1111
3053
2546
2399
3129
2917
640
2045
2229
856
1317
1813
1283
1186
2103
833
3248
2114
1007
2913
10029
672
7828
1190
13460
2366
1911
2185
21148
17943
5515
3958
10939
897
893
9690
5780
1671
1785
1213
1158
1653
3003
1206
1527
1624
1577
1838
9890
2255
1472
10990
17635
2579
1696
7784
2600
14245
1376
2791
2138
1412
2246
1369
526
9173
1501
1757
1573
1656
1831
11084
24287
3273
1724
3367
673
1895
518
683
1972
2110
977
12077
996
1378
748
4605
1760
23604
2931
22784
1233
2909
1582
1851
1292
709
57172
2807
2538
2027
2100
9039
1854
3020
32550
1373
1233
1290
2733
2230
7405
1849
1826
4831
2147
1123
3081
3840
2337
1265
2023
1802
1871
1040
795
2493
9534
2550
1042
1569
1584
1126
817
1151
10466
2192
2555
12173
24993
1626
2016
2475
16511
681
2735
3424
2125
1017
805
9546
3205
953
2100
1390
23450
2183
2186
1973
16750
27555
1696
2354
888
1836
1955
2149
2190
1128
3382
1570
2325
11496
2617
4947
9899
1345
2664
2608
2160
14502
866
759
1136
3831
1131
1251
1930
1768
1892
1908
2119
1015
32376
1867
5554
3267
2304
10220
589
2653
6872
11483
2007
1636
2952
1504
5910
2660
1872
9050
8279
1896
1401
6535
1192
2259
3623
1464
10569
22762
6782
1692
1155
2845
1204
2224
7398
1783
1202
2422
2075
3669
3802
1690
1232
1167
14461
991
3510
1673
1479
12692
1311
2591
3366
3386
1370
1323
18263
1628
2123
2313
13891
1704
3024
917
7095
2759
1629
807
1379
2390
2358
4975
2407
2219
1260
7471
2013
21272
910
1907
2257
2032
5875
13383
15448
2409
2636
8056
2955
1703
7349
1627
862
2383
986
13399
1712
2150
1291
2012
12139
3306
2701
6208
1436
6960
4493
1546
1160
7835
8557
2051
2148
1159
1767
13898
1975
3083
2029
1434
1835
7406
2623
493
1460
409
31064
1310
1275
15768
20987
1909
1459
1974
3413
2076
989
2036
2792
1658
695
2511
1239
1884
2121
3549
3194
6231
891
2245
472
2633
1238
2500
3658
7270
2398
3047
2446
1182
6801
1174
2096
808
1441
2106
2150
2425
16996
1226
1093
2331
1588
2780
4784
1756
2728
1357
709
2317
13153
3134
934
2053
1285
9274
2082
842
1998
2569
1857
2674
1670
1258
738
2970
12168
395
9225
1620
2766
1822
1904
4672
1092
1029
2289
2243
2750
1873
1358
1298
1314
673
1823
3362
1586
3796
9332
13045
657
2816
2713
2274
10281
2228
553
2088
609
2057
2359
1886
2776
2314
2594
1930
866
1115
1707
6046
1864
2144
10741
1705
917
3523
2956
6723
3223
2171
1245
11200
3114
11349
2170
2657
33734
2764
2490
22423
832
3518
1324
14954
2880
2291
949
1566
1615
1593
4950
3654
1851
975
1588
2516
7585
8119
16574
805
11788
1721
27972
3588
2706
2980
1482
2688
3361
14714
2240
2815
960
550
1188
11968
885
1787
1231
1848
1166
2029
1721
1363
2126
14019
2162
15850
2081
712
1640
1689
4601
1296
1926
1733
1740
817
1199
1213
1539
2182
2939
2842
2831
1056
7264
1655
2673
3216
738
1659
4267
2232
2665
8708
14879
2270
25687
2022
1632
570
3102
2246
1149
1400
601
1547
6035
1403
3454
2117
3920
2185
4446
3065
1912
985
8757
1749
1578
2404
3836
7125
1114
809
1959
2996
807
987
2822
1068
3584
1899
2229
1585
2105
1674
1559
1364
2118
1388
1004
1736
2245
1685
11653
1512
3191
2145
1211
2022
8530
1504
920
2934
1772
2992
27820
1243
1741
2362
2178
601
1390
3166
13738
2190
1518
733
2647
2577
2443
1349
2561
903
2027
1323
2528
6381
4314
1855
6614
5653
1687
12213
2094
7472
1820
1799
14445
1247
2337
478
2002
2214
1724
4262
2149
9906
2483
1281
1652
2006
1790
761
3432
1026
3391
2114
4841
4671
394
1021
2238
2398
1691
1459
2538
9303
1699
1224
632
39574
2122
1291
4608
4056
1136
1903
18579
8078
1134
23507
350
2228
2374
778
701
1213
750
1706
2185
1021
1927
2182
1176
1180
1111
409
1472
1257
643
2391
23111
7576
1843
5561
7213
10752
2594
1507
840
2969
2536
2717
2922
1762
4097
2758
1866
24046
918
652
680
1230
3235
12503
1036
2473
1618
538
1330
2942
15369
24349
2420
2125
1679
813
4721
1411
27769
3110
22080
3040
1193
1881
2060
963
2045
1873
2356
11781
2409
2508
528
15848
1791
5464
4888
1141
1136
1298
3067
1635
853
953
2232
3378
16814
2169
3792
1535
6974
1262
1178
714
2444
37258
826
4274
16684
1503
4840
2592
2756
2331
3437
27851
1887
1200
7569
2994
5770
1229
5134
2443
3236
1176
1518
11004
2736
1662
791
1209
1629
3425
1941
965
13470
3273
1663
21958
1454
1493
7131
1856
3800
3740
2284
1432
2232
1443
5019
1775
642
605
1974
1276
845
6426
1720
2274
1457
1018
9371
704
2916
1935
1402
4863
2052
834
2599
951
1795
2379
821
6564
1905
980
2363
2195
2520
1101
13521
2505
702
1406
9220
2500
2328
13892
30186
1091
1851
2949
3761
860
1862
10200
4838
6439
1306
8664
24685
2517
2005
1597
1377
848
2582
4279
4885
2357
2093
1763
4805
724
965
2466
14428
1081
2239
869
1033
1161
1023
3865
2188
7788
4106
1765
1968
3660
2649
1080
5869
1624
4190
2151
2427
1266
1261
21364
637
1523
3051
1133
834
597
8185
778
2252
1197
2595
1228
831
1612
4548
6168
1578
1932
15407
2294
4094
1543
2095
1045
1869
1889
1346
2714
2364
5440
794
1268
4258
1574
19536
33631
1794
14596
2001
32181
2387
1411
4838
19074
1240
1632
1077
1967
2546
2574
11785
7469
1279
1828
11848
1710
824
540
1022
1152
3173
856
2392
811
2741
1907
2209
2252
1466
562
2062
1464
12469
37090
2056
946
4490
562
802
2467
2600
1215
2662
8418
2818
2733
2797
8083
9008
13064
414
2170
957
810
1499
1697
1783
856
4138
9300
4742
1094
1738
777
1096
988
1646
11443
10802
4593
1334
4905
694
11057
1359
19500
1885
4374
619
4048
2620
38970
2115
1958
2153
2929
2499
4077
3949
1891
2438
1618
18282
1184
5739
14936
9389
4825
2118
8033
1906
1834
17192
1414
1352
2994
6368
2711
1417
1248
1191
565
3633
2621
642
7666
3050
1855
2047
33871
955
1779
10661
1140
2468
7407
3266
549
6415
2130
1626
1622
10908
1581
2194
9535
6964
4186
2556
1762
531
2082
1352
5352
2274
1003
2566
17656
2059
2883
3393
1349
7042
13313
2109
6802
1182
3112
17833
1927
2331
396
1161
675
1334
1271
1827
2350
1669
2140
1846
1566
2483
1581
2153
616
2281
2431
1866
1118
11966
20677
1510
24003
3012
1871
2037
652
546
1645
13515
27137
809
2151
9591
2539
3741
2432
12244
1714
1648
1523
12099
1846
1836
15395
2661
2919
1345
2692
1611
5113
6571
1972
1196
1152
1943
1887
1934
12366
24163
4178
1839
608
7172
1901
4034
2523
873
1068
2000
2349
2614
2477
2605
6382
7121
15488
2088
4616
13309
4745
2795
1292
3721
21004
1976
717
8549
1675
2118
1174
1573
1529
1149
8810
40167
1231
12017
912
1762
1887
1709
2120
1578
2127
2894
1522
2301
499
14084
1334
1243
1228
2988
2591
1050
7283
2641
802
4238
2419
2473
2691
16879
3277
2275
1728
2027
582
1914
2436
1923
2535
1421
3701
2499
1859
832
2467
1202
2085
10524
8551
17615
1484
2345
3568
13327
4688
1469
4811
1165
558
1729
937
1781
619
2087
5298
867
1194
1467
7586
2084
494
1150
2418
7002
25202
2093
1312
5010
2860
11190
943
3080
2498
36448
14473
2516
2598
2888
1170
2203
1837
1673
5128
5742
854
11321
2526
1148
606
4508
5675
3923
1620
4010
11394
2791
1039
2188
1492
2098
2432
1970
2273
11669
11769
763
3126
4166
10293
5109
2944
21529
1666
1633
657
2411
1368
1879
3828
1763
1036
1654
996
11398
5603
18559
1652
1743
803
26125
1855
916
986
2013
1072
2085
2824
4765
1523
1926
2072
4468
526
11277
1093
1789
4616
1960
1345
508
3775
823
1373
1496
2310
1499
1282
2436
1634
1297
35231
1430
4635
1380
917
3412
1865
1899
1855
15176
2225
794
2081
1788
2355
1290
15580
12539
2560
1131
2277
1616
2428
2298
4114
2398
1149
2010
1324
2188
3210
3410
5188
1332
1142
2127
5010
13725
2643
5170
1535
36137
4072
2481
22750
1681
3168
19993
1594
7277
934
1657
1713
4844
14950
2225
1101
977
2551
916
2975
1551
1743
10881
1547
11364
661
1695
1345
7477
10217
1746
18240
9023
1571
2780
1763
1967
2008
3064
678
1927
718
16277
596
4979
911
1376
2112
1895
1081
25962
1140
5083
3813
967
1969
2679
1177
1554
1127
1906
1197
2408
2228
2476
2113
2404
630
2880
11679
1799
2044
1641
740
2367
20684
2469
11701
3145
6748
2240
939
2378
1439
624
1468
4957
1772
2740
2037
2024
4163
3096
2776
1497
978
2446
7724
2312
2339
6025
1020
1721
1349
1937
2666
1654
3118
1301
1001
1439
2281
1830
2214
1088
2139
1652
739
1205
4108
6127
1390
2123
3499
7814
17429
2586
545
3116
3200
1685
2744
1531
17073
18945
2332
1274
4246
1583
13429
1409
1762
2856
1679
1197
1002
1315
1988
857
3304
1593
1178
2227
4927
1124
2472
2359
1013
1081
1743
1523
1248
1579
2266
1986
1628
646
771
947
1454
1980
2785
4359
774
1832
1099
910
9744
10130
951
2052
5408
1740
1414
1095
11286
1465
2534
5206
2512
5695
1688
2133
2025
2082
10055
1728
1565
1658
1697
3659
3149
1759
2310
1970
2846
1468
1328
3669
2603
1529
433
7535
2948
2289
20502
1565
12247
1911
1989
5881
4539
3593
14983
2447
2180
1232
2137
1429
14289
3243
745
1062
1825
7634
1376
278
1596
15216
1606
905
2235
1007
1123
2358
9140
1734
988
1600
1883
1815
2988
2430
611
716
1333
9541
1729
1848
830
2753
1205
9607
1168
2586
2201
1373
2719
1824
1376
12156
997
2177
2352
2333
1538
1024
892
4375
2265
1045
490
1436
554
2025
2554
1039
1495
558
3837
845
1149
1898
30731
1033
2165
1333
1175
1495
528
1354
2780
6089
746
2960
2969
2341
2683
2554
1286
2245
2015
1394
2821
1022
1898
1861
13569
2369
1851
2112
2823
1612
847
1889
2111
21785
866
1376
2659
677
834
1014
1948
2578
2621
983
2244
1236
1781
735
1344
600
7044
2181
1350
3799
8921
1598
12011
2170
2301
1152
1062
1186
1516
1954
2869
490
6147
3305
29328
1389
2835
1123
3154
2414
420
2171
2557
1468
1905
2165
3325
2432
2719
1649
1787
2417
2186
2513
902
14157
16300
2623
1584
8474
1054
2756
1490
1284
1752
3233
6393
929
19517
1362
1439
2820
2615
3969
14881
1374
1525
2427
8729
1606
2110
925
2292
2927
2498
2063
9682
740
1793
557
2357
1745
15600
2392
2380
1448
5998
974
9763
20185
1354
1489
8033
5551
3243
1917
1173
639
1491
1354
3443
6634
1742
4435
1062
3834
12200
1563
1773
3953
3210
1294
1048
21865
1628
11759
13859
1814
2247
11573
1593
1470
3153
2671
2347
2716
1000
16486
2375
15566
2176
1586
1657
1465
1805
3715
2697
3023
1089
1050
2359
1478
2992
3209
1355
5718
3786
1406
2235
1330
997
10027
8406
5409
4211
2456
1566
1647
3467
5194
2074
4343
714
4139
1931
1338
1151
574
2215
832
1624
1018
957
2165
2475
8986
3069
1549
3782
614
2639
1815
1508
2223
1667
1745
1005
13524
4870
1965
1036
16975
2523
1375
2106
2380
1798
2098
621
2210
819
2198
558
2084
17350
19879
1737
11558
4760
3470
684
2839
1955
1954
2078
2158
1777
2378
1273
2330
1260
9946
2265
723
2922
335
789
1998
1578
2093
2331
1596
2357
1420
2646
4975
3081
1754
2300
2332
1315
1053
7897
917
2313
324
7677
1478
473
2858
825
3263
3068
1023
2419
12158
738
1776
2318
2358
889
10713
12990
1173
876
505
966
560
7740
2355
556
827
1167
1255
1854
966
7792
1807
2000
2279
395
2399
2458
2927
19952
2143
1580
2735
1531
5238
2676
2457
2339
25999
776
1824
2635
4278
6224
998
2386
11541
2056
3141
18930
525
1122
15092
1261
599
785
1056
1239
1608
2026
3864
12627
1012
5270
2046
2554
1347
2999
4250
1246
1760
1175
13076
733
2227
1338
675
2018
584
11173
15879
2102
3106
2714
1976
1297
2124
16770
9564
1708
1685
2896
2625
1921
1339
2292
861
1424
6219
5847
2619
7435
3750
633
1873
2607
961
1774
5799
2438
9274
600
2001
1341
1808
3298
6857
5109
561
1547
2116
790
1807
7024
5837
8878
4089
2243
40506
2249
7607
2226
1374
769
2969
3052
4908
2458
17204
905
432
640
2530
4320
906
2715
4274
1369
11962
13410
1351
1711
849
9945
1563
754
3962
5302
4414
1575
498
1634
612
1992
1604
1908
470
2832
1678
1410
1456
1686
728
3404
11435
4513
6998
939
1566
2613
1629
1381
2442
762
696
2504
2796
2881
3094
1644
5056
804
2162
4920
1173
2318
4353
1797
14984
780
10784
3077
1616
1778
13261
17682
1428
1147
2030
1255
6648
2043
6828
720
22616
3139
35753
620
15462
11978
1896
1311
2473
1543
2255
5161
649
2384
9893
1600
2297
1367
1985
1625
6706
1984
2070
2715
1177
3850
4367
2359
1948
1648
916
699
568
7562
1958
1708
2448
2863
746
707
1649
929
2597
378
4460
458
1514
442
2583
874
1085
1224
13196
1405
8249
16960
7896
11290
1615
3966
9652
2136
1876
27382
3511
2712
1978
1991
3027
1725
3899
1028
653
3053
2481
5150
2645
1626
3405
15350
7943
2938
1409
1886
5815
2122
2875
5731
2645
2142
6706
1587
1805
32501
1340
1768
2331
9084
1908
2036
16417
2439
1220
1645
6077
2219
1960
1482
2619
12882
8993
2161
2077
3019
1321
1463
4514
16042
2808
4033
1728
1743
6333
2707
991
615
1196
8020
22411
1888
2201
2348
2175
5773
2275
1729
9390
1728
1785
924
3038
2301
2743
24544
2666
1566
40761
2693
2775
1600
1388
1676
6913
9453
592
1523
5523
7730
681
1405
3758
2174
1510
1700
2859
2781
2429
1584
2160
1883
898
2834
16883
857
3471
1713
1615
3124
1090
2460
2496
746
4225
998
1860
2648
9993
366
3005
2509
3518
1351
2389
25613
1868
1820
1657
18517
15389
24154
2463
1046
2241
3277
583
1151
14956
919
663
33600
1380
1652
1251
1974
2067
532
17036
1599
1159
2289
997
14976
22805
890
1977
1347
1050
9361
1237
2073
670
1993
5574
16576
612
1089
2018
3192
1677
3349
756
1206
1833
5567
2140
18566
1497
516
1925
28111
1212
1794
1455
2038
13183
1246
8070
2942
1234
1739
758
1424
5872
3224
2356
487
1796
823
1301
482
3309
1152
1316
12393
1365
2219
6401
5564
1701
1979
1783
1869
6868
19151
5785
6274
6143
3451
913
3708
4081
8012
2608
2703
730
6851
497
15035
2472
1160
2466
37765
647
2424
1850
2918
1537
2856
1476
3160
1174
4726
3083
1911
11539
7146
4114
2273
1822
1644
2444
3385
1272
14093
1122
1724
446
1390
2909
2337
5193
1232
2147
1972
2029
4293
1055
1376
892
1661
6536
9828
4405
1113
1644
1468
16901
18084
1776
1267
2106
3595
2109
1628
1547
418
2624
746
2608
3031
2213
1885
4143
2906
1786
634
2581
2729
1004
1439
1588
3019
1719
974
3675
3024
816
1179
2400
1017
5961
2601
3504
2659
1031
1410
695
2393
2530
13537
2126
6083
584
11806
10031
2342
2367
1449
10487
1208
3155
2078
19590
1390
1415
3304
6873
1782
1369
1593
3487
1712
879
808
1935
4775
2492
1156
1827
2171
3005
8225
1895
10034
1430
2276
8933
19285
1726
12319
851
34871
1320
6035
858
994
2453
1417
2547
865
5482
22447
774
1504
779
1364
1725
2236
5736
2077
1722
2453
5970
15385
6190
2501
3247
11891
1493
2660
2193
20320
16434
47384
1719
793
2185
1582
1293
6326
1449
1555
914
2250
475
7924
664
1172
1936
1723
2253
2690
1148
572
34283
4532
2005
8241
510
2081
1759
2286
5065
1679
2651
2236
2287
18572
1335
1524
1817
24358
1657
691
641
1851
15726
1745
3417
965
1185
986
787
13237
1121
1422
17283
2163
7777
25529
1187
1922
2112
2812
1671
33241
1452
651
1248
617
2162
1005
2026
2071
7421
1016
859
2213
1633
2040
4547
10509
1973
3684
6508
1147
8705
6057
2352
11777
1629
6952
3168
2081
2278
2398
6616
1383
475
1419
2814
5923
1858
2983
1413
1607
753
2006
13902
1037
3365
1382
6965
1463
2067
3330
1183
795
2472
4860
1592
1851
3897
18954
1043
9027
2662
1463
1737
1756
