3846
1594
2037
26087
2185
26269
1593
78829
3657
49809
1789
7582
36958
3825
31539
3377
2680
2297
2824
1355
3045
9484
4020
3737
30351
53944
9340
3148
11912
3324
54039
14426
12914
1379
2605
24508
3441
2157
1060
2964
22583
3125
22146
2379
24986
12321
2844
17293
1417
32310
2228
3577
2293
15463
4160
2468
1732
951
3727
2771
2705
3488
2520
2187
2276
2767
3741
1110
2496
1349
30135
2786
8233
1520
2686
4004
1626
792
2274
32776
5934
14858
2110
2843
2372
7599
3110
1687
21902
2077
2608
1107
3119
1054
32209
2236
16459
2222
2599
12334
2377
1585
2718
3012
2559
2007
38285
1530
2316
24591
7910
11114
28119
2289
29871
3403
3227
2434
24065
2811
1865
2860
1945
1503
1322
540
2794
1548
105485
1350
1423
47494
15731
30778
10644
3448
17435
2436
2154
4037
3119
958
2963
22220
3624
1518
3037
2454
1985
2632
2112
1978
1940
42007
7536
42404
18904
1596
2576
11820
981
17091
1999
1528
2757
3131
1206
1310
8293
2638
2291
5510
75143
1626
1788
2845
1564
2483
2701
1829
2285
2804
1989
2428
32775
11451
2727
1205
128831
6727
885
1163
1963
1322
2737
3282
3083
3497
2540
47486
1762
16297
26953
1726
1178
1871
2862
1749
3789
4284
15210
2329
1624
1911
2016
16668
58597
16987
2028
2330
2588
11768
1152
41154
2872
7444
3074
1226
2849
4241
1426
2202
45528
2285
2830
2319
2068
5207
2359
5258
6590
2850
9049
1586
3158
3181
1158
17030
2071
1971
2985
1091
901
2867
2029
34002
2426
2759
2863
1973
2232
1094
2535
14992
6123
19828
1433
17727
2362
40640
2065
3936
35976
35469
2738
2998
2998
975
2491
1232
1365
2519
10655
6893
4872
4411
54193
28992
3444
11260
1414
4904
8594
1303
1242
1175
1033
1185
122714
1875
62030
1900
1340
2087
19499
2388
1855
1594
2898
2329
1092
21218
2078
1905
2569
1252
13128
3639
2547
1663
17532
3501
6135
2278
1021
3151
20062
3152
1343
3244
17567
110002
1973
721
2906
9392
1169
1035
2237
4085
42139
1236
10602
1766
2399
1806
1549
901
1896
2240
1297
2230
3806
22258
3693
2776
1016
3391
3237
1631
12469
2759
2050
2117
1590
2672
3037
2260
23162
2323
1890
1420
4095
9765
1297
904
3089
25460
15854
2668
1081
3498
27418
2502
2570
2266
8877
2716
1392
1568
1410
2909
15365
1265
1082
3005
1737
6825
940
1338
30078
33022
2115
1052
45654
61810
2703
913
3757
2059
20369
7623
1500
812
1402
1880
1509
3415
63704
3022
1297
3409
557
2074
27401
4145
2026
13914
13436
1951
34839
14726
46924
3251
6344
2677
1621
2849
2033
19601
2794
1339
2804
2219
12410
1882
36080
2478
3570
1873
1337
2758
3255
47597
25619
19153
13289
17376
2316
17895
55868
35781
5235
2659
44349
1511
10955
725
3411
15459
2997
16075
3074
2334
23633
23612
3964
1495
123391
4228
1299
77616
1856
2211
2202
2662
1916
912
8173
1747
1999
3382
1804
22031
2917
8742
23793
2543
1454
1805
4696
2976
3002
2007
3257
3811
3306
4095
3331
4820
3038
2599
2858
2754
1808
2691
33648
3116
9464
1219
27593
1175
11049
5206
591
2667
12649
3600
1514
2152
1506
16246
2396
1641
1010
2487
2821
1697
14964
955
2927
7202
3036
3108
11775
2573
9971
10522
38799
1476
7088
2615
2452
2800
1055
2526
1932
59608
33508
3457
2934
3896
2447
1854
56060
1671
17287
4007
34014
83301
5458
2851
1436
1396
2021
25006
1212
11315
2960
2520
60808
7715
1945
21820
92784
2166
7475
19303
12608
16775
20124
1970
2927
3261
1193
2108
2117
23535
3005
22599
21488
1186
917
17065
4119
3459
2397
6064
3691
746
2561
1929
1337
3157
3405
1988
26538
12831
35492
1392
20955
3508
2312
1859
3350
2775
7270
1192
3082
1455
77183
13064
9653
1289
2582
2210
133179
3403
1743
47865
2400
3046
3158
2544
2827
9555
3026
2673
1313
1189
5951
35743
3430
1609
2070
14990
1100
17624
19465
5764
2473
1651
2491
124139
23959
2597
904
2339
1717
11161
1161
33096
1662
20550
3212
3576
2642
26489
2199
2569
1967
3415
12897
3308
1571
3182
3828
44693
3151
1217
26453
1983
1935
5193
3377
2101
4342
3225
817
1256
46958
3531
30958
2418
5034
1744
7397
2047
1338
31420
19386
44408
44635
10469
4014
26775
1137
9738
1392
13116
21640
2665
2263
2111
2662
3157
3452
17091
2796
2945
11239
3401
3067
8126
1178
4085
4274
3795
827
2729
1007
8690
1533
4712
1807
1691
7795
3413
2360
16674
11296
1066
2932
748
2618
31211
1036
776
3525
8566
10679
2899
33089
3083
58112
10326
3279
2739
2873
2818
6817
17692
66504
863
2082
2060
16404
19436
42294
1993
1835
2204
4706
33072
2766
18580
52704
2331
17890
1043
3253
1952
1390
2532
2150
2112
3352
26456
3610
17836
2210
2994
3128
1743
24682
3287
785
2976
2078
2586
45354
3560
46508
32230
3190
68549
10084
1515
3409
10685
34009
2935
14725
1668
4730
3002
27008
54881
4790
2699
2764
55758
2605
2024
1812
1936
1222
2239
3336
1605
1894
1156
1977
2327
2541
47075
6128
3292
88723
3054
3251
1048
10771
1701
2479
14819
1382
19888
5240
27261
61988
12166
2972
36277
46028
3577
2203
4348
640
2353
85572
15539
9969
2038
6840
7683
42708
9823
2514
10334
8063
11032
17648
1836
4545
2881
1237
45547
3117
19801
8045
1964
1033
60918
1915
2355
2992
88195
5897
52600
13128
2988
33975
24384
2604
1581
2855
2277
2284
2142
5341
3000
10289
29943
10110
10108
2602
31561
2313
3314
3138
1905
2658
2861
2986
1017
1904
9019
652
4123
2169
5543
9042
3922
2997
1208
3364
3408
2197
1344
13036
2901
25508
1312
2703
3192
38218
2676
3967
1802
981
23548
8656
17341
943
29767
2328
2217
858
1106
2722
1890
32142
592
1725
5097
2255
3127
2772
2923
2745
7883
33684
2303
2420
2132
2024
2812
3160
3792
2067
2043
1668
62511
2722
1664
9582
1678
796
2553
3707
2386
2915
1675
9739
2280
4177
1954
29608
1977
40552
1739
2332
3571
21716
10312
2449
26698
8983
2417
2388
17559
58502
2078
11187
3008
1069
3132
14106
2773
1744
1666
2741
17141
19056
3807
4047
3193
7155
1931
2553
2740
15036
1440
1693
3537
35825
2397
2059
2732
48637
9043
3327
1651
34289
23184
75643
1945
2661
2156
58615
3375
2473
3325
2127
39111
931
3441
1350
2811
54401
2601
19675
18902
1449
12695
3036
5227
82866
16237
16263
2617
77633
4706
3558
1732
4522
4207
4247
2192
5141
26397
3370
15651
3286
5976
2398
5717
2048
2751
6187
2608
3591
2297
1646
92134
7599
2584
2804
3653
66910
2045
55322
1964
24117
3002
1058
10874
2431
2213
1940
2398
1084
2093
1755
5029
2928
13373
3006
1102
11174
5158
1029
5842
2954
42970
2861
887
42283
2859
1421
3205
23456
1002
1749
1412
5272
46577
2392
30675
3713
6040
8493
1004
5125
35740
2512
2373
4323
3202
2742
1436
6183
3178
2265
1925
2353
22461
33559
2006
38382
1394
27111
28904
50471
1432
2457
2328
2212
4624
23320
3270
2016
1403
853
43724
25948
2674
3665
4093
15982
3552
3921
3184
2539
15311
1972
1224
3233
6318
720
18438
1758
1237
2919
2339
1262
21741
2086
3069
1692
6240
2001
6141
1752
14118
1474
1633
3542
2876
4273
2897
3226
31267
29731
2922
17552
2579
3888
2329
2349
3577
3373
27063
1225
18779
1122
2417
3837
1080
39728
2638
3796
2664
2614
57468
7468
3857
3814
20278
1203
3383
3209
2101
2908
3571
3344
1796
2087
2785
1268
1007
2634
27232
2682
11283
1440
1423
995
2629
2793
2379
27150
3752
1202
4875
4096
2559
2012
1936
1644
1449
2059
37127
24233
26479
3300
1871
2857
1059
2380
3537
1969
3731
1793
44943
14521
2741
11797
1777
33352
1498
7059
104376
2457
118687
2000
35959
27089
15313
13452
2846
2787
2993
36272
96241
33629
2361
4007
4175
3170
2337
10512
1939
3226
1524
6222
2470
3005
2926
2997
773
52761
3688
2264
21490
28929
6607
1654
2029
2735
14785
2543
2374
4384
2119
2104
1103
18311
3334
6404
2463
28016
2180
1883
5274
2950
7770
26001
62101
1678
2475
1574
25144
1749
20019
1381
3185
2671
3563
1366
3377
4066
13352
3654
1617
2705
1642
23131
3653
4391
3964
2256
3707
1546
2170
31271
3070
10165
3342
2484
2016
62122
2124
2277
8829
86717
1853
2316
2036
2297
2124
1284
2946
2905
2272
3085
2453
3291
2369
3322
2154
2695
911
1190
6878
49904
1307
30431
2471
1256
1420
1773
2107
7204
45269
10620
2805
2229
2329
26236
2301
1911
42489
2774
1774
2627
22824
2380
1596
24323
3124
1880
1346
16398
9500
2485
1621
3080
20704
3587
2618
963
1687
1977
813
11516
2488
7985
4061
1161
2592
2446
2180
3454
2122
1544
3032
25813
2411
1146
2526
9889
9382
1904
3159
1901
1894
987
2252
2944
2872
1648
1643
1573
5892
2072
69977
10015
1584
2548
2986
19849
14076
3039
2984
3071
2023
39840
4956
3060
84419
2031
18883
1480
16615
650
7059
26744
33305
3717
4278
31493
831
1715
3108
8564
19435
2295
1817
1085
894
2797
3695
2369
2144
6027
2890
4401
3480
1825
1614
2158
3638
1961
2518
9327
27761
2184
2669
43619
3482
9295
2547
1904
3958
3075
1317
2608
2686
2551
2594
52507
2522
3058
1580
1908
2227
2072
1564
12586
872
2546
2599
3202
3659
2870
26857
18363
1834
2528
2842
1563
1657
91833
26561
2601
14615
1309
3724
2693
4187
2509
3199
3406
3439
4127
87964
2419
1271
2875
2942
2581
1259
25280
3018
9853
15329
2077
3141
18143
1847
25553
3003
3276
26581
19940
1249
27468
2125
3320
61835
5446
2895
2638
1980
981
2925
1831
3283
28390
1048
2817
984
4120
3143
3277
2893
617
2169
2813
3554
16935
2095
2752
63774
2938
4621
21971
6593
2886
46288
3420
3200
4193
795
6475
22512
1664
1223
2965
4247
29813
1471
2493
3251
1942
3317
2910
2515
1202
16373
13791
3176
2667
28465
3024
2857
88064
3368
14677
3255
1026
908
2668
3470
1876
940
16238
1824
3650
1030
3766
792
2445
1206
39101
2865
2107
2932
2498
1559
86891
1877
3229
2011
16067
4025
1206
14685
27252
1868
39996
40214
2555
1012
1781
14777
1698
3164
3774
9627
2041
3670
3711
3275
4446
24793
69176
2038
2256
2665
15224
1347
2561
15507
2478
20600
4096
4661
1579
1657
2692
1795
1831
2740
727
55896
1841
8221
2288
1510
8680
2877
1689
3037
2019
2865
817
2031
3201
1945
2044
1753
2051
1385
1698
1986
1428
984
49966
32232
2287
3055
3955
1140
2246
23075
2677
3032
44965
3166
4753
2103
3040
2292
59440
2808
3160
2383
2679
2749
4326
1704
2122
1531
915
25694
93630
1666
939
44048
3036
15177
6991
1059
1970
2302
2001
7513
1832
14424
2853
33401
8022
2389
999
1929
1272
1715
4370
57842
3663
1600
2113
3767
3147
1654
13780
2498
19465
2575
3084
2595
3121
2437
2629
953
12640
1925
16870
1759
1720
2076
10094
465
4585
28108
1362
3879
2722
41590
2234
60770
2606
5424
1843
4712
2607
3213
4023
2349
2426
3089
2170
2417
87799
2880
3788
1083
5092
1747
2655
4859
3346
66068
32069
12664
3414
2827
47783
14148
5467
1063
2505
16053
12438
2682
2615
33454
23387
2738
33693
3830
3187
1918
5997
1381
1436
822
30868
2685
2045
2973
1379
3811
1030
20812
16106
1624
1902
2698
19808
33111
1368
2587
45456
1924
3717
1363
62858
2437
3711
2145
1597
1939
1254
1718
2541
2421
2263
2872
2597
3021
66812
3845
32741
1846
41367
52899
5364
1034
3119
2093
1239
631
37042
2284
17438
596
1629
3476
10920
2967
24755
1354
1993
9719
1111
1065
1170
4355
20536
3405
2319
2918
2253
25371
3632
2290
2599
874
10934
6188
1589
7617
1582
2724
2119
16590
1192
2393
24343
2733
98087
2255
17400
2684
2814
2269
2255
2732
24535
24549
2348
5787
2598
87783
1841
4178
31809
17936
1667
6481
2933
737
49217
3028
4356
7371
2359
2140
2502
3430
8461
812
10965
26774
53336
3267
2095
2244
3236
64607
15200
8597
2334
11520
9989
3474
2338
2885
2670
1481
39983
3524
2385
3252
5028
2488
33317
1176
9674
2688
1154
5984
9994
2256
30202
1091
5352
4345
1956
34295
3193
705
2320
2363
1828
3588
611
3958
2463
3572
50892
17665
11233
38627
30943
2818
1451
2221
3691
36424
20296
2713
2466
3760
63677
2598
3418
1830
1265
48351
2289
3471
2890
2260
827
3487
5649
1010
7904
2939
1953
1913
1511
1495
142759
2568
3619
2251
2401
27624
6663
2231
2945
1992
2270
982
2589
33968
11689
2854
1432
4782
2742
4749
2660
1523
2056
7149
1654
3322
60000
38482
9649
8930
1045
2535
3461
946
1104
3546
3414
3858
112882
1053
528
55238
2817
7484
3915
2340
1613
29412
12168
43344
8241
40529
2821
3646
34445
1356
2133
40685
11287
1194
1173
26744
3804
3418
2181
32932
34040
2966
2346
3351
1763
1007
32043
10141
3144
2989
360
3074
1479
38624
1541
3002
2849
1631
1174
2625
1762
1511
9367
6237
3425
2309
3059
27388
3257
1401
3452
1151
2294
21737
2910
2048
3003
2769
2721
2839
3259
2494
58475
1783
15366
1023
32369
1591
12234
1994
4910
2824
3005
2819
10477
2773
3299
2291
2187
3748
2046
2541
726
3623
3621
3265
2371
1042
27336
2051
2731
27316
509
2937
2197
1506
2387
1065
32010
1045
12377
3390
3605
29045
17302
22366
28359
3378
66662
2976
4468
1615
3235
1391
2919
2370
12410
914
2068
3045
37967
15993
43589
2066
4190
20058
1172
1363
6320
1866
1662
3522
2734
2785
8929
2658
5137
25040
3496
2523
1534
2163
1348
19123
1338
2022
12497
2802
1747
1873
1938
96266
4361
651
4251
3461
97602
20257
1881
1569
2678
41913
39804
2723
1090
758
1397
28040
3102
950
3162
3399
21286
20220
16174
3098
3493
3019
1103
2855
31835
2406
8433
34804
2738
1957
2800
2103
8059
3916
2326
2355
3619
3733
1534
3286
8532
25945
33231
26177
2766
2131
23186
2033
2617
1780
2587
4400
1295
35074
2250
1884
6580
2238
1429
1909
2543
1869
20245
2623
2230
2719
11306
2753
2350
673
1365
1039
23591
2645
5440
2832
2179
1098
92475
3405
66891
2825
25248
2991
15813
26285
1608
1810
36457
2550
1013
62608
2015
9423
1880
1757
63157
1799
49589
38346
1681
2000
2934
3292
3395
2948
32425
2021
3210
2434
1732
3564
2057
2127
1900
15173
11734
1096
2988
2652
22113
2741
3170
8766
1835
6064
2514
2029
1346
2675
1812
1860
1095
2489
2216
17314
19926
25495
2543
1826
3722
3429
6398
1549
3060
5224
49871
2013
3446
758
18861
5302
8916
13132
5237
2627
1005
2947
1420
3405
2362
3133
1536
1875
13612
17203
1859
7498
1847
13186
1990
18625
2528
782
1766
1504
14482
1881
29523
2436
2261
40256
25378
2414
2663
2344
102984
23605
2306
5081
1140
61570
1502
2983
3165
1699
2046
8579
2742
30733
2433
1891
13844
3233
53806
1986
11077
24640
2669
2549
2966
879
2410
1195
16283
1401
63798
34923
1539
2768
46268
36118
960
2886
3480
3460
1919
10712
1507
2338
20234
3770
796
3053
14470
2688
2113
1749
12192
2072
2623
2745
12256
2237
2146
923
2972
34440
3869
47453
2342
1944
34086
46200
2502
3149
6837
2722
45705
479
3507
1096
2740
1192
34841
2499
3607
2655
22861
1105
31171
2051
1557
14447
1668
1963
3589
2916
2064
1823
4261
1814
12514
16949
3199
2199
1187
33876
23098
47636
1954
10305
7128
35891
24056
1576
2349
1362
2653
4032
36644
2543
37910
3638
2544
1686
8346
1851
16398
2668
1688
2156
4457
9511
3642
3892
3900
5223
2096
2928
73475
2546
1189
1730
27067
2925
1801
1581
3033
18755
1562
14291
1311
1429
60564
2307
2490
2480
1205
2837
14421
12979
17012
26585
1551
3001
2851
1519
55635
12290
1560
1934
868
3880
2790
2690
1772
2999
8277
2999
2664
3059
3747
30967
766
13577
57835
2322
16718
3176
2047
80806
1514
2627
44423
2924
2914
3040
2129
22304
14628
2394
32841
1715
3069
789
3860
1762
49228
2111
2061
2212
2404
2179
17072
37971
2739
2722
2324
1798
1470
3014
1473
3958
13990
2605
1943
3092
84693
2753
1422
4709
1916
3904
14788
2428
2287
9232
2271
1996
3027
46862
4441
44680
27163
4013
3789
1070
16488
49298
1563
2443
45343
2735
45791
20522
1886
15072
2929
1907
2052
1749
85843
10703
2224
3121
1362
3804
3838
1220
2648
13991
1584
1852
1484
2819
3239
1979
57857
3789
39906
1463
25915
3891
38901
48452
800
4910
1247
2394
3420
90934
1677
2361
14347
3470
21386
2262
1410
3181
57747
4065
2580
1148
69454
1308
2444
2082
26844
11427
2014
2065
39556
10030
1109
1169
3445
17581
2409
1612
1534
3161
13653
2594
3338
2742
5066
17313
23417
17977
2464
3730
2831
29470
1727
12939
4126
1265
3309
1274
2091
3095
3501
33850
2555
866
6257
2005
1546
47631
110359
33867
2436
2418
3304
1120
3838
44897
2214
2416
4181
1896
2749
1479
1020
2878
3811
2727
1374
2764
2123
2695
8135
34574
2350
3452
2276
2326
1328
98541
1164
1117
8108
3548
2092
12791
1555
1472
2574
1513
6733
3698
73686
1232
50498
2390
1418
3867
3893
2482
12735
2727
2452
1199
1662
28057
914
1901
45958
1508
22260
2709
898
2677
3223
1751
1210
7307
900
1967
2289
19043
20039
2558
3736
17326
15071
3368
2350
2609
3936
962
29882
4152
14143
1853
1328
22431
3687
1020
11109
2518
36728
3942
681
1693
725
18746
873
836
2277
2951
1550
3042
13776
2062
2189
3628
38009
2339
1986
1570
3967
1781
3171
2986
28777
2791
36249
22971
3517
42033
1856
1661
14671
4272
2090
1202
8623
14491
2431
2405
2640
2162
1578
1015
1958
1767
8593
1205
2269
16313
28145
1541
1617
34180
1399
1331
3009
36112
72782
1630
4186
2194
2721
3107
1493
1930
18350
1631
2140
3534
1413
32667
2472
3395
2551
7719
2822
2885
1635
20059
3724
40362
3001
3291
4137
2657
2806
2169
8142
3828
1670
2999
2622
969
9800
4784
1727
2623
42530
2028
20208
3073
17993
1093
3111
9656
2844
12362
2185
2483
1077
2331
26021
2112
2130
3234
3315
6257
3267
3085
15310
11228
6459
2193
1144
4463
62590
1607
3306
3807
3699
1712
70799
2255
2406
1567
3612
1320
58088
2342
27113
3313
1866
17146
2288
2358
2505
1542
43468
3033
3079
2912
425
1930
4093
1638
2023
16337
2365
8787
2921
17666
3741
6427
1246
25347
4140
30921
34173
2931
6794
2830
2970
3474
2307
1476
33787
50332
2928
1992
19668
2250
16994
2426
9442
22420
75053
2553
1467
7247
5300
4286
3858
3548
40239
2054
1809
2803
705
4005
2311
1479
4092
2891
2130
3504
25959
11355
21114
2365
1016
3352
2226
1386
4501
2646
1734
2347
24883
36843
1603
13728
1277
18674
2455
13067
1772
33093
3278
4582
2721
2931
13403
29257
1567
17130
3076
28423
1626
8291
2255
1466
34440
46663
27039
952
1810
34886
1961
70341
2899
51273
3923
1567
3100
117309
1867
1213
9183
18142
1779
3651
2645
44727
1990
2666
3963
1443
42465
1518
36162
3055
2100
19964
1797
5787
2111
1444
3727
32193
2933
2382
541
7223
3332
2795
1322
7331
2043
3520
3191
73446
11964
2128
26668
3638
1264
2529
2591
2703
23314
102542
2240
60368
1599
29613
3052
2489
2571
3637
19555
15713
11573
7540
2581
31993
16243
1783
2528
11786
1313
40863
28366
1382
985
17621
1013
3498
3010
2828
2860
4107
9532
33652
1797
7091
29269
2023
2234
2692
27833
3649
2668
1828
17883
35020
1443
1348
3737
2947
3607
15275
20244
2530
1239
4570
1744
6689
1388
1376
641
2216
1772
899
3901
1200
3052
2066
24280
2175
22863
30044
2787
18316
1937
2675
1880
2895
16390
1325
1065
1289
1683
17512
2187
3554
8907
3047
56167
5287
3281
1955
13620
7088
45892
2650
3231
2349
22676
2317
36960
1891
2641
2632
2199
2439
10549
47028
3631
2462
55491
1940
2937
2339
2460
19356
16494
1997
95077
828
27210
3392
2326
2721
2820
1720
1393
2662
1303
2200
1004
1979
2202
4769
1828
2346
2571
23686
1703
1510
1387
1974
2120
2338
20281
1115
19118
1480
2079
18192
2988
1791
12444
2508
2186
77740
4724
13168
402
860
32917
18954
63111
7396
917
1871
2957
2861
4081
2106
986
3026
2675
1210
2488
3581
2748
1473
2982
2086
3684
2983
895
13660
757
9463
2244
1151
2210
2476
11798
813
2016
5049
962
1546
2556
2952
1692
2615
68747
2695
2745
22379
52493
1804
3574
3561
1130
1759
19438
1353
2128
1442
3002
1690
2485
15373
3740
2495
2717
2402
2723
4681
2736
12512
14086
3257
3651
2844
2833
1203
3065
2197
3521
30954
1121
2010
2832
1544
2094
1428
2789
2285
29765
994
1438
2982
51821
27045
3462
2852
23598
3219
1165
4616
57029
2162
2054
2041
48543
1317
2855
26123
3214
2071
1368
1565
2124
737
1956
1421
2916
152708
1428
5191
1231
3300
2384
3215
2350
2578
64641
2953
2537
1120
42373
2140
1695
12063
2273
25164
1895
26620
1116
21386
2153
14548
2422
2112
1561
44585
2734
3137
38604
1546
1852
1628
2770
1746
1093
2152
2898
36232
1226
8536
54855
16314
2826
2524
15541
2455
3803
1638
3687
2279
865
1497
3037
1278
2731
2850
4247
2374
2022
3614
20137
1300
1040
7707
1044
23188
16703
16721
27084
2445
34520
1647
2718
3735
3050
21809
2965
44803
3411
1317
3904
14872
2544
7774
4051
2358
49623
2101
66376
590
7425
3732
1996
1179
2156
14688
1184
2806
15692
2048
3640
6783
5757
3290
25338
2429
2374
30170
14327
2726
10493
3381
1026
1954
1176
1754
2849
3006
8751
42062
1525
1803
1551
45076
3119
22203
16431
41622
2824
47208
9522
15764
2064
2395
23345
2564
3644
1762
1511
2272
2774
3098
1041
2635
11476
3948
7884
2772
1995
3522
3541
2288
3233
2178
1361
20435
3986
11603
2471
3220
2500
3285
1303
43163
10525
1817
1788
2571
1391
4297
2691
1569
2541
17759
2709
13158
1984
1145
31223
1796
679
3372
31988
2006
13194
3292
2665
124117
2120
2800
4149
2044
2216
1945
1902
51923
11014
13694
3366
4853
41636
4399
1651
2656
2718
1731
662
2376
933
2803
2554
1624
2248
12430
58091
2604
33691
2340
3627
35632
1870
13807
6986
2761
709
4154
790
5902
2556
2494
17756
1030
2618
2500
7494
2194
38848
2350
3876
2118
1851
2503
1312
641
2732
2912
11372
15876
1117
33418
2943
1227
44060
3651
9753
463
1755
4309
1957
939
1987
889
1949
1827
2669
3686
2800
65030
10909
2483
894
3676
60415
2005
1587
14992
50972
1562
2438
30172
3561
3689
41803
2691
3063
2857
19379
18686
1847
3407
3145
1636
2394
1842
4468
21322
1730
4222
2221
15701
1764
1912
1690
3123
23437
2850
23628
3377
78164
2833
29566
18434
18595
1400
1419
2750
69820
15265
9863
1520
1386
95410
7309
14840
2762
1371
3792
2441
31452
2325
4366
2026
2095
2615
1521
2982
7326
2490
3305
1344
1045
2792
2863
42204
1146
1188
10100
1425
3066
1698
1307
2408
3030
2658
615
1478
2121
21666
2012
3080
8567
971
1226
2267
2579
3023
2717
1112
18536
83156
2613
4298
2642
2029
2994
41378
2210
1941
1413
3494
3607
39511
97450
895
1894
21906
2051
2090
3806
16210
9053
11600
1517
1600
3150
1174
3337
25472
4594
2452
75698
2186
2964
2532
1733
21939
9946
6171
2765
39649
2876
3349
1572
2848
7067
3702
51101
1753
76673
32648
16401
7512
1784
1851
2749
1906
907
2347
1904
9522
1470
31720
18482
3338
2491
2873
2834
2175
23462
6688
2575
2427
2427
5975
2624
2487
2264
3283
13582
51428
2109
1578
24612
3159
43671
6007
6172
29406
5952
3377
23796
2936
9408
2097
11117
2796
22901
1118
3120
21014
2481
2063
7757
28157
4133
36504
883
2582
2255
2824
1094
18374
1016
1315
12795
4156
1422
81389
4015
2101
5105
2641
12794
13219
1917
2641
11030
60294
117445
54413
27810
12753
2158
3421
3818
1243
2180
2272
15523
2704
2428
3258
6352
72195
1931
1143
2833
1566
17281
76159
10009
2497
2826
1677
3654
28569
807
2395
24203
50177
22426
1994
12193
2922
29997
4076
2644
3104
2409
2463
2858
2403
2132
134276
1969
1348
3295
2267
9752
3169
30219
11316
23865
9357
12137
5922
9759
3393
12193
1760
2229
2516
1877
2768
2764
2155
2935
1201
1002
2383
2783
4718
1360
33940
40700
4084
3783
2785
1892
13445
2401
2177
1750
2629
2597
9757
3734
3694
5465
12609
3036
1630
1747
43855
3219
18204
4219
2760
1796
2406
1873
3006
668
3319
4067
1294
4827
3546
3325
1732
2665
53357
5268
81378
1943
2133
2427
12677
100280
4383
1747
4068
2259
1423
2147
1015
2817
2478
3007
8153
1712
25272
1191
46561
3250
2161
2198
6371
1716
66187
3873
20317
2366
1336
1190
41146
3557
2509
1908
2132
2647
9015
17943
4252
9812
1570
1832
5144
2319
14609
2205
1108
45493
32552
3383
2736
4133
3083
3162
2036
11386
15032
11040
2110
19905
1698
2133
10867
23066
973
35890
4746
2000
10116
1988
1286
2801
1627
120029
6658
1478
30874
4107
8910
3023
1350
2687
2270
763
28754
52046
3810
16017
2838
1432
2570
52670
78314
2949
2211
3400
1258
1872
10369
2451
1306
1385
39658
13902
10500
4591
2841
2862
1452
3334
1971
1840
2390
9099
1393
5107
26885
2277
13585
2386
3694
1788
2273
2292
1838
1440
20051
2333
2568
1327
2563
2638
10649
2421
11876
4460
16815
37996
20049
2293
25126
1336
80361
2299
2837
40162
2449
2390
31562
3335
3091
2305
2262
11961
1845
9306
1838
2853
9933
1361
1477
1718
25676
2767
3045
906
11380
3206
77578
3596
2621
2049
2512
3114
2740
2602
5569
2805
2395
2437
1656
1453
1853
1755
3610
2285
1127
55893
35286
2655
3067
1990
1355
1539
18794
3329
813
2868
1648
3251
1010
2895
2048
3817
2380
2766
2912
2563
1364
2107
1581
3213
15988
3824
18079
2230
3733
1566
1784
17774
2544
3134
1053
5918
3248
780
13721
21190
1455
678
3307
14623
2547
1534
2877
1246
2531
1193
3091
3265
2161
15354
1926
11933
1194
1473
14053
832
2698
1302
3004
1343
3257
26575
1773
14942
6153
1746
28603
2222
36999
17492
2572
3118
5010
31731
1920
10851
36090
3158
9127
1173
2683
2757
3584
715
1837
2623
2373
8180
1598
2364
2227
14523
1497
14665
43081
670
2374
16944
3480
27350
3130
2671
3730
2780
2918
3409
658
2349
3651
860
1566
3105
7196
2073
2544
14967
1945
2133
1518
1094
1564
1923
1899
1106
2823
7913
2121
45710
8162
2354
2487
1466
1841
2842
3727
33973
2583
8939
5374
2664
2263
2451
5188
1108
21790
1985
4342
3506
3395
2769
14317
2325
5459
2097
6027
3112
1256
2520
15608
2134
6825
16491
1855
1328
28490
2620
13530
62514
3023
1648
1423
1626
990
2549
2140
1748
10769
2773
16227
6085
13760
3743
3105
55915
1691
2050
32410
891
2785
2917
9320
2024
24662
66155
65106
2661
2709
17683
3579
1385
2162
39351
82432
69670
20631
900
10111
874
1092
1212
4177
12048
2725
1412
2787
3451
40438
1971
18161
3333
1189
4590
2498
2828
9487
2265
5644
36842
684
24748
2740
1539
1768
3264
3008
924
7477
25991
666
35273
1139
9042
14042
1430
84296
18845
2938
18825
791
2407
1543
3142
34566
2991
1887
66232
2722
3246
54496
1344
2799
14992
1457
44158
934
2932
66609
2589
3139
22181
2613
41144
38462
2255
3569
3746
3155
3323
2486
3130
12111
8457
23140
2758
2321
2764
3905
3583
1960
9406
2200
2392
79118
2216
2817
30580
53351
1529
1248
17049
2274
26637
2221
1458
1959
3887
2081
3855
11190
2142
4728
3142
2319
1514
17600
20143
6696
2244
2011
1727
2168
1357
3758
2663
9418
4168
3080
14058
21904
63492
33959
2853
915
1488
28732
1021
1784
4815
26906
2903
1000
19437
2389
2188
2702
1478
1234
2691
2970
2040
6228
2536
13940
3786
11110
1892
3244
2065
2127
2095
5288
2093
16970
2419
2984
1303
3313
827
2595
1900
7485
47344
2793
11986
2119
18940
56363
3935
5705
2876
3332
1264
3693
76218
1353
11587
966
1203
4835
10569
43626
13751
2563
19348
2926
15005
21766
3664
1056
855
59048
2735
3915
3621
16783
2084
37365
1366
3812
2041
15966
15973
3935
1669
2740
2323
2720
28179
1635
23698
20055
3146
812
3685
2889
2353
2924
1753
3766
3663
3561
3116
6537
3201
2899
2284
3027
2540
2354
1336
3522
3199
3102
2218
15007
1101
2949
1307
1529
3037
946
1372
6047
1489
2599
2713
2970
1591
694
23544
12050
2240
3432
3842
18575
13362
2156
11748
2695
17873
833
2262
1575
22802
2090
5000
1446
3683
2174
2675
3078
2625
1305
12261
1856
2518
1510
16041
2273
2483
2618
2503
3047
1880
53072
3083
1199
57308
3591
1142
35006
2443
2140
1918
29799
25844
1284
3890
2732
2940
37507
2243
15991
1293
2864
2421
2345
1322
1046
1910
2760
5710
15929
3320
890
525
3776
2374
1453
1951
15685
27606
37205
2150
1086
2766
4137
1484
2521
1312
3243
21673
2816
45554
10203
2770
2366
2838
20050
1614
9404
10514
36209
1078
37102
11162
15799
1089
964
2191
1651
1298
3637
2496
2249
2486
8689
21463
1799
4296
12051
2559
14078
2491
2520
9356
3988
63033
2548
3152
1442
4050
1357
3092
2502
20248
4249
11554
2242
3232
30477
2428
3766
2029
33593
2862
14802
3497
10001
1861
3160
2647
1519
9864
1000
2867
885
874
4051
3370
2760
3043
545
1196
2060
6356
1340
1717
23552
3206
3008
1971
2807
2477
2188
3904
7058
1490
4025
16733
46582
1798
3214
6954
3222
2776
53655
1433
3733
31118
1479
5504
2472
29813
19034
3256
1102
1701
2330
1481
2202
2577
42100
991
1011
2354
1931
14302
1533
2780
14936
4769
1065
90476
1391
13301
2077
2796
710
1540
3082
1687
2586
19350
2150
3318
793
23725
2823
3187
2991
42798
21095
2290
56616
2536
2520
12439
2192
13578
2145
2662
2873
954
2446
32434
3766
2396
2047
751
46682
86290
1788
20446
61034
2210
55439
37552
26254
3992
1831
5424
48091
2172
2917
2943
4478
1004
3123
16878
1321
8041
72019
1671
651
37745
12642
871
16408
1935
41107
6140
3651
2725
3860
13559
2120
3925
3322
38483
22312
3223
2566
1544
3845
3534
40125
971
14800
1605
1557
40228
1139
4582
1634
3309
45139
2448
1897
2512
47157
7319
3539
2148
4082
2617
1280
2775
1941
1679
4615
33402
1217
13655
4395
2746
1934
2426
4883
40193
2077
3081
2860
887
3083
2114
8021
1905
20180
3057
13431
2589
5794
5751
1406
2721
2013
3446
26247
2938
49014
61416
768
16304
3931
38253
2549
2524
92810
2975
2676
40176
1678
2856
3263
36495
4532
91503
2141
12390
3686
11203
1304
813
30624
44980
50728
1246
1989
1767
2442
2616
20619
3243
8553
2074
2971
1378
51915
1358
3372
3052
12845
1762
2417
1067
737
1679
5345
1433
2176
24343
3115
16759
1445
2576
3145
2997
2607
82747
11439
3862
2440
7044
54063
2553
2987
3663
1831
60673
4436
21000
26177
16513
2643
2501
3304
2982
1317
1461
82858
2613
1994
1695
9139
86573
3610
3664
1522
763
2256
15214
1571
1282
2433
1935
48231
2363
1619
13684
42679
98247
2540
2545
1902
5432
1123
2277
3102
1530
2836
12669
1654
36790
26137
63953
3395
1279
15141
2016
4196
2983
4113
777
2860
2552
3072
3550
3063
3546
1897
20747
2086
2218
2794
23562
2259
2203
2707
2828
2273
2521
8362
1988
20431
2923
1888
1580
12243
2254
2869
9061
2108
18227
23835
3241
2215
917
2924
34738
2327
1517
3035
9840
1081
1840
2074
23874
1258
1270
16972
1060
40176
798
1147
7357
23785
2287
2293
2119
4741
35084
28537
56600
3363
2536
2631
2571
3541
1540
34407
729
6626
5785
17651
763
2478
10897
2402
8283
15511
5687
1835
1394
1939
14787
3059
2085
2719
14237
3360
1513
4970
2028
6989
6519
7420
1746
921
58297
21132
906
2495
2057
4052
2899
2283
3161
2519
2565
19254
38778
1223
3190
30476
32245
1738
238600
1261
2928
3029
4102
1797
28268
2087
4125
1878
2010
2781
1563
32602
43224
21437
1027
2698
7391
3812
3079
1644
1799
2267
2858
3272
3018
2766
31169
42772
3069
2715
8251
14788
2976
44963
2110
2925
3823
3076
2458
1601
11745
2777
71292
2739
1757
1687
1319
1322
33581
480
2427
1586
2609
2849
3081
3717
931
7312
1962
3037
1019
32170
3726
3123
2363
19313
2510
29042
2089
2682
2521
1400
1443
45067
2014
3259
2184
21408
6618
2941
15457
1524
2424
3541
1743
1097
1482
1145
2220
1193
2321
11132
67058
3399
62418
2148
4990
37555
2537
1921
1640
3055
2876
72751
3004
15177
2302
12904
36718
2206
21184
30674
1919
2735
49446
8250
53509
2233
2242
19422
7007
2800
3072
1141
1915
3542
2481
1929
75671
1480
1416
2187
14288
33733
1507
2239
21701
103368
18139
51244
7110
6490
3662
8478
1277
3015
2010
1883
2413
1640
9460
3608
871
2224
47793
3332
15162
19723
6436
1557
642
3147
2528
11546
1139
2912
2853
2032
2171
18310
2024
1739
7616
40106
2527
5696
3618
1623
2450
14350
32373
1541
1304
3735
2865
14959
1033
2530
1314
3188
1295
1603
171113
1864
3942
3016
3614
9599
1903
9558
2043
1863
2971
2906
33962
12159
7856
2314
2450
51141
2143
2494
4811
3841
2002
2179
1926
50709
21116
1730
1414
93063
2961
12905
54305
10638
30401
47867
1280
3381
54224
2609
2138
10797
2247
2638
2616
1226
1860
2958
3305
1675
941
2072
4202
3097
2412
3296
19653
3722
3898
14117
1821
2788
44379
2565
3639
15393
634
1864
47192
3860
2521
40394
3277
83635
2608
3468
1390
13156
2577
1049
4309
2214
2590
13188
1993
2764
9674
4300
11860
76681
1940
14263
2158
2813
3635
2062
2911
19940
3952
5912
2577
3588
812
19586
2403
1846
4689
2842
8258
2596
857
2965
2907
925
2856
1550
28007
63784
2220
1263
12140
44026
1212
2139
3143
1246
1984
2131
2693
3351
2279
38074
1352
4170
24608
3149
1471
1151
2194
590
2370
1435
1723
2228
2191
12509
2476
2991
4261
8984
1668
1916
2924
71904
3200
40684
2820
1344
1819
3926
85850
1809
2471
1894
16624
96267
1550
3452
85468
3519
2169
11264
1098
13965
29788
1323
32314
2427
3432
1247
901
1291
780
54482
3471
31933
9631
1479
2164
3487
3416
2562
2179
2249
2101
43245
2740
1684
903
4023
28898
2062
5045
1753
41172
11106
3231
1189
1849
2009
1558
2292
14402
2383
4571
1543
2462
3380
2586
2636
1486
2177
1967
21378
11131
1985
20481
1765
1320
1458
1558
1637
2158
917
1562
71472
1361
3513
815
2214
1580
1813
1636
36936
43733
2180
1635
3107
28081
2522
10906
2744
7620
34072
55671
1568
3118
13521
1148
2997
1832
63562
2374
1300
1614
1504
46631
2139
32584
41371
23578
2543
34184
1354
4972
22523
9214
21642
10382
2820
5109
2377
35632
30386
925
2495
3064
31969
53509
2913
2416
7829
40880
1802
2141
2285
2556
1339
1611
31882
69243
2333
860
1267
1460
4158
44184
3293
931
30412
14264
2018
2756
1550
2060
1517
64340
80902
36048
7479
8504
4683
49087
78790
1847
7658
11750
36345
2439
2140
1392
1235
1595
55926
1549
2081
978
1444
2400
48878
1236
1748
3078
2836
1729
6727
1966
37343
21887
9559
26672
20706
20161
1464
3026
1647
1155
34727
3790
1803
3335
3722
47548
8850
2272
2456
22584
17806
40252
3544
2931
69846
1902
22043
1193
3953
2262
3076
7729
2935
2490
1770
3648
1256
2744
2522
3261
35628
8053
23763
4508
2254
1751
5566
44430
66570
11037
47655
2254
2345
2654
7903
2762
2334
1086
19013
3388
37685
3592
1531
14202
7000
1964
44061
871
1983
3210
2719
1781
13170
31412
2785
3338
1497
2127
16642
2632
53933
65472
18274
4736
1625
20264
2205
64577
35742
1855
5103
3250
1624
3495
2963
1622
2057
3146
2405
2933
1407
2404
2635
2650
2487
2785
1995
6760
42903
2882
18229
51000
2084
1782
1766
2209
2844
8004
10889
2426
1760
2632
1179
5098
2696
1946
8036
66652
3794
4902
584
1677
766
821
3504
551
2200
1277
1535
1138
14582
24825
1890
16281
7672
2484
2064
3937
3143
2417
1202
46510
2318
3266
2970
30844
3229
2392
43771
1886
4325
16859
2070
2442
63013
1633
2941
19961
1111
1872
2074
1358
2310
2727
8213
87734
14230
1765
1905
4086
3742
1805
1897
1233
1449
1885
1153
13711
2404
20817
27803
1004
10936
2548
37555
2744
2357
2035
16221
16039
2226
1930
30347
50128
1622
2684
35220
39855
22715
3463
1622
66318
1993
10934
5608
1258
8889
2017
1547
2540
2002
9111
1966
1013
82363
3126
1565
1646
982
24908
26308
69512
3097
83336
1357
1721
3346
1703
3110
3322
23670
36541
1933
2807
1438
21192
16246
2549
1978
2619
3381
3289
36620
2219
1901
963
4237
12780
16505
1940
1591
1300
7155
3405
9095
28609
8148
2017
2330
19639
2452
22105
1245
105101
3062
3022
2322
1779
3003
15805
14267
1702
16849
2226
1132
2445
35189
74776
29560
26267
1628
3570
4587
3405
60583
2599
2797
2916
5961
1314
7554
22599
800
2867
2815
2742
2726
134175
1518
1265
2410
1393
3003
1259
11135
15701
4800
2681
3748
66242
3364
2782
2845
9285
18934
2584
1464
2123
2493
16237
47921
1556
2134
1164
2277
5103
1966
24668
3642
3816
21099
10218
1692
1474
6131
3434
39641
22199
1279
7391
3039
19129
3778
1053
29778
2744
2616
4055
2416
1590
1429
1422
2199
2717
3547
30182
12362
1694
1094
11105
13828
4515
2060
2632
1928
3318
22968
3032
23389
26264
3440
3617
18762
2119
9498
27278
1910
1605
2585
1548
14896
30202
2420
1971
2472
3428
3416
2843
42268
1034
1665
2828
1151
1431
3268
35424
76133
737
1570
48129
3888
1577
47718
1872
33597
1302
58405
1420
6336
42510
10236
1301
1760
3154
3173
2106
3247
1464
1237
6650
25069
3300
12202
80162
1911
2221
1176
54103
1646
2637
2730
1696
819
8175
3037
2889
1197
19931
1389
2390
25698
3180
32201
1626
9904
1368
3720
1483
1965
2806
2208
2374
2299
1844
1962
1738
3138
2627
3063
14371
825
3375
2020
2580
64312
34752
2314
15568
19583
3544
2954
3217
2065
1847
33794
2138
2700
21261
1959
1898
2148
23229
1744
1850
35799
3792
3409
1792
3090
1917
1874
1264
38622
1182
44745
3812
8118
3416
15316
38400
3343
75380
40511
2321
2453
5832
3013
56974
2318
10477
806
2299
3484
22484
3375
9612
2682
958
1533
2187
2715
29593
7810
2951
2419
8850
3263
1479
2813
1947
3442
37789
2238
30260
1570
2684
2645
2757
2644
12255
2423
1534
2089
17133
4787
3937
1542
9385
39906
14479
1703
3122
2928
7709
5946
14269
2386
2342
1779
2627
65858
20471
2616
3044
4218
2630
9885
2061
4618
21083
2792
2507
2426
36136
4012
1968
27841
1352
2420
2238
1903
2392
2322
2251
2616
2382
2174
2035
1648
3332
3055
2117
3442
1106
2965
96211
1652
2829
13118
3822
1456
2627
26556
2191
3024
1174
947
2015
21551
888
2716
1774
2488
883
2584
2741
1311
4429
49214
2015
4096
51859
1514
2821
3377
2534
1324
4234
2285
2557
2657
1392
2856
1613
2544
6959
3071
3629
2380
54853
1848
2116
2543
2759
3072
3001
2493
2313
36616
2290
1862
2958
4831
28107
52143
22332
3264
11863
2963
69449
2763
984
8090
10666
20653
1569
3072
2395
791
2983
2916
28214
2414
30331
2485
2936
1313
2939
1443
940
3641
27001
2088
8498
1601
1771
2177
3722
1835
76815
3251
3352
2691
1614
30483
33410
2345
7087
2026
2330
1731
2292
1867
28469
3290
15824
14352
2532
1974
11158
4426
2648
22275
8235
3129
85324
87339
1373
2862
1757
742
70235
1737
19950
608
2917
14088
2480
2654
2856
2672
1857
2013
1803
94372
1257
23883
36011
2828
2330
3883
17626
8360
3178
2430
1562
1341
2381
2262
2500
2202
1608
1193
2378
3482
8141
11126
18305
3121
3025
1652
1969
2388
2639
2525
1445
14523
56591
8649
2619
2441
2341
24302
2025
1131
22876
2815
48846
3372
2683
12738
34107
2648
3268
27440
2475
1225
586
2114
1943
2314
1851
3374
2594
3753
10520
22170
2592
2108
18131
27470
3675
3073
1429
7949
30794
2757
2568
2776
2112
24015
2143
2590
1389
3196
1882
2969
1979
836
5029
1841
6518
1191
2981
6677
2905
3069
2670
2210
2587
3042
35047
43793
4578
2054
31554
2110
2478
3058
886
3142
1252
6521
1538
3232
1581
3378
7767
62593
2219
8197
2031
1414
1983
7635
3374
5432
2802
2946
14686
9166
8377
3141
2160
2705
1925
2148
3491
15007
7837
2324
13511
12958
6749
3400
3892
2305
2362
1368
983
2104
1744
17965
22796
2268
3788
1606
29938
3500
2255
2535
2409
1734
2193
3942
17429
13072
1973
51960
2308
45767
3233
2401
7827
1879
1866
1823
43511
13319
2437
2613
2579
2731
2814
39206
722
2738
2565
1369
4154
5822
1049
3836
2194
917
9137
1273
117821
2698
3461
5005
31988
9869
3971
6601
3370
1977
7247
3243
4497
106004
32980
3513
9434
2221
2860
3283
35000
2363
2597
3986
1582
2777
2165
8371
3455
2900
7573
2765
1871
27257
2396
2972
13799
34312
1061
1844
28647
3139
24716
23147
32831
21284
52969
1868
8046
1974
2702
16526
1706
31991
2988
1944
3746
1753
13758
12186
2415
42039
32184
35629
2194
2192
3391
2509
2658
14230
3315
36411
2304
2554
3229
78581
1677
39856
1831
3026
3408
1615
40590
2349
5273
3616
39068
2640
6651
12240
1822
4311
873
1768
1135
3826
13539
2589
7450
3993
2394
695
4352
2511
3626
1540
41407
8405
4567
1829
9998
2296
1675
13437
5018
694
3278
2404
3703
3500
3047
2706
879
2191
668
15053
1799
7573
1220
14007
2359
122454
754
3405
32295
1292
2911
2826
44654
2138
17953
3424
2254
1849
34034
21461
1304
1659
1226
1940
10531
628
7474
49753
2151
3878
2004
3561
4822
3031
2653
17575
3397
1518
2544
2480
37780
4889
10403
2287
29365
29720
2698
15322
2226
3373
3014
13059
15044
10925
1389
897
2516
19054
3448
2075
6445
1710
12532
30304
1597
2086
27141
991
2308
1744
1563
568
1695
1970
1292
2061
3298
5680
2826
2957
1778
2710
32418
1154
2095
3091
3023
135648
27681
1490
20473
8730
2648
10103
3093
3192
1188
2733
1489
1003
29815
641
1124
34456
22117
8575
3495
2298
894
2039
3511
2761
1368
2704
13284
2395
3213
2006
1670
1441
1453
3839
19921
2616
26486
1978
22547
1254
1742
22227
29094
27330
25172
2583
27422
6501
40262
2005
1865
2701
2951
66869
2603
2989
2669
4107
125956
9163
2590
2231
1231
2550
2604
2851
3590
2490
1507
3327
2211
17063
48873
18680
2316
2383
2681
156382
2986
1819
2058
45972
51041
2530
2205
7665
44593
24730
1292
3364
2525
2593
4352
3516
1678
2863
2233
3052
2599
2370
651
2280
2903
2867
27976
2369
2573
2772
1388
3035
95613
3253
14829
2494
3094
3186
1962
1107
2059
2363
1143
8063
24118
3717
3328
13615
3153
31499
1261
4787
30212
2934
1434
8730
2991
10951
2942
2780
2155
3009
2579
2984
1463
15370
51019
14718
2171
3046
759
2803
42064
6797
3151
53130
3014
2065
42437
1205
3642
31947
60636
3331
3286
2760
1487
2810
2177
13052
28005
1930
20321
1218
2071
32941
3208
23264
14565
2154
2344
2382
3919
12899
2163
2471
1935
2033
9289
33742
2714
1750
1851
4066
6206
1673
1828
1326
2682
2369
4747
3018
2004
2311
1863
33876
1688
3388
1383
3463
17132
2631
1190
2843
3283
3705
7595
1886
3035
2471
1207
2195
3406
2035
16691
11664
3234
3918
2449
37272
60605
3409
8802
4975
69133
17015
1189
1820
1642
1921
17265
2385
1286
2059
2067
1777
7915
3649
1163
51045
3853
1461
2464
2229
2474
3609
54703
37634
3395
2913
1565
1850
3053
4281
54372
2629
1546
7159
18605
1097
3334
1618
31022
25280
27634
2414
34235
6652
6962
118117
2907
2219
17569
5525
1048
29545
10143
2411
2592
3615
2879
15616
2869
5786
23116
3545
34363
106252
2181
1569
27134
137238
3932
66748
2852
2682
4221
2701
2820
2902
1733
2538
1971
1619
1619
931
2433
2848
1114
1984
1924
2769
2144
3221
14773
2811
2176
2296
3267
658
9348
9873
19286
37119
1393
2931
2623
1408
1872
2698
10502
3232
4746
1795
40450
2537
1491
24090
17775
2392
24484
8050
924
1820
1489
51072
6780
27397
3209
2608
50463
19989
129596
1029
1681
2268
3090
1853
2966
14259
1429
14422
3041
3452
54051
37793
2888
945
6786
3810
1067
1946
31213
1156
1968
1583
42601
1364
1190
2640
3048
3670
2550
2437
38374
3548
2694
55571
2781
1714
8988
40979
24229
44360
2150
20342
44294
2471
46202
1703
2841
2653
56931
1411
2901
3149
1816
82696
29902
1613
3345
19358
34065
3962
1032
8710
1657
1028
2401
61079
1419
39385
4066
1112
10243
1623
2003
2193
21842
2769
1041
2296
3263
3534
11237
61223
3025
1739
2632
20927
1200
3576
2001
1387
2063
45387
1042
1497
1269
1105
2086
1728
1807
2199
3677
2451
8330
37432
3311
28034
80795
6260
1656
2437
2606
1481
2542
1559
38250
3192
3269
3153
1743
1226
2756
29327
25237
18976
1300
1882
960
2982
3069
37965
127346
2883
67983
1100
1795
9683
3141
2429
1166
3434
3398
3037
6888
2104
1293
14998
2291
37871
1350
2161
1940
1091
1912
1787
2762
1986
14757
3827
1582
15395
460
37397
4613
35669
1359
2304
2429
3697
2448
1585
1891
2319
28876
15994
3102
2452
1863
2818
1725
4313
1966
4002
1585
2755
32317
32378
1716
78053
16232
5302
1022
2165
2087
5134
38092
9810
8553
1479
732
1148
2352
2348
2808
2266
856
1803
2907
2342
1623
2499
2208
10305
2649
7720
967
3084
1457
2669
1708
41335
11312
3328
3667
2304
3809
15961
12069
4396
35548
842
41148
3145
10098
2211
2986
2790
4527
2110
1495
41336
2332
16996
8122
3075
3812
42293
10970
1770
9779
10803
3998
2780
2664
6251
2654
779
11254
16459
2175
14487
4476
4311
42633
8057
2212
1817
3674
3104
10434
43787
3275
3092
1612
1536
3248
3001
2424
2296
4620
10925
1676
1129
3771
3043
44995
2339
17210
2341
3990
2818
1507
3678
1097
1450
3548
2580
4108
1076
3408
2731
16910
2049
23430
3520
60267
2183
4581
2506
1840
18615
3544
2973
1631
3084
1451
52451
2258
2653
1647
9871
2655
2279
6278
24590
13930
1430
1273
1964
2814
2061
2828
2470
11829
1174
2637
597
3566
12777
18399
3407
1662
29281
2664
7672
1702
2354
3668
2892
3954
3685
2299
1760
2372
2385
8687
22826
99559
1817
1323
3226
3267
1008
2719
2061
12183
2639
1429
712
1738
4652
4823
2171
9424
8233
43904
2147
17923
2729
2325
16684
2670
2378
67477
2606
2497
46340
1148
987
25882
4125
1546
19855
17380
3064
1284
3599
1507
25665
552
41900
22958
28062
51348
72736
3045
2806
2975
84090
2979
1465
2368
29676
33028
2065
1760
14560
68554
2870
3266
19824
1814
3236
3317
4183
3763
3771
821
2897
6319
32299
1642
3530
2531
24671
2979
2201
3224
2402
2721
3168
2855
2209
2724
2206
10894
2242
2495
14331
2987
2682
16028
1174
923
25301
2453
51147
11880
1969
9725
1340
4218
1442
35331
1837
9399
3467
2446
18520
3742
2963
2513
2732
18563
3178
1517
1283
2020
635
3881
49139
1543
25976
3350
16163
2735
11397
9593
2932
112410
4228
16071
2240
3476
19104
46166
1844
1943
3450
2166
22687
3740
1393
3433
13748
2110
2543
60768
2797
1509
2789
3499
2673
508
58043
15311
2923
11007
27796
3193
1322
2266
5063
43874
569
2889
1564
2899
2539
1058
2263
1164
2265
88965
3710
1826
2749
1987
2316
1481
3285
3498
2945
41202
2763
2016
85756
1341
2239
2308
38399
3111
2257
21122
2266
23548
14999
4601
1170
35072
2497
2725
30709
2448
2066
1677
1339
21949
2878
3052
20523
4193
23515
2699
2655
98653
53531
537
11223
1418
51987
1870
1125
1311
3436
6997
28301
3177
22687
44617
2233
23354
1943
2614
2686
3865
11711
3168
3050
2640
1493
4132
16524
1945
2276
3061
2810
18389
4407
3993
3524
2653
3340
636
2793
15530
2650
4701
2635
2901
19587
2619
2585
56366
1920
23773
2414
45749
3027
3234
865
2828
32105
3414
1180
3137
1668
2103
2172
780
1607
2971
2235
1517
2863
2008
4326
2174
2361
1593
32342
56558
7986
22974
3411
711
23067
1436
2663
12430
1135
702
2453
3966
1619
797
3702
2205
2430
1930
2877
11039
4014
2510
1597
2638
1812
2133
1934
8218
3705
1780
1986
3486
14057
16364
1407
998
3223
10087
20957
1747
3313
1986
9628
1717
60107
2430
2794
57071
47941
1007
4537
20413
3744
2450
2642
6128
24417
2059
7767
2457
2246
2036
4509
22522
2559
1051
3014
57891
9573
6453
29045
1429
5806
3250
11916
18468
33666
9348
3154
2415
16391
2691
44342
8432
1960
732
1058
1950
1927
2534
3206
1170
868
20435
1217
6673
12028
29748
633
40358
13837
23464
15125
1998
3047
2339
1723
65797
1601
1948
40491
2426
3448
2855
646
2565
3839
2506
2291
1208
1900
85816
16452
4214
133816
38862
2280
59205
2690
2096
3145
42159
1534
3184
2179
3444
2480
2125
1758
2289
2108
2651
1827
14525
3271
2032
1641
2488
2443
954
1808
1855
1871
2021
2269
45316
3703
725
966
4058
1715
43148
60017
2922
3520
2227
998
1358
2303
2853
2428
2757
3414
16130
13927
2862
31604
2404
2282
2851
1745
86688
3923
2506
14833
1145
919
2610
1190
4885
8792
1114
21855
8544
1946
19681
1343
2690
1415
2200
36023
3262
31325
2410
2994
16838
48568
15077
24806
3385
2235
1214
2356
12788
1550
1694
3003
3494
2574
15779
2498
9434
1203
51057
29861
2962
75324
1101
14848
2872
3179
1729
2506
2712
10649
2507
24764
12374
1789
3793
1077
2625
2483
28616
95283
10896
861
58610
1507
1782
49745
37744
1393
30186
881
7177
1682
2571
11061
3242
4119
2535
22593
10470
24573
3807
2414
1045
4611
34912
10052
1849
34774
55674
13760
6333
2897
2250
1159
3116
2503
3125
3807
5183
1796
1055
1405
4582
33291
3423
2076
1437
2258
1017
1654
2417
34917
1045
3121
107197
3127
8143
2665
16770
899
10892
1390
34463
3025
3494
7960
20767
3252
3552
1739
4861
1628
1718
2060
2329
1395
47258
2986
2621
19389
27238
1118
1845
2327
1845
60156
34386
71865
5291
37156
2368
2124
22731
1905
1189
2175
742
7095
1772
4083
27077
1726
922
2569
1645
2575
753
2117
3619
49536
10710
4564
1533
2294
3247
54819
2007
2499
10524
2161
8964
39153
2531
1421
1390
146278
2408
2668
1162
2459
1995
2825
2171
3040
3096
2258
913
2944
34183
2651
1929
1869
24398
2236
2045
62337
2006
2599
904
58735
2773
52397
26745
37340
13595
1959
1414
1567
1605
2461
1636
3794
1910
2795
2707
2631
2703
2679
25284
50917
39225
2077
960
4567
1112
1536
1581
41238
13104
1323
1479
1502
2616
14748
2275
1875
2894
12887
22584
37313
2413
1684
14338
2291
44973
1719
3397
89272
31438
3091
2876
1301
86156
1824
6191
2507
2391
55299
1199
1545
4548
2563
24898
11395
2582
1736
1836
2904
1379
42402
711
1960
13968
57323
2680
10420
3559
14190
45325
2681
1137
2245
1993
16474
4975
2473
3669
8660
11008
3951
1226
1766
819
57162
2193
19063
844
3077
12351
2087
20264
2384
3656
406
3635
16545
3751
2867
2214
21947
57775
687
2798
3626
11448
2147
41222
44157
14104
45880
2677
1655
1639
1851
9010
18535
1840
2470
2577
1614
9409
2887
34611
69838
1349
2795
1746
2527
728
2527
9758
24380
3277
2128
1048
2003
2537
2195
22765
20974
1842
1730
2278
2246
2821
2832
18081
23338
39830
2256
11774
59194
1452
1217
13806
2262
1244
1739
2369
1344
1838
2736
1919
2237
9142
2447
2001
2032
1922
4410
26586
2031
2238
41259
2862
1709
80722
2206
1280
14829
68664
35139
10638
20633
1927
1394
2325
2034
1416
17639
1322
6471
4477
2300
40570
29739
2822
1595
3166
26592
2450
26105
27575
1967
9278
2992
2986
2646
2854
1795
1141
2225
2306
21032
22985
7576
3039
16810
4237
3296
49748
3277
1907
55864
10385
37182
2868
1596
1587
2626
1638
1653
2561
1780
1930
2412
2756
1364
27277
15381
1371
1853
17111
41971
1634
14596
8323
2406
3316
2779
1219
2252
37727
2646
3307
14642
41819
1487
26150
37282
69866
3557
43148
3738
2208
2444
2156
2318
3199
3460
19307
2636
1833
17131
90945
2212
1078
4098
2203
1424
3128
3077
2407
3364
37650
3768
1584
37296
792
1221
4259
2183
2280
8159
2400
8460
2220
25647
14383
1190
1934
2631
1752
3110
2472
46945
1328
3160
2420
2765
2172
3216
2983
1177
60845
2676
3009
1853
1387
12405
1473
3163
22233
3447
4197
40843
2978
2069
2883
1709
2620
7477
4111
60744
2912
17065
1313
2249
1172
720
16920
1947
1776
28677
1653
26788
3898
1954
1847
51280
14182
2984
3609
5692
3023
1969
38739
3662
2008
8863
20449
1894
3088
3319
89353
2224
1074
2470
3373
13090
25777
17500
2741
18066
2926
3068
1597
1687
1062
49200
2009
2748
4373
16348
2635
1431
4071
1235
6099
2433
2556
2523
7780
3650
1217
65673
12686
2487
3224
2058
4524
2020
12314
1273
1253
1727
7784
13664
2683
2458
2615
25690
2974
18214
33307
2264
524
3001
64626
17056
2373
15134
1930
2680
43067
5843
3399
2663
3298
2562
20466
4443
16395
2076
2725
37681
2982
21902
1833
5655
2486
1830
1976
2815
3169
1152
2066
2699
1975
3015
2374
3176
13763
914
1778
27545
47479
1779
23061
1317
2619
3216
4475
20477
2373
3232
11824
30554
3845
2338
1107
3359
1007
2414
2182
1147
4237
3930
10639
15333
28618
3618
2922
55265
1457
2458
2984
1848
3188
4180
2335
1435
1910
2932
2788
1654
811
1702
28220
1498
15388
3134
3294
7431
22252
16852
2997
4435
4473
886
2610
2760
10189
3275
21456
1851
21751
29311
2819
587
1799
3101
27441
86110
2297
2491
3572
6662
1874
906
2094
1776
4445
1387
3297
55398
1200
11768
2236
56009
1964
2286
3094
3063
22531
2905
31613
2792
1689
6820
679
2141
1684
2687
75207
2082
1433
2088
11434
2530
1378
73606
1053
2824
47505
87350
7884
1961
10097
764
2777
16053
2449
2563
19833
1592
1698
17508
2916
1107
1692
3795
3185
1327
8521
69380
2870
3296
41499
3238
40883
3794
65751
1534
2961
3159
42252
3172
2019
3910
2127
1682
2665
3949
1955
6058
5278
2924
1868
33676
1657
67293
2728
1694
14856
2968
2880
749
2314
2340
27551
2562
3362
31706
2257
20232
2977
1962
15551
7464
70455
3841
1537
2994
7785
29084
3518
1895
2882
72456
112623
1106
17140
25873
1088
3074
12250
39697
2893
3270
1431
849
2250
2502
20248
1893
1300
1656
1563
6848
2174
3817
2349
25115
1769
1741
2514
1280
18484
17274
1860
31612
18521
23354
2484
1329
917
3112
913
24559
37510
16862
26690
673
87995
20417
11871
21119
1958
2330
2597
1806
24920
38120
681
2633
1193
22691
1105
16489
38742
6730
1648
2016
2202
2120
2543
81406
3133
3239
2023
43622
16133
2942
2411
32408
16307
2514
1730
2707
4124
2050
1404
3150
2056
4816
1311
3717
1817
2535
973
21222
2829
123789
2578
2070
9652
3122
4030
959
1762
2503
2784
8845
2101
2153
22011
3218
2858
2546
2164
2271
3613
1186
3160
3119
3047
14580
2888
2263
11617
35425
944
3354
3778
7030
33349
1534
2476
1376
2488
2142
8556
1074
2503
3389
2367
2514
5075
3476
1814
31612
3939
1944
5355
38216
2645
51160
2441
4527
2265
2513
1923
2249
2787
3870
3945
5653
1711
6226
2959
3764
1941
2238
12052
1281
19496
2837
1741
2045
35351
1903
1793
52830
17159
1316
2255
2414
4203
34300
31949
581
48552
43682
19933
1779
7715
9026
2860
22666
3064
50422
52634
9678
2204
2881
3812
25222
2357
6189
6193
1907
18283
2885
2913
1649
40014
45014
2519
20512
2887
1108
3273
2824
3361
2999
2921
3066
21991
12080
2656
3256
1789
3099
26786
7271
3976
102190
37499
3378
2232
3621
625
2890
15542
3254
1162
1988
963
1272
3403
2014
3316
560
1302
2365
3726
2743
17207
2468
2438
44315
2597
3042
1844
1941
2081
1772
52930
12951
27439
2172
25264
911
2448
4171
1142
2730
4275
123928
2911
1939
3788
94826
3180
2438
6673
976
2532
8831
15121
672
18432
7180
1343
6933
2393
2260
2962
3101
5284
772
1947
1461
7588
53296
3228
2585
3205
59122
2509
2348
1522
5402
2231
81089
3560
4121
1364
2789
3274
1151
46550
1828
4239
542
2822
2048
2143
3335
1029
2296
3250
3158
2367
23741
1866
2092
1699
14255
1359
29907
57913
1987
3336
1989
30258
28119
995
2046
1227
1415
2270
26671
2221
1988
1556
1086
3896
1951
1090
3192
20374
1877
1878
2951
15261
40778
3825
25579
2073
3072
10808
3140
2053
1594
1237
1035
2337
65901
733
1638
3281
8934
2170
2686
3172
3005
5247
2209
2166
5517
1172
7374
2459
1253
1736
1900
2460
3084
2444
2651
1853
2839
2758
1560
17036
1099
2745
3486
1984
19831
2260
23800
6186
2349
1986
1919
10781
2079
2846
3019
1693
16386
1610
19432
24889
8489
2945
31774
18284
2037
24934
18151
9077
3702
14880
15476
22010
1495
992
65486
1083
45271
2984
1642
5314
3272
2070
13785
1952
1850
2667
1373
2109
2997
1331
17463
1485
28030
1653
13135
2358
21269
1000
2366
2155
2557
1026
2168
3251
2753
1867
2314
1069
60438
2375
2715
3314
50810
1513
2758
3138
1874
2835
762
2130
1144
3072
44551
40822
495
2554
60381
10598
1921
22092
1674
14657
2532
34488
41091
42448
1996
2493
1110
1567
2454
3473
2750
2972
2075
18589
2542
22698
1244
17023
3457
2218
32652
745
27008
2088
3786
2745
38309
34606
1956
2511
1051
2959
21536
2781
14560
46222
546
2243
3784
2180
1793
1995
19326
65995
1398
3191
1556
1995
2082
2879
1798
7444
1220
2416
1014
3117
22791
3655
2237
1960
3131
978
2431
918
2940
1980
2663
1926
1602
5692
20787
1276
7558
1673
3331
1274
2494
1886
2149
2126
7138
2629
3476
38949
2983
2460
2739
3542
11917
4283
3085
1657
1640
6371
2228
2679
5585
3369
2139
6954
3386
2658
19029
1004
19267
2207
2906
25349
1318
2829
1025
2167
2534
1747
2711
2346
813
2756
2925
2077
4050
2393
13222
5790
18506
45574
3559
4400
2547
2527
1905
3698
31412
1973
2192
2308
1061
32064
1775
14291
3459
2104
1171
4928
3023
1780
1597
3147
1962
2606
2050
32902
2042
2246
14833
1347
2028
3360
1413
2483
2477
27142
13201
2356
2464
50721
1307
15037
2319
2757
2602
2629
11085
18243
35119
6173
2464
1518
3191
2595
61184
24183
45607
29775
2037
1194
12214
3010
2448
1791
1792
1871
1726
22661
68546
1796
1923
2743
2390
13966
55383
28041
1322
1499
20688
50684
1686
2322
69522
29423
2086
3606
9865
3883
1409
2208
3452
1702
2426
75988
10641
22492
2303
7694
1214
1383
3393
2678
750
3230
1707
1462
2265
3496
1854
2664
1349
2782
2467
1922
28764
2013
2414
16123
2790
2633
2017
1776
25417
848
1552
2736
2446
2795
4330
1149
14637
9509
27618
2573
2597
5840
6066
1927
4753
1777
31378
3292
3343
31392
53411
44365
1632
2538
2723
4008
87395
2397
10973
2161
3873
8956
73087
1357
109526
2918
2992
2079
3712
10948
1483
1765
2818
3253
20437
53412
9052
6161
2213
3443
3355
2153
3855
3957
15300
13159
2682
790
15887
1923
24345
1902
2053
6199
3300
471
2473
1701
42944
2436
15421
12224
1297
4300
30581
5097
40877
105100
14443
53025
2394
1391
32387
1180
2069
1629
3807
2039
2489
1331
1938
2566
2505
900
1762
2647
22348
2244
2183
2830
8252
25375
2624
1209
20115
2588
2160
19197
1808
22451
990
4843
1640
2249
5567
2138
16980
52945
23639
11134
26581
14216
1909
3027
1926
2775
44126
1281
11120
76867
2538
31832
1879
1593
6410
1074
1306
808
2396
7496
1858
1834
2011
1955
1777
28284
1836
1377
2464
1626
1920
8871
2886
1956
86832
1555
68589
815
1132
1483
4284
1772
3366
69802
9440
1431
1375
60094
3611
1946
1824
47092
1343
3284
1314
2445
2154
2756
14427
21925
1274
32163
16046
3100
1921
6937
60456
2877
8878
