35951
4183
41304
25038
17802
17814
34743
1180
9271
3181
2131
1146
840
3041
2183
17924
1474
1453
29719
1914
26274
1532
11355
2317
18845
2968
9315
37893
1765
2138
2195
39014
20100
3921
3219
7598
2809
4271
2572
1394
29775
425
12006
2535
1977
2719
2882
3385
4150
2607
13410
1093
1653
2071
1784
2572
1717
2570
19035
61061
2930
1940
1624
2996
32731
5596
2151
1581
11028
2562
15747
59638
3502
35654
18568
2657
8726
3460
911
1810
2548
3360
35080
13661
37961
2122
41133
1427
6195
3179
835
10588
5768
1814
3768
84173
4787
11005
2023
110840
2284
3253
13080
4213
30704
21952
2768
2222
37854
1581
3650
51273
1995
29794
4800
2035
1021
1325
2483
2105
70902
3029
1291
141967
38886
18566
54035
4395
560
10525
3964
53604
2404
2500
3320
1247
1205
1723
20892
29876
2331
2157
52398
82908
53254
3027
2294
3039
1681
2124
3736
4145
3518
1827
43001
65237
1119
46560
2105
102239
3186
2360
2487
27979
2534
2276
2017
3708
15646
4304
5664
2801
2009
3247
25777
2611
3513
2407
51866
844
4289
3405
2971
3077
11737
2231
10502
1746
91828
3086
2212
3500
5530
3635
1462
19984
2829
4535
25958
3710
100599
2835
3565
3007
84119
2764
2352
26191
759
2641
1346
3034
1926
2536
10734
40418
3501
25322
2390
29972
2928
4124
113105
748
6602
5792
11714
1867
3797
1486
11634
1688
1753
3538
2962
2976
2340
3279
1059
3650
57249
3344
3129
2018
1150
2805
1932
1681
2756
2875
4734
2716
4133
8638
3836
3296
70278
3994
2075
2995
3782
2032
2465
2761
15993
2093
48727
16395
1344
11873
10712
3669
3721
15071
3132
4459
3908
2277
3304
4000
7068
39787
3913
2500
4364
3733
25736
27687
3774
1177
1898
40526
2636
1550
3156
1197
3125
1408
26481
2932
2801
2294
2060
8583
71823
2134
2141
38594
41945
26755
59841
58854
9464
2165
2852
3242
1029
30506
8049
14732
32533
1701
4044
19240
3621
1792
3541
2926
2434
3082
2188
3102
7483
39742
47750
2874
3052
1566
2879
5685
33383
776
2498
2622
3175
1935
3150
3788
3072
24894
41014
2461
3119
2318
3297
789
1901
3661
3168
33873
2307
12355
3573
2507
2641
29330
4396
11443
57562
948
91099
4216
2427
1898
6308
3497
2664
3396
931
27589
2095
2092
2193
2279
3895
96086
2377
2145
2192
34142
1610
29705
2558
35045
56848
3216
1196
128114
9670
2564
2978
2615
2361
2031
1572
4280
3373
1994
2063
2828
1497
2569
4397
9303
2287
3148
10522
1930
2277
2363
2541
2656
2558
31631
2373
2208
1450
3615
5154
3488
1336
47613
2883
1122
3527
2905
2090
2956
3090
1648
3202
2190
2203
3829
2030
1704
11556
4002
3177
1538
821
3446
1740
1272
4445
1241
522
1778
696
2302
2734
2516
3753
2920
18311
7020
1204
41112
3172
2647
2881
3022
1265
1309
4845
157070
1514
14522
1528
1946
2632
3894
780
1960
593
2954
3101
2502
3412
4811
81434
2356
3691
45930
2682
24359
4363
47086
29748
22921
4919
1826
3831
3200
3583
64142
3680
2546
163291
1758
3223
7932
57692
3628
22846
53909
1834
1846
2864
1983
3338
3523
2659
1425
2100
59101
3322
7053
3146
3043
15369
36765
3247
61586
1233
3278
104176
8467
3735
2993
15721
82054
3073
1207
2511
962
2066
23195
10675
3195
1875
4480
2067
9059
2980
4408
4298
1571
3750
1845
3518
940
31998
28548
22401
3415
3010
3372
2073
3223
54823
2069
14614
2083
2910
4141
2627
1490
3820
2953
74306
4417
1424
2781
3117
3154
70499
2181
2602
2044
3964
2566
21351
3574
2304
1635
2124
30354
2112
20884
2753
2648
31977
2581
1777
4052
4331
2740
50542
3771
2839
3145
4014
1826
1803
33595
1542
25568
8598
1725
29025
3499
2059
2183
5272
3459
47997
68671
2558
8067
14455
1758
1214
2943
2565
3881
131170
3188
1783
5558
3326
4107
2879
3127
3172
2436
2719
2267
4237
2829
37929
2777
1390
18512
2268
3108
70126
6985
3011
1777
4976
4273
21005
30543
2333
78943
4410
25255
2104
11737
3573
1107
4441
3103
1413
16275
2136
95204
15098
48409
1934
72356
930
2452
4526
2968
5293
1356
3703
10902
2134
42599
1736
13679
1790
2721
3861
3499
3506
117602
3943
5205
1083
3375
1525
3134
2024
2727
39632
1822
61172
1640
2542
8103
39597
1873
1291
1614
1045
2279
2782
15270
35242
10150
2312
839
1436
2544
2504
2994
1895
3605
2023
2806
1334
4079
6632
2553
2374
2789
2735
2394
2631
1940
55623
1334
2366
19077
1882
2979
4841
1686
11086
28257
2552
1176
1844
1944
1702
3877
3178
3514
4357
1664
12098
1941
1440
3198
2582
24934
2509
1699
23322
2885
33381
4396
1615
2690
3009
9283
1186
2058
2537
5843
5512
61988
1582
16758
588
28965
26185
12182
3934
5349
2489
89977
2836
1354
4100
33144
2246
60858
78668
1492
4562
4278
21936
2710
3774
4129
2960
42746
19093
2307
25219
2007
1985
58231
19474
47396
979
3085
11694
3022
1432
2186
3729
3035
4403
10664
2834
3389
14218
2710
2936
62312
1853
30551
2132
3647
1611
3050
2972
1241
1387
1279
1134
2843
3503
3022
13065
2344
2398
15822
890
17566
25211
2796
2727
2262
22654
2427
2295
269578
34888
990
1896
10873
3414
3561
2583
26217
3312
2062
1709
5562
3673
3109
3201
3587
3489
25172
3783
34392
43684
917
1895
3429
2763
3128
2755
1722
1750
18933
9323
26104
1224
18338
2478
2917
44471
44708
1065
2946
2329
2726
1297
17654
51580
1023
8689
3431
4154
1961
3527
6370
44834
2683
1190
21991
2193
11879
6860
90808
1914
3513
3729
2956
2319
2224
3038
3778
3395
3215
2441
3122
2788
3608
2667
15254
1644
93541
82869
54378
14514
74079
19149
1990
3206
2467
3347
8992
3571
64478
23796
833
3891
31980
27557
3252
11107
45392
4246
1928
2173
3889
1300
21469
28384
4163
17390
1734
1287
5269
5099
2865
1210
1356
20121
3351
75565
3086
2604
2954
2371
33509
1227
3096
1926
3303
4376
21559
2760
34721
3635
3105
1523
2177
4461
10826
2955
4029
698
3059
2785
2521
23304
2072
10051
2848
1958
1259
1448
2320
113957
8873
2492
2102
2621
894
12323
2859
3512
3116
3415
2418
2476
25423
1390
2828
3411
3570
14351
25233
2615
3318
3366
2634
2952
24749
40840
2924
43479
29192
626
3595
1510
52532
12404
1946
2510
14446
1655
1128
2083
2910
23168
21992
2125
4242
10217
50243
1603
1929
3927
3255
23430
1900
12876
3640
1449
2457
2195
3267
3269
1640
1580
13554
1356
16103
1224
4410
27412
3376
1710
2047
1905
1004
2028
5223
1496
1846
2481
2286
18155
2401
1518
11633
6451
2310
963
1668
10022
3503
3298
23010
15832
3700
4572
2198
1955
69738
66814
2981
3397
20065
4473
16983
2697
2237
38374
2155
13140
63025
49963
5194
2277
13436
1471
1785
118434
2984
1417
1388
1944
3283
3097
8573
2714
1354
2528
4186
2200
40555
1354
2635
9379
4443
2157
1111
3241
11871
3376
4163
31987
1736
2164
2553
1711
2116
1415
2403
4186
2239
3270
29463
3717
59169
55213
3350
2879
4203
3392
2637
1890
1032
15410
2582
2910
22171
2749
16169
4070
2659
3608
5638
3684
2670
1985
2569
2004
793
2067
2870
2322
4134
42221
1784
2731
1325
2511
1209
3251
3332
5085
1342
1398
6814
1891
2987
3762
23802
9572
6406
9920
1111
3278
2936
915
3102
3292
16950
2520
84374
11565
41350
2879
2921
2908
20376
2976
7910
1468
11276
1587
1123
125518
18860
18014
2717
2767
2548
2872
5614
30045
1986
33912
70891
2803
3070
19936
3193
3461
116007
2151
122457
2627
24751
3110
36262
3427
4312
14395
13161
3464
3409
3933
2805
2060
13102
776
13249
3407
3121
3033
9503
3030
2609
3358
2361
28746
1298
2669
1970
2528
2462
34368
1912
2722
2326
1358
2103
3657
1500
24557
1730
13847
1962
788
3234
3395
4420
3787
5215
11709
26843
18329
1091
1856
25514
3824
1886
11697
24903
28114
26625
2294
3610
44966
1577
1093
2279
1136
3460
3493
2737
1111
2884
3883
4250
40803
16143
2702
1298
1550
25664
18945
18292
1192
7301
1994
3661
12232
3065
5122
2395
14134
1650
6785
1097
3206
3948
4014
9667
14050
1902
3235
3007
1950
2370
3248
25052
3323
2964
3474
63343
2091
1830
1631
3537
2047
2882
8075
9390
36400
21675
3183
46341
1634
3358
32816
2022
1054
2628
1539
1480
2360
3005
1108
38069
12944
1888
2275
2367
62916
1507
3386
2259
926
56074
2800
6984
2193
1763
2990
46733
12596
3622
3241
48768
2708
3745
2697
939
1420
1614
2303
2642
2196
4674
16421
31265
907
3628
9222
20989
89330
3898
29840
4082
1289
3914
3362
2643
1385
3202
6438
44507
4731
3952
15029
3201
1261
2411
26907
17723
2425
3094
16898
3369
3671
195894
1681
3203
3388
3119
2150
2729
2330
3520
2791
1825
1467
35413
3570
2076
2809
2429
2368
4982
11551
3204
1749
2281
2716
2204
1626
2455
52939
4070
2516
3553
15339
26395
3813
2567
2764
2949
55524
2572
2146
2414
4268
29102
89087
3017
3636
2704
32102
3234
78012
2609
2990
15120
1771
996
1077
2775
2025
12898
43885
3249
27414
23836
46663
13527
1810
2461
2024
46793
4266
1545
3183
7571
17769
4167
4287
765
1116
63865
2312
2896
12977
3086
34685
2630
1866
3560
12945
882
2606
20596
3156
1835
19489
3113
2796
900
3443
8839
2346
2490
3493
1817
2534
1384
25125
2468
5076
2090
11702
1276
2603
12220
3245
3921
2669
12330
49363
78887
19677
2077
2635
2698
1342
2733
19404
2654
32890
3171
636
2435
3146
6749
3188
2213
15572
1249
2107
2208
4043
15178
33070
26502
2245
3507
6540
23371
3540
2342
3350
12130
4288
4186
2932
2952
2400
20469
1251
1831
1313
2094
2447
1908
3077
50506
6064
2993
19931
17469
3556
2801
2967
1975
1614
3742
14905
3937
3255
1969
3624
859
3442
2072
15035
26778
979
2373
4163
22828
2166
81998
10928
2123
3381
64144
2839
2915
32760
1706
14921
2569
4482
17712
2993
54092
18859
1502
3787
3085
171901
3706
47579
3430
2675
3988
2477
12100
3180
3707
1854
7145
5530
2901
1572
2502
13580
2826
3436
3183
1181
2282
4399
6176
1806
2367
1870
53293
4604
991
2508
4204
2271
2735
15947
18953
1129
2978
1869
2050
3307
1570
12935
2865
19481
3009
2320
4352
3852
4996
2537
2054
2989
1692
3431
15196
41856
2619
35942
7363
2575
33994
1257
3315
16500
19498
3177
43660
2570
83268
17692
1944
2445
22885
1761
2015
35050
3637
19378
12114
1665
41708
1693
3670
3323
1654
2084
2475
3534
2405
2957
2084
1519
1762
17615
11874
51462
31662
2581
1578
1904
62501
2439
2790
1960
31340
2195
75976
2729
4400
2392
3364
3046
1790
3919
23010
2107
3061
17590
31239
2681
2645
2278
2667
859
1064
3063
1783
4141
1841
3225
1727
2718
29817
1432
11334
17499
2234
2506
23618
32391
1168
35163
2173
2889
3892
2793
2324
9698
43672
2644
1988
1522
12738
2552
11797
2619
2589
21105
11500
2981
3905
3300
3597
2196
7064
2617
5123
3858
1998
16878
1522
2858
1227
4535
23400
2174
1497
657
73683
2834
4430
14097
1018
4368
49789
2519
2567
11495
2407
2490
1159
9596
967
1721
2518
1612
1709
2374
14460
4329
36901
1659
1535
3362
3269
14880
74124
1556
130310
9766
2765
12091
32261
1708
12108
2156
3597
1874
22707
1199
44840
3282
75428
2041
44199
2700
3386
3158
2616
3058
963
7766
1728
3471
3374
2109
3384
53142
911
17831
11623
46495
2139
70527
2739
18182
2988
11543
31044
21415
34587
3817
2756
52839
2342
2107
43016
813
36141
3242
2648
27576
17863
22641
3343
3941
43744
21588
2865
50457
71965
30376
1811
12057
2355
1888
918
2071
1848
3544
6339
1510
75686
58663
2206
2687
3617
86476
9443
5037
59093
3867
20924
83736
706
4375
61757
3201
2824
4621
16491
2898
41773
3738
707
1964
10657
54863
2112
2663
2062
3104
8948
2050
1080
2241
5964
30628
981
4546
68284
1920
6340
40459
1997
2566
3976
27429
2836
3390
13969
24061
2229
25558
43343
52709
2579
2910
2353
2664
2023
1027
5354
2627
2645
1478
3548
74457
1431
6584
56114
3583
3529
9542
2750
3551
2670
2021
24599
66539
13895
21910
2239
3794
109639
1410
1882
2103
1736
2314
3241
9650
2071
19444
3217
37222
4257
4014
3062
2674
3117
30324
9489
2062
3737
19145
8564
3078
15965
1334
3145
2384
47560
3869
55485
2193
944
1261
12921
3270
8883
1329
3324
12832
2425
10476
3349
2720
1864
28075
2507
2033
1191
51148
1620
63494
2452
1966
3105
3286
23083
3858
3474
136523
2513
4093
361
5169
5282
2502
3446
37031
2430
3010
14683
16279
948
38166
1480
3202
1888
2338
65706
3077
74620
2048
3558
31607
10073
1659
2378
2744
2140
39331
7598
2435
2387
1236
2647
2608
2612
3159
55205
1155
2665
1345
1138
2414
1740
2647
41730
2934
3318
2769
3018
777
2612
2821
29655
2322
14421
1357
3171
22019
2930
3049
2249
2078
2035
3868
23174
1709
3839
29983
2823
1565
2504
18832
16413
2489
3947
126527
2917
2967
14581
3125
15407
1603
60240
2868
3181
2070
2302
3115
3235
2189
24821
2147
24508
2168
123152
16490
3624
3216
2272
2114
2803
2735
1369
29318
4710
10770
1968
2888
65613
2507
1909
1607
1224
3648
4980
21236
3020
95201
12749
2434
27332
38075
1856
2592
1730
22740
2079
1610
25994
14073
2656
18249
1879
17666
2248
1935
2022
3298
3311
1583
28320
1378
2337
2721
41627
22670
25174
3182
29264
4506
23226
5558
774
3366
2975
24038
3702
66595
4009
92835
3475
3799
2460
25851
2754
4197
3817
1209
99612
3316
3296
2792
3403
14501
2561
3966
2553
2970
4342
2590
1396
4841
1598
2035
1690
3864
28231
1064
4530
30818
7638
25486
8028
3110
4128
3138
3127
2419
1564
3745
14762
2899
3944
1342
30629
25604
1748
13840
1888
15632
3985
3461
24839
3176
2739
3652
9068
2958
1744
44994
2772
3349
3195
17605
3617
8562
17285
4438
2338
18769
57810
1414
2228
2332
11550
1690
2605
34900
1476
33150
3158
18938
2599
27503
2680
88522
2341
15137
2628
3245
1521
4497
72581
138702
2590
4240
908
2753
23796
2625
46585
3901
1342
2098
23764
36365
2745
24075
2686
3089
958
32075
15285
43451
961
2991
585
2620
3040
3747
14628
2978
27024
1185
3207
1033
11680
954
2004
25944
13063
1939
1727
3040
3301
3502
11402
27918
8298
2074
1781
3270
4795
2239
12130
32641
111110
1351
14314
47641
520
4662
1971
3446
756
2407
2849
1599
5001
1169
3446
2587
3393
2326
18516
522
3590
1086
2519
3504
1969
25368
1557
3139
21357
43283
32095
32526
33496
54652
2733
2308
3957
1294
1807
1821
20231
23627
10841
800
63699
22433
5715
12749
1334
3626
3009
18035
2803
37759
3611
3041
9085
9506
1938
2005
967
33346
33763
2419
14891
2818
2075
2168
2315
2262
3661
3097
13102
2750
1845
2408
2416
6800
725
1506
2562
1721
2917
38258
3277
4125
13600
3204
2065
4066
1789
1900
3028
1427
7482
65379
1703
2324
4285
1552
1329
56677
26934
2535
2636
2987
3080
2151
4995
27725
18414
1949
9374
20678
3480
2742
3767
2418
3375
2940
44284
2349
2164
3169
21464
2856
1880
17255
42704
23114
24996
3023
1752
2021
1854
3277
4624
1836
2963
1841
25175
3871
17533
609
3553
4828
6811
3084
2145
3907
3148
2584
48514
1288
2653
4074
32247
2257
2802
1887
2078
56051
17680
1792
3160
72383
3614
2215
18943
2622
2573
1829
85353
3256
1773
4351
3507
4073
1448
15604
3550
3673
48976
2359
3231
3964
3076
2773
1926
1077
11272
2894
2745
2766
2915
2268
2125
3391
964
3294
64847
2555
2780
625
4296
1672
3228
135447
3507
2825
14255
2199
31263
2646
4848
98881
70371
3553
1981
1738
3191
1880
27405
3744
28174
4626
2555
2371
1770
3464
2685
45859
5069
20785
32219
1647
1100
3254
3053
2867
1985
2631
3563
995
8641
66048
3318
2101
2452
2294
2863
3789
55008
2305
3284
3904
1574
1422
22847
2578
2379
2400
2988
1212
3185
2565
3126
3010
1256
8103
3034
4219
20507
2047
806
1913
3981
1205
3525
39619
2699
2477
2430
2164
3737
1640
2866
2645
12925
3265
1860
10992
2354
1404
3939
1623
2197
3883
50632
187407
6573
3405
4094
2560
1084
8457
4016
3840
3845
1995
19268
41605
1713
3515
4003
3209
1313
135683
1667
6464
2519
1815
3582
2210
45885
4397
2925
3141
3066
15232
3530
2850
1427
2265
12268
2150
3251
2512
2870
1234
10751
3921
1896
1875
2985
1117
2782
87029
2166
16036
40793
23111
4823
2563
22824
3460
2906
3325
2831
1493
1864
2745
32399
70757
2226
5179
3253
2572
43057
2292
4043
3377
3300
2053
2369
2767
1734
799
2486
35505
2720
12688
2750
51290
2986
928
15721
19004
3568
2665
3303
13755
2626
4110
2562
2267
1425
14257
97180
51078
2043
1940
2295
2666
1533
11810
1703
1572
25164
2274
1878
9375
2650
1221
3833
3197
3598
15404
1078
5125
4922
1219
17428
36169
3667
3620
6413
3929
55567
1771
18337
769
41965
2833
1883
2388
28851
1088
56544
3493
35221
6946
1028
2044
2244
4045
3329
3463
2899
2402
60443
16045
22936
1300
2685
1271
81670
38383
4168
3056
3598
2631
30415
3078
32528
2026
26328
10352
1634
1775
39294
1883
1955
680
2845
28378
108567
3304
3665
2797
1158
19294
2941
63590
3363
3608
1551
47598
61400
2718
33917
976
3980
20842
72191
51587
1604
3226
37588
2632
17316
21381
37420
3038
63611
3956
1093
3462
19760
8168
2705
3658
52519
1385
108361
2442
4935
3868
4156
1626
1357
2988
2169
2681
27376
2744
32997
2300
16848
1615
34887
1884
3865
2351
2128
1077
20961
2598
1846
35197
6081
1664
2874
1629
1166
1003
1763
3754
20345
3487
4436
1538
3099
2980
2420
17225
2356
42221
2862
1893
52272
18568
2772
2993
34098
53466
2515
3053
2081
2061
2398
47817
41845
2027
6532
1820
3052
18772
2927
3721
53820
5786
1809
27293
2039
2019
19429
2880
3078
55540
1275
3375
3893
2979
6561
3925
16653
1670
1200
2610
4047
1864
1284
2403
2670
1683
2471
82742
2863
10942
2821
3207
116847
4585
2804
3189
32430
56871
6410
28727
2930
1094
2641
3356
17348
2697
1777
25161
2649
1321
7927
2693
3176
23050
2660
8157
2521
1844
49301
2705
54516
1674
4022
5259
42175
55008
2228
2166
3780
2974
1714
3012
4633
2711
15868
3346
1495
1529
24460
3466
1617
68001
3097
2806
1116
31113
1967
3749
1799
2083
2151
2319
3248
3345
3292
31351
43226
3552
2321
20296
703
36136
2509
3046
42149
823
1938
2837
10398
2301
2796
1933
2870
2747
2806
13809
3144
1463
8399
2283
2298
4105
2136
38159
3500
2163
1350
1494
3095
3987
3230
3834
4221
29794
2407
3463
1268
1613
32071
2464
24354
3106
1955
30266
2563
3299
21901
10480
2967
2306
3573
1402
1412
2819
11530
3762
3709
1315
1684
1074
19710
2196
1838
3851
2953
69401
1785
2611
903
7618
974
50124
3184
34531
2879
1556
2848
2193
3476
2438
2907
2162
1979
2223
3286
1613
1322
16756
2286
2365
27694
742
2095
42241
2879
3675
51139
1992
3604
1748
77325
2029
1882
3138
2186
3055
2775
3257
3785
3754
14637
3267
2832
1094
1697
1243
3013
2761
9292
2631
14012
2532
2252
55285
1413
2668
9403
2782
3580
2065
12034
1449
2348
12483
2047
3466
7016
4501
3079
3017
36647
2404
8404
2034
1494
1645
12734
10821
21425
1564
12893
3855
15706
35574
1862
1618
16561
2076
1956
3420
64288
3251
1422
64907
2197
2304
25327
1127
1162
12628
2878
2822
16662
3973
2648
4488
3070
9857
8703
783
1894
1441
1071
3200
1380
2588
3143
91359
1034
2814
1347
75756
1959
1720
3651
9751
2005
115351
2418
3515
6069
8195
2126
2090
2764
4294
2738
2960
10698
7968
7308
19747
2150
1367
2395
2329
140040
7035
2549
39934
9925
88091
31926
1741
1943
45260
13810
70915
1344
1820
3230
34792
2171
56152
2497
3803
3167
3737
28995
21609
53616
11789
3618
3003
3572
91093
2505
2857
691
3562
3136
3095
2011
2518
1360
1872
33953
1513
49824
2687
2404
3478
1859
2189
2352
3851
18899
3119
1344
2540
2049
1776
3371
15007
2614
1221
7509
3161
39582
18275
1371
2190
3841
1661
53855
5992
2494
3967
2956
17491
7901
60894
3937
12063
2561
3999
1300
1244
3385
21497
3961
12284
1289
13846
3150
2834
2091
3339
36022
2680
1654
3338
1317
21123
1397
4979
2706
4290
3224
1557
24846
44002
27571
751
3598
5394
2593
18780
17316
36458
2313
3649
6988
2696
68287
3441
1557
1957
89893
22312
2076
2180
1118
2045
5616
2228
4458
30089
3215
4861
1783
3873
2497
76585
1648
3856
3895
6703
2018
7943
2838
43485
2020
9922
1852
3112
3013
3014
2929
37409
2371
2789
80218
9617
1624
33418
23117
30752
1798
17711
32402
31328
1913
1441
3153
2377
3017
4402
587
3436
1995
2534
14914
4391
43575
8272
2798
3137
3366
3892
2260
5190
12868
10987
1260
285810
5813
6129
9321
2511
4517
2324
4062
2368
1286
3136
3995
1605
2147
2000
3126
38211
60406
3356
3034
21881
1253
1514
1503
4347
12498
10870
2887
21099
8194
2236
29465
3062
1467
2390
88173
30156
4532
3165
4690
11265
2892
1816
1591
3481
74576
2703
1154
14342
9214
730
9039
1541
2293
2888
13334
33777
1801
3048
4485
757
3658
6632
21475
1574
54691
1124
22512
5359
5450
4227
4084
71881
1355
4068
2649
14585
2979
2221
7701
4026
1448
2307
2200
2362
2734
3031
2048
972
1216
2436
698
7864
2372
3881
1375
2017
1187
2395
3545
3620
39857
2899
1442
4250
2901
42513
3326
14216
2783
1889
29874
3357
5940
98668
1524
10181
1544
10657
1617
4052
1375
3128
43542
1990
1217
37172
1434
2146
1186
20621
2829
2766
52469
4407
2367
2402
2451
4084
2998
2835
3024
1934
2534
4056
21138
3988
3307
3308
1435
4133
19415
3960
8374
1569
3298
2020
17456
16282
4281
127162
11404
1315
33514
6902
1258
3399
3549
3848
1437
13115
47707
3325
819
3005
6269
1770
3083
3630
1315
2076
18134
2339
1727
28777
2196
1843
6030
3523
18237
2998
3128
4335
55810
4532
7984
982
3091
36422
2675
2877
2091
2982
889
13905
94394
2722
2865
10915
3507
61416
2771
1016
1259
30717
15015
1971
1903
46170
2247
2990
2075
75888
60273
2199
896
2052
3116
16045
1489
2231
2253
22352
4976
30917
1900
3277
60038
2800
1856
1247
18307
3150
2433
2117
890
7137
1724
3139
3319
1971
3615
7499
3311
26039
36001
8803
27391
21724
2751
2776
27544
3918
1911
3881
2893
4631
2481
2120
2073
2171
16986
4583
2511
1100
3305
5006
48953
2850
1563
2122
8052
3259
2917
4029
2725
2740
28357
3200
1712
3976
3343
1446
1572
3059
25471
1309
17610
52174
2831
2398
15972
1835
14896
14705
3036
4590
12294
3461
1890
1592
18554
3134
3305
7142
2013
13534
648
3804
1201
2875
22646
36282
16399
1094
3066
48570
1468
1553
49129
4614
3273
37009
2090
1700
3200
25261
2379
3036
2832
1157
2304
11210
23647
3389
37530
18917
2559
29100
10423
2036
2367
2988
2618
33440
23698
3053
2997
881
5157
1073
39271
2626
3789
1996
152464
1937
21598
43750
37223
3427
124563
81469
2478
2234
2992
2090
3298
39772
1226
2983
19989
1865
4282
2987
3977
2327
14393
2739
1941
44578
65794
2093
2285
3010
62501
18921
2128
3312
2577
1804
3195
25360
36513
3210
3874
2271
2977
2632
15000
3643
3488
2328
2356
2869
21603
1114
2289
2990
3345
29069
3606
589
15196
2534
1876
1541
20581
12559
10355
3209
2145
3571
8407
3077
2344
7622
3324
1404
3164
1165
27051
7275
2028
2736
71634
21114
2285
102054
2769
3672
2597
3375
2074
3209
3117
10794
14636
68445
2061
8255
20381
30587
10526
1438
10391
1290
127517
2094
3340
2858
1530
1256
30102
1598
15778
22043
2670
2269
35930
2809
15027
1595
9739
9271
2207
22468
51483
1828
2685
805
9605
3206
2493
1535
13069
1720
2666
10505
2394
2439
43461
1948
3296
8863
607
2363
954
2324
2102
1410
2782
3371
1270
1167
1584
80216
120025
3479
2294
1122
2442
37118
2688
2305
2281
24411
1499
2842
44357
1934
1065
2010
2075
1944
2912
3241
2836
6112
3167
2731
1639
3286
1346
4366
3272
3223
3279
7406
1944
1206
1121
164722
1377
22865
1191
8311
20241
1371
899
1314
1626
2492
71280
2446
1870
1449
3691
1091
2803
56649
2629
3543
46848
3847
4218
30051
1209
2324
2800
3519
74996
2597
28529
3963
5466
1371
4210
4191
3177
3831
5341
2002
1958
8231
2500
3355
3296
1459
72937
2626
19478
60079
92675
21960
1887
2138
46166
2291
1245
2300
1910
1040
529
2046
6063
93566
46293
3526
3097
4097
2784
2914
2636
3514
9234
23677
2156
3799
41582
2165
2312
900
2532
2361
29401
2643
2544
2310
1870
1699
2825
3170
4146
3438
3322
8089
2664
2767
2092
2834
2447
3818
1697
31419
15350
3275
12599
27426
47241
3394
2123
5224
1149
3163
2725
3447
16315
2536
2962
2107
1466
2663
41188
1293
1356
8956
21746
2133
1681
4449
30989
2901
3043
4128
2691
2231
17700
1246
3067
1082
15171
3661
3760
2354
2791
2403
3219
2895
2916
31343
2784
3888
2937
1898
77309
1625
3021
16093
4449
2101
15343
4113
2816
3305
2965
1908
3530
3846
2474
2932
3511
1689
3181
2969
27804
36623
7361
1155
2553
3651
3823
12941
3716
3018
1511
1510
2256
1574
3062
8975
15690
3374
2163
3004
16184
2995
96903
5084
3465
3006
7963
2661
1860
12883
14511
1399
1909
16062
2125
1876
2517
17103
2517
2580
3556
2776
27710
2242
2765
2952
5254
51223
2031
3409
14921
3428
13654
20797
2485
2870
1718
2173
17212
41518
59109
54753
2546
21818
51804
1306
3070
3450
5132
936
11266
1744
23729
3682
63364
3396
42561
2159
1637
13695
2753
2203
2360
3296
1034
3531
3454
3552
23604
29007
2325
1853
2143
51524
3369
641
40407
49348
79060
3148
3684
3891
1978
2653
6512
2867
20669
1816
2114
4365
6364
66082
2994
1991
23679
70856
23206
22461
90418
2948
1924
50373
2330
3294
910
1813
2021
2753
26907
23736
1126
2126
28260
572
5051
2439
1334
11741
3865
50850
12837
3430
1269
2973
1554
441
6529
38952
1975
4278
44050
8460
1554
3334
23416
3339
9427
1870
1452
1209
2483
3278
2279
1464
38517
3325
47326
31904
5890
2810
2589
1514
3580
11532
43480
910
16628
49309
2975
2087
1689
23925
1744
1502
1179
1849
36078
2431
58245
2341
2910
3088
18245
15818
66145
2305
2641
2238
38880
2856
50623
3713
1574
2552
2497
1247
3751
10010
71628
3264
2949
56000
3445
1777
3512
2589
1698
1304
33488
117548
18449
886
1894
19433
3321
3137
3810
4057
20040
2708
1991
10324
47648
1810
26694
2344
3186
2133
2021
1516
1716
2672
24345
2261
4529
2964
6693
3603
11040
2395
2807
4019
3192
1377
75591
1569
3005
3339
25152
3975
1758
83952
1594
1611
2754
33867
1878
3499
3379
3510
4528
52127
7735
2649
2746
2390
2779
2831
2640
2388
25394
2397
10322
2717
2356
2432
1931
2807
116673
2905
3095
1757
2079
10102
15848
1927
26785
2875
2901
5018
14807
16619
2191
1942
5434
1940
11301
2395
28560
28603
2484
2321
2039
2073
3094
52889
33129
3076
4021
2010
3141
3165
1449
2512
2702
94727
2878
2063
51783
3866
1866
2734
2448
3769
2921
9904
19887
1094
3608
5049
4446
3135
8165
55478
3354
34602
43455
39493
1589
39350
46637
153516
1605
2246
12338
1542
21397
3507
2199
4446
4577
2301
2528
35666
4347
2130
2441
3158
12111
3014
2026
30793
2713
2001
1686
9389
25627
2229
12690
2219
1028
1810
12154
33566
8340
2975
75441
1326
1843
2940
40650
1382
1562
4307
2644
1372
2387
1566
1518
15083
3149
3267
5040
2363
682
3776
884
6346
1700
1604
1673
1357
2359
1522
17265
8107
3974
192403
2646
2884
4219
4036
12862
2485
11358
10553
7916
2206
4791
2324
2821
2994
2450
2032
26894
1765
11423
13861
4482
1580
40554
3229
1723
21932
3479
21939
2036
3546
2475
1580
2177
2912
2794
2823
24856
4186
5056
3122
22715
18995
40558
3436
3208
35969
1529
4717
36969
1385
13919
2497
4254
1320
11437
14460
1182
3392
62729
1996
3160
33837
29454
3216
3029
1858
4434
3876
3165
13912
2767
1951
2896
2820
2523
12404
2865
3060
1981
3103
2054
1813
15413
1277
111700
1542
2647
14995
3375
3036
980
53689
5212
2828
994
2193
13072
1693
1972
3142
2604
913
3113
1608
4142
2038
3170
3254
71855
16492
9337
87571
5584
1227
2497
19619
8999
3915
3640
3087
2137
15905
3732
13268
3964
1004
2022
3162
3625
12879
10178
2086
1040
1742
29643
484
3698
1385
178691
4544
3394
59926
2170
2369
3182
1408
3303
2595
2238
68024
3248
3811
3100
4605
3665
3558
2677
2540
3020
2260
8265
2052
2757
3687
1891
46663
2639
1851
2089
3793
73587
10787
1910
20260
17062
2560
52186
1904
10191
701
3094
2580
2144
1906
13317
4352
1711
21491
2772
3345
19173
7403
2945
6489
4801
1348
3477
1843
2222
2776
13414
40326
25756
34819
4383
5226
12525
11527
3320
2139
21899
2781
28591
3383
2161
4091
3510
2489
1960
2400
75078
2103
56234
2127
2417
8424
45237
5473
2122
1992
17879
2624
2036
3244
1966
2171
3124
30021
3087
1263
1739
1622
1848
1568
1921
817
3916
12855
41174
3021
4228
3579
2126
21293
11447
48118
2071
3076
3433
7408
3135
4192
2167
19235
98724
1685
1057
12439
4048
9548
12215
3750
3183
2953
901
35227
3193
5507
1872
1610
632
1900
2211
3044
3416
51301
11091
1888
1461
2842
14617
1516
5417
1799
3402
1583
3558
1504
2186
44853
6723
11462
4304
11268
34957
1572
1693
25988
2960
3452
1146
53803
2737
3093
25077
18464
1013
3987
1603
17527
4259
38324
3326
1421
1845
6678
2505
2784
2634
2244
2433
864
2842
28207
3254
52545
2640
3534
68671
52163
2068
9504
2137
1895
3242
47433
1680
1062
1456
1829
1692
3004
48526
3407
1435
1877
1372
28808
3491
12034
21635
755
1608
2632
29588
1798
20274
4043
2598
2901
2846
3551
31382
2344
2732
2301
2970
3242
43069
68574
26718
3220
2184
2074
2450
5232
3576
2665
2836
3346
2456
2218
13675
31364
30782
22454
3576
10320
24869
2712
2297
1800
4561
21459
2969
2012
2547
3346
2109
47098
3509
14092
2519
2639
44772
11665
679
10544
53865
2802
6634
1135
1321
4321
3468
2687
3140
2659
1702
17250
27985
44220
3883
2162
5076
3129
1769
2269
27705
9557
3467
11135
4658
2038
2394
1988
3162
3454
6812
2126
66267
1510
4269
3648
2819
2811
3244
2897
3217
1825
2620
195837
62990
3768
2400
19306
1015
103490
9513
17858
1018
1893
2019
2272
1657
2991
2691
1538
3636
1152
1803
2133
3467
1469
2629
2156
1106
1003
2380
25113
2407
1856
3154
1348
15871
17158
6929
30609
7612
8633
2156
2628
1862
1115
1899
3480
1817
1761
3143
1201
4185
3251
2698
5904
1174
68112
2014
1940
2213
1727
73188
3315
24434
1367
1756
3298
2444
3252
3433
3931
981
976
50584
4384
4974
3248
4035
3518
4035
6719
4249
1389
1906
3140
39518
3352
2787
2336
13892
2928
85768
1150
2188
48610
1794
11041
1566
8000
520
2441
2038
3142
3767
1542
4391
63580
1688
1590
3165
2870
1660
7648
24201
2550
1284
8158
3122
113397
36790
4310
3553
1778
3026
1714
2204
1035
3491
130177
3691
2387
2091
4025
3036
3544
983
1641
1702
3246
3651
86980
2058
2941
2906
15191
14799
24153
3961
11918
17169
2988
2026
25169
2251
18638
105021
3214
67460
2196
4676
3160
3150
1435
43061
1019
66948
2981
1835
3372
3933
13679
3113
3179
2770
2304
2850
5136
2980
2945
3796
3390
1641
37198
2329
2925
2382
3484
3784
8345
74724
4107
3090
10061
4906
1982
3041
35493
4176
23466
19483
17277
2419
2310
2874
3724
2524
56271
1235
3596
11387
2108
3295
5656
2949
2591
1923
2586
1462
1149
2690
11785
2495
2202
2410
5496
913
1194
32270
3363
1726
69708
7707
32214
4552
34129
9837
2489
20281
4332
2511
2880
3322
3822
2963
2498
1715
1880
1986
3261
2925
78365
2998
1725
41344
1411
19066
61873
5087
30917
13070
1022
2868
4080
17460
3685
3016
3610
4445
4362
17671
51364
1811
63508
1343
3981
4596
785
1776
6862
2311
34470
1893
2381
44190
32212
2723
3244
1760
2711
23665
2706
3475
3171
1401
3017
1452
2041
2413
3194
3397
2792
64721
82422
4635
70005
1186
2036
1632
74438
36645
10109
11458
33120
3326
1329
77089
3552
3603
4034
4349
1811
2134
3115
29659
3127
1982
2310
2357
1562
2764
2195
47043
45835
4016
2315
71343
70324
1847
14399
3374
3338
9228
9119
11423
863
2159
21086
1797
2794
65171
60590
739
69963
2329
102548
21538
3807
3271
858
1309
668
4527
3744
2417
1359
1812
4256
1247
1992
1312
808
19100
2364
2377
28563
1226
4613
3641
59501
2568
59117
3416
7259
1978
29688
2027
67775
3046
2182
3077
2034
8881
2486
2823
24840
1669
2589
1203
3274
2486
1211
10081
45933
28994
1123
13714
2756
3065
1658
1268
3727
20417
2365
1198
2080
6896
35966
3154
5921
2469
2528
37468
2596
1296
2485
2189
14950
2234
1270
8572
39256
1036
3015
1173
5165
3595
11135
31045
2394
32255
1918
52494
17449
2713
20121
24492
4607
1295
2888
1807
4033
1678
2772
2087
96481
11762
3112
2717
3092
2364
2222
44038
1313
51981
1114
3240
2697
3221
2342
1364
1803
2800
2428
37785
1715
2436
2091
2444
26235
2945
3310
1066
3752
19396
1182
2319
58349
3914
2121
3928
2342
2912
10543
4333
3269
1475
25320
6044
2391
65128
2292
1016
2109
865
2061
1731
4091
36952
38752
3483
3164
2441
2798
1306
2138
18072
2357
2272
1962
56687
2009
780
2915
2057
4043
2129
66397
41779
1669
2868
3212
1996
3055
48512
3740
3795
2474
2433
3643
2710
3396
2626
3629
3198
102962
2658
40534
3664
1291
33198
2786
70454
20208
4166
2935
25751
6898
2705
7789
14706
1912
3624
119230
10084
3226
31612
2573
2642
2798
1987
91591
2357
2957
9269
9249
1277
9762
2323
33677
10260
10769
2203
4569
969
1921
3057
1565
2282
2650
2992
2563
1438
22671
2608
1589
1672
26312
2070
2426
2666
3623
5591
9557
3744
2961
20129
2031
2493
1559
1890
139088
2162
2787
3864
3116
14854
3269
2842
2079
1577
52719
2124
26803
19183
1426
1934
86339
3883
16569
2954
1998
4268
36659
2406
3380
3757
3799
2145
2343
963
2126
31874
2883
2184
1078
14353
41835
2334
533
1878
1471
734
4030
45074
2920
3683
868
5842
3195
36613
1463
7307
3176
3517
52065
2083
5298
5075
4798
5289
2753
5523
1259
2357
1476
3453
22635
3127
2385
51735
57105
8783
1276
2278
1570
6072
5059
23519
127026
3014
21103
1514
2787
2496
3311
3277
23683
4335
4030
1435
30385
6705
3060
2723
2219
79584
3230
3559
1495
3370
2513
39356
65001
2730
2023
2856
2316
3291
56242
2976
2084
1225
111230
3387
27965
23208
15635
20116
3149
6222
3930
3202
6869
18915
26496
1910
1465
902
33593
18838
23347
9277
10535
2123
21813
19548
2291
677
29427
4044
3564
51618
2144
1575
2410
56862
1157
1564
42330
9170
45736
5164
542
23229
1700
63352
4257
21233
1410
2172
2833
58610
3333
3187
2441
2297
19165
2737
1420
2026
32883
2839
1396
1322
3643
2278
2274
3689
1544
2146
15197
3278
2979
11610
15586
3746
1909
45367
16837
13332
29819
2950
3847
2739
2140
12643
3169
1470
1732
18384
1402
93066
1659
7386
1170
55498
2720
3615
25690
15694
56222
6169
2258
71306
34601
2739
1028
868
12317
66797
3596
3478
25696
2380
3071
2457
2688
2560
2659
6923
3473
2474
2462
1857
1572
1992
12744
1840
1983
39407
2421
3041
3251
2782
2236
2586
58503
3532
75510
2156
1163
133197
14141
6158
3908
1836
10662
1335
142162
105213
2651
1343
23017
2126
4085
1712
2980
2760
44109
14839
639
2353
2995
13699
908
1473
3780
2580
13764
3488
1880
2369
18523
13124
5284
2070
2470
2091
1820
21829
2685
1265
2434
2951
3023
43554
2333
2719
65244
2379
2796
881
13650
1348
32562
9591
76133
4263
19842
22329
3173
1492
17715
3548
94020
18478
60599
53281
1370
2253
2252
3369
24498
3763
3347
3930
67551
1898
2898
48014
3093
1388
49955
3333
2695
3520
15000
13461
1574
48970
2766
2319
1837
1148
1608
3007
51303
11496
3367
2370
3012
3207
824
13969
11014
6489
1475
1419
1718
2912
2785
13400
30196
20441
65461
2423
2788
1936
1389
14331
25948
2171
18081
3181
2114
3071
2898
4433
2737
3677
3413
78177
2972
25883
2748
3046
713
4263
1584
2961
3758
60404
3077
1333
2541
2152
20645
3026
820
2270
19210
2210
49178
2825
28620
2677
64703
2234
68165
19393
60384
8405
113306
41057
45634
4379
1695
1755
29066
63743
14157
2410
3331
66415
8323
3762
14095
48429
3412
1349
1382
1452
13969
12817
1581
2695
3110
2623
2060
1789
1752
20747
118598
3133
3576
4030
54027
24421
33471
18304
1518
15749
1173
38527
3112
38264
3576
2174
2657
17276
6019
1952
1854
3985
3198
31044
2017
21198
2489
2895
56812
25400
65402
2663
2299
2141
1962
2324
16745
81264
3320
2563
1221
2808
1701
2676
3165
1256
3530
1773
43680
67793
41793
2939
2512
5729
3459
3247
977
82106
1507
1458
2270
57206
2190
15807
2603
19110
18156
1633
3346
2506
2450
9537
33909
2910
2533
2795
23540
1932
1902
2358
27836
22901
3463
2131
2819
2727
90308
2596
2324
3717
2391
45669
3022
2329
3608
31402
1095
21173
1354
2457
1748
2607
3962
2321
971
2328
2384
19241
3342
46756
6530
13554
2818
4833
8329
22287
1355
1456
22282
19126
1872
2718
2533
13385
1670
2334
1613
1947
2539
2384
16043
6951
3565
1117
2074
2649
53331
1403
1525
1314
1444
27437
6585
2032
3839
2670
3777
55759
29064
2959
3342
57009
2139
2407
3355
2960
3616
932
1449
2863
3068
3383
6258
4350
2699
3807
8207
2757
3124
2842
24125
813
2529
3263
94122
2484
2093
2034
3919
7214
2881
2978
2521
1226
2106
15349
1025
2812
2405
2668
3671
2179
18454
3626
27224
2225
10476
4174
2922
24421
41869
1845
1457
2960
186214
3331
2840
23483
24159
8868
3232
3171
3710
3983
50109
31300
1351
2861
3725
2037
1557
2032
1288
2095
26048
3210
1813
20765
1214
3305
1003
14439
1505
30938
7486
8079
1567
9670
2457
1356
1644
2662
2851
2245
1169
2914
3004
20137
2776
1354
23060
3347
3658
2086
3290
2746
1378
25490
1852
2665
1367
1332
31121
3211
2661
87656
3621
2333
1216
3611
3660
3163
2110
1372
3899
3449
46080
6628
1668
1599
23278
1910
1726
20839
3330
16568
3386
3475
8818
3510
43171
1774
34385
17559
1951
3194
2246
2260
3129
2105
3161
10495
35568
38917
2552
92593
34142
57456
31242
8882
3417
1682
1806
590
824
3406
23494
2606
2522
71452
1932
39461
65243
872
3447
1594
2610
4379
3178
21971
3435
2319
2521
3451
3835
1521
11985
2537
27503
83832
3182
1820
2622
2758
10052
2226
1906
12401
3899
2811
2757
12365
22027
2557
2022
3002
2027
3657
2598
16809
2910
2045
14184
28632
10633
2563
1989
2131
1522
1687
1238
2496
3542
2442
749
7537
3800
21763
1926
4483
2210
64667
3120
802
15411
1621
2857
60699
2649
3242
1040
1010
2585
2802
1413
1514
3709
3757
2131
62568
2220
30073
4590
2791
1417
2659
954
1776
3207
1392
3008
3851
2287
42419
34085
4720
3175
2631
1485
1215
2650
4708
3837
1774
9059
3567
10966
29266
11878
3441
2185
2387
1498
925
36464
1553
2581
2211
2363
4484
1571
2324
3838
1241
4455
4399
5514
3077
6860
2026
1106
25312
2292
3288
2205
1502
8363
1783
1453
2863
2712
4533
32644
3627
1423
2696
2331
12892
2203
1056
1641
20544
24380
1623
3172
12417
1414
3539
2216
2256
2876
4964
23166
4368
3866
3356
1984
2009
891
2221
15511
37336
906
1200
22293
66734
2454
65293
2999
1940
14155
1876
2428
16734
17405
2717
38287
3195
8605
619
5141
4833
2926
41761
47146
3377
20782
1956
3661
7478
1627
2856
2925
2749
3915
2980
12212
39514
3274
16289
2633
4368
2670
2959
2860
2669
1860
1951
10100
1624
3426
3718
2823
1946
28020
36719
2506
1659
9411
2440
2401
2270
6053
2001
1052
10269
89616
2741
3366
2907
3267
2886
12966
32843
1253
11913
62194
3045
974
34546
2741
4451
43957
2920
3107
1848
2406
15137
1586
2943
2388
39621
2149
3246
32282
38884
49212
2781
26685
1846
94267
3423
31183
37619
24463
36006
2425
4280
3602
1494
1788
14717
2072
35002
2710
3095
4042
1179
2870
22818
3032
2697
1914
2160
1417
1992
3381
3428
1609
1082
20399
2627
35527
63142
52259
3445
1903
12417
1298
2156
4085
2609
1154
3078
40729
2679
5828
9098
2212
1796
58287
2658
2634
3434
2971
27259
2858
6380
87404
3489
2741
1526
3110
2548
26029
3154
3079
1765
2807
3288
2682
1083
2559
22109
50677
3172
19131
17872
41204
54499
20322
4074
39971
13659
3150
1874
1892
3780
1668
2420
2369
2368
48305
28391
956
3672
2279
1795
2994
1448
3028
1677
3760
112670
2085
55305
3458
2699
13108
2258
45277
4032
14561
4776
1450
3256
16090
36993
24409
3256
31380
16940
3545
37496
3010
36590
3310
2622
1996
2463
1511
2562
2580
1737
47925
3855
3257
18767
44983
2427
6013
4683
2236
1336
2716
2152
3686
1495
2809
1833
3061
10177
2760
2044
1149
2672
2620
2939
18621
3358
2443
1842
2862
24884
1200
4590
1568
27437
32271
3075
33588
2816
2846
24573
53621
108896
11725
1026
3502
40126
27896
2994
2216
14580
19190
683
1870
1875
1044
23059
5941
1442
61001
22349
2716
2178
2889
1625
1879
20036
5945
3142
24999
2175
29068
2558
2333
1801
2449
19867
13425
1812
33971
48629
4111
1821
3586
3096
11246
608
1242
1222
15311
2822
18952
3239
42776
1736
2564
1662
2100
1261
35510
4836
2561
28437
29697
5105
27821
1690
2649
2501
2258
1509
1565
2409
1565
2306
1288
14595
12715
14931
12097
75257
55719
1531
98406
54620
2833
3445
1239
4042
3308
1835
1222
2607
2867
1619
3533
1560
2917
54422
3126
1423
2319
7302
16218
25544
7508
2755
2874
1930
2393
2796
1011
1507
133159
2069
1985
2859
33551
2350
2478
9526
3414
3019
49164
19309
3112
8119
3276
10379
49603
22465
16333
43605
26164
20442
2533
9486
3511
1360
2574
1424
2190
1914
56029
3361
5153
2236
3632
3807
1550
71536
2510
3291
3827
3333
8626
1861
3125
2896
94044
2262
1926
3275
37830
3102
2267
27484
3144
3716
55530
2601
2901
15233
12780
2278
3916
2693
104640
2176
3419
8828
3713
3347
10117
35668
3761
2128
1196
3513
4519
2999
3213
2724
86041
66273
1732
1579
2523
2151
4735
2792
1103
7846
3619
1915
2041
1719
1763
2162
2750
2801
54929
3029
2645
1969
22458
3043
2408
2639
3812
2809
3121
2079
8405
77728
2394
6728
18227
2789
21870
3361
52039
25100
12799
23616
2155
2993
3456
2828
1761
2418
2431
2367
2394
1362
1052
1988
2212
3106
42732
15202
2378
11886
4105
2886
2223
17630
3611
2474
17002
2163
3533
2901
2335
26703
58322
2442
1639
2050
36041
3108
3397
6198
3156
3316
99205
2813
26773
1661
2303
24203
1928
2419
32346
2823
2413
996
3704
1867
45661
4394
13185
3994
3698
2113
42719
3050
1338
21286
17461
2836
58316
6185
1944
89775
3004
1566
2881
1851
1670
2132
3989
47507
1844
1362
10564
7883
1739
36048
3265
65118
4091
3659
13290
3409
1618
5149
1923
3465
9284
3357
13003
3892
3874
1544
2442
24410
2661
1860
20385
2237
1860
3083
62681
47181
3112
101999
3705
2878
3317
3138
2454
1913
2439
3630
2161
948
7855
3112
10710
2991
4175
2913
14488
1405
16788
51732
3117
3125
3134
3071
2745
2949
10478
3104
4622
1851
16523
2489
1490
3097
1970
2848
1903
40651
1363
1842
2269
928
34245
1130
3117
4589
50732
2909
32353
2391
22309
854
2419
1701
77311
1722
32790
1794
3368
2906
2801
19060
3055
23447
4056
2145
10852
12938
16846
3889
1965
1366
2325
5347
3368
2217
861
3074
2659
28208
62330
3727
3404
1693
1811
1722
1768
2819
2389
6851
64295
14813
3029
2304
28471
10455
3573
2150
3671
3418
2142
2458
74859
34561
25825
23112
2313
4422
2293
2559
5649
3418
2125
58372
1869
26083
25989
3877
3249
60002
1281
2614
2496
2151
3362
3279
1644
4628
40599
1386
1556
3946
2461
6170
2613
8344
12468
60686
2582
8736
13732
22945
30193
27639
2735
2365
4264
2820
1274
28030
4244
1282
3038
11074
3393
2110
65225
4490
2031
1549
1812
1685
2833
1843
3008
3362
2781
72203
3337
14662
1136
2669
3332
37139
33206
16283
3230
34868
98660
2713
2872
13132
1347
24187
1983
3288
4638
103328
2895
44176
38299
2272
2243
2867
3405
848
932
2428
1914
2812
59054
41752
2205
4388
48854
2878
1826
10185
2221
1798
1087
3355
4478
1388
2534
29304
2106
2178
17487
3310
45813
2396
4980
34066
32231
52535
91413
2645
2562
19497
952
5691
2894
12752
2267
1722
2613
3049
1581
76615
3836
26731
6465
35083
1685
2792
3704
2158
2239
2904
2709
1786
2980
2727
5063
1596
5153
54046
2992
1814
8691
1446
26700
2864
30644
17037
2704
41738
1385
4015
1243
2768
29023
1531
4463
2097
1284
1210
2122
2768
2824
6425
3123
3612
1009
943
2309
13354
1930
4274
4220
2550
3043
2647
2131
2790
2649
1759
3546
2416
50787
2948
4082
1890
2121
2612
3428
24414
44131
3389
2477
1985
1492
2663
2333
1110
1478
32201
1081
2766
44514
15368
3875
2966
979
2158
7909
8805
3823
3803
1887
1557
29647
1402
2740
12274
36290
23362
2569
2788
47272
2755
2054
20024
2016
16265
2418
2314
17144
3315
30385
3790
1643
1984
2554
1599
3008
1157
14001
3051
2030
3054
1421
3449
3226
2114
53131
40881
4482
3459
1760
819
5885
2274
2290
1723
56903
2414
97303
2445
812
2192
1145
7156
13792
2007
2801
11761
2765
30084
1138
3561
2942
2724
1456
3644
15433
10922
1903
46867
3505
2149
3715
3981
1912
1862
982
2883
1977
5317
2609
34274
26473
1834
31013
3111
2681
1577
3680
1798
4417
3325
46174
2467
2431
2288
2836
2989
12075
3536
3763
80094
2675
15969
2812
1621
2800
3297
3313
1466
2834
63609
1685
1700
1700
1749
20588
9650
19783
29474
2729
46093
2057
21654
1427
643
3210
2497
3615
587
1830
1692
1391
24890
2291
6008
28457
20721
3217
14333
36739
3084
995
34692
3445
1916
3239
11877
525
2675
3103
2475
2240
4300
3273
3022
45875
67731
2576
16907
39769
35370
14901
1403
1539
2943
2237
2224
5584
21946
3120
43990
3606
3703
1577
4172
3741
2302
23831
4908
1967
34551
29753
2352
65590
4138
7474
2205
886
2701
37822
2281
2761
1607
4160
2630
2431
1229
79310
2181
1909
12485
77757
67578
8111
2534
1967
29655
1969
57279
2287
1600
2250
6581
2907
2052
2990
2988
3306
42712
34378
15952
2742
74016
18332
1843
2770
20307
3101
7183
19090
30791
26925
1398
12892
2974
3116
3808
1625
3131
69349
2068
1473
22067
2949
3332
29822
14036
16085
45072
7452
3078
1890
4041
2942
2431
12760
3965
2266
3352
3099
1846
2915
2492
1946
6332
31215
33908
8511
679
547
3172
1322
56482
9480
3043
2815
2624
3150
2107
6151
2722
1116
32654
2898
3076
4873
3134
22247
1668
3606
2719
3437
900
3105
1203
1483
15810
3297
4349
46278
43914
4858
1667
1465
579
52267
2892
1022
37519
2259
2764
2943
1729
62710
1861
3836
14928
1790
15599
19084
657
57449
25188
2360
3143
3876
2006
3481
3462
2272
70139
2148
2279
2688
2578
27342
999
3391
2350
2745
2399
1861
3150
95794
849
2781
1265
2142
13853
2619
4458
2775
2647
4419
56250
11712
912
9764
2796
3303
2900
1298
2322
682
2374
2047
18740
2457
1973
2958
2143
1427
3782
60165
2362
2786
3072
3277
93951
3726
4904
54175
32307
49487
10886
4469
2072
11524
3747
73511
38825
71654
1175
2263
2711
1222
4505
4114
2103
10014
3484
2471
17285
2013
2901
24517
906
4674
2953
2238
41409
20140
1956
882
2644
1539
3582
2071
30639
4229
2739
2719
20872
54664
17387
1798
25262
1965
36713
2048
3628
2964
3839
1125
3243
1692
8924
2747
3190
1805
1398
2018
2652
2745
763
16840
2746
2586
30387
17599
1966
31684
899
2958
18632
1859
29219
1293
2923
1733
2601
984
2693
2665
3363
1638
58655
1433
2648
2616
3135
3965
2096
4903
3178
2389
1132
3524
3059
1937
15648
988
18812
53814
5138
2902
3978
3159
2848
2088
19883
16570
3162
2590
1721
6930
15371
36984
55567
57763
1411
2188
2670
2579
39501
1341
2235
3848
27252
45155
1569
3056
2932
3029
1301
1359
2154
17699
2830
3194
2192
1962
2516
1952
22272
1751
1736
9512
9546
3248
2109
2665
117158
2309
2527
38617
1975
1859
1970
49739
14695
2661
1654
66107
27397
1648
957
3460
27870
2824
2105
2501
3795
3278
40080
1253
2378
3082
28663
2046
156383
3843
7988
601
7273
1665
3320
2505
1878
2933
1534
81008
1779
1551
66953
17969
3167
2932
2283
1637
3003
1478
50707
40907
3487
60601
3157
2881
1959
2675
23122
63374
5513
7354
22770
23883
2913
40523
4706
1550
11295
2091
1733
1645
1146
102507
8081
9005
1637
31824
2616
3598
33840
3800
1702
1937
7158
2793
4673
4054
3095
3855
4628
1884
2742
2127
2933
2305
4126
3403
4521
2170
69529
8113
18632
3815
3097
9637
2463
1268
1194
3483
1087
32577
10794
1668
36187
2042
83025
22231
70764
22297
4093
2071
73240
1973
3448
1458
36664
5831
2415
3815
1764
84681
3400
3359
164183
1925
2637
3634
2300
2907
36281
121035
3928
2567
3137
10079
69282
2393
1684
3048
20538
38479
1209
3934
1663
3340
3258
1299
1755
2074
23484
3510
3168
3025
2959
3327
3920
1979
17152
2580
3950
4896
3466
10421
18715
32449
3144
1076
30245
132319
3643
1961
1917
71737
15103
3405
24087
3244
3348
2190
15878
20118
13392
764
4353
1058
3642
95137
4204
15807
2297
2187
1978
1276
2961
1900
3226
1265
47476
98038
2267
1380
1347
2436
13276
8493
3036
26480
23374
791
39185
3510
2251
19656
3224
77272
3924
26997
2623
28149
1096
3721
5919
2535
3743
22181
2909
3931
3919
2617
3302
61793
950
3671
24812
48394
3243
1484
14142
3015
9936
6579
21406
17348
1312
30894
2593
21711
1687
7796
54523
3692
2389
68835
3980
2276
7623
1285
3538
2770
8245
12498
2029
2441
3636
2090
1290
22187
1906
1377
2407
1213
1480
4038
3032
1859
3779
38630
33249
11536
1926
1742
869
3198
1879
3685
7251
1336
2274
1909
2792
2136
32659
63600
14587
4097
36733
3039
37386
3300
3018
3140
19092
3336
1021
2250
21842
23435
1127
9509
1673
31544
3530
9783
4018
2346
17221
3980
22460
2187
2357
2872
4024
919
4592
3096
17417
2983
3205
2429
3489
2534
32538
50231
2832
32662
3036
75021
5680
11879
2473
3428
2666
3572
24725
4063
3148
2760
1427
67986
878
3825
2561
1735
3140
1747
38026
2635
3519
2203
2116
2195
1677
119168
82652
18179
1016
9952
2604
98056
1945
18055
32653
21882
34794
1087
3336
3691
4261
59672
2364
1811
4926
3425
43144
3787
2079
52095
2057
3410
1460
3208
85359
2558
154998
3287
2923
4638
2217
2522
13216
1201
2453
3811
5572
21367
3383
4072
2199
4513
5471
70655
3183
1715
5076
52272
3290
1687
19751
101436
30196
2657
2883
50882
2508
2925
9297
1232
970
1290
1401
2048
2468
6660
71595
1976
3893
1705
1995
2423
2490
2072
2751
927
1459
6575
1924
5777
1547
51438
2629
3310
72406
1932
3948
41559
47380
1387
2042
1908
1131
2829
3344
14664
3207
23355
3023
7256
5102
1092
11660
18767
17337
51141
2126
3772
45592
2347
14528
4761
2958
69504
3771
2187
11634
2154
1965
1653
3940
2083
54789
1034
34563
1609
3211
2411
2219
3423
3541
37509
970
2296
18309
31795
10323
35547
2055
3897
37695
20747
1824
3970
21056
29135
72297
3451
1899
6582
1558
1411
3281
3126
2045
3230
1468
21408
2091
1715
32724
3077
19796
989
2882
5226
1440
24212
15681
522
1173
27556
7581
2976
2673
31774
84901
4903
19537
2139
2933
2882
2780
3091
25990
2431
2800
3039
10211
1775
51670
1120
1685
3112
1400
1693
5871
13231
3616
55461
4580
3440
1093
2164
6675
2813
23055
700
1313
2440
4020
1573
69043
26445
1074
1238
3277
49491
10608
3681
1529
41775
25409
1501
3603
3243
2409
5471
3179
12278
2515
1365
3697
4399
21724
2712
2945
2650
2654
2535
51925
3573
2343
3074
16778
7564
15657
1628
1592
3075
2480
19142
2727
10515
3854
5291
2459
2647
116252
11347
32574
1781
3810
15024
3633
2284
1587
43249
3457
21029
5918
1896
2207
2732
61364
3302
3310
23387
2051
22082
28401
1670
4096
12657
2261
3966
92025
3137
2171
7889
163969
907
3301
1868
1357
2551
2082
2929
2952
4908
2988
12076
2487
3345
1856
16572
43285
2001
837
2236
27635
70940
3513
6252
2116
3905
2039
3650
46692
2506
8371
27352
24792
2243
12758
13267
36996
2972
3896
1693
3567
3181
21825
2649
2117
4367
2181
2249
4273
2433
4060
3730
1040
1964
1980
3586
2298
3726
2283
2315
3322
2452
4726
1966
78728
2580
3400
2234
11108
887
2310
1832
2084
1860
3559
2706
22898
3086
1303
4149
17094
2439
3466
2331
46231
1800
84011
4966
2142
84597
3368
13733
3328
2826
50758
8431
6428
1622
2109
44051
2716
1632
35783
2392
3126
33699
1607
9597
3652
9224
2611
1704
6086
2973
2953
3163
2611
2205
15327
34656
3000
7774
1519
2119
1190
47689
2327
18759
842
3238
1830
2704
30827
1960
103075
45364
40048
3224
1703
2462
2887
31926
3342
5466
938
2201
2208
7301
2006
972
1456
3207
69743
1722
19000
1501
1392
38313
3692
2938
1291
1313
43563
2660
1344
1291
2872
3588
20569
771
33347
51342
2855
17793
3216
5667
2221
27089
5622
15889
4019
11017
4132
2113
2222
54851
4040
3476
2866
3456
1053
11608
1226
3773
1988
3636
1179
14648
3029
3064
5400
22161
34455
1856
2289
3419
1211
14241
7624
2861
1579
18486
77355
3002
3637
23751
12541
2401
2494
2242
8511
24174
10616
962
1947
3854
3412
2332
2325
3392
2677
7804
26357
1496
28907
50755
3240
3331
1608
973
2892
27561
1327
78664
1878
17933
2244
3043
2110
57027
31317
12676
2332
16671
2027
1571
14296
44396
2396
79598
1375
2020
2615
15952
17275
1015
1122
13737
2485
21746
15434
2920
3439
2395
3758
3532
14012
6384
1606
3989
41690
2477
1520
20294
45077
3026
1985
3039
33410
2728
27772
23263
4249
1029
1824
1027
1807
18249
1384
2634
1284
21709
2473
2844
2276
2102
3101
1505
1495
2313
893
4024
22889
1067
2305
22885
17287
8755
8573
3111
2521
2552
8518
2196
12901
1016
1750
11528
2492
31801
19370
1902
3779
2383
2342
2945
3488
117882
29057
3541
2044
1182
2040
30033
17610
1693
1800
3301
2384
3894
15278
1248
22863
2408
3809
3413
2435
3562
81358
3169
2192
2445
2736
2571
38234
14558
12690
22552
1262
13051
50839
4493
7642
1908
3906
15549
1873
19192
3550
1581
57014
39735
1471
7041
2200
3043
2070
2472
118097
24653
16591
1303
2329
1556
2203
1525
14715
3293
3052
3712
2076
1617
5593
1750
23004
2804
13360
26273
1731
2263
3659
1590
25941
2755
12924
748
2276
29925
17775
4017
12060
23369
106130
2344
58027
3843
3466
2439
2761
4427
2818
29613
2657
20435
2868
1499
4541
5536
29458
1511
3085
2875
1754
34382
59355
13579
24212
1376
3721
2374
2431
4011
2775
24866
139706
3572
3348
5322
1583
2025
108323
3984
1580
2687
2693
635
2742
3860
1765
11272
36477
25365
2736
1460
2391
986
24399
19485
4952
1373
2472
1094
3996
2950
1527
3853
2684
1539
26399
1127
1113
66374
632
15952
1085
9023
1047
23490
73115
3220
3601
1038
2677
3903
1669
1979
925
1886
3467
4102
2774
1884
804
3004
29044
2088
2273
3847
2416
1259
3134
4010
3263
3260
4222
13954
4451
2352
30793
2991
1951
2191
13297
4225
2328
3128
3417
4526
1666
11912
1360
4262
915
4803
23356
1679
3154
1671
3632
2801
47601
4621
5711
27662
3162
3489
3382
2062
10313
2824
4917
3967
1614
23565
99042
1890
1490
1751
3542
4088
4787
1631
16336
77808
1135
2863
3357
1516
2931
36880
2960
3214
1642
2057
2677
4443
2591
2585
1661
2543
923
1904
2736
2782
3207
10094
3896
3082
3486
2390
3508
1714
116137
3307
3971
1327
3935
97946
3126
2085
1841
2424
2361
77456
2214
1740
4335
2828
2782
8634
6843
4524
1233
10627
2442
72920
1589
6425
1355
2585
2292
2096
3547
4180
46380
3136
2737
900
1223
4696
13070
562
25947
3364
18700
2521
27826
15158
1457
189902
3335
1094
3312
1349
18729
2645
3503
4111
1100
6432
2876
2202
3642
1585
1398
134497
16837
2927
21667
35667
2231
2744
1464
16201
2900
10953
3146
25487
31956
89841
2541
2902
2898
7570
24819
2287
2331
3181
31131
2746
2742
12701
1902
98513
2251
7320
27931
47741
920
1822
66272
3918
2379
3905
3604
2012
2140
79214
3950
2215
3023
2738
1977
35003
3779
2099
41777
2475
2239
15953
18593
2613
21471
3623
16419
3142
1701
18088
14006
10566
6905
12116
30169
10001
2802
129124
2097
20066
3299
2443
12173
2818
1842
14654
28341
1198
17164
29513
3256
18261
12573
3058
3830
51513
15690
3599
3457
3183
2311
2662
3475
1521
3246
2903
2470
2583
9927
2697
2641
911
2112
2468
2183
3204
3898
23605
2840
13442
2046
10287
4959
2036
8904
1089
2907
10182
2415
2719
9585
6219
69723
1726
42583
3075
5841
3435
19840
4011
5906
63716
3827
2389
3121
3270
2800
38624
615
48252
3721
11073
3218
48366
21244
40636
3062
1454
2815
28386
1609
8149
7827
5165
6381
2639
10932
3365
3457
1078
2285
1999
1728
3020
13660
1028
1847
22798
2362
10333
84827
6376
1207
2729
163334
2111
8199
2239
2265
2650
3203
34683
4048
60744
3944
1749
3872
1808
3306
1945
21745
4708
57463
59493
3244
3178
1863
4038
18534
3655
63355
106671
2938
1962
13600
18997
1302
12491
727
3183
1803
2196
2792
1975
3025
1958
2946
3029
2200
2135
2919
2020
10280
2472
3071
1945
1335
2430
977
72791
2854
2633
3427
1471
3087
1532
44203
3860
1970
2517
3277
3755
21216
21298
1128
24408
16640
5770
1335
3363
25595
3456
85746
17265
1825
6203
8662
2748
30173
2423
3374
1201
2495
3666
1889
1695
3618
12184
55904
1247
1848
2485
1372
2696
3373
1074
2831
3465
3032
3505
46725
5220
4209
2195
874
27206
75266
3088
1985
1933
13605
1655
1565
60069
2243
1477
2534
10102
1626
24718
3785
4331
3123
32196
27720
2933
2229
19964
1912
2580
28792
3611
3197
1290
1972
3782
951
27381
2934
3286
36350
3195
2296
3752
1336
17527
1292
19839
1161
2219
1665
2783
19300
2678
1605
47354
2832
1896
75314
2160
17467
24480
37558
80794
8774
31845
1239
7866
15458
2212
13292
3964
3285
43353
963
1968
16392
2748
2889
2618
115331
3512
28536
1593
1362
2211
68530
2793
3255
43405
1464
3080
3002
1567
2703
2684
3913
1776
720
3605
845
9997
23153
2940
1866
10858
2744
1532
3748
3235
2153
45112
2441
2090
2448
1725
3125
2419
5410
4603
2264
2757
3572
9063
3449
2001
1790
1444
942
2136
2544
1296
33875
1768
3596
3393
2583
2545
1390
2052
560
27652
9021
3332
2199
14864
13837
1156
5163
52928
4013
2924
1559
24418
4008
1555
6313
715
1741
3362
3835
1451
1728
2655
8499
843
2160
3479
5866
16282
869
3301
1933
1976
2673
1033
1540
21385
3623
3351
3178
2792
101324
54520
124850
96276
3266
12431
2760
44832
2106
5018
53217
3577
36179
4040
1492
81345
1689
3242
2494
1985
2483
2794
24133
19138
1906
1295
2677
1060
11535
3115
4548
30551
3755
22061
2268
3010
44373
3753
30824
38216
12904
2638
2438
1115
7691
2084
10372
4001
2284
1273
2323
45268
1973
1459
1782
2655
2374
4395
56818
3366
2289
4874
3364
21766
2557
1120
2488
83408
2936
26383
8190
44577
4098
3588
16254
97056
2165
26152
60715
3011
13884
10640
14020
2890
1948
1903
45861
2264
7155
31932
2209
34003
12036
57849
2593
11427
2534
