3707
883
35063
1638
1878
144423
4195
99535
1476
16251
1121
6528
15505
61392
156314
10808
2171
34656
1126
2651
17779
1506
40127
28500
2522
1516
1234
1610
2104
3585
906
9121
2639
32161
2897
16378
48387
2509
3625
2578
3100
1243
3557
2981
3685
3875
2591
2983
1214
70703
9738
2457
14132
1556
2568
2741
2870
3022
2466
1286
29164
3471
2658
3070
1796
19571
11977
3559
53005
22065
896
21870
18297
42997
5276
3402
1931
3897
947
3192
1587
2238
3160
2740
56749
1287
3381
3723
76790
2562
757
3533
2734
3139
4163
3952
3323
8149
2977
21676
26003
3241
2806
3210
3530
3136
3102
17324
4533
18580
30626
2134
1777
9539
56186
2241
2661
2550
64006
30513
3835
4719
15908
7930
12408
2431
2754
2871
24631
39045
3408
1965
2504
2404
1476
1904
58440
945
1418
90472
21200
2296
12292
20573
2751
3061
3305
6303
3267
12875
84594
2297
6020
3291
12440
2163
3890
3962
2444
1486
2934
3110
1315
3915
1652
1820
3032
2775
2024
2123
4602
2948
2816
23256
11139
4809
1166
7514
2108
15121
3375
2514
3109
12864
1381
1577
3267
3012
26162
4195
18430
3043
2650
3193
29011
2922
2482
3044
1223
4137
23935
6224
5640
1015
97361
3054
8769
1347
3021
2278
68627
1941
37063
4388
3301
2579
99967
2368
157388
2887
2706
3150
51422
3425
3423
3561
3081
1925
14742
3239
3156
1238
2706
3208
1998
2942
30718
37928
37992
1277
3553
28859
2280
19014
2632
4976
2421
78737
85870
2859
2283
23021
2450
2141
27631
59496
61561
74203
1282
53505
46242
3254
2197
4108
2806
14773
59774
1128
3219
3596
1712
1792
3413
12250
3344
3226
3027
10997
20765
25550
1407
1958
4693
2990
2725
1777
22691
2562
2297
3032
2426
29081
44837
79347
4867
3180
46158
3396
1596
2678
1819
1624
26255
3480
2179
103121
12396
6383
27019
3142
30321
2254
27292
3219
2035
3957
34228
2879
7700
1225
53225
61373
3836
1817
1708
117780
3175
1662
28350
2086
1857
1190
3382
2188
16977
3306
2083
3403
1447
2819
3394
3538
2747
3102
1640
24307
3543
2214
2011
115554
1767
3112
3014
1706
1542
14828
10564
3824
3020
29727
642
41035
26494
28785
2752
683
4010
2168
4123
5991
2716
1997
1010
24760
2843
3534
1461
4298
1470
15977
3268
2579
22022
21317
32106
3291
3245
2674
560
39814
35245
8052
3702
4547
19294
897
79465
2776
45447
8812
764
40387
17574
2870
1642
18950
6951
1525
3016
4120
1281
2706
24309
855
3584
105230
1639
2546
2964
43675
2149
32442
2288
1498
11445
2558
3138
3632
3179
34657
3930
2166
2883
2144
102424
2279
1391
2390
2928
3496
2578
2888
3986
965
1887
2383
12850
10102
4279
6818
17104
1454
2781
2196
1033
10376
3214
2428
3576
2286
8218
1747
3636
13319
3664
3555
17801
91929
38569
8239
5323
47277
2657
2495
3235
2827
4580
2623
3586
3301
2568
2859
10374
6387
1514
2259
2409
1425
3047
2259
4092
2381
4949
1673
2800
2609
1730
2591
34410
2517
9687
2367
3109
3555
4636
4089
2314
3219
1522
10950
3291
2419
2950
2932
4073
1360
1504
104994
2282
4424
1755
66601
2215
2874
2241
2462
3216
1755
36301
14979
3485
6308
2582
1235
2659
541
7308
4397
1913
71885
2759
2973
3302
2315
1444
1662
8257
28737
71644
4821
3753
15798
1055
2837
2196
1129
57529
4678
3797
99145
3459
22522
23749
3877
3615
2260
69151
2781
3257
3769
2457
3163
44425
3936
1622
3016
1752
6539
53420
1502
4175
2338
2408
56042
2875
4417
8247
3528
1467
3230
4489
4007
2592
1875
10077
3375
3146
1908
3773
12374
10776
2335
3235
5065
2708
2146
2828
2083
2171
1721
23179
2977
20568
1550
3532
2295
66439
24500
106314
11921
2436
100668
4713
5119
4334
51967
1823
18008
8160
4493
2894
4886
3781
2646
25754
2435
2385
1612
1979
1394
42789
1561
20712
2457
30518
3463
4873
2915
1614
16075
11271
4345
1527
36074
1896
2654
34233
4461
3871
4205
87253
2417
2825
2934
2400
53149
3356
3083
2680
2483
3341
3836
1482
4341
2506
2552
3356
2956
2523
31757
1968
3716
2408
2613
67539
36571
3266
3022
3146
1820
71454
54495
3387
16971
2295
2395
1879
1697
3685
2875
1196
2714
30514
1076
1470
3049
2182
1720
2188
3861
3453
2228
12070
9760
1579
520
8010
57345
1039
7432
31324
2525
2003
39185
2002
3206
8327
2482
2073
2496
45902
2764
1659
808
76294
2519
3528
2573
6204
5139
7452
2461
19901
14518
3158
1550
2239
2367
63194
1423
3013
2956
2368
2088
1454
45650
2445
2429
2995
2123
4041
2783
2903
3377
3045
12177
2427
9596
1727
4092
37699
1578
3986
27495
2706
1261
3579
3376
11010
3740
3805
19841
3459
2879
3437
41440
37836
922
3049
3067
4132
1136
3598
2586
4360
2478
10874
1145
34882
15571
2063
3891
3131
1773
3494
1982
3674
3238
3031
3180
1411
58674
60833
3103
56731
3183
2151
3990
2789
2194
14679
3764
3811
3271
2314
75455
1735
2730
8058
5996
1283
4111
2655
3017
4125
117338
1745
3306
33366
14578
25396
32880
2560
8568
126109
3286
33358
3863
3114
3269
34607
3470
15306
2511
3266
1698
1612
3154
2630
3009
12412
2587
2960
38700
24493
3901
108716
3400
108001
3762
4012
3304
16378
1683
2442
2532
1234
2711
12247
61338
3432
2371
1396
2761
2591
22547
2419
1709
4021
837
2254
1726
36759
47520
2399
2475
2021
2642
2447
16113
3929
1307
4055
71980
1224
3819
2575
661
1086
58267
2931
35568
40168
3521
2268
1175
4360
87684
976
1685
13822
2520
1481
1057
8455
1417
47302
19799
3070
44154
1882
2382
2148
25867
5140
1816
2248
1486
46966
22784
2590
4391
1876
2459
1734
4871
2339
1196
988
32228
1771
2446
2795
2989
35145
36698
38728
22725
39563
3675
92440
738
2314
939
2888
2660
985
3737
1688
2674
2641
3554
29750
1994
602
2947
2066
21271
3075
2929
5366
1586
2236
1659
22684
11669
3117
8865
1633
1114
3003
3247
116245
30225
3994
37731
11747
4339
2098
55830
3551
3918
3723
2002
1387
4459
29209
4538
25487
3099
1666
3911
4293
4494
2878
2309
2901
3380
4464
4238
29859
2514
2506
2716
4191
11118
4826
3506
20345
3276
18520
4113
3323
54596
1998
2859
3274
3942
12313
4249
4474
1470
3241
4033
2183
3400
39787
2067
3934
1628
18365
2498
1963
2715
58417
2870
12573
29001
4404
2073
58191
3928
3065
1909
2474
3671
41634
2252
2481
24409
7584
1601
1634
26518
3221
55800
4710
724
2780
12122
16516
4016
1498
2046
3047
17321
773
3116
13226
874
3149
2781
3337
819
4197
3602
7278
28734
8227
3388
2083
1223
2718
33854
1622
2886
3256
25791
2522
32536
7029
3212
13373
771
6728
34667
2168
43295
1602
7066
2019
1718
94583
1138
4603
6844
4149
2661
23458
62856
1764
2785
3841
2643
2845
2223
60445
12263
2410
3435
2563
2417
4791
2654
5127
7143
38330
7186
2458
12228
2254
96752
1297
3779
3536
1596
3494
4157
4686
15036
2005
12093
2075
1789
2510
3408
44889
5025
4075
27874
11588
2034
23624
36679
2383
1896
42070
2104
2546
2019
1874
29430
2434
3510
2310
2071
20250
2227
37866
5595
52243
2956
49642
2304
48595
2088
2782
78329
2546
13664
3827
2499
23729
1451
922
4132
1249
22219
1789
1143
8547
3048
1601
4550
57983
6283
3433
2186
30023
4203
1297
9089
3023
2109
17896
34983
117579
2102
3881
19637
1642
2686
1608
1935
2641
1998
6977
1580
4274
15794
1767
71139
1751
3110
3599
3568
1790
2511
26940
4686
2416
3160
2632
58063
32531
4494
2787
10732
24151
2044
33585
39819
2570
17967
44681
9829
14657
80068
966
68190
1694
93790
2389
3727
21422
2206
2544
2816
40679
3289
2608
2096
1905
864
2437
1505
14030
27608
4451
64937
2887
79773
3626
3477
3150
20625
17356
4004
3922
16745
2610
3561
16231
6321
1323
3068
1818
27588
22576
88700
3136
2834
2366
148282
2419
2061
2208
3413
85233
2911
1222
2916
2409
21530
2725
31754
45554
26700
2332
30393
3035
20701
3321
60350
1841
2228
2197
2609
1485
1605
2926
3537
1125
1577
2868
42830
1423
4011
2000
1123
2104
1278
2691
4192
8817
97531
3242
4935
6558
40909
11969
2591
2923
2636
4002
27986
2213
83852
1998
3961
3376
27993
6778
3736
2978
1542
3544
1294
2115
1511
13317
3062
33704
47156
1596
5508
8139
1340
35512
3801
2811
3056
2233
4824
33710
2436
6572
4227
18702
2665
26253
15002
7907
3503
2779
75381
3230
16527
47926
2406
2751
2548
21462
5746
2798
2772
4080
2915
1716
5286
2497
1434
27186
8810
18763
2798
3527
2822
36380
2628
4473
1639
2954
1522
2074
54243
6859
3946
12493
1580
1744
1129
23387
2788
17195
2614
5835
2416
2326
2192
4279
14041
1388
2453
1584
1446
2767
39586
1195
3236
1299
2396
21711
34539
10748
23792
3929
1046
2789
3374
26069
41856
2692
2430
2013
871
3607
3400
3086
2612
3171
2710
44852
1815
5586
3622
4359
9584
1710
2788
4432
1891
885
3036
2285
2504
3554
1272
9154
44130
3770
4688
32028
14217
1688
1701
4148
1779
3162
3569
68395
2043
2574
2596
19594
3777
30797
1845
2262
3120
22338
1497
81066
3565
27687
2778
192152
3536
3655
2120
2584
1998
11296
3035
74433
2921
3115
41996
3113
34031
2754
4503
1920
156533
1496
3102
2583
1528
1570
14520
20512
25146
3629
24796
1705
588
3766
3692
2511
42976
12817
1303
146799
30556
3151
2400
4689
2913
4538
9210
1898
3545
3895
1695
4002
3530
3768
3245
1856
15315
1392
2359
1849
2064
1281
2073
1736
3045
1821
2408
786
10733
18784
2454
17970
2738
4990
3851
1615
1620
2874
46511
25029
2600
4111
2425
5679
2422
3714
1931
3367
31410
3538
2740
48622
4014
35855
60864
26319
3171
2958
9483
2882
2287
5580
5488
1692
1403
3394
29160
3520
2623
4392
6521
3539
1201
72831
11690
1886
2778
23410
2683
3238
88815
2936
17753
3096
3132
1920
1448
16800
3171
2814
17974
31616
2308
36576
2614
5920
3191
36753
9589
9388
2481
15142
751
945
3867
7574
3580
4556
3785
3163
71853
4234
31639
2708
2992
24114
1844
56311
39945
87593
1333
1486
2264
25286
1142
3787
5480
2204
2761
2852
4432
3881
3212
42098
67567
14632
1334
55266
2186
59131
2076
2576
3641
22282
931
3368
3559
68825
3385
2631
2398
19882
43161
3430
3751
57318
3915
4747
3992
888
1525
63085
2203
2445
25148
47504
2075
11907
7589
3441
2337
3833
2413
93741
2539
2628
4293
1801
1809
44569
5511
3114
2863
3210
1340
10290
3131
43601
5750
1393
3596
1867
3741
27354
2962
2608
2326
15891
3287
3913
2139
2309
142287
3211
1467
1482
35921
3396
48806
3227
18211
31362
4173
18871
37671
1293
108367
25991
2953
28797
1077
4513
38853
3565
2909
39146
3439
32802
890
2244
3110
1937
4040
22316
2873
592
2670
3349
1713
19811
3292
2860
1244
1886
995
2853
3216
3109
34832
1873
2332
1408
2555
1202
1697
11140
2063
1576
1035
3021
6581
33300
7384
3245
4997
2559
70123
1730
2844
3225
49279
3303
3261
5652
3186
3383
25295
3524
46153
36059
12014
2756
4646
2967
33676
61782
3597
3292
933
3910
4600
2902
3569
1623
2598
3556
3947
2063
136599
1620
3869
3776
2693
1324
27612
2058
39738
913
16339
8964
4093
2168
1676
45252
3152
1598
2776
2832
6761
99317
4919
3840
36220
56551
21949
5615
9847
2824
3964
48483
4223
1982
2232
1964
32413
2159
1753
4069
3828
104888
3082
4551
4337
1327
2223
2308
9899
3654
1168
3311
2418
3692
24913
2804
2490
89119
3524
4783
1357
11795
16886
65360
33843
4353
3285
1004
4999
75770
48969
18310
5187
3498
103131
2926
71585
91475
3345
4397
17944
3812
22191
1908
2391
2199
24349
2205
81823
1026
26974
1653
2585
45872
24683
2536
21728
7850
3657
3976
1081
3437
2862
2401
2266
7664
1507
1032
2204
2882
3137
1202
3079
2293
4490
2559
3556
25013
63007
1648
2858
50552
2109
1945
12058
10220
11108
21477
52167
2075
4179
2438
2843
2287
2328
3142
3573
2925
4029
51670
19494
45012
2917
2975
13162
2864
8701
3123
2295
2362
57624
17284
1708
3739
2085
24004
12349
2426
18203
3447
61736
2277
2207
1625
3447
10080
3508
2358
34771
39571
7608
13166
3468
1146
3635
1975
14020
740
62696
3898
4636
1617
3909
1217
7932
7196
2908
25539
9457
2763
1987
3909
3104
2384
1103
2034
13528
3551
3072
2795
2503
2376
25450
2924
2052
954
89394
4316
44174
17238
1655
3410
51267
3564
27758
2990
7871
1585
2772
3597
46567
3567
1772
2381
15857
515
3801
2586
89057
1772
17882
2543
1813
3991
737
1899
1433
1027
12379
37988
79655
13710
1091
24614
15477
12351
1915
3270
15214
27540
3119
39889
2519
3052
3737
52506
2104
66146
14004
1095
2638
11218
5244
1901
3351
24941
3464
2198
2069
1379
15815
2850
4019
52391
9221
2130
174553
2938
2218
3719
2012
39410
2314
15561
3025
1351
41379
35816
123384
2922
38289
2436
3197
3195
1441
2802
1589
18143
35242
16776
88792
2422
44952
2267
2413
3478
2882
1219
55503
39873
45149
23103
18825
1119
3283
3817
33930
3338
2509
1891
43274
2292
3074
2161
1635
20290
1099
63795
2950
21043
3113
18210
1649
706
10019
3480
2196
13843
13807
638
3059
25029
1523
2380
2979
2322
79786
75520
960
3543
2914
1398
3897
15971
12154
21904
2186
2044
65758
3342
7608
2290
2514
2808
3051
3321
28442
3431
34176
1099
2313
1305
118059
2694
2996
2787
29366
19095
26415
53263
3255
40481
3471
47681
2765
3928
1874
13339
3473
1319
1865
45634
2642
34202
24450
1965
1282
58962
2710
3094
20441
57473
63790
2688
16207
11395
2914
1859
36633
9984
3192
2326
2502
2725
4067
8958
2054
12341
2675
4025
18321
15644
2477
3320
18269
4991
1849
1730
2875
1610
1211
2411
3224
3299
10370
2947
3856
149386
2574
3110
3255
2998
44210
3076
42312
22644
1354
2062
9206
49482
1363
3370
5210
6354
3222
1599
46358
746
2217
4210
60358
1992
3153
1813
42654
53438
1212
47577
13439
58605
2935
3341
12765
2824
3328
3603
2961
4325
3362
28611
11970
1597
5795
3203
2129
2641
52742
3182
2421
6761
3890
18618
2620
3183
32622
1921
1345
880
59580
1888
2951
61303
1497
4165
3473
10272
3013
756
4084
18960
67075
4174
19753
2385
3025
1549
2402
3643
3108
20425
3480
8762
13859
2423
2875
2143
2217
536
3125
3109
4957
27095
32924
50940
2081
3126
3458
2599
24542
2482
124234
1856
3937
44612
2827
2682
3381
44537
704
2538
11912
31484
1757
1620
68951
2819
3759
2725
26309
4214
3201
1215
3363
2038
2241
2843
3746
1903
2646
2793
1861
2634
1960
28721
3856
85879
23118
32119
9807
3225
2691
3406
836
3350
4105
1687
2977
51493
1996
1356
3282
77971
2847
2739
2499
4364
1083
24566
26512
7161
2360
5635
2383
26545
1805
43937
25591
1956
3955
13129
1791
22644
2122
3773
80549
3300
1989
7770
1110
3640
2943
3455
3507
18509
4144
2900
2140
29082
5886
1662
1928
2939
28548
2646
2031
2499
2959
27577
17945
2652
3273
3382
3954
51293
52812
8748
2672
13599
3963
42893
4156
3764
106277
6174
1340
2346
4221
1862
4530
115638
2290
3510
47932
16627
28646
2075
3151
23713
6323
10839
4165
851
1432
1999
1803
1394
30775
61590
2461
4380
1663
42813
30048
3107
47841
2421
3149
2673
3241
3598
2417
2311
3892
5026
3353
11705
1899
173392
3867
19671
80010
62948
1336
16786
59208
2388
3824
2319
2579
6871
18195
2241
6437
2861
2646
3133
2469
2697
3555
20486
3010
14804
9409
2168
108708
1732
3261
2134
2971
15516
46065
2565
4132
6645
1899
3937
45000
833
1764
1650
48925
19561
1761
3083
4578
5608
39341
2778
38071
3083
3258
2793
2954
10929
46698
32826
31180
2963
2798
2889
45339
3431
2528
3603
57926
4133
2831
20317
111784
26377
2529
1729
4835
1220
3498
2032
1211
1801
1673
22938
57759
32049
21657
2892
36539
34609
26798
26602
54576
1412
1817
1407
2226
4163
1023
1422
2520
21766
8841
1862
167300
39809
1414
2928
3403
42156
2283
2704
2848
518
3449
1869
1010
12891
2211
1909
2949
3233
8348
2445
3702
13638
2390
21741
2554
2728
1736
2363
3075
3601
46321
3524
27661
1984
2909
57251
2221
2494
3548
850
1614
20514
22852
3834
3081
68364
22974
2683
3939
10778
1476
2388
1393
24120
2066
14663
1494
1851
4700
1927
2484
2160
27831
3544
74566
1179
2486
3210
2978
17019
2836
91953
10377
3016
2320
3945
3110
2116
3027
28744
2554
3024
1412
64769
2638
3928
18833
968
30385
2042
2021
1984
3040
2285
4298
2844
1714
77702
3105
67929
2963
1986
2144
77544
2288
2531
1377
2866
23964
3480
3127
2352
47396
3370
112512
2336
5593
2698
73260
2943
3548
31044
3238
12973
2781
2877
10552
7633
4356
11872
25275
2050
2072
108880
2923
3108
59410
1713
54313
98403
11927
118049
2456
114804
3024
3742
36674
2385
3359
4072
1908
1415
2405
2370
33191
3265
4078
2821
2125
16430
16087
2316
3092
2083
2895
36563
42088
61448
6602
1939
2499
3774
22215
1925
3779
57314
6753
78166
6457
1411
8755
2984
29961
1874
1989
11786
3152
1542
1956
19051
24257
3455
2600
1770
37823
8911
2304
12781
1469
2512
1670
2356
13403
92802
37954
4018
1828
1413
34045
3673
24329
89581
2969
2384
4533
2596
2086
10948
1327
19454
4000
1659
3580
1296
8566
17489
5352
3505
66711
3329
77453
2557
2632
9387
3431
3999
1204
3503
1940
12287
156360
4462
11183
1802
2406
8968
2270
2051
1459
17824
57408
28927
20526
3251
2671
20316
3295
3160
1209
2581
2045
1578
16994
3139
2028
2484
1785
2695
1728
14753
1882
1366
2910
2113
4439
1897
1608
23033
1662
12845
3507
1601
90214
8773
3656
38799
1987
1500
2132
2834
34929
1682
3643
32138
4100
2140
3586
15410
3023
1498
7011
25920
1213
3108
3178
4230
9523
72586
1863
2933
4090
1899
8847
4063
30535
37298
5676
2554
47494
1504
2966
2615
47043
33354
2498
2118
2887
110223
24276
1456
15828
3879
47012
29623
30243
13667
2864
1943
2647
2200
3312
2211
2841
25092
2128
29537
3031
638
3857
66064
7384
3493
12178
4435
75736
1595
5846
2960
1734
41171
2998
34993
2875
23519
3551
829
4617
3831
3271
2072
2478
15388
3675
45525
23490
1314
3357
2196
1251
17903
1289
45053
2276
38307
43364
1870
1285
2772
4266
1285
2980
3646
6977
32507
102506
4491
3497
3624
31581
2626
2726
3077
2017
4143
70888
2585
839
29673
34572
5605
2027
2238
3409
1105
94498
3906
17532
3305
3021
13952
9895
3024
11925
47105
2003
64136
2032
1668
2007
11947
10903
2862
3788
3401
30046
2774
5923
2648
4383
21956
1898
3453
48113
3609
3134
8569
11337
2425
39250
18186
9686
23650
13031
1824
23747
3609
1123
3566
60946
2228
8414
3009
21151
2642
22612
3406
15806
5298
4577
1972
44959
1584
2949
4691
61586
33676
3990
2059
130777
21380
2661
67052
28977
53250
74291
4229
49561
1993
3368
1513
15229
2901
19388
16872
3984
2108
3253
3646
1803
989
3303
1826
2700
9139
2334
7209
4157
69827
3383
2785
2990
2276
2651
1496
3908
2559
13218
1560
1467
74604
3757
3280
962
3104
13282
1255
35246
1934
1346
3255
2407
34256
2976
42591
6191
27016
2378
1759
12428
3893
3267
69127
2309
12211
11431
2628
39224
1097
4395
4120
1873
4255
1311
2627
104552
3042
10493
2746
2214
43476
104993
1773
2605
3354
17425
2692
3333
2350
3091
33657
2047
3373
2612
1554
3210
2270
30854
27337
70447
2505
2387
2659
1564
3365
50449
13417
41013
1452
19552
1810
2808
1804
2731
1907
3377
2316
21832
3389
2057
12740
3832
2410
3522
1353
1748
2005
80868
9902
14004
4950
2958
2820
36456
880
1318
4802
1941
2583
21057
2101
2732
4512
62216
1543
2760
2082
26995
9990
3059
29868
63570
3548
2208
18088
15807
1143
7885
28745
109736
800
19607
21082
16521
2882
35138
5701
2382
1751
2512
1336
3259
34898
55933
1462
47125
1076
2726
1231
2041
1831
2933
3183
28036
2292
3851
20848
3282
3733
1856
2830
3121
1249
652
48000
1903
26549
1056
4080
2865
1732
3247
36040
9805
17580
3059
88259
3642
4006
3101
21039
3838
18679
1608
43904
39410
3328
17468
2210
2851
62001
2088
2265
2556
2128
2001
4364
2967
1172
49713
1544
38599
3120
1964
1311
57895
2098
74069
3201
2894
2319
3835
32086
2545
2319
2977
1569
20431
11205
1440
35092
8306
25130
72564
9216
5215
3666
64836
2747
5099
1599
1238
2923
56317
18927
34595
4237
3645
1989
2843
3471
1928
75926
2252
3401
4397
3084
3080
1970
3047
1662
3681
39288
2001
9424
58688
2907
2657
3702
21824
22426
11631
2925
3925
45446
3149
35344
2500
1301
3086
1562
2506
3336
1953
1464
3048
5014
2965
1571
2039
2116
3421
69091
27322
81840
1566
2131
1763
2495
3160
1933
43338
2722
815
8972
2667
10531
29664
1538
2854
2886
2003
102987
2708
3548
47190
3478
4677
3593
3521
3687
2657
20640
13579
1903
52994
21020
829
30363
8219
27761
43627
3308
3591
2819
4076
3190
3759
4395
3680
7107
3813
41240
2616
2573
2127
1802
766
43150
3534
2617
4716
1627
3024
3679
1682
3728
2511
5248
2627
1784
3252
1433
3629
12284
2211
29410
10382
1056
2951
15942
2098
58536
2859
3796
34712
41420
8157
3684
39230
1422
2780
2996
2808
3066
9563
1435
15976
2031
2376
1669
86832
83782
22610
2866
2075
3449
17497
3992
37936
52495
57484
2734
37652
2115
19543
6639
2314
1597
5289
4296
46657
25786
15078
5613
1336
1105
3515
5941
3404
57990
4090
76311
3065
17295
106576
1033
4211
1509
11118
2231
3094
160132
4576
133562
3677
3598
2220
3321
2006
8921
4201
1601
3006
3964
20026
1520
32220
17909
2138
1461
3511
2056
13040
1982
73268
149614
9886
889
5930
4414
55764
1773
2809
2434
11170
1084
56444
1215
59924
3011
3627
62486
3293
2150
3147
1382
2740
2816
71779
2864
11953
19143
2206
23664
1402
28703
18592
2154
4998
1716
4720
1670
79670
38368
3706
1791
5890
3398
3506
1132
2570
1940
2238
1953
20286
98822
3058
4702
2494
3945
3212
4185
1862
2522
20822
2644
23360
1834
4665
2981
1518
3312
9920
100203
1116
3405
4465
2976
2564
13528
3013
2650
3368
2375
3380
3560
2055
2723
7410
2105
3251
2403
2328
3306
3179
2819
1782
3095
1208
5242
3369
3560
14361
18434
1883
1323
1214
1443
2710
6753
2947
2573
4026
41203
22461
3446
91654
3291
58556
2488
2847
2595
27751
2109
30158
8757
25906
2323
1349
3155
2992
2570
16114
24435
4373
4773
2854
28298
4636
6136
3153
3763
5150
1985
3246
2546
3178
8429
34405
2429
3753
3034
3389
4884
2445
3344
3275
2526
2409
24140
16527
5998
2851
6616
14773
35862
47096
15253
1564
2534
3827
18280
2086
103999
1978
5272
2600
14300
103841
3874
890
31518
29384
3165
31527
117977
2659
11087
3068
2272
2013
2597
3787
1149
1365
2204
1427
30817
44822
10667
2353
1446
23778
3343
3303
4041
2129
1350
3378
4181
3301
4484
2981
125709
2429
37928
62097
3348
27297
16184
4057
24098
19318
5174
2793
3097
2848
21521
1297
4413
24133
23412
3383
17096
2575
4132
2316
2290
2228
79167
2964
3017
35446
78834
2179
3998
2386
4007
6281
2937
3531
2764
2243
1296
7829
2532
24267
3004
71798
1888
1849
4345
2342
3018
6578
2657
3431
27927
659
3219
3264
3057
19610
2085
1042
2000
33931
3792
9381
2907
12303
2626
2015
2047
2918
2416
1774
4217
2186
22793
2968
4086
1055
19676
1830
1707
44115
1533
3444
58883
15899
2055
4041
18833
2159
1534
8393
11764
2091
2544
2413
2586
10824
3019
2421
4903
3041
3035
3016
3415
49607
2905
1049
18825
11366
10097
2231
4622
2755
1798
53563
1291
2311
3357
3655
1865
1721
12380
76339
1133
11333
2826
3240
32485
27651
3095
1728
2719
30101
2052
1510
1433
2086
2111
4696
2873
3612
37423
4669
15976
2362
3171
3661
2209
2192
40738
3402
2752
712
616
9429
1529
2208
41024
30228
57008
4182
3623
66388
3891
1045
16828
2536
1837
2923
16378
26231
1347
1128
3557
2218
3423
44552
9300
12929
3726
2310
1287
4014
1926
1929
3704
2965
1607
1390
56230
2204
14159
2977
1104
4854
25110
20514
11720
1910
13865
20881
26161
56252
21512
24735
1858
3174
2170
1719
2731
2037
2553
5402
3265
1759
12229
4357
1381
1426
3202
1484
2259
3508
7126
2795
2950
1702
31225
33107
2577
2714
4384
9964
3466
2701
3903
83573
1121
12455
3178
2140
2222
3587
1616
1223
3125
3117
4142
4356
46795
2987
2027
31414
33814
1210
14801
29574
2989
51226
9269
1373
1862
2073
1802
1332
34808
54756
2634
3593
3122
2039
20606
3739
15909
70853
1261
3884
2616
2911
3221
2045
4559
4025
3552
7531
3623
1192
4851
1885
12665
42748
5909
2765
11986
12429
3426
17995
47669
6446
3259
1168
18938
53668
2567
2016
2009
2399
3419
2236
1164
2752
3214
877
2993
2820
45349
3206
2005
35638
4374
2184
67391
2572
1971
3785
3545
2706
2536
5741
3808
1542
6274
29074
21101
7602
61010
6160
19726
2791
24315
2682
3145
14552
26817
20967
2775
28663
2447
1591
2495
1426
2081
7016
1738
2757
3310
32212
37348
3952
2365
35022
26057
2671
27671
2399
3535
4020
2215
2209
3955
2726
7081
50374
2634
5613
914
1755
8789
2433
4411
2156
500
972
3841
1840
15268
7830
26756
3380
3794
2666
2052
4015
3112
1676
62137
3013
16965
4408
2522
2101
1268
2511
1287
2121
2277
29304
2327
1230
1347
19754
41782
16741
10343
2490
1309
2177
1431
25455
162373
1489
2696
2702
3415
81930
3933
72700
2726
3311
39748
35393
25764
47713
1792
3596
5954
4108
1627
2053
14960
2363
1506
1495
63537
2635
4359
93673
2707
2874
983
24899
3378
10196
7510
4099
2682
38822
864
13961
949
3015
12249
1214
2759
1970
2521
4459
2928
13579
1078
112257
3463
21762
2625
5961
18390
874
3611
2572
121482
1331
864
15774
2930
1818
3402
2329
2794
76317
3291
13732
80935
4173
3107
52566
3361
27533
12385
2644
2722
23950
19743
3993
13333
40830
2253
1628
2003
2931
2959
1772
2597
12982
21248
2318
3308
10338
2293
1521
1396
56591
2043
3436
1832
10463
6209
2186
86997
583
107549
816
2223
15537
3518
2508
10830
4364
21484
2072
90587
6823
2284
12149
23632
3453
29046
2923
25168
2649
15950
2469
3635
3295
1003
1512
4059
2547
1120
22461
1408
3123
40787
3594
1590
6468
1436
44282
2323
2895
69332
980
39388
1985
3313
2142
48273
3492
3014
13544
65160
1366
785
3269
4053
7675
3242
3370
2917
3975
1648
4046
2553
1720
10364
2302
17871
24614
2727
13656
1096
3852
1987
17957
3127
2895
2305
1690
75043
38800
2231
6270
16100
3071
56439
69610
3630
2859
4378
26461
3473
53871
3413
82430
16837
16082
47232
1617
2535
1864
2220
3426
4823
1880
2728
3552
20556
1302
2965
1652
3481
3069
18871
1917
35978
4034
26836
22814
2150
2290
2944
3700
2670
1929
2842
1768
1534
2280
7149
2847
1582
2348
2596
4486
3918
94523
38156
29720
2131
3849
951
5090
2262
2587
2557
1133
74878
693
2737
3094
2518
2217
1636
2629
1256
3730
1214
2065
37121
2242
2164
118240
19559
36773
12273
1555
2265
17740
8132
1838
115410
29559
57831
2069
3091
55360
28878
3549
4203
79187
46825
7886
2787
1240
134068
30596
3570
17601
929
3426
3987
44791
15780
7449
3024
4843
2968
5675
1950
2227
1418
1797
4648
3377
10700
8199
41777
3049
3452
2134
39039
2445
3930
2587
42192
15246
29682
48831
22500
24849
3045
26533
2907
1930
3265
61681
2104
2320
3727
1390
3246
2517
3607
3474
41604
15463
131512
1933
5787
2362
3738
1857
2179
81031
3990
24256
1610
3543
1417
60462
2992
2309
2555
18297
3196
22340
7088
3333
1184
2910
3345
3868
12000
56778
3917
2502
23322
2751
2817
3650
2896
3668
3493
1939
18907
1103
1867
3026
2683
3227
4175
1858
9249
70021
3330
17267
56937
3160
3513
1941
2233
2869
3927
1118
34037
2047
1055
1826
1806
30793
4108
35944
41942
14317
61861
37107
3950
40392
1308
747
3447
2622
1650
36208
4638
2998
86279
8246
131518
901
4578
81295
6129
4870
3835
23664
2599
5903
59493
1800
4764
2848
32447
11693
39040
1002
2825
2980
18193
2185
41721
1455
1941
64099
2452
3438
3232
3541
7961
2189
4257
3859
11179
2580
3817
4894
3165
2572
1486
59871
59835
3001
7243
2931
2778
39501
34996
64444
1690
46322
16904
91002
3273
4435
2389
3731
19681
3870
3217
13336
11186
8950
12546
1395
2203
3361
35216
20337
1544
1518
2904
3078
2797
29092
1642
1843
2220
1421
1398
9979
6400
1775
11322
3695
27121
2327
95926
3071
798
3459
1946
5512
4854
47969
1484
2679
47478
16913
3784
3876
2440
3289
60662
1012
2926
31595
2846
1239
22928
2931
1974
1917
3085
2374
1138
1787
1941
3248
2879
2239
3838
24206
12789
21999
3066
2875
1480
3054
2426
1942
2500
2873
3464
58707
3050
3515
3512
43799
15353
3441
2752
3064
2138
44887
105292
2126
1599
4155
2477
2926
3243
47180
3371
23575
905
2096
41769
2470
2201
3193
1959
3601
65019
2733
2603
2961
1828
2981
2487
23911
21479
153122
1176
23560
2200
49749
2642
2244
2577
4064
28772
1290
2421
44348
2874
3457
1904
24530
4582
41340
2530
1034
4783
2933
25562
4657
1511
1826
1814
46417
2591
2975
2738
2759
3404
33063
3607
1321
7007
2875
1887
15627
3765
3893
3774
3513
3592
20678
817
2800
16169
4582
5039
1667
1707
4487
2691
51676
3039
20051
3431
2890
118284
2677
1309
1080
1689
3328
27126
12385
2367
30547
2370
1625
1368
3541
2536
4195
1183
1194
50040
50723
1586
53973
41053
2789
1904
2002
15169
24487
3304
39519
1822
28355
3195
1597
1847
1015
3151
21970
2623
27794
3453
2607
2731
1417
23929
24330
67536
1748
6128
2763
61001
38875
43082
21263
2598
14637
3509
3387
3801
1628
2006
1970
15008
3156
15553
2083
19140
1189
13999
3798
2821
3281
3020
3254
973
2237
1996
4270
2528
3609
17330
3237
2546
2839
2186
3254
73903
3894
10367
22646
31298
1409
1275
2904
4167
43244
3015
3475
2595
4391
2381
2452
44106
4330
3655
2321
1772
2590
2907
3104
2440
763
1287
41355
6057
3203
17590
7424
3046
19949
3253
3332
2322
12122
1965
15293
2142
4516
18278
64478
9600
3766
16215
1344
6709
3118
1875
2092
2054
3765
2827
4868
2191
18039
2161
3075
2628
1263
6723
1997
801
1828
106395
1438
2174
41650
815
1711
2403
1984
3484
3801
2103
16200
21008
650
3150
3585
3330
2096
3147
42023
1565
1563
2365
2673
33713
3005
68882
58837
2922
1365
1292
2993
1406
24936
3072
30077
45777
2005
2665
2700
2518
7429
2583
79395
3358
6833
1771
3301
7817
9032
19419
1481
4154
2972
2302
3391
4103
10532
3835
21088
1919
1256
76172
26389
11380
5962
2519
2671
2236
33013
2674
2275
47986
36286
3545
3834
3125
65829
3095
2957
1779
1581
4034
1803
4304
10117
1771
104941
1367
2733
1408
29732
3807
22390
63768
83750
31612
2417
1268
37612
2405
49556
2384
35486
65575
2205
2466
35882
3211
1396
122395
2721
12865
1635
3850
3771
103818
6288
3710
2796
3994
2476
30930
2989
25869
24849
108661
7910
4532
844
71920
3335
3087
2422
1692
3546
1431
1660
2325
4321
13427
1526
51648
3072
17544
3232
3093
3511
63541
1431
2938
20178
3711
6186
3275
6599
3554
16240
1006
2449
15479
3538
3240
2809
1687
3262
1254
11175
5502
4917
3559
2450
3756
82974
6222
2264
6381
12511
4268
3670
3593
773
3551
12935
29208
2279
3247
14686
9191
1736
1337
3048
8440
2020
1328
1243
2914
2470
14153
1909
27935
22514
3207
2635
1562
54960
1424
15025
1001
1647
30754
2254
6473
3349
3307
4835
3679
119151
1405
13655
20443
1286
2035
3190
1216
10426
2433
65304
2079
820
1762
898
3030
3286
14504
2029
2533
11204
4492
16267
2099
2529
32110
3033
4455
1904
50676
41779
3953
2608
7353
32061
29938
2844
2150
45375
2573
17297
1757
10741
18070
1537
3603
927
31594
3500
2739
3194
1265
4043
1174
8070
2563
2890
28827
2044
2156
28823
3531
2846
12031
2302
3014
2146
3288
921
3275
6143
14053
8707
21894
2033
2920
3290
2236
4056
20963
3075
1696
2688
13852
44881
34767
924
1387
1263
2871
25971
2243
3042
2643
3626
2681
3092
1792
2801
19383
3346
6234
2947
13548
17561
47782
18278
1137
3411
4851
31274
1238
4418
847
1730
35649
3739
20400
1476
6608
133582
1482
4397
2498
1558
42678
76625
2348
2361
4230
1039
2140
47625
5487
2009
4285
3369
1381
3637
3087
7299
2912
38436
4126
2775
2207
1583
15969
1727
2704
2807
2880
3644
38044
3511
9940
24954
1905
2316
2916
17699
1153
51035
3814
4329
3045
2259
1418
1313
2200
3478
1936
2543
2251
3493
31213
604
2013
12620
3734
2735
3941
3956
6626
8109
1914
2045
3243
1234
20655
2557
3042
2937
4554
1572
3109
10261
3534
2303
3551
1838
21386
4590
2766
956
3317
3113
12648
1226
16304
1680
3001
38219
2675
3583
3428
2103
1944
12502
1690
24439
2634
4708
40419
3579
1739
1932
1205
3231
2723
3262
29999
3053
37341
3400
23864
860
3183
53813
2582
32325
2175
1340
2731
140507
9464
3335
12618
1873
1908
2215
33084
3694
4117
10659
10206
856
1152
1368
39046
69314
3395
10843
1668
1822
10787
2746
1977
3663
2205
3631
2788
5093
52443
2442
3120
3171
43151
733
1686
3260
5365
4014
2708
3762
6764
1175
3803
51674
2831
13105
51279
2717
14438
33212
3148
4709
15018
1614
82905
3478
4129
3201
9236
4721
6891
2434
10066
3205
10595
479
40323
3700
1916
1779
24240
60477
38149
2817
3343
7304
2844
35422
2065
1989
3633
2227
17252
1434
3098
2656
3508
3170
1487
51795
12194
2253
3160
1269
2578
58936
1336
2660
3524
1611
76695
7310
2853
2338
66371
2557
3157
23271
1356
12060
611
13937
1969
44489
1529
3099
3614
3134
3686
3614
3617
2889
2387
2218
1594
87002
3857
67686
38903
1934
1363
9691
16334
2715
1518
3779
2576
1242
3397
2340
2501
12074
14406
42623
3783
1698
41817
70842
3301
1902
182615
2818
4480
15738
2501
16809
3347
4483
3133
24025
569
3903
4030
4590
2335
68313
3423
2811
40020
3005
890
68495
2065
1959
2252
1674
28279
59556
19678
4218
91617
13675
3257
5129
1131
3698
3929
2441
4280
5433
3477
2531
3196
1941
2936
906
2174
4081
4013
3017
2531
1237
1867
2039
784
2106
2356
3460
2280
2559
4199
3791
2065
39042
18522
3847
2608
4433
3744
3544
2616
33958
3141
1296
2522
3626
4108
8460
17903
2126
1745
48402
2061
1297
2054
1993
54374
11667
2804
36853
10666
52306
2450
3293
1546
2042
3166
20100
997
2147
3737
3438
1433
25059
3471
1868
4234
2207
31593
1728
1908
3459
2269
3350
44451
77906
2285
2311
2689
3009
2560
10445
4014
5121
2348
2412
767
3400
37560
8741
27240
822
1188
1448
16678
1346
2570
3963
30743
3362
849
3456
182141
923
2436
2914
2190
3379
2317
2824
1774
10409
3200
3404
1389
4103
13954
2708
1515
17722
2675
25293
79119
2741
11472
2115
1565
4365
3011
2950
9157
3939
2488
2060
3841
3293
2821
1762
3251
49717
39620
3194
4779
2932
2267
1511
4331
2844
32178
1892
3390
2082
18210
2832
2670
10857
3415
3588
1124
3681
35422
7064
9657
22106
51766
3644
3407
1576
3732
4395
3704
1967
16175
41446
16545
3486
2439
12309
47327
13214
21358
3381
2668
15739
41722
1791
2693
2521
4548
1834
8439
3436
25977
2844
5184
23447
7565
2171
123932
2956
1730
18975
2091
5409
2872
15012
188158
3177
96717
1552
4881
1307
2184
8357
3763
37536
120084
60856
2045
2855
6431
2634
2550
7373
5527
17102
1660
56387
3736
2881
6054
3271
1233
63134
1257
2249
2824
2085
2875
13129
3071
4040
187874
1535
1984
4017
395
3019
1786
2536
23162
32321
1277
3521
3194
3152
2791
4347
1031
3248
2171
1143
1636
3331
2678
22262
2261
31576
986
2514
1381
43714
23900
14994
1588
3700
7235
1753
3028
1660
3819
12100
12295
1739
33700
4562
13924
18016
47445
2272
6945
6468
1755
807
3892
4424
1703
1651
164181
13412
3661
3110
683
2339
984
1588
4580
22815
4310
2078
12159
2799
2679
3527
66224
2567
9731
2770
38587
9980
33686
1974
2005
2722
1289
72257
3902
1749
3522
1781
3251
782
60401
3680
2186
4017
3744
10229
8242
35692
1991
64329
2702
4086
3021
3004
13041
3643
3582
32906
2016
56879
3074
2529
3430
3496
3694
867
790
12230
3955
1283
3879
77997
3956
943
2471
3406
915
2211
2723
3386
2325
42144
3145
3497
42950
3570
11894
1583
1575
22267
68031
10480
27362
8633
1986
1685
1785
48562
3772
123630
29267
97050
26031
24201
17704
34337
2316
22079
28094
3130
1799
5631
10655
3922
3543
3061
37768
3593
1151
2389
572
3619
140762
4405
3603
3151
3024
16704
1205
39551
1733
25396
118202
3524
1623
1767
7846
26203
1460
2607
1674
2550
2963
2705
2048
4508
2752
8279
2955
8291
6246
3606
3491
23679
2867
3457
16680
3066
2210
2011
1578
3906
24778
23981
45664
4334
2235
50431
1062
15264
3417
7348
10019
7266
3662
5256
3726
3085
2467
23572
4019
2535
1006
3017
31519
49614
1635
3097
21295
1703
2527
3597
18096
2466
31010
2735
2730
6955
32461
1526
4350
4742
1977
3625
1784
1122
34192
2332
3799
2035
1808
2402
1255
30186
2906
691
4446
1554
1974
2842
3462
626
1283
2856
3969
3288
1616
3141
2603
39668
101735
2223
1499
2768
3496
2565
1779
14741
61705
1266
1894
1172
3609
2835
3759
1374
2536
3013
56672
1168
68494
2278
18974
36677
1165
2689
37117
1210
2950
2006
1706
3480
14176
1669
2495
3021
2042
38390
62879
1763
2703
11752
18167
2486
2428
3277
2621
1290
2205
2173
52562
3460
1708
15634
1311
4400
2641
27792
5493
2529
2729
1420
17427
1931
4041
9037
93481
47778
3657
21560
4180
3148
4165
3501
3644
3141
13663
42482
1529
3164
3976
88702
19084
1386
4037
1204
1671
40075
2225
3098
1231
3869
4449
2251
3251
7680
86675
20256
3912
3939
65312
610
1678
1283
2717
1740
2325
20431
2888
3510
4821
6945
1600
11875
4547
5247
3491
2002
1941
1620
2120
899
5110
1914
12050
3040
2038
3056
4133
3212
1483
26471
1651
2098
3290
1081
3845
2461
1700
3729
1134
1043
5515
2968
2502
4520
1420
2509
3457
3479
6930
2588
4073
3014
2963
3324
35787
2538
38178
90817
14197
4462
3120
63264
3727
2138
4007
30927
4856
1711
89443
2251
2572
3200
3092
6206
2635
2514
3874
1892
51150
10072
2059
19585
1557
2701
1850
1671
3149
2015
1840
3960
2558
9468
1955
2465
1937
2868
33399
2248
14769
74022
27120
747
15083
3447
93253
1285
36438
29820
1151
71873
4712
4359
1301
2595
1528
21939
972
886
2977
1983
1893
3045
3244
3128
29702
1829
23413
2245
30400
3665
3362
2075
1426
1677
2162
1241
1304
3528
2405
2488
2417
2338
2505
27962
9431
2813
2314
2341
2651
806
33926
9232
14002
2905
2240
2490
2934
2540
2250
49673
2746
3654
2723
2361
2324
17031
3388
60894
2909
20855
2921
1778
46571
2020
29425
3220
803
2555
39944
1192
2768
2849
3672
23558
2054
3982
8058
1015
2484
7703
3498
19790
4382
12733
16297
18376
3479
3147
1916
96934
34245
2104
2217
3866
5519
4253
3442
2753
2012
2047
29111
5331
1356
2810
2347
4932
3475
92771
3309
24084
3832
2823
1907
2411
13439
2110
1286
2568
2660
53698
40200
2737
3150
2201
1739
32152
2032
1421
3703
5315
25076
6917
5313
59502
3236
3242
1190
1139
4114
34376
3449
2330
2237
1426
1600
47851
20031
1547
33615
22555
13172
1118
14705
3017
2200
2898
10085
2855
15011
10990
12105
8247
3684
3418
1946
71568
18332
3751
1496
92419
51709
3157
1431
56406
3878
3787
3029
2096
38756
831
42859
2595
12848
21954
4201
2486
28592
2418
3470
2500
4161
130225
3048
12541
3263
1396
62841
89632
3532
18610
2802
2629
1895
2426
1346
3271
132835
12553
2538
3157
7998
4041
4001
970
5571
16361
2223
3142
43641
3199
1723
4933
2031
1400
45131
1724
29240
3071
23665
15141
1975
23574
2798
3659
25717
3505
2469
3480
2646
4641
38781
3456
2319
1297
4262
777
2953
1981
2530
1558
3075
1497
2189
3643
2342
2821
35016
20074
3473
28921
2426
24114
2818
2486
39478
1805
4468
13403
26256
3697
3622
2503
1682
738
3067
22039
14517
2623
2397
3376
2192
9020
1779
3445
4048
1968
3675
29605
2742
26382
3844
2817
2870
24647
3986
2795
10182
4854
64150
2597
2158
1987
2695
8945
25618
1322
4270
225071
1650
3919
2686
76466
11731
2086
75137
24295
2122
1640
59774
2502
3125
2318
4158
11853
2617
1620
41160
32825
70585
3216
2855
6309
2727
3819
2190
2440
6758
2082
2507
1660
2570
1973
1715
23303
3021
2430
33232
2813
3448
2724
1179
24061
4328
22977
4632
2266
38763
106619
3097
95182
3413
4255
1236
2785
2667
1767
1557
6202
4539
2014
3071
2559
2818
977
2321
70778
12763
1732
3606
2216
3793
2213
13799
30983
1610
7549
2281
1809
2541
5322
3388
8679
2274
474
1275
10550
2648
2838
3851
2767
15075
1214
4077
1497
4256
56598
2489
4282
2853
3311
1398
2417
12797
3199
1812
1578
35821
4173
3105
94318
2741
3801
3088
2573
1991
7127
3264
98295
4059
2553
782
1645
1743
10359
84837
38064
2275
24039
43421
2232
25923
36106
2483
3814
1871
3439
4257
5451
60757
1262
2475
2735
2294
58276
2942
4200
1580
22598
2721
2648
1452
825
1631
3928
29035
5032
3607
1754
3860
2393
51566
28566
3674
3725
3823
3193
71874
159366
40203
1284
1972
34710
3081
10002
19146
24533
2183
3803
3364
51778
1373
23788
9389
5121
3784
33305
3287
2129
1387
836
46330
42338
4173
30503
488
23299
4322
2454
1782
49064
4202
6209
3037
25302
10821
2813
1792
2427
3063
4576
3639
5508
19026
14872
4265
2633
1640
2765
2781
2879
1367
2703
759
1333
32687
5598
1585
3176
3751
2915
23921
1209
3743
2380
34724
3559
30402
1800
26264
3972
3442
10619
63552
2700
2049
69590
4131
1200
1859
1749
11360
6126
1121
2208
1704
3940
3094
3446
1686
3090
7336
2426
54210
1848
707
2171
134520
39607
3702
3472
48695
2309
2328
5175
12394
3081
1581
801
11300
1474
1846
1063
36404
10390
1895
2464
4144
4011
1727
3684
5813
19867
26976
17494
4235
2315
3849
1910
1987
1394
2715
3133
3101
2345
10889
2410
86118
4109
1236
2419
2161
4566
11415
2969
4009
23032
2043
88135
2774
4160
3284
1326
3059
95028
1141
2648
4155
2256
24072
50143
15174
1734
73841
2223
3820
15114
1308
1776
12078
2769
2863
1537
4009
1978
7921
2494
65157
30398
4062
68025
1726
3946
3806
1888
2900
36867
2652
2291
5540
2027
2526
44080
1868
2870
959
1776
19159
61386
4722
1200
2218
2135
2621
3214
2553
2787
3438
962
27057
2541
2840
29250
4722
4722
87878
26196
1400
20771
1729
38649
2149
8263
1124
3392
56481
35235
29674
2648
1306
64117
3093
42580
4056
7064
2593
22002
1414
1880
3917
4322
6272
3799
22732
3358
2281
3864
2365
1441
3229
4773
3091
1581
929
2937
2666
813
2071
4213
18815
7958
1975
18894
43356
7724
1550
4472
1805
1507
3462
1985
3212
12991
3270
28530
3119
1737
3277
2654
3607
2673
8229
55693
2728
15567
53090
3697
19456
5282
24657
986
44186
22700
1249
4386
3183
24367
6610
2965
68578
40848
7818
42516
2092
1542
2762
971
2448
107055
54209
18627
1498
11516
40079
3245
7639
2898
4667
3560
4286
4001
1076
2881
33105
11235
61074
6233
3858
2628
22196
2682
18971
36177
4665
3425
2301
2738
63712
3261
3706
1587
2602
1930
3487
30183
1165
1583
2148
2484
2289
2673
1326
1830
2579
14377
2970
1419
3711
3484
27223
29992
3617
4423
2789
2836
2313
3225
6435
1869
23775
3498
3437
11018
860
7127
1859
30407
570
60435
2733
24661
2913
3117
3938
1965
4754
884
40166
97996
864
18356
41728
4487
3585
3147
2720
3370
34051
2332
2310
1842
2827
3662
63538
28023
1702
1845
2261
2945
2799
2094
2040
3103
3115
4153
721
3037
25111
2303
5176
1899
776
2830
117504
3340
3351
2304
48649
31268
54283
2437
62664
2999
1140
2364
3670
3413
13320
2791
1066
2478
2053
2053
33249
3651
2162
4060
24035
4008
3008
23702
3284
7292
54849
1097
9315
1556
1207
2148
2690
3371
1571
26524
3053
27135
2368
10969
1445
1500
13318
1418
1973
2336
10175
2366
3192
24850
3075
3305
11482
2572
10599
2775
4268
2451
9987
36557
3499
2289
39999
2735
1164
14482
29901
21726
3038
3595
36062
1942
3313
1583
1079
2293
29497
96731
1257
30019
59019
2615
12024
3243
5983
12699
2905
9872
2862
3954
1407
3617
2271
155181
16186
3755
21703
20871
1127
2244
35718
2238
55553
2594
3985
23174
73321
28621
1024
3405
1753
4084
75792
9684
1296
2066
2588
20181
2619
51591
2539
2723
2039
3399
2527
5755
10145
1578
2274
41599
2630
2123
1269
1996
113386
3468
1980
2669
15334
1850
2649
2196
2206
2275
55729
2192
4243
3396
2138
986
2392
1124
3089
1722
8967
2233
2533
167153
1432
2021
3031
1872
7001
2104
2984
3175
2994
11287
23492
1849
3354
2750
2518
3156
27374
3197
20572
1740
59801
2296
3534
15980
2738
91041
1161
2253
3922
3519
26369
23285
1954
1794
2851
4070
6122
2056
1196
2023
3073
5922
14719
3884
1399
828
3615
1294
2553
2070
3639
7589
1281
20753
1750
1509
46712
3882
1643
8308
1986
12131
1883
3608
2692
4343
3285
1278
23553
1913
2649
21512
7786
10630
2048
86500
2455
1184
2432
41456
2648
20779
36464
493
1237
16805
3656
3034
2193
140003
2940
4202
7257
1937
3039
3849
3224
3145
2634
1793
61260
5506
2516
2304
25562
5893
5242
37186
4196
19458
2193
36163
3976
48698
1939
1850
26793
5653
2820
63803
25934
64722
4357
30431
68954
3023
12466
3108
2994
2891
2243
4568
2861
9642
35995
5992
56267
48610
23052
994
2055
27380
2753
58994
16780
2890
15721
1593
10040
2277
18484
3119
2562
3595
759
3421
1010
35494
3710
1700
2431
13504
9655
6016
3052
1411
2859
4160
2553
3594
2019
4272
34759
1648
3343
2572
4085
139006
3370
3797
2438
2550
2875
2845
65455
1641
1906
2596
14767
3728
2450
47390
33339
32577
9924
2202
46960
4377
1336
20904
4329
3801
2660
4241
1145
96414
1756
3966
2647
4352
25087
26674
3969
4031
11740
17249
2342
38954
3331
4759
2698
34436
3978
4096
2553
6236
22344
2825
52575
6808
105002
6628
27029
12461
1797
15241
3503
3010
1748
41196
3240
3347
2831
1751
2043
30702
2400
4342
2863
3110
3607
2564
52293
39549
26085
3895
2745
1954
1940
1855
3193
9596
3062
2236
3316
2805
1391
2267
3859
3149
3260
1217
7108
30819
14055
3271
3102
26738
84425
1635
14473
1682
2560
1336
2259
2538
2080
2830
1867
16608
1148
2781
1960
2507
2239
2020
2509
1329
3428
45859
2118
2205
1859
1555
1474
68610
2744
49874
4856
28541
1404
19085
36927
3274
3236
54550
14803
2894
17424
2458
3773
32277
2930
2764
3950
2379
3034
2404
33020
2629
3428
16419
2866
2833
3798
10572
4296
2586
2738
1556
5403
2364
3334
2564
5760
3971
2314
58092
26965
3299
53640
2418
1364
2736
988
3186
3700
1337
2613
1245
2360
3841
851
2824
19205
3247
2352
7175
35566
2070
2850
1366
1832
27249
18626
2517
6533
5276
3269
18979
3506
8028
3828
4392
3518
37102
2260
2473
77742
2295
29878
9504
4462
68293
12607
11265
3775
2558
2998
2586
47845
2743
11116
3273
2502
1294
4330
3071
2289
16147
2643
1530
7668
2458
23422
3793
809
874
1769
2394
3436
20790
6177
2548
3793
32962
8803
4617
16072
6902
4018
1243
628
3424
2786
2047
41511
12049
3563
2638
1931
3820
47883
1159
1826
2233
1805
1853
5057
2419
898
7803
45511
2191
86023
3073
30738
2642
11019
3964
35768
1705
3190
4418
4384
3156
3269
2334
4613
1731
1434
2859
966
1957
1547
5512
1623
20285
2598
1175
3524
7707
2182
1723
2063
2745
2289
36382
2104
2609
7738
2776
2703
2357
27431
146111
3899
1912
3773
29282
2370
48087
5955
1675
3081
74904
857
2800
6409
4040
7557
2437
1331
3363
13478
1884
1859
49688
3800
2834
2254
15072
3554
2215
2833
27395
2566
3151
1441
14689
47333
1600
2050
3689
1944
2759
1716
2674
23377
3611
65888
4773
17905
16413
4746
1560
2727
1919
2911
1715
8110
2385
3291
1311
1297
10801
2741
3806
3175
4002
3571
3225
1462
77849
2615
2944
36420
70937
44870
1390
2020
2741
2387
24304
3379
78427
4191
4642
19165
2702
1712
1851
1174
4709
2132
2467
23388
1937
24730
2886
2270
1092
29862
3127
1929
24202
1545
3095
13740
2847
56644
3132
2848
18226
2226
3801
2165
39844
2802
3284
2148
2849
4669
3840
2321
2553
2754
2165
4593
3047
3613
1195
2545
4147
3067
2286
2394
4073
3728
4774
17644
3256
2828
1933
2654
1527
35269
3241
12557
2290
1386
4651
21984
2948
65838
3074
15106
2356
2462
15617
2945
2354
1575
29425
4218
2366
2767
3173
1995
3306
12697
5666
87159
22603
2040
731
2161
4759
2822
2981
1415
2124
6792
3950
14049
2147
57315
17256
2384
1745
15236
3773
1934
28206
2498
33385
1333
3030
3006
3626
40049
7579
30605
15555
9350
2338
3724
30267
4225
32013
2067
1827
2050
37542
2019
2178
2950
13666
27472
36109
3843
11560
3239
560
1369
2968
3097
1393
4221
3996
2001
55002
3620
6739
86646
34752
3328
2358
2919
3588
1781
3733
1742
1100
2691
14032
4238
3043
1404
2884
1594
2223
2392
3896
3238
804
2542
1745
3070
1818
3564
2566
8823
2611
46132
2150
1163
1891
3269
4068
2982
2712
1751
889
17331
34184
3137
17395
1907
37080
3770
2121
85499
3094
3428
25378
3180
15134
2107
2846
3078
3860
126094
2973
1291
23709
2340
1830
2643
3592
3758
8953
3925
18351
54268
40076
4119
2889
1175
3722
11651
33599
3227
3048
1640
2300
20993
3007
4710
2461
27931
3366
50891
1794
1431
1872
1330
2766
4126
1904
3116
3662
2098
2212
2405
45393
3212
3244
2532
31805
1925
3285
24976
3416
35512
3812
13624
4039
2184
1885
3114
12604
4927
15256
4072
2306
54934
2895
54997
3865
7517
13838
3777
1385
3512
8682
2287
2513
2692
2744
8694
34868
2402
4336
3336
3639
2959
54811
3537
3203
11142
17237
2037
2417
17419
3263
2716
14749
2218
3303
3267
3759
2801
48427
4512
1375
3000
8816
1013
2440
96424
2798
3875
24183
49871
58046
2549
2284
3901
6199
40721
2916
1988
3361
2338
762
1592
2207
58816
2171
67119
2330
10870
2182
17971
66557
2199
510
2445
1934
2299
3365
37264
8508
18630
1160
2961
1619
1369
11289
868
3901
2708
3773
2667
4444
2406
40938
2772
3992
5920
1822
3515
3601
87629
62999
2302
1711
10579
4850
40691
3520
20649
2218
4029
3743
3912
2511
1195
1850
54475
1750
41261
2290
3414
27589
4026
1996
94224
1800
2544
3363
1944
4086
9575
1944
3011
923
1651
23373
40291
11684
1130
1685
4068
2270
3341
26801
3744
4649
1878
1161
33236
26735
6234
3932
1429
11456
1160
1896
3495
1327
64051
2866
24732
2963
2067
3408
2300
2207
33921
24482
2346
9882
3149
3092
5703
1407
791
62815
22689
2643
1809
68862
1085
3006
1017
2266
3491
2721
54456
2784
4430
38851
3419
2309
2079
2579
1980
2047
49064
26041
3083
2159
775
6582
1631
3042
1461
1041
34229
48525
4205
3241
2846
28235
2410
2637
9483
2282
2637
2394
32601
2511
13609
52535
12672
4499
1262
129679
2169
77344
3078
2467
2812
1538
1644
5281
1892
3104
2218
1966
5289
1031
1840
3349
22912
28840
2124
2810
15341
3156
2679
1492
20428
1621
4540
3063
3159
12502
38437
34372
23844
3179
1553
2836
818
1856
2673
1312
59864
14141
3114
3201
12502
3172
87724
1709
3895
845
3296
3743
2242
78861
10992
2371
4220
3335
1435
3889
6854
3751
1039
1675
22078
8572
3025
2842
2445
45022
1805
2931
67503
3669
2814
3174
21021
2368
4701
46369
27892
3467
2822
1265
2879
95124
4463
1194
2239
33165
3073
4644
941
2231
1691
2638
76463
20190
10022
11569
4538
1718
2097
1630
40025
2281
4468
1216
29704
3546
3215
1689
2321
1420
1864
1267
36381
2235
70389
3587
5042
1970
3852
2149
1278
3657
3351
3688
13287
7587
14240
2574
3672
1619
2219
3853
10574
3145
49505
1327
16286
2491
3937
1475
1261
2731
944
2969
3070
2759
13350
7307
3064
46293
31063
12620
20543
3140
10353
3041
2331
12681
45681
4370
2955
2127
2132
17352
880
7765
83259
55055
3722
3423
16905
1759
1874
2571
2395
19422
122163
2219
2324
7174
3811
13907
2739
1936
3610
2379
3384
25933
3555
1571
33365
28251
40566
1537
4201
1245
4787
44208
15519
1088
41647
2508
120399
3700
1305
4448
2855
1258
2640
90794
49896
10751
2586
4171
2799
20803
60644
1921
1541
3014
55535
1384
8286
2147
8650
2373
22717
14473
1720
42597
1934
2999
3049
1558
74034
2259
3507
4543
2144
1014
18372
1154
2804
87656
3612
1525
2973
3247
2037
3669
794
4373
34108
15146
7122
982
2453
19600
1134
2180
2133
1769
2581
3433
31692
41128
47542
1677
17136
2483
80856
14317
38123
4022
29832
3512
33203
48406
2429
10700
1488
2454
31039
2129
28142
2450
1086
1559
55393
4121
2776
9852
3138
67500
2734
2077
119896
1494
3828
142659
4505
2234
3195
2547
16137
2510
12558
1135
2517
3015
2329
1911
2032
2164
4029
2002
3243
3878
8646
2815
2344
2716
8364
1995
1728
3306
1473
17937
3643
1240
1396
7925
3609
3261
33000
3417
2865
1851
81661
838
20536
2836
2789
3917
1922
47899
1309
51397
2753
14695
3519
3431
1699
12053
2288
2354
1350
1807
24841
13980
2901
105331
34252
3616
3129
3828
3724
2385
2433
5027
3779
2189
52594
2801
3008
3960
1705
3262
3460
2288
3090
6210
2458
3289
3598
2922
5046
4339
4153
4281
3054
27149
29475
3407
81078
1495
1522
5591
2646
2855
30657
3588
47886
786
3831
2713
2408
1687
76866
22557
17191
2276
16196
1294
3569
3573
13114
15264
3094
2266
19479
27094
41835
2537
16573
2393
7984
1778
1515
27748
2343
2618
2880
1988
1803
3513
2095
36405
10363
3597
5057
1720
76157
15703
2719
3072
4348
19720
1856
33841
2463
17536
2499
21998
32588
1941
3317
2706
73159
19978
2722
1976
1645
988
19426
1790
29679
956
2473
23022
31733
4243
51558
11584
4066
4559
154149
6960
43155
6642
2162
3399
2605
2582
29676
2614
26463
10261
7572
20019
24802
2729
25261
6926
2005
2653
38317
2550
3320
1029
2679
2795
38025
3248
3605
3479
2433
17287
3756
41235
3103
27827
4675
11590
26344
37917
5292
3876
19656
2612
4424
49548
2527
1269
1475
3189
4253
3729
1656
2332
2667
3658
2005
1882
2827
1518
2522
72477
20511
5769
3006
2325
23985
59605
3372
32133
4684
2578
2410
1045
17174
2113
2128
1324
2933
7373
16264
11833
4131
85883
62625
90003
4678
2383
2973
2606
2581
73967
2375
2100
2846
2894
4976
1653
1924
4336
2362
17302
2985
3024
7283
2988
3993
16188
2736
22132
9774
2643
2244
1137
1846
3583
2701
1579
3037
2864
34524
4396
3658
4509
4532
4386
2604
23075
3432
3599
2774
3281
2165
1304
6970
105340
3390
3409
1555
2363
37193
25903
4275
10758
2645
2681
838
19252
19387
33816
30203
2922
2248
1066
9048
1711
2002
2929
11158
1959
3891
1459
3121
2479
2411
2633
1821
803
16598
2026
3548
2475
9412
8383
58859
7407
3325
4053
69216
2265
41866
159115
15018
2764
2630
1815
2035
3413
3130
2182
2850
2413
4262
3141
11766
2775
2022
2756
1668
20215
2897
3477
2733
5925
4301
2272
33654
4597
12886
23744
2237
31134
2086
2838
31747
3911
118562
73795
8921
4481
2166
2649
3216
3276
2759
12040
1292
1047
2162
4193
58844
1346
1612
2253
14461
3194
22995
2753
17611
84130
2287
178611
2414
2644
3455
4184
2849
3095
2501
3137
1999
10961
2502
2080
2987
1872
1903
3087
2519
39970
3609
2581
1990
3753
58160
3322
51678
2446
2730
3472
55233
25486
10187
3508
1840
3321
1549
5557
2149
2392
1959
34353
20231
11272
3924
5807
9262
3218
1630
1704
3203
1210
1738
12473
1745
1634
18948
12938
12058
3558
1968
23233
3272
52892
1687
3559
3866
10709
1449
2249
3306
1639
1148
2865
3374
4024
4463
42425
19438
1273
3653
4303
1568
3349
4239
1784
6224
1680
763
3858
36936
3309
3074
3124
2214
12108
34055
2412
5854
5196
21406
2334
1933
11472
3900
1521
1679
25332
3361
101535
9212
34732
3109
39137
3112
1006
3349
3028
3625
13351
10335
2865
62016
24668
970
44895
2351
9060
3912
2512
2341
1728
2927
3501
2885
1043
2649
1409
2579
2385
1390
53221
2670
2892
3021
2704
2108
9552
2179
2388
1306
1385
1779
3621
3048
2112
1420
3405
4707
76558
3019
24316
90645
29458
2276
2935
2767
1524
2868
13240
23779
56601
11612
2548
1518
2390
1490
3546
2238
59911
1872
1156
3558
3076
4468
1453
3877
222061
1847
1976
2694
2753
28764
100541
2712
2047
3102
30620
4689
2980
24712
2302
847
1770
1975
61790
137147
35876
1772
3302
17086
3025
48409
2927
3303
8487
7105
2873
1976
2899
3658
33922
1626
1773
2884
3153
20567
2553
3570
2736
20251
3383
49220
2944
31475
17781
1930
3314
5578
17633
2783
2574
2341
1375
5169
1404
1570
2973
3562
13215
4164
4079
2765
4780
3274
2694
1910
3024
1330
1668
2562
2965
2796
3274
5648
26699
1838
4339
2637
30799
2820
3238
2080
48328
3396
2692
3573
39044
21540
23526
2911
79116
1878
18786
933
67341
56698
2461
2238
1945
2963
2518
8322
2558
2746
2723
3688
2247
1558
36939
2511
12330
16733
25407
43374
2950
1552
2665
1330
17092
14793
2807
1455
60275
2909
39849
2064
3379
7051
43225
2406
2804
28340
2328
1093
1156
2392
3877
984
7644
2448
2219
102773
1898
2563
1464
1908
60383
1763
2394
2480
3845
3269
19932
1780
31983
905
110356
2920
948
3057
1788
2018
52541
4024
8920
11419
8516
11897
3044
59245
4072
2643
21638
3089
2974
10919
3190
2298
3499
1903
2486
2681
2999
3175
2349
1594
1009
3595
3351
3690
1835
3297
1209
66366
3966
4072
2508
130085
3912
893
4139
1916
2672
3389
34232
20526
1363
2398
38485
3028
1621
1226
1839
2033
3473
913
1778
2616
2351
3201
41085
1271
1906
3707
2620
1393
2906
1854
33193
1925
77142
3598
72005
198042
1630
3280
42245
47698
3379
1959
2075
4188
41423
1521
1059
4794
107045
3013
2202
2064
42267
95362
3117
45875
1047
3032
4186
2018
2214
1414
1624
58679
3255
3167
5343
3846
2478
10075
17390
28151
23484
2020
1380
27019
2558
2154
3035
2938
43469
2499
13471
2165
2554
50643
3026
3687
159663
2341
2289
1790
13630
4781
3740
2473
4230
4507
21075
1704
2913
2651
16092
1432
3024
34444
69246
5449
2350
457
1551
2283
3210
4240
29083
1297
23765
2602
46950
3667
2621
4157
1878
1470
90287
1532
17354
1625
20081
2019
2896
2975
12300
1879
2188
2939
4065
1075
3168
52225
2174
2914
3612
1761
3074
30818
2390
16915
2187
10162
81391
1631
2233
1561
3427
962
1722
91524
1388
1572
11427
2763
2807
5609
17844
43213
3249
3389
17197
65303
2779
4591
12616
3558
3976
2538
54401
1117
24668
2316
10774
1308
2794
15762
2435
1547
2837
122353
3852
2737
24123
2443
1271
33725
3469
2185
112886
2455
7076
3020
2768
3960
3798
2948
2183
2634
2442
1399
2835
1958
2430
2139
2789
2510
2879
830
41934
84528
3899
53336
48894
2101
80501
2024
2822
12555
1569
3002
5059
1676
2613
14067
17977
7520
1826
3751
3776
2305
15747
3167
9269
17322
2896
2935
37277
1055
16425
7167
1395
1802
3449
6826
2007
36663
2130
2271
4201
1287
27314
41041
1883
4086
36856
31702
22608
3477
12753
3547
14264
1834
2083
1390
3691
3386
10625
2521
5057
3122
16630
123807
102422
3174
2724
3653
31154
10110
1901
3784
4299
2149
3159
858
4882
4588
1985
3327
106430
4211
34065
2455
22069
35735
18686
1076
2440
8162
17274
3083
44796
1466
1938
