3178
36403
11886
19229
4063
5242
1663
2068
21618
5244
2645
3336
2335
3325
21823
1067
3908
80239
58362
3045
3020
3260
2431
3850
29278
2974
30440
3809
32503
3930
4444
3253
3611
13737
2365
1423
4699
5592
1258
29879
3537
2975
66752
2586
1834
138035
2268
1897
8717
2553
3496
3451
4696
1751
22351
75806
2848
1797
4274
3552
45867
3095
2179
3663
3179
21817
1600
42554
1788
2718
4435
2768
3762
7913
3188
3184
3190
23124
3712
1785
57589
24314
752
20966
4264
3984
727
4585
1698
35910
2311
2480
2780
70477
2306
13208
1880
1085
4041
3514
3829
2803
3835
3640
2093
5417
4869
4715
3266
3637
20783
66775
930
15034
4918
5954
1410
41021
2700
2867
82923
49875
4760
3235
35701
50167
1163
2746
84372
3236
2114
27239
2281
41355
1500
16438
2406
1462
2504
6973
9775
99004
2528
2871
1640
2710
3268
31003
3216
2893
6452
3382
27367
2958
3393
1701
2733
58395
1922
3818
3073
1905
39011
1285
1123
18106
3381
1672
2119
665
2252
3398
1774
4137
2991
1558
13686
3149
2498
56443
3701
11846
9325
2994
3509
3903
2576
25172
3007
13809
3043
4353
2038
55258
1598
2907
3722
24274
4765
3103
2648
7553
3053
92301
17102
39715
2014
15364
2588
3376
2059
5139
2560
14507
2862
2529
1844
2701
43369
2193
2660
1021
26187
2162
2772
3036
19900
12428
2671
3293
11820
3584
3394
69361
13241
4229
3783
1394
2688
1676
5139
210035
2886
28352
5035
50292
2044
20745
111939
25487
44080
31456
2319
2235
3527
1592
23778
3505
3159
2630
2255
2978
22959
1815
2756
2812
3281
2882
14720
15018
4315
2745
8783
3584
3695
4008
5132
3645
1814
9396
3035
2424
35425
57315
2853
3100
1640
4922
106659
5300
2608
2317
3551
3287
3378
1158
1631
3006
1355
51991
3348
3786
3170
32682
1856
3417
130681
34842
3532
1199
1541
4822
2005
45816
4144
425
1366
30494
42676
3057
2442
3515
7509
1980
2908
2680
1684
3655
1495
4036
1134
4112
2819
2140
1083
11333
13766
3304
1543
39879
1946
1130
9616
24616
3516
3109
18523
120029
1705
11174
18219
1815
54154
63470
1283
6623
4545
3257
3322
3309
1403
48159
3450
5159
63975
2845
3211
3103
4774
1751
40547
3681
920
2751
53334
2524
3902
1455
4084
3925
15389
2186
2218
12571
2864
2840
2773
2609
883
3948
67323
29072
1677
3270
2096
3414
3923
2405
76954
71989
3638
34843
2174
3321
9352
15668
3916
2277
5726
11770
1901
20583
3603
10357
3075
129412
2063
1785
4060
31947
3291
4432
4200
3149
95707
14217
3801
7313
6705
2762
4732
40442
2471
64623
19640
3692
3397
2936
2347
1833
22411
3541
2698
3849
18986
5036
2609
2830
5122
22036
2000
3283
4685
2048
2252
2966
1355
64694
16021
90808
3102
33377
2309
3898
2496
3686
66391
2143
4096
1262
77349
34553
2116
41002
5928
3513
3874
2157
2167
4486
6817
3846
2470
3142
3038
800
2870
26929
7659
2718
2644
3339
1194
1573
2222
2794
1307
31686
3399
3933
2302
3744
2067
3216
13530
5056
2493
3033
5108
2848
5282
42839
3837
2999
1222
4392
33225
3461
4490
4168
1117
1930
3991
878
2075
48289
8967
2130
3880
4317
4740
3237
61817
3502
61196
51694
2317
1987
11556
62862
30510
1716
4980
3039
13920
2951
10068
2474
3308
3410
2095
1777
52873
3778
3637
4392
35021
3449
1635
25747
3326
73956
1830
3523
2790
4318
2114
2709
48419
2623
45194
21490
50468
2248
824
2452
89373
4511
1322
4279
1636
14266
1771
10748
2225
2133
1558
1172
2509
2032
27840
102916
1569
17088
2925
2905
1192
25531
3314
28198
937
1529
29984
2666
65521
134825
3733
76300
15880
3107
3374
2816
28366
2918
966
17023
70783
1947
2634
1924
1845
2772
27150
3309
3545
64307
2077
2838
35147
3581
46852
50313
1740
46962
2669
2945
3006
53550
4756
1981
3397
2094
3116
25863
3174
3101
26899
4631
2963
1755
11936
4373
4682
3668
1729
2875
116342
25113
2661
2073
27112
1603
20901
3413
1892
3425
2444
18842
2445
1256
15399
2203
3595
48377
3742
24316
1385
3637
35609
8823
62095
35484
11985
3944
3398
3783
1855
2119
1879
2033
2408
44003
3139
86776
2667
22013
1853
1730
19885
17222
3506
1264
10077
39068
1804
15439
803
17609
2936
2014
2655
3018
3473
3636
2376
27131
4267
1670
1512
2178
5498
2907
1506
3968
4055
46592
3694
53957
12039
28354
1705
1545
2855
2907
2790
3473
848
4751
3378
2458
2411
3747
1042
4280
984
2322
3849
2228
10482
2287
1622
7682
3448
1938
56884
3232
2227
2934
1576
2387
4342
3203
2869
4183
3111
3344
2796
2026
3329
2634
5333
4447
29897
3012
25444
3125
55832
711
4481
70187
2865
9406
2201
51943
46750
142687
46181
44474
8878
3125
40163
27958
3645
3014
4554
82553
3078
9376
2189
13751
3140
9775
48892
2627
193560
2887
7350
1690
2358
1428
3577
4516
73628
55594
2628
1463
3529
31639
27863
2252
55532
3505
1429
3542
3609
39275
39858
2013
2720
880
5710
785
29950
2228
3075
3871
1468
81038
2601
1931
8404
27278
3675
1978
7943
2687
3478
1518
21504
4369
2690
1051
1871
4415
77438
9199
2260
12390
19988
1203
2936
2060
1833
71283
23747
35178
3919
10285
8699
4066
4634
2361
42631
16916
14733
2364
4416
2671
2621
40290
2338
2508
17569
1143
4498
2297
3486
103768
1868
9808
87590
56592
3231
17630
152316
2770
960
2693
3072
4418
5529
1806
4553
3953
2806
2507
2251
17418
2295
2680
5361
1188
24241
62359
3220
31494
3414
2839
4856
3655
3575
2663
2548
1564
16080
2003
37361
3006
1741
12273
1950
39025
3181
2683
3677
2137
2355
2103
32560
4961
7878
4284
11649
21918
4934
2402
1979
2530
2282
2236
3497
20161
2030
2977
19067
2069
6254
3526
3246
24254
150090
11907
2050
1985
25615
7063
10153
2385
32140
4256
2388
2110
2497
25978
3934
29248
3286
2489
3595
3373
8663
7666
1330
1718
4321
2061
42040
44429
1383
42085
4207
4029
2305
2086
18545
2327
5910
2091
13601
24444
17706
3628
2158
2691
8468
4293
2655
2728
73382
38912
2405
2053
1837
1134
2405
12085
45114
3123
2427
2575
1895
12484
3280
2030
1843
3062
1086
8969
61394
3880
34699
2625
4288
75053
78992
3032
47119
1965
28158
4122
33947
1107
4088
53170
21381
1788
3678
1870
3682
4891
1264
1358
123308
1525
59039
3762
8383
52482
3710
17133
3560
2116
1457
15922
815
2814
1150
2635
26792
52406
4257
30448
8587
42926
2304
2256
2428
1613
1014
3758
3254
2357
2600
4017
62231
13770
54113
37539
1599
1988
4255
4590
83975
2728
2184
13801
5543
55307
22397
1611
1976
3350
4302
5702
2797
2831
2749
3745
842
16158
3738
2071
1752
3852
24856
6892
4954
4695
881
2242
2887
3860
4827
3573
59505
2327
3495
2929
3705
2246
3359
16593
39248
25558
2149
3878
3101
3318
68232
3948
57402
125741
3719
5392
11977
92894
3756
2462
2024
2909
4235
2086
16000
1278
16989
93312
2176
2342
9228
1425
3496
22103
1742
2107
4410
38599
7209
3221
46063
23917
1682
5517
55463
4091
48937
1960
1950
28124
1761
48390
4040
3186
21942
3747
3355
92197
1798
3023
22193
2581
3133
3747
2954
2656
3605
39963
3365
1551
3646
2926
3441
49111
11311
103751
3177
18685
2828
3220
1291
2030
24796
4447
2783
3750
37013
25921
2213
3545
2898
1287
2957
2557
3431
52707
4742
2791
2637
41943
3048
1967
2822
3536
3147
17181
48195
60931
3769
1738
3619
23315
1935
1217
2122
1582
2342
72545
2157
19031
76028
1818
1897
2709
15710
3130
1325
7764
2335
7110
70795
48928
11543
1511
8708
1026
4538
2437
1650
2808
4236
1162
1943
3577
2348
2776
2177
3097
2732
984
1550
2499
4028
91273
2100
1298
2446
3532
183172
31424
138378
35316
8560
2660
2815
3353
22439
2384
48289
5351
4171
2568
2439
1310
976
76533
3808
2467
2584
130346
2991
26821
1961
3787
2399
1152
1717
19099
2660
14190
5144
3761
3899
4220
3834
3017
19285
2666
4052
2300
49979
1217
4173
17984
759
21790
3633
94176
3099
3790
1572
805
14465
18591
1466
4908
2606
2327
2947
39575
706
3183
14832
28409
1938
2086
3778
3189
3141
210031
1891
2928
69698
16899
3067
16406
9760
639
3175
5582
3781
2562
4219
24111
14693
1076
3211
18505
1929
2302
2753
1904
3371
1459
3410
55955
60868
4735
1177
3081
1825
42220
66477
3699
20795
93409
2943
2057
3061
1883
22115
20611
3270
13818
1813
3862
3963
61766
89645
73696
11095
2996
2714
3098
4208
2666
4990
4350
3160
3385
838
34216
1575
2307
73816
3428
13133
4080
3935
2061
12006
30080
2928
2972
3185
1422
39578
2237
3072
3450
2245
2243
3883
3980
9704
3064
3419
91081
1745
18160
5050
12117
35495
1744
76063
95443
2998
9700
86478
3114
29796
1239
24827
19152
48562
16389
4854
3227
2072
2897
3015
20407
33559
2246
3717
5639
1020
2513
2654
5304
2923
3643
3735
3202
2093
2986
16768
1795
12452
3164
1065
4444
1682
27271
2231
3906
10918
3271
26933
2441
50982
3414
36492
3107
50383
3669
1988
13785
8196
3330
3029
3666
2477
2881
6666
2664
70632
445
3159
1624
3180
3620
16619
2891
3383
4151
912
4919
5286
4037
36685
22411
19567
1234
1218
2514
3928
1582
41941
6167
5163
2277
2924
3109
2618
1901
74338
3467
4311
3584
13530
1982
40845
68257
26064
39292
1523
3014
2997
3501
11647
2842
2648
2884
55197
3641
38502
2395
2923
60778
3723
2626
3304
2863
33993
1526
21249
2911
22325
2561
12026
2221
3262
4360
6570
10011
7304
11501
2954
2823
2604
2670
2756
3938
4748
1108
2619
32405
7805
66390
16622
33796
12265
3364
3299
59421
3274
25801
4100
9583
1390
5620
39426
1493
2081
3663
4021
2505
2928
4895
3957
65613
2945
2769
3200
24551
2666
53855
3984
7380
8930
7624
997
1509
2976
2073
2129
1435
2259
61206
14390
48149
3666
3218
1428
3271
4856
4977
2919
4350
2672
2504
3399
1027
3721
3487
57672
3924
4073
3569
2743
3600
1467
31266
1172
3303
2630
1419
2453
3523
1523
3374
3435
2483
3250
3993
2360
3938
3681
3000
9370
2857
53717
23672
22900
24160
51719
3146
842
3157
3279
2069
13406
3350
1879
3356
61672
3064
3820
2185
12715
1324
3113
3002
2200
4372
3344
3915
2035
90091
5807
67474
1916
12098
3000
2827
2730
2862
2540
29573
22773
2990
1355
4531
3806
2344
62287
1412
1983
26298
44431
72653
3872
30890
37259
1578
119778
2434
28196
1231
5021
1899
1722
41771
1636
2899
10411
2910
4291
2637
1614
1593
2149
2595
9567
81544
3452
2000
87229
1041
2010
2139
2520
3853
4541
1331
2812
11920
1796
1958
2510
4011
2185
55359
13793
2173
3340
18341
3814
3696
4337
1706
2747
2094
27576
1888
35597
59322
1387
60279
4186
2706
2704
2183
3987
3369
69889
2670
4139
3851
2026
1899
3471
12102
2081
7541
2514
3095
28185
3840
4251
129090
2712
1903
2817
4112
17297
32199
1172
4669
45152
481
1660
4830
40030
49867
2544
2029
3843
59515
3598
2572
3558
4706
1763
1935
22776
12282
41275
1808
2859
2448
1387
9931
2415
3049
3687
1146
2428
11021
2847
7409
2804
22026
2103
14951
2706
1269
2940
2559
11752
102177
2622
42316
34384
5363
5196
5061
2574
1875
38858
1239
23029
4480
2136
13857
25585
22702
1454
3116
958
2369
16925
3821
3144
2786
889
3893
16381
4381
6071
2184
15895
4059
1577
1914
3679
11288
4167
9565
69515
35443
3311
2408
2824
3200
2439
2814
24660
2936
42747
2604
4224
86425
2120
28580
1804
17011
14985
3208
99200
2987
2332
3426
4856
3544
5234
7133
3681
2599
10185
2292
3002
2684
2246
4128
3431
4442
34597
1726
2634
1897
3205
4041
54775
3524
2470
1697
2869
3450
5998
13936
16897
1243
15744
3356
2526
3374
3212
1440
1606
4314
17309
34816
1553
3310
2680
2789
3137
2824
3273
3330
36344
3675
1157
22839
16640
3779
4369
1615
3789
81432
4376
3581
30089
60111
1503
2875
68751
2347
4966
1457
3174
1213
2994
1162
70748
32295
1286
4943
3201
17454
8322
2011
3136
22457
10039
3358
2819
3359
4172
49036
53100
3780
2958
1661
2801
563
3305
3375
2775
1699
74321
11816
1572
167482
1681
3993
2541
2580
973
76156
1866
14039
4490
3706
31471
62246
18197
3054
19358
1420
3885
2091
82716
3181
2081
3062
4533
2209
2988
3669
2334
34329
2812
3397
40816
2986
3079
20200
2520
22510
3527
2292
1087
2842
2500
736
3360
926
12457
2385
47658
2214
2356
2425
25243
70636
99625
13135
9553
1788
1432
1730
2529
18527
2625
1423
2948
3595
3090
2227
4158
1090
1784
4247
2864
3508
1332
1597
32406
3226
1813
105949
3429
18994
51352
3719
5243
2871
9516
18066
3444
15162
5287
1512
940
14346
2218
3945
2248
3839
3823
3528
3798
3528
34364
5472
53542
19844
2374
37279
85905
32486
6893
4253
2894
1064
2309
3005
23178
4268
3603
74351
20412
1171
3514
2696
3251
4588
1871
3259
2238
3029
2513
1399
112534
20549
1244
1062
2873
3617
4556
3645
2448
4928
3057
122828
47382
35120
41455
57435
56934
1627
847
1819
1644
66424
33256
76911
1182
3202
58870
3656
3713
3366
1752
3339
1145
2833
2972
2659
29883
19264
2788
3108
1999
69959
3091
3333
2862
1846
2829
7729
2623
1690
29468
2099
3185
6912
1459
3229
21807
4623
2611
20452
2309
43541
2169
1717
14505
2766
1851
2350
2485
3907
4287
4053
34296
3331
2710
50117
28054
3322
57523
40917
2732
59362
7963
14215
46354
24174
19646
1703
98273
15434
3530
15854
1462
31249
2531
1814
1850
21858
3154
4132
1564
2966
26291
14254
2987
2820
10637
28989
3078
1844
2730
2254
149742
37456
2951
4174
1858
1238
34515
27033
993
4403
2317
3590
2287
2941
17631
2573
1683
3423
8403
4604
21063
18441
28688
3871
66253
69623
23400
12478
42476
2953
3509
48646
2188
29047
43157
22047
2811
8199
2955
1362
5175
6800
3162
1693
2087
3970
4237
2317
7298
2567
980
2313
16361
3376
2201
2845
21511
1588
2032
5095
68547
37602
3775
1942
3573
2013
4940
2664
2744
22648
3099
1965
2760
3101
2145
3367
5941
2193
4990
79384
2527
2370
3871
2279
2765
2139
3739
15825
3571
2383
4470
59088
33993
7061
1948
1789
9662
15730
23199
2517
3214
2528
69352
18321
91307
4674
3030
735
2437
14214
1326
19258
1538
724
24802
1700
2508
2734
97838
154690
3349
2457
655
2230
3203
3222
55852
52771
26204
1496
53333
50391
3141
3234
2503
2132
1776
1618
2754
62106
2163
2871
18611
12259
21171
2183
75582
51262
1764
3031
1816
3181
3341
3861
2217
3007
25326
2079
43965
22216
11275
15201
6175
1958
9677
31010
3472
2292
37487
22242
1371
7213
1307
12358
2569
1648
2119
2502
881
1351
4359
2771
31651
2210
1434
3081
34652
2749
3011
14500
2943
10211
2593
4064
19597
3198
1695
33376
44393
3056
3098
3506
3723
2912
2024
51779
3236
123993
1286
2337
2991
44794
3539
2696
183796
70384
1643
2528
3940
3098
2958
1448
2017
1919
65433
3207
3196
2323
6049
52596
2352
2349
2799
3867
58955
3398
1842
36650
43746
5261
2791
2373
3535
4017
4306
1030
3115
3957
1738
3943
3924
684
7070
2490
17206
40767
13181
77568
850
1645
2920
989
1490
4463
8087
2012
2157
80272
45037
1364
46556
4583
2303
1582
105224
9904
1630
4004
4271
1944
1685
3177
3759
11768
3062
1196
37619
2790
25971
2017
4841
3042
66308
1230
4194
2106
25740
2463
3410
2286
1141
1600
2819
2768
41734
104152
3460
1176
3277
2626
3382
1943
3097
31083
45533
36526
2359
3398
5869
2183
10798
55000
4628
2469
3223
3336
1700
1646
2268
2791
2830
42260
1186
2103
30897
3612
17273
12808
1846
4594
9377
1606
89535
34746
1970
5236
4009
3197
9374
3399
2785
56870
104669
9011
2590
2138
2699
2108
2961
4169
1968
2224
20843
3670
4434
2553
3826
4116
2725
17471
1304
3167
18551
2000
4290
3624
2010
821
25188
2772
2889
41328
3852
3678
2490
1720
2950
52370
3182
2593
4526
2178
4484
2802
1684
2365
3146
4227
47935
3400
1974
18937
3481
3854
3698
3661
29665
5803
83471
1784
3131
1214
1425
3248
3824
47850
2030
13451
3744
23502
1703
2888
1850
12613
1386
2546
66382
1799
4239
3356
21883
3468
5015
69869
2571
6510
5434
162875
2842
5287
24383
8656
3737
1251
35782
2684
1624
2979
16855
3569
1710
4224
20636
2471
15880
2630
715
2324
5438
309328
3107
2579
30502
27347
2399
3702
5267
3484
56045
6635
3233
1057
2424
2720
2439
2193
4436
1495
2570
4579
1221
2517
2387
1157
3928
1691
4448
4546
10439
3140
3809
4249
2234
2983
1420
1977
7936
11192
42281
2475
24120
2742
2967
3867
3492
19732
1725
3186
2869
51783
3558
2938
3597
2682
1230
51314
2418
3487
1702
1320
16993
2417
2253
22760
2486
3605
37649
10642
3525
1743
1817
2167
14663
1456
63874
3411
3834
12044
43846
9567
1798
8686
3774
4567
7104
5201
3083
14096
90373
30179
14729
2173
3873
85537
13317
18221
2300
5272
4396
20029
4504
46421
62315
24623
3768
54633
3522
3484
3018
2826
22996
92983
2885
4229
5764
32134
3838
2620
4109
2166
1883
55341
91260
2302
1896
935
4070
1846
1986
3298
2224
2388
3340
101973
805
1709
6679
3373
2115
1872
14155
19958
8961
5421
4546
3633
2883
1986
3122
1392
8414
51885
4407
3228
4318
2923
2321
874
2357
2263
30899
2374
2318
1525
2100
15196
1736
24150
4344
3231
3265
8612
10644
1448
72971
38628
901
3745
13434
2129
81246
4211
102248
79538
48084
3954
52797
4027
2473
8306
1917
4195
3718
2541
30859
2348
3249
4204
3469
2359
3949
161436
3010
1710
2731
2742
7475
2689
13231
10466
18837
3024
1057
76268
1365
39679
27749
2465
19541
1969
23825
2319
18016
3955
3688
40469
22483
636
4172
1660
3691
2542
1615
46101
3073
2209
2491
4271
1875
760
19713
17440
25970
2822
1100
4906
22923
96967
3306
1952
2920
15091
3827
14113
2436
59544
3216
2378
68792
1232
28971
2860
33385
47017
28948
2601
21534
3329
9226
2921
56758
3655
3503
32239
3410
2638
22141
3007
1351
12947
3041
16982
3749
4241
1462
16465
2809
11778
2730
6165
2217
17473
2804
6520
2634
2801
2677
2890
2579
38878
2541
39870
3065
2258
3543
3067
2762
2230
2981
4358
1488
3362
28289
4709
1508
2629
1457
1488
2443
3766
2353
3213
2911
2749
37371
8034
7887
13441
23771
4159
51952
2112
1599
30066
17424
2538
5580
1518
43102
2641
15719
3603
2659
1627
85361
24949
1957
31497
4973
2295
3109
1624
10861
4485
52951
2635
3439
5871
12793
1582
4076
5630
2479
2232
2839
1216
2855
1196
3678
27543
3661
2668
3495
4305
3179
2868
3222
2745
26876
3528
2906
1344
1162
2749
1569
3108
2360
3952
3559
15305
3292
3280
3570
3514
2940
5303
4799
4532
31107
1617
1504
3852
2739
796
3413
15674
3165
3592
1635
3011
12862
1619
1988
3504
6834
10693
3056
41701
3429
1686
10593
2586
4219
2541
12988
3562
1164
21018
2071
18886
54077
42207
1236
2225
1458
3249
4018
1398
2929
890
4384
3846
4322
18800
3572
2066
2461
66729
3519
36906
26778
4213
1806
4728
19727
4667
22295
4259
3161
19664
45705
3019
52519
3380
3516
67157
3852
97516
29910
3324
2061
33353
4785
3391
3080
3045
102002
16040
3484
46413
49927
3992
10967
1423
3426
8911
1568
4628
18858
8743
3752
2984
4445
3187
21624
5270
1342
1693
2342
50719
14974
3119
59080
2246
1128
3350
51254
66329
3023
2847
40371
3439
1148
29673
14144
2400
3459
15595
2180
3370
1200
9695
11742
1781
17304
3142
29838
1751
2535
43349
2888
2887
11646
2678
3214
2984
2839
38328
11409
3005
61044
2676
3167
2228
2278
55496
2266
21605
2492
1727
2266
89477
3603
4659
1538
3458
1668
65051
3338
3444
20675
2711
31092
3080
3504
3632
36625
48779
3355
48994
3782
2459
13617
2896
3631
2489
69383
2196
2524
2300
2464
52089
1772
1730
21068
2375
1092
4761
2247
10907
90783
3200
739
45006
3327
4472
2676
2426
4498
12711
3972
3588
3601
3097
4393
1326
2808
2644
2599
4421
1217
2080
2142
97129
3276
1932
3593
1781
4466
1625
56919
7613
4189
3113
8519
3305
4484
3038
2435
2790
1280
50031
2805
1146
667
43955
23936
3339
41844
3043
29388
2648
2157
2067
16230
15646
2314
3500
42495
2990
2469
2402
4510
23235
2969
2859
4288
2390
45779
2690
1880
3511
1131
22360
14740
3128
17295
3168
3229
2390
2153
1638
47410
3696
4424
25284
56929
1755
87325
2565
20734
2266
1160
5540
1632
2507
4329
3058
70800
54480
1951
1308
3747
3808
34261
13772
2210
2634
1836
34101
3378
2296
1460
17411
3125
59594
2359
1184
16390
70270
43423
1793
2673
2577
3418
2739
27484
1616
4057
9331
4333
2223
3102
2942
2795
2583
2534
129656
23161
4499
3379
57037
28335
3713
987
3181
11075
40164
2689
3471
8659
4051
3173
3127
9230
2196
3654
15070
2551
42965
1676
3707
2544
4235
21353
1148
2537
2025
3988
785
4486
3874
2581
3124
16811
4410
2307
22434
62557
65378
3704
2420
2266
2761
15211
16228
46552
3273
7808
27342
1922
8077
1348
3326
2691
1752
2468
3677
1401
46280
2364
77044
3226
1294
2348
3623
94818
781
2502
26602
1240
32277
3761
5216
14762
3719
28147
2735
3272
85647
2024
4216
40752
1982
4172
2062
4033
81641
3838
2713
2130
2452
672
4209
2668
2449
1834
984
26101
9909
56500
2107
2606
4142
5878
44383
1674
8851
2943
2837
24112
3255
2657
1030
13336
3642
31937
3511
3773
3716
86787
123106
3884
20277
13634
3079
173846
28195
48926
45313
2901
3931
2426
2461
2308
2051
2710
1830
15738
2678
2284
3529
8712
2605
2240
3825
5191
2236
1599
45652
34962
24154
1633
3742
2041
11877
47564
2921
22203
1935
60223
43520
35059
62299
3960
10688
30074
1343
2558
4189
4662
99228
2228
3312
9106
15556
4437
5977
2084
3191
2624
2756
44027
58313
1407
2147
3709
12648
1721
5031
43541
12030
3052
2792
102366
5252
2233
89571
1995
3172
59850
10714
3561
1272
4431
35869
3005
2477
2075
2479
2866
70294
65666
2414
3116
70003
2722
3269
2596
15586
5420
51124
3426
3185
17953
2793
34898
3087
2067
4280
3401
1992
3106
33636
5533
1596
2354
23103
886
3194
2285
1646
1913
44887
20143
27757
1379
31095
4606
34238
31670
21927
2831
5383
29494
1536
2117
1629
3963
2956
19370
23136
65651
43964
22748
1221
11591
1660
92577
1749
2246
3874
2827
36754
2901
6850
2714
18745
76138
3242
30728
1852
4322
3346
3910
93713
2779
72419
72802
2642
6312
1376
4984
3052
2887
2284
3254
1423
4919
81736
2183
40675
34496
17518
50215
2721
61295
2979
1421
3453
2650
106119
4571
2228
10336
2085
48556
1902
1345
24257
38308
11997
12904
4718
2144
4836
28039
3215
926
1880
6271
3529
1897
2923
4480
1475
3470
3803
2042
3443
64198
3695
30758
28197
9027
37797
1788
23547
2241
1454
3276
2127
31494
5443
2862
3974
3145
3770
4433
1537
4088
3421
3547
1763
32741
2833
1522
1462
1467
4853
14047
2699
1820
49819
1664
2137
2895
1170
98120
66593
1738
9519
4206
31245
1785
2572
1600
2342
1686
1767
65181
995
4270
1981
1628
3059
3740
3673
33138
1192
14953
29593
20803
2676
3760
14522
2666
3091
1974
3027
43753
2754
2885
29860
2681
2968
1921
4318
2090
3051
2725
58378
3983
2411
39527
2515
4906
27123
4948
3657
19392
2159
2726
2814
972
2806
2729
3276
2510
4402
2630
119779
3599
1171
2061
43474
16170
20644
3184
4637
3736
5408
3124
37235
2662
12966
3211
4373
33050
65618
49881
1209
2690
8611
2549
1574
41929
1474
58590
1798
2403
167286
2015
3365
47917
43477
4018
20527
2037
2179
2578
101479
3936
2732
5253
109256
3245
2412
5046
3626
13413
2671
2467
18012
3281
2508
3811
50417
34859
2050
4024
14783
2244
1788
88271
2257
2943
2226
74317
92149
2911
3529
2059
1699
94128
12583
2627
2750
11966
2295
35364
1748
3636
1990
3709
4273
8135
2284
51134
9349
11107
76402
1846
1995
161941
2955
4337
43511
1278
3373
25511
3418
2676
20179
1461
88230
21695
5067
16553
1982
34229
1863
1654
1946
17050
2397
3361
19591
3952
2304
63016
1003
17009
10665
28881
1144
1129
2010
2845
8588
4080
29938
6978
73151
3252
34477
37549
15527
3261
2789
27582
3914
2668
50453
18895
3972
1380
4426
2232
3030
3403
44412
2397
3023
2958
1414
1741
2348
20407
46219
2660
4367
4304
25982
3219
7963
3617
2891
5741
179442
128388
3537
4171
1132
23232
2398
12146
2460
2936
964
2571
3261
1478
1731
42005
1582
18309
4087
1568
15024
3140
27456
3398
52706
3077
9256
199219
3316
2555
19478
16201
1396
3336
3607
26120
1643
4054
45654
4421
3114
7727
2664
889
2131
2894
2716
2298
1340
4206
1958
10871
2406
2670
1305
3732
2892
11693
28552
3523
1428
3467
19182
1828
1787
1251
23553
5411
22184
2926
2642
5475
4125
2284
10947
26470
4473
3022
1421
3579
49145
9049
1966
1397
3212
1802
3274
34712
1918
94342
121539
3127
2957
3332
3384
3322
3099
53896
2109
3375
1633
823
3576
2605
2732
10748
2624
1785
3321
2056
61431
1449
1549
11560
1890
31052
2105
20206
28719
17270
1738
15022
2792
2053
3684
2166
3511
5080
1029
3160
32475
2143
2781
17902
57904
1915
27944
1547
903
3494
1786
537
1841
3205
5281
3128
2388
1562
3049
3005
184844
59707
59316
81854
2801
3261
8103
1958
12518
2404
47151
2684
9597
3573
2257
2223
2427
4765
9327
2111
1258
1743
22089
40096
14031
2028
39860
2586
2320
2922
3330
4083
3499
2013
3217
12058
1366
3040
4173
6011
3298
2191
27353
3128
12384
2062
4096
2590
31101
30134
1235
1986
4981
65589
14334
2687
50453
3646
5896
97205
2189
2257
3718
3579
20855
2139
8938
2919
2363
2556
2296
2195
10845
21888
2118
3641
10981
112088
1087
4417
40396
3760
4089
2919
2242
3905
4244
70300
2395
2584
29346
1205
13713
1723
2263
2543
6080
2874
977
1003
33215
1402
54889
4167
3977
17334
3437
6824
2711
2584
3122
4211
6288
1216
79048
1732
10904
3680
2519
3103
1695
3916
3996
1168
2917
2995
1831
1963
2365
43175
9777
2792
609
1164
1078
6057
23226
17325
3344
1425
3705
3342
2192
1731
2582
1278
69288
21259
3510
5767
2396
207619
77531
41578
1992
3064
1797
15951
4397
1606
44415
116438
32030
1783
3092
4465
3175
1861
3732
2193
16341
3113
2799
3940
2904
27458
2443
3019
2351
23142
2394
4339
48681
5327
2326
3490
973
109504
3087
2845
3701
3717
2951
26693
34676
52655
3166
3084
2170
2797
2277
2648
2363
35738
3556
12537
3127
3468
27353
1721
54354
30805
29176
4766
961
25307
1563
2855
2244
2055
907
153406
60704
17326
22728
3631
40475
10368
1007
43196
2724
20167
2942
7271
1770
2237
3115
2490
2047
1974
2934
11491
2434
61141
87566
22099
11380
3831
4393
1423
90425
9372
2816
2086
2860
47528
8395
29225
1074
2709
1376
30452
8613
1584
3576
10136
3594
1134
11918
11387
3303
1218
3378
14550
2422
123033
7166
44073
49824
6052
1370
24600
3151
18498
1718
1753
1484
1121
1018
10188
2385
2061
24402
1924
3924
83055
4045
2907
35479
1469
2296
4252
1091
1261
937
1568
2140
2328
1652
4713
127727
3093
1559
51015
3104
31572
2822
25947
1940
1450
4730
2384
3186
1910
2380
4135
1725
22598
3588
2852
3866
3513
35599
3351
18812
2051
3615
17157
3163
26751
3395
88788
60696
2123
3799
3700
4016
50714
2270
4904
2026
1859
108594
2543
1793
2941
36834
21483
68085
3901
1996
3290
2635
1783
69425
3213
2928
1987
2316
1848
3507
2748
1997
57100
100176
24025
40293
39518
2481
2528
15859
14302
2442
2020
2169
35167
1325
5260
71812
2611
2442
2818
3956
1720
59772
1777
27253
2253
11332
72377
1387
100409
1317
72085
53095
21785
3714
2740
24584
1585
9990
33639
21942
80605
4075
1887
2300
16957
90533
2379
9953
1283
3175
44690
8339
96528
5020
10550
2766
2115
2581
84567
1317
3233
3500
2808
141921
67034
4499
17992
2961
2280
2891
19121
4453
4025
2664
14366
2156
8361
47419
3572
2367
37013
4051
20425
3209
197297
3361
32141
958
4020
4298
3345
12609
2951
1614
34616
12971
1383
27464
42384
2399
3320
16986
1376
49035
12129
4635
23813
55777
6968
4443
3261
4049
21511
1702
5050
27601
2165
3184
79672
2777
4247
20012
1805
23718
3565
3149
114665
19156
3109
2838
45155
3849
1604
6915
2056
3796
3928
8357
1520
3967
37915
15214
2060
1262
3604
1709
58617
125293
4678
16230
2289
68325
15700
2812
2042
48539
2024
2546
872
1242
2214
7530
3549
2551
2957
3386
1659
3528
3024
3121
2528
2183
3060
3317
73306
3932
3609
65691
55515
3407
3245
2208
34176
3280
1920
4183
45391
33236
3823
2311
2405
1148
3844
3404
2701
3247
10490
3279
2680
1457
3635
2155
13504
4482
1880
25190
1924
1931
35183
192408
977
2483
1883
1806
32440
2939
55801
49006
3488
2704
109070
2394
1775
1150
2509
186432
29847
3521
4432
14709
28030
1725
51673
34479
2474
53894
3093
57920
2836
15893
2816
2297
3327
2053
10742
141410
3901
15042
2521
144077
2921
2338
8606
63224
23977
1893
4214
2076
2370
3955
2718
3785
2256
31239
1770
2505
10759
2095
49180
2989
2430
3458
4459
63433
99930
2903
10122
17514
2464
3616
3093
6551
1715
2917
34301
3409
3122
57130
2441
1932
24175
1050
1827
2728
1845
4174
3262
1314
14662
2110
2903
2873
4175
2795
7384
2888
1232
76277
2552
2677
2579
4777
3571
4586
28310
2433
1494
6389
31902
2359
4097
31729
3607
36442
29568
3755
4076
17564
3326
5555
58363
3622
3809
1344
3140
2318
3116
3131
2504
3067
31732
27741
3782
2511
1725
1604
2175
1473
1804
4060
1906
3604
4281
959
1382
2991
2580
4046
3094
1996
5895
3990
8133
27129
1836
2765
3691
3341
99388
6264
109134
4379
2885
2990
3502
2951
112247
4128
2691
3042
2350
9850
1061
2129
3845
2394
2206
11121
2492
1781
1214
2393
123425
24085
1973
1706
12551
3579
3044
3530
1469
1818
3404
3929
3280
4885
31863
34677
2637
2161
1442
1574
1150
9351
1731
1690
2583
2905
1658
4519
2709
940
1143
2020
1369
44320
11176
34544
2811
15807
2426
9705
10677
1248
3139
2800
27107
2324
3018
21322
3586
66587
1029
2969
77065
40895
4759
16018
4434
2403
69571
2282
3002
1226
4002
40607
81742
5264
2430
1317
3853
3525
18855
2988
166844
1943
9360
4628
3556
2460
4822
2788
2476
2892
1260
32837
20515
11797
22892
4118
707
2578
2153
2829
3533
69196
27051
724
2682
4599
52278
2553
1733
2741
38185
25459
1085
42031
3392
1709
1983
3428
30909
3054
3752
3818
476
44611
2341
4824
2635
4934
2304
2488
3572
4037
23747
2816
3858
2832
2866
33545
2353
3483
742
23702
3367
2061
2760
2776
30175
15804
46002
3183
900
21072
3057
2930
3823
4382
15415
139708
4142
33448
38892
1754
26610
50160
2162
33622
2348
1584
1462
1163
71362
1679
2101
3978
34596
2495
1663
2445
3304
10151
4141
5907
50685
23988
30520
3872
3317
2596
35927
2441
4136
23327
24524
124543
1409
2387
4424
4276
2117
2604
10599
4399
18336
11121
2612
29910
2792
3592
2093
2885
50454
3591
61800
9027
2842
26347
4327
1108
2214
2790
42714
11112
1465
1922
11398
3718
2105
2571
3889
2541
22306
3557
4084
26309
2846
69362
2234
2897
43545
2978
3840
2689
1326
3038
3613
9696
2013
20754
3483
54591
2741
3349
3677
933
2603
2678
3894
46145
9203
11221
1027
19009
653
2261
2670
1854
2546
3173
63659
26384
1145
8805
43606
3238
3164
3000
1270
2577
1830
2511
22925
2200
4214
2583
3253
3555
3775
2282
2237
3136
3524
2240
22213
2431
2894
31152
109374
15468
2393
2103
2438
3734
1436
20026
3452
40909
5610
1738
112081
2923
18887
23993
1505
25858
15720
2771
2666
3290
12432
2083
29345
3436
1404
1432
18176
1911
2837
45769
2747
4184
2274
3038
3914
4522
60151
3146
1561
1273
2723
41912
70044
3134
39596
65711
2442
1901
46737
1799
38998
28067
3251
197525
4610
44691
2353
26414
1043
4253
1212
19202
2282
2303
2562
3526
112765
3206
2617
27251
23069
6922
1616
2380
15528
37846
13574
3691
20837
15946
42077
2527
33762
29584
1761
6288
2397
3472
2304
2857
1084
17232
2488
3066
2004
4616
3682
3338
1620
3688
3934
3952
2568
4037
1028
905
4555
3263
9178
3120
10817
10980
4992
3271
57503
49191
3673
8294
1262
3630
3643
1221
1698
2593
3259
3086
2706
1028
3809
2262
3589
18891
3959
3590
1621
77819
3252
20864
13365
21279
38014
2605
9635
4157
3895
2953
4484
10984
97409
4103
3008
550
5383
3289
9172
8156
27968
54746
3472
2242
4589
2437
92340
1941
1520
3903
1644
2905
40453
2655
39129
3369
96026
2012
1875
1697
3662
18069
2216
1873
2519
3251
2570
3066
2075
4772
7780
2838
45432
38512
103499
51662
2598
2673
4240
9271
880
39817
16961
2316
4774
2948
23508
4468
4173
1973
12854
22368
2324
2771
2633
177058
193685
33137
1533
4740
2092
5142
80324
35629
20849
3919
3053
3512
2289
1839
26210
2043
84495
23474
1252
1782
2601
60287
3730
6731
4067
3308
2440
11588
100318
5678
7837
2179
2251
2173
55771
2118
2344
1625
68000
3949
15075
2817
2576
22492
1841
2995
2162
958
1421
44428
4122
1275
3683
1505
12507
4344
2458
1438
1881
2309
25665
5552
1926
2006
3672
3107
2291
77076
18544
4640
23501
2756
2871
2226
679
18374
1634
1783
57671
15566
4081
45053
2823
11986
3095
3426
2940
3952
1355
10208
70932
2719
1016
660
76725
2455
1569
42066
2542
5250
29925
6013
3876
6953
1829
1816
2778
1436
3712
49701
4184
47416
19614
4099
4314
3899
2595
22704
31411
2385
37449
1743
1437
11231
1354
1600
10759
115349
27033
73034
65565
1748
3972
36697
2331
1209
20787
2853
694
2499
53155
3414
2337
1747
1575
2022
3733
2605
1969
28395
1488
3183
3282
29167
2335
2989
9290
101759
24480
7544
2937
42928
3964
4220
2800
22736
2245
58955
1644
9479
10587
1497
102004
12141
2861
16264
3765
1156
1835
2038
35452
31412
70032
1727
1299
2163
71880
28706
57834
2537
3966
3973
3908
4916
1786
29314
104540
76876
2363
7277
19938
1805
27583
2701
4051
80738
4060
2629
937
2981
46347
4763
2351
9959
1782
1716
3927
41838
827
2664
36325
23617
4473
23082
5987
4069
4100
689
11686
52120
3557
2364
25325
2472
48005
3598
1766
14434
2011
29252
2766
2740
3466
14845
88605
3476
20586
2330
2774
4077
2673
2089
221218
1560
4534
5418
2242
3389
2989
8704
40916
4578
3130
41954
2538
3558
2942
1964
3574
16644
1490
1511
2301
868
8936
1401
85254
3451
1470
11537
49000
20709
22257
1058
21434
82496
1516
45226
3146
4121
1911
3524
5729
20571
2602
2513
2474
3822
3170
2391
3289
56728
3189
2832
3047
3443
1598
2314
61593
52583
3468
31655
42449
51168
73256
19007
34791
3431
1206
106531
19291
2801
44664
589
3136
2500
4685
2108
2991
14280
2590
3616
3414
13587
4595
4532
2369
3771
3317
2335
3310
1608
2317
3172
4246
2065
3579
2825
3042
2682
3828
2580
2480
25390
1040
3889
1927
19415
2780
50385
12944
48489
700
2837
3101
5268
24908
16081
1746
1671
4140
2358
4282
91299
29571
27936
3724
2568
3218
141317
1290
26571
2002
2912
3618
2753
2335
3441
3795
11259
2725
1191
23581
5181
15291
12860
47022
849
3914
3281
2519
11689
2375
12622
1905
35436
28032
4470
54770
9047
2478
1431
2667
2383
4780
3116
15322
40647
13382
2834
41570
14283
134846
2758
3607
2782
3037
3432
97752
62658
1468
13108
14414
1738
3570
953
3722
2419
98094
30940
2197
4028
1438
1975
7557
3021
2359
3478
12806
29619
1497
2931
4159
21493
14240
35188
3124
5629
8792
5319
3320
7867
36885
3974
17118
2650
1004
1559
2827
3029
2201
3336
2667
2300
80606
93481
15614
3448
22614
3119
4428
40384
4605
2453
2643
31394
83287
1139
48593
2772
4447
2131
3659
1279
2983
17756
1121
2985
90590
3818
29613
4572
3748
10458
2312
2019
35329
3655
3296
4358
4098
2793
47982
16009
3426
7304
1041
2054
4302
3984
3070
3113
38615
9503
10908
98343
33880
75712
53807
3899
4164
25035
3259
45666
7323
2312
2565
3709
4332
23717
3354
2859
34745
1627
38849
10724
5620
2327
2046
1186
9206
4481
2050
64445
2264
54944
2324
48461
2341
3075
1579
26011
2081
1447
1117
7300
2418
1912
2176
16303
22384
4088
2206
2289
27508
48006
3306
2622
3422
2528
1070
17978
1715
1897
27302
1326
3067
13982
4720
3359
59471
1863
2670
3799
4817
2886
58283
3460
2723
3930
1928
2507
1510
4760
2414
3866
1786
72193
4344
2514
71673
2318
2626
3063
10482
25940
5144
3512
1628
3124
38858
23989
3295
3162
1242
34576
45864
1979
2062
4246
9060
25521
2760
4371
32698
3278
1733
4168
3414
14985
26726
24240
2744
14218
20304
4298
75998
2976
9210
15572
3798
19762
52659
1451
13820
185063
5597
2520
1379
112866
3292
1474
1736
14356
9349
2612
2456
11013
39652
127838
22411
1914
3248
5133
3476
2359
2130
3735
28288
3161
2963
4120
2824
3821
6713
122765
3157
4592
54508
1692
1453
26105
2013
8902
62967
3334
69583
1806
3566
3225
14876
1116
2866
90129
2933
4207
82898
1718
3168
39731
1634
3187
1068
6539
2031
3936
2853
4790
4034
2448
3267
1461
23425
2540
4120
2873
26906
21037
2531
3743
4055
59384
2100
47340
45788
4138
3305
23153
57220
2562
1961
26372
4706
42150
1525
3003
3036
4328
4049
1055
52338
1798
3630
57057
2900
2798
47828
2626
3690
2115
23467
2182
41100
2533
3339
42269
2980
791
25318
4039
10173
4320
8198
3428
2841
1660
3973
21374
879
3928
3599
2263
4701
26805
1663
4163
3099
2573
1410
2474
33328
1643
2264
2349
3731
2011
1231
2413
3700
3603
2728
3310
3734
2424
23436
1373
2638
17698
41759
4489
2092
2891
41046
20878
2018
2166
2705
3107
2349
2331
34388
1092
3157
3051
1871
3522
126671
3476
2532
47493
63020
26543
3712
1786
21457
2436
11174
3801
12109
1977
10687
2289
2379
2657
2047
44034
2045
4052
36289
31805
2702
87992
32862
1790
4134
1364
2176
107884
4112
1852
1507
3582
8070
5287
1092
24940
2763
13916
3518
2758
1406
4019
1540
5415
5260
1926
2525
3426
1417
18096
7942
2522
2384
1330
2486
3494
2629
40088
2449
2557
4440
1619
1537
161770
6903
46103
1616
798
2298
1482
2074
34890
11385
3195
153699
53465
11889
3588
3367
1531
2012
1612
1431
4035
1427
6650
49843
3264
2564
14064
2820
2563
68633
2420
112962
1167
27269
1925
2182
13418
9665
1614
2595
99748
2337
133336
3352
4359
2632
69736
1715
11582
3012
47351
10699
3935
4371
1679
2638
3345
3739
1238
1575
3818
2138
21488
35293
2442
2556
3776
5525
2978
43673
29551
2945
977
2547
2726
4493
1990
1471
2820
3547
82903
1633
2319
2724
4306
4034
20163
6701
4146
1712
1518
3030
23192
6676
10026
1289
3362
21556
2622
18059
19746
2517
32814
1833
2728
1420
2799
2237
1966
1795
13685
2123
2247
5598
3219
2410
2637
22542
2893
603
4600
2733
3280
1555
29222
2920
3108
2902
2641
38722
2389
43557
45842
3836
3079
41016
28683
1929
3575
6714
3400
1454
24053
3431
4019
2011
53330
3737
3765
4518
145228
3728
13778
31833
3168
3176
3301
43579
19061
1296
58183
1622
2439
3097
2430
34957
3264
1333
14662
9615
4210
4024
4731
1921
4472
2242
23738
3851
2716
34532
2491
3259
77177
38388
1542
3992
3548
1065
3408
1649
2567
966
2453
15787
1483
856
9015
3335
1970
19981
1121
2505
100175
1706
2345
3279
2630
8285
3615
5270
9122
7297
8949
10389
1392
4306
90878
859
4156
16920
1988
4465
71720
4930
15859
72597
1954
24463
879
13015
2421
3377
1921
1842
3826
185096
3525
3345
1156
1432
97486
7288
30219
5409
3183
16086
1233
3385
3453
26082
1969
22689
3044
2794
658
3349
9867
2659
31853
2447
858
2365
4215
4019
13843
15166
2170
46440
1675
3535
4370
1554
2070
57618
4365
3189
61902
17092
1711
2800
115256
105826
35060
3609
2526
4910
3197
2790
2484
76585
31554
2948
15867
18093
38584
8928
3549
3639
3896
5252
44901
3205
36836
1602
2478
3282
2778
2793
5427
1887
2105
1767
3763
3262
7148
37774
2625
2520
3057
2605
15524
3720
1656
23418
23750
1204
3033
55374
1889
11727
5035
2266
3246
2721
3380
1382
2372
22357
2634
16549
2791
13516
3241
3319
2052
4058
1414
2848
119652
3238
2693
46087
3501
1956
31473
20944
3151
27006
34959
25061
2385
26251
2000
2368
1523
41360
2878
1367
37612
68989
3385
1001
1491
3092
1903
7046
17286
3627
2411
2621
49031
38725
26085
1152
1844
117275
4212
6616
3904
17209
1524
7038
2518
4176
2357
1214
36083
1291
1648
1591
29509
3628
2850
4502
26116
2954
1905
2057
3838
2910
6796
3197
3124
2566
2610
3309
1905
4890
3164
4284
3297
64877
3324
2174
58783
1862
3224
3894
1827
4753
2350
565
10938
1654
2259
34002
62429
3081
2343
2048
2218
34324
34043
3597
2421
83176
2391
3844
3886
1466
36635
8530
3489
3101
1706
4065
2165
2072
3692
944
2544
2743
14574
1879
3465
2988
2269
25762
3847
3506
987
46518
680
2748
2459
1191
3649
9247
3586
1278
1298
1321
3475
3270
6239
2136
15399
5073
37477
3664
13506
30078
3047
1485
3242
3950
66182
37013
1362
2694
4226
37969
1902
45325
16731
3959
3237
4250
32446
3389
82093
3786
2708
2586
3079
2350
4983
2291
2533
2344
12469
3003
995
3756
3331
78565
8261
3240
3451
1587
2758
64307
3505
4855
2525
1437
6502
3897
2076
3316
17898
3395
2760
11663
43136
2728
4505
3463
2609
4153
4024
75820
3676
93864
1243
11403
1618
25309
2834
1524
12631
11425
2196
2144
2192
17433
2899
13048
1790
3320
1944
9982
3393
4061
58292
140840
4449
3081
47914
27491
20065
3428
17955
4252
1414
3964
3456
2838
32210
14936
4172
1607
1270
1755
132920
1011
1665
47835
2112
15308
2004
2001
54107
46445
1730
3028
2234
40083
2078
13561
102008
796
1100
77943
3883
50112
2428
12737
1403
8575
4252
3166
3019
1444
2845
2047
2724
2789
2008
4134
43988
2965
24826
3701
16871
1965
2874
2418
1594
14214
31703
2840
3806
2774
86087
3017
11367
1697
26427
3207
8524
2881
4906
1810
54797
20751
2452
2141
1297
2326
3761
3749
3962
2192
1065
2910
2098
65469
1712
2607
124374
2953
1706
1448
2273
3293
4542
13570
3843
2116
1179
2710
42500
1274
6324
2647
1197
182987
30091
3975
2763
3470
1148
3059
26476
1592
8471
3299
24758
3731
5803
40257
2775
34700
1317
39239
1985
35301
1603
783
4789
3254
33593
3591
2410
8517
2989
17854
1575
4349
2073
2340
71710
58051
29177
2827
3313
2462
3449
20751
52364
1747
4047
2420
28803
2593
18846
2220
6123
892
3076
23841
2634
57022
3077
3293
1494
11131
2159
2221
2693
2733
914
25223
13383
14755
49657
50252
35181
2333
1360
30314
1680
4354
42480
2689
4761
4282
3482
2846
2429
3467
5317
2462
4129
20326
78522
2325
8199
2219
3217
3621
79256
1880
2689
2200
2257
4619
1827
2503
18230
1762
13243
2834
1151
10389
6181
5115
3287
14822
2487
111819
3377
1347
2518
2603
12216
3063
67701
18114
3955
3610
17658
29575
1302
3398
24839
8352
3495
3029
46841
4794
867
2508
1297
2912
100490
2069
2518
2484
177373
2601
2677
3719
3489
3394
32980
1906
2503
13581
2840
1924
2980
11745
2531
1422
1758
3662
1510
1578
20815
41618
1990
51164
69476
39956
2282
80807
3833
3236
2947
29543
2635
1666
2668
4325
2948
15558
3460
1288
20439
2730
3416
3030
17152
11796
698
9216
72181
3440
101168
2922
3815
3070
2135
6801
41385
6758
4545
1732
3765
4158
62701
2713
23852
2712
3451
3767
3243
2277
2185
1348
28143
3039
3679
7244
4277
2497
3444
9783
50604
3753
5429
21519
19975
5278
17441
2665
3018
2756
4525
3772
2951
14193
3931
3843
3803
2154
2602
4081
66453
92122
1352
26665
3472
1311
3506
8630
2838
2230
35819
55367
2139
4011
2917
3253
3033
4628
1844
529
861
2270
2287
104102
2962
3548
30235
53119
830
1876
3130
41850
3012
3331
5304
1296
3247
3247
64792
1484
1994
3005
9324
3081
3058
2524
86424
1824
4082
2861
3050
4933
1434
20240
4039
2921
3990
2681
2557
1138
108297
11565
2086
2762
1041
2839
3328
1166
17540
3827
3368
2437
55938
2154
22177
2363
3544
861
1619
1801
61732
18279
43773
1834
1919
13964
3884
2046
9502
3217
2525
2618
33958
4091
2843
3584
2962
12360
3027
1101
1551
1550
2401
1702
3336
2902
2674
14142
86610
2849
4346
2316
3952
3304
32208
2927
2523
3548
38246
2786
33049
19780
7948
1294
3547
3019
2032
2754
2933
3497
2928
1222
99726
3214
93981
2837
3862
1577
1341
6371
1409
1334
17590
888
40154
2637
1910
113856
5772
28726
4579
36210
24501
2072
2984
50858
41164
3043
19181
2849
52800
3384
2768
2410
1425
3688
2340
4745
6554
91227
15657
5347
2986
1804
2971
2358
1509
2718
2298
3282
4150
916
32268
53977
2253
13677
31771
61124
4069
71658
3316
31471
696
3535
14122
5514
1701
1980
2743
2765
28617
44405
9730
40825
3735
1319
25433
2068
3601
2224
2945
3235
2756
20029
2096
4486
2600
1249
32709
3833
14740
19533
1606
2766
2697
2070
6081
2513
113581
2876
1621
3546
2349
2377
4025
3698
3238
29079
34770
3503
4553
1643
3244
11399
3377
56138
2053
2267
2209
2670
6996
9411
71566
1700
53969
18913
46538
6513
1974
79953
2155
3266
2068
2287
6745
1817
7923
60633
17549
1220
69485
2208
2327
2146
2520
1862
37616
2076
4337
3873
2135
1951
4197
46491
5020
1518
24876
1856
2302
929
78481
17659
1556
4091
2505
3562
42553
3495
54587
3686
77315
2662
2356
28056
952
2679
22113
13007
2234
49721
2887
13880
12769
2952
1783
91365
6761
30245
3517
3063
3435
1990
15815
1871
30309
1979
67537
10751
2551
19956
4684
58817
2857
71516
91061
97986
2834
3100
14119
5950
3646
1563
75826
3126
2523
49462
19001
2207
10822
3993
3545
3090
4618
2566
3121
3049
21571
3105
59211
2678
36351
18721
42077
13403
2059
5426
58644
2497
28443
2564
3523
11976
19988
3982
5731
13041
1644
3052
2872
3108
1493
2232
18610
60680
52280
2943
1598
28338
33565
2718
2142
1305
2255
2919
2662
60145
1916
4479
2645
3018
3990
2855
1475
8228
3414
2903
2317
45046
42505
2163
3498
80190
2821
1505
14183
29795
3514
1478
10880
2605
3418
2720
23725
1795
4660
908
2681
33421
2679
30781
40238
9204
24363
78795
2659
3642
3811
1865
3004
1100
2700
7284
3571
1411
3820
64620
2073
4320
1802
3564
2996
1448
4280
1625
1281
3834
9378
3600
1094
28379
2766
1992
4073
12758
909
1997
2604
58556
3590
2821
2561
25216
2446
3192
2668
3225
2813
41587
2419
13636
3197
13706
2680
1582
3641
3515
183282
7899
13910
26461
2829
2918
2621
54473
2569
3723
2632
18149
2268
16679
3398
2072
3820
9090
2392
3031
3718
3687
39843
16072
2736
2459
19723
23553
77095
33472
3526
13456
3050
8096
3988
40503
4041
3283
6747
50814
30778
8738
2117
5638
3557
4635
25524
4854
2598
3791
3477
2842
39427
1610
15198
4110
34692
2984
71708
11595
21328
1640
9420
1396
30743
2677
2044
31934
72235
3381
112590
5171
23715
90100
4246
2610
29867
3047
43725
39740
17579
5457
3555
18333
2183
65287
2974
2883
44824
6870
2916
2366
1532
12495
2042
42098
3370
2109
3299
23469
2960
3798
2964
3768
2188
2049
3926
2292
25550
1737
3544
147718
952
2612
3452
58214
104521
52517
115941
1155
2415
2534
12932
1505
34738
2251
1314
2275
54688
3241
1094
2836
15140
55937
12528
73926
32916
2891
26933
2866
2615
17186
19632
1665
3598
3527
33261
10965
11135
3977
4162
4264
2467
17139
6771
2791
1546
2593
7613
2153
4097
2879
2166
1560
1684
2783
3018
3235
23467
6328
2588
3194
1559
2600
40014
8939
3255
1625
3523
43702
2396
7855
2751
3195
3526
3514
3377
42723
1513
95800
2652
1662
1441
1506
3847
3220
2795
3617
39248
30291
50084
54912
11146
107370
3505
13714
1806
1492
2670
3814
1397
26149
26136
947
2627
3048
2449
2850
1917
2233
3380
3365
2549
2406
3517
3589
2877
92076
3447
2339
3123
4237
2672
2715
64296
4585
42371
3123
3198
3452
8231
26761
2363
1266
1488
6997
11373
2938
4024
47844
15047
21879
1121
35786
2798
3074
1564
3276
2623
3107
5801
946
1083
1053
1454
2205
44486
1985
3404
8238
2849
32287
2800
11326
78137
1429
2156
31731
119632
3117
3253
853
5229
39563
8842
8776
34807
16760
17425
3398
2720
2852
3198
1796
14934
2395
1057
1651
2996
2844
2664
1989
2559
7821
3930
1590
15827
15967
1809
31277
77933
2607
1979
25366
43421
75095
16454
3028
2966
3382
2674
1266
1930
2550
2209
29545
2131
3803
12247
1779
1907
1828
2480
2758
33101
1093
2037
4444
10097
3713
2276
25430
3296
1664
3540
8342
3478
14806
9977
1801
42578
2821
9226
2605
4830
3680
3922
14413
34066
35122
3657
2845
49004
2195
2158
2387
3659
3211
29748
3401
23930
16274
2701
75530
55339
5801
26946
2778
50319
4498
4130
3099
1032
2855
18912
2163
10171
10747
2180
12267
56542
5339
11274
1690
27207
2975
2503
3189
38852
1102
14222
2140
1734
2360
2942
1190
14881
3361
16886
19847
3327
46908
5666
45618
1486
51666
3172
2708
1789
78001
3821
4397
5417
1500
4963
13444
3614
3437
2971
3147
81676
1100
3134
3339
17804
1485
3158
9348
17859
3367
1027
3701
3162
2678
2491
13741
78613
19902
8450
49510
16045
50669
28168
81504
906
4496
4206
2526
158224
2864
6061
2260
2558
22592
3698
17079
3857
994
1969
35912
3655
3970
4610
88095
6769
2315
3125
2666
5116
5567
1986
3165
3311
2337
1778
3326
67747
3001
17564
3858
1854
13349
890
4217
20066
2572
15354
1959
4699
2562
5138
3094
1514
2479
3154
11062
3621
76980
2733
4028
1593
48665
35098
2149
51946
665
5943
24552
1851
3082
14029
2324
2494
5137
3695
27799
798
4571
2868
4308
2859
3997
2581
2712
41591
7991
4896
56920
3577
27675
55216
2830
3422
2203
2000
17724
1831
2980
3720
34632
10651
2933
11167
3180
1456
3273
4163
2280
31183
4087
2528
15009
2610
8512
1286
10689
3979
2988
51288
2848
592
2551
2071
2455
2415
3688
4838
25496
4644
3241
2772
2172
4473
16815
2753
3029
11358
1354
2440
4765
16363
2344
58254
40206
3577
1603
3358
110711
2319
7421
4252
3211
2423
747
3942
2543
1924
3182
1237
2632
1495
66763
3924
2999
12019
2850
2589
3031
4757
2405
1074
3276
4191
1683
3764
3455
1467
3532
656
2109
3287
3403
3311
44983
1973
93359
89049
3868
3168
3485
4047
467
794
28848
24203
59911
2029
2419
36511
31151
3675
1863
6117
2487
5490
12063
2926
41859
2689
770
17837
50110
14803
1966
3262
13728
3407
44353
2959
2331
4320
2855
3578
2595
12365
2419
3103
7506
790
2496
3282
918
128459
2989
21535
15162
11602
20171
2107
1946
4193
21185
1346
2357
3199
2392
1417
68780
824
2841
979
132412
860
52895
2675
1048
97964
5110
86949
768
40228
1230
1823
3254
3256
24033
2558
3312
2110
3321
1918
39906
976
3317
3010
43666
5559
2510
65622
29315
2896
4444
35794
2439
3306
27011
2298
3849
2314
14703
37350
50617
980
2490
2484
2603
1897
2961
51947
1554
7407
38919
5291
5191
33673
1346
2339
1255
1225
2982
8027
2369
1770
3807
2900
110285
45414
4067
54869
2710
4724
4038
15395
3441
1637
91687
2691
2024
2424
2989
2836
30650
8960
2620
4074
2757
11877
50820
4714
2472
3788
12703
3608
2172
28487
3271
34933
16166
3053
1707
2888
1341
8834
168201
2291
87684
87014
2321
3229
51202
4251
3397
1850
1745
4039
33338
2376
2865
1400
11620
27473
14142
5014
24706
2943
1858
1498
3285
4019
2355
2128
1185
2960
2940
3432
928
4097
3954
31314
2686
30921
24062
1562
2812
3786
3133
3008
2321
14625
4057
12574
2008
2931
2943
2156
4339
1302
2197
2545
2115
3391
4394
3801
3228
3518
3365
26087
4198
200171
4467
1624
3658
1532
31361
4323
35078
3932
9510
4527
3205
4168
126696
41329
2529
1179
999
1901
1857
1648
43963
8387
2227
1215
1984
27738
2625
2513
2785
40121
1934
1990
2282
3943
21762
7245
3532
2021
31901
2310
1871
1677
36824
4031
2274
3988
20935
2406
19996
7166
1205
26506
2831
1474
17735
4070
2704
36010
8270
125237
2154
1378
2824
8251
1794
2238
2347
3050
2204
2282
2637
58388
4372
2791
3967
2771
2625
55074
3621
18648
3439
119464
1217
1809
2464
2056
22856
3116
1721
3652
6775
1997
2325
4011
2437
956
2105
16156
46945
20446
58810
8577
3949
5174
62166
3267
2455
2796
1088
4021
29629
3864
2101
1018
14225
80549
2249
15647
2010
76609
12989
4260
3882
3544
11472
3569
47884
2252
1942
39722
2859
2961
10072
61799
2544
8364
2130
24168
1293
69592
26715
67881
4553
3034
83634
20105
65970
3396
3312
3235
3169
11918
4141
1685
31702
1569
2568
96695
1641
14149
3326
2312
3312
18288
2988
1639
60178
88798
24934
46731
3980
4542
3605
727
23129
77538
2446
3824
2598
2838
1883
3639
18842
1659
4401
51982
2926
14764
18381
2399
5396
4257
2293
1698
46206
3286
108643
2975
1652
3255
12260
12608
2907
29849
4411
3737
2915
7559
2306
1218
2985
3234
3027
2936
4102
2097
4238
1649
29044
2515
2119
4545
8829
1120
4555
2948
2213
16464
2106
48697
1272
12868
1696
3612
2291
1898
2644
17365
14561
3413
1789
2473
1730
3250
1374
2953
41539
4094
1971
4396
31642
2997
2378
2576
1513
1963
69748
1442
34742
71559
40958
4060
5656
4181
2019
2096
1284
2328
3064
72139
20709
9908
2456
19439
1981
38023
20436
1886
6717
5405
30228
37952
3407
1480
2266
2493
2721
56558
1789
38884
14743
9548
1706
4120
3805
2935
2164
2730
24452
15453
44520
1303
11708
49004
27477
42729
3653
2917
2820
3021
18123
26124
10417
2400
4589
61932
47955
3077
40355
32313
1464
24238
2124
1772
1660
1987
18906
2821
5486
2668
2536
2712
4112
5349
2460
4143
4216
3770
30065
1317
8928
3303
31673
17025
3513
1538
12884
19071
3795
31025
3954
3014
2676
67317
3759
1222
29558
2467
4134
819
2398
1556
2302
2802
27160
2474
3186
3859
4426
2536
3155
37046
77355
95545
3359
26132
34825
43213
24808
2274
24042
12991
2118
3403
3283
3931
3235
2655
40183
3807
1958
3015
3385
18535
2560
101569
2739
51308
3467
2114
4745
2449
94001
2897
111152
16129
16924
2780
1680
2718
3772
3970
1993
2049
27702
24491
5636
2049
4075
3070
8491
9525
2737
20954
1761
17757
41443
19964
2028
1862
12439
2045
2983
64676
3442
14402
2643
24621
3410
1799
4815
17394
2481
76995
1540
4774
4399
3068
5305
2678
2669
2694
4935
1726
2269
2736
3115
1856
20499
3375
4262
3145
42379
1095
2134
3223
2739
2423
8790
111998
652
11408
39166
19936
2856
1309
2171
2234
2295
26204
5208
91896
33941
40163
2707
49499
2899
3472
3980
4469
57542
1872
29939
4339
2702
2735
2310
3948
31841
57755
2401
1371
22429
1113
3072
51933
23580
2614
3782
62859
94731
38896
2699
2912
2619
1362
2458
3766
48048
1249
2680
10159
2322
26500
9029
8693
2184
2194
3450
2731
1447
2579
2776
2269
1466
937
57104
3677
5617
1294
677
2174
2811
4151
933
18701
2416
33911
3585
3827
2653
1588
3105
1863
1703
3770
2615
4243
3050
2799
2464
2913
2749
2745
811
64433
2841
63195
3538
1684
2177
3914
3125
3740
2691
4261
8114
16259
3261
4167
2566
1528
2260
2285
2711
2722
51396
2113
4301
4884
2988
2112
6391
52946
2632
1719
3130
3400
3531
7920
4095
1406
1303
7528
17512
1262
2943
3567
65662
12313
2735
1843
2590
2147
2510
47400
1471
38517
2117
1803
2448
93929
5897
1941
21629
4863
38123
33827
2586
40083
13029
16676
3262
1087
5423
1847
2983
2070
1760
3314
3045
2530
2904
3600
2709
2322
2290
1847
2071
2212
7299
1975
50341
3185
5856
4651
78398
2969
3514
63486
2786
1128
22202
1833
3259
2942
25839
2686
33255
1311
2128
1675
1542
51287
72279
2439
2686
14360
18924
2754
3545
2884
18704
1676
2566
866
30829
2514
1956
2950
11381
3019
2833
2648
3546
21181
41763
44918
1450
40491
1224
2642
4067
23223
30163
3227
2363
13720
1282
10412
1535
4086
1359
95966
4698
1472
1149
81948
7284
2422
11586
2644
1715
10112
3620
3303
3660
65161
3356
3345
16884
2125
1010
6216
4621
2219
51376
2392
13891
3977
1333
1973
16873
1965
2028
2240
1971
4283
4152
2193
20256
2347
19780
3121
3269
24682
1732
41242
3646
2418
4785
2576
18624
2811
2659
96507
47197
5341
2949
100058
42249
5301
4429
2642
995
2929
1690
3265
4327
2691
3558
3977
2538
1333
1468
9408
11217
1838
2672
2241
1530
4164
5791
22838
4523
2954
2489
12990
101201
3111
4028
3058
5153
4792
3274
1715
1856
24815
7703
13582
42279
1888
1440
34561
2885
874
12972
9610
1161
3180
26906
22500
2779
9211
5378
3987
1485
3008
1278
4490
2309
2226
3212
78102
28234
30773
4126
1036
1295
1244
5337
3361
2103
1523
1678
3049
1269
16547
1934
2314
3070
1539
1764
4114
1329
2554
81276
7512
4004
7991
4131
2127
25828
3016
1488
19820
2500
3325
2306
7025
2860
3560
1768
51835
3596
100156
29838
3013
2887
2758
1479
3097
3258
46419
1184
3459
62666
1422
2940
1810
2181
3788
2687
2935
77601
4517
74596
2819
15353
5236
1610
2820
1949
2564
8231
20558
31967
31005
3087
27633
3164
38172
3334
11801
2467
3636
1687
1750
4951
2996
2373
2896
3802
889
7758
1325
2721
3737
179653
2084
4066
3357
1854
2550
3477
4613
12738
22017
34026
20726
1259
1405
1534
2732
1991
922
2703
1875
3328
716
10843
1058
3269
2389
2582
77691
6833
2603
1254
3407
2175
3000
4267
4071
1649
106233
1826
4036
2597
6699
1506
2206
2501
8558
53869
53373
2633
28491
2442
2666
2843
2467
62964
2582
22043
3100
4815
30501
9628
1809
2580
2070
1897
1442
3263
16121
921
10769
3233
3450
1926
3948
1777
2108
1096
2541
2649
2013
4293
2678
15178
1433
3155
2163
24039
1490
15416
4296
76192
42843
2164
3372
3740
1566
3634
2197
4616
1118
2761
11523
2210
15645
4771
22582
67138
53815
3372
5541
65020
25248
2778
13144
12678
3788
3614
987
3479
3400
10096
12359
27351
2700
926
3165
4086
15511
2290
2490
3018
2059
9186
974
2208
46077
3081
1551
2660
2319
3135
3634
4413
2227
81421
2503
3711
67621
2919
3189
29639
103007
880
11394
13548
2778
2220
4512
37763
3240
46994
3754
9016
3589
2349
2207
1564
3447
1379
18111
36499
100662
84587
51154
19946
2206
3628
3830
10261
4655
2212
4107
13095
4272
25517
2247
55589
2807
3606
3385
3480
2424
6046
901
72911
1941
82932
1010
3072
61577
3689
3545
3428
9009
35875
2604
2418
1364
1834
1965
74381
829
1924
3142
19034
32609
1629
1676
4300
26057
2856
3491
4096
2786
1658
4740
944
2035
2771
4696
2820
25345
6083
2991
2693
13755
103756
2398
2053
3051
1169
3482
3797
1072
3448
23172
3257
2568
914
3156
11348
3211
3390
2768
13939
3688
1994
1437
2241
2717
6812
3274
50429
26767
55811
2784
1957
1859
2755
2046
3685
4891
99923
4257
2431
100808
4549
1768
3765
4150
3405
3996
1705
1794
2965
2014
3842
2369
47557
2556
2905
51180
2694
1761
1948
3391
47067
1001
2782
3709
4028
1739
4274
51134
23405
2873
4356
3707
3161
2373
2617
13665
2776
54057
27521
4665
4179
2448
3273
2810
39535
4125
24360
33559
1049
2930
2161
2242
66908
4085
3896
5303
2275
4567
24985
2311
4007
4510
30756
3034
2283
3813
24021
3018
7842
67359
3109
3876
3856
2715
1461
2722
2999
28733
2488
2931
33944
3011
40212
2620
1474
4070
46308
3546
657
62871
2806
2093
4493
1664
1958
9904
40288
143686
53756
2157
3654
1207
1983
789
1378
5171
7742
1546
2976
1859
2202
3950
3495
2088
2765
2127
2150
4177
3919
14489
2705
3343
2172
2369
49721
4500
5250
1023
27802
49372
3391
1751
53956
8003
3273
910
