1995
964
1245
1311
2094
1713
44835
3018
13441
2603
5127
16802
2241
4212
2221
70971
2667
2479
2720
1193
2531
28729
66064
3032
1803
1857
2000
1211
2104
40132
1058
2115
2614
4642
2991
14580
22541
1545
2322
4541
3440
1256
3934
4699
31434
1122
69936
22907
2101
59211
10638
3630
2988
6829
167707
2086
2869
6693
2796
4822
874
1698
3979
2708
3296
3692
3105
2677
3170
4305
1302
4261
1790
3384
4069
3173
32751
2760
3892
4866
1240
31899
3988
3186
13539
2224
24032
4391
67353
1896
2139
5004
21802
4831
2754
2998
2227
3368
46876
13135
2686
3556
17444
2172
3177
4908
2052
2804
2611
31851
766
88058
2398
53396
5091
46879
4216
2080
29861
5968
3588
2687
52643
13821
60538
5397
1936
35556
3004
3135
2525
7124
3036
2706
2877
5167
2832
42646
1311
3077
1077
2748
32843
3914
2081
3594
3978
6765
1764
64130
2033
11102
1892
10745
3556
3064
3568
25654
114093
1648
3925
71641
45770
65429
2386
15600
55715
1546
48422
2245
3151
634
3771
3808
3283
2619
20152
51792
30464
45391
29376
3929
1534
3139
3279
17581
2821
4032
8016
4581
44319
22376
3076
2579
68456
1513
4060
7405
916
3379
28215
4062
2113
1211
3581
22284
3556
26949
1958
9734
69916
2266
1904
3252
3429
3306
10855
1971
14525
1755
8721
25702
2710
3461
1882
1225
2633
13325
74103
2959
2348
3220
23505
25553
39854
26897
4306
2806
26212
2574
2642
3027
2379
2413
3620
25993
3477
8105
1964
2455
3455
12877
9635
2737
79999
2125
1357
1899
1558
1151
2664
1770
25802
49579
2554
3818
4655
1464
3961
55568
3595
2276
60595
3810
3321
2585
2689
3961
1947
1609
3166
40646
9818
20658
12016
2008
16663
8620
3762
3261
15181
23874
91293
6480
26366
3144
32405
2238
2443
10744
2138
3947
140769
3190
7369
3558
2371
3190
22318
2778
52811
10471
3690
35807
75983
4714
136661
25238
29216
2732
2777
2628
3333
10141
37089
2214
1002
2252
25792
153880
1192
3749
12055
25325
40440
3226
2794
3210
4024
2479
3238
2077
3329
1940
5181
2468
25550
1140
29639
21078
3630
1226
2982
15616
21271
33773
34873
90958
2116
2332
4430
39431
3930
2827
19070
4097
38288
4397
10839
3940
14876
132973
4836
10010
1969
4146
67773
16148
4230
78546
3139
3313
5022
7833
4334
1594
29748
4256
160122
2227
11203
1214
20690
2284
35204
2229
3828
2675
1844
2183
1155
3483
3903
3581
2982
49435
28832
2913
3450
2003
3131
2003
45433
3401
19571
3300
3473
2325
5208
3317
4171
2153
2915
3429
2636
5627
2508
117026
2910
54399
1906
42307
4403
2394
2433
3936
2126
23466
7897
187842
2767
1230
3041
58291
3780
4865
3362
27506
2701
10706
49793
56833
20185
2916
1723
30325
2522
28051
3374
3361
2640
3154
3839
3411
4666
7969
31103
3008
905
1718
2764
2048
3556
27264
35968
4961
23142
13693
1663
13985
2895
2612
2783
3024
3057
103236
2196
3293
3393
19552
2981
3333
32678
2379
63062
1815
18452
34986
13776
1742
3129
64740
29783
2145
3556
5185
3230
5934
1510
4040
54457
1941
26666
2531
4452
44595
20674
3346
1529
48688
4681
3347
2325
4330
15561
3441
68495
52153
3135
3042
29346
7658
3188
4274
1022
2678
3140
9813
3090
1350
31248
3459
3255
2296
1070
5559
3363
4240
1781
21854
17213
53156
1869
3286
4531
2038
2351
1980
2281
1868
2326
3689
45303
10736
39787
28866
3268
90067
2588
1240
2113
2365
2138
3697
3178
2214
6442
59086
2365
19696
17765
4052
2007
2417
3834
3196
2616
1937
1699
3372
2652
3354
71372
2717
69277
2838
57161
55935
55581
26582
80151
1001
2604
3738
2719
3550
5044
1117
52608
2228
2949
24491
9611
3583
3483
109050
97699
38578
34039
3558
23295
3579
23177
4642
5303
3094
27553
7508
99774
3675
3596
1623
27915
1911
11781
2818
3188
6223
1432
28906
4698
174150
2402
1417
10801
7766
5578
3097
2742
4330
2329
95182
105337
27890
3779
3601
29499
3520
49739
13995
8462
2016
66541
4183
4022
3537
129381
4117
3747
19247
80913
17087
3010
3407
2399
3023
2529
2368
2528
3249
28266
3152
3206
4719
23259
1766
24157
3829
3856
25674
20472
4315
15957
25137
9530
3352
2373
3531
65339
14580
2933
1769
3562
1393
2870
43575
31184
58617
3170
75720
3950
3484
1437
4189
7535
18754
2862
1653
4588
26815
2672
13074
3576
12626
1716
83214
4391
2526
1525
2152
1627
2260
2367
4092
1003
2647
19606
2442
47095
4701
2852
17328
39950
35509
116923
3267
4340
10615
3770
4940
2837
5346
1364
25471
2513
1624
3489
2164
2847
18175
32530
2654
3006
14257
3119
2432
24331
5673
26387
4102
1448
3231
2899
4394
1421
4181
2097
3330
1847
7260
12746
24132
3174
2281
7072
3596
34295
31545
3535
3719
1939
3241
35629
2703
1118
2736
1675
4162
22371
26070
1793
71500
14451
2445
3829
4432
113782
4347
3807
31520
2325
3028
1683
186795
1418
2595
3998
3888
7110
4434
4103
1029
1239
1354
1670
4437
1028
38416
1948
4103
4125
4647
1663
2119
18733
3737
1967
52046
13827
57602
20386
26416
3412
2731
49972
1586
2869
2139
3813
2298
3090
3660
2338
2702
1933
3238
3787
147386
2207
2531
23131
1736
4695
3646
3104
1554
2121
12103
1868
4206
1479
1098
47126
4600
21616
4313
4277
4116
1357
3575
32728
3359
5361
26517
1883
16651
4871
24863
2188
4117
7256
3708
1690
2818
8793
32278
2355
38257
1194
1005
1886
25633
2345
41710
1063
3028
68098
4058
972
3492
3425
2140
2017
50733
3968
1620
24617
58279
891
2816
2552
2480
3490
9201
2269
2212
4155
2952
26558
2875
3565
113522
11851
21976
3549
3369
1676
24836
11652
85549
4277
2418
2251
69344
25895
2944
1037
81106
1212
1627
3092
8847
1868
19961
18531
20465
2779
2904
2625
3265
2697
9112
2180
3367
1786
2217
9723
1426
3274
2135
26587
1436
5034
3597
3291
12085
4356
2926
2748
35164
3164
19698
2590
31082
2759
3273
2258
26565
35699
19541
2423
2336
2271
33135
3417
2828
2607
2282
2726
8877
1837
75297
58628
3903
3404
4447
20519
4730
62485
4819
2611
4051
2550
875
1443
810
5054
2705
776
14640
4908
3753
2849
3198
4722
87419
3540
2614
1418
60885
4593
12973
3211
3130
1287
1610
2329
3741
3839
1841
3734
42114
3824
60309
93150
2788
3170
3725
4529
2511
44793
31009
2371
24997
2528
3500
1571
26077
2130
2593
3972
1249
3848
513
1563
50911
1885
2101
32521
47148
3378
2690
3901
4688
13110
1534
3734
85427
4416
1946
2308
4236
2643
3734
3265
7884
23708
17492
2316
4285
1769
3521
33626
2071
14170
2590
73947
3235
1243
204673
25839
2395
4614
1872
3488
3668
4408
40034
2557
2501
2875
1472
3729
2072
68578
3664
3639
5440
2484
33426
9390
2558
2495
2396
2526
46727
843
4460
80844
1704
16370
4010
1621
2351
1962
2354
21922
9485
23427
25169
3789
27721
12570
1956
1477
84277
1928
2039
1713
14585
1087
39845
1804
4605
2379
25634
1250
3559
28510
2529
53290
18765
19471
54858
16371
1431
3263
2730
40495
14917
2882
5319
4149
39516
16937
2453
3666
40392
1561
1355
3068
3738
1624
1830
2180
3710
49541
2568
3071
1675
43193
4409
1679
23828
36839
4203
2020
1950
1165
926
2488
1867
3186
3144
17045
3268
153839
3752
44781
4143
3764
111112
2676
72518
50875
1643
17349
2433
2834
37167
3313
3373
2136
3144
46928
2498
2807
51918
3413
71897
8938
2532
20977
10325
3367
243511
22739
3845
2541
2708
2625
15632
2662
1953
8315
919
3057
5252
33791
3460
3834
11383
3437
3882
1862
2174
3080
4173
1290
2792
1280
30994
15052
2000
2915
3902
3642
1368
2185
38905
3794
2669
35631
1843
3551
5782
1935
3195
1312
2773
26248
2303
25451
23649
8068
3820
4120
34978
3094
3816
1980
32993
3324
1403
3301
18777
17592
3460
11662
15116
1643
4130
3160
2210
47112
22678
2723
4366
5067
5945
82285
4420
5471
35538
17799
5387
2245
3367
1193
18523
22133
2991
3758
44429
980
2625
3481
11375
21809
3311
28041
3950
2408
19839
4098
2370
2625
2536
3915
2639
68555
1337
2899
2779
9697
12020
2912
2068
2840
3458
6996
12399
3000
19209
2899
2920
54453
1050
35971
1393
3002
74710
2884
1178
4094
1499
14431
4666
2029
3894
2542
4417
2925
4138
3520
166658
35474
3004
53955
9184
1177
3744
39307
1770
4144
2581
4066
10351
82905
2929
38095
3639
2780
3699
2216
3303
3348
13363
964
688
3256
71270
3162
4687
4192
59082
2070
106276
3474
39380
2408
15041
2945
1196
3208
101709
11968
70368
2209
4619
2128
4248
2602
2143
2904
2249
21514
3771
1754
4775
1356
2246
1846
12831
3401
66646
4199
60977
3528
4585
3544
1388
9339
2437
1493
38324
2966
3447
4223
1502
1617
2646
5531
10372
1301
2674
2919
3966
4560
1155
1229
2366
20092
2990
31992
2731
70238
13293
2491
3283
86498
1996
52114
4982
2045
2449
47004
3000
3394
2454
3035
3259
13662
1786
12575
1612
57429
4551
2710
1830
724
2895
3173
32580
25641
2128
4454
26179
3371
2096
1612
15278
8234
21040
3543
37371
34569
1924
14535
2613
2942
24539
4007
2130
1599
3930
37442
2201
3697
57372
1218
2230
2293
3329
813
2813
26397
2361
3226
3179
39346
3409
3011
1645
2224
2650
2716
2364
4463
2109
29494
2744
2158
14179
15775
23003
3495
33720
14092
9737
3563
25665
103526
3111
3760
3147
105557
2824
5723
3229
45291
3398
41246
4114
837
3870
3048
3524
3240
69898
3933
1347
2425
89112
3847
3874
2635
2736
4573
1312
2615
1512
23292
3460
3914
4666
4474
4186
28025
2053
23505
3684
2238
111054
2471
20960
2240
5301
12966
31018
3570
2866
100757
24936
2392
1122
813
51246
44333
6837
2434
2773
1230
1965
2223
50336
3230
15037
131166
4212
59797
1703
58321
60563
3001
18881
2886
4937
1891
3185
3801
4315
53837
3573
4801
2120
43662
2916
2669
3808
2945
3700
3378
1889
3927
2205
4404
1616
3121
13915
3888
4911
2197
981
2072
2669
31524
55102
3296
61793
1494
3092
3442
2944
4616
2095
15517
137455
650
2651
1942
2027
4347
2617
96893
1820
18061
10466
3505
4903
84525
3311
14074
1132
74722
53744
1525
81919
3392
30767
73595
2647
1997
35136
2715
3461
3217
1719
3184
1907
4143
5116
49490
666
3793
2690
3575
35209
2885
4053
2563
2160
3960
3723
6195
2254
2665
3081
14536
1946
2836
2492
4226
2748
2713
13110
3730
2289
19743
113055
4990
2041
8739
60164
5734
2417
4630
41155
2730
2675
3138
842
2839
2745
3359
31154
3111
3466
1583
3589
2087
2998
198796
32230
28097
3590
1779
3518
23783
4349
6422
6246
1893
94529
1166
6206
2936
12201
13111
2433
13649
15940
2656
1265
3857
2432
1363
29672
1598
1876
3179
16404
56242
3121
17137
13312
3742
3572
144320
2222
1849
4926
5804
2883
17328
2102
33437
1870
3110
30084
12306
23008
2808
43420
100116
3016
206372
5562
8081
2557
4013
3077
8966
19175
1271
3669
3824
2870
3814
2836
4681
1955
2392
1466
1698
3320
21887
3447
3451
49016
41990
76967
12895
117329
29161
1935
28585
46833
2850
3528
4281
3539
5510
3086
3405
18829
2110
2023
108722
1698
19305
4527
65090
3395
45842
38317
3641
2934
3208
5174
127771
8964
1665
4203
722
19313
2488
17666
3009
2816
1248
40034
2210
45195
2027
4242
27419
14712
1967
3368
1921
42718
3801
44123
5220
2952
5344
3330
2532
1849
4340
15014
1212
36716
4167
24129
53862
3059
2671
3013
3080
3303
3262
2651
2099
4442
2778
16311
2320
3861
36129
19332
1103
4556
11553
29109
1860
3773
873
60266
4706
38897
10065
1580
3657
3107
11823
13265
1951
2972
10210
3672
9978
1339
23164
5016
33300
3729
3125
31316
1946
39909
3554
18748
3238
31534
3643
71516
2425
70807
2628
3709
2752
2858
1808
9460
3756
25866
53458
1163
14675
3005
3508
4083
1167
2319
2462
1302
2682
3210
2252
21245
5592
79740
40185
3841
16666
3146
4610
3226
2689
1718
1962
3228
14619
32599
2454
3632
2492
4815
4407
4932
2425
3490
1673
3845
2054
7625
1807
2433
2919
2672
4277
64771
31080
66571
15379
2031
3382
34352
2333
23864
63935
29675
2522
2561
1859
158783
1349
4225
2768
2936
3120
2893
2248
1954
4757
875
2410
4042
1000
60376
25014
4839
2597
67718
4184
3225
3546
10524
1806
4111
3258
119291
15500
4310
1734
2241
3741
3191
83573
2462
2143
74147
24035
2617
46110
2302
3358
3075
3739
4234
3725
112852
19798
15597
68965
61800
4291
1582
3994
16671
2918
2056
3154
65014
47624
25055
3346
3340
20457
3342
3670
2199
2785
3652
29194
981
24680
19007
773
9871
11696
3236
2640
2727
3356
2457
2514
2591
34889
2303
1833
32096
2893
2540
2529
39845
66052
3573
3240
5482
42351
3433
3794
2565
12631
12145
4348
3163
55260
1438
66884
2895
3010
2511
44947
2863
6490
3569
2831
2714
3264
16123
4402
86212
1890
2287
3625
1692
4038
3248
2716
3895
3406
32363
3746
2602
2711
2555
4746
4717
1685
4197
80537
2811
2542
41318
19642
2120
28032
1133
3577
3544
1251
2245
2793
25380
66474
2607
52914
3566
3536
34672
2092
2991
1539
3033
50981
20370
15802
3086
3255
1547
1400
70227
4594
3612
2466
2222
2689
1787
2516
53128
1207
3505
3940
5164
2169
2574
67106
20170
2078
36041
2942
1825
1904
3114
12166
4423
4418
4228
1978
50482
14712
12323
24780
2658
1960
4481
2871
4455
2699
3356
2567
5421
125015
4517
2773
3946
3245
4272
2756
1858
17872
104863
45880
1001
4151
5140
39468
35659
2089
2822
9361
38794
2185
1877
2432
21642
4470
2989
4028
1363
4512
982
21041
1172
2742
3939
4604
2221
2889
2855
25380
3690
4509
3076
11258
3692
49683
593
3418
3889
2319
1713
2396
3877
6002
27063
3374
3001
2724
3619
3381
3166
3980
2873
27554
1344
40232
56703
10708
32411
1943
1897
5377
43904
20575
3291
6456
30324
2979
1624
6907
3357
64578
1593
23524
3043
70909
4092
5765
2967
2225
26633
4490
8477
663
21243
4547
2598
2399
3874
3946
28084
28115
3578
4383
62371
2946
4374
2163
2303
1870
3589
1156
3249
20605
2289
1891
2546
3319
5310
1630
3193
3626
45815
12674
27481
6939
36048
29716
2436
69064
3126
36103
5440
2116
3291
1938
4128
24464
1236
3611
14339
2228
16518
2843
3711
3480
1541
3099
3138
2330
2917
12362
3625
20161
4512
3509
2967
165647
2122
4358
43515
1015
25600
3082
3803
1110
20291
47446
4907
1715
2332
3421
1841
2341
2393
2094
1976
3552
3899
2372
872
3417
7016
59467
4289
5059
4669
101584
1944
2044
4097
1133
2733
2403
1627
5244
58109
4442
1768
4335
4442
3216
1069
3656
3033
3311
79475
3139
3718
11807
3131
2172
2488
3226
75284
2664
37690
4769
3682
4306
3258
2240
16670
32438
14183
57635
24465
3999
2825
3180
2244
2213
60709
55011
2758
1439
56500
2937
39526
3189
3413
2920
1288
8822
1723
1101
3169
66329
3330
40395
1381
3182
1906
98438
5413
80100
22971
2690
2852
4689
3334
1723
3366
4788
99730
2556
86373
14482
35114
15732
3226
37046
17139
35679
93315
18602
45217
1302
3832
2491
17377
19347
1254
52227
986
3153
1431
3669
2367
4568
2235
4022
4323
1929
2399
28832
1199
2883
2284
1378
1831
7315
33149
2915
3561
4262
82556
2452
3097
2522
2327
2418
2215
33493
2801
2785
3262
2363
1934
3959
3416
97931
17383
180016
7469
39167
111897
1144
3050
11885
1918
102239
2475
2942
3018
3713
79714
2221
1376
11857
2151
13014
18312
2957
25394
1379
1444
45624
27931
3834
3587
25576
2033
3369
2662
2976
5054
1137
61393
72523
20146
56797
1707
2605
1745
3756
2594
26634
14379
4713
2750
3938
2051
27663
17616
60653
4979
3238
116508
2556
2406
2555
2840
1361
1486
2053
1252
1133
3422
1145
9246
3985
3271
1762
134787
3163
52228
14127
2661
4077
25935
1249
2484
3723
2989
1334
2168
2800
22096
1839
3078
2443
22984
39198
2587
2964
2698
2999
4003
14186
2569
4783
2351
1816
4985
4195
2270
4067
4121
46993
3257
2772
4194
2411
2462
1753
48825
4213
3826
3196
1976
5652
1435
3085
1819
24175
2645
27493
1524
1804
13626
38581
1380
1835
2988
2040
4741
2710
41016
58538
3262
4220
45679
3256
3834
100136
1708
2962
25626
3287
10060
3088
1743
1621
35715
39767
3965
12322
2514
29305
6037
20656
12366
1488
35432
13943
1996
3104
3990
73939
11010
3081
2327
2159
4341
2256
1128
3019
3451
3474
16146
1868
17695
2236
1958
96537
2405
39806
2011
952
2250
1975
1352
4894
62678
2180
21861
2137
2542
1522
3464
2890
21267
72335
20312
4330
18987
17291
1723
17939
1214
3729
2640
753
34383
6059
1162
2718
2844
3175
2481
2931
2313
7863
2135
17242
4147
3212
22125
66838
95596
2026
2779
1356
3874
3610
60380
88289
2146
37826
2810
3523
3421
1831
3207
1731
3144
3920
41275
3215
2760
56226
28844
10489
8025
2516
3447
5194
1995
3693
2558
1265
1535
28945
3435
715
1137
2181
3790
3103
2299
25681
2870
2635
4153
3414
2030
2333
80715
4048
2741
2946
2120
4133
21442
2801
36110
2430
5578
1553
3231
31242
2852
3250
11460
20899
2980
2763
42780
3212
3880
3804
2933
2903
1312
2341
2112
1616
1948
3878
11137
56962
20118
3555
3799
2182
3950
4976
2824
23336
3630
23067
1355
3600
74452
2659
2724
27138
2803
3031
4436
3495
84851
3320
1021
2980
2976
40827
54984
2822
3212
48386
1663
18676
27907
3277
5021
3827
3715
1535
1916
14797
3410
2076
4091
28383
3177
1926
1692
2724
2534
2937
1355
1744
7612
51937
74357
2255
2392
6615
4136
4291
36553
5678
1600
70377
6405
86233
73668
3036
32155
2674
1788
9498
9901
1566
3519
3235
42382
2739
57557
55197
4657
2518
4922
38079
2939
13362
2937
4877
2764
49117
36521
7398
39640
2405
859
4177
4235
2790
2590
2945
49680
2465
1225
2850
886
3939
19141
2270
3695
3686
4256
2924
2513
3231
3843
1311
6489
3285
3747
3816
28313
4632
84885
3259
1264
2397
3237
21442
24388
42816
2769
3708
2307
2193
57330
2443
27683
7625
72044
3767
2746
4032
1652
51797
3917
1205
2086
2712
4392
18067
4139
2901
2872
3664
3275
11084
3074
3141
23972
6624
5791
24887
1293
4743
963
2547
1826
3311
3217
52949
1918
2517
26698
1429
2138
37340
3664
35822
2493
20753
1970
8233
2328
2852
2978
4595
2514
3631
1374
3933
1277
3148
27177
3970
3821
4300
3138
11088
3551
3147
6247
8953
8864
1013
1742
39272
3521
2868
196128
12990
2983
2505
22279
2963
2162
3594
3701
2459
1475
4268
24826
3314
3963
43579
24084
1150
3962
3076
76750
47720
4573
74056
16354
3660
2553
1743
1756
19748
4690
3793
5158
2369
16329
1877
54581
2765
3887
3750
3325
2190
4273
3642
5389
3251
38083
3012
3097
22653
23527
43392
2455
30326
4315
3589
68323
4163
2811
3237
3430
9465
11177
2922
4158
2864
1564
2440
3392
3430
1981
9913
2343
3406
30424
57065
24031
86185
3436
2078
3034
10516
1609
708
1823
1873
2094
3094
3235
85056
3263
3207
2536
3031
1051
2876
21643
71330
3509
3072
4976
3023
14621
2999
2285
23151
20110
39231
8280
3363
39689
2974
2243
28093
13562
27092
2150
3945
3680
30348
11940
10475
76721
15323
3875
22561
2257
24073
1975
61579
3924
1250
27142
44062
87641
3761
18390
1543
4394
2556
3516
660
115413
1476
3962
4025
4345
1432
1574
4253
3593
2187
4752
3858
70170
83117
118418
87809
4805
2551
5103
30300
21946
1530
36447
2510
4902
2145
3042
3051
3042
4666
1743
3847
4479
11189
23089
28643
1306
60297
2352
2305
2489
3987
2772
3596
2955
2833
2038
3319
2683
1923
29842
2079
2917
902
5503
3298
1988
1960
106477
2006
2793
24540
2065
2818
22154
895
3915
3471
1702
3123
3917
27518
9889
2888
10259
2684
2205
2903
3281
3284
2275
4079
2100
2756
2146
2436
2990
3680
3088
3337
4581
2461
4873
22996
2402
2451
3895
2401
1327
1194
2870
3532
2402
1691
2770
4047
2075
2605
3347
4552
3844
72685
4286
7266
1554
3798
24515
38610
784
3295
2335
3058
5051
4491
16702
2654
3137
2334
3599
76796
19276
3576
17172
4055
2624
2218
2312
3904
4149
940
3912
2933
3317
2086
947
55450
2991
967
2973
9395
20654
12695
3107
6851
3882
3914
4015
2083
3284
2908
2635
69428
2094
3568
1747
5560
2023
69361
76766
2200
2737
16867
2628
49519
28619
2600
3164
29720
3492
8759
68396
2400
38147
3295
1059
17745
24741
47146
21675
173105
2859
2997
3855
3862
10672
3135
3458
1232
3121
2002
2468
2511
4276
2380
17144
77892
3108
7176
134781
22251
1414
108675
65354
33845
2695
27478
18636
11906
12354
18005
1552
1485
2278
1420
22815
49265
1244
36735
3149
15586
2349
19300
20332
2502
4198
6430
1437
1861
1767
105691
818
3552
2797
1978
2389
1207
3044
3901
9602
4427
2709
33920
4948
2938
3498
18178
3550
2164
2640
3303
2571
38668
119947
4964
83898
39553
2045
12700
2339
2356
4310
2198
2547
34526
1662
3938
3142
77264
2371
8617
2424
3625
4104
2338
3945
2973
2564
7051
18244
2516
2828
1617
92266
12001
9331
4135
3333
2399
660
1572
42191
3036
2706
3913
2373
2326
4345
3454
2645
3465
97803
4777
3648
11550
2860
4577
7306
70795
3377
2144
1579
66690
56925
2525
92583
2307
3403
16031
30518
2174
14935
2188
3846
2693
2555
1262
44821
4423
4143
1113
4449
2319
4586
3533
3595
54143
31165
20701
2148
1105
93244
52536
2315
4165
7389
2770
3553
9495
36804
3620
3682
3577
5873
6681
3840
3711
2547
63655
1144
20683
4003
2500
9354
6625
24037
1603
5632
20590
106543
5258
2675
3773
23505
2951
3238
2691
2117
2961
3174
3928
13224
1831
4600
3045
3624
2392
2357
8811
3210
2447
2306
3244
1860
79696
33930
3632
2164
2979
2263
3579
3589
39095
3712
21629
4608
3425
14583
12547
27051
2133
3686
2057
5351
2340
3262
4247
1709
30468
6573
4186
3941
3557
3365
1902
4398
4098
14026
58678
2187
3956
21113
1609
4724
2463
2960
3510
3959
2561
2537
4320
1078
4123
3069
2665
99741
4565
2263
2866
46451
23537
21869
4052
41995
33952
3638
1978
24315
3271
2132
3495
62884
1989
4491
24200
12497
31221
3604
1884
3746
1232
3099
2034
6198
1501
7014
2679
112112
2855
115449
1866
1788
6264
120272
3429
3367
42685
3371
17078
1202
72395
2458
30335
1943
4689
6279
8679
1429
2357
4563
2501
60155
18109
4509
2383
3818
29559
317596
3719
3670
3788
1016
7916
15459
4003
26792
37723
2555
1947
2754
26924
92589
2590
2510
2646
1531
2977
3160
3845
2001
3460
2362
3047
61079
14234
5967
3545
6569
3117
3911
4066
12028
19757
4270
1417
21023
35021
78472
3082
2777
5492
58769
4072
3594
1176
1380
3050
33255
2019
5665
38533
2189
1200
3183
3168
4212
1436
98020
2588
2579
30657
1648
1792
2931
86902
13568
2333
12827
2178
3836
46223
1599
1257
3840
50319
2253
15917
1297
33513
3555
876
785
2150
1612
2455
95318
4108
53905
15780
2195
22579
4586
69759
4792
15292
3325
69896
3043
3179
3856
48272
28202
1292
5691
70469
1420
29993
2275
3310
12420
4759
58095
1319
20688
3978
3557
11473
3838
4381
2165
4460
1337
3520
54750
2567
1799
18530
3397
2495
2649
18110
4524
1391
1390
8563
150484
1261
3873
3059
2580
1854
1668
3687
18914
4853
2116
6843
2755
3597
78660
1634
34254
1329
1381
2088
5153
4270
3315
62056
2867
12818
2614
18126
6655
1860
3751
3322
3480
2585
3140
587
2381
35491
32141
2465
2386
3486
31626
2810
3078
71981
3140
2097
5137
3179
1493
2386
2903
3065
85852
1744
15505
2140
3300
3493
17394
41133
3074
139157
14148
10059
1750
16239
72957
2530
24360
85834
6744
3994
15133
3907
19623
1752
1262
12925
4342
72777
2171
3578
2182
2132
3897
2680
102373
2463
3233
27278
25714
2368
1456
3422
23468
2945
1564
3169
4282
12323
3610
1385
24217
2449
14939
3900
9286
5645
3894
3046
3778
5115
2344
3432
41030
50263
1225
3049
3141
78144
4115
55508
2421
47418
3415
5001
3286
3480
4361
1278
35913
2977
2471
2811
938
13742
118746
3802
4123
151359
2535
97991
3154
3063
3150
4519
3997
3029
9558
16449
2510
1692
2847
2492
716
3768
77943
34040
2346
45354
3467
3468
2101
3360
3096
2141
1513
9432
9524
1669
1079
21769
3135
22353
29167
1597
2817
60223
11531
24575
8889
5787
2288
2342
3560
3504
3338
2574
3239
2399
3585
2912
621
8262
3331
44756
2143
45424
19107
3193
2617
31587
3902
2898
2265
3985
2267
2284
82706
3081
2066
3495
2774
3186
2472
88589
3223
2601
2143
1045
3220
3315
3702
48103
5764
50693
70437
21301
3732
13464
160635
38788
8828
28690
24703
2615
3134
17453
26160
2690
35078
2806
1497
3867
4106
2729
1823
3509
3490
1919
3975
2977
19277
4245
3784
1895
73190
2762
5557
4396
4114
3721
1973
2939
5063
3428
16253
651
3333
1556
2367
13517
1915
1591
4354
4548
1757
97725
1976
3421
2933
1756
58949
2402
1481
2890
3219
1230
2667
4148
52189
3724
3466
2820
50583
1441
22540
1889
1266
48633
4264
29945
21378
2335
4411
2300
3874
3225
4030
65544
3978
3395
2788
3863
3354
1451
2177
41534
4147
3147
3197
38234
2233
14298
2041
36120
2965
58116
38486
2845
3500
4345
2758
11038
3813
1777
2155
25286
2699
1767
12216
2925
1885
2877
10980
2572
48188
1349
2106
3393
2610
5030
3884
2645
1746
1109
2274
1165
2746
2694
3643
2762
1289
65523
3286
2301
4994
3338
3176
3611
3242
4442
1618
2771
3561
2263
56151
2499
1143
3431
1225
10904
5470
1958
13854
5292
1657
4317
2098
65671
88367
4000
3503
898
930
2696
11854
32116
1227
64669
48998
2453
21666
8786
2038
16181
1770
32745
2688
42263
38128
1620
4041
2986
62914
1755
2331
2094
49144
2166
2876
2044
2658
3736
2487
2308
3160
1353
13463
3393
3704
1751
779
1263
2076
1196
47626
3786
2250
49267
1960
3308
2735
110725
4346
3349
3765
1609
83553
5317
2295
4547
3294
4305
1149
4151
1887
18519
3627
4104
4482
2928
4642
1084
2654
2054
21001
46203
2095
14122
3514
4209
12606
1921
3104
4157
3956
36728
105425
35548
4770
32550
3750
4389
2511
2704
29516
4380
20809
21921
1605
1823
19680
5284
1404
38141
3214
2409
4441
25321
3656
2563
4520
18170
3171
2334
34485
1599
5416
27912
3203
2108
40984
3758
4387
1477
3469
1950
2794
29199
2422
3623
51071
33673
1421
4195
2556
3841
24368
2884
2632
11864
4994
2653
4370
3285
2169
36463
3587
42003
54198
60544
43006
31003
3402
1121
2903
4676
3376
3653
4071
961
4882
1499
2279
4246
2264
2220
4342
3325
3510
15448
3000
41881
3789
27246
3688
3990
935
2938
1560
12131
11043
4113
2244
4350
30849
1755
3366
37620
5138
1726
26409
3295
46003
3687
1425
1314
2067
3822
3034
2977
19001
3852
2835
4093
82627
8827
81136
2891
2087
3019
2039
1162
1859
4327
5097
1989
1234
3039
2608
1313
3273
22746
4372
23207
1774
3205
78245
4594
66046
11840
96407
56367
4923
29863
11921
33609
2185
2424
2939
4286
4907
10048
22484
3140
1331
54410
2274
1468
2205
1136
32920
1211
1505
1954
1693
4175
2162
2894
2309
20819
2537
9894
2107
29942
2571
2564
4023
48082
2162
3349
1584
3473
3388
4590
4324
2267
4181
1286
4566
1467
99657
1733
8749
2273
3987
69558
38299
3666
66648
2640
1549
2211
2588
39098
3607
1466
2577
2435
1396
5258
26544
43045
1097
11160
3320
2509
4580
1364
72331
3195
2929
1369
14941
4669
4415
3151
3862
41172
45282
3637
3473
4190
3338
6243
1228
1886
2999
15214
4896
9389
2629
10318
3560
3339
3847
1498
2677
1274
5912
2501
12092
1782
2082
2223
16685
2735
1900
38467
3307
23232
3910
14089
3201
3375
2789
3381
1710
1532
56894
2171
3288
3321
4517
2902
2530
23894
4452
2932
12471
1662
43221
3008
2799
3266
5020
3115
1036
2607
31602
3065
2452
19576
2596
2634
22652
19675
23479
1316
11578
1953
2430
2400
4113
3813
2479
60461
1946
28885
3626
4422
6571
3254
1239
5169
4430
62538
3574
2161
84972
44618
45536
25313
1141
53878
2491
1185
2221
23067
2431
11830
21343
2241
47530
89277
12252
2106
936
2888
3145
143440
89678
10576
2257
3244
2239
3212
1597
2063
1433
3605
3420
44794
1814
2684
12305
3294
3722
28828
3634
21168
2483
19021
4071
39968
1905
3570
1930
47950
46534
3216
3186
1399
2689
2235
46751
5492
3703
17896
3438
1001
77038
2487
2531
3599
1779
4058
13032
1649
101294
35511
3517
4520
3527
1809
2616
62338
2172
32466
3236
65753
2237
3175
17778
1614
4038
2830
107636
2016
37854
2435
2867
1335
3274
93667
1471
232555
2310
27396
2026
1233
57025
3790
3817
1037
3783
20475
5089
1760
3035
2384
35523
1188
2560
4396
1901
4369
4680
3383
15089
3547
1048
102801
3450
34595
3350
41487
3642
2246
1314
2433
3422
4053
55186
25824
2806
10095
2390
2175
37269
1736
37347
4115
2511
3127
2962
20050
15116
2274
11593
2819
2942
8337
36672
1709
2449
2732
2241
26695
1489
68670
4717
63047
1311
3555
2087
2835
4359
1800
3222
48646
59107
1851
37459
3957
2204
1816
2802
1641
1987
37990
2353
3936
2336
2673
1904
4199
2192
1742
2896
28307
21355
4334
22573
217613
16081
44871
1712
28627
5025
2307
19534
7067
3126
4503
13662
3085
43034
10124
3774
1840
29534
2791
3446
3243
17971
1673
3461
4160
2088
23840
14131
3848
40525
12890
9659
2522
3031
3313
51821
3583
1643
21235
2048
4158
9298
4060
2664
3113
32592
2452
1631
5620
15399
71314
3381
1655
21218
1404
1592
3684
1765
49286
3135
2369
49224
13016
18022
3976
4623
1479
1702
59658
4030
2549
1698
4169
59353
3246
4283
2619
4376
3784
961
57209
2766
3502
3125
1828
3631
15569
55347
1971
3397
1327
2151
3500
1813
1850
89344
3999
2894
3438
3973
1653
63725
3077
66063
1494
2305
3871
48413
2754
3310
44048
28548
85116
62250
2379
48506
8246
1528
20486
8719
2605
11431
1763
3930
17973
3392
2840
1486
3431
49641
2978
2652
4162
3202
1960
2357
6291
3177
2765
3831
8413
2137
2410
6133
4725
5500
2307
3166
29474
1432
2615
3004
25730
3594
3863
3094
41984
2812
5161
18834
3352
1363
85679
8752
2309
3395
1419
1366
1640
2268
1071
10330
2820
3192
15121
1547
2654
2822
3252
1792
743
1557
104415
20974
14206
2174
73631
2785
2729
3791
794
3484
27121
2251
12073
2640
1807
2126
8985
4881
3071
4045
2949
6200
1362
2308
3400
2317
2045
3274
1852
74212
170096
1969
31960
1442
1263
4255
2318
3025
1512
1186
2382
2524
75370
5383
2000
41793
1104
2926
2209
1740
1839
2598
3659
4762
3070
2357
11185
3724
3114
71755
3167
59774
2044
21068
3139
53249
3685
1727
41981
3329
4279
60022
1933
77080
21235
4258
2391
2402
61825
9365
15304
2526
2325
6150
3718
1668
1300
43211
1598
67364
2576
2499
2277
32608
3099
3470
3776
3361
3432
1883
6262
3532
2552
2529
3352
3740
3380
2260
4412
1735
1859
40496
1691
1878
2518
3421
2301
2847
3519
4375
26358
2479
13312
2917
3464
2015
35873
2086
1847
2466
2494
2670
1504
22050
6018
3934
13632
50658
1037
1073
3061
122153
2133
3056
1051
2099
9018
2484
10553
38854
2013
97731
1231
1900
1678
3496
148585
35448
2985
1397
2126
4607
4332
4850
3553
15242
2689
2504
19983
42411
3647
26300
55507
3154
47677
4750
2331
2647
1670
4300
17368
1878
4514
4077
1722
2204
4645
1496
2076
3562
56462
2890
2423
5343
15940
4805
31415
1722
9015
93597
1552
2713
3337
1335
18638
1519
94551
4682
3061
23813
2469
3017
57549
3708
14794
1732
29511
2554
1964
4780
2428
44781
27915
2500
3116
100454
12973
1305
2818
4657
3702
1683
2849
3723
1496
3469
2746
57942
4575
1275
4204
17896
1615
37450
2117
13910
1334
4215
3009
1996
4251
21698
56756
19128
3145
1822
80672
7755
2830
1101
4052
3358
1711
4416
32589
65456
2243
63840
2251
14189
1603
3171
1897
2727
5897
2018
13751
34238
2977
3012
3024
2459
3728
2313
28145
1712
1232
1323
1313
3250
3134
2603
2080
100387
3872
1641
898
9300
900
3727
39612
2265
2172
36556
23410
4338
3445
3731
3269
2978
3024
2652
19291
6120
3695
2683
38864
12194
82068
4800
3469
4454
53958
2793
2035
15291
1067
12140
13952
2015
2585
2810
2544
52837
3019
3547
1519
1533
11588
33244
2741
3766
3137
8362
3797
18151
2287
10327
50046
1343
89569
29249
2131
40203
2459
3988
3479
2934
98461
1779
1522
4683
2753
2648
3615
2834
30004
2097
3322
2539
2615
3595
1860
37634
28129
9163
4571
3771
4313
25849
1680
17109
148845
4475
1752
25011
2457
1044
3077
2851
10399
3934
3243
3193
1632
676
2830
15997
2555
3132
36712
1505
2626
1701
1510
4728
64696
6175
3164
32958
2452
3391
3964
3617
843
46566
3749
16419
53774
134758
56003
2087
2089
2120
31175
2650
2651
28198
43240
3267
9052
29296
4904
1867
1792
2569
1924
3036
8382
4183
1216
2689
15482
32589
48873
3948
4056
1407
1521
3229
1979
2150
1799
32684
4587
2113
102471
3513
2783
3019
846
3227
23601
3056
2559
3448
3008
1060
72464
3003
13681
7185
1970
18392
4211
14243
4198
2104
3535
13782
31410
39419
3053
108049
2499
3664
29092
4149
3648
1440
3310
93561
2623
2608
1916
59548
1724
2606
2565
2577
10359
2269
17889
11199
37715
1305
1122
7410
2889
2002
3520
1276
7297
4136
4898
2052
3127
2265
21638
3240
3411
4615
3848
2695
2060
3456
7134
2675
3842
1515
4705
4522
3233
3799
34594
66983
2628
3651
980
3625
1778
2901
120351
36200
27650
98611
17484
2325
37405
3611
108837
3334
1208
2629
3106
46980
8054
3169
2676
18079
3165
2820
15189
33388
33050
1060
4064
1818
68816
2482
3063
1712
3039
4510
2617
38315
3158
3271
22978
4167
1972
2611
49348
2419
161564
132999
3414
1458
8936
1661
3873
1071
32976
4503
2340
3557
3278
3582
994
2548
38245
9558
24538
4342
2713
2956
1867
2114
2416
29989
3302
29130
1059
4289
3022
1355
41228
1767
3744
1626
3733
2208
3980
3217
6887
2291
21711
4366
1940
2895
2544
20921
2891
3929
2152
12865
4647
8563
1324
4515
30873
2374
44179
3874
20162
3724
14248
11412
4041
18941
1199
2220
3571
2496
9853
36623
4029
47611
10810
3623
3195
1840
2982
2958
2960
1375
2212
2376
7452
4384
18615
17947
2774
2201
8534
15445
3259
2296
32631
4968
2591
2356
2984
3079
1717
14173
20668
2296
2082
3311
4509
3930
39311
17026
4729
135207
3980
3205
51033
6023
21871
1885
2368
38436
3508
36024
45078
4045
41387
2677
3444
13541
16690
1850
2120
2578
3831
2725
4477
4257
49302
1041
2192
17850
23410
2886
32362
10865
4266
19550
27512
2235
3414
4534
3989
9827
2436
1531
1727
6482
2104
2019
34652
8830
36509
84111
3053
3682
99165
1934
2184
2556
3368
2061
1673
1135
3960
2289
153667
3910
23700
3253
4202
2182
1872
96514
2012
3679
4082
2309
4996
26323
3635
4466
2470
1624
2073
1429
2017
2668
4071
37317
3119
986
3392
97487
66315
65710
3412
2960
1609
3722
3430
50750
2826
3205
13078
2481
1817
3451
2992
2633
28827
2336
1477
4049
4187
10168
34621
4112
1993
3695
3132
2411
4627
3716
60650
19371
798
13487
903
1570
38960
79264
23327
2458
3375
3164
56990
3571
7003
2888
2140
1319
1966
45344
28663
3638
1960
43674
3984
32626
53317
3812
3786
3844
2688
3738
2235
1595
3297
2719
2727
2080
1811
93480
52887
3109
130941
26929
3110
30102
4168
25706
14268
1645
85927
2044
4233
2453
29674
2466
5022
22252
3140
6368
2694
3323
2877
2260
5020
2340
1297
36982
3521
4819
23751
680
1240
4125
19733
34954
1212
2470
4747
11910
1447
2482
29005
1619
3538
3839
2864
859
47158
19208
3688
2659
3557
35239
4364
11614
6388
16864
43923
2437
12996
163228
1386
90330
1382
3168
25542
33452
4486
28062
4161
2171
45991
5500
3454
2574
888
80645
3267
80412
1345
3880
2867
1766
45133
3104
5170
1803
4964
2229
3782
1151
1971
2592
2274
3548
857
2896
3927
2554
2359
66864
2748
1666
23064
2824
4107
2953
67476
17871
2537
20850
2087
2540
6708
1652
1859
2364
33213
2127
1550
13230
38259
2736
2928
2558
3003
4844
1051
5266
7014
4368
27035
3460
3021
4165
2787
5664
3599
3172
32148
1105
27826
3999
38729
3870
4702
2598
19187
4068
21752
1395
2244
42238
2513
1845
7867
3045
2995
2891
68839
1564
37754
17411
4316
11631
2741
4863
26670
1198
4230
2814
3565
10700
2777
1501
3868
37435
1479
1971
4714
21657
3842
5576
3421
3593
3264
22601
53625
5050
15234
4821
2747
2880
3162
2941
2847
2836
4598
1788
36274
3669
8083
2466
5263
5801
71686
2424
67357
2770
2397
1533
3698
4782
2513
15372
12378
1741
4485
2340
3605
87232
55623
4246
37580
12478
1198
4356
2333
2398
3488
5503
14954
1874
7842
2631
2008
59710
48506
2325
1479
3027
1265
2662
2746
3094
2839
45805
3058
18163
78535
48744
2929
2864
68797
1924
1839
3537
5172
1708
4579
20558
2313
4454
1721
70098
79916
3203
22223
102324
2771
69320
1895
2831
2756
3555
2603
12863
5738
6008
3094
49214
2017
14152
20775
3572
2922
2614
10562
5192
3298
2609
5373
23424
49175
2380
68444
11293
10371
16561
1756
2422
1919
50724
2408
25621
4199
2441
9584
69791
3606
3493
113886
2826
3996
797
14619
6408
24567
7629
46301
82381
4438
1519
1560
15812
43386
4185
1765
2491
2909
4577
2056
1485
52205
5668
1592
14047
14158
2611
9277
1989
3966
1592
22517
6619
42813
65232
3494
3522
3246
2631
87440
20266
3167
41224
2475
4781
13895
1236
2472
28933
2433
4273
30191
2563
1656
23964
2378
2595
24539
1268
2405
1466
3345
1340
4100
1740
63127
3118
20981
4563
6457
35417
84406
1790
2574
3299
2633
2745
4281
23789
3152
2910
2026
2560
3031
2614
1369
69151
2280
3620
2592
30051
43679
11474
2869
2029
2643
2462
3950
4128
4661
2674
23627
1866
19457
3363
14147
2626
4587
2740
4556
2380
10252
3154
53448
2251
1509
2819
20836
2383
902
1401
4029
22743
19327
25995
4912
9889
70523
68179
3511
2415
22375
4705
1813
2852
4371
2973
30477
4691
1345
19720
1200
9829
27050
42004
5145
13094
55697
57309
1066
11873
4830
2708
1303
6435
2632
27828
8603
3521
22261
2139
46218
1440
1258
2162
3164
42599
3038
45715
3733
2996
4288
17657
3639
4171
4297
3327
2826
21978
3573
2049
2115
2359
2172
9908
5259
17159
38857
13363
1913
11453
55054
1937
3530
19221
3070
3609
21577
28559
1772
3680
3618
2710
4834
37055
2454
27951
4069
3743
2667
1678
3461
9067
6986
2765
31211
2267
6566
14518
9326
2652
3915
24148
15292
4001
29695
2961
1890
26831
3427
15653
190763
960
3962
3762
3684
2524
2587
3607
2315
9048
9464
3289
4657
4147
4032
1486
1289
2723
2418
1400
3949
2228
8751
58691
50763
32335
29960
33402
3366
2045
2335
1766
1882
3752
1846
3265
1645
3767
4873
3762
2309
20644
2610
6478
2742
3596
3338
2946
1656
7870
23232
1372
6486
4592
3362
2302
37398
5385
77516
22117
3517
4485
41279
53786
42140
2158
154546
3190
3272
32725
935
3001
3221
3821
3390
4499
4130
26206
1523
4820
42190
4212
2914
3271
3142
21898
39737
2970
4852
1359
18322
31397
1654
2790
19263
2669
2630
20948
3104
3525
738
41538
1896
2559
3992
3225
15581
52364
3628
2402
21146
3329
3264
15518
33658
2355
3262
1935
2822
2840
39293
146762
31800
4067
5025
2520
63946
75848
3734
2156
1942
2138
2615
24496
5963
3929
3018
18468
5727
2600
4184
1748
26449
109026
3984
856
19829
3557
2158
48396
11710
2572
2766
37059
3262
9937
3164
3620
3319
75632
3317
35745
2577
29958
16658
1414
2052
28869
1413
3282
16007
2922
2606
1869
37032
22143
2661
15786
13350
13403
3279
3033
3380
2917
2111
39126
4579
3290
13223
58959
2556
3798
5107
4769
3247
3258
15847
1821
38655
23761
2774
10502
2936
2622
2949
3763
1532
2503
2327
11499
2133
4128
3827
1887
3026
9410
4886
2533
3513
7591
3326
4329
10770
8611
94776
44608
2432
2339
14116
2370
22005
3882
3343
26978
2842
13737
10742
31681
2449
4252
2093
1134
38386
4213
3065
15010
13401
2357
1575
8508
5269
3625
17215
43981
20173
3065
3969
3990
1093
1933
45605
147400
1483
2858
11687
37048
3216
3330
2944
3338
957
46449
2782
10343
19483
21303
25507
27050
2743
73119
41095
2125
2283
65636
814
5167
2054
2030
5068
22681
21515
20818
2261
39901
1681
67067
2036
1019
2876
3976
3420
2847
2830
2326
2386
2862
2893
2084
35280
5118
59293
10822
46534
2691
3137
46548
63052
3450
5087
30891
1019
8204
58870
3044
4119
2060
4176
3061
3448
2060
1518
153013
5147
3178
22460
3837
1949
2416
3075
3824
3373
3142
1238
31488
1315
16813
8574
2583
1700
4477
2689
4001
3140
2265
3198
2646
1038
33524
25305
37089
2149
4279
3564
4258
3424
2259
1944
2354
2601
40724
35955
1559
3486
3603
1830
106967
2874
2442
4811
9894
5938
1041
86794
3950
1800
12655
16079
2941
2565
4599
3197
1530
2120
2941
2863
6244
8882
104662
3257
1539
3997
3547
49252
1960
1853
53169
2623
6536
4648
3525
3117
5781
3217
4539
56669
1459
3935
4029
5008
2183
4599
4033
146554
3482
3333
2905
1505
3832
2289
20015
2944
59112
2469
63754
1448
54849
2332
20096
1628
6843
2357
28493
4131
29952
93318
5705
64591
18987
3275
1883
1609
1468
2709
62885
10791
19675
3168
40793
3947
2272
3724
3294
20448
82489
2480
4170
3015
3775
18729
2168
2972
2630
1496
3604
2383
6295
883
4402
1856
93928
7067
5398
93174
792
3975
3147
2228
2148
1388
2118
2555
5001
5474
2099
17917
2441
3424
1891
4343
631
1390
1944
56351
2266
1361
2421
1808
62396
46952
1861
1524
1913
3667
53678
2683
2443
4771
15754
9800
15487
3430
4023
2268
3156
1570
4721
16352
1936
2527
641
2011
2434
18570
74144
3667
2297
2637
1804
37956
3853
1077
2646
3922
30461
1540
1217
1835
4053
39304
3330
7475
11126
906
43042
4160
3809
2490
2611
3919
19350
1203
3419
3198
34203
15021
16286
2769
2759
1926
72447
1734
3806
26611
12504
4176
10876
1786
18635
3964
5221
4202
17982
3357
1335
3640
10351
27254
21020
2073
4591
1411
3990
3617
1570
2321
4623
3394
1436
14686
3784
28424
20343
50402
2376
22574
3449
3599
1770
3140
58478
2376
4459
1359
3018
4260
1113
1510
2189
39269
2047
12575
973
2888
2781
75246
69844
4272
2520
4800
6768
1224
2669
14741
2750
4501
18824
1805
3269
38959
35136
1567
2738
1057
2349
4483
2566
3872
2494
161796
46391
1927
2049
3651
2376
2891
4410
65795
1640
7441
26869
1411
1906
4450
27657
3835
4890
4115
2316
2696
3973
1909
137366
1132
4214
4326
2299
3083
3741
1539
31498
2806
1742
3694
4911
2372
3676
2362
3553
1537
8210
24141
48489
1687
2608
1709
37679
4111
39138
16884
4282
2319
3645
4418
2503
59410
38291
8527
4795
1213
1988
71787
3370
2751
1429
4888
68750
1953
3423
11385
3066
2393
901
20351
3888
2612
3897
5415
847
8740
10902
3166
3518
2929
2699
27851
74894
11964
2486
2274
1666
3228
201885
1815
2816
2998
2932
10210
18983
6303
4187
97939
50478
1946
10695
1882
1724
1651
11703
49365
40791
1995
2965
23318
1236
4941
1752
5019
69691
47309
12749
3021
954
5811
24639
73276
661
16903
33310
33471
32997
2638
3318
2914
2158
4674
3882
3662
1677
3466
37073
2323
2604
2919
4666
5031
5949
38191
2581
4250
938
3536
3359
2179
138534
2699
3163
2227
1964
24870
1300
25091
34928
2124
3880
26515
199780
2511
1812
3174
39967
1247
41255
32626
14843
4366
3150
38070
3313
2537
23253
48748
3936
4340
25884
725
2791
22434
3939
23903
47843
38244
3856
1724
36029
145672
1532
1067
4977
1871
26730
31089
1515
54695
3932
2315
1585
4285
2948
71258
2821
2059
2366
2711
2263
2904
2776
2283
1117
3050
47390
12507
17670
1697
56842
2375
1080
139671
4524
3472
2929
45463
57778
3806
1993
3190
8072
3214
4131
3554
4043
3208
3082
94294
34715
3731
1546
16517
5593
74218
3120
4570
2689
15096
33402
3089
32930
2552
3299
12144
3835
2812
2558
4115
3113
1718
1483
2796
2107
1668
27693
2372
3191
2060
4508
2449
43242
1477
3879
3576
4129
63455
2159
3418
2585
38378
17797
2226
14632
3637
1004
4489
13994
124970
6493
1844
4551
2151
2933
3871
73496
3024
1540
2015
5623
29672
3453
23715
1636
1927
3071
3042
67240
2662
2118
4196
3554
1051
1816
3436
3126
59144
2443
17864
30895
63351
11113
20891
88700
28489
2478
4400
3653
2069
13489
3232
3881
1220
2489
3248
14302
43380
25743
2229
28683
43507
69692
4061
3269
3120
14452
3748
2500
4291
15096
19828
1623
2355
17793
52110
5093
2707
9839
1923
4679
2955
5348
7224
5398
3850
2571
3228
2154
3387
2304
4115
11726
3748
1106
3306
2797
30450
4412
3959
22695
3555
3367
2226
7853
22484
2931
1876
79751
3532
10785
1771
4845
48139
20780
19410
20066
2201
48562
1491
2470
11655
2045
2430
4125
5582
1527
897
3419
20796
3509
4962
30541
2868
2807
8566
2679
2992
3010
3423
2625
2635
3030
34022
3052
2193
38969
56142
2108
2370
971
3168
4471
4532
4957
95184
1434
3607
95816
2217
31971
2616
3020
16698
3651
4939
2036
2294
1801
2849
3326
2914
3357
18576
3658
10289
2526
4627
63968
122509
26613
13504
53491
2015
3450
2787
1673
2101
2994
1131
3091
3102
1761
3922
4014
2800
50230
3064
2877
1742
3691
3636
2070
2025
4433
3610
2628
2442
3989
1055
52335
4430
3535
120752
2871
60940
4499
4658
2379
3384
3046
1659
1925
1918
47806
1816
3908
3541
3161
1578
1700
3072
16893
2757
2797
118118
3706
31793
43687
4158
9033
10026
1809
2789
3519
8689
14991
2952
22122
2036
2924
2370
1492
2946
1447
4497
3205
2038
3263
2753
3633
3041
4545
15732
10282
1520
5843
2544
19128
2229
10824
22734
5187
131033
17906
1770
74633
48381
3433
2433
136360
141886
3001
3656
4363
64676
2052
19730
2466
1167
12518
32668
3110
3839
5106
3742
3346
4638
3162
4115
3062
3415
3007
3810
102117
6058
2511
34443
4616
1910
3294
1670
1889
3100
3426
1961
2463
54915
37625
12228
1335
52857
87372
3170
2748
3475
2821
3338
111407
2258
1219
3526
2420
130931
18748
26808
3419
4231
33675
3338
21555
8378
2185
8907
3618
1626
25090
3403
12424
4603
4217
3085
3529
3703
54031
2971
3217
33399
2582
926
25714
10160
2185
2955
1954
626
3175
5619
1996
44808
19082
15941
24567
3056
15748
24233
2861
12020
1831
14465
3358
1817
34337
2453
1277
43097
67785
88191
4346
3682
3301
52257
2419
27153
1498
34146
52789
4469
2833
2558
3222
63907
4784
4130
2213
104046
2466
2173
3413
3358
1243
3293
20676
4239
2454
90256
13628
2773
1165
2766
2282
3191
3691
3337
3392
2966
13677
3203
4358
2633
2904
3847
3811
2757
18743
3434
1785
4323
2515
2889
2594
13052
112351
2359
2290
1970
2167
44234
182408
2590
1719
31563
3626
2279
54435
16745
14733
10492
3237
6336
28980
1755
21623
2107
1899
668
11937
3072
2613
2184
23708
3563
3764
5172
8180
1343
2940
1609
1147
4137
8098
3242
5133
4683
18523
2951
4187
49550
9930
3844
25783
3723
78190
16591
3778
101808
922
2054
23067
40673
2319
2681
2347
4512
4366
2617
2504
4284
32268
2331
4100
2494
41625
2203
3513
31141
2513
30549
2371
4093
2682
31303
5631
3141
3170
1809
79905
3354
55471
24127
3528
1330
5040
3735
15073
3734
2562
1809
1416
3137
14691
2635
9785
2959
1584
1153
21310
15997
5507
2687
3001
53800
56746
3231
2135
3284
15913
2473
3919
2473
3825
2401
2538
1084
2033
34797
2244
2132
1489
2301
3115
3189
13487
1925
18314
60541
3834
3414
14356
3708
1262
2373
3898
3502
2612
3128
20930
3816
17074
39125
3518
69482
1830
940
3244
4461
16718
32562
4462
32816
4730
2888
3747
22319
35699
3795
1950
2216
19386
1727
45420
45888
53707
4403
21325
4187
2763
1820
2146
3417
3150
14728
25075
1307
3744
14378
16921
3682
12811
21103
2374
3225
40355
23436
3503
7465
5319
34218
38550
4718
2323
3885
8604
33801
2877
4043
3401
3411
3371
1380
8170
27952
1472
9416
52492
3137
1791
12187
14250
13186
1064
47113
2202
2484
16076
3052
11344
20584
1823
50670
2410
4541
3209
113789
3908
81383
2564
2714
2591
4453
4163
4130
62928
39055
3696
1396
16606
20552
100988
5382
14590
3062
4069
2915
6803
41069
2526
3214
5481
2020
56768
2248
3650
2511
3397
5029
4320
1271
93199
61766
2793
5729
11552
74371
10450
32645
4013
5687
27561
1372
2345
59841
22204
2156
5202
19680
2707
2489
2350
30806
3317
12848
57052
31773
94881
37752
3944
5271
3306
2971
27780
58196
2049
3069
1685
1500
1179
14412
25527
4145
63237
42430
2041
28098
2681
64976
3818
4872
86481
37192
2355
74156
8578
12117
4208
3476
3613
2105
3780
2225
3326
2223
2522
2844
4789
4324
6379
62293
1625
16994
4068
2327
49947
3578
3335
2720
27901
31865
4136
1381
2303
4014
4453
16266
52886
2726
3596
20269
1410
3995
3373
2603
66712
1262
17106
4055
84141
3724
2557
1485
8200
13079
7417
32230
34795
7304
4279
1730
3277
6523
138471
2744
2914
3890
2571
2278
3640
1027
3034
2969
8979
4330
3528
34876
2715
5710
31535
29568
2090
9521
11550
1499
3227
67394
12184
3952
1738
2442
4982
5199
3540
2388
24204
2338
2365
1894
3960
3753
3260
67945
2929
3892
4944
43535
3556
49693
5727
20041
24977
18974
2204
2205
3028
2228
40491
1756
4058
18050
1643
2346
3121
14868
1807
44157
11184
3094
3959
3144
3719
2540
26790
10020
3430
19897
14976
2993
3210
3895
3281
1955
4056
2268
3777
32827
2402
3319
14290
3556
6830
15544
3370
2898
2910
3741
11773
31091
3298
14914
2620
2974
2672
36001
3183
3656
6084
2482
3343
203507
4587
3101
4886
4460
3276
38759
1315
118134
3119
1802
26018
5318
102290
63356
11016
2301
2741
2171
23238
2281
8279
80730
2278
2054
1766
3560
7739
1810
3287
3226
3395
2138
2186
2417
3991
1572
1957
2652
8481
30351
2313
33626
2071
1314
1763
41572
7111
4101
15411
2770
3950
3551
3040
19945
30528
27490
1406
13493
3159
2525
66158
2981
2155
1866
24333
30674
1444
2182
82084
1544
2968
9616
5501
2631
55567
4494
17622
11561
5018
61691
1506
3345
26453
1142
2289
1192
139372
3083
2335
3596
12799
1846
2548
1152
2562
60767
18849
2861
4276
3964
23070
3243
2924
2976
4091
3776
3982
3003
5616
25716
5753
3880
4076
40904
2632
2061
3433
1973
2409
3683
15492
20971
812
4352
5091
5176
1345
978
60405
1654
3994
98063
2872
3495
1421
89800
1188
2623
3783
754
2548
5142
21273
5041
7811
4581
2287
933
6524
1381
934
2454
2891
2498
31426
2984
3848
3307
3471
3855
2624
30184
797
4017
1002
3105
2559
67549
5244
3568
15223
3904
2484
2604
3873
1932
63394
68707
90295
17824
2373
77044
2893
1280
72541
2995
4757
2296
157488
4555
51659
3333
3201
3050
1986
18491
2943
33869
2972
56400
3247
1620
21483
1629
20971
4866
4347
1276
2138
1257
27800
2940
9145
2363
3268
3576
2017
2137
45433
2638
2110
2446
2598
13121
5175
2026
2876
3350
2305
2171
61372
67851
3938
5031
2687
48542
1219
3762
4193
510
3946
1465
3982
4066
2176
80232
80131
5334
4053
1634
2059
2904
33282
1792
4242
19740
1783
2519
2023
3056
16604
4035
2826
1555
2908
4111
3951
41894
4975
100553
3418
13620
11539
71950
2035
12626
27433
4385
24406
16760
1578
3981
31753
2875
3560
103286
1181
3623
3444
972
1875
2002
2629
3664
76773
2421
1299
3982
56749
1772
1789
1755
1197
27638
2775
53023
1548
3340
3269
3197
1693
31411
1891
3073
3025
30037
2973
1750
95810
4561
2642
3556
2436
3069
2368
25009
24135
48791
37625
50681
2969
2232
2863
1712
1654
13413
2562
8915
2338
3270
18163
11347
15586
1871
2743
4283
3460
14524
2294
119325
2716
3957
2493
3864
25866
3401
2465
13179
4637
79974
2197
4067
2403
3646
2743
2520
113630
2567
3913
1750
2504
2977
4869
3716
653
4730
14072
11908
3568
1521
3208
1918
103356
3129
1925
4119
2438
2533
1744
4363
5283
13478
1672
8361
42653
2007
2088
12708
3083
1646
4202
4193
3476
3687
2558
3021
2712
1348
19003
5582
1885
2925
2308
3474
65239
15351
2421
39829
4400
1012
4141
15361
2081
1734
24102
3965
4638
4708
20114
2523
2302
3410
7472
3839
5105
8314
3457
4659
2008
1239
4774
191827
20980
31293
1941
2903
39323
4679
18715
40608
4311
2514
25286
9302
3249
2025
1626
1356
122707
21715
2781
3286
3148
4140
2278
3509
2511
3210
2983
2382
58443
3148
6405
139862
2528
3701
3239
17939
51524
4657
17063
37554
2444
2296
2223
19478
3485
1908
2788
2290
2428
13427
3922
16388
2107
4100
1590
2948
3049
2414
4622
2283
33039
3953
4211
3596
2335
2076
3169
1420
953
3281
106383
14007
3575
816
1922
3952
1944
2323
5874
3089
1673
3317
52415
14249
4733
38140
3165
3589
2881
28533
4683
2557
3242
3309
4289
1474
43617
26079
1663
54938
4563
652
25050
13463
1014
2750
45569
2627
87806
2314
26132
2914
34061
4100
3022
2956
28341
1873
10784
2691
2759
3472
3374
2069
15844
4783
3377
2407
3402
2091
3198
90478
1892
2935
2515
2406
2222
3094
3031
3207
17317
64292
62319
5300
1049
3036
3776
878
2438
34198
16245
63330
1815
2279
2825
2430
3865
3010
2103
2811
3073
3271
4076
2502
2291
2705
1936
2775
15874
24055
2897
4416
1312
1699
3574
36999
57909
3573
2406
2427
12316
1481
1590
8736
2949
3536
17870
18069
7918
99186
3647
2153
8881
2582
3857
78001
2864
1276
1433
3704
3936
2811
31793
2940
2798
3466
15034
3505
771
2536
4110
3275
3413
2407
3074
2109
5310
809
1996
2638
1491
1352
1405
1205
996
28934
2925
1711
10959
4004
24811
1671
2310
10917
1960
18818
3617
34487
1924
32752
4016
2290
1324
3540
35941
5011
1592
3953
2860
3704
70538
2199
4491
7840
3892
34625
2834
3795
29416
2398
3120
4124
6058
1713
3312
2144
13235
1972
2525
2296
41540
2675
113725
3069
47210
3348
1616
1924
17624
2772
11838
87904
1673
1887
14308
3330
1416
3500
1656
12055
4382
2506
3689
1926
29415
16342
3541
4378
5413
5395
2526
2446
3997
28714
3528
2706
1419
9198
38139
60377
20426
3494
73123
3224
987
4171
2038
1471
1621
1433
22770
1824
10344
3301
32053
17806
17719
20545
19946
10637
1618
3190
41050
33463
2909
3167
4381
2884
4434
31310
6984
4336
2715
7619
11664
29162
1853
2601
2853
2121
2207
3799
1019
2967
3443
3063
2081
17977
3109
35480
1695
1166
59622
24873
32856
3918
15107
1591
3319
2140
46840
1534
3140
86366
2060
100302
3724
5502
2576
2740
1991
2637
4010
20471
22374
2862
14952
1920
4066
3387
55279
2136
5041
22640
2619
1604
2868
4094
16389
3442
12411
1648
13081
20193
2633
12357
3980
4345
1274
4049
3239
2250
2201
2622
2473
2458
43213
1879
3007
3823
1136
2915
2558
72724
4696
7028
2028
1790
3493
753
3889
5065
11471
2188
2080
3494
86459
2810
4454
1237
2825
3115
18959
956
30091
28966
6714
3054
48867
8412
21132
6040
3165
10837
2640
43919
3343
2445
2512
56312
35729
43629
73963
3764
2103
46610
2490
2276
711
10299
5345
3059
3749
2079
143230
54525
9874
2996
22170
821
3058
2272
11392
47713
43748
1633
1918
2913
837
3115
4122
12876
4412
3957
20088
2169
3027
1192
1370
2385
56061
1314
1118
2252
2369
52200
1237
2368
1803
2447
4997
33105
2462
1805
3372
3455
2022
109271
3420
28900
2093
4566
3807
4457
96341
2578
14704
30578
20730
61334
3094
20076
3460
4044
4375
4267
3118
1958
3679
2810
33388
2475
6082
3272
22124
3212
3360
16167
2758
3920
1319
3341
85557
5144
4678
2660
4777
15968
4824
55205
1106
2183
3101
2001
3311
22751
113834
3357
3151
4400
52527
3119
3775
4264
3356
2890
32506
3639
3642
3197
181315
3069
1850
4555
70823
2654
3675
1492
1367
5081
14884
2393
66094
3766
2636
3910
3712
3946
3477
1414
8198
2942
46025
49210
41588
3407
12346
2277
20259
3006
2063
5165
2353
2412
2538
21126
1231
40638
2777
3240
25982
1794
889
1443
21860
3178
26298
2199
3696
716
3763
3748
2762
2320
2945
14477
6801
2486
17554
43170
18376
43447
96823
1154
1140
1783
17282
1067
2454
48833
3196
11388
12821
2467
1483
2226
1559
20212
2223
11033
989
1228
24649
65076
2366
2966
25258
2177
4504
2571
5416
3064
3206
2076
16987
4032
4728
21104
2749
3930
849
3344
4062
47645
3201
2476
43300
29943
44137
12630
4106
3550
2373
2250
2347
980
1141
38427
4010
3414
1543
2240
1962
7532
2378
15599
3225
2239
1925
64449
2553
2783
2906
43490
2694
2582
1822
4340
32825
2935
2513
2919
2831
85774
14374
3753
54808
2654
22684
22755
3713
2297
57001
2854
49145
34218
2441
4387
4647
2165
24787
23628
3615
1278
2539
3272
3186
6938
13005
1593
2618
42292
3364
1760
2197
2357
3814
2777
2893
60574
4357
3036
2057
32697
3074
4245
1286
4761
18424
1499
5796
3408
2671
3688
3266
3817
13226
1645
2354
44523
78956
3076
3982
3141
83073
2030
2089
4133
5521
3269
3657
1241
21394
3041
1218
27059
2728
3019
2029
42974
2395
3023
3586
37829
2933
3859
7395
29456
2228
5865
3283
3184
35480
3976
3475
2421
2904
1657
6587
4458
11676
2646
157826
3548
3783
35964
9015
2348
45300
2056
42539
53460
3539
18221
27320
50234
2500
3312
1845
3985
32826
2154
1562
858
43148
14920
2404
4608
2995
18312
3192
5154
84697
61216
2466
2415
12790
3630
2968
3016
3591
4516
2020
4350
758
8126
1929
2163
36355
3216
999
4295
3117
2075
8622
35763
3140
56466
1171
1946
3583
26094
3476
1479
6565
2955
53988
2572
1124
1428
4195
4756
1932
3498
48254
7832
1594
51164
11428
1476
4052
5294
1594
30108
25523
3598
2473
2147
13451
2349
89197
1358
20026
10409
2238
3118
2634
15431
5416
3572
3341
3430
37344
111564
4260
3212
4200
3332
2038
862
2338
14386
23025
1618
9533
3109
1046
2238
953
853
8295
20382
1903
7755
1909
13154
3383
94429
1716
20456
2952
1369
3111
1394
1967
1877
34783
26554
4239
4087
5680
3348
892
1883
20304
3409
31539
4150
22185
152543
3712
7151
3348
3575
3401
2880
2768
2396
1639
11084
3471
6730
58940
3883
2254
58090
3283
3718
2297
3606
11335
3565
1352
4769
4369
15622
790
3589
21344
2805
8172
3728
12416
2056
39572
2436
3759
81274
3886
3209
4301
1378
1090
3572
2581
2747
13473
3419
2101
2322
1144
47546
983
1921
4776
5454
26061
3220
3319
3561
4549
4529
3068
2994
2597
3391
1639
15927
4010
2611
2251
9815
13748
31211
3397
1133
18538
3041
4169
1919
22524
3288
3365
88605
181596
1248
15379
3940
2837
120121
2316
788
4146
1661
3179
28819
4651
85349
1974
1719
2981
4597
3245
2787
1571
2208
2328
3830
8983
1552
3738
1017
3286
1919
19076
2655
1739
3232
1730
52097
2376
3921
22553
90568
5861
2909
3706
5948
16119
2531
4483
14916
96552
3497
1919
2888
2745
3326
2072
1740
17599
3117
18516
29976
3336
2963
10465
16190
117506
30188
2990
2726
12804
3674
1348
2248
2892
655
3849
4392
121326
6164
3812
27771
28350
3254
2324
1972
105118
2111
2360
2828
3133
38461
42367
2329
34073
3133
2732
15746
1761
3431
1807
22979
3226
6503
2996
4370
3581
883
36767
2290
29229
18234
23629
76987
53368
4779
3299
1992
74433
1625
59224
1841
3060
4226
2048
28783
1053
2234
2055
76739
4698
3253
2133
28791
4914
2349
2840
3544
2567
1336
8301
2651
39812
3494
3429
23322
3375
1860
4419
31793
4507
3145
72106
23382
1898
2670
2686
11158
9710
4253
1885
5954
1378
2473
3308
9332
2880
5202
1100
29552
1281
1519
18531
3350
2395
3904
2763
116557
1962
3127
4067
34878
2355
4976
20572
22776
5517
2707
15641
101031
1750
16288
1803
2404
3264
3149
3976
3596
38635
1676
3329
91541
15034
3916
2487
