3432
1384
12628
31389
3581
1472
3670
55035
3974
19286
1550
1640
16313
3987
2693
12775
5365
103556
976
39150
4656
6824
2962
3936
23107
1348
4878
2986
2773
1712
4354
141129
2576
30534
6441
1562
1251
49042
3500
4588
1840
14288
2848
4342
2858
6713
2990
3078
2086
40448
15313
1516
2970
3760
2587
2205
1573
1950
7041
49513
2126
4456
3186
2927
53864
2657
3516
2392
160696
97273
11065
89118
6509
62729
2653
15505
1072
62234
18779
5043
4360
103135
3197
3199
4307
1861
43079
1813
5537
14603
2200
3302
17664
1401
2272
88627
54989
2655
2367
47868
2302
76327
2708
17262
3407
51694
4823
2923
50721
60484
8991
2491
95828
24683
3868
21163
47673
3110
41121
4247
1735
4221
19641
4959
2062
21698
1755
1274
2972
37311
1994
83835
24058
60594
107417
3147
19196
1367
752
2341
20950
1737
16201
3707
3687
4422
2232
5431
3338
25290
73546
1412
4345
2562
57206
2304
57159
26939
1941
3420
2227
39045
1931
44422
5002
92321
83053
3305
4432
4224
2012
3547
4787
65958
1940
4262
88493
2314
4941
2277
42717
2925
5364
24388
3908
2289
3916
2460
22201
22447
3270
27657
24147
2799
1077
4137
46258
3287
53044
3648
3635
11047
3314
7649
93377
97426
2219
642
4096
30269
2260
7928
4848
2987
37956
3686
3963
3406
16025
2344
4529
81202
2946
5195
27568
1955
3247
3597
1420
41986
1611
4957
2522
1868
2822
1968
2146
2287
3438
4705
3222
1525
2191
1869
3488
17156
3140
32103
3255
2181
3550
15176
65610
2736
58549
15664
5297
984
15181
3286
2300
2988
3736
36205
93791
4902
3759
27731
51017
32614
3824
4935
2718
9924
8922
79439
17121
22734
3766
3865
45404
1248
92670
4387
1439
53073
6275
49055
3038
53888
36188
2390
2247
33228
1639
2976
1330
3424
4029
3712
3197
57273
2271
5942
18076
4254
8354
34955
4374
22884
17521
49836
22637
4071
10540
4935
1751
2594
2176
2367
2920
3811
2431
2177
68518
3994
2244
1508
4101
25578
1329
3462
3555
37014
26641
5008
1918
1859
24880
4058
1476
4764
2537
1167
3510
3811
4088
4060
1251
14188
1701
2184
4190
4184
6113
2069
1762
6491
3890
4413
5226
1517
4041
1881
1084
1254
25415
1774
125014
3790
3226
9567
2133
5363
2584
77164
2070
23198
4887
2513
2949
2138
2255
1254
1426
1995
28014
3967
27586
4342
2810
3550
41202
2874
3505
2321
14786
20145
3429
2313
21631
5299
2425
3808
2098
43757
4418
3969
17551
2976
3392
3375
18148
14950
3396
66149
1601
5041
19812
12706
4644
30470
30372
2258
5354
17961
3181
85983
11129
1519
2279
4036
47609
66776
70945
3457
4606
2414
3858
2326
1117
33491
16015
13751
6145
1134
59830
18730
2401
2561
1419
1342
747
72969
2103
2686
83572
2406
4492
3911
2704
67750
17731
2736
1207
79190
54376
3171
9197
15806
3516
2338
5305
4267
3973
36641
3574
20950
7897
4491
55622
2252
4675
2619
4198
2690
23200
8878
23552
41702
2103
3931
1838
1816
11640
3781
31222
51518
3340
4501
1730
2966
22312
2573
4218
3894
42619
43398
18913
4614
4637
3344
2156
5070
99265
2920
3812
3089
3278
5440
3141
5168
2997
12561
1651
149774
3113
3079
4035
2113
65235
2017
1047
38925
3179
8180
8507
55498
3358
3581
1507
7167
18347
2543
3008
80021
76922
43220
3620
1517
4844
9036
34248
6784
4497
26353
11276
1799
2040
4211
7683
2866
3481
2591
4479
3963
14136
82164
4554
3932
2568
1893
3398
3550
39977
1127
3583
3285
5087
2630
2833
4650
2842
2683
3298
3465
3534
3284
11983
3588
27191
14562
3260
3428
45015
2398
1392
91846
30472
2367
11908
28079
41694
9514
2577
5275
3499
24260
1208
8467
4398
16890
5779
1985
3312
24784
4798
92595
31229
2540
1011
40879
147538
2051
15923
2609
41562
2058
16754
2743
3131
3307
2324
49859
33107
21937
60706
4648
4375
2717
15423
97016
3593
137116
20854
1385
3338
144838
2860
2448
4780
2449
5862
5041
4036
56963
57798
2169
145577
2956
4052
2763
3674
5395
3920
19106
11656
15381
2404
3560
1831
1874
11910
20725
37754
23466
84583
2209
2239
2305
2470
2481
3490
51983
1650
30018
5378
3041
11801
4494
10375
3533
46577
106292
15552
41993
7071
1189
6297
1389
5403
3839
13811
5127
8111
4302
1649
3620
33534
2498
1218
2536
15511
46273
6760
63617
1144
4240
1704
1461
63575
11182
3231
1299
3805
26214
2265
3899
15026
3654
53625
2425
1518
28186
3572
2469
29611
1211
2427
30587
2994
4649
2541
2851
3226
3795
3683
1468
40815
2763
77882
3758
3654
14385
3850
14034
3036
112637
2712
1978
43400
3189
2654
88682
1953
9639
3527
4683
111824
32570
9661
14521
10414
5459
44419
17144
49265
2767
56434
4855
8786
57220
3955
4819
17598
2470
18473
3878
5313
3860
41350
3315
3083
5236
19693
181915
2509
71385
28122
72080
4307
3557
29394
59571
4453
4556
20911
2948
18112
1563
2459
3327
2233
1435
4593
2453
3591
2689
3786
48603
3994
48783
46841
19247
3842
3038
2528
2133
3996
2542
3058
9675
3842
1959
20739
31517
2589
77348
38926
2295
1651
3690
2169
15826
2987
3697
2255
4588
3851
1993
94359
2959
1682
1503
3226
3419
4063
10958
3117
1549
1056
4924
11222
2383
1508
3100
2115
613
2413
5776
18919
1606
5662
18151
1005
1556
4239
3857
28000
4161
5132
56531
10909
41681
39735
4684
2388
13385
2257
1537
2814
3825
2720
2712
68485
5960
2060
2939
3414
1983
1433
25924
68376
34658
2800
77842
5522
15898
34840
30061
2199
24747
2685
5496
4241
1360
3881
3063
57899
33532
3684
51985
2669
54771
5215
2276
3131
9783
4488
33466
3339
1840
3605
3361
2217
3746
1014
13590
3086
7598
3215
1724
7768
6277
4979
4269
3840
5039
9531
4040
77301
3586
2436
3312
5668
3199
1567
1997
5041
1429
4079
3808
1177
4490
4100
1978
2427
2078
3210
23440
3611
3962
4415
2736
69527
6543
3126
4169
2631
107376
1377
3968
1948
831
5205
2094
5107
2510
11335
1853
2930
2053
1589
4396
1218
2755
112050
1847
2317
3757
14958
2236
2077
1779
3000
3074
91311
2553
10599
52549
849
21171
7326
8434
2790
207809
67949
3963
3665
2206
33310
3249
14983
4200
14034
4874
4000
2686
2213
4631
5147
48296
9896
5562
2849
32104
17563
1223
916
56195
29933
2457
741
1836
46618
6100
24498
2672
106468
3896
40281
37628
34042
3624
5361
2514
114749
40587
1878
3537
34896
3756
1697
48101
1736
2103
98967
4374
4614
59274
11476
59410
2694
42412
3893
2048
9153
2693
22501
2950
4483
3692
3556
3323
4994
12985
4887
3368
32849
3784
2923
130302
3246
34486
3831
3098
2903
2361
2820
3425
3266
103502
4251
87672
17207
3594
4696
2544
60697
17762
4124
1639
51082
3402
2932
5431
3388
4200
64488
3398
15534
25557
821
3715
933
3664
16032
4282
2011
20572
4050
15152
3113
3907
2445
3974
57522
31439
2561
4768
3578
21347
5369
3242
56267
3664
20554
3353
3957
2284
41565
1928
1619
11732
3340
1490
1913
2959
3205
52422
3996
27011
5745
1726
46219
2847
3244
1870
1422
3855
2214
94709
4470
1648
84964
4217
3444
29304
11099
2567
5048
2787
2673
59933
2241
15061
2420
40701
15389
1620
3224
78258
3038
1120
2260
4264
3430
3588
3340
4423
14667
4774
3606
8969
2811
1310
993
95353
766
2681
2871
4252
2648
3376
4007
3272
1778
3472
16526
3496
34345
4227
8394
2463
26038
1855
3983
3105
1026
3597
21128
3568
30960
3888
1629
3329
16660
4289
2911
2718
51689
3562
2236
53892
7289
91533
2786
54288
3962
2722
3767
4052
2525
3106
4780
1950
1402
139617
2548
44862
2049
2348
4143
10844
4658
3373
2025
4176
3442
8372
993
11072
29448
2293
50118
3748
60893
3034
45868
7802
2147
3958
4187
4169
36546
24575
1142
4649
79702
34626
2466
1385
3830
3521
2374
4715
3687
6196
2656
2143
2298
50917
28897
57999
5677
7303
25978
4753
2096
9785
1774
2023
4100
79069
2459
1669
1339
3701
3282
105180
22150
2993
6516
2700
5630
42748
5319
1865
2786
16498
2756
2063
4694
8254
1724
4103
2223
1595
2374
2465
2971
3710
2334
1554
2867
3637
4109
96197
11059
3093
9169
4178
3930
3570
2954
9747
2743
1978
17218
1897
1415
48504
3775
53130
34962
27702
5134
4056
3821
13967
3333
3982
64926
2939
2753
3962
46567
3407
3849
604
4266
10591
4750
46976
3753
3692
2655
57562
3531
17212
4562
138622
10471
4768
4062
2907
3545
5803
7227
3469
1467
3411
33103
38847
1225
1226
37370
49437
45007
2484
5185
40521
31924
2246
3601
2488
3906
1556
4724
2888
3429
5020
4122
3486
2995
4414
3264
2783
1256
1230
4366
37905
2564
2319
2750
1236
4439
98734
2161
3231
29572
3614
4964
29275
4655
2324
3888
53974
27082
1841
30271
2703
5543
158447
3279
1233
3531
11619
2640
8521
3378
4087
2814
3848
58625
3955
13915
2530
3110
3916
78650
12826
40704
13319
4997
30151
3582
4054
47118
92769
3324
76596
4441
34024
3119
2211
632
1570
3234
1725
6990
2459
118044
130179
1965
12595
7503
3133
1799
13944
22996
21178
24849
82322
2760
1992
5318
1723
32185
2625
123056
2872
5751
2335
1860
26697
75630
1524
2643
1169
3747
51738
1830
2207
22207
5288
5090
3937
3397
2523
2250
2359
4014
3351
119726
2304
37468
2806
49666
2164
5835
1573
2294
3172
4497
2586
45780
3620
81344
3138
182066
2707
15623
2806
2055
3174
3620
3009
4472
2699
2892
9891
7223
4153
5659
2192
48441
38553
47344
4419
2528
1816
4675
2896
3635
3668
3069
2571
1526
3575
3891
1748
3981
28644
3605
1156
5621
2820
4813
3744
49790
2377
3731
2428
58375
48058
737
31372
3408
3915
18405
2115
2704
2967
3650
1688
2124
4890
33331
1812
4306
43665
9099
2352
3991
6927
25095
2762
114570
8938
3249
3858
2617
69570
4724
7853
89076
2844
2740
47445
2246
2551
3234
3627
8498
2489
2517
67858
5810
1424
3557
2688
4768
2585
3978
1507
4520
10952
11992
53250
4018
2139
3967
5284
4159
1777
4317
2143
17855
2333
13520
3506
6271
1365
4020
2741
19462
4265
3602
3431
34268
68411
4222
3826
2722
171725
2952
113485
10562
20338
2537
1571
3269
11149
4265
2059
16275
1734
2337
3759
2990
72458
34328
28383
1305
12176
3715
4544
10163
3370
36842
3334
87085
46749
974
3610
2157
2531
51924
4697
4573
5087
5483
2674
2485
7036
3652
1273
25178
1171
24921
2981
4326
1510
2212
5028
79492
2347
57759
9899
2609
995
44079
3745
4529
3898
2268
4948
42455
70952
2850
3504
2030
2041
1224
66766
23691
3859
3218
4437
4589
2245
709
37579
37522
136746
40593
4592
136619
32848
1133
21667
74670
2428
2876
12611
2947
2798
7634
28479
4894
4409
3416
46304
2977
38955
9127
3895
3536
2836
41506
7867
2866
1763
1683
41609
16745
49230
978
5404
2800
2706
4465
2328
2307
3146
3657
2462
4829
3163
51618
2548
24299
3185
3280
2662
45190
25106
3778
4378
2378
1827
1640
41313
2091
2294
29697
58382
18979
4022
5237
1029
2450
95181
3952
26036
1976
2053
71552
3423
50019
2178
12572
1485
16922
24959
11125
3020
2373
3791
42368
6264
4152
18470
10789
4814
2013
99411
1869
4450
5408
91497
888
19827
2588
2465
4326
1076
4368
2098
64107
3769
57494
3971
3928
1297
36089
46779
3245
20409
7317
1236
3047
4408
13021
3205
2747
1857
50229
3046
7439
1385
1191
46499
2212
20970
3488
790
25538
2904
63009
15671
5608
5827
1082
1040
37794
3558
3468
46513
3398
100544
40306
4874
3589
3115
3178
50265
3752
1202
4044
46063
1644
34644
54093
4647
4297
5105
3597
3403
16435
2449
1422
4811
2549
4391
3237
14002
174826
1773
3451
2721
27483
17704
1967
1969
124584
2745
1812
5275
3504
1873
2794
1831
4560
3767
3862
60435
1486
4446
4015
2196
12323
80410
2492
1586
3113
6703
14657
11538
3248
22798
1380
32693
4798
123212
1862
2694
4412
2541
1497
2545
12084
32091
1588
3420
1668
3547
2665
2561
2546
2084
2775
49592
16365
3286
2901
31116
17640
32897
170614
4391
2625
11727
25448
2755
1628
3475
2463
15951
4726
1153
2349
26617
329797
98686
4522
36953
4823
4982
13556
1447
3599
9430
25929
1316
2908
34155
50541
1163
1542
1980
3239
3621
3366
82338
1947
3692
2434
3216
14507
2404
1818
5309
3207
3994
47435
3568
3104
2874
1867
2194
3096
14906
4230
24168
29114
4491
2074
4196
4882
4088
5359
3921
62779
1267
3173
2393
3802
4316
2065
5310
4602
2177
3668
3585
3409
6750
18225
67112
120317
1110
24914
4085
3341
1501
1288
3125
4099
17317
3278
1853
8490
3323
4454
4846
1672
11338
3079
1270
3274
5043
2918
17197
1300
2890
3541
4826
2275
7007
3058
13788
3638
3184
8845
3387
2456
3637
1863
479
2286
43902
2800
6451
47115
1994
1292
3338
5312
3880
4928
32384
5474
3204
3358
3658
5472
126684
8850
35903
4497
2080
4464
6189
74493
48274
88480
42754
32779
3053
3392
2806
3753
42448
2498
2476
135144
1617
1836
2515
1947
11955
72440
21362
3635
1214
4566
2656
41488
11665
4137
28967
5729
5902
2237
3343
24402
3015
2976
69978
2777
4787
5744
2520
22349
2619
4997
3774
2464
3201
10487
22622
1206
19694
14240
26922
40718
47028
1113
32272
2983
3502
4350
3906
37479
4827
42079
3890
3308
2702
4406
8757
17285
3289
2634
50507
3395
2806
1282
3565
3527
4635
2015
3301
1984
2038
11860
4528
1029
142253
4175
2344
26940
11106
7432
4919
18138
5073
3105
5339
39920
2880
1163
2167
8133
34255
3282
1410
75223
5994
80473
4106
2168
98751
1633
2008
75748
2041
3712
5306
2483
2661
3484
35788
3157
2073
33915
3608
25007
33207
124342
1778
24330
48137
536
10177
3079
4156
1573
3980
4768
2141
3528
3729
6043
2690
6313
52508
1316
4249
3545
3232
3701
28100
18555
14919
3766
5997
3254
5322
150234
49589
2855
1637
4657
3335
1440
3503
54810
37514
30133
4228
2578
3693
4082
3485
34853
1097
98700
4025
3063
2947
1991
3094
4611
15917
3607
3338
3211
29752
4218
16904
2713
3404
1187
30614
6563
3597
2720
1692
3096
2997
4573
90970
2008
2507
1238
2853
5201
1582
2387
2636
3522
24147
4948
3522
93570
873
3450
96816
13411
3801
29800
3277
4541
52914
43903
38104
3209
17756
1980
45499
14250
1558
1015
2625
20378
3087
2897
3405
48926
12044
4948
25003
1177
2998
35788
36407
3980
37344
3705
1160
945
2051
4281
1516
3054
67985
10817
1224
59978
4381
1090
2914
861
8889
4197
32439
29149
2104
2850
2273
3989
2715
3077
2867
40315
4504
2309
3860
2178
2832
4621
2487
4651
2972
3550
2014
2246
4198
37934
3394
21555
4761
2951
32482
1532
2826
2519
8650
3164
1843
2922
15530
2726
3585
2156
88934
1720
3989
3237
3924
3213
2057
4548
39508
4411
12338
6648
4130
12589
31161
2631
3493
4284
2956
1360
3598
4021
20624
73527
3828
3198
31785
2302
2509
22795
10181
36968
2318
26322
29529
4405
14089
14466
3666
41840
373
5219
10079
3940
90794
4663
27722
76798
41650
4205
8915
2136
3898
3320
3047
35578
3153
15293
2110
6477
17138
155369
2694
3318
3903
2302
2769
4376
51800
8328
3527
30348
22419
36338
3843
12058
3289
3067
27171
4329
4082
2846
12528
2889
4103
4164
5099
112065
29242
30647
6221
1544
2601
3147
1082
1608
1881
2208
3140
4567
4700
2704
7649
5558
2193
5701
15971
5704
2867
6261
31113
17769
2418
70387
25168
3050
2227
3587
1532
2916
57637
26252
1587
3847
7513
18019
2181
3169
5142
2779
2901
2727
29033
3253
3670
29605
2962
3085
8531
2140
3676
2478
3532
1703
16767
4024
12000
51808
26393
45687
2438
2824
69223
13618
35955
3272
1835
28221
951
3719
20745
28284
2111
3974
33120
16135
3308
1267
2629
4092
4710
2121
3081
4938
30521
1708
600
4668
2410
3705
4118
2077
3039
992
4767
3064
4100
62217
5057
2376
4995
984
1423
125926
2288
2467
1678
4875
2959
3383
3143
2791
4524
2299
62441
66249
9379
4394
3617
1494
2429
8306
4476
3170
6980
2482
31892
3610
4240
3014
2322
2879
2162
2019
16178
28092
2115
4726
2080
2419
1984
4500
32180
3458
4263
2437
2263
3914
6183
69528
2226
2437
2439
2376
4303
3421
3915
4782
4727
1767
2347
4973
7233
4077
2637
3785
2290
2901
2070
6085
2558
4038
5059
33512
3609
2400
4476
3066
936
5682
25298
27957
23904
15197
2315
3404
31521
3463
1588
2789
2815
50462
182475
78172
5176
1106
2932
3103
3453
2594
4042
99486
3233
2557
3061
44455
1397
8455
5752
1083
84232
1713
11339
4093
1994
11498
2432
3248
3250
1786
2633
2500
3192
3692
9766
913
1414
1670
3795
5013
12474
12601
2521
13082
47306
4000
682
4520
2637
14814
13807
3620
2505
21106
8320
1749
2650
30558
1326
29958
11447
3493
1812
2712
4186
5272
5673
23642
73745
4171
60826
163735
1636
10464
2530
932
4984
5368
1391
28835
65796
29505
44159
4448
80205
3076
35024
25740
2332
4968
2927
37355
4706
3688
3767
3085
2717
3303
129053
2368
71771
50660
2345
2566
168672
4051
3172
67878
6384
69959
3984
4648
22300
2907
4104
7199
2021
5294
3802
89335
4504
1684
75324
1966
3341
4001
2663
2108
4133
5405
2788
2629
25798
3074
5988
3475
1634
13578
3941
2975
17831
1757
2183
3060
4083
3278
3439
45609
1426
3883
4403
56489
3838
2652
2666
2195
1873
37042
3662
2164
2000
3979
3328
5478
3464
20381
9973
3493
5433
3273
1351
39882
6498
3649
4907
1524
65048
3487
12147
3152
3039
1310
1953
3540
1673
17418
16964
3247
1171
19969
3207
45498
78039
3668
4247
3216
3024
3493
2274
3712
1825
10635
25846
3746
6744
2161
3802
1077
2808
4447
44005
47485
2220
766
5899
2156
28712
47208
2712
2328
3383
143645
2965
4144
3179
59340
5567
770
42036
3352
2861
45315
2063
3330
38670
51745
97006
7862
4217
2983
3025
2175
2667
4197
2234
2999
1574
29100
3160
62680
35170
11359
2865
30161
21146
6586
1929
1044
3542
3782
19596
2697
2639
2194
2311
1052
4201
1821
951
4351
2022
3501
3920
1336
8790
1293
150818
15273
45280
3614
2352
2383
1142
5341
1637
22616
51744
4103
4158
4176
2556
3400
26770
2840
3963
4260
26755
4643
3319
3714
18458
3561
3189
3183
2759
2780
3541
3475
2561
48382
4391
2253
3879
48678
4222
18779
1073
4375
27140
12462
2868
3859
23355
11828
2418
21476
37902
51527
24005
3083
3510
11986
3652
4666
4196
2465
3521
1812
4190
3146
1345
2306
23773
1901
145527
4439
4130
53135
1700
6149
1209
120767
29444
3718
21473
168128
2550
1267
64232
34804
4029
3533
3456
63862
3089
26824
4680
1743
5080
1808
4182
1123
3921
1783
4102
2217
72857
3382
41692
101935
21395
3537
1295
3447
227705
2486
18014
3154
2289
67703
3787
3507
3280
2868
2090
3509
2812
3175
4782
48407
37755
2621
2906
861
90386
38991
3732
2785
996
1635
2500
1913
47928
2875
57865
3386
40271
41331
2463
3783
2213
8758
1291
3547
1280
2509
3005
1404
4520
67345
3611
2383
2203
77525
3875
2362
76919
4355
7848
51008
9731
12658
2155
3716
4280
5393
5460
4165
4855
83175
2932
2148
1249
2647
3917
29038
21934
1747
4850
709
3583
41011
2337
2934
1570
3695
104311
9508
4029
7844
56889
3809
2790
11849
2715
1689
3728
3465
3208
2115
3541
7783
25924
9613
1766
21438
11588
4000
81647
2408
2689
40919
3375
2747
36310
3618
48917
2268
2978
2918
2965
3312
4216
16143
4029
88002
31713
5227
3223
7725
1619
1129
3909
4572
6863
3200
19343
5817
5867
3200
14253
42643
3035
1694
1221
4141
4988
2954
28189
24599
5703
2980
4893
2086
19495
19281
3678
4755
3545
3201
1549
71289
1767
4356
3297
2864
2062
7981
3161
82521
3719
9020
2927
88054
6592
20915
3326
3228
2305
25533
15457
3193
3045
3788
5007
5244
3493
1623
4233
1690
16109
2637
2327
26348
3573
2531
2570
3317
2902
24597
3780
4424
2854
2902
39119
51669
52561
38028
8978
3755
1417
17558
1736
65891
4456
3557
3115
1788
1345
12761
2328
17627
26596
4699
4802
2231
3968
4403
4428
75222
1776
2650
3650
48528
2424
3338
4583
61720
26837
8180
134640
1423
3238
4984
3180
18166
3479
2228
2554
1544
2565
51969
59995
19409
130577
2791
3360
4134
3109
4229
51170
10548
4414
2875
4000
38617
38986
25176
3692
25648
5332
4727
28569
5009
3336
3063
2440
2591
3572
1371
11890
45624
3344
49501
4058
2287
3397
23647
3774
24214
3343
9830
3667
20825
64164
4767
88852
2327
2880
24121
2764
8658
2804
5558
1320
4608
2765
4815
2236
1672
28167
2187
963
42634
42794
2715
3731
42019
3091
17810
3162
1952
85598
51230
1948
55420
3842
31759
52140
1531
1594
48536
3402
22021
27088
3023
5119
4342
59628
3851
4543
40769
2358
4225
2339
3788
1986
3542
2976
4232
2064
2774
3333
2112
1881
1935
3898
59015
4980
26276
5109
2626
3203
4174
2727
4090
3145
3578
1229
3310
3647
1886
1374
3245
2320
2998
1479
3313
5070
2559
6120
3926
2950
1555
17545
39437
2802
1902
77639
3095
1834
3071
4212
2568
7530
3165
2548
3475
5059
4949
1088
3114
2397
4570
2755
2867
3754
35110
4038
2853
50818
2725
5150
3240
68921
49339
4016
19908
2994
3572
5043
168771
2480
2187
3616
1982
9027
936
2551
3235
125019
2463
72843
4826
22242
2559
3894
1674
4171
2076
39925
2691
2285
16192
3093
3875
3286
2187
3535
3528
3549
2353
3227
3962
30278
3293
132850
2700
3237
137450
5275
2398
2806
2897
51963
2088
3236
3896
40650
2058
37136
4011
4409
3395
2154
2260
2188
4642
7221
74188
4425
5129
4069
620
2611
58596
2104
49146
2916
3056
24859
1516
2034
7616
3214
6558
4208
2281
1955
4466
18205
2178
21978
3832
59200
27936
35850
1199
10800
1973
3935
1512
1859
2846
10720
3594
4469
4166
1180
5335
15099
5311
5269
1160
21087
30972
34144
3406
2654
3609
46133
1261
48704
35760
2596
5272
3534
4946
3426
3341
3060
44488
9293
3308
3022
5449
59436
3303
2348
2395
2800
75642
1877
5799
3417
14342
6044
2810
67143
17978
2438
16311
36727
139836
146734
2882
3957
1341
3480
2206
18740
2701
26997
15157
3332
46165
2216
850
3075
4251
1276
4453
3188
105305
5390
2622
2119
1870
1631
5046
18249
30627
102385
89621
10047
2086
21047
3590
1229
3235
41281
39900
99265
12552
2108
121864
2092
21678
3873
2873
1352
57418
10816
3389
3483
4268
36115
2833
2135
3021
112748
4050
2306
4205
3443
3353
32469
1405
4754
58520
4094
2403
4120
3583
95381
41343
2457
49764
3890
1433
1614
66385
3655
1729
41152
3999
5500
2773
3511
1115
3423
4588
3014
5556
8814
3999
3347
1652
13915
3320
2362
3018
1204
1765
2811
3119
2556
156994
4260
3846
2094
2948
1288
3828
4213
3324
6189
2646
3659
21515
3011
18396
28169
4260
3769
4311
2875
3393
3794
2441
924
1694
3998
80742
11224
9990
3356
4508
3584
4343
3031
1945
3112
4702
3902
22162
4095
3728
31520
37053
4178
822
91630
1970
3263
2102
1279
24397
2080
3374
2506
51567
4917
2082
4302
4583
3159
4094
2553
22450
2887
3008
23308
7543
13588
3199
11312
3625
4776
1571
27166
2428
3523
1768
4518
2548
1921
10340
2201
4013
2728
2953
88337
11828
17522
2366
4366
5240
2991
25938
3601
3090
3439
3549
3019
4036
2362
31308
3310
3652
863
3396
2809
3439
2743
3470
5521
2045
3351
2747
21269
3028
6122
68561
4833
2991
1642
23703
4127
1898
2771
4160
4129
24485
5053
1497
14123
57710
14682
3398
13280
50713
3399
3502
2601
44960
4872
2330
39616
2977
1232
32705
3590
1221
2536
5293
44569
2186
40687
3254
64513
889
4185
3706
3951
3562
69669
1704
3493
5452
3840
3042
33916
4157
3195
80725
24927
2401
7185
1575
1394
5011
24855
10270
4287
109658
4116
2814
2706
26795
3454
3550
26456
3021
4524
3666
3869
2233
1310
130343
3906
1589
2139
3456
2535
3475
30726
4273
4287
128254
678
3494
1323
152914
2962
3223
50746
2540
4659
4502
46419
2547
3246
5154
2385
46325
2477
3703
1993
4719
1816
5345
64497
2940
35292
9360
3917
5277
5839
2436
2442
64068
1397
10565
3982
905
3690
34941
4364
2488
3754
54173
3506
2127
11740
86656
49062
4647
2423
2264
3433
3557
13809
1032
1343
49204
5203
4139
6014
1519
5406
2884
4494
1914
4472
3738
66640
1616
6450
4356
7711
4628
1710
57378
2105
2140
3327
2950
2856
20305
5319
4121
3263
4784
2005
3654
2611
18414
5178
2005
19195
1936
3050
1321
17999
15001
9140
3576
2639
5576
4065
4486
12458
11730
26275
54142
2746
2885
3085
3372
2096
4041
1593
4774
99602
29484
8770
3158
3618
1168
53767
24103
2758
7193
52304
3926
1958
2498
4449
139120
140024
5111
1113
25124
47289
1742
3947
1147
2456
2100
2643
26367
3392
3059
2142
3908
16381
13436
54301
3220
44236
7381
3933
112613
4741
3263
3555
2529
2874
1676
112020
60016
17610
1553
2086
3024
78775
6371
60494
3853
5185
3720
2603
15573
2433
3401
2002
3307
42270
4568
3118
2932
1462
3707
12202
1861
3722
3218
1457
5267
4718
23014
3262
16638
5107
2347
28207
20511
28722
3667
2365
3472
8268
2830
3056
26848
2515
35425
20366
3650
2528
5035
1514
2889
3153
4929
3639
3047
4406
3504
1865
19685
2365
10595
3923
869
4489
2493
3678
3086
739
11544
3034
25071
5060
1999
1763
3776
4333
125834
34544
2903
5257
25701
4641
8006
2868
3711
1849
3624
46657
1647
85444
3531
5946
33440
26865
3351
3936
3237
4152
4722
2830
3393
3679
4023
3454
4672
2538
2457
2294
3201
3871
2628
3876
24209
3604
4447
31751
6593
3447
131209
34467
2622
3781
4158
3587
1748
3648
24861
20308
1094
3633
1920
91082
3092
26934
4286
22784
4263
4893
2934
81317
1874
21178
4029
8155
51573
1518
2591
3841
3729
51315
3619
10867
2128
102582
3740
29441
2327
5846
4063
23074
41237
2372
3171
1658
3953
2766
15470
26657
4269
4219
8096
3646
2635
81525
1584
4794
4201
4885
4838
4187
1211
3040
8789
3590
9232
3821
1422
30871
25853
2375
1929
4398
3496
26798
3913
2307
3491
1689
5139
2702
3364
55651
47381
77317
1874
3311
3111
4308
5686
2628
1216
1658
60857
3106
3459
1406
2059
1852
3491
33934
4847
4211
38494
3082
1030
94458
3560
35230
1474
4051
25762
3941
3693
39082
3509
3333
55118
2769
42450
17526
3837
4247
1905
3241
3865
2819
3002
3375
3987
1673
2789
1468
9705
2172
3604
2354
68596
5370
4594
5616
3814
3878
8978
1568
1835
1543
1101
4361
2606
2572
163722
28904
3820
5261
3550
3341
1190
62134
4001
2968
1829
702
4207
25869
51273
2554
3899
1356
4102
2021
17848
30248
3807
18296
8588
16060
97262
3744
2504
2481
31757
3068
4707
4008
5047
16259
817
1338
69044
5723
2580
3881
1524
2617
2442
3063
6761
3028
3863
5664
5417
22503
34958
4076
1929
1374
2080
3953
19223
3178
1742
4213
2220
2831
18508
3779
3332
2306
3383
2916
2628
2223
10514
3099
4401
4595
4272
6459
33770
2646
2638
2621
2574
14742
2787
41784
3194
14984
2482
6226
16351
4874
27289
75783
1660
4351
8111
3321
108845
77978
2602
1313
82262
6171
40595
3518
3728
3662
2246
9557
2473
3715
119038
50815
4566
4743
2971
2383
2362
2882
4974
2089
3282
3432
3465
4096
3086
1688
50233
3529
1739
2269
88414
4548
3057
3406
9806
2935
4071
82866
3604
4791
3721
4039
73986
12088
3396
4406
3535
3721
14717
3786
11921
4666
12186
35295
83384
3888
2568
4313
18203
3748
3629
5076
3541
2549
3502
6365
15310
2880
69037
3433
3282
4001
138225
12172
24556
2342
1785
2705
2882
1914
1497
1518
2503
3877
2097
3657
2628
41391
2574
1338
1369
3297
5918
37425
3050
2929
23696
1585
4733
4171
1226
1295
1579
2326
1646
19583
4039
3333
2041
40931
27826
6361
4234
2904
95122
2342
36295
106788
3176
52373
17214
5027
3736
2154
29049
4492
2473
4086
1951
2871
1911
10682
1737
2333
120416
2313
3720
127114
3152
37293
19499
1823
4110
4265
46095
4676
1435
4136
2560
3366
2804
2922
2335
3663
7014
3692
2949
62535
2893
76320
4970
2319
3468
5715
52557
68011
4154
1810
4897
68291
34224
3777
122056
32032
132255
2284
58410
1739
3693
1408
3715
4003
3406
2230
3290
50961
12606
2812
149111
2990
3621
37863
3178
2437
34148
2116
4433
58639
8577
23414
40060
16031
43251
9334
2136
4525
3883
2053
38594
3057
146323
23759
5041
3724
3810
49378
18622
2402
17782
4085
2645
4296
42042
3877
82350
2566
3279
4703
26415
2693
127759
3944
34612
37417
32510
1272
20198
62593
39365
2815
3769
3261
139217
36029
40504
1876
2531
2756
3232
34637
32820
1011
1900
45946
49930
1598
6366
1109
37034
75103
1992
2717
3517
3136
64294
1466
4459
3304
4372
62845
4090
3539
72819
5035
3109
18130
3629
2885
4590
37964
49184
23844
4381
2987
1990
3462
4704
4316
4212
2945
2728
2131
2834
2027
3877
4356
2265
3812
2644
4026
40717
3307
2202
14287
3549
2627
27617
4022
2358
65946
117665
2494
31041
934
4052
25908
1695
2805
117305
4080
4976
41292
30171
3207
1539
3605
17840
2455
4148
2839
1494
3139
3886
60102
4681
4190
53106
148180
3959
3602
2704
2765
4441
17905
2806
3503
4367
3940
42597
2639
2292
1249
3465
1070
38730
3135
3265
88063
1969
2129
8944
1774
6517
2655
736
2421
2798
4258
3379
2105
2706
5616
1629
28719
3237
1450
7737
2866
2544
43474
4604
4996
2052
34087
57241
1628
5235
102814
2142
4501
3694
2866
3752
5053
10032
1368
6769
2950
3857
3286
3275
36003
1982
2585
2194
4349
2607
4761
23831
1238
34821
2040
3531
1767
6836
17705
2644
5791
4038
21827
5471
3559
21079
3403
4706
2042
1334
16927
4537
22222
2677
30653
1496
2507
1832
22231
1710
112487
15416
4733
3605
1854
89951
4369
3190
4877
72900
3572
2128
882
2055
4108
3470
62460
3366
4235
3181
2510
3132
12862
3421
73015
4436
1086
3035
64258
102698
3812
115169
1985
3750
5211
1873
1261
5473
52707
4281
2783
2278
3603
31076
24710
6692
72316
1632
2599
5217
24986
39327
1954
5902
2097
86789
3126
4474
36365
48743
1083
57144
45851
72782
4060
3954
2239
1908
17669
2802
1862
4719
128208
3949
2619
2254
1399
2903
39551
3220
1321
4644
5471
38512
2550
4379
3021
4541
1727
3723
14675
2947
909
4907
27716
1319
2409
62640
96039
2893
35053
2714
1232
3840
2925
998
1383
3876
5821
1104
56487
3513
3081
4897
11213
41113
7195
2822
14439
3469
3228
3102
11937
48691
1189
3721
3092
3758
2433
4088
2900
5093
2705
183616
17511
2129
3480
3745
4204
2672
3487
3456
36216
40551
118231
25302
61264
41671
2436
58435
28328
4327
4064
56394
108139
30544
3146
5027
734
1940
1839
35315
48921
4757
5594
25489
3657
16127
2184
19585
2547
1037
5368
10272
1840
15917
27378
3618
16681
41153
2100
3314
2257
5013
33521
4961
1672
3329
5999
77432
86251
1554
3249
4618
109546
4748
2030
4961
4183
4994
4665
59340
2271
76043
1696
27449
6570
4418
4250
4042
3487
4075
35644
104245
3844
15905
4804
5278
18975
2671
1140
14046
1124
8361
2050
1991
8338
4185
2058
2768
1774
3467
8073
4440
9423
975
3127
2008
4973
2979
2780
35146
62303
4638
1988
3540
118035
2060
1489
5031
5249
100398
18557
2801
5805
5769
14637
3606
3363
33820
859
4303
1495
1424
2911
6824
4930
4237
38843
7409
3964
2787
12212
4497
4855
2267
22122
12828
28535
149806
1550
20142
3169
2720
2295
115134
5201
39922
46109
5488
2532
1273
5033
3505
3884
56018
1998
73829
2628
5654
47109
3256
2060
1278
3412
2271
35046
736
5558
30183
5066
2873
1598
2002
3670
3811
1311
5627
48455
3306
3297
39622
3415
3550
4340
2535
4217
27768
40374
99562
2032
62522
16551
1783
9839
1740
7854
1438
3489
5894
4784
1585
2098
4017
4152
2391
4385
14594
8874
4920
3489
4289
3193
1996
4145
3314
26653
3711
2694
2297
29819
56102
822
45733
5892
2960
3225
4187
2829
2796
7147
2916
9878
2985
52703
4086
50487
885
9924
40785
1678
3403
4002
4116
3701
3277
2980
3261
4460
4273
2120
8518
4635
4169
2841
62175
2366
5150
4420
7588
5792
1369
114912
804
71432
43544
3591
2684
12567
2259
4194
20004
4942
3542
45791
657
4527
2871
15646
85381
3591
4098
3586
26372
10606
4163
3521
2748
14116
83587
3994
872
33714
62643
3326
1965
2629
3454
3114
3183
4346
3511
19981
4150
1539
70844
3023
20095
1365
3312
4204
1779
2591
4429
19549
4224
40769
3951
3172
20109
2031
93664
2899
72921
44734
30276
3510
10846
14013
1191
59705
3515
4276
54765
12007
2247
3282
1572
2416
2816
3484
28116
3949
53868
2614
5007
3996
1367
4217
2253
1191
5409
3503
2955
3421
24695
3133
2588
1954
34339
4002
3146
17908
17223
1941
2882
2568
1269
2083
2690
45535
1015
3734
3532
4323
2789
1903
4694
2899
4566
29791
65513
4005
3339
7163
4458
3548
3140
2876
18232
4417
3283
3160
4176
2097
5118
4886
4196
4242
13760
4050
2584
2335
4465
5527
2800
3818
4446
2755
2966
3853
2120
16585
4902
3237
1293
3316
3491
3804
3681
946
5586
24780
4322
43020
3899
3622
4270
3121
5147
91386
2141
11859
9383
49036
34268
46734
3087
4092
3327
1974
20164
1143
12654
28919
4047
2762
51234
2209
2889
3078
68803
1313
2583
3211
2298
4692
2568
3118
4312
2006
5475
2653
2922
3125
2202
4386
34521
3072
2914
9225
3256
3949
3020
3961
4913
1599
2934
56388
1529
2802
5372
67779
26035
3013
3033
13399
9160
4520
4007
3058
3371
2711
61726
3478
1624
1822
4930
15807
5548
3528
3820
5089
60506
3858
26734
2851
97508
2470
4233
117241
3767
4130
3744
4035
2987
3462
1725
3590
4720
4478
3182
4358
4597
3776
12918
16354
26646
3249
3644
1299
2587
10275
1638
3109
13324
61809
4216
3084
3108
1982
58860
96454
3615
166682
80038
2699
2431
101256
23385
2641
29112
1521
3087
14589
3171
4049
28524
2829
1233
2740
3023
2467
3687
2290
1420
4655
8495
3018
5946
2735
23634
3171
4276
2074
40392
2470
4410
3132
2472
3423
46283
3008
1952
30851
4745
49717
1517
2985
3150
8031
3570
3508
4078
4113
2683
40017
32291
2336
2767
2449
3489
3664
3365
2202
15567
1730
5905
1425
3482
2935
2843
910
1700
3851
2783
5047
3522
5243
3334
1463
3547
4627
4230
16590
56553
3573
1591
3071
2835
3734
40063
2284
5269
3678
3128
2971
57699
3909
3656
2577
5331
2125
2388
1735
2158
21641
3899
3879
6899
3823
4464
2668
122998
6167
3569
2007
1319
3309
5705
3344
8236
4548
3725
1914
3948
29617
4615
37896
4201
4943
2654
1857
1404
76598
1279
2912
660
1579
4691
5553
4605
32798
7543
2530
3598
3943
4702
4222
3247
3404
42803
3319
3852
2204
4816
2500
3366
1717
2812
25484
3435
1814
27601
4427
4826
65093
4666
3867
3753
3429
1955
3006
3622
3333
2920
1824
5382
883
30352
3105
4615
1968
2617
14242
4537
22870
1866
4829
5428
3671
6182
1025
3969
3349
3572
6900
103041
3508
94332
20800
28724
3087
3537
4166
25330
2649
1875
91029
70076
2856
58558
4057
4972
10648
6096
4717
51513
32570
3000
3262
28214
35419
4367
2064
13355
3192
14952
3440
3413
10695
3508
1161
10051
2237
3245
2248
1577
3708
3928
67645
3022
21056
2423
42513
71490
965
15985
17199
214176
2321
3351
2502
3234
5818
4240
19863
16277
16254
1596
6181
5927
21202
2937
1969
2757
2513
2598
3351
3530
4791
76372
6636
4112
3770
4864
2364
16148
3464
8802
2974
3152
28539
3956
39116
2354
3274
43898
4178
2772
36071
4242
2499
122769
4928
1800
2093
4467
3173
2762
2324
4165
3848
5125
2537
2876
51565
3002
2467
2847
2393
8002
13688
3174
3209
2996
3500
2634
2730
4882
18888
25799
3442
5355
53460
157526
19061
4653
22405
3336
9822
3276
1529
9328
30102
19860
3844
31232
12118
8227
4072
2323
4234
3390
5311
8243
18900
29555
3803
3256
101262
68057
2943
2879
3010
10776
4197
3964
14811
2940
4235
1743
4926
2608
68573
15593
3309
4564
3547
2866
1549
4002
5086
3637
3925
1523
3110
3219
1671
1708
4292
3156
43472
2013
10285
3141
3221
52029
1690
81964
23025
4320
3508
3578
3050
4108
5487
1335
100548
2861
10625
42428
89051
5079
2952
2362
2904
4393
48883
51829
5644
3535
8093
3678
10597
28613
36228
10041
46506
3233
6511
3292
1731
38466
4132
2533
2598
3783
21726
4175
1664
50160
2094
3653
4043
67297
2450
2811
4758
2618
3599
5286
4787
3297
2752
5310
1885
8839
2121
46970
2405
2311
2483
4137
2425
30180
3417
1978
2845
1661
53264
2788
49453
5313
2671
3267
5178
882
51034
78468
33464
5812
1913
3490
38049
5193
1661
864
3530
2991
2818
3729
2523
51995
2652
58988
2832
5367
3483
1206
2613
21883
3664
2373
3337
1791
35763
5999
3858
18931
45619
3916
976
3326
4095
2045
3252
4116
3738
4449
2441
3833
69028
4020
2930
3061
1430
20535
4201
3027
5002
3282
33639
1926
89344
28620
4234
3750
2572
20453
2821
8464
4177
2399
3421
4550
3121
12505
80826
3228
3527
3081
3977
108082
2795
6015
12133
5111
66306
17006
30044
14291
6744
33342
1670
3087
4952
3539
2475
2809
12483
3876
2052
24427
1459
2137
10792
60996
88046
2520
2655
7867
12184
9128
2829
9742
2126
12207
2142
1191
2221
2770
23491
123963
4132
6185
3357
2810
1974
2801
3230
3232
3971
13825
3414
2019
3477
3841
3012
992
13643
2967
2938
6228
3068
3583
3024
11889
36121
3332
2372
63191
5746
7875
3689
70089
1710
3417
40670
2479
2617
1290
2903
49381
7634
3057
26879
45445
26589
5358
4991
3016
4222
23555
4969
15724
3172
22403
3836
6212
2961
16533
4108
2768
2025
2034
3987
3704
7893
53539
10948
4091
2450
4357
10731
4566
2356
38028
3871
19699
3288
8290
11920
5590
17900
7690
13746
4413
34722
2125
3447
4151
51053
35865
2207
3429
3910
53164
2539
3725
50955
68277
24130
3538
1481
3311
9043
1501
2313
2598
3691
18689
3655
53591
39971
2045
3064
3476
3253
4608
1833
112612
3146
3534
4336
3388
1764
4193
3132
2800
1729
1025
26752
5353
7826
2026
3772
41767
21242
2570
110243
30484
2724
3154
42215
3129
14165
15129
1302
2941
1350
2345
6131
40261
1399
2847
44406
9622
4674
2232
3291
89211
1771
3534
3501
49375
65590
40929
3277
3587
2372
1349
2830
5214
11516
3821
5673
10179
2616
1569
2179
3721
3372
3005
3755
2377
2572
11992
48698
26342
16872
12605
9925
30278
23116
12820
3912
62876
4358
94039
2363
2796
2736
3155
3934
17585
1284
13713
2507
46921
3407
1958
3418
2450
61339
98686
6028
2084
3168
3168
3671
4053
2491
44717
3194
830
4519
3615
3325
2969
2003
4457
34219
3222
1236
3145
3264
2568
2608
3475
3969
3061
2544
6124
1897
159706
4508
10956
3570
35284
1495
2497
3450
3256
1006
4831
153760
1793
44723
4055
19917
4761
4730
68693
1199
110155
3137
13846
2954
1158
48126
2653
4221
2481
3477
5397
4303
23732
44329
28071
7307
4558
17220
6214
3294
3259
25272
4763
4529
4489
1376
3396
3103
29679
32049
3557
105396
3599
77619
36086
15384
2189
28395
43607
4589
2887
1136
75329
30463
2596
4578
1855
1844
4264
3500
3066
2125
1959
1910
3288
4661
1451
3633
4080
1886
35254
1288
56640
36209
5304
1377
3072
48567
2261
1883
6254
33773
2344
1527
3472
20174
2825
3785
2125
1942
64763
20270
60564
3007
3338
3484
3044
4235
3755
52165
7734
42044
1294
8953
3543
4521
2638
1612
3560
5023
5180
5372
101427
3066
5560
11607
2384
5216
3554
1937
3876
2225
3713
2312
4392
1274
1844
61435
5080
17348
2854
10783
4106
3828
28983
2567
3878
45596
3485
13673
8298
6623
19116
207900
50849
1475
1660
4795
5023
82122
3292
3482
12073
2704
2497
2443
3085
7978
93144
1824
4179
2490
4581
3011
1251
672
4290
5070
6529
2878
3409
2474
1686
2388
2579
1281
12917
56707
3916
11673
40977
4079
75059
2764
51010
45228
3386
3127
2624
2615
4497
44900
5791
3709
63835
2070
2805
2569
3457
1420
46021
4260
2759
989
1548
1812
2620
1973
4269
2840
3132
2715
26889
2115
1794
7350
1811
3610
4553
3068
58666
20493
1684
3687
40004
116970
2899
3124
31507
1018
3345
1694
2870
6028
2722
3128
2335
5492
3801
2188
17721
2326
23842
3297
2899
3182
3515
5153
16378
104034
4172
3473
3977
3758
24260
6335
62587
5095
8628
133165
3307
1078
1901
9978
4462
4043
4452
4157
3348
22133
5068
4017
2649
45044
1230
22998
2496
3024
4329
3969
1594
27226
3069
2643
44945
27520
2975
7831
2732
3663
4660
1628
2244
3147
3935
4377
3928
65191
1045
3780
2884
2424
2237
4043
3149
33527
6218
1993
1734
43955
2853
26495
758
39634
44310
51469
3252
4499
92415
2722
53300
2319
760
12595
43026
3679
2783
3032
3080
10949
16128
18533
4474
6016
1069
5396
2241
1864
2754
17578
32488
6900
2818
3720
3793
2486
5115
3657
1222
3312
2367
2137
3306
19041
4218
50372
1212
4137
2771
23497
3289
5101
4669
981
3132
3933
2761
2612
3407
5205
21023
4829
4432
4009
1329
2035
21329
2983
14701
14264
4576
1890
51163
2655
3832
2859
4388
2247
49929
53111
7403
21592
3668
3064
2584
5269
1293
2301
183336
3904
1269
1635
1505
3491
2344
3475
1133
3343
4107
4097
3069
2175
2812
100240
4324
2879
23932
2534
15118
60120
3334
2267
3729
11103
2556
3448
3969
3270
2850
10897
3829
4611
33252
42487
2228
31843
66088
1155
4066
1899
3779
68128
4149
4179
4648
4575
11136
48631
27736
1834
2757
3192
1728
2974
118990
2028
1718
4137
123680
2431
3290
2732
40813
18299
12843
2262
31924
5146
2025
2148
20999
1991
3576
33011
5972
2494
35379
74768
3836
3695
4927
1386
3869
6355
4851
32200
11527
5397
5012
12351
1058
3789
932
4576
3562
16514
3744
21124
2766
3304
2414
683
1894
22293
2769
2783
12950
3978
5273
39527
22148
3904
4164
2202
3445
15977
902
10126
32250
35839
3317
3198
3300
39852
78679
1395
3397
4806
3474
1686
1792
3357
3338
4457
14181
2077
26905
8954
3412
1339
3826
3200
3381
3082
110564
2074
3290
2953
3114
32339
2180
3140
1636
2920
3692
13787
66182
5208
2334
3732
2389
3880
12595
54257
5987
3525
3967
3392
3173
4634
4527
2983
67629
2659
3418
3734
3305
3124
2097
13885
94044
4281
3504
16880
2439
31018
28424
4400
2445
5692
32341
890
4399
58249
2709
1807
1755
57137
2669
3049
10935
1574
3586
3098
28147
2604
3808
2301
10620
4626
3447
3994
17883
13589
3388
90663
955
1513
4028
22844
26990
6018
3070
2160
2513
13104
52532
2397
1542
58632
3244
2873
3135
12072
3847
1815
1377
2500
8990
3177
73727
69634
35189
4721
4080
90975
3260
3462
106580
3327
4549
3797
12002
6148
4142
3351
4133
2152
2051
3857
28874
6741
3338
2616
3679
2009
4512
87303
2539
2600
14926
1659
3982
3915
2025
2078
3231
13575
1648
30461
3603
37963
14293
2673
3925
2394
3286
2782
1769
19943
3037
4125
1610
3130
4745
35624
72402
3078
2847
26621
60324
4082
15128
18069
4144
1604
42222
14709
17143
3496
2395
3160
45032
4356
13709
4008
68945
1899
1710
3476
5320
2171
3377
4230
34690
16969
1730
3776
3239
41459
14286
2390
29046
40363
3148
43372
1957
1639
11246
25347
1582
2159
1529
23755
4173
58331
3278
1666
2399
2959
14750
3925
16421
2516
10075
3190
2764
17494
17835
1922
3798
3143
4053
3951
3003
1227
13687
3662
2031
2824
35370
1933
3550
14544
976
2696
3868
2227
6313
1087
6212
4150
3145
2579
1938
22358
3292
51351
23671
5633
4316
5703
4891
3662
4580
30139
1706
4955
56070
4575
6800
4839
2882
37218
4007
3392
4399
3914
13497
2440
2457
1362
2395
3402
5027
2199
4057
41418
10681
16266
2037
1672
2275
2029
3940
4450
23187
2999
11922
3992
3588
2703
95758
3041
1949
19694
3200
19271
1901
1600
1371
3853
5036
50965
2926
2475
4180
1559
3117
4253
2099
3458
3760
10405
17245
4451
4179
2366
15183
1643
120289
2794
4379
22647
3659
3926
15875
3366
2618
2181
1826
1256
1196
2872
5492
3818
34214
3521
1993
4543
108859
3185
1893
2442
7234
83727
3714
3036
23690
2382
70850
3060
36432
1539
6221
3145
24870
4910
6420
4268
2651
1832
1681
2933
48323
50644
2402
3317
3006
23029
4793
42676
68396
3472
1661
38083
2193
1699
3494
3022
3181
3835
40088
3166
5441
6483
1266
2356
3542
41302
3775
2238
2312
2996
4231
1802
5415
2659
4909
57674
4489
2491
15818
3374
21657
28048
27370
3082
9003
54539
3299
2785
3600
76584
2270
4629
15134
2029
3449
9997
2996
3858
3391
7130
735
5480
3004
4968
3335
2005
2760
3001
4389
3000
3822
3534
4379
3297
9947
22532
2248
11030
4438
838
3299
2801
3608
4589
12760
1584
2592
3741
42970
4727
3828
4883
12102
3624
3379
3520
2972
22116
107031
2636
822
34457
3315
3389
80256
3130
3379
1023
4034
2885
1720
48248
24357
3013
1569
3395
20432
2373
9478
4572
11409
42741
3843
22227
3782
2164
47026
12940
36526
2320
4704
3723
3836
3383
18074
57084
2424
3524
4195
1500
1939
3630
41906
3199
2893
24934
2106
1980
2460
2799
3179
22038
2396
39359
59432
2999
2062
3220
3466
6041
2493
20222
1437
1562
2926
1115
4275
5488
4918
3967
3747
4542
60037
4136
3742
67215
16609
3536
32640
2565
2313
3819
4339
20969
3368
34237
2350
782
3681
2974
3907
5480
3157
66016
1590
5151
2625
4477
3076
11864
3003
21551
3367
1125
9618
4708
52989
3638
132327
1882
3909
3336
27839
3328
1987
1959
1598
2360
5459
135513
21728
1569
3261
2300
3974
5502
51069
1779
8259
4019
1867
16122
1651
3788
16636
2390
2844
32044
3017
2546
4736
65866
3180
3810
1629
4026
3557
2233
77059
5806
2476
6377
2596
986
2543
21494
6997
5020
3786
3308
2255
1731
1581
2935
4577
11376
2052
1898
4472
5271
9825
1573
22399
27335
2455
4884
2360
3462
4614
1517
4457
30728
3222
43229
2819
1442
3350
2361
3905
24281
1574
110280
3916
16761
3818
107092
58912
5405
1520
1567
73320
3331
5088
2574
2310
94541
10835
2686
4625
1716
9313
2906
6556
3117
4195
63803
3160
2021
3377
5398
57041
3343
2473
10095
27558
2944
57022
3027
15319
4197
3447
11514
14504
12724
6653
1098
4007
2814
4899
2662
2908
4233
5399
4249
3176
4376
3162
2305
89435
4864
8591
21433
45846
3118
2011
52508
3976
740
5568
7555
19730
67863
54892
3624
5403
1928
2134
3425
8527
2429
3046
3135
3875
2801
3879
9158
4008
42810
1016
22499
3452
3889
4339
35310
6974
10726
2935
5532
4263
15594
36744
2943
1563
59065
32752
3333
5681
2433
2991
1915
71199
3445
5778
2348
3208
2863
9932
836
56888
4044
3211
5380
2365
2007
2433
2543
2955
8815
4345
3369
1887
2735
2845
2239
2392
2322
77971
1760
3777
3706
2292
5436
4621
35319
15197
20982
3075
18429
9471
3704
35055
2120
2642
12257
2473
55043
3335
2256
6553
3115
1645
78601
38503
3834
8691
61548
3286
4818
2654
3033
4525
73238
6909
17377
3993
48379
5564
53753
16186
769
3389
63398
1216
39189
3631
3300
1576
1761
3686
2438
30844
3788
10980
4530
3114
1582
2703
2549
2500
22563
42860
26697
3424
3583
4078
96056
35135
4882
3621
45372
89805
3079
2710
3842
3440
2741
4196
33081
6358
37160
31533
13254
30110
9705
67975
549
5121
4745
3815
4040
2203
1693
9542
3284
148168
55202
45089
3135
3391
4800
2621
3216
3804
5198
22297
49178
2654
3089
47537
31891
2884
2965
2060
2226
3870
2908
7864
18331
2468
2609
2591
2108
4025
44838
4087
2530
4633
1089
109633
4204
1152
17769
4216
2873
1043
25251
63007
2378
38136
44248
95926
3592
30136
3537
2425
4582
5406
2269
2792
9761
3407
1616
21260
18611
3363
1811
83803
3089
5094
14541
4359
2246
68399
3826
32012
2996
2038
3399
2459
31935
1335
2690
1563
4234
67186
9072
4010
2619
4293
16952
6580
3702
3860
3217
3582
1269
3897
3190
55212
2228
3017
31193
1603
2671
4376
35200
13939
47810
3094
2697
4302
4792
27087
1104
3770
55453
3705
1347
49514
1564
2197
2608
3709
17796
1103
25817
3031
1884
25412
9558
14746
2951
83765
2320
21349
44207
85634
5020
84564
2492
11009
1762
13946
2417
96000
2890
31033
19458
1413
3543
164751
1179
132586
7215
1943
2146
2250
2545
5852
7079
24410
2552
2156
20346
40725
1746
2138
1438
3126
1848
2357
17141
1684
30564
29714
4943
36046
3849
30336
1300
3435
3947
4073
1722
5215
2944
2140
67424
3185
3034
3147
1740
3481
3162
3796
19283
3525
1640
1011
3830
63749
3671
61465
3379
1035
3554
61904
7284
51146
1424
4196
2343
2300
1641
2406
61357
3119
55211
4343
1954
13277
2046
96785
83128
111653
25052
4041
6243
2640
3774
48368
3937
2368
2249
2664
53850
4678
17925
95703
1431
21913
1822
1724
123039
7217
17986
2862
6159
4135
49275
4240
33537
3746
4382
82878
10470
4302
4728
72122
3925
2333
3433
5316
2631
3149
5543
2809
37307
2526
3535
42017
4670
3125
95130
3070
3912
3513
3595
33712
2220
88834
10719
3443
18323
3467
4469
2753
2708
4179
1479
45745
79502
1247
26990
3889
9990
50840
2761
81473
3939
35838
23382
44650
10900
2155
2693
3352
2784
3486
2791
34875
3641
4101
1208
5148
4704
74350
2487
66888
1713
1780
1480
18031
3246
5881
4237
2937
1691
4125
3595
3553
18648
172092
2109
83287
4817
1394
27447
5050
3794
3262
3884
64193
84945
17851
4263
1894
99563
3342
2835
2924
55260
28247
1288
45536
4875
1474
3279
9507
25300
5270
2356
2200
765
64085
54187
4600
1074
2631
56321
4429
4696
1689
1392
2552
5742
4756
30326
2884
19280
4637
29209
38082
6814
50527
3259
3009
38413
4028
5295
24481
11691
5091
32740
10121
3800
4036
2203
24711
1979
953
19980
3784
1366
11059
43640
2183
2242
3729
4315
3434
1850
66817
17616
73189
34281
2827
4126
23702
186769
3745
2372
3929
5366
46428
896
4129
13741
2971
84014
9356
13148
3854
1226
2544
54030
3420
17100
1833
185532
11041
4862
3662
3496
4499
2837
13671
3283
2408
3070
37129
24816
2816
16528
22643
3537
7052
72804
3132
23944
975
6715
3476
42410
4386
3739
20486
3210
33871
950
3630
2657
8025
4124
3279
2560
34175
17352
69494
1597
56838
1803
4024
2225
3998
3437
2874
3880
4542
7020
41708
3994
66091
4246
88275
4290
2718
2140
10148
2807
1729
2915
3554
2904
1849
3235
1632
2070
3273
30720
2928
31325
68196
3026
3380
225162
11886
3726
2620
2726
1975
4901
27419
8482
3175
90184
1440
4222
1817
50053
3947
2390
66701
2786
21268
4653
1556
4907
4253
2166
28941
82340
1704
2364
75571
35622
3916
3006
3673
80584
2274
3128
14308
16612
2116
5653
2024
3344
2778
75952
3724
4294
4718
28654
3018
4022
3267
2746
4959
154946
3118
35193
1383
50961
17651
65166
4577
110083
1458
2878
2670
4169
3610
1197
4288
1854
1704
3284
39143
40170
3165
46434
21786
4401
2723
103147
138681
1917
2606
36961
95316
3127
2227
3408
2354
2560
2271
25075
66465
26017
59655
3810
10608
2421
3263
27422
4419
2523
1248
26655
2033
2893
1690
2949
4207
3254
1207
32112
8629
16978
2406
1282
1239
4770
2790
3695
17647
2609
3138
2217
5218
4588
65864
72745
5188
18150
4198
88137
11550
25050
3701
2718
24704
3719
10988
2517
4918
2253
4005
5544
20830
3583
3314
5050
13058
4152
1242
2066
2865
3782
19084
2703
869
1973
192941
114519
2280
74017
14771
3515
18774
5614
4957
7036
1688
3138
49919
3303
7485
9649
3146
3261
12756
4649
47419
17031
1257
1532
2018
63431
70799
1530
3141
3906
4106
3775
2066
2167
2204
1631
4178
31136
37957
4228
34296
5736
98919
89186
4416
2486
31469
142049
6599
4017
5168
18150
48703
58876
17528
36326
4132
5013
4742
18846
112821
1351
2770
2542
2709
1450
2808
2846
4705
60987
4563
2505
15809
3185
3470
12449
2452
45933
58698
5121
3880
25817
2645
3054
2994
3074
5724
3472
31607
4048
1747
51798
4473
2044
17207
3012
1791
3229
25280
136726
135664
2097
3852
3758
3794
2744
19410
2178
2846
2882
5124
4958
1758
4459
7078
4553
29972
4836
3803
4526
2514
22749
1425
4144
3219
89980
3381
2741
4100
1534
3252
2533
15688
99897
2186
3026
41613
3489
3082
3304
88519
1444
8164
3526
25445
3054
3546
1611
51124
66105
30031
5530
14523
5264
2421
3286
2431
2953
16520
3406
1005
2388
13673
3049
28864
3529
22715
2890
29251
4937
46492
22156
1898
4679
4735
15741
27383
3359
104894
1970
2102
5355
3263
31435
2977
1862
23876
59378
128078
15167
3696
2493
4031
3782
3495
1850
4253
2428
2082
2114
3381
46109
42553
3945
3256
1777
38081
3753
2983
3515
1966
32160
2345
3574
12521
3662
2781
32758
3382
3573
4235
2374
3834
30831
29441
3345
11030
46024
3939
2939
4746
3272
1924
1216
125780
2993
5028
41524
2201
3146
4147
2151
3546
106096
3405
704
1249
4891
1568
4392
51143
70028
965
40128
28058
4725
2346
4094
1045
12262
1695
3262
4068
12242
21207
106222
3180
3565
39810
1888
36195
3528
2301
1222
4315
3227
27308
8743
51778
13605
4004
2068
57699
3256
60190
13982
3614
4438
5430
2992
8181
2740
19164
3396
2027
1675
16647
48257
3459
3873
3803
20781
4161
2939
8539
63039
4236
10707
135629
45662
6951
22887
3793
849
3483
39149
3676
1098
4772
21877
1208
12041
3739
2120
3631
2049
5109
2862
16317
8102
2922
5179
44928
2563
3829
3612
3644
2167
1074
66160
3859
1596
2341
20938
1990
3028
3591
2973
1084
57427
3682
1662
3348
4996
4853
1981
4078
3295
1347
83270
2493
24221
1226
1870
22266
3236
2451
13050
40591
3959
41961
8134
4154
5239
12463
2121
3354
23014
6126
3400
2380
3247
36362
1991
2621
2524
4285
3028
4647
771
3043
3757
1893
10213
1003
9404
1797
104660
5902
10234
44991
2629
3749
62218
4149
1244
8522
17425
2204
3028
3161
18714
18083
4890
2851
3157
3341
2823
5840
1715
16481
3068
16385
3150
3880
2273
2107
3068
4786
153707
2305
1399
6221
953
59652
1710
2702
3665
29708
1843
89836
2054
3010
12243
79838
72718
1594
90675
3785
4013
7863
3230
4174
2720
6595
1255
21903
4661
3892
2965
23710
5160
32525
11786
2041
3555
4675
4996
2477
22812
4437
14492
87743
1968
27724
4081
6973
4050
41997
3790
34821
48081
22854
5817
30563
3923
23974
3577
3699
4429
1529
2827
5146
4246
60811
84414
5736
2755
2966
1688
75007
3449
2354
3135
4086
3581
4829
24062
61560
1271
3232
4506
3426
1201
4046
2051
3986
2576
3399
1306
2602
3767
69121
8969
17557
33975
3755
1696
2684
2784
3808
2740
3558
3638
2252
3101
1275
2219
4424
10838
2187
4217
2196
2862
4145
3785
4019
2118
105515
2572
3238
2403
36271
42987
3691
6727
10033
3072
4330
2624
18873
3846
52089
5374
14452
1220
3680
3354
3775
2872
20938
2476
50973
2013
20222
4243
1886
3878
3778
3139
3728
2349
73978
4823
116029
112016
2336
19387
5606
39102
11127
1020
1472
55297
1434
61900
15175
1166
4257
2085
121420
1929
2843
4797
1250
3157
4280
2105
1402
3788
41741
5090
13559
13533
3731
2916
4023
2249
1697
7992
3844
893
46404
4340
2685
91767
105413
2288
18154
1049
3866
24874
2219
3396
4301
19740
70841
1323
3493
2350
3978
36108
4200
1940
5616
27856
25166
2765
3464
5458
15044
2112
4534
49534
3838
21545
2226
16641
44703
2722
2693
39409
5508
2850
14700
3104
64213
3138
20959
3287
53918
4824
2356
30703
31311
26314
81487
15177
5616
22154
2798
126962
3341
4098
2929
5483
3619
3979
2394
2717
6412
21481
4818
70088
3487
65921
210619
20045
1323
3289
2028
5038
26235
2981
2408
40364
4110
4745
3687
3882
2391
58262
2918
2820
3969
2977
2421
4992
4720
6035
4614
3095
3461
3127
75608
61378
3738
19328
3908
3028
32938
1867
1042
34232
3661
12910
116665
4188
4083
1924
1803
3795
9458
1837
4347
2534
6193
32402
5109
4212
2787
1242
1769
28060
4952
2088
4243
113531
2852
1584
2223
4413
3435
57098
2937
2141
36038
37718
16533
99259
5071
1524
2739
3663
2696
3878
3899
2784
4924
2229
4105
3551
2725
3867
21690
2719
2685
12014
29265
101339
4778
1998
8871
3133
28699
3198
11020
1341
1581
3935
4106
4398
34118
1854
3059
21050
2410
68439
23394
3508
24942
10021
2814
3672
2889
5566
99577
2739
3128
3271
55408
26979
15040
67729
3780
3412
1677
2271
1338
2827
60364
9575
3511
9328
10860
2022
39100
2607
3687
3832
8668
4439
3986
2217
73551
3900
38277
55385
38796
4029
4214
2851
3296
1273
1534
3690
2785
3665
2976
4715
2557
91568
3793
9111
6083
56723
3409
3097
15135
3005
4434
4124
42600
111262
44524
2953
1950
2464
100281
38714
1424
2888
3509
4085
3441
18645
1890
4155
30849
38422
3455
72960
5080
3083
2766
1466
2438
3749
2415
4190
2532
2853
4488
4140
25074
4321
2344
2696
5455
2963
5175
25645
3135
2690
5571
79324
3392
38923
29114
2258
4015
2712
3543
3632
41199
4198
3249
3316
2775
3344
2810
972
5412
111191
34057
3643
2081
2766
3198
3343
3569
4089
3127
9894
25411
17986
4090
9711
7106
3247
6803
5119
2593
1986
2325
3384
4851
2040
2341
4112
2498
4900
1841
22329
2640
3334
1179
55954
3968
3304
2408
18499
1093
3836
62795
1606
7152
10897
17072
1637
1707
2235
1029
33964
2593
14511
3124
3845
2630
2932
61668
4312
115041
2784
4159
51256
2582
2771
3492
3672
6312
88688
3209
19825
113643
4560
3284
58830
100092
4654
2061
42411
16279
47486
48988
12436
3370
3027
33824
3767
4072
19710
528
2382
21604
3360
1875
3043
2782
2645
13611
4145
2845
1927
94527
4673
15956
2680
4342
2245
2053
11978
3813
9041
34045
2246
2937
3980
70928
1463
1525
4170
3084
72180
28450
3382
3760
3506
20858
107620
66940
1291
1968
3306
2949
3203
3531
45028
103077
6356
3430
9822
2877
4993
19544
2688
4234
3706
1947
798
2009
4698
1988
45778
1343
205666
37399
35237
2557
5443
4703
4602
91195
1126
819
13097
2841
4490
3325
14440
1923
2046
2162
3156
2924
25456
3741
2199
1730
88291
1257
58020
1705
3131
3333
67060
1464
3376
3915
16914
5176
2003
2341
3460
4590
3027
2501
1681
3622
28994
70085
3806
9616
40134
3083
3127
5217
1717
29978
2903
2779
16885
1706
1841
2197
4876
62135
8114
5589
1956
2168
815
3405
124541
2643
1413
3056
2227
3877
5375
19422
36138
9967
3971
39522
1998
4176
11706
2553
39402
22124
9991
29988
2163
22790
4173
45166
985
3104
30673
25100
3647
2558
4797
17687
68980
11289
39436
2947
4176
72945
12595
3784
4023
4637
19947
3006
3699
4409
2319
4028
5372
2815
34391
4065
27040
28455
3737
2774
41395
2441
47156
3858
32211
1937
3205
1944
4188
2968
4360
2671
52524
20514
27474
2376
54857
3464
4461
31661
3596
14179
3072
3471
66493
3497
4599
3340
54765
4872
30373
9019
63389
1393
89226
3440
17626
2986
1431
1356
2702
36189
4632
12401
37413
3059
2208
3921
1960
1765
2811
3073
10768
2686
34503
107226
15064
1933
3164
2267
21853
3493
23957
2992
6687
2683
39691
41090
2489
1937
6531
2041
4327
3941
4052
5763
1418
4435
3928
1786
4455
3224
2341
3555
810
3383
5030
39304
3824
3014
3611
2068
3581
2399
47574
3169
3687
4193
5006
2658
2873
42997
2625
2074
4323
4026
1247
24103
15210
3429
2353
2755
1493
7175
2705
53437
4107
2605
4494
65806
6454
2359
1901
2039
10454
4366
38940
19095
2406
4126
3865
2164
3391
6622
90940
17690
1622
33541
3206
869
1693
3761
2488
5949
2584
52721
116615
5855
1677
2656
2818
4477
32563
3133
3305
4561
5119
48973
5430
6158
2968
4076
4304
1479
2748
30056
2605
21087
2768
1353
3648
25129
2312
4688
13175
2258
2173
1104
100307
3587
3603
1426
4020
3051
63557
1979
1908
9760
3709
3552
55066
45232
844
4096
4665
4462
5716
4073
3965
3103
27052
2849
25711
4128
2452
15667
2766
3172
5737
10634
5126
4452
14670
4352
37555
3801
21721
3691
5067
3514
83152
37974
25362
2081
92354
3631
1951
2113
2284
2184
10660
3526
83058
7680
6586
4821
3312
38222
2906
