34804
1748
3937
17158
51388
2660
2416
51954
64175
3460
4415
6901
1227
49215
3328
4035
4209
4931
1825
1934
65148
2363
4593
4567
3677
2137
2593
13171
4529
5052
3277
3959
25104
1559
3985
26370
3858
110840
4324
4098
94241
4142
6172
3471
15627
4743
3430
2765
60529
79705
2725
3987
4098
5006
3050
13264
3069
4270
37105
4919
20865
2156
3559
4628
41609
12892
12757
2563
103289
175424
4942
14093
3094
5534
58901
2824
2951
3522
2398
21504
3442
3721
3610
41948
1213
2902
2312
42457
5741
41410
2780
23340
51346
3215
3500
4637
3769
24456
62382
2704
95903
7367
2039
2011
4205
6892
1959
3890
4103
4232
47291
1638
1852
2654
3460
13364
78497
110176
5455
23397
5660
5400
6387
4582
3598
60428
4507
3056
2322
2122
71189
5864
3897
21080
40078
3953
10922
86536
36589
1287
1957
1409
4044
1769
1459
18201
32528
5715
1371
3975
32647
5032
5369
5472
1746
4212
1381
4075
24649
2307
228095
2649
32294
32951
2416
3952
63062
4062
3513
1753
27881
9677
4730
5146
1916
4965
2725
2642
2567
24098
3681
20546
1473
3121
3481
88298
80336
17984
3570
2894
28303
6034
4948
19109
4825
86792
2087
69644
4050
3416
3155
1877
1161
3693
23853
2590
25088
3230
10166
2572
118669
1498
5215
32240
2547
3124
2999
8846
77138
10509
5063
4757
2224
37277
4713
4635
4126
3569
23628
3773
49878
3884
3618
2855
5364
4670
3103
3889
4475
65712
28553
1865
48649
3993
73825
2181
4840
3115
1910
1376
3236
23064
3241
14428
124579
2565
10102
2755
3651
3816
146521
5149
3950
1717
3972
23420
26485
5674
3526
7295
2115
5130
2722
5418
63676
6160
2172
1222
6213
2480
3133
48398
2825
69870
59908
3012
1354
2467
1844
3568
5312
2071
3456
3755
4083
4417
6078
50752
3227
17677
4106
3802
1928
4280
3171
4072
3924
6020
2409
3605
2850
2443
4552
2291
2990
3058
1742
31545
2713
5256
38003
9913
2266
16181
3958
33299
5288
5752
5311
1931
66278
3525
29807
3626
4356
3831
3487
4265
4376
3759
2994
79528
5774
19630
91280
2914
103079
3562
2649
66192
1198
1484
104795
28873
7808
3492
3211
24050
2777
10980
3213
70105
1124
4325
40477
4643
2652
1305
2719
6854
4511
2333
3375
5019
2094
11984
35290
4685
3265
21012
3571
1560
3136
11467
2616
7289
5066
2979
18460
2086
53198
69426
3923
122217
4197
82255
3682
2649
226574
64481
3857
4943
1587
115212
38125
36212
101412
4797
76754
53788
3540
2574
3114
13827
4044
7074
2827
3784
23251
2237
1472
6709
2481
3481
4178
6503
5221
3414
5407
3713
1372
20937
3920
3668
3458
26769
2132
1978
12604
24212
2228
4346
2228
15138
172651
3565
4478
4425
3783
5216
1875
83266
4291
39653
4430
2820
3174
3198
6042
1686
3605
3647
12922
55102
21503
3722
3251
5016
104355
5024
1817
3913
31514
27989
1275
3343
20833
10961
2923
50231
2998
4180
77410
28197
1624
2954
90181
2593
4580
6901
4130
4417
130935
164703
3910
4911
4432
2886
4075
29184
1647
2622
5263
22251
1889
2156
3877
122259
21765
25064
3191
2954
3431
2362
140104
4262
3735
22049
1614
2183
88873
76273
2560
2849
4714
18372
36184
3614
69777
1937
3347
116734
119684
796
1864
16808
90187
31439
3266
69127
89392
66371
2819
110762
1815
14138
2158
44018
3184
4964
1757
36355
4536
2890
8729
5091
2292
2067
3217
1433
4390
14191
2832
37056
4933
28350
4261
3879
84925
2195
4841
3449
5695
14073
1416
2430
3734
5344
4568
5762
4601
2247
3246
22225
18240
4363
18179
4982
4522
114067
5137
65572
29040
1520
6318
63802
78666
19258
4005
1943
20885
15601
81071
4659
2204
26434
3826
8028
94426
56957
3878
4054
1668
63594
979
3111
4912
105005
3696
4442
5049
17575
1659
2211
2008
5825
5413
41163
1760
11797
1542
50154
20603
3975
18306
3120
2713
4829
13691
56904
11844
128035
6513
88343
20362
5885
1585
6245
4608
20162
3912
11410
3596
3480
3444
3438
3373
112680
112587
24506
16182
2813
2215
4107
2116
18744
14012
3782
4299
4743
3375
2881
3254
4190
10132
2768
1916
4307
3224
3720
2494
3714
151524
4554
83718
7884
3449
120234
4571
2027
79240
3719
4384
1502
4227
27437
2586
22006
2787
3952
2154
24476
16073
149940
1354
4279
19106
2167
2085
3052
112215
2238
5905
20957
4489
47729
2289
5263
4670
3815
2514
2802
61854
5361
54631
32984
7940
26226
997
130119
63971
5379
23197
32520
3206
30536
17291
3594
154875
6004
33018
4219
3333
45906
8570
3352
4049
70553
20597
5375
2424
3630
2677
17890
3943
97605
3182
17216
2649
16487
3764
4175
2967
87880
4184
1868
53284
3029
3313
5510
11835
2289
70118
37257
14073
5258
4555
2749
17913
35756
12576
2959
2297
4571
1888
22365
3053
2784
1559
3908
13382
4271
2515
14741
6840
3085
2501
2479
2001
75143
17402
2105
2806
38574
1864
22954
2345
19615
90780
3024
3782
29669
3638
1656
1863
41581
1710
9265
3029
3754
5510
5642
2565
3783
1536
4242
42439
37048
55868
10162
4876
78097
2063
2571
3498
13954
1984
6225
8001
10304
2422
1120
47366
4717
3345
8622
3231
4108
2682
68262
4711
13056
3563
1508
1532
3014
59104
3934
2097
4644
5540
5372
3261
14392
5938
3283
4945
2717
1369
21823
1758
70429
47950
3434
4085
4637
68415
3063
4691
103974
5351
14389
43454
2164
29970
5637
2819
2064
4099
1885
4452
3574
3124
11982
86067
6596
3403
3506
71757
2007
3640
2152
4146
32065
3317
463
2858
1389
1451
1758
2684
55017
2402
43435
4474
4026
2349
2515
67753
1936
3217
16980
3750
4712
44873
1457
4046
4220
3246
2755
4138
40973
36481
4323
3344
3440
10899
3209
3024
5029
5452
3840
4231
47237
5098
3539
4601
3194
54483
52315
24107
32812
97020
5646
19475
27856
31230
76232
3389
27744
3033
1050
1605
3664
6214
5154
3179
3294
25610
111831
4503
8462
4347
3559
37008
6328
3110
16728
38007
3019
107590
2207
21422
16904
42072
3344
4604
4248
54703
11458
3463
4797
3589
34416
63131
6712
4943
3082
4802
5066
21374
5982
23642
4014
26048
25597
93814
4493
3702
1648
2941
5975
3830
5734
4611
7226
35263
1769
38313
3911
4262
4746
1626
7137
30034
797
3514
4611
21617
14771
4615
3558
2790
3288
2088
5004
3902
12482
1615
21038
4081
3445
2451
37273
3440
2967
43766
6381
3219
2168
3292
4632
3592
21487
5826
1686
71930
5382
2533
24638
1601
6002
4455
5098
2073
3195
7013
12534
76644
6184
2948
5881
26585
5045
5235
5292
5959
3732
59058
9018
5023
2438
2698
4210
3659
36787
37698
101639
25272
3576
62711
4094
4159
2925
15983
3475
76754
4368
2545
1261
54319
3751
2550
4168
1813
4504
2620
1224
3454
122116
5352
17230
3346
140597
2607
2745
2981
48936
52119
36247
28969
4080
2322
88299
4379
26248
4637
2867
14169
26113
13978
1231
2337
4760
26370
3907
3239
35689
2507
53574
4065
3458
30683
4497
4264
3599
5168
23850
53333
4368
6409
2331
18016
4545
24793
1754
3966
773
1907
4056
3029
10822
13455
4319
4754
3851
24150
51895
4398
3640
48633
3155
6492
4869
3853
21997
658
2024
1943
23154
2583
3313
2560
4639
3391
107768
4280
28232
3134
2419
16240
3545
2847
3532
4302
4813
5045
4031
1662
4195
52356
107947
84972
4661
26306
39095
36098
4023
66166
32494
1399
15308
61522
15733
3266
4122
3384
2484
63230
44908
8169
4096
27402
35485
4367
3676
2220
4089
4660
78093
3502
2411
3787
4256
2471
63402
12146
2513
5198
1630
109303
3739
17371
6045
23638
4822
9510
9017
13122
4006
4848
3384
66781
3778
5236
37505
24940
3929
4597
26112
140618
53942
14968
56808
2447
56340
31635
2347
70015
1672
3590
114656
1405
1244
40205
1444
6732
1393
3667
4357
9783
2706
1991
3169
1173
4079
40618
5970
4109
24228
17880
32149
8659
3489
3978
18133
3709
2718
3592
3957
3878
68241
1993
141648
53835
2769
4581
6681
31404
27485
37885
88612
15854
4248
2938
1850
3433
4713
3538
2239
57670
4513
3271
2626
3357
12996
45546
57688
5175
3205
18335
3397
3270
11916
3264
1959
112116
1432
4095
64039
18141
4258
3590
24273
3085
1717
1838
3437
4044
4929
3001
46426
4338
39241
3028
4653
6043
4476
78584
4116
2943
5039
111655
26556
2103
6966
23697
1050
12855
17649
4716
3929
2718
42342
3419
3467
40266
114770
3198
7155
40305
9852
103875
8367
2843
3010
79955
2849
1858
26278
14776
4433
4495
3641
40142
5318
65913
41354
10798
2584
9901
5204
23762
28225
11087
1520
2847
4067
83842
41516
40325
3773
4879
3216
1324
3052
216871
85465
59967
3709
11330
3951
5224
1750
4532
27687
288185
33628
1830
40942
2107
3104
4393
2642
5059
5288
2066
203662
1839
2593
4062
3162
40718
3325
1403
4998
1639
2994
69515
1806
26608
6697
15848
65472
3944
4928
33028
2226
3933
2259
4043
3719
5687
23268
12586
5882
4714
6385
4570
2451
4781
6574
3958
27792
1325
1766
1906
73567
40474
14302
3334
4696
2531
3770
161867
3817
37183
3272
2386
32573
3922
4120
27844
3881
2194
4369
4161
2059
5227
8537
3927
5859
3801
3470
1996
16014
4241
3268
3647
3008
5313
27808
29908
31632
5613
1126
4177
46680
2548
15828
46354
995
2488
3801
21773
2608
2878
5632
4917
5751
3042
2990
2380
3468
4293
59394
5164
2005
3091
1688
21239
2798
123647
3044
19347
31266
2548
4471
103165
2246
2412
3654
132690
2509
43035
2963
3920
29704
3289
10782
18739
35356
46037
3248
4253
3182
4511
21033
3239
39500
1800
1723
3403
3784
1590
4035
32164
78156
2444
3928
4264
4960
96821
119045
2813
4371
3407
1681
5168
4152
4497
5298
27699
2271
3672
2270
29043
2729
5764
2616
2245
11363
17435
1882
2890
4483
2524
4746
4050
3507
3930
4175
125262
3675
57112
87655
32534
1667
5135
4244
5089
33269
42994
5483
3327
2348
4977
4509
1377
3176
8187
4833
3540
4196
21331
6506
15223
13156
4157
59834
19449
3111
3429
2871
1135
5464
36677
1674
2377
3339
3017
2288
19262
2808
4739
5767
2205
1488
2839
2313
33802
5676
3624
2252
6959
4994
19629
5852
3167
1725
1782
2106
3772
3828
5742
2149
4378
1710
29540
24496
4227
2557
3169
17460
3983
49619
60632
11482
3619
6932
4383
2009
5296
3996
1909
3571
4197
31007
16238
1996
4033
2249
3025
22920
4488
3936
2169
2991
9027
5724
11562
1628
7859
3124
1497
2182
1296
11224
16933
16409
4653
4064
40024
2840
102652
7396
8343
3252
4125
1817
5112
4797
13611
3462
3272
52500
3344
3670
285183
29706
2514
15575
4277
4205
92052
3693
1698
6286
13362
5313
3871
4319
45803
4324
6515
4860
2480
925
8606
37224
3372
5213
148973
1106
3530
4255
3723
3649
118617
3127
3695
3242
32258
2612
228482
3967
25786
2873
3874
1566
2650
83510
2146
3745
4539
3638
3299
18279
2957
68574
23299
4251
27686
12633
1427
54566
23278
5072
77487
2821
25024
5474
212400
131890
7368
17416
4296
7057
52623
54707
2826
2508
3157
1929
15210
2425
15878
3698
16012
66486
5812
4381
4577
1472
3573
4231
91586
22443
19832
35246
2334
5103
123099
116104
1409
3897
4043
18678
91265
24896
2046
2115
5554
1796
10951
13525
2663
28070
2358
4577
1051
5135
5436
17907
1895
3001
5873
4541
4913
2306
3335
1533
30033
1564
2982
72948
1488
2722
5132
4556
1417
1257
1607
4303
99743
79200
4063
23190
3286
2816
8216
2568
2967
2683
15740
27445
2237
3868
33832
2014
4457
4204
26647
5734
796
1820
2284
1806
10475
26415
4696
31505
3570
37323
19615
1648
45622
1925
4316
2730
2213
4309
1185
2082
4713
3292
2706
23731
4664
63144
62645
4515
11261
4314
1802
4930
2157
44326
3444
5693
2910
2708
45745
1118
4595
2921
4083
3459
4069
1252
4331
3920
56328
30111
4302
8453
4031
22136
18011
3765
25472
2445
4909
34270
1956
3725
3428
6018
7088
2275
106460
59527
5146
3241
1442
28160
2082
97295
13131
4203
4627
11375
53895
26136
28333
3037
3113
2801
4109
22316
2014
102409
140647
42314
2123
4761
39338
3048
55494
23655
3788
5349
99213
70065
2255
46185
2491
4082
1900
92978
9647
3824
68020
2757
15256
176509
2760
2553
3381
9864
17650
4569
21165
4941
2976
2536
41699
93264
3370
81767
2776
3770
126792
5667
1990
1327
11465
4528
109085
3871
12066
4929
2648
20101
3716
4751
54841
3852
2502
4469
25009
2976
2985
2955
21876
4207
4565
117215
2528
4584
2142
3241
4999
20494
27388
963
37204
5004
5783
11495
6110
17350
3602
94796
4840
2141
29999
34604
3909
5878
2195
3094
4464
21800
2135
12879
2622
74114
36818
2025
47939
31910
7039
3919
6000
2792
4887
3162
44707
1485
3976
46856
3171
4482
10025
2974
20863
1084
19143
2060
5539
4057
5027
1717
3723
960
2108
11132
23854
3085
46905
3634
2435
1772
15131
2338
9638
3992
1995
1948
3965
1708
82991
42137
3622
89862
2409
50708
4512
25248
44264
3541
3990
37160
1896
4405
17659
2841
3404
2436
32058
4258
3398
4869
4664
3432
80386
22213
54186
4137
3231
70606
44911
3362
3172
5165
3272
2979
3991
62327
14109
3111
11599
12927
94598
5420
11850
17664
4241
12933
1422
1860
5230
1935
3879
3842
79459
2878
4016
6652
1446
3186
12902
13051
47470
13353
19909
4489
3274
2589
2543
2068
5548
83601
4333
5019
53400
4451
4039
32075
18618
1359
29040
31704
4433
2532
5251
22015
3912
10889
5232
23853
3196
3916
3962
3922
2459
4392
3242
3166
60090
4233
4771
2917
3190
2788
5653
3216
2837
46798
20465
5121
3931
3265
887
2305
4442
4543
2057
2391
5047
3843
4216
14817
4122
64967
1956
3133
2473
21811
91234
1629
4997
3252
210521
3048
8155
2712
955
2702
14768
87177
1550
1189
1842
3489
3047
14610
1249
3922
4379
2078
5148
4038
2238
2742
3287
6271
113034
22733
10633
6840
3945
25657
2950
41536
2778
3399
37113
102762
66011
9191
33806
6481
2859
3108
4429
2476
1836
4961
7545
2228
2589
4951
4109
3626
4693
1755
1826
6250
2141
1769
1602
12798
4408
56835
3472
7561
1980
2944
3810
2968
1817
1336
6599
4861
1331
4938
2774
1763
108523
4007
1810
19764
2871
18183
3274
4827
1228
45506
2144
26671
29710
1981
2469
1891
4124
3917
84271
4938
4510
29400
3462
4022
4965
1535
3670
5320
3601
9716
51265
62532
4602
3088
2949
3940
23430
921
1366
1559
3153
2126
12813
8243
4306
1477
3140
6271
39767
2608
19333
3566
4018
5117
5596
3042
94914
2896
54650
28087
2909
20545
3181
2463
34454
44694
1494
1376
5093
137453
71491
2230
113308
3916
2880
5762
2925
3527
6929
1874
5845
4835
3958
5058
2862
1658
4622
5492
22874
40929
32456
2174
3478
3420
7386
10390
19759
3498
4325
5195
3499
2697
3157
7004
4094
3165
6936
18585
5355
16736
2478
3544
59014
10793
3448
3786
7696
2197
12012
70026
17744
127734
3963
6201
1001
7803
3325
2301
4737
38044
3342
2424
2010
3026
1351
4776
48656
1879
3287
4306
2895
39295
3329
4113
102560
44554
4832
2583
2082
6912
57814
2764
30670
2642
27019
18946
11054
1998
3285
5786
2291
45659
3916
3136
24251
5111
1134
2113
8995
61950
5384
5638
55327
1822
69056
3060
4372
73183
3429
1874
5431
6438
25287
3240
16646
29060
4409
2931
5086
4937
5002
1356
5052
124618
3719
2901
3054
2953
34417
3826
48488
2724
4759
2097
2390
6908
3613
1900
4225
2097
2693
3178
29202
18812
5689
4543
14629
2450
13976
3061
29934
5362
3430
3303
101434
4066
3460
3665
3148
4216
3343
5492
19286
1638
20912
83195
14618
2293
5859
2138
3506
1591
1814
2445
4530
4856
1245
3926
2538
3508
3716
6044
3730
1210
4755
53299
3007
27957
83320
7214
4268
7790
1402
4958
5294
28526
3771
1841
21315
4299
2344
3283
3556
39055
16357
2415
2400
4379
15922
2974
4188
4441
35081
2825
24681
7238
4081
4192
3071
4289
2892
3952
3545
55681
4918
3399
10522
1183
35395
47623
3402
32487
26176
3933
144848
89070
17455
3703
1999
4362
2547
3756
4938
3383
5190
107027
5363
4487
11773
5994
1564
5702
3657
2154
17802
3105
2058
3667
57683
36077
3412
2604
2511
4682
36415
2056
3333
2063
3683
9704
5006
2834
4438
2490
57094
8905
1388
4508
1804
2139
1713
3699
3357
39597
3922
3832
2423
2662
52602
2992
52828
1893
4011
21814
8250
2456
1437
2255
72529
3028
66496
3730
3889
4690
3095
50341
3027
26672
102646
4918
55352
3414
4865
4941
3950
5229
1556
1961
3922
13293
68330
3747
22316
105511
89908
65934
288261
1487
2225
1374
5946
29571
4020
74829
3193
2536
4972
19996
33715
113218
2467
3018
3850
19166
2744
4734
61981
29276
18380
3901
3860
17824
4542
5884
4913
31546
3308
1569
4959
22337
12957
5761
3109
2890
48139
2162
2298
4333
37854
21161
72172
2192
5839
1405
30743
35505
2943
7195
9995
3910
3701
2115
1992
5562
11996
26589
28720
4617
33392
56979
5100
3846
4814
25637
2874
2762
25498
173499
6712
143672
3150
3925
2155
25003
2410
4844
82558
93083
3927
1158
1872
1768
4070
3679
20842
128392
1552
13731
17865
2716
6259
3269
2764
4496
2204
128204
25591
2423
3015
34551
38396
3344
13940
1684
3816
2962
56632
29838
3688
10304
3995
2535
4606
3121
5567
2253
884
3286
20180
34637
27219
30676
23549
58416
4261
9625
60289
4858
102503
5009
4165
34116
19511
3689
3501
6375
4047
3590
2756
4005
4046
5076
3238
5684
81316
3040
32436
27327
2586
93665
3777
4198
3198
74404
2649
1094
4073
29314
26674
19322
4588
4230
1405
4447
6051
4801
3187
2095
2936
41794
3642
4301
2227
98312
5058
4125
3312
50348
2563
3019
109465
2054
6499
16932
2689
4128
2384
57418
2401
3004
3467
16830
131143
21318
14350
2688
6287
4081
143108
13991
58815
1498
43705
4079
5195
2165
12251
4900
3364
1769
5660
25380
1404
3574
4044
3583
3891
2821
8097
15887
3116
54039
41483
16589
1757
3645
2457
2602
38650
3912
3424
16515
1097
2338
3888
4099
1648
3879
29319
9515
3670
5027
3713
2602
2883
27383
2142
4905
9669
15782
2937
37637
108308
3668
2447
1850
4350
3631
1670
11209
3567
1554
30128
6754
4318
32706
2711
2974
23701
4196
3089
71878
4507
20578
5203
2691
5056
3805
58496
3550
2344
4866
3265
4278
3888
12951
6296
94210
11743
74400
23350
5527
1864
12141
2096
3667
3333
18961
2933
44046
2020
3296
4157
2846
14347
63094
3044
16028
3142
2738
2420
3942
1575
2646
1907
32043
3472
2328
65448
132018
3933
1727
3692
4706
6145
2829
5931
3132
20447
3904
2285
5938
2605
4222
1161
147370
15800
4574
43226
24240
4160
39070
4854
4463
10211
32971
21441
1680
4167
4484
3832
2963
114092
62987
5075
1303
7998
8049
47646
2122
16429
39690
5291
2437
75235
5280
4069
44462
3844
2699
4153
1318
3400
4089
3779
5203
13304
4988
31335
2377
4165
4078
25128
4561
20205
3377
19115
16044
3581
5082
3172
5891
40830
5382
14409
3566
3854
1617
3261
4118
4939
111614
5949
3185
4130
2581
3339
3080
9365
4098
1938
2825
3231
1357
95906
2410
4425
43395
1960
2046
19629
2814
14445
8087
3633
2679
2033
5441
2673
2931
1819
2513
6346
1580
23341
3645
4560
1911
3427
34649
43132
5366
17518
37388
110180
2363
20812
2324
2665
3659
2602
108660
3767
4114
4538
19607
4796
6810
126358
50801
32545
2248
3096
71994
2959
39351
1701
1637
5832
80411
2760
2478
3518
4594
32476
6114
2863
2884
75676
1115
2948
2432
3683
2967
7205
4478
3300
25362
1576
5832
174682
44488
48149
2620
2486
5099
4779
1529
45111
17946
2213
2320
43547
4371
4136
1314
5562
5957
3524
12683
23561
3699
1596
28061
1402
48419
2367
2719
20660
3737
10046
42107
2573
1880
3234
27562
3792
2783
32951
4618
4175
11019
127411
1782
38434
3518
3172
3053
4049
6719
2903
11954
4853
3610
4565
65013
2927
3296
2022
2523
1433
2979
73883
4717
2577
1537
5824
2591
61600
51456
32437
2812
4487
5745
3532
3764
2088
2808
60054
4448
3179
6845
18115
9431
3904
3570
2730
1779
3073
5131
16157
8465
26706
2929
2265
90249
2701
4705
1471
2304
2665
1663
2870
2816
29785
3818
1946
9145
3647
3440
17777
2680
3751
5912
1683
3349
3453
31521
22444
1146
2897
38369
9470
119603
5042
4760
3075
33399
3204
5322
59788
68814
3110
2237
6057
2496
2999
8903
3355
40119
5494
14019
3010
6305
2935
2522
3550
8671
36236
60775
3315
92083
3760
3531
1761
2933
2297
4836
2287
2156
1940
2887
3367
3141
4777
91834
2090
5344
4685
3123
5934
4121
3314
48160
3757
102365
6814
4520
51682
43401
4158
3008
3515
27625
1761
1381
3387
3790
5103
47888
1865
1714
12102
35419
3238
9215
42688
7204
3586
7740
4179
4339
3355
2080
3627
3646
25093
3667
52263
4566
2660
3889
2825
35852
3943
5322
18601
2326
32464
3367
5461
3061
4912
36097
5466
15756
4654
1557
4601
67017
9121
4063
34567
4976
3357
191855
3070
59782
3187
4418
6190
6118
2952
23304
3524
2431
4587
9821
103226
14873
5706
20843
47927
934
3419
66255
3028
2193
2973
4161
17180
1905
3515
1134
55483
2953
8531
2925
2837
34065
4110
2608
1920
3482
1351
2382
6726
16290
1868
1802
6460
56228
7036
32815
77989
6060
52515
18806
2785
3631
1733
2298
35628
21884
14468
4053
3863
33440
1534
3393
30321
1376
31180
3939
14838
3093
3987
2949
14256
4263
3043
3280
3673
4051
23884
32599
3341
62520
11895
3512
67232
26811
32236
57659
33783
3382
2463
3424
38055
29594
3954
4671
2620
4337
4676
4138
4706
34678
26353
141340
4529
870
5394
21236
3821
50395
2101
1222
5461
86091
2151
4784
4086
1867
32845
3290
2031
24291
3411
36190
5916
3086
2572
3143
3118
61452
7380
31712
20043
2855
4844
1915
4335
2123
4074
4315
3473
7693
73741
2518
3336
12338
2431
13157
1885
3158
4988
48918
4077
4213
4033
26402
2844
8638
3147
4614
78704
4873
4336
19201
4974
3782
3995
2948
3720
3853
6119
3789
3786
4851
2364
3807
2658
4004
5209
3658
8358
43402
9669
15721
1233
1791
1946
2715
2884
3710
3953
5304
4312
15468
36951
4506
3511
4407
2297
34543
6102
6276
4815
1121
5819
2160
4596
4658
3398
4054
3937
1257
1513
3292
3584
2112
2469
33254
66511
2976
28286
4067
79410
3425
74629
3574
3394
45149
2490
61426
2199
7403
19387
119974
4520
4206
4865
13860
130202
1053
4513
2477
4843
3031
3094
70801
2677
4079
4242
15751
4202
3279
3638
3229
6592
5178
1439
3881
3735
80562
30853
3671
2522
78093
4871
20221
1522
90707
13233
3363
4406
3907
21562
1848
3646
8709
42726
4998
2045
24777
3386
4779
66934
3692
2740
3198
3009
1795
3826
3288
2396
1550
4088
116761
2898
5825
3325
63143
1591
26493
26302
2108
2902
1663
6351
2934
4396
3784
56367
2425
3929
28619
4697
5180
127655
1965
17355
4588
3296
4520
4144
3232
3451
21259
2010
3567
6267
3003
1360
8942
3585
1557
1982
15835
2040
28418
3275
3283
13647
3157
2364
3888
5006
18370
1005
4248
4335
124048
5108
4119
17976
2141
3717
2986
3198
48768
16788
45385
77211
8090
7185
3824
5845
2517
4657
1170
4452
2605
4059
3422
44292
4232
30950
4086
3672
5094
2669
1515
48890
3034
1969
25749
7005
4221
4239
5684
2035
39538
5538
7399
7269
4406
9099
4526
2348
12965
1831
2907
27799
39948
65225
4374
8283
3320
9481
4915
11178
18234
2467
2634
5333
166794
74185
1266
84287
2328
6232
10443
44751
2785
4008
2358
10600
11358
3243
2292
31972
3092
4302
6579
63737
27277
2662
3352
2846
4716
12025
5204
4598
53070
4585
5298
3786
2227
14784
4407
32327
5166
3733
4183
4589
7774
53811
15446
3783
2019
3862
3242
51074
7877
15676
4848
1731
7813
3198
1309
2791
2032
3797
6341
2547
3918
134988
2737
54871
2101
42684
1691
3711
3830
3622
29061
3772
3693
18365
2732
5100
2154
4112
29002
4897
2457
4606
4942
1533
4920
2249
1919
1752
2920
2249
5071
4549
60075
89493
3207
164172
56367
27216
5254
58710
35884
1151
5324
2609
34131
2660
6107
3937
1942
56986
45467
3355
2840
2935
1884
44158
3748
3092
6752
34090
127972
217312
30778
1665
4756
2268
2491
2975
2918
5308
3070
1130
2200
4425
4064
8961
4166
48445
2246
2357
2941
4413
3249
47843
32612
20081
960
4498
5611
123841
4092
5390
2736
4956
55795
2024
11369
2182
3018
4015
4640
3547
3883
3323
29779
3797
5336
4124
4922
5598
2833
5850
2609
28863
4699
3172
2314
15320
11054
7458
2871
65160
4259
31889
4267
4532
6266
6170
2303
17624
1727
3163
4251
39249
2361
3936
2907
2895
8338
3689
3256
111268
5672
160381
3824
46840
5514
3494
4365
30379
20037
2801
3080
4056
12491
3286
2242
70238
38532
2763
90613
3172
48235
3241
4367
14593
3311
9846
1934
83751
22067
2889
4329
1364
82019
5439
110803
69075
3295
1641
3966
2620
1334
2245
1724
3113
1167
41151
26048
55694
4333
4225
3241
4301
8077
90118
1487
2657
2009
3847
12526
3904
5846
2509
3878
4271
4374
5179
5037
4498
21262
3935
3208
6771
2134
1554
3888
28064
5121
4017
61702
5134
2519
1421
46633
2423
64301
18288
3211
2855
5452
2087
5470
8512
107918
5562
912
3923
2786
2465
70088
3699
2805
3053
17662
1645
1619
105606
2784
3629
63020
5403
4760
3117
1912
4461
3398
3226
106089
4329
5160
2323
2446
3208
2002
3572
3957
16646
1926
2949
3760
4247
87201
2988
2424
31684
4282
15900
2515
1341
1225
3902
113862
5143
50262
3841
19394
12698
3516
3698
4815
73496
1258
4182
15403
2474
4301
2131
3297
55658
36600
1112
11108
4528
12893
1933
28111
1959
89609
3826
1458
40360
49171
116182
31865
76277
11924
3768
1922
1341
2138
2566
12383
1482
2634
39257
19703
89744
1101
2934
130964
3485
2012
2958
2041
15020
4953
2965
21686
4543
59215
4049
9515
6502
3189
6117
48968
261054
4201
47483
16122
4565
53694
9995
5182
2811
35844
4997
1985
2864
1898
94681
3576
53239
1211
4195
29000
3092
3639
6941
1076
4317
1520
37247
83247
1287
4519
3258
11702
107322
50197
2993
49942
44785
41542
4276
1441
2736
4090
5536
4344
4810
2328
105935
5546
15447
16503
886
1768
4106
3780
1282
4855
2255
2934
13257
4096
2574
1620
3925
5282
3420
3989
4480
3458
3657
3775
15453
4270
3159
21914
2453
12667
4045
3022
3421
3530
77847
1604
3983
36684
4363
9167
6040
3582
3869
10174
1867
1959
3263
16103
3352
71239
4644
8949
3215
70758
27664
14590
1662
5058
3537
59613
3516
3075
5601
5877
2994
49710
15132
122577
4768
88338
4010
48042
9744
1823
11826
4569
4024
5297
16491
1427
72229
96114
3600
1739
3818
35673
3877
21662
9133
57194
2037
89351
6119
4414
1895
3456
2783
3688
62620
3338
39319
2023
2693
100129
2279
4830
22985
2538
2452
4727
3042
4258
4834
7686
4162
25244
4381
5135
2797
1211
23440
50653
3292
2620
82998
2674
3380
5016
4608
68594
2414
33480
1979
19505
2299
44400
43798
4083
4413
2613
25763
2015
3728
2770
2791
3894
27416
1983
43664
23344
3030
2392
2103
2767
5920
2954
5750
2875
1520
3963
99241
3332
4039
3832
4062
4103
734
3088
2920
88958
17436
43687
3867
3499
37662
23748
5019
4254
3405
2488
2965
499
3927
33645
15232
3769
3914
5016
2087
5016
3776
1726
45776
6822
4741
3110
10485
3026
1667
1610
75789
2653
5597
37607
10248
10584
49487
3996
25367
111338
46898
2818
2603
8445
5168
4585
2205
4372
424266
5490
1767
65519
6199
1762
3531
2684
1814
42599
2629
12753
4939
1802
2758
3392
4111
3952
9314
1968
100406
4531
97175
2777
2963
22488
3976
2765
49550
10625
2148
1963
4633
7351
4016
28776
3633
5798
1857
17188
61721
4467
108069
1352
3892
5102
2849
1604
22340
3570
6532
13059
3258
4781
4099
9739
28703
1672
7470
21639
2717
4977
20718
3030
73503
4117
7490
29586
1591
3435
3055
3261
4296
5817
1549
3836
4411
2650
10481
47850
1486
119748
2840
2172
3830
1660
136615
5034
20788
131985
2625
2459
3581
45186
5925
3832
1598
57050
3165
3715
40442
8356
2492
49382
1747
1411
4739
4081
42249
27707
3527
41356
53368
4033
49616
3460
2367
15838
1370
4697
4080
47653
39676
7463
3545
2205
2361
32650
2542
4452
2538
3023
101441
4178
2139
5581
5818
1691
4871
5178
3420
5080
1536
2713
3949
2738
15237
6883
21401
61962
3441
3225
21673
2248
2812
1781
33734
6231
12069
1697
2750
7809
32032
4325
3576
66353
31614
115845
4514
36420
23592
21006
20077
6246
5496
2425
3073
3654
2185
8809
974
123912
69894
3459
75225
3108
5920
4556
3962
2731
3009
2552
4385
15648
46395
4409
65234
27009
4270
3878
1976
6269
2294
3206
3835
2432
44598
4885
33149
24413
20016
4959
3349
2869
16440
30894
1794
23579
65278
4285
3319
3384
3555
2774
3226
3907
6308
25941
2220
1400
72091
29232
4830
14918
3636
111098
2806
2546
1570
2757
61850
1132
3328
104169
3336
14713
3309
1603
1053
4243
67405
3890
3870
4387
34837
2512
3759
3692
1435
31267
3590
3980
2074
4338
9176
4756
2034
1359
61042
3784
15343
3909
35162
3931
2784
2996
26364
17462
2514
69904
3838
5057
4714
4244
3047
4382
3985
4333
2989
3731
4566
3995
3028
2736
4029
3853
5187
4746
1655
5063
3607
9131
3604
912
6953
4530
2779
4318
5297
4438
2135
4584
143478
1652
4287
7169
11449
20957
4395
118759
3043
3851
4299
3904
4601
39119
3988
2187
2196
3521
13827
5141
1540
5097
3125
29987
3484
20862
31638
37009
1877
6022
4207
869
2321
3162
4714
1397
4065
1223
5635
3983
105654
1986
3395
64341
4276
74258
35065
3343
14572
4843
11912
44090
11790
57527
20265
2063
163846
18830
2607
3193
52797
2630
7707
11192
3618
32747
87329
3860
30540
53868
3612
3041
5276
2977
1768
14183
4145
7140
3538
3766
2299
31743
51535
2854
5164
45778
4346
78068
5245
14976
167436
4886
3434
3810
41799
6052
53279
32715
1157
8943
5473
2802
25277
2440
37681
2737
3909
6692
3317
3623
3520
191530
3855
78447
4576
14887
3617
5659
161310
3579
3532
2946
2669
3702
7890
2954
4198
47035
2474
5006
4148
1477
4899
3810
4866
2008
5378
4270
116140
45292
120875
1279
6338
2605
3777
5637
2892
2659
4394
3895
2739
2879
2817
12384
2099
9693
18438
3426
3136
178935
4647
4178
3170
6033
4711
3409
2322
4175
3589
3978
3297
10801
5293
4605
7135
4436
2627
1121
13244
3082
2388
21167
6494
11678
1741
3888
3541
55575
2217
2427
5023
2397
1918
50011
153194
3804
41956
60021
2962
6007
92587
4896
4112
2601
4405
3778
58643
5494
4129
7015
1850
38611
5364
3021
66309
50492
4264
23042
4246
3190
3363
13332
3383
2797
3513
2215
4570
3092
3737
42057
3980
4564
2660
1726
2469
2968
117743
5629
3356
1907
3040
71191
2924
4315
30906
1937
33039
4002
1675
1841
3640
1542
3395
4948
1734
3109
5219
2244
1959
7469
4289
5541
2811
4455
5015
1720
2631
88145
112256
1929
106336
66906
5547
3411
3694
3201
1703
1525
6327
4855
3317
3513
4349
8969
1647
3946
3520
2993
1896
3199
2829
2404
2985
3264
3539
54742
2644
5575
4796
17736
3293
60400
24639
5765
3286
44063
2653
5472
47557
5702
4249
144079
21408
4422
7619
13004
7053
3231
10361
63544
1917
4344
45608
2877
2978
78675
26665
91954
59950
58187
50184
1604
4916
83651
54119
4938
38616
2732
4499
3175
4814
12592
80347
5376
4796
1276
3091
5347
3204
20103
3601
177428
4635
3402
4637
12877
2883
126550
41319
5259
3527
6080
20293
4041
1746
3325
192407
2617
3687
3774
2239
3519
2286
3568
4010
25664
4193
5718
2358
22873
10393
1215
5510
13157
43152
12555
13522
3178
87413
3567
2580
2736
2127
62268
26042
15562
2771
3646
3008
16600
2813
32564
4798
2895
4978
1775
1976
110851
3410
20333
2887
3336
4284
2591
5084
88997
4366
5427
11076
4578
3424
4568
65038
3635
250567
1531
4049
3901
2226
48374
54512
12695
2357
4976
1758
1521
4593
3252
2236
5300
4780
2664
2204
2377
3285
63251
41109
55726
3774
14576
47234
24067
2232
19110
1406
3834
69703
5316
1894
5136
360423
33740
1321
95421
20181
2618
2039
37210
4814
3274
2310
22283
1488
5127
8680
20835
4159
3551
4490
4272
2379
16870
4466
3459
18685
4033
1945
59778
11040
61484
70726
27634
3919
48406
3822
5673
97407
4524
4335
3294
4118
3767
2275
1242
4420
32712
1216
2975
1618
5114
2122
4330
2301
3928
5331
126899
4224
4819
5392
2139
3482
65636
53821
2848
39428
2907
4591
48870
3517
2716
21331
938
2803
25075
4686
2969
3713
3611
2585
5989
4177
4180
27313
2057
1643
28689
3720
33961
5134
3742
2544
3864
2134
9427
15476
84658
5505
5284
2203
2545
4694
2330
78866
2092
3077
4135
4395
3843
1215
3404
20211
26198
3730
4600
3507
65128
26484
3682
83287
1069
76278
4993
2958
5341
4327
2661
16311
5233
5478
2148
14573
4994
72255
4890
5007
3537
4765
7412
5439
1738
3219
1143
4214
3402
2245
14672
63659
23695
17568
3818
9613
2290
4075
65278
87941
2633
3143
3820
1589
3321
4114
5423
5137
11841
23952
35707
4164
3421
19399
5686
2521
8979
4013
4450
2662
4382
2731
17711
3734
2890
3324
3108
5221
2247
1430
4542
205019
2439
19800
3178
2552
4556
3683
4651
1664
3868
2199
39814
4478
1527
17986
4784
58491
3902
2126
5093
3068
3358
3486
6457
3410
52000
3624
847
4025
3706
25831
3913
2638
3675
5258
4353
2756
137046
1790
7488
4411
1939
31899
4673
41652
34885
2704
97449
5132
4337
1437
4012
1374
2434
1240
1401
4114
77600
45976
4249
3183
2941
3915
2973
3722
2733
4101
1475
980
3824
5069
3710
3963
4404
20496
4396
3303
79930
40790
2331
60779
1825
39204
3375
87542
1921
9578
3235
20034
87954
4339
4663
47272
4187
65377
2270
2988
4293
14010
4989
15654
2708
3219
81610
3454
30327
2837
4112
2810
1456
3063
44907
4972
3331
2763
807
2026
34814
4679
5296
3352
1682
28466
4776
5586
17443
9157
5290
36025
4422
5490
2995
34425
145821
5476
1732
28633
2462
1901
2434
91957
4444
2622
53094
20711
4518
5302
109399
22718
2435
1852
5857
3605
6296
4384
64359
2034
2515
27977
5254
108411
3030
13669
125568
3637
8518
5396
3802
4730
5626
8462
4284
4131
3061
17192
1944
3558
57602
4457
9738
4009
1884
3465
4213
3529
1854
24165
27256
32311
3541
15590
3238
30394
3879
74325
44369
4535
4220
35295
3017
17797
3210
31765
1745
2994
21450
3682
2921
15621
3529
53600
1914
7094
2963
4404
3998
7321
4676
2476
53186
3144
3326
44305
3854
1750
3080
1938
4016
2901
2980
19262
1950
97471
3053
2361
6403
2570
13496
4533
4743
3812
4247
3927
3916
28107
1313
1433
62202
4070
30285
3852
17322
3286
35473
8851
29311
72109
3249
3033
2995
2189
4178
3212
3121
93620
145178
3821
2237
3477
3636
4762
6025
3607
17812
5006
3211
2781
97203
78369
21814
16562
4380
2529
3924
3941
3274
1823
1831
1032
20569
80646
4120
156165
2351
21174
54401
5311
4027
38873
4427
4692
34470
3538
5188
65548
3696
3976
4592
3604
7371
2897
78378
76780
3634
44311
3326
24956
4007
94090
1601
27921
3136
6013
33613
3538
9178
40658
9117
1804
2683
2044
4387
6969
156572
1738
10045
4247
54340
1460
3554
1402
6535
1591
111468
38375
1863
1878
2798
15755
24560
59522
2295
4794
3000
4284
1912
4305
59916
15179
3783
2078
41292
1368
26412
2673
1720
8983
48042
4096
43676
4084
1380
47853
3858
4276
3813
3250
2492
3113
3951
3546
3209
16203
3194
2642
94163
5447
3615
139336
5293
3187
3899
16066
3221
2051
2410
72144
2375
3995
2610
3304
4530
14203
3376
3414
150051
54570
18863
53342
3773
65486
3383
3160
158180
3514
2894
3002
1755
40541
3161
5336
3829
15444
1055
61494
29433
14858
1884
5142
4373
3167
1935
4764
3151
5585
3111
2691
107194
5704
3069
5530
25588
2914
3464
3863
2754
3196
1517
18406
5094
2199
102201
5162
1742
4101
5040
3958
2775
2269
3678
3416
2795
3678
120383
4506
2967
2427
4040
23702
131596
3294
4315
25650
78510
806
1847
64891
3362
4633
19374
2969
36419
3136
7396
3241
3392
2927
4003
4019
2563
2952
4126
4745
6014
4193
4829
5640
4081
4591
4254
5680
1854
2404
2398
1812
4293
6816
2508
4739
111036
3412
3147
8687
5210
3575
5959
52498
2486
1601
3491
4859
2960
5657
2737
4218
22760
3449
3001
26115
13656
4079
18080
1636
23488
5004
4174
12260
3941
1332
3852
4911
4752
33659
5820
68750
5367
85027
112566
6549
1802
12534
1566
67346
15041
3061
31269
1923
50168
3447
5014
1965
6732
69470
3170
3470
2979
893
3588
1192
3001
6010
2382
53941
88179
78259
237397
4348
237774
30907
2101
1261
23002
3945
97047
3708
2815
4486
3638
3084
2634
4989
6320
4712
20716
7019
3055
28406
1179
3463
70727
93261
5049
27762
3854
2672
2177
46609
3144
11442
145083
10010
2523
1774
35828
3330
94004
3438
17564
3835
3221
6297
29484
2688
43168
18820
1344
1026
13390
13705
1951
2015
96333
3585
36656
2682
3756
51486
43252
38203
3957
50505
3310
4404
3908
3786
1661
3172
2697
4778
2033
1472
19511
1888
1693
22565
133727
5222
4012
45706
3270
4308
58478
17829
2071
4318
7938
1828
4774
66673
1074
4942
170130
3110
3669
2931
3552
3803
1048
2879
23820
2262
3468
3171
98571
45166
3066
270797
5204
2987
2040
25213
2873
2106
4930
2267
62184
4956
122326
5012
2920
25007
6165
2603
5501
2970
4830
212055
4582
87689
5282
10448
34451
4736
5432
53883
7497
5905
6535
2590
3598
3252
37670
8490
4927
3989
2993
2886
2714
169229
16316
2908
2707
141435
3645
2422
63107
20768
2975
3068
48495
4692
2854
3827
5439
65990
18691
2593
2308
18502
78538
4294
2461
124985
33493
2525
2289
5071
9924
59175
5668
13785
1771
5098
2590
3104
3350
4669
94549
71531
66457
3933
16283
17601
22393
5717
3780
81092
4392
2945
4939
4121
97740
6212
5205
81370
27408
33546
2018
4023
2345
4699
3859
1524
3422
5181
25622
2603
5130
3206
4378
3412
105788
3897
5465
2495
54206
3603
1893
12812
41774
4525
1510
4704
3537
60938
56721
6088
61721
2433
5443
4409
1745
5050
89626
17299
4679
18852
3679
3918
3552
46509
2309
121357
3524
22047
27594
3895
3408
4813
3551
4601
3330
49762
2482
4992
3206
1277
4532
2232
1617
24639
4396
1322
2571
3401
3972
3642
45411
95541
2960
15782
187353
3664
2008
15024
4978
8749
4559
5029
2056
2684
5137
2786
3886
2855
4810
2227
3516
3705
16390
25037
4109
36627
31880
4360
76770
34621
1758
2346
1871
2792
31230
4399
4837
23441
142149
4304
3652
2441
4306
31319
4018
3780
2549
4208
4534
2855
3314
2302
1774
3869
22532
3257
6848
3308
2966
6188
3062
42172
75138
3172
2618
2670
57116
48584
3522
3490
3487
32330
27900
2652
3179
2332
14064
4415
961
4715
3821
13058
4722
4275
2871
14121
80393
25429
38065
4060
32711
16578
17843
2550
2706
16662
39590
5208
4599
1195
2781
2358
74867
3131
3768
22743
3818
1839
39702
5220
2604
3868
2036
2578
5104
1565
52010
2696
4517
2137
5252
6333
2307
3872
18388
3062
1926
4755
3518
4035
4030
2715
3711
3280
26434
2954
2900
29675
3413
94405
43134
5545
3780
2385
2999
3006
2276
2150
3631
34867
8164
4889
99937
1721
3976
50891
3644
1985
47442
1585
3968
4505
41051
4381
3105
4474
4492
3102
5173
1159
3258
38579
2267
24437
16498
3422
1393
3178
62456
4394
2767
2256
4431
5296
4376
16094
1439
8151
5258
2897
27695
59861
2274
1336
8433
4595
5209
16960
4400
76026
3563
3827
3118
5076
3251
22600
3084
3929
1663
8003
23513
2575
39929
131841
3756
2193
97743
35336
62280
4972
16602
3274
2855
3415
4081
22992
6314
2332
2913
11788
2910
110259
2295
3846
1520
2935
69054
47929
1614
4052
27398
5107
6881
4865
12723
3074
50111
3765
2140
78583
4269
74728
82379
2723
4481
1515
2825
2558
6079
4821
4163
3479
41740
3979
3206
2631
6214
4102
35212
4659
2374
3349
4062
28765
7200
3161
1233
1977
2329
66556
5174
1959
4835
4304
5462
21273
45446
32864
1915
36303
2476
1447
1610
3473
2621
4277
1909
2111
4607
1852
3020
2824
3882
4961
160879
3605
2416
5971
4108
2795
2350
1582
3239
4600
5555
3467
1722
5325
23347
23210
2690
2840
3891
3764
5176
5219
2793
3845
6142
3737
4804
1832
25484
3563
2298
50527
4062
2145
37974
24610
2647
1965
1480
10524
11968
4415
4741
27774
59367
3986
2988
21668
2718
3826
3134
88924
2115
4397
4060
5096
2982
18136
2955
34526
18111
53864
18423
1632
2767
4526
2544
2741
3183
8817
1744
4480
3063
2397
3137
2382
12761
87122
10171
5143
2928
3078
4536
4525
3459
3413
4327
4253
1543
10152
14931
4193
40795
4521
3536
2252
24777
2700
4381
3299
2034
2981
3600
2455
2648
2829
3844
66812
4020
3123
3528
3559
1912
17000
18074
2766
2045
2019
3096
1786
3511
1666
74011
6053
3569
58704
236611
5976
3415
5927
1988
124306
37622
3312
113469
4776
6062
2527
25659
1947
28580
57487
38248
4929
1516
10908
75391
2843
122215
5040
2146
3368
12982
4286
25768
6376
3721
5001
3825
32883
4192
36106
4314
2738
18347
29256
2820
42812
3646
48645
45316
4394
11192
45943
4672
4532
7077
133902
3378
3012
3922
4799
2058
6787
3463
76639
1704
7648
1862
21750
4012
2003
3821
4046
3262
3228
29531
3777
7044
4269
5444
5762
4695
4183
3488
4721
4354
8862
3505
83315
2883
1262
3372
87644
5710
3227
3296
5062
46713
1300
20188
2855
5070
5676
4566
87943
15935
1317
4827
16432
3983
13330
4097
3908
5749
3796
19972
2105
5314
2860
3592
4265
2504
1218
3980
29827
51067
7068
21015
1078
2226
5444
2148
52721
3124
1740
3433
1689
3521
3758
6183
1680
31047
4064
3681
2726
4413
2863
39415
5389
30249
21196
33297
2762
15521
4278
4079
5506
2136
3810
3094
65940
15169
2791
2373
26914
999
26418
86476
2709
28819
2919
4252
3909
3160
4934
5559
5364
3402
2158
3409
40502
2612
3682
3252
97283
138188
33061
4065
85723
1807
2055
15676
49674
2375
4856
17336
2187
3252
4666
2744
14489
3617
3320
24787
3122
34988
29242
81598
35956
5557
5077
5038
24923
2560
2658
3886
3862
3785
4154
4400
3455
1436
4154
39585
3727
22147
5636
6111
3454
2881
5230
4222
4078
39350
3342
6572
4062
2817
4339
47351
42130
3328
4738
3249
1428
2511
3753
19809
114288
34360
17715
7008
2115
21328
46872
3688
3046
2223
2283
2331
27191
2651
1152
8234
3009
113708
2170
3149
3620
5114
3645
4297
4842
3380
4613
92584
3652
3015
14848
61584
3282
1133
59911
2841
19958
8859
2000
3949
69448
3334
117161
4275
88678
12567
3994
1635
4360
5170
3442
3652
3912
893
3379
2507
1934
2205
3922
3852
55365
14805
2001
22551
7213
6570
25667
29162
4527
2066
2277
64570
1921
1476
3056
1068
57219
68599
17417
2746
11059
6400
3668
8851
4770
3681
11519
3001
41223
3083
2066
54970
22692
6839
3667
37172
3065
33795
4815
3515
7623
10195
34194
3062
2668
2738
4307
5177
1207
4776
2506
3969
4458
2458
4488
2005
3872
40556
3492
1814
2987
4826
3353
2866
32462
1343
3734
11246
2559
5685
2952
3681
3178
5361
3381
87433
59690
3114
4311
5559
123064
3326
41437
3086
5231
35424
5007
1866
4370
3574
48527
4927
1825
3061
4075
48925
4822
2876
4646
104079
3258
4184
1638
48783
3505
2432
2130
2070
3901
3478
2466
79234
917
68325
2193
3486
2979
3186
23539
25284
5691
1398
20072
4727
7045
4131
1726
3186
2824
12603
4992
4961
4546
3247
4817
3472
4152
3474
4799
27038
3762
39263
18193
18580
4501
4576
43467
4187
3904
1803
40670
3169
43357
9178
44721
5094
4561
3948
3942
4496
34257
81782
31554
24489
6104
4333
11381
5108
5032
2614
2478
1709
3183
3905
4455
3551
3682
2407
2344
12104
149446
8330
121734
3690
53881
2737
2604
15010
2888
20635
16408
16609
4842
15211
5610
3588
2203
3263
6077
4572
12531
8308
5206
5790
79682
122122
12387
27305
4327
56383
2693
17489
2111
2573
2981
4873
3215
40906
4717
58893
167971
2163
3349
4774
22132
7540
1726
1648
4301
4864
24701
22809
3801
1163
5497
44443
42220
1812
1722
3589
103016
3332
2172
37650
1838
126266
4392
1185
2755
178672
3105
4442
2459
2178
14025
1548
3510
3249
3927
7343
1979
2344
3250
13914
19461
4646
2002
1078
7562
1666
2330
119255
19056
981
4170
2525
3675
2680
1841
3955
1425
1179
63619
5744
3620
3506
2585
3684
3739
2927
129236
4711
22921
45878
3964
5336
20321
21263
3178
4604
4192
4529
3353
3174
25164
2718
19651
77982
4503
4236
2778
48885
3411
32566
124779
37982
5390
593
102984
3874
56459
31835
3564
57900
5004
23328
2080
26463
3189
3966
10483
11536
7627
3624
5058
3499
35785
5519
3001
40855
1577
37842
4002
1640
5138
3853
4755
5121
4097
1355
3098
1198
3610
20851
43529
3178
3356
2783
4380
628
1993
79956
799
90077
3472
67090
27379
5259
3318
4895
22249
3623
3220
3961
5993
42299
5382
168368
3432
8063
18780
3919
4282
3016
2631
2850
5861
5183
4011
27436
69567
51370
3383
4428
35755
3592
3571
53913
3141
2280
13783
2861
5533
5638
5392
2848
8995
45423
2525
2209
4592
4394
5031
3721
4106
2908
4796
4031
10528
4549
4815
3792
1722
16428
4873
4919
4239
3956
1667
9834
15900
71154
3463
1646
3961
17025
4124
3102
4722
3103
4353
16316
1792
3447
5294
1460
3654
52666
15392
4288
11189
44622
7652
61909
4806
4364
46599
2595
2903
4588
7637
2774
76087
2950
3481
58906
3806
4702
14256
46786
1890
1474
43585
12840
54679
1426
2646
2388
92521
10019
16062
3572
825
85117
2579
5656
4504
2542
2839
28941
5319
16590
46755
21858
3955
3015
13489
9908
1957
43504
3572
4748
2124
3738
4224
76669
55901
28898
2718
26957
1925
5542
1309
12932
2434
3160
6244
4130
34373
4974
3425
4817
2972
12185
3736
57751
2719
14247
3849
1343
6868
2522
2128
3659
4578
49165
1935
5160
3213
3386
4361
3395
22094
4609
1839
92147
16735
58165
67062
21101
24671
3685
3503
3235
12601
23577
3357
23561
2536
3529
6671
101137
3716
5599
77740
3439
1907
3724
73936
3549
110713
3800
5879
14203
2882
1346
3228
3014
69635
56730
5158
18517
3886
4382
3258
2875
1267
19889
2766
2559
4625
51151
127009
4535
3354
3461
3859
183035
5544
4257
13375
2652
1647
3408
8057
3554
29522
6758
30689
4407
3039
42653
3530
2892
3658
44286
2906
1945
5828
2883
4554
4390
15195
10100
3250
3455
5347
3207
32111
1867
3254
1857
3087
3703
4029
4149
4456
43788
1569
3763
4958
1510
4505
17736
49313
1629
42739
4213
63364
3554
22608
20928
2982
1571
5120
3466
61244
4411
3634
3755
1343
4995
63885
3917
38986
3390
1850
21030
3163
4150
6804
46937
4946
3856
52732
3087
13938
4725
3216
2745
1691
36869
34655
20096
25727
1765
3510
6146
1957
2520
1986
3910
156321
2334
3774
2777
953
1759
1938
1153
3773
1233
4072
29241
130682
5881
2742
32852
1306
8128
3196
43192
4028
5353
3875
2179
2881
5318
2427
3082
77803
16714
3645
3197
75647
3985
12358
45668
6756
1998
5219
2139
3920
85114
2253
5466
7636
4091
36746
4017
52151
4630
4750
113460
4808
2693
4384
6373
3775
3525
3414
20827
4505
50387
25442
2552
15793
2097
1766
3318
3004
42348
6292
32538
2329
3107
2420
72150
3799
3629
4955
2911
15761
1559
4565
2864
218171
2612
3740
3807
12633
18919
27725
1891
2624
4325
5517
1779
5142
2705
5486
1972
2991
3259
22795
4339
7718
4820
3597
2689
3491
3067
3269
3707
3000
2836
2135
2013
26304
2471
4301
31458
11103
148503
15523
2361
3051
1969
2757
4353
2471
22243
3034
10188
68151
2771
11724
3338
1332
81184
2650
4664
1897
5336
3819
55492
27840
2345
1466
2188
4139
2733
4956
19848
3197
28841
2447
4095
60198
3402
2448
14552
1512
2753
84244
4199
20053
1297
45091
3702
3421
2520
3934
2466
3530
42190
2339
4420
4250
3810
38097
16021
2059
6187
12633
3059
3974
3846
4046
2429
4477
145198
3730
5778
3536
2868
2069
14291
2724
7282
3415
2980
3366
2521
4766
2216
3641
30983
32308
25391
2999
5751
3310
12592
891
65116
1240
3595
15373
1320
2623
101405
2382
3501
2275
4171
2746
3098
4974
3208
7218
1382
2863
25898
3195
29600
18365
3242
4441
4384
2374
4079
4936
2928
1503
4553
15617
4106
1689
4407
2744
2476
5499
14387
1906
4365
38834
50273
3993
4400
4845
47937
3119
190089
4577
10596
34367
3583
1525
6589
1450
59309
2942
3720
4146
64741
98728
21344
22725
2690
2231
29338
2576
3372
47396
1766
2875
64586
2992
2255
3271
99609
3686
1350
68183
7465
7313
3240
3332
2793
1831
37898
35448
172730
4644
2392
2979
3572
1526
43244
3499
5037
64430
5148
16901
5080
2122
2145
3124
17151
48474
3469
79181
3939
1361
5485
2595
4973
49686
4883
2522
3799
68519
951
17749
3294
117059
2387
2371
867
5706
7341
3832
4172
10492
4187
86543
5133
3457
63982
3845
2420
1683
2262
9075
11774
4798
12000
1857
4976
36739
35967
3833
74342
2624
37539
5660
2771
4340
37010
6775
7991
47158
36364
910
5034
4757
2250
33488
2594
4817
2393
3046
4047
3398
1799
41844
61864
2777
1006
3627
50002
2429
53262
3497
30122
3348
2813
41256
3709
4961
1278
2698
11449
8735
19288
1844
24575
3571
11388
4128
3538
87867
10750
3387
6148
4943
25707
2234
3108
1894
2086
2810
2632
4824
96255
18829
146434
4710
12460
3522
1374
2807
1700
1960
49989
4265
7156
2173
2360
23604
4445
2834
6095
23858
110695
2968
4736
3906
41289
4662
5370
52845
3905
1513
2827
102704
3194
3525
4652
2763
1591
14831
4066
2854
2967
75001
4366
2106
6965
4887
5949
16088
3871
4904
3181
2574
27326
6665
2517
66162
5360
3759
47680
1690
1489
2416
2844
6679
3672
1152
4121
84332
98827
78494
94499
71153
2193
3928
2648
4826
1870
3779
4843
2270
6155
2406
4987
42135
11072
3437
2428
3813
10049
2333
3834
4892
4057
2797
65045
4058
83152
37457
2349
3009
3080
3510
4684
3946
5044
2048
48084
22158
3008
2669
5136
112649
1152
3176
2423
4101
72506
6678
101893
5308
1186
3994
1224
16688
19686
106569
2872
18303
26354
4788
37770
3462
4367
3830
5126
4496
4391
33564
33299
83143
3327
3373
62208
736
6678
3545
3484
1742
62810
3818
3975
6407
4555
52779
3632
62185
2754
5235
3204
1827
3055
94575
5680
45163
103541
17682
3998
2853
5348
5047
2270
9520
1057
1873
3547
4523
4253
1675
1221
28613
3384
2120
21557
2991
4986
4612
78312
171598
1454
2947
37867
1977
55308
36389
3739
2747
14295
79011
5409
1259
50390
2990
12564
6093
5619
5431
33334
71300
4553
4148
4155
2699
84556
3760
21058
5616
14282
4077
3269
2669
5832
4191
2431
3813
3882
1775
3022
28412
5072
2713
22572
4197
4975
1888
3660
2219
65251
4464
4414
41843
36127
56786
3080
2531
2856
28129
1724
25600
18280
4242
3349
23155
18264
3430
2692
33559
1162
32386
4833
3983
3666
3537
1928
4297
4609
9756
4690
2258
3092
2054
4225
3621
6127
7177
2297
4045
11137
2058
2151
3344
69133
3938
4801
6548
3774
3892
25851
4250
3042
1906
2528
58286
4062
30810
5134
74754
4247
3116
2010
4031
2461
3376
4985
40244
15548
13043
4167
2439
4996
3821
33862
5393
44930
4518
3740
31207
3916
2890
3179
2843
23290
26901
2527
4119
3207
2508
3009
3212
2874
4247
3649
2802
31628
3797
6062
3684
2504
8911
15560
3306
21877
4518
6782
3815
3624
4153
1747
98323
10055
6300
3661
2061
1516
4951
1746
1533
3359
4722
3058
3881
1582
4938
20963
2494
3086
15965
52551
2477
2883
33796
2059
16195
54636
1908
4063
2848
943
2748
3915
3721
159319
2818
22684
19342
5670
2857
2098
11521
41952
18774
2771
5105
3064
60718
26811
4586
19704
1970
4731
14241
3455
3851
4418
859
83061
1941
173925
4406
35308
4602
17816
6241
1269
1870
80647
2121
5529
6747
35605
3115
33393
11242
2168
95471
1607
2006
3509
4016
2281
79943
60577
75549
22695
2571
6398
38854
50214
23757
2636
4810
5040
2352
58179
2959
30286
4961
1825
2825
38094
12169
46938
19226
4505
4744
3515
1698
3797
57188
2338
3720
2971
9702
5452
28024
8805
3128
3506
3392
7380
5038
3653
3371
19473
80165
4900
2922
2239
8381
35995
5127
9135
4472
5452
19139
2196
25966
3091
4146
40596
2942
4997
5819
4849
2367
4088
3172
2415
4477
31987
78762
2794
1370
1032
3448
1661
1690
45470
3928
2430
2989
2782
1329
3408
4579
4051
29985
45301
3747
24956
4627
3315
86454
1022
3077
2459
34627
51001
4096
105722
6225
4156
2189
3723
933
45090
43783
34678
155459
1426
43675
3357
4559
3165
4268
3889
53987
2420
2010
3439
17805
4631
5049
47981
42987
5118
82517
4997
79309
2543
4101
3264
2727
1859
4421
28654
46609
4447
2732
6985
2963
2996
20634
2986
1464
27485
29454
2394
3810
2349
2710
3160
2604
35077
2697
13238
4098
3372
2072
2342
2586
2908
74133
1171
56720
80563
2568
43036
48694
4456
1369
3155
4592
2719
2919
3521
41494
1867
14001
8669
4149
59512
3772
4150
22443
2252
3903
9716
3829
142667
9583
4099
39028
4468
5057
35986
3755
2904
3274
1881
40374
3340
60574
2248
6483
4389
3299
30304
8282
31531
1338
4142
5522
3785
3201
64870
24275
220613
19530
13504
58072
29485
55690
30026
16102
118279
37271
1788
47513
2872
14131
65340
102426
2280
5754
28602
2420
2270
128363
4321
3865
20339
3619
2381
1498
20218
2125
3374
4219
4403
19489
4087
3620
5406
4946
3662
2032
5947
1863
3850
4397
6557
2771
1979
4676
2841
51063
2850
24366
6084
27527
180804
4650
5398
3721
4562
2148
3153
5270
4329
26557
26937
3932
4058
924
4613
4374
2427
4745
4625
3913
3719
1542
3235
99948
3730
19337
3517
2387
3456
2543
4535
5114
3397
3113
3302
10982
1758
11372
2239
38689
4283
47473
3695
3372
4617
15504
4088
4348
2784
24993
3655
3446
4469
2468
3828
22826
33596
3011
122304
6160
39983
3972
1356
5996
4563
4806
18415
4265
5479
2672
1513
85410
3503
2584
8626
24021
73155
4084
1996
23461
1136
3243
4407
50747
85806
2570
2728
1836
2910
5323
112789
1354
2870
9163
43122
3940
3763
97411
25188
3221
2006
1594
18439
13889
3174
2391
1502
2637
1255
2563
3078
13479
1297
4719
38808
4269
79218
25819
43035
98350
1286
22958
2123
2894
40327
7835
94568
10251
3323
9155
3464
2538
2895
1542
2396
8907
4475
3521
1402
106016
36374
3474
35576
4403
5429
2801
2810
3856
1371
2634
3866
3571
5424
3659
1260
5136
3600
4065
4528
4620
4708
4193
121095
4716
39207
5510
1244
5936
3233
2416
2265
3948
2433
3285
4201
5077
1525
4319
17230
21349
1731
3622
1815
33267
2422
5353
19070
4749
4465
3178
4088
17235
2022
2276
4968
62202
4776
79984
2425
2669
1511
5008
1852
187029
60641
2070
3001
2350
5024
7358
2587
53214
14084
5620
3658
5079
2342
4745
2755
111396
3173
67990
31746
66431
4369
97740
10269
5591
2549
2300
86490
90627
7550
1717
20058
1034
2555
4681
72214
5459
5719
3909
34989
3154
4791
92223
1574
5409
1643
2531
2140
45574
4078
3234
6370
3278
22527
59279
29638
3511
4224
120228
3503
38430
14438
3472
3379
4869
2555
3049
2229
5071
62570
2386
3353
4080
3415
4064
81076
3422
42017
26268
1842
3805
4402
3550
39630
3193
3574
5465
4262
3424
3763
69689
22246
18541
29192
1592
4635
56329
12890
57407
2164
2128
14980
4078
3527
5707
1701
1974
28375
92420
3769
1551
3245
7810
2936
2405
4248
3311
43129
4162
23287
21746
1341
4933
3943
47241
7153
27629
1091
2613
2368
5576
2638
7135
2657
2918
36753
50418
33568
2131
3695
6738
2680
97764
119565
20168
3212
42525
4447
45788
6245
1077
52579
19322
4374
31261
48817
3180
3850
981
2874
40994
3188
3634
1469
13478
4016
1287
2533
51451
3696
8088
3087
3973
81522
3496
20921
3793
4044
1401
1526
3644
225751
2722
4381
1993
3888
23686
38391
2436
1469
17220
4670
16617
1615
1193
17767
85255
4569
2912
3963
3703
4446
3663
45729
49483
4958
1620
1248
1676
2482
65905
3012
4731
4921
4175
2578
4064
2007
30259
3349
76404
2589
4156
6236
6594
52045
3805
3617
35367
2583
3763
28169
2258
1595
3754
3483
6714
2323
9496
5044
1439
1489
1984
73566
4893
1786
4758
38596
3388
4028
4716
4734
1680
3144
43457
9209
24903
84587
1447
2446
249389
4632
3177
1988
41795
11832
3609
4934
2788
2971
34529
12873
3263
55597
2842
3275
42197
6037
3539
1500
3407
13354
3995
4519
18196
3053
2869
2643
93208
2346
3538
2270
3552
19326
92420
58314
3496
3182
4832
4862
4012
3650
96925
12056
2587
8996
1961
81401
38780
1878
29523
78162
30109
2554
3542
2905
1479
16674
3679
3757
4123
4336
11852
13993
3334
3868
18032
1963
14514
2479
1838
4229
5397
61519
2087
3447
34585
5108
1531
3585
2588
6504
27125
1277
81278
5097
4400
41868
3332
3422
56413
2216
2877
12426
82989
4264
23489
3627
2588
2272
4422
86272
4231
16176
3507
135850
4383
2422
5634
3951
16224
28394
3710
4011
5941
2195
3224
53110
65202
2690
44380
1304
58172
101908
9447
2413
5336
2662
3634
34110
1707
13597
3816
3144
5762
4716
14839
1486
39783
3003
5112
19730
3559
4166
3774
1873
3469
61653
38186
2941
3019
3069
48957
2305
4018
87476
3829
3569
3174
65063
7209
4678
2681
62315
87201
14092
2099
3070
4589
3911
32543
7197
3517
3215
4823
21008
42426
61768
2972
3778
2730
3982
2848
3411
3818
3203
3680
35197
30317
2534
2179
2043
4272
3218
3753
1933
3875
7072
104349
2978
4141
4175
27803
4583
76894
2430
4949
13312
4323
2184
5227
3378
3153
60887
18210
19282
3198
2676
6632
4094
5478
4332
2636
36324
35194
11669
3406
2902
1466
2409
2847
3832
11391
3405
14178
3099
18771
4083
101718
4754
1994
809
3175
3585
43087
3868
4461
5191
4134
11147
2502
22662
4005
2302
2230
6102
2541
5344
5164
175093
90239
2583
5711
3523
65053
12809
3335
157346
4028
6334
31685
2316
2845
4179
2731
2842
99282
3528
3861
3712
19932
3055
46758
3793
4796
3191
2676
40451
4523
14355
3410
4138
6259
55286
1687
14473
2145
2039
59798
7036
2160
2213
1406
5385
39972
21392
29741
27672
4443
2607
2215
2968
2418
7230
84263
1572
23736
3545
3038
5200
28880
12490
23907
2761
6697
46812
2318
3478
3834
3681
2999
43469
25838
3863
25384
135177
3545
1585
3476
59388
6589
19746
4546
3946
48811
5281
3449
4599
41707
2794
38305
3534
1987
2929
3391
31269
4872
2355
4403
3254
3136
8131
2888
5364
48823
2157
70836
2930
3904
42399
1293
16684
52196
60394
4242
3056
53992
4150
3533
11824
3658
2424
1669
2126
1816
2464
5058
3887
14304
4431
1961
3659
4151
4593
55355
2395
4046
4019
34134
3263
54949
6153
31110
3239
51050
31552
6500
52521
27146
15998
2075
10242
5492
3138
3730
2821
22302
3380
2495
57737
16598
1345
5333
5188
29847
40399
4379
55725
4351
3038
3625
5392
133852
5277
4250
2628
2930
4530
4588
3780
2619
2209
83087
3973
5057
2187
61855
82419
68162
48945
5268
3192
2658
2248
1821
101914
3476
1315
25087
3810
18825
4356
3246
87348
3593
13292
3862
4478
4342
10320
3270
5870
3737
4833
5472
4716
1726
3720
4291
37005
3176
48369
1952
28728
2530
3011
23931
3162
61234
1519
4054
21501
44119
1047
4757
7565
3837
17556
21258
1463
2324
1154
26379
3214
34246
20847
4435
3421
81805
3406
3100
6519
176089
4197
20450
3690
32446
63831
1367
4226
1991
2988
5296
2157
2038
3335
1730
2939
21288
4333
32155
1735
3281
3509
1738
4443
2632
1907
2661
1614
1580
62182
18560
2597
2743
1693
9357
38426
85283
26338
2896
15073
2151
122451
3123
4224
2832
1517
79637
2552
3837
4483
2912
10162
26335
2878
2496
2678
3259
48388
3716
3329
5537
4874
6255
57563
2508
2042
25546
2805
91664
3426
2962
3970
16967
15306
3887
9868
12533
2980
49419
3436
3612
3874
4003
6038
1058
39770
50799
2962
13068
30485
3114
23905
4345
8770
3874
2668
2938
1826
3022
3658
2096
4069
2401
3830
4456
4491
3621
1280
2302
2689
6016
2061
4970
1602
77509
3837
2231
4035
3604
2775
2365
67826
24091
126646
