5759
46456
178647
10330
4706
23630
30796
216479
3736
69097
4086
4213
36673
71463
4037
7704
8003
22442
7991
112937
75187
3130
83310
5169
5708
5328
125573
44472
7652
6390
111723
3943
5213
61538
46041
5713
5058
76616
6159
11173
7844
4069
8704
1284
6317
5952
7831
17684
5208
8435
6053
4133
251569
7909
3794
8773
8463
3339
4602
80067
8613
4722
33594
102764
5349
5156
5703
3914
130621
48025
120416
79172
4499
6567
23412
7259
5541
5813
4262
3110
5177
81081
3769
5292
5501
3947
37235
166057
381611
26926
5613
3811
4439
7750
6909
66448
5539
4893
5293
4958
6602
104748
12221
4655
5075
4109
4328
17143
4821
3194
3593
8683
3558
58766
105980
4751
6735
1801
6229
8167
266861
2521
4814
1656
64634
3640
8081
1915
5930
18973
1361
23214
19389
8849
34755
14241
5650
7931
6990
7260
6212
181443
265348
5464
5190
8586
4386
126986
42976
54460
235066
4796
3126
6229
4447
48544
119998
6643
6532
14115
49874
4104
5645
3805
36260
5140
5788
6547
27954
104277
7832
2958
5708
29045
7993
22231
6050
13729
10540
4620
7467
48472
4608
2212
7178
3696
31592
50850
5885
7813
78896
11135
4607
74165
19374
3464
4665
48567
25627
6035
8563
5278
31481
2975
5644
3100
2532
4117
4782
63345
5081
5811
5782
12025
145548
8003
9008
4548
7751
3179
21564
6565
52815
7371
6143
5037
8078
8450
6928
2809
8200
116481
3801
182111
47200
7159
7354
1065
87703
159683
25090
2891
11612
26217
9729
6760
26623
6160
8367
57354
4839
19416
6342
97037
45000
7427
4106
3450
8112
119770
9477
46317
12346
3078
3162
3362
122932
5932
3422
2478
6350
3356
3885
19364
95300
4867
6078
3714
5046
7060
233672
128105
4876
2743
4077
12764
3321
6338
8408
5683
9445
7548
83791
7659
44838
64986
26755
51542
3057
50958
5178
85912
4319
1748
7107
70964
105577
5820
111068
5924
71314
2907
4759
47103
3042
6850
3736
11800
1995
5667
364631
4653
4968
5471
4410
4192
3945
103480
5854
6686
47543
6735
4611
8455
3769
6568
6030
9553
1758
3308
6960
6622
3103
5609
3464
8387
11950
7503
137389
8180
3776
6549
21845
146513
30672
2266
1759
4403
9399
5930
176196
3461
4922
40123
5637
62410
7760
68391
5166
9178
4712
3222
3311
8451
18691
2896
5059
5194
3448
6153
31634
4000
5435
7162
9079
6205
30082
7295
21202
12673
6023
156418
3103
4616
4636
6865
9099
6495
5786
7132
6459
5398
11906
9744
4041
18855
5605
4586
93847
98599
11194
6369
115544
7294
6122
5489
8397
9173
8230
8692
3371
4193
135199
5248
3294
4083
74313
3216
8309
66373
3186
42638
5842
30426
44721
112958
91275
3021
8625
5462
9409
6244
5773
4783
57141
6340
11271
3385
51903
9143
3674
6458
165064
20608
5257
7598
1549
8954
34455
6008
3308
7937
7073
3528
5081
6172
3556
3742
4787
6314
2569
4939
6103
78485
50150
7100
7185
11285
7304
7214
132949
7643
3522
2154
5629
14497
5582
7866
2357
2156
5185
26915
41411
7568
7518
25839
4253
50840
83330
71163
6840
4137
6117
30344
7196
6766
5776
12519
37267
4790
7917
20594
5305
3625
4162
9327
13487
5410
3908
5271
7622
9738
67991
9847
160893
93600
4829
5524
5085
6037
23384
6148
55224
6413
4595
7327
126588
5990
6483
380990
3324
5093
9284
4804
14156
3667
6452
109927
93670
7461
5526
7257
7094
6036
2119
5821
7633
5529
39734
281290
4686
21395
17153
3247
7763
6043
9111
8501
12563
5479
5296
6352
4364
43559
8259
50446
9805
6741
6752
3576
6785
7277
4827
3529
82836
7687
38328
6862
5415
3746
7291
4751
5327
3594
8098
3852
4622
23681
10680
8515
7173
3824
69131
5206
23725
4734
6311
8784
7021
8816
8935
3319
57740
8071
8110
5616
24230
319363
6789
3500
157539
6611
4628
105250
30015
5786
80682
6839
8568
2732
6657
101613
7172
24725
7312
8699
6178
2485
99263
5438
7270
4635
7370
5283
5312
4358
23307
88226
20457
5368
5634
108600
3474
2559
6184
8643
106812
7016
116750
110567
7736
7115
6671
4343
2574
63830
10792
6028
37860
64783
9496
3802
3858
58554
8308
25029
6089
3470
39650
9397
72595
5780
31526
3932
4531
5453
90050
6602
161135
5672
2919
101874
313045
49457
3195
2221
5911
6847
4033
5399
4593
23676
10010
8578
1553
1569
6576
7575
1201
7052
3382
7938
4210
6904
8112
27117
9680
4633
6360
5060
3432
7171
4340
6702
44937
57649
7088
4570
5067
11400
4751
7224
5455
10488
18232
2746
6758
4236
8727
6453
4813
3105
207652
1893
59277
1927
7127
6856
89924
2254
7219
7401
4596
2782
5280
6240
55206
5618
4911
164568
5698
9808
9207
7048
96488
5088
26342
3004
3524
193638
59095
5658
3581
180057
68873
4747
61263
81901
6912
5903
5270
7714
6140
4710
2887
8856
6779
80903
7885
4293
3875
14600
4009
4838
87488
65728
7327
70840
2871
4258
3937
6833
30749
4729
1868
10585
5866
6859
2904
4243
5765
5145
31246
90808
5875
406589
4689
91313
34995
40785
4415
7519
294540
6130
7018
7697
6077
8437
20228
3931
20872
92533
5646
41734
1614
25142
6395
9097
5673
3707
89515
171175
6691
1796
7142
43520
1477
4292
6484
4540
114138
170075
7536
41972
20734
8181
59838
94721
8010
67899
3999
50342
11280
111815
6446
121266
1832
4273
7211
3201
6901
23119
5734
8817
133293
98155
243164
97711
5233
5693
11887
3660
26296
6315
37841
8093
291809
4655
59133
61182
46111
70660
112311
8340
280764
5225
3894
43432
6372
3919
3664
89315
4655
5092
86885
143169
8389
3148
21565
17861
7875
6130
214679
9968
4824
7496
155579
7896
7009
8735
6070
11495
2768
62980
5189
62899
5970
6378
5006
23135
4197
3076
5035
185790
5540
9154
110734
52353
54966
211643
2382
6817
6051
1435
4422
7419
5384
37745
7031
7628
294444
8024
6236
5700
9051
4355
135578
7562
2211
3692
2321
1998
22447
4931
4625
7273
63576
5379
9516
11551
6760
2899
72722
2754
3990
5678
7557
7275
3950
25895
2598
23302
7682
3164
5010
6970
338460
6218
4613
5421
4864
5019
8010
9297
4708
3442
6998
5911
5454
8200
2704
4592
7130
3198
4005
36188
6832
7088
27302
7887
4731
143093
363329
35320
5118
13765
8005
6060
42477
82727
10061
25149
53778
7102
101802
21734
2501
9359
7749
6522
3095
7326
31754
5334
8348
6662
3469
6946
4675
37302
76555
3348
30054
9634
5264
6749
3754
20700
3971
92797
7831
4350
9197
8569
14567
12172
6604
2945
52973
9828
79962
3997
7646
6816
3643
126820
67179
1894
7688
3729
97373
8157
203705
34232
5099
68504
7748
8786
5665
6329
3376
3382
161092
374537
6700
77711
4757
4941
5348
8107
5758
3520
73229
7342
60180
3981
9357
50658
2637
170197
266713
4326
20161
3036
28085
10506
141669
5897
5978
2615
3411
101646
66223
13979
125465
4874
5717
6801
159973
5425
3550
3787
1587
233551
25116
2204
7586
6143
3935
278640
7907
2109
8334
322029
3338
6262
7006
7192
9003
62727
7551
3150
52701
4354
5978
17222
114543
206345
59637
69021
8069
5012
4625
5810
11680
43700
6577
7723
5636
79806
7073
6000
7640
6724
6011
8488
74378
5739
1671
67155
440920
6447
6229
284007
5462
4383
103655
16130
8167
5718
6062
39863
7171
7970
19722
39275
3858
6567
4104
5215
3513
7605
4080
9283
4935
6253
7876
5726
7381
22324
156668
7137
4506
6685
19476
4795
84373
3899
3450
8725
57417
6509
50385
9272
5133
6697
7700
201918
58514
7934
11967
4054
18187
8089
2439
1328
6197
6164
93779
71982
5107
10471
5603
104156
3802
33000
27362
67166
37888
42620
6786
7308
4236
5226
48815
3243
4023
5858
6331
8206
57535
79910
67756
4165
2236
94303
3470
116759
88535
2354
154954
4517
11100
151043
6824
6437
7493
3568
91526
125202
4711
3598
33674
3912
4596
48393
62585
5536
2963
3701
2759
2864
3821
167426
25754
5818
74241
38303
145212
4436
1614
5063
9833
62154
10460
4966
3273
6614
42992
46812
7558
7371
5387
2719
16506
5598
130293
6131
22317
96073
44286
55843
24044
102061
7683
87503
6789
6961
7221
3483
5060
6483
147185
140443
159147
31422
62558
8820
7845
7444
6773
3975
84955
24663
27657
221800
14837
132496
9983
5430
85991
175373
5637
8702
5742
2891
10091
8487
2392
22242
6144
22024
10059
53237
9097
19458
59116
58898
7289
58965
24834
7170
7763
4770
6590
108497
90412
7728
8727
7729
5344
4387
7877
7142
2516
7837
9328
5138
43660
7033
14917
4453
8277
4073
5987
4029
4948
3447
49251
7312
7093
5814
65533
66215
5078
133833
3853
2846
16716
3012
45903
140603
6092
2507
139584
7184
61321
5509
8004
7502
5487
5414
4959
5355
5731
26365
7689
5876
4616
4409
6169
4514
6715
5359
5824
8407
3525
2578
5298
82807
67085
6013
5324
2598
97187
5790
2895
5705
6440
7261
6731
4847
5867
25628
7348
4762
2582
8933
4639
5745
31224
9672
9918
8550
6628
2704
12308
1597
2214
91486
52826
5177
9511
77769
9440
7346
6841
7108
6230
5740
7050
1117
53340
19312
4718
3845
29752
6384
490623
6110
5418
5285
4586
3405
75473
4890
206333
3950
8058
4728
2620
4598
8484
5449
3448
3967
4019
8966
2774
131099
40200
133973
3845
6561
9812
4954
6758
59938
2236
126570
100683
6571
109739
2423
19295
3069
5089
4437
6403
21787
6065
7994
2617
5335
67693
6369
16713
74372
9902
58659
3578
15093
4567
15721
64369
4021
6219
7401
4019
7748
2787
17889
254427
7426
37588
5770
105846
9842
119994
122754
25324
9063
99929
2969
58107
6201
4376
187991
7194
18333
4875
29013
149846
150273
48134
5138
36900
7043
1657
6092
6465
16011
3386
5472
52313
6619
3282
223774
21758
109780
6857
134348
5420
5611
56428
7699
2672
4050
7513
5283
3236
46769
5235
4497
185760
6823
7328
3580
6223
118279
2397
8155
19191
33338
90980
4522
2611
4966
4442
6650
4072
9300
107252
37132
4208
3917
70482
36281
9921
5268
55908
4250
5649
12859
4393
5918
10453
5494
214566
4922
4882
62879
8366
55141
158910
19135
2162
7219
5658
7151
4477
14604
7496
8635
115075
4676
4201
45619
6146
4811
3984
2846
4417
3099
3183
2848
8800
73642
4227
5722
4487
77168
6056
38995
94722
8543
79875
4049
24009
4214
38958
5340
277940
8845
100460
141269
6060
41277
3974
3271
24488
4419
5572
2423
66161
63868
3963
46121
31551
10123
5954
6815
183224
79083
6157
6283
4182
127789
8443
6419
2929
97595
6717
160365
3201
147019
4962
24534
6477
71844
3409
27529
6377
3034
5634
12068
30729
6452
6616
4714
53759
7397
7912
2569
8435
6612
7872
5457
65398
7265
8206
7486
87338
63400
227205
63396
258408
6084
3693
23347
106327
84179
5786
31735
8756
141722
5116
4266
5141
1998
8309
6350
5417
22571
4112
11867
8287
51566
232540
6025
2305
4996
5919
3532
203544
7932
4847
3709
38523
4074
6260
6709
9624
182146
3943
7797
4332
2780
6571
5207
64954
3090
53625
4650
6194
4495
67525
7939
51244
32768
29259
5620
60094
8233
29048
8614
39355
4739
72259
5619
8148
5277
130570
5038
5765
24082
11310
8014
7693
6380
239945
96220
84103
4701
72247
1858
4363
5958
77994
7058
5854
56785
8215
6031
11729
4902
10296
33313
12287
6238
74051
204165
3822
3633
4899
6208
2798
4056
4767
6519
63516
2960
4826
11192
100461
8143
28180
103326
193127
8270
4015
208353
4195
7020
7003
6909
9503
5658
7132
4987
10049
8882
49047
7066
8153
26541
5193
7046
104048
131723
4624
448331
2164
86644
5583
13457
7326
140287
259422
4345
12068
8412
3609
4991
8800
2863
2544
5165
4397
4582
6434
13816
8624
5565
4890
28906
5158
4211
31886
23992
66260
3947
6343
6536
4645
5567
4725
6258
5748
7616
7424
125361
92623
3363
8845
124960
4088
4652
66454
7431
6571
6376
43990
451992
2350
3546
54629
2970
4321
6559
7430
5485
5593
3113
6541
5746
90959
3764
6146
7951
23178
11288
3660
5043
2219
65629
2137
9456
6298
8262
87423
6501
100260
50282
3402
3313
4307
6478
6223
6325
8912
18351
6821
34541
7022
7624
42252
27816
2423
6002
6289
112038
20467
7564
2333
9339
7362
79329
2859
5478
8009
7861
4385
2460
208544
173881
2635
3997
46147
10591
7894
4449
417228
240203
2632
3298
7027
20623
6854
25318
67108
28515
5023
1770
6648
3573
3515
7872
51219
1858
5656
47575
10449
7601
6706
6201
6462
20857
3122
12191
7656
6096
4364
16605
4499
5314
5035
68277
13913
2468
62171
6216
10629
8330
41691
8926
3468
40088
2479
2808
196205
242889
88800
4381
9804
4630
40559
1778
3083
3889
6414
4372
3828
5105
4732
34873
294309
80511
86815
3218
6820
6839
5986
9491
79217
6127
41896
6396
4789
81376
3845
40938
8028
8226
68993
110066
50742
79595
80809
7537
5565
2708
5371
7386
102447
9855
2446
12217
64292
5687
9125
3195
6943
2685
5981
5520
4434
2330
3397
4682
4892
9418
107842
4505
7731
2450
4903
23177
4996
11370
32504
10325
9345
21837
3746
137453
6665
6976
189180
3909
4272
7734
6017
25432
5366
4729
63504
4552
7007
8796
3601
67755
62952
4117
17209
204119
28061
7306
2429
29722
21095
7887
64413
4410
226048
6178
8785
5361
24620
7313
12773
3200
3555
3937
6353
62373
5356
38461
2941
55999
46515
6763
6200
6591
92685
139027
7636
3551
2504
228758
8180
2430
3946
4233
8370
5493
2069
7266
6555
4061
9087
40046
16184
8375
5101
3337
4586
246320
54349
4161
5244
5541
5925
98825
44172
5613
16078
9462
6754
4162
3750
7082
2685
2946
8360
6726
5933
4528
4617
5350
6161
2401
8886
2765
7261
119129
40949
8822
70041
107986
4765
4112
4735
2998
3732
83523
1588
54677
4637
57262
5929
5052
3324
5129
65505
3908
8326
28375
20907
5690
150444
1675
6910
36925
7867
6633
5971
27496
105360
3121
95748
5893
4112
2748
4359
6076
40659
28645
7451
2704
77386
175759
99451
29585
10503
29537
133026
5468
4459
10987
8431
91624
4034
6577
63167
31313
5262
7368
4522
6449
7039
5452
6263
8492
6176
2044
8998
5269
5798
5024
5209
5347
7576
122812
5446
42135
2357
162396
6963
7548
7376
6825
2912
65438
2108
5837
8847
7200
4460
47847
6275
6024
3546
2078
3679
6712
6499
16824
29398
6163
5369
124442
12688
2123
78297
42225
7432
7371
185120
69832
3912
76849
96525
7017
4775
4476
9470
36902
7484
4719
7522
2752
6247
17393
10551
3013
132983
22077
101030
20770
6590
4971
6379
1597
14981
7272
6272
8363
4978
33041
8714
7162
34060
5717
6921
25473
131940
5831
46262
133571
4166
98316
267672
3335
7739
4785
8406
3533
5328
5199
2697
8028
67890
8139
3406
4987
8994
6610
9593
3769
12015
5788
5230
15220
2918
5209
50148
5778
69787
3438
5792
22666
147335
6416
6792
181388
3472
6081
5850
27302
6326
6737
73744
5692
7532
2321
2076
140032
63389
139137
6812
8340
27162
1849
5584
6814
9143
5007
7536
24264
4780
4551
3979
8914
6744
7278
6973
72748
150221
6801
6006
105748
25157
5697
5386
2875
9099
4993
6714
352128
352719
45724
25804
5868
71490
6047
6185
7704
8133
66447
3876
6302
51271
11074
4623
6444
4448
21000
6011
3237
4144
4206
7841
13997
15567
4017
123802
2975
5922
6017
8041
5592
8986
49167
1941
4720
8337
4961
3472
58294
8087
5021
3884
5891
4457
2995
3469
7449
3569
8428
9124
6634
35065
6210
7083
12925
5097
8086
43493
86304
72844
90836
8664
22643
7180
4204
6605
92949
3694
1741
52161
10506
6434
6664
202128
180119
3886
6230
8145
3375
4740
58115
5037
6572
3715
33889
5387
2862
25693
65325
5738
4377
5002
57812
3423
105339
25259
6601
8852
7823
74663
4309
6385
169240
4272
5811
6593
71287
6234
65502
8859
15411
53731
10553
38885
20065
117259
9318
6328
5532
67671
153490
14255
37537
8495
5870
6482
7090
65311
33016
35611
2730
5200
96694
8162
5173
26900
5657
6147
2984
88352
9989
5823
27576
5529
123789
13804
4249
2628
9792
213298
4274
61916
5312
2931
223567
7484
4296
65086
19479
33702
121216
9558
5486
9301
20122
6291
3645
66426
6545
38345
6494
58702
10295
92562
3674
6065
2069
14830
11002
1996
49471
87735
9907
9179
3139
229249
5497
6491
5879
240853
7142
98220
19755
13802
89571
5134
2086
45251
2594
5531
3836
2070
4102
137538
3679
25100
6967
3486
13589
4262
4478
31976
24360
3300
5613
4532
6079
8908
38096
4330
7398
3463
4689
7300
6813
30098
9539
4892
9011
42217
5587
7359
21834
7100
6820
4988
36887
186084
6880
4395
110863
3132
3971
6699
4059
2806
83334
6112
10181
4128
54312
34504
310232
9402
40673
5139
6505
5529
4693
156702
67993
4877
3135
6537
21590
17832
99380
131647
5650
108024
5429
4306
9783
55209
11939
6752
1232
63264
4824
5210
64092
1839
100368
10145
4926
39510
7247
36670
9801
7124
3324
9454
5714
136592
1492
1839
7113
5326
60013
104990
8580
1935
2303
16607
6217
7687
7702
5278
28080
7587
6629
5545
67584
97106
4771
5085
2569
61888
2772
9094
61497
50731
4552
45270
190186
4273
14536
5698
10229
4484
4704
5019
2751
89960
4456
25649
89688
7105
6057
2776
6577
46098
7030
1953
6088
6606
7184
34402
3380
3320
7020
78205
49049
69073
20758
3431
67554
20036
317571
1435
8695
185604
4349
6760
9543
5666
25841
53160
3895
4409
2807
6004
4707
5729
5677
5393
251160
8506
2032
87501
3583
3687
6454
7286
5437
3066
112671
125589
6343
6931
22525
26745
8303
41740
2796
4164
12954
4453
5032
3839
4271
100585
135571
4177
3286
69385
185329
6779
413511
21278
6906
4522
9038
4047
70621
7663
3461
4252
7600
37880
6896
92845
27424
5430
89807
246579
140539
3831
39882
1803
39330
5104
9767
8902
7387
3854
206999
42986
50983
3555
148754
7918
2966
2576
97216
141258
5902
5343
23938
5740
6441
7673
107506
3830
57545
6764
78902
113737
4968
9193
8767
5878
9844
15219
4072
47726
37601
177417
22811
5958
3129
85038
8447
9008
9280
28276
350753
4649
3850
5604
6445
5313
5966
4307
7150
65928
41449
89945
5074
3601
7396
3509
5165
3529
12156
32928
5376
74978
7151
5813
68780
3071
18532
6147
74131
6857
59579
9202
14543
7195
4360
4995
5729
2872
45223
3912
58671
7784
2949
5161
6491
8860
8343
2979
6073
2421
2217
61408
25291
7309
8680
39824
338838
6566
4696
5823
2873
123931
6202
43913
208969
54520
2487
73148
8303
3033
25832
22346
6289
2202
6810
64585
9679
3836
6719
5688
5085
32974
16225
6887
10350
5369
2030
28141
3014
7009
8833
141689
84263
3496
1737
47247
152666
308637
83323
44922
184357
42028
50808
1588
21027
186904
5144
222038
6271
4013
12256
73102
4654
5166
6222
8492
4266
5596
7969
68827
6756
7752
9475
296402
6049
5110
5135
9131
6354
5701
4271
11075
2313
7277
5245
7355
6903
6030
4331
130856
34938
130006
98676
4490
3597
13397
4944
3970
280023
279232
4733
3395
14878
5366
3596
225661
2183
2442
7270
2637
4756
4855
8820
6905
5179
6864
9077
2839
5424
2683
32447
7698
2229
7573
4628
4928
11326
38668
9087
7266
8086
41377
40633
6230
38371
53034
7088
117105
3601
2669
3955
9613
9289
6605
21695
83524
38631
6369
8347
333495
4384
3932
10258
6538
7655
2900
6313
4788
29970
3758
9524
10120
31586
5172
5810
5416
4674
5540
5862
39583
3142
5545
16769
5248
113328
6346
5251
6893
9543
7532
7968
6107
4318
7249
6995
7540
66715
1124
3815
6134
4164
5158
5117
3752
5712
3604
38061
6699
16941
38705
7203
5526
56242
6694
3834
104473
6520
1996
6730
182695
13242
7565
9689
7848
8053
4415
4655
18312
3197
7902
7965
16232
23268
34789
4069
4812
4047
5412
5590
4120
6096
7187
74810
193619
3541
1969
47720
44458
21823
5968
5277
148192
5040
5038
2274
5937
7288
6622
2395
10009
116581
46406
3202
4802
4154
6719
8537
107291
4340
113683
4717
8650
71027
8641
6041
7143
109433
4702
2024
32297
4568
36247
4304
10296
49960
2755
26108
6789
15866
4586
157348
5472
44892
28280
6516
8268
6482
31001
2232
39589
7097
2157
94208
5566
111728
6762
7838
4087
6046
2063
7960
238483
7219
3034
6437
105269
6853
6564
7199
5666
9520
2386
28646
4675
9916
5465
136396
219976
7674
5121
3109
197233
4123
177837
6147
8579
6079
3559
40500
22629
5144
8228
10663
27448
213433
5899
7730
2607
3985
157840
5557
85874
6277
152702
51245
9805
8733
1719
1982
58000
5475
6161
52924
430245
2923
4294
3749
40821
70400
7115
62827
5235
3970
4868
4182
5546
1858
7775
4690
5645
5286
4804
3052
7023
106685
7566
6467
57724
4797
5045
21912
5464
4955
9294
7611
1514
2277
39629
3050
315647
8912
6918
8074
92669
4894
2314
5211
7034
2202
7312
136469
6236
47712
5087
34197
5117
48437
99524
7182
127108
8779
7751
5258
24154
5207
2997
54761
144370
5506
4312
6839
8100
8348
4572
98041
71598
5488
5634
8692
6119
11308
3620
138388
2929
4197
20946
5950
7318
3804
8604
32675
6114
8033
5852
23284
5698
4014
9372
5885
5604
8119
2644
5254
435071
3827
2862
2354
4939
4506
102054
5096
9933
9047
5140
6223
6447
6920
2916
8507
3791
5820
4628
13927
64987
8324
5744
9810
7818
12900
2969
33741
7087
7703
235980
4102
2993
11605
6678
3333
4192
11321
16377
7580
76217
7547
5523
7530
4534
74362
7048
3734
3607
33151
12021
4482
137892
6830
4398
1728
4628
5428
60747
6728
1654
150310
4305
3202
22231
144347
38565
7460
59569
4870
4278
5617
46843
4976
8720
4914
5730
1837
5426
29461
33228
167308
7604
57479
5759
9236
4725
6944
3354
4580
5316
6529
3433
5148
5482
34419
11471
6837
9253
9977
5684
68412
4877
213242
5301
4500
38795
6899
1872
5107
73747
5559
9931
7010
3095
5347
7586
40598
9308
5264
5070
5965
36613
39678
5427
8777
27745
5818
44598
5337
4541
3739
133444
3766
7272
7233
3917
6179
3390
42820
31462
4175
28640
4158
37551
4086
2681
4404
67532
27094
4450
3640
43403
7317
6044
3454
59722
52039
7572
96308
54866
98996
6404
7966
22345
18136
12394
17980
92141
4907
6810
2508
6393
50424
8761
4650
122940
4196
175060
5637
6828
18088
5883
3620
5330
8776
35635
4802
9591
3930
4008
6666
5471
108681
8125
3961
3946
4933
5637
58909
5625
4033
5020
140334
5360
2318
5841
70419
5726
6420
3853
111561
4465
8708
38973
7377
5018
10212
6760
7754
19509
3980
48212
113195
2975
97264
5144
68630
2462
5901
127372
44295
64612
5047
110306
5310
10219
56428
48975
50301
7698
93494
25779
31209
6246
7984
7806
3338
3431
6848
7688
5756
4270
5646
3383
30477
6179
6968
88811
6440
4293
46753
41564
53254
4239
5444
61579
24470
7272
4574
4702
6897
39859
5208
8412
7729
5471
7477
8538
181184
7784
2715
134971
233746
55998
5354
6280
8981
5034
19038
61971
2387
7393
4991
7705
386698
7691
36388
5214
188917
4818
68407
2545
3962
25019
5568
16466
111642
182355
1872
6198
67597
5065
267917
13667
79849
14113
263608
5987
3049
18678
3697
5448
61426
6208
8061
20297
4350
7977
38008
221861
2937
4559
34273
4581
6289
7058
167990
3230
26089
5863
203446
2766
5643
160569
6025
22546
5688
6880
12096
4231
6531
119803
5063
3570
275746
8259
4873
3207
3086
125965
4011
6444
136807
5486
2123
9403
4183
7649
5023
3435
174176
3797
6342
5150
3462
7325
91728
6195
2743
35295
61369
7171
5657
25348
58451
2134
12341
5954
21411
4080
4560
9220
3585
3501
6216
3323
2189
5009
3508
6486
3815
8830
5793
79226
4182
5400
7925
3234
47665
5579
36869
60464
9963
18391
3455
4657
4948
6536
3811
3723
194126
6864
3819
90188
7192
7597
4343
4521
5464
5388
4778
5981
4616
5823
6386
8549
32147
6494
219701
3184
14569
49138
37225
187655
8283
7458
4418
1498
99969
31425
4503
96662
5519
2749
6491
78318
4595
4537
29509
4350
4604
4124
5877
5431
212993
7047
3335
5551
7297
7962
4502
4036
15755
3038
3484
25304
14245
75736
5094
24386
7813
4807
5299
7381
3278
6180
4251
7502
2010
6459
276920
2857
40791
9395
3875
5461
53472
8793
6327
126314
3488
7172
50039
9358
25261
6219
7332
4085
6580
9329
5751
4360
42546
3429
4430
5106
9942
4075
4324
4950
9478
7917
6294
223888
71603
75051
136575
7570
3365
5669
8034
57669
24553
111009
28729
4830
70652
7425
2904
27053
46795
9155
43623
4899
104815
5309
31343
6522
105454
6041
20729
66489
5347
7871
5332
109341
29507
5290
5001
43778
7453
64767
4559
5002
5897
198452
9831
8689
5284
4163
9263
9283
10345
120083
4875
7441
9445
175478
146265
11584
5202
6314
5271
5999
2993
3495
7480
2566
3087
1928
5217
6784
23549
3985
3130
101227
4386
2918
3860
7811
4726
8592
11425
8271
102245
8216
5439
4946
9403
43180
6173
7924
4758
34528
7469
95456
3412
104908
4443
148222
240306
6107
6035
11176
118640
115655
22126
7615
4203
7284
9466
6087
5436
34796
37840
85694
5537
6369
6759
77044
7664
46055
5306
26252
5682
35509
3621
6200
32682
2319
103674
193646
29316
20207
11565
194576
5754
4315
117027
7200
3367
68576
2745
5237
132645
7477
2239
14120
17842
10847
5150
9161
5162
106279
8210
74181
7072
233139
4231
69210
6873
238409
84847
3928
5397
33405
5754
4558
2798
16296
3388
2123
2623
7899
2959
2630
29557
3210
37724
61543
275311
5759
6622
7642
65280
2941
3911
5387
8637
5129
8878
35312
108077
2367
106895
52607
5246
5951
6478
11115
6918
6655
2370
185280
92924
149304
133577
8561
8341
10489
8057
36848
227884
11209
7599
6766
110378
4591
3824
5315
5874
8215
6250
20112
6277
7770
4682
3408
2420
4869
7293
53934
2299
6292
5342
4095
4578
5220
48797
5855
104702
7803
6360
3379
9437
228480
10900
5150
4919
5581
7558
48600
3284
50715
5678
69541
6681
20206
5718
5041
6890
28149
9744
4040
65968
80318
107228
6937
22544
6933
6920
6790
18123
5782
27986
42066
3037
10728
2993
109013
41219
6550
3927
23279
90093
23119
115602
151424
5435
5199
2928
55693
4215
22919
7352
8207
19976
7666
6029
4207
4480
4082
4079
3280
76264
8409
6330
8787
46982
6547
7246
5566
33210
120594
10151
8457
7880
5867
118172
27794
17361
2730
16142
127318
3120
4201
1271
11492
71528
7027
2500
8678
6522
1471
4807
15618
104107
7181
3661
20400
9324
4316
3971
3741
111892
5412
9037
53709
5479
3401
4560
124923
8914
63135
3094
140038
5341
7936
40828
2261
2478
6668
6104
24666
40404
6908
75787
4083
7348
5711
2730
4430
10126
2468
5214
48617
4739
3981
7572
3525
4933
18630
3778
6553
199062
24472
6285
6774
54745
3033
38125
38338
4499
4362
3374
7940
6394
6643
2784
8854
4483
2704
84289
6556
50893
132017
6588
5522
49413
5262
121049
25699
7747
8430
13838
6260
88423
7086
5877
6595
7293
6730
7464
4608
10693
42925
5541
5909
5170
8396
108686
52473
8400
5159
8454
7246
7314
66000
67874
5072
172363
117521
70303
5791
33583
5518
156352
7228
8098
12208
70324
9160
7159
7713
38428
27485
6772
5834
2353
5914
34575
177467
7308
3490
5149
3936
5106
44986
3193
7469
5750
159354
13076
7434
6513
155050
6535
4731
5674
4714
16160
62319
6122
26688
4666
23260
5044
106909
7248
7650
5209
47178
16944
18115
8335
5210
5036
83020
9449
27388
3743
206346
2574
5560
3470
4475
6484
37037
2205
38546
4369
23925
2954
3918
6523
8030
5159
15378
5598
8550
381567
5925
7257
106637
7843
92084
144419
168825
3864
3424
62470
157172
2240
8180
6970
4703
5098
6454
7048
82015
7651
8641
74316
98072
6108
8425
2975
5495
66942
34379
9710
6816
402390
17224
9138
52447
18668
6634
136989
208584
6611
4229
4923
6260
6179
50822
5157
2358
133444
3147
5371
6628
5458
7011
4893
5443
4927
3086
4584
1510
92564
5420
6699
5033
166923
8607
7070
3006
121548
8436
4528
5993
20041
9650
4113
8904
40514
4519
4940
29872
5410
43126
37545
10362
20426
38059
4225
112410
3968
6983
6335
13312
2546
134136
4596
54806
15143
33781
9559
3524
7124
77415
20715
5120
5642
7557
7825
217720
25924
1544
82899
4116
12703
31880
7963
9273
85975
6541
2607
9431
3879
104673
4455
39608
7248
7915
6128
4579
4826
3442
7808
1714
39456
5753
4870
59592
3345
89062
78288
6504
220592
3047
4783
7188
3121
82871
7644
29710
4407
7045
6870
4645
7544
6280
7598
4788
5870
25036
7375
3246
2281
2162
7542
197441
8308
4851
9478
4536
7471
7743
69495
27634
5148
6675
14523
152361
8306
72291
5381
3791
7556
5174
3819
2603
7161
5691
21375
14871
6448
3939
78740
10616
4591
92911
6614
102820
6590
56410
8316
21036
4003
4425
77710
87557
7921
32959
27872
3298
4074
36810
7368
5106
3318
6312
28014
28370
74995
6588
4265
2579
7927
60814
4582
20943
31679
10089
7398
4297
6947
3633
6809
7133
7753
3934
3406
60232
5279
6936
8141
4901
5114
84950
52129
6041
3878
49252
33162
7148
6097
127270
94761
2868
6857
13273
2935
4358
3423
9222
34327
6039
4482
5800
5140
48051
5407
8582
120642
3026
9826
3306
14437
148253
5252
3333
7027
36787
7974
6381
2961
126155
42764
3534
5140
5296
126368
8214
8762
37416
5418
5612
84139
6897
7754
95024
3547
154412
41054
3730
5990
29065
78626
4896
5022
4140
7503
229693
5931
4937
163211
5661
8190
48667
20388
144551
59927
33619
10751
5654
73789
6086
43451
5956
5828
13217
5816
7071
6281
134149
4025
219367
3369
7129
4900
23469
7235
1443
5851
204887
1841
4319
40424
21374
7428
4639
44362
10018
5394
63023
5190
5425
52506
6571
1037
3080
3330
67861
7390
7430
4261
5384
155772
8474
9296
5270
68182
9289
29574
2605
21883
5989
7784
3076
5010
16357
159594
7974
10848
3688
6006
80940
2461
57061
8033
4029
5781
3140
2441
6201
352080
7793
24892
61810
4178
5250
7037
6210
9187
2310
2795
8604
3790
9463
1525
30813
6111
4187
84073
16759
54273
6091
3449
8291
7657
71995
45249
7552
5990
2816
3309
2956
4360
7415
3143
163968
5693
9818
6174
211855
67022
110924
34254
2249
6913
9522
7289
87120
58892
6348
25664
38943
2055
68704
81290
2713
8103
3192
6998
3452
27792
157533
13783
6467
8897
10298
5130
22481
6554
77634
7102
7079
7495
26494
27500
45572
7519
6795
41055
3732
80058
2136
14639
11299
8020
3826
2610
4692
24098
6365
3221
8294
4519
6270
22106
5956
7789
23591
5952
180724
3474
4034
192925
6536
86911
3645
37479
6291
6641
44352
8020
65575
14448
3085
216558
126540
5163
1658
6077
2666
7621
6746
62793
2844
2929
59101
6771
37924
38150
2240
2119
2075
6000
80214
199776
128473
137744
5426
4835
232024
7519
8663
32589
7025
7272
136217
195693
3948
5919
7312
3710
7455
4884
101605
3560
170659
4452
6279
8153
6508
6666
7442
4463
37649
8718
7524
5438
97540
2902
8042
11647
31016
4784
5641
134261
2045
61244
6516
15046
6132
145763
4810
26421
7339
69696
103405
1909
6072
34020
5708
5426
25749
26027
6369
115246
2841
52086
183108
4927
8051
5794
4042
4473
5160
4638
2638
22249
5622
102498
7373
2617
2770
24050
3626
108698
6152
6336
4871
9391
173618
20498
1499
1947
6664
6920
6247
7063
4444
83366
160714
2437
4370
3596
2968
49823
5870
12423
8645
39374
29647
82514
13912
6896
3551
3412
4231
3659
10149
9452
5072
10129
17879
93063
6122
6048
104370
62563
6956
113956
5974
8410
45234
49672
4857
4106
4372
133274
8651
7794
5376
2813
4370
4428
9408
5214
31051
4799
4446
39080
41625
20876
28854
5294
192752
3790
6926
4894
10384
113536
6740
6085
23800
10274
4400
7841
21235
81436
7614
5180
5028
4760
8219
4750
4244
27747
129040
7566
66467
5005
4873
5312
8021
6916
8152
2928
1670
3208
8149
149885
7260
46901
7383
5418
5638
48038
5037
5588
4656
5608
5153
3428
2790
42612
2463
5812
6219
203490
58683
4104
6395
8646
5372
7208
62721
6055
5989
1580
5142
4476
8611
4190
81637
63000
19412
113196
10023
4618
3760
2023
6318
7691
5657
6728
6115
7643
39919
4555
10109
7655
1558
2142
5803
29848
10426
5775
3026
6621
83605
7570
7490
6610
36137
5817
6982
2646
3356
7410
6775
40751
87235
10205
45338
3052
91968
5508
4047
5329
8044
83361
8659
105166
4704
5405
5464
5465
5377
5698
32650
2211
7984
4670
2303
4560
5511
8888
3631
7493
4726
47362
3508
4443
3707
338855
4954
7822
6166
76347
23441
3119
4148
4339
190667
6953
4051
152707
3563
81571
13176
18113
4264
9194
95272
6858
6919
70365
7512
1896
6232
69504
2917
89182
6039
4099
4982
9522
9885
5872
9174
76913
100033
5234
5369
5112
5305
21879
3984
6512
43668
15445
5020
95354
188883
6984
3723
6945
7237
36495
7231
86877
3444
6008
3453
6434
3128
56227
1980
4765
1609
6393
5288
33106
5360
8422
2681
7850
2797
5126
21098
6684
11030
7873
46560
350896
5051
4748
3565
5624
33452
87540
117600
3581
7289
56869
5100
1736
4109
7228
21806
4861
9185
4964
4208
7664
94676
7316
5577
4135
113257
7214
3080
140461
9584
179132
9816
4894
8841
72286
34626
4990
7576
6122
59732
5057
4644
112197
6573
56040
2308
7586
5251
22285
6981
30575
7990
4220
81728
7032
3771
3723
6382
7161
23128
2669
38132
8174
149936
4036
7725
27727
6213
137969
18528
212556
63362
3594
4891
8131
3808
77592
126939
3376
49083
120671
44863
5642
8883
7043
104434
5010
71455
12392
2727
4720
190213
2834
70700
4282
88978
5546
2524
54356
11249
4079
4700
2418
8512
290770
179859
4274
50039
9111
5708
8213
6511
193923
8278
37929
7473
87600
9806
218514
80460
63015
2859
2853
4838
4832
154181
7181
2839
48646
6059
3434
116530
7082
3039
2754
7594
31210
4168
6359
5727
68449
3430
70178
4970
7493
7709
3404
6705
8015
221067
3977
5717
6314
8721
3788
46169
41533
3971
4917
4136
5188
8958
54552
3371
9735
112882
5718
18420
3386
7593
6411
2640
36770
170669
5974
43224
145697
5060
60255
15251
71606
7138
7207
19804
4695
2570
135206
2877
8169
256200
3002
2151
4930
46494
316131
9755
6974
6406
7115
6739
4841
79506
5058
6807
49276
10720
40582
6153
4132
6090
34224
4954
3468
3261
27135
48642
5238
5085
8764
87821
60607
95008
7668
91544
5918
180418
6242
113055
7666
1250
8545
7718
5638
50944
3063
5832
6937
202243
5733
5757
52353
8166
10766
6050
3764
7149
4887
21602
3843
9384
39001
5414
85675
6255
3654
5081
6482
1265
169981
5967
30335
4983
8222
76167
8556
4647
5854
4289
8198
195861
34288
13866
103643
3720
50062
162860
8830
4231
242263
5598
2403
89291
4271
7816
30455
6660
7364
1366
6757
4095
5412
41514
6086
81227
4771
6439
3507
69373
28894
2487
5204
5484
5849
7914
2976
4976
9875
24370
3280
6326
26670
11935
140845
50700
17085
5923
6208
4904
4297
5045
3332
7181
70662
34788
5739
88115
6483
5324
29344
7759
3183
8006
7300
4384
5813
3118
16607
239706
87826
59495
6866
183182
5250
179573
1969
161395
47330
7456
24885
20050
5654
6188
6628
7149
43025
77192
70588
5226
5103
71919
23074
5761
4221
305397
6806
80803
5862
6245
12973
7506
10346
6152
7952
92258
22815
5935
17120
6907
4673
5143
177333
6856
8406
9548
18900
4031
4662
37395
3697
7645
3285
5282
4207
1116
134762
3591
104919
1750
6541
5283
149554
6764
8378
3840
16186
4336
2559
2458
7642
4423
3640
1711
102907
6220
7463
3240
3892
9375
24284
5669
8683
6534
139629
264652
2413
3949
1470
6002
36758
11660
3821
140253
7179
4996
69907
1238
15077
6622
5673
4864
7788
67485
15825
5201
7697
20897
26393
2963
109574
8349
16439
4617
79684
33673
6102
5101
3887
8854
141244
6170
29643
3334
5391
10842
4909
5934
7676
7392
8456
23300
5479
3825
5761
6734
111677
26950
93240
4251
118037
6220
2417
53181
4837
69935
5895
32774
8402
6149
7675
2673
5656
6937
229672
21022
18417
43175
79281
5396
38949
1635
4630
4726
2423
3409
5576
6807
115009
138839
7073
18394
2419
96907
6404
6199
19412
6975
7690
6138
46194
51511
8438
5802
6962
5031
20127
14752
10059
5229
8087
2172
6083
4064
7330
73673
5927
3365
2740
8347
5231
4515
3747
29631
144342
66199
295093
6562
2084
34117
2905
5761
1570
6837
178219
6724
4416
2488
13909
7493
6814
2529
7510
7613
8712
77940
37172
3941
2805
5784
5268
3576
6420
253848
8357
22960
2920
4509
4245
3722
4613
6606
3396
97800
108304
8445
1844
2721
150045
4695
1538
6700
6433
4866
9196
23647
112277
3991
6808
52417
5453
41154
4285
4865
53131
17026
42402
8110
6099
9394
71396
37075
5552
4861
3761
9050
66372
4407
9149
3200
3581
5941
6213
150642
6318
44001
8166
2902
56437
5416
24229
6831
5737
7586
6063
8547
101635
3773
3272
4239
6655
41372
28664
52256
7048
3283
7629
7055
12258
27727
4931
7358
76487
3810
5200
4596
49497
5624
7593
6460
22527
5894
81794
12878
19256
157601
101678
101527
90232
6349
2107
40394
20627
7181
69554
289476
8307
25096
5164
4861
153793
8450
4771
8061
90390
1754
7750
7210
1978
47827
2741
8687
4249
5746
6336
3322
8754
7519
3577
8183
8900
61068
336684
3161
5739
8483
4225
97925
28420
2021
5010
6138
77756
7673
31177
5018
101530
119545
8434
7198
12615
4647
71954
1645
5207
7069
4687
3092
3503
4387
7545
5560
5890
5539
5943
4583
7005
5995
5707
133428
2793
8696
3543
3501
137474
2411
4548
143713
2937
5462
7993
21005
8464
4979
7424
18631
58675
5684
7684
6724
10286
6408
6937
29787
191946
3387
6100
84179
16557
2579
78139
32159
3169
67117
107460
10014
8219
4272
4326
5895
94883
12327
6705
4885
6457
27706
7314
5233
6495
68164
2835
8488
5351
2306
7478
8414
4050
38360
8441
58043
7137
69997
3932
9703
5265
1664
6282
5279
5097
49845
13437
43400
20046
5199
6697
7914
3213
52190
108900
3571
5688
70169
49885
73251
208662
3020
5356
97397
7726
4207
2358
13477
3048
13573
7345
65962
90650
5747
30291
3784
44808
8815
5462
323277
34035
7904
2966
5556
1796
3340
6047
5734
4912
3776
7265
5291
4721
5805
7475
10564
46795
91491
46892
4080
27351
4693
5116
6666
51036
40352
4460
5571
26783
1619
8795
4996
240955
1845
7862
5238
113428
4734
8729
278112
5665
6545
1703
3363
76054
6218
4048
8249
8720
7714
8052
2031
3166
100316
30565
11066
3325
5661
4426
79350
103842
32143
121701
70944
10419
4791
3095
3735
14815
5732
11363
39396
303529
18995
5250
3492
7375
5379
3584
4275
89622
9149
6636
3470
4368
3718
61965
2755
32209
166902
38855
1640
5125
10581
4901
4237
7355
6398
26504
5543
3091
180324
6390
49297
7726
71645
2678
28216
4403
8365
198081
78727
6456
6871
4248
4693
83329
5063
82166
5246
54220
2173
3187
5559
3656
29563
8033
5197
8320
7433
14997
131095
4221
4035
130114
7804
5760
4555
4043
117743
3948
4600
2897
3883
8569
7437
11453
62010
4764
4915
7520
7836
7436
6158
4650
6525
11601
6350
4477
5744
3433
97517
142404
5939
5012
6861
6655
4052
4213
3611
40214
4902
8323
6483
62957
6357
64508
4347
5682
8910
6874
6002
94506
32468
339226
38331
5234
5003
56732
7076
21144
5630
6289
6146
5789
3462
7782
2871
54602
5005
4148
56553
106904
244379
4561
2083
5840
3659
200394
5412
5363
93839
6728
1569
5219
10398
241498
3082
6177
7807
2849
7131
5810
8297
7208
7822
30553
4157
7019
60886
4870
88825
5637
7120
9151
1233
4058
4168
7022
4700
4491
6960
8625
3781
13633
8091
178443
3982
4789
6561
8343
6217
7164
3309
10274
6188
4805
4849
18121
3360
7234
47155
66298
35559
2423
4822
3957
7535
1685
4050
6405
4953
5644
6566
3943
2591
5719
69352
19562
18799
6754
173645
3814
7744
9170
51907
2251
3632
8270
6147
3878
5024
153883
1672
8145
217261
200943
8788
5910
3968
50514
6281
2439
15907
25102
7366
73935
5670
6532
61549
28493
7507
4013
8595
38803
73817
54413
129903
78422
24252
5810
5516
5092
4987
31211
15201
19826
5067
23538
5693
7800
9545
187585
6580
3326
5689
38352
35400
27304
2720
5265
4163
5004
6686
19224
7387
51240
3875
7270
6926
7162
40592
6200
53218
103839
164272
3086
6505
6032
12333
31874
2267
4256
253382
26442
4200
54507
89020
7126
62694
6152
3112
362573
49776
31854
113118
2945
2271
6418
21421
5820
4766
8112
5672
6003
1530
4729
65718
5955
4462
2799
4017
44525
90167
63361
6881
8506
60800
3081
39660
51613
5228
20349
6922
8850
4394
173026
4149
6311
6148
3080
8549
8619
16858
5014
63612
3389
2035
5794
6018
83103
176178
35525
4992
72807
27915
4081
6839
28333
56195
213944
12561
8993
4171
30805
10021
9146
8788
4784
78274
6502
2719
4704
8367
9749
7070
4957
8976
4790
150602
6862
6393
5726
7035
15589
158832
1915
5521
9980
7548
3257
14248
7526
9233
121596
120732
54336
96059
46193
7770
111266
8421
6268
82809
6549
176887
6909
17749
3916
5742
4284
4073
37231
3197
5694
69736
6376
5515
8925
9879
331486
3061
7740
7501
40052
172428
4757
4763
7230
2521
3947
3161
21852
5066
20942
88266
5643
39120
39092
7783
5459
63506
142642
3532
18996
4311
10223
109238
54358
140508
7847
5659
7549
5758
7291
8862
25028
8497
10308
5179
5609
162280
7063
6713
25349
6497
3614
31503
54894
50772
107871
6550
9082
5336
7162
6419
4646
321306
104938
2702
3801
6698
6498
67015
6486
4794
4999
6766
8530
3177
1741
4230
6546
3246
3797
49825
7532
5799
2691
4883
8714
11998
9437
6027
4157
75928
7335
7331
21531
7016
3576
143822
111299
7754
5936
5390
23760
7823
7346
16672
4199
29544
6265
1678
8415
3687
3885
20217
3171
7216
7597
4206
4165
5199
74358
87803
13827
3346
35629
97798
7193
4683
5259
158081
27049
6193
65472
9288
3439
6485
2896
7788
7464
6602
28235
51450
5105
6504
4228
3288
2763
6022
3430
8130
44088
4826
8062
6656
5637
9075
5967
2784
8458
2925
5710
1503
6823
5850
7098
35921
277643
10714
6824
54149
4995
61927
51781
5365
4692
6354
40136
49542
73868
4802
6577
7777
181299
6617
3942
8624
6439
16439
15969
9138
7830
38938
4749
157911
6448
11090
7827
29821
3370
20511
6143
8835
7262
60549
4317
4921
27649
7827
6193
4197
3552
7084
5093
37954
8495
3922
6227
3737
5366
5034
7018
3145
120975
157961
59264
6429
53782
33280
7196
2670
41626
4269
51240
3959
100020
6364
7021
76507
6564
97213
6845
284057
7146
8838
35533
10827
46666
2951
8690
6596
5713
2481
54255
5087
8762
6062
7000
70611
58616
7104
3829
6141
3546
23502
31099
98992
5834
8008
4655
101237
100322
8637
2513
7096
7721
58320
6578
91251
60604
39346
21684
4841
85719
10081
3806
8953
296029
8110
5838
4236
41448
6419
13655
6490
6759
8079
13978
7274
8384
184275
268226
7034
8819
4440
6897
3001
8451
5666
4302
75109
7145
12382
5484
78272
2741
8265
35172
190072
6814
84702
134549
141914
3618
35325
205126
22345
6042
1132
182509
3998
7114
5626
4551
6808
9028
6635
4105
70207
4149
131870
19594
4461
84665
4946
6029
43842
7209
4015
4136
9838
5979
6005
6493
24599
3936
7034
85898
28577
7808
8753
3689
3681
156025
2133
56643
6937
22199
90366
5993
8539
96537
6042
2886
198517
5054
125523
4624
5460
3057
6204
1436
8187
4648
5385
75839
18236
96317
101589
6763
8445
42414
6211
2980
3777
6478
3510
6837
7475
6509
7150
3989
45964
22367
7404
3809
8413
29876
4706
273053
7168
7507
4917
71075
5487
103508
10537
62277
7296
35678
8044
132393
7018
83122
4765
2826
27873
5485
1692
136083
14596
3435
2358
345207
7135
19999
7479
6073
5165
6936
6056
33697
6463
9812
68802
39633
96383
9679
8345
2661
121384
41109
21482
7391
51266
7072
2938
165315
3966
168283
15419
8939
70760
4774
3786
3906
8859
11334
4895
110473
76099
5979
5305
6611
4305
6588
7462
5440
3357
2024
37021
27107
5483
8481
14035
22799
3126
43212
4748
60104
7196
6745
280627
43768
133302
2042
6715
96346
7222
143565
7205
8388
103926
4738
5370
4296
7237
37883
2265
3553
39666
10135
6568
2573
41352
74393
9947
3646
41487
209699
6481
51336
4462
7272
3831
5306
102443
8759
3228
2782
97643
1452
4606
7032
6030
6154
3068
43785
201731
4665
3997
19795
4223
5866
2025
38563
3307
7636
7666
5650
8569
7799
78891
3038
99474
120216
2587
61010
8653
4458
4635
8983
9285
6918
6513
78691
4626
2934
5330
65661
2756
5379
2820
3754
44438
50985
7403
3131
7071
6308
6663
38080
5576
5949
374683
48935
103266
8116
3682
2375
69744
6902
26498
7150
80209
167294
4363
45940
6454
7689
4779
9064
52732
39669
7503
102866
15502
38074
3212
3286
3339
22636
5202
40422
3495
2267
9110
6022
2294
58595
7153
5433
2436
7924
7910
67621
104661
2510
6185
3836
3954
4133
56042
12650
5781
3774
4669
63596
5870
3874
117120
5577
5450
3121
80515
113025
88113
6930
4394
10856
7551
4419
154151
2875
7465
3909
78281
39012
7482
70740
90359
5889
3553
4200
34976
49849
5855
2934
7402
7839
4326
7694
2260
2234
4818
4164
4419
48582
1568
28115
1935
2433
74104
6052
12114
30576
4700
6577
4272
6408
8953
18770
107797
4161
8686
5729
43983
2895
4258
6243
3415
243635
5222
5933
6132
8965
8501
7243
5117
7498
3293
242382
305822
70476
53199
5084
7281
4378
4756
31694
20244
32795
9172
8059
9929
15920
5591
96544
5167
6156
7922
195426
8821
4676
53398
6958
6363
106492
6653
4938
7493
276430
5708
5434
59088
3495
4991
5072
5554
158096
7318
3802
2384
6936
2636
6586
41382
4976
76740
4893
40956
5681
86077
35732
9124
9029
3367
106089
5844
199992
45829
191191
10700
191885
9844
5898
3801
5826
8909
5483
6842
5933
139521
8296
5701
7884
4171
23634
7038
4520
112768
5899
6560
5601
4949
5502
5164
29937
4519
5348
5010
48390
4264
6306
13851
16098
4779
25769
212424
3439
7476
13502
2744
5436
4968
8355
58667
18752
8379
8400
5411
51284
41691
205442
9703
2678
8928
5056
39650
3936
245295
6680
5721
4681
7750
7363
39547
2092
36627
5447
50041
7068
117642
105730
2781
7811
7185
7639
27422
7747
9220
6095
100741
4518
2718
89618
156494
68517
69887
1927
4646
21953
9910
12890
3837
148830
7940
8935
7877
9551
21933
5260
28689
8218
6632
5412
9389
8136
6995
3676
8499
3927
3016
15684
149433
30918
122187
8021
2233
4710
5825
6173
3738
4543
5694
22218
171098
13916
3236
4158
4308
4484
58487
7865
17770
12569
58595
27793
34642
21179
3399
6606
6711
6945
4953
10742
7347
4860
5998
264528
3952
117907
5243
49637
7871
7765
12589
3294
4329
7382
6515
113069
4688
2471
5646
5138
142153
5451
7621
90209
3186
3905
4205
4710
4982
5492
3855
6175
4816
2615
8402
17331
2847
6088
66765
3247
3689
10036
15072
2696
3829
3657
6465
55098
4861
5387
52786
4286
1839
105541
3733
4180
6720
4259
4144
8966
6428
101963
14586
21361
3472
12317
206542
4984
62951
22315
4795
22550
6573
5394
58380
3135
66970
3702
33798
6839
5306
7941
18881
6913
3420
5405
9065
7316
7018
3646
4387
9669
2816
30970
4698
4171
2058
4781
6510
95823
3058
128933
61712
6869
2841
3940
5113
99477
70983
7661
7476
3717
6176
4475
4676
4465
4824
79273
223134
7841
6644
8133
171720
4395
3211
5713
15180
6069
6744
5854
256462
3540
2231
3708
5116
181003
7918
7742
6544
6191
1778
223157
14091
75913
2172
150648
8438
7184
33421
4905
7132
4377
9486
3138
9519
3292
16009
6098
91374
7716
1209
3358
5906
2042
2513
6107
16591
2693
49706
5824
2804
114599
94960
18060
3920
5746
6918
76578
1708
5306
205009
4065
3920
2295
5748
3801
24102
101791
6860
7540
7756
3537
5349
4049
5316
6410
26101
195508
39623
37702
7121
2860
9026
3789
2993
4464
8293
6574
4982
4412
2489
106764
63879
19469
55107
5149
5730
5672
5582
4482
46024
5936
80168
5776
5517
52729
8464
7047
5507
3812
31328
7959
3065
78559
3453
115589
10888
3999
4392
7105
42422
31589
5023
5544
10795
6822
4870
2694
9256
7245
5130
7450
22585
4026
3465
51932
3264
3525
51898
116583
3173
1652
19567
4885
3608
5197
4470
1377
7130
85063
4825
117828
6899
45674
6145
209144
67664
7524
62163
3224
3900
58267
6196
4303
5167
6264
7012
81042
3268
364308
6761
172654
8207
4005
5375
1779
7254
180218
23896
4741
6823
8481
8985
6282
137231
6595
5307
3865
5702
611174
14726
9088
7403
21051
115649
8421
79542
3897
64291
5862
3068
2850
3948
6579
5441
6556
12508
4550
22758
1567
17145
4198
4692
7973
6797
4274
3971
71709
5717
6925
239733
8142
59744
2316
279799
3664
166915
9340
159590
7457
6663
3721
10331
7253
6435
7595
7003
18654
6954
3775
3334
3509
132989
4304
41607
1133
7161
11274
4599
9258
7509
4531
6251
6291
6565
81013
7054
18319
4437
5595
56746
64376
16460
5895
5873
1965
5093
3298
157845
117233
9611
71853
2499
6368
7393
7640
39387
2492
2676
3625
7749
6284
3143
2679
61450
8969
7345
7051
4338
7213
10205
6316
6422
49082
327119
5685
1677
164349
2128
170452
7202
6073
9514
9746
6065
3144
4097
5012
6672
4067
54909
4009
4205
7838
31170
4553
8752
3959
8597
6750
7604
4768
5426
6690
3988
280090
80059
3891
5387
23651
89792
6593
4979
6137
5828
6078
1720
53019
5090
4433
4999
5400
42646
5920
6588
7087
6217
125625
10480
4969
7792
83577
28794
76304
8492
6818
53186
3087
140160
6674
10438
161321
6471
12373
4798
6594
8567
5275
45592
12094
138535
17276
129180
5549
2458
24641
6764
7457
225931
48968
4304
35817
1767
5371
7852
31927
4443
7990
7377
6143
6696
5858
10449
3415
7159
2555
40897
258362
45108
4756
3029
3187
38804
5179
4250
6315
4075
8162
67275
39788
7626
75732
15445
132388
32381
81359
6240
4058
74000
5360
6513
7071
6513
4718
6309
2593
5145
4185
3010
18004
125091
89784
5464
29493
5899
15159
21886
155413
219326
155007
5039
3309
111443
19314
3792
3477
10372
9335
66190
6619
8312
7731
8292
30813
7036
6413
6236
40506
4170
230520
4892
3942
26405
4975
245156
3064
9937
50681
59658
69485
83716
31872
27976
8416
47225
10104
10215
3706
8703
6601
4870
6807
29112
5787
116881
7183
8250
5604
6984
4056
43762
8954
5307
4758
5387
5464
69441
6697
5750
29447
7031
7289
122170
42929
201552
8573
9394
2799
7368
5522
8979
5314
7879
8473
159330
45623
6347
6603
4290
31060
12662
37481
12695
5839
2217
4188
4291
36010
7623
8117
9822
2445
32867
145287
3043
38336
4246
9446
4432
47791
125779
61744
7855
4673
6517
54137
42431
105554
8289
3020
150082
5610
224727
7024
5324
8788
7260
4446
75477
8913
6904
5226
7497
5895
8478
5042
3179
172623
156019
1979
3417
3505
7594
11062
2779
35626
6866
76017
6383
3710
2190
3365
10940
71015
5812
25311
7188
4038
7925
9818
185306
2622
8610
7247
5368
80781
70741
26415
148860
5026
12026
4378
3040
7968
234432
9873
11276
8060
23604
7766
10231
7509
38256
7527
2943
4678
61776
7263
4973
7166
18058
51713
3341
3948
4525
5269
5931
10436
78201
5974
3187
4125
4393
170917
8629
8513
3906
7478
4821
7094
16052
99068
2900
10193
5624
109438
2717
45591
210686
6100
18846
143575
4071
5435
103528
7017
5315
6811
6292
6828
8400
7246
186897
14089
76162
6459
5213
6209
25860
5735
3988
5220
11347
4686
7401
3101
3679
5880
5124
24421
8116
3996
55430
2715
7189
40653
28923
30067
3425
4418
4208
2103
90316
2384
8522
76300
5196
139352
51474
91232
5506
47857
265547
6532
201619
6326
2551
11249
3881
7338
5990
3414
5205
5189
183680
4500
145334
3913
8069
7263
131930
9851
6407
158914
13790
7655
5676
2228
8518
4781
1784
5960
138603
13428
8057
5624
66870
5397
10110
9260
6583
65393
74159
7642
9201
9259
6101
30130
7030
2711
98560
48862
6175
6696
4290
146144
86772
8253
54611
5971
6372
178718
3785
33437
3626
70823
22154
95974
3651
7673
1900
8184
5102
43380
6637
4915
7987
13254
4777
5389
4489
5264
181102
158798
5413
5449
9138
14330
95447
5058
10544
141969
8825
155549
87917
6277
241833
26284
27481
7096
9415
80459
6444
34790
7043
28412
5960
5623
80627
17279
28162
5849
6843
16828
108245
250738
4094
104968
4043
3906
6912
3702
43291
6231
21865
2943
49089
5894
5812
5295
8131
6228
3871
92153
8734
13625
7833
4736
8240
39913
5179
6053
68248
7381
5340
7497
240240
4575
8266
24389
4987
5712
4577
48507
61604
59314
6434
14009
6473
6923
144231
3767
89789
5879
8287
90088
8702
377290
50964
39830
5385
4445
4036
37859
9236
20109
8000
4053
46643
4917
60546
5761
7757
2981
3686
55779
5709
10396
5948
7117
4985
19033
79735
116986
84542
5598
461527
30646
7219
41014
2842
4736
153527
3875
97328
3468
5956
5847
4616
104008
5749
140587
98850
2688
5593
6087
5254
3391
3928
5021
6484
1281
4750
48619
3549
4513
31860
2657
130723
22404
3689
6360
6992
3568
6105
8828
145664
2939
3982
4417
1730
4083
4479
7785
35735
2172
5989
6278
49744
7343
6570
154500
48465
5994
93891
5635
136578
4357
5158
2873
2367
5735
65445
9311
5548
17284
3966
2553
30045
43593
3757
5950
7536
3554
40427
142214
8372
4580
54574
3682
3984
4538
53122
97688
3540
5491
93905
159541
35144
4910
1841
52975
27694
4008
267659
6810
11422
75807
3949
126129
8175
6218
5755
9222
3307
80319
3109
9248
74461
362129
127424
7693
77198
269107
28549
6137
155314
5112
18363
7508
75892
4321
9746
211838
7201
6918
6042
125431
2794
35000
110345
4724
9634
51436
3489
6539
4396
184538
4864
3792
47398
190176
184554
40101
30540
3327
146149
7319
38272
2665
24199
3854
6496
3116
8130
9012
54517
9175
232222
4261
2934
4119
23499
5763
9060
2071
5399
6117
220946
3178
4269
97658
69037
4907
6925
128573
62925
7363
1778
5889
28376
5344
2912
89818
40570
8124
7593
7913
3402
3729
4463
10687
7814
3021
72168
37547
5980
3774
2786
81736
70290
5629
3717
47283
9138
4026
4440
6048
69974
7295
4879
5323
4335
5318
6833
6285
7321
8558
138657
4425
2338
5979
4739
4234
2491
4430
6454
112122
61019
5451
62249
30816
5478
72868
4207
5110
4756
200565
7582
6344
106179
162482
4797
2533
134623
4876
82699
6613
4476
8143
7706
24218
3097
24656
7228
57926
2091
29324
73257
157162
3886
117230
9155
42629
3187
34917
338820
9874
55123
6105
8665
44800
7682
42681
74771
31996
7104
16071
5748
2517
8483
7482
5659
79920
65508
4743
4463
6106
6093
41598
50866
98134
5981
5493
14439
6508
3988
6296
124450
3439
146718
5385
119459
5512
7139
5242
3443
6458
2347
3676
8482
34131
182754
9087
2560
5519
10860
7207
3319
63125
4450
5685
4789
2929
4010
6192
4393
6391
43126
2964
123562
102063
104509
58262
70143
44677
5772
79753
5237
2774
4238
174781
6206
6322
4302
6350
7179
4617
5452
36934
5294
5230
52689
7044
11603
4821
8151
70011
39939
2749
6687
343957
81419
8864
6976
1957
3947
3776
3779
6733
4525
8814
2508
4291
30632
106451
9744
4381
5653
10458
25169
5307
16008
3969
4508
7818
16809
7505
28174
6159
5317
5560
9159
41594
5703
5872
4222
77482
52273
2877
4339
6349
300558
4547
39761
5579
2385
64220
4729
7534
25510
2961
7142
3442
3541
489465
9124
3464
4224
52036
74833
4928
6455
3508
4898
20040
137322
6389
7948
9795
5001
14654
33669
7902
4175
6209
6784
49785
7033
52403
4484
7861
6919
66798
21037
6100
3881
8930
4102
145795
7836
4425
6043
8675
7309
63256
3881
49472
14536
3236
5590
2400
1998
10897
8179
4769
46480
29257
3194
152471
6148
5293
8210
44780
83414
6239
4703
124243
5621
6707
4247
85642
58658
184168
2553
14524
7370
7877
6774
50302
59478
2130
30734
7418
15537
146958
47536
39666
42871
4291
299091
98115
5121
8367
8511
7105
203375
5145
73956
61224
2935
1965
8479
215357
4568
7221
8562
57439
153082
4273
5592
5527
5846
9117
6767
3597
320310
76412
8060
8213
5479
6317
5032
5538
81572
80040
6008
144223
5729
8922
11931
8490
26852
2024
5266
7362
4260
26502
10394
13227
136902
115314
4369
7645
3950
4500
3979
2383
38384
42681
208064
4460
4537
202241
2326
47856
2890
72476
9558
32755
7953
3348
4807
48384
4956
36807
7051
110665
4111
43125
63360
8371
8388
3741
111564
6074
14657
4660
19829
2485
78267
7261
45854
7522
5585
8228
6462
45503
2931
6563
6455
4445
107201
71363
67762
48201
5056
7790
63815
5069
2336
16450
5591
5682
8715
4223
7076
301213
20572
4984
38129
7840
6991
4247
7615
7183
224158
5655
9326
6075
93294
6280
4315
6293
6021
4703
8204
40877
2940
6022
67431
31314
5293
38534
7735
40095
9048
18564
5023
4453
126808
10465
4469
3671
3429
4297
8466
8005
45415
267722
6437
5049
2168
7004
35466
5335
107637
7657
94368
4527
6079
5695
7601
1999
4522
65953
3401
42339
2624
8828
11289
85392
54174
6149
2938
5313
6184
6882
13824
6653
62526
5264
11842
78260
7257
65816
2983
4402
3797
4758
6352
4005
5902
4716
81102
4278
4623
5854
233356
6640
6955
2786
5521
85316
6779
28929
2210
70358
2757
2516
40184
7968
237622
8425
6659
7164
120429
4401
206120
5492
7031
219199
4801
6145
6616
9002
8071
9379
3934
58462
4991
7634
76891
36400
8372
7531
13083
3763
3608
64995
6741
3023
30230
68995
13614
3287
3039
40742
43119
6935
3985
23444
3992
5726
3309
10573
9610
28526
1751
5559
61897
5762
6942
271659
9099
6574
7244
3281
77193
5513
9384
5250
24415
30545
4766
4619
59943
9557
8675
40674
5687
39272
3688
8865
7640
87148
18604
7248
5394
2415
3686
154548
6312
246434
18642
140308
2516
7537
9446
32812
12726
4289
234862
5053
2617
58824
58067
4918
4441
112103
7033
3959
5389
249364
7337
231491
103988
6787
6766
102721
114150
4662
36286
8769
2513
5377
7529
7834
83792
85299
5610
5106
50081
5140
10569
14967
43919
23950
9183
7387
27150
4676
116187
4387
6009
9846
10718
6672
8022
6718
6657
5005
7741
4940
2365
3229
53980
3650
9013
41258
144598
7360
4984
96864
6016
166788
7088
18314
5581
37222
8833
5603
6285
6372
10369
23444
5540
2515
6819
1376
3698
7622
106144
23200
10630
8726
83480
5835
7803
7437
4051
6750
35011
7935
3793
12576
5875
5515
228478
52168
6328
8543
3144
3609
142599
5920
141517
3396
2400
6192
6804
4566
5563
38101
2732
3118
38800
6684
2668
89232
30789
6553
3271
7133
7829
7326
53752
104357
4693
6698
2489
59548
6958
4052
3121
4159
7991
7223
10786
7097
5545
5773
7099
2128
4866
5560
20364
6167
212634
113822
2902
122922
9990
4251
3848
6414
6089
74340
36826
5494
7572
3150
3106
4852
203288
5450
9585
5155
5684
7993
8914
3675
6507
6411
5147
8637
5293
8706
3691
175752
5183
3841
2364
133215
4728
169056
58240
7945
29296
49701
2853
18964
3979
104397
167163
17920
59243
150837
4846
8537
5841
4296
2613
8779
4237
7786
5076
62252
111788
12062
5500
36653
3546
9146
102712
20249
916
4513
106890
4218
100225
7581
5970
4253
4962
8657
4492
7008
5583
3909
7026
6001
7104
11252
8885
6749
4645
7440
3836
8973
3058
2144
6422
5523
7461
3151
8429
40425
68258
7627
76440
5587
11739
16931
4884
59610
62162
117456
36990
5356
19584
2172
6066
4742
4592
4348
4378
33340
46769
2265
5826
4982
6143
3793
13359
2421
4749
5539
87986
5719
2742
105175
6513
31302
7213
14502
83278
6183
3138
6266
1956
6358
74477
36780
22053
5149
7742
3769
4088
6784
9365
5781
4714
3818
10799
3266
7348
73551
8713
5809
6419
4288
7141
18538
6504
5853
8170
33725
25418
140403
18802
118963
35759
5515
4368
11435
5183
34068
3954
5195
139614
5948
2842
9437
5724
2483
5419
7515
5847
6601
5585
2039
5531
7171
7702
68031
185297
6365
4959
4940
3673
12227
6576
31338
2591
6521
5451
2506
4830
73139
5315
8302
76079
5100
9985
7190
8902
5592
2012
157438
6437
3220
7990
7957
3842
3366
5274
5148
11039
8973
5580
6514
4689
40762
49877
9572
5875
92106
5701
2470
82309
5463
2101
4616
8685
5461
42311
40697
3639
10097
7713
11902
16768
4229
6051
4878
6342
59709
3970
8022
107229
5188
43326
5700
2945
3584
5800
6404
31264
17482
3707
6314
3564
74330
6350
2509
6587
82741
4592
50546
32031
5079
6751
6988
30054
5519
76252
7121
2320
9585
3164
157141
8021
72421
59187
6599
21841
45431
5265
8353
1977
5104
4962
40578
3773
4435
19747
4571
6366
10447
3252
2938
4795
146696
3681
53673
7323
9707
6538
84461
3783
8635
224797
2801
6053
313055
43278
106492
4427
2892
44380
1439
5465
67312
51948
55793
6079
54372
52812
3333
5447
4780
3435
7022
52368
5232
6875
8406
2434
6686
5001
5181
35013
81769
5417
6256
11147
8369
66325
4038
33617
6022
6274
87026
5008
23594
154973
6871
1990
6146
114376
6539
52188
138722
7866
5485
5915
36252
6567
4557
11625
5848
85975
5112
6105
53452
76843
9747
5202
4618
5745
7922
108353
3533
67877
49215
3610
5876
11698
1388
19409
3248
7924
27424
341017
118006
9422
7921
23795
100084
7308
7854
6689
5693
39298
3747
2472
45812
