43805
6785
4468
55945
7633
84987
7568
35068
9716
12858
204927
173650
7352
282139
4471
1765
6698
85690
3467
120973
58709
21779
14696
9201
75371
71485
11330
89661
9791
8617
4789
3056
3211
3080
6786
8583
18103
12239
9549
64466
53358
5171
38348
7470
8351
5794
5022
235046
4455
9051
5490
35980
7756
10119
73557
164286
7393
10720
6932
8784
88056
9081
7600
50139
190371
7131
69988
9360
2882
14219
8505
6954
143020
7435
5721
26292
11590
9873
7698
8014
6623
9094
4816
7574
6106
10976
17363
26592
5796
12825
8286
6783
7485
68444
10066
4909
106566
2439
9066
117810
2801
6771
2746
11580
7107
104027
66554
3588
9425
8670
89411
124673
7648
11476
5186
5591
61000
81369
7483
9811
9633
3009
67772
4974
6852
7149
4053
32783
71896
5477
107646
112692
6230
9830
81444
65389
43685
8032
2183
2330
48752
53125
8909
183019
4875
10002
9047
3216
8124
4384
4596
3858
9355
153757
7061
13582
6254
204817
5681
8692
56435
44285
8024
9622
6507
8729
6798
9028
92155
7749
186988
41903
6236
2602
19017
7104
9251
9529
6141
6461
10122
10516
16078
6585
6166
40016
5015
7834
13882
5317
11062
5188
8562
12171
8341
119462
136152
10849
49484
4248
6742
27254
96924
44840
9939
7201
3767
96297
45356
5016
9407
12780
11147
15670
37150
103454
8723
3451
9278
8863
5021
10787
13747
10320
8508
8766
9867
9115
3778
20973
24600
6990
21432
6397
1926
7550
87344
6465
14005
4347
194284
84469
4568
3647
126022
4403
2294
11294
8963
51879
3293
7810
2876
174793
4496
3362
13570
7980
97600
4263
5902
122358
8441
24219
8158
5995
212278
6742
2970
35718
150130
11265
4110
12009
4816
6796
6305
6725
27340
3723
4538
2680
77470
5034
3734
6714
8989
3971
57134
8053
1957
9230
63674
5422
4924
2509
11054
11874
5661
4951
82952
2599
4901
90421
7629
151786
3811
3303
77225
43037
3866
6394
7376
3433
9167
17219
8544
67894
5951
4301
4375
152910
39178
6101
8994
9138
4288
5721
9994
11103
72181
92027
6052
3924
8343
11076
12832
29779
6628
10999
4138
5042
7731
9526
7929
13643
36521
76475
65172
10228
10530
8263
6843
9997
9784
236159
42982
265213
4099
68028
147882
68370
8784
7552
6382
10178
3060
51834
147615
5381
2387
9915
4668
7184
2652
104824
6860
7729
7610
13703
8233
4236
9753
8924
17545
84930
135404
93232
15944
5146
3543
6389
8558
7802
4788
1644
37647
11000
3159
328149
92269
5024
9713
65668
12164
2740
20803
4958
9582
1828
9049
4525
9020
4038
11576
20745
4311
51937
323118
82282
6171
207699
31664
43914
8440
216359
95115
4217
9501
4387
29711
4210
5915
16659
4311
14841
20138
39813
7267
3416
2333
5693
5580
4929
5841
2721
4244
3934
4111
8739
33541
4785
2040
2423
5027
4490
10544
10699
14735
7550
16137
6993
8567
88277
4971
7712
170521
5831
39347
74195
13645
6004
29074
74636
5210
65507
12859
3963
86576
9473
10452
8069
84756
4600
44791
10205
29122
5089
13713
9281
10873
66997
41211
10586
36095
4680
3984
98954
7525
37023
14812
221087
16630
10875
8004
112914
10937
5312
8212
192431
55320
6146
6592
8046
6864
389639
5543
116896
9775
3878
54958
23778
6799
14584
44671
60878
45323
5234
49398
11327
6605
7666
9713
8209
6989
7578
10560
11423
3996
5460
57881
10127
29370
42829
10375
8643
40277
55789
9122
7636
6811
162538
12700
13771
11097
10214
9647
9321
3496
15747
6114
222054
10097
5691
9394
12163
8238
3162
7417
52356
9729
8195
7078
4273
7151
7134
112486
38185
206230
5730
157898
2974
98807
8124
11270
5726
6685
56256
10326
173787
98696
127697
12380
92837
80659
11628
9065
46051
13446
94553
11983
10014
120718
3050
8738
7806
256027
4885
13260
8036
124655
2274
8462
7504
6799
11342
9560
6212
72424
8171
4693
2917
9954
4908
5416
17071
2431
10828
7690
27484
4897
12994
44127
61248
8026
5566
7190
2125
14477
5629
6292
6937
125826
5348
125413
229024
26233
10572
11022
11856
9148
5750
228914
6785
49880
4413
8640
11327
5098
3294
2549
8785
3305
10234
5556
10472
7848
9115
3599
8146
13352
8210
4134
5444
55351
29580
5101
3895
3268
8356
7777
90236
4585
3517
2754
6333
7833
7476
3127
43952
158900
19755
7458
9770
4544
10864
7069
2993
8521
7841
11136
3881
24003
51927
38395
4048
8652
13256
7150
5360
3594
3399
6068
306434
84119
67113
6665
34525
125195
8561
2477
9973
47784
7989
9462
3400
97311
6980
10398
5898
11381
52893
11463
8177
2272
4702
11060
12385
8478
12431
5003
47044
10307
9876
150027
6872
4799
8369
7749
2575
23343
72684
8851
8895
21625
9322
99070
5863
8347
10666
8244
5293
434582
244567
285553
72891
42595
3865
9155
8996
8784
37135
11314
7210
7917
4801
17097
1979
8276
9829
7065
5643
3627
12523
8574
120130
11052
38291
13792
7104
8085
9664
7200
40954
7960
5514
74757
8887
8994
9008
10295
106770
13096
7632
13289
36652
7471
3756
13948
148628
9840
54258
97433
196352
140160
27732
9694
9399
45393
3737
9903
7745
7817
320550
4341
8868
12370
4855
81215
139067
8260
6177
120955
13683
8787
7982
2158
12633
9626
6027
8082
117003
8415
12828
20508
7329
8705
86475
18914
3437
4280
8575
25791
4362
8507
5051
10817
11598
6620
94170
7554
11404
6473
9052
4443
95235
12198
27709
8733
169303
6947
3869
7871
7855
4786
8509
4608
5686
10906
6991
168610
6670
153306
3950
7450
14322
9178
9812
8660
14842
29329
8452
3616
4893
279933
6560
27558
4699
16980
25215
212073
157306
5536
4753
277116
167525
115652
7169
2029
15726
4765
5858
154132
5222
10895
40259
5668
10857
6554
4444
53415
9093
13756
3906
9581
3306
9267
7250
72132
40303
36466
7419
9232
145564
3682
7051
10110
9592
6755
6213
11516
9414
3939
81221
8354
9730
2521
2039
6193
4512
49530
29824
54729
5309
8326
24443
3976
6777
24938
12773
75717
109317
43377
5231
7714
7456
4325
41523
5133
4836
6291
105154
106088
2251
11192
2411
4360
59317
13210
131280
11074
4609
6331
80467
6914
8977
49987
6593
49366
9970
6477
8742
10475
6409
4363
6070
7676
113348
29335
10401
11721
4608
7714
4034
6164
6109
10971
196191
3682
5987
5913
5915
5700
7121
109839
6285
2546
8005
290090
196699
6665
97841
6778
15621
10259
7969
123944
23024
7200
346856
3058
18056
10289
23036
7895
7985
27883
4867
51142
25319
9511
89786
5729
10604
8277
5430
7441
8097
5468
4757
8106
2498
5893
71671
4646
7288
50222
9568
60153
2996
9374
11231
142442
6662
8280
8387
5599
40737
8105
7154
3750
5023
54094
6762
8264
5327
3944
8786
7016
6464
31654
23151
6479
8162
9026
179798
7756
7660
11908
50091
380245
16229
2717
301296
11172
10914
4547
1889
13133
5904
102476
7807
6386
122960
6769
9042
7777
11249
8266
123487
57456
2745
43085
8631
12392
3271
120272
9454
15383
108750
3297
3176
8885
9278
59256
4279
4926
14839
137534
60960
296457
61722
3457
4923
9915
10839
7090
3983
6732
6859
3980
2657
7978
26268
4089
60510
4671
4172
66718
11546
4035
7262
5205
6806
40227
9189
136220
3907
5873
38729
104828
9171
7997
68608
9167
12510
3167
9307
11390
15182
35998
3733
42335
57919
6493
173668
8188
2969
17679
7948
3043
82724
9055
89631
22036
7791
4050
4706
47544
8246
8938
11667
13899
8210
7471
7603
7078
2088
7330
6446
10102
19552
3492
168615
4754
4712
28922
20291
98093
19527
1822
76227
6058
4543
10199
6329
100912
8546
5813
58379
9422
11655
6270
146199
9596
4194
8283
320957
8047
36869
10001
3322
9920
59177
9821
4842
7292
10762
5668
9196
9234
6063
60264
7070
33460
12124
6589
114349
34327
87519
13134
7896
9630
9779
28134
6830
5796
77884
7336
20452
24154
2792
15331
13822
6864
7274
6049
4585
31576
8681
9812
11000
40808
11451
24064
134733
13015
10070
4159
46375
6498
330830
10104
5585
7431
68125
47124
170725
4203
145636
7827
3912
4607
5098
2069
6858
10275
10894
12110
2251
10163
8345
4404
9283
6300
158710
8474
31788
20042
7071
76239
5007
8435
3983
6614
49430
10392
9164
10712
55936
15403
5387
5614
12391
6200
3486
5860
5738
255656
8146
2918
6469
13857
7867
34117
5951
3489
3756
221051
5347
4359
6166
6437
22872
3140
9310
49574
13178
10298
7343
92852
8045
16563
6627
76642
46741
17936
9850
5526
4691
6691
8512
13058
6464
2242
8148
1945
8019
9854
7935
105721
83486
5222
7278
4954
6423
3677
6597
11915
40236
9409
121629
2835
11140
12100
8916
116525
96360
5705
27210
35598
9663
138452
2139
10402
154200
6410
6837
15531
8330
5416
4652
5446
3542
55099
7052
28474
39137
6810
7400
122084
4497
4142
5961
4419
1968
15370
10499
76545
290498
5430
7584
4623
282772
109001
8898
8074
23811
7300
39584
21676
7893
10535
4703
5110
4782
26368
2350
6917
6931
112340
68697
7045
3435
7011
10039
6833
36065
6716
112947
71587
6963
3577
15348
133632
7434
4818
7876
6452
115819
10614
135946
4721
3763
7689
75347
7830
7936
23864
7842
7194
150002
10619
4834
8750
6525
9944
95060
6303
3211
24526
7944
121445
48114
300707
11564
3211
32363
11292
11551
10858
4447
98512
8952
12454
9759
87409
6089
13529
5574
179765
21226
6599
27648
42704
3143
5593
150215
131961
65498
5012
2309
66177
5510
31598
6725
6774
12882
68209
1889
9405
10313
8303
14567
3537
79715
22614
7149
5116
2240
91682
30749
172120
6444
7358
13055
6004
7550
8375
8578
66472
241591
3816
8503
22339
8400
9646
2519
5367
28029
7061
63500
2299
14228
19711
9016
2365
8768
70457
6105
21151
7613
11300
1952
25712
7275
58933
8031
9544
28660
9079
4289
6716
15148
8973
6645
7169
13381
5225
63062
28032
127980
162966
40247
10687
5633
35159
72682
61100
25463
7332
3022
2599
5546
53924
8030
12428
78223
160661
11741
7741
6259
8096
3051
67610
81641
8020
2701
6742
9068
6725
9694
50438
11574
2827
5864
5461
10997
13917
6895
104958
1199
84213
537533
135076
7625
13469
148065
6121
7974
6651
5613
2737
9541
20216
9589
116647
8065
6667
6238
295678
7001
78657
30017
12960
4924
2051
9775
7498
6476
86929
10446
5419
3909
8762
33753
9495
7724
7274
10938
95576
6925
22297
43372
78570
54857
10327
4939
3416
4192
8811
2343
7648
243627
3951
32781
166127
4386
27404
4705
5584
7468
7796
11279
57973
225072
4897
4239
7928
101561
18324
3403
20001
45746
143864
16007
10363
12545
7396
7172
77256
74948
5180
6282
11450
5890
27419
6956
57254
7092
4729
3736
6383
32319
11221
5300
3453
20767
227373
8111
103441
9834
56453
9382
9412
54448
8027
26003
9312
17259
7880
12940
39869
18918
34607
11680
141191
4380
4285
10980
202506
9971
161437
9214
18671
85698
4776
22175
94140
3433
6768
433487
52463
4159
46016
24072
137443
99242
4725
13718
27605
6647
8807
4775
10310
214014
11605
8053
82017
67187
2295
31584
4018
44949
8143
1949
51426
8539
4736
98862
2074
6214
4366
8325
136968
2593
12905
8954
43136
7947
3892
7077
3893
6281
1174
61608
99634
13459
8753
2013
11380
4952
38396
4607
6726
3599
30190
4691
3793
6039
67873
12617
5721
6557
4801
7716
209678
7813
9381
29457
231364
3871
2217
7934
3241
6555
14584
108489
23501
101263
7594
94769
49538
7349
18533
4735
7639
68976
7217
92479
11342
3170
49862
57942
9517
2149
8587
80786
8464
116297
7486
136315
8356
213766
13973
30150
6040
4703
7385
5186
16025
7608
4958
41059
10644
8629
3801
6873
6024
39680
29993
12655
5360
5041
2895
261855
139562
3850
29234
8368
36985
8770
51013
3795
101478
5420
5922
8711
24604
36943
6260
2889
52153
41504
2638
7706
7466
31742
6320
7296
11848
5831
6386
78167
5356
11498
7734
43660
176451
4705
9493
9780
4683
107142
13101
84467
17332
65893
7332
29392
7018
1817
45078
2786
5506
5141
5974
41811
9420
8114
6790
59758
10087
3759
7721
6188
7013
49597
109298
8840
10085
14196
118276
54231
8993
4830
5576
6336
2791
87101
19307
10034
6047
10904
8649
5165
22002
18072
126043
8080
3136
5024
11380
42083
8092
9804
174046
115772
132303
3531
49103
9931
6722
10554
7582
6051
32765
8787
2836
6231
57679
2368
2625
3940
6826
5202
7622
9595
47304
10660
5481
42606
8844
4498
9942
132977
90390
5968
256777
2924
11591
6803
6053
9111
8204
5560
10163
5375
2799
12039
6815
8472
32835
52894
4576
11054
38634
30234
4175
8994
4466
9060
66162
6259
6933
5388
115271
3706
6024
42724
8181
201905
80394
160977
69501
5316
9916
46491
34739
9494
28598
4120
3843
5397
99435
9753
63802
61181
10287
9967
9341
29885
8618
7453
158370
72747
9500
3068
68638
45557
26177
14357
92170
77591
3713
11269
377809
38370
20329
8245
6007
5328
7864
5041
42579
3224
3809
4107
92539
7836
2322
4917
6133
4930
3589
11354
4785
12411
3893
9162
8870
13568
28566
7342
15450
6964
27815
2115
2665
110911
152498
55937
3863
3023
3268
6132
7600
9838
12471
6952
4494
2046
80692
6107
154410
128133
11711
116592
6237
5270
41719
3566
11323
8235
8454
4005
6410
67754
5179
38469
6550
45001
4452
193769
9511
5594
170473
9785
14717
9190
31689
7608
29541
6960
224363
188439
11129
122185
9268
9467
78150
9004
172709
20395
7771
3877
5635
3485
16507
9639
14146
1569
7998
7136
10064
197494
3529
133643
8739
9631
10157
8669
8913
6999
213276
57452
59768
7526
7659
6183
9128
11247
10434
20521
2385
9991
8857
11615
8858
7059
12524
9414
3418
114695
73808
10732
46130
8562
2351
25798
11115
28404
17362
8625
8126
64545
165375
24366
57711
5398
9285
3279
6428
7313
7277
4685
5385
85056
251100
49195
191027
86506
9348
73922
3503
1654
16272
4371
11579
10199
3738
12260
31472
3864
5619
3594
9885
1638
3898
60764
5047
90135
6584
7077
13082
13332
90664
4228
9499
75025
11042
3437
5379
3290
8119
103650
5732
7824
10139
49158
7784
5277
3184
6304
13484
2310
6105
5933
146205
2344
71738
81237
51348
110886
124649
11877
74862
31634
10338
10347
9966
9152
8795
8564
1606
6353
5283
9280
7770
12678
9311
3335
50562
7244
12439
8069
7619
30177
8522
7278
4254
2446
117650
6272
6047
10267
54407
6280
11002
5186
6156
121155
294895
5781
114917
71537
47908
4550
7938
11635
5011
6900
10101
82595
80847
53080
22096
8948
77831
152740
58183
2565
115797
6524
5621
4152
10123
107897
9723
5057
102188
5067
32641
6044
6832
15349
5625
3554
58897
34714
5775
8278
74831
6942
37659
9481
2840
5262
9914
36565
10610
10714
249087
68556
4441
2290
6866
2562
7044
4949
7189
9449
5073
8379
31793
3307
17336
9290
6781
3431
106739
39834
5465
237823
8732
29171
278691
73695
10058
4262
8117
7710
64402
11636
4977
95701
93940
6872
7623
12575
57133
6004
54729
144674
3322
5515
3158
9353
8065
8616
20596
6753
38451
147911
92227
7062
2478
105821
181246
102680
7613
6132
65526
9503
13377
7097
91382
12005
2486
113698
8235
119069
2966
10000
11610
9252
10002
13234
7202
6001
9720
9206
4873
9565
9168
64667
47128
7526
7864
579471
156551
3139
13256
24178
10088
4764
158216
9462
5103
6899
46574
10880
10277
47396
6167
1636
164517
11777
4513
4297
4659
91730
7505
6827
55399
6257
5627
167688
7154
38549
9224
22839
36044
2705
11265
33784
11368
14876
191615
5472
11015
6217
4985
4895
6090
2204
9875
3504
10635
230832
5445
135100
6314
7424
57506
116625
16500
10830
6632
7398
8574
7948
8351
15697
8496
5930
466355
3835
5173
53511
4765
9876
62625
43815
1925
5393
7277
6584
10948
5201
9806
5308
142049
5867
8848
10255
5236
10628
35670
8449
7719
5567
5377
10976
22494
7651
11261
7257
8660
44386
9100
5849
8193
8632
6735
34560
2896
3684
163157
8129
97144
10485
27756
5817
4367
2973
9093
9016
6183
16780
9105
11848
386893
63663
48806
183822
11341
5563
15897
8223
8214
99563
12911
6542
9161
6116
6175
8636
9591
32321
9354
203796
9260
17445
30378
6888
16202
20721
6275
298087
109134
7765
5231
7378
8468
3775
7502
13337
123939
4655
4556
2523
15238
89932
3378
34370
68217
4297
9057
7220
142782
42964
3260
1050
7106
3355
6515
108535
52191
12720
41553
3325
8313
8085
164302
7526
6852
4530
5310
4008
7131
118656
3309
7674
133609
15536
15736
12539
5723
10694
139701
6667
10837
5171
36066
7896
12164
6152
30351
37039
4069
13339
31031
6782
10644
8043
6102
4865
42163
2823
8959
6333
7522
7680
9369
10161
7397
7499
7889
3231
4716
3497
39435
57310
19185
46965
2744
4985
16015
8727
2811
12226
7219
33811
8178
75124
10452
8612
6104
6157
1278
73316
4908
4666
7363
21109
6278
4033
3082
9454
5923
89801
4827
8925
8305
84074
4102
147042
7801
9010
5607
7570
10718
29201
45319
5721
3434
6712
6275
6384
75606
3614
90722
7962
10366
6021
10070
69003
5148
4903
9681
7877
11734
7466
3958
10331
11142
11061
2541
5785
75898
95516
24106
2577
7353
9905
11096
7231
44368
40436
12544
4986
3448
7948
7222
14117
8212
8427
6564
10469
8968
11036
42518
36488
5754
7581
5975
43373
62798
5988
33124
5181
19106
13368
4715
11257
25026
9765
118590
10692
106866
4471
73437
56891
4746
7621
8126
6184
10502
9782
7812
109398
2648
11001
58476
5454
6633
3582
82140
8189
6287
10222
2121
6172
7849
2466
8152
108253
11198
8618
8153
5528
6160
109882
13563
1607
188808
3914
143261
262349
5693
7640
5650
9796
9342
9773
9423
6038
2583
4857
3764
12406
8735
131321
6097
9944
3860
7354
26282
7261
4991
93509
12422
6048
95632
6960
7105
90783
10023
8752
7373
20680
8919
9490
5722
6898
6485
3308
34119
62000
9895
55365
4450
13648
302025
6211
75020
3981
5702
153875
42092
2131
61598
71528
3512
7637
8112
8023
9587
8253
91998
4427
3147
29688
10165
7095
8101
10824
25623
60059
60084
8413
19972
5680
8167
11294
11687
8512
10843
30375
8291
2164
64678
36118
10468
139365
24826
53367
10544
24977
11884
128049
14805
36821
6692
28518
6690
5688
7333
62104
4359
8846
41336
7568
5931
63687
6968
8612
625793
9066
3992
148296
15331
9222
7151
38721
7916
5052
28022
3731
183454
30975
7957
10362
8824
8850
147801
2784
5896
7177
71588
5832
6052
25518
6249
4761
164863
121424
66350
108527
9174
5283
8899
7259
10284
7032
43853
339959
21211
33568
3560
8326
6982
4658
88166
5830
5775
8466
7515
11469
75173
8719
3381
9670
6306
4556
3388
7786
35517
12044
2959
6517
6827
56370
8982
96099
76777
9354
156756
152063
6825
6680
5386
7991
6933
26281
4312
3036
73450
5300
10560
64706
6931
8885
8871
88454
7234
6745
5205
3430
7964
62589
15189
68245
9110
14099
5218
95335
25864
32403
5846
110716
5321
7911
10662
3113
6939
111135
10191
8020
7508
36913
6905
17763
7713
8312
20992
35200
105742
5631
9157
125721
6984
8329
8920
6762
147812
7962
54224
7657
6086
5743
3778
3274
4923
70697
6864
10759
6434
12098
5683
56342
7117
14095
7862
15225
7955
141592
90015
7201
8072
5319
99981
6784
2788
7405
6140
34729
7406
5359
25160
12029
6056
6548
187755
3251
212888
115737
3799
18547
185127
7499
171717
3799
67859
9719
10534
7118
6996
23295
9183
3861
5475
7371
6291
8962
64237
47066
7376
3850
104856
8150
12790
6140
5432
7711
4748
7816
42452
10775
7818
9183
5868
7052
6707
17089
4106
19660
5302
8576
135432
3398
4306
10972
9961
8255
10117
8478
81540
264699
4469
5313
4773
8124
8295
7815
72142
7815
2101
2173
11091
2270
37405
7922
6775
133760
9915
5599
253752
7732
55841
82932
8145
108958
3846
7927
31550
83215
159736
7722
10622
8906
5404
4525
11450
23234
21825
126153
56716
11208
11526
30632
146252
11887
10053
8864
51838
3672
6663
28268
6293
6544
6847
4947
5803
8645
11254
5872
29979
20964
8807
287961
7576
6088
6039
3204
5019
6404
10646
12512
63771
3886
9761
6107
10287
8254
8230
11851
3762
147188
6093
7519
6258
4908
58218
8468
136399
9335
6701
31811
73831
8111
4828
7357
10665
7656
111068
62061
7399
192289
5766
9792
7105
120621
10617
9994
25290
4946
11983
27472
48571
8014
3027
3829
5901
3219
5642
86379
64947
6914
15314
11324
9976
32520
13540
66727
30679
95292
7084
6397
28969
9528
7531
37252
9564
117293
7210
5885
2024
10103
8012
5603
22587
2853
25286
34225
10002
80739
194610
188489
6169
4511
200365
3437
2796
4795
10201
6427
4739
7452
12144
8552
177109
3288
6120
8860
95509
8721
2165
9522
8472
5139
7476
7264
1990
27379
9288
8464
16862
49474
94499
6373
10075
8121
4211
9069
6223
7428
13054
4343
6295
71512
9117
95926
10770
14368
72000
9238
4469
5771
9713
6255
10072
5488
11490
3889
18422
264796
43004
7110
3537
153280
10266
6491
6087
6867
98232
2314
8422
9227
3346
10508
6288
147627
5770
5058
46767
10345
7999
35679
76405
7427
2325
30218
5781
5844
5365
6989
84411
8842
133931
9506
5343
6844
2700
9347
5988
5983
8722
7392
5716
4027
7186
28103
8915
2729
4532
55257
1929
10600
283598
18230
4721
9440
40117
35641
11439
8722
7741
7729
31747
51333
7767
9624
11353
9049
173715
7563
7085
9237
3846
1742
7460
55409
5691
47763
24441
8985
47270
43678
7796
35640
172906
9857
7493
8619
22429
9516
2543
4529
5052
3520
1927
33610
6440
7962
5947
136654
29891
9059
115226
11409
12199
92432
65913
122768
81309
8424
8866
10024
3241
58736
29389
7183
9735
91246
9296
8614
5002
3326
3887
2959
5193
8024
39596
11739
8823
3372
7814
12908
59946
133092
3056
4174
7790
7188
9433
10358
10045
8581
61958
108642
10473
6663
4277
67301
98832
8256
9345
15751
5561
9661
10706
109312
184145
21600
9356
227038
42905
7178
3646
5788
9134
24925
92656
11166
7564
104238
6958
210132
4353
11620
44802
158360
9100
8958
9702
39062
9227
54036
173323
9854
5710
8912
5036
4351
9154
50771
19206
124783
6709
6879
78382
5991
4810
6226
19231
9638
9363
5719
8727
6397
101702
5678
8961
49394
8700
49212
7703
13449
4370
2756
43275
6411
5444
25138
24933
3102
7480
4655
5436
5559
7906
32331
7407
9619
8172
6152
9731
4449
7976
8246
7315
4573
5325
9511
4838
6734
8752
5071
5963
10979
3917
10337
2035
10448
76808
9228
9175
6308
12416
7726
3135
5103
6908
7711
10684
8859
178718
182469
73248
6279
3083
139585
8365
68458
20510
9562
7178
7817
5096
263291
66892
23777
4226
269271
5165
5355
59143
6647
3380
9104
6771
20223
9703
5174
50418
9878
1979
328092
10467
7806
52088
3886
8150
120831
6183
6707
7587
80426
28587
37159
104073
5440
3968
9489
15977
10573
3383
40700
35147
12221
38210
9547
3889
3494
7853
6717
11274
63608
10497
7181
9012
8676
9485
5029
7390
35127
8026
64794
102536
4364
4398
8166
10689
3438
7454
21805
3767
3766
2696
4060
5642
67665
8664
6751
9007
5229
22546
35854
5442
28983
6361
9485
6459
22737
7268
4175
43419
38255
8273
14570
29310
4392
7097
16073
11013
11089
23717
7986
6235
19608
37115
39739
10048
34832
13072
294724
8979
6057
87656
9326
5880
152001
147210
4849
40576
9696
6627
4174
34799
9262
4495
5171
5757
3616
217960
5425
108001
9692
18953
79143
68638
112409
10795
244324
21915
30392
19634
9994
6363
70091
9147
5152
6873
9990
6897
60247
6918
7220
125505
6888
5553
4066
11047
3159
8531
5555
11639
49622
48604
8289
8787
6688
8326
5648
194908
6855
8269
11684
10200
8483
10357
18361
96708
9807
9999
27345
32557
7997
5234
10083
6377
11256
6746
4142
9256
77804
194535
9201
10125
74889
134706
7207
5428
3492
9966
8626
19518
4784
10178
9186
3557
19120
8398
2996
81093
20496
7559
7051
2991
8498
149623
4043
7909
15472
3945
13771
8780
10500
3458
8302
6897
8566
5683
51005
9119
15410
4737
6066
9966
2152
5496
160521
6124
6369
9283
10430
9461
6287
5431
119332
9092
4099
10614
6608
6716
17939
10416
4305
62987
8784
5357
74109
4164
4573
163952
3908
13826
4644
96537
8488
177607
16930
8835
74108
8344
10075
5682
10155
12584
8403
6003
107909
217491
37386
36791
6372
10230
4987
11457
36664
8657
9316
11680
9313
6386
70043
6937
7486
8078
2765
10062
35798
6878
18608
3789
6972
7236
6179
8405
8189
71482
2444
52781
41402
4634
5847
5833
114017
78402
32458
10283
1861
3628
6958
292587
7439
8219
8552
9155
8062
5790
8284
143452
112275
4822
6545
9011
12427
8895
5965
308110
38265
5400
8363
4368
10532
15615
253642
42211
357130
262574
6175
5836
7624
6223
54457
30015
6781
94531
48619
5267
43605
68122
10532
9340
9021
2865
6562
4384
5567
8316
34259
6830
51502
7026
9648
31362
10912
4402
4013
7713
8453
206156
9115
5007
140163
8235
68997
95226
2962
4276
29947
71432
4264
8941
4860
55506
123063
12574
192348
50606
3536
8708
9125
9724
8894
4185
74214
9103
6674
7656
6881
5153
6860
9246
8203
10076
132861
5601
8492
8663
186719
7215
15401
6507
183313
100578
73241
11544
4929
4569
39538
3425
8397
7926
9156
143483
7552
19521
22933
17403
10238
5562
10724
212207
5214
7963
6839
9845
36639
2709
385722
10306
9535
3900
64293
6228
33247
139816
7734
18257
7144
11510
7093
95115
32076
10575
3716
121860
10099
62330
31439
2930
4954
53543
8165
97407
107073
42593
4136
30480
11023
10276
1910
2656
65946
8691
9959
6576
2736
5897
60193
60063
84061
8292
7037
15304
8199
4595
11857
3452
3774
5020
8236
11744
5388
8975
127079
7293
7432
40194
8679
13602
149288
5090
4324
71866
43849
8693
179371
9194
145931
39826
1638
47333
74820
8591
7582
5734
9186
5940
3096
46531
6026
7970
7254
7185
11190
10595
7284
8060
8061
4520
6821
8975
8459
28752
10388
7208
6661
6906
2241
3873
9008
11959
8437
5483
20928
160944
173230
243883
43235
88181
3736
4371
5622
130876
3983
10180
74327
8500
9375
5640
5549
127247
4379
12934
8916
3365
11770
106406
13024
11194
5923
6545
3252
9411
50539
9842
20560
5204
7562
205365
123864
14240
79352
7160
9762
7745
6342
54535
24231
3749
2314
12110
2895
13874
3347
7785
36413
5094
65699
14760
8916
17409
8331
9411
3253
5417
8098
9820
11477
4494
3907
7454
5063
42916
8930
6624
67992
62683
82590
7988
10953
8865
8787
7617
14013
8760
85310
2564
334160
4455
8579
6716
7742
63815
5857
5711
28797
16109
14652
8961
11536
61547
6586
185452
6796
6280
5348
104509
4392
27892
4102
6252
8596
135781
126178
78136
70876
5262
5686
18716
11080
7482
6326
63310
12335
3867
8083
7129
145443
3069
7315
30697
5234
4051
153340
19816
3432
3373
7473
9720
14086
10387
5864
8788
407776
5695
4372
1813
8127
6372
7378
102089
5573
148035
48923
8983
84576
17618
110387
37682
73849
8332
8488
6125
9527
6945
10835
4333
2212
6686
13776
11095
9814
10426
285339
1842
4719
7812
73438
2683
8945
7896
10171
10393
5357
6344
8403
8734
4286
2879
37574
2101
2433
37622
9559
4996
4444
117670
4550
8103
23328
4806
8276
134525
21089
183705
6866
2912
8116
2939
9639
43963
177628
6852
6431
28527
12044
2914
10747
8064
7109
5958
3971
16778
5113
5343
3040
123328
4264
7477
6191
2335
37133
4176
83974
115051
7930
7046
8647
2858
10340
5181
128651
10396
11386
7479
4485
9086
7841
10566
4541
10016
2867
129823
4404
18373
8993
264890
250846
51142
5831
11829
6058
8707
4110
8510
10649
6396
2580
6473
157719
28297
142433
12423
2982
8059
31510
248764
11422
258706
9670
66465
30967
5480
11023
4259
3519
2479
2183
6190
6660
83738
6941
7134
11656
8265
7357
3866
2592
5568
105737
15837
4881
5201
11178
29367
125813
103435
168831
156858
3445
104737
91651
80903
8024
106743
52693
5994
4046
187639
9730
286865
5104
6227
4284
4457
68672
7169
4886
4591
2935
53069
75005
190396
3380
5609
46409
4260
1838
3891
85431
8297
12383
80526
5177
7334
188263
72937
3017
11373
160099
2609
101587
7481
15469
5635
6856
5522
127491
10670
6676
12075
47168
99580
14214
5855
4223
61373
4630
5539
5742
10089
8013
11588
11600
6099
4573
77296
5254
7908
11381
6122
11497
148364
9212
8227
319830
50357
7196
12096
4012
200410
112551
7164
5653
4042
4680
9880
25742
91490
8378
46294
177127
1738
2290
4869
87180
5687
62772
9209
6255
12728
7165
6802
187016
5956
1938
51933
9013
6177
8159
7376
175346
5624
6424
52940
10165
4559
12364
5599
10210
7432
60428
7983
10847
6545
122899
7164
332541
107621
7674
39612
4307
8386
105499
1985
242491
5029
54675
9693
54700
6156
10510
2328
6992
5055
9721
9328
58418
10344
8562
25678
4475
39555
34418
5177
7186
117317
8890
6503
145460
8603
10141
9316
152563
10385
5171
33346
7254
12022
5373
6934
6695
11955
8224
22827
4572
6451
13629
25310
91087
2191
11019
6953
6044
6050
10089
11823
4447
6044
8989
9978
2951
7868
2196
11321
9637
14106
3053
10171
68767
2732
5957
42885
9434
5371
152902
11077
2884
59406
8555
36518
5208
94433
330328
6398
8341
8990
6175
106478
8158
10596
4859
30632
43246
91447
7523
8606
8113
2521
2336
7525
56127
6592
7888
14075
3005
3544
6404
2655
37105
12069
11537
4854
8165
3657
90619
8843
1469
10846
4645
13735
6065
5731
13329
9019
108947
82963
6045
5716
10201
55285
8174
7530
3747
34900
54100
192945
112582
10952
72471
8187
9614
11188
5755
33937
10153
106173
13471
2331
58526
5042
3683
9979
38644
7399
9909
6058
20207
35399
27627
5257
6407
11192
10579
12016
7343
10235
9336
8039
12464
7695
7085
12788
3030
8117
3642
43530
11425
5081
6652
5313
4700
7078
7021
174856
8861
20684
10229
11315
6879
6302
6327
3641
145752
2186
23874
10033
122645
9398
53176
256853
141399
7437
5054
155355
6291
8566
8930
4747
49988
10868
8611
6133
12148
35126
13173
8788
5051
9635
6769
7659
5008
6169
43486
106925
14801
9165
12363
9118
65567
26256
9952
8358
12558
4191
10260
5381
16591
5354
65825
84512
52162
77970
4349
20943
5066
2286
183770
203037
115589
5805
5863
8552
6372
10102
11677
4950
6845
20375
24299
7671
91941
6564
6081
8947
226907
8243
3789
174639
4778
9452
66782
44426
6470
69858
35368
6934
7933
271384
52180
10947
12122
12311
23461
51195
7678
3646
165172
172179
61883
116446
9305
42060
6988
26114
217024
2781
157258
50911
7276
4322
23043
66351
10652
101571
37500
89576
8793
2675
51344
6579
107361
5731
38776
61085
12908
11604
8852
3354
4633
9865
13846
1840
5970
27240
5716
6064
2515
2243
11060
318248
10517
8702
301634
154328
29070
9277
8181
69873
4868
4354
5365
4592
5455
9823
8268
4288
7713
5346
28897
4330
5449
42739
8686
12149
23336
33617
57848
52986
8163
4436
5887
10063
6242
30481
10509
46984
9432
247626
12036
8657
23151
5705
5800
376365
12611
8138
6908
9999
5702
8513
118846
8989
8058
7628
9065
164875
2530
8637
243025
5672
29179
9253
8760
9149
4503
7900
6024
5828
6908
94412
5318
10593
185119
6161
131814
6236
9302
195179
5608
32677
7108
4767
137800
47400
5041
108217
3035
86133
49188
111922
5077
5988
10050
8057
5130
11251
8628
6245
4167
12826
3837
15438
4171
12444
25085
8219
2905
6607
9456
8727
3261
8091
6382
6201
6229
4883
8903
3298
19459
21451
3496
9168
26677
7603
4997
6140
8497
28556
124561
8720
6185
7120
8460
10392
103043
9886
57201
130131
38984
5611
31536
5784
32173
8701
2248
33790
10000
5562
3719
4056
5473
9395
103490
9422
55066
6438
5484
4558
13762
7718
6463
9487
3988
3220
8321
109194
65355
3854
10477
55524
6555
12478
17061
7175
28567
21776
9303
8574
79191
8776
6847
65988
20364
10165
33328
3580
8748
262741
4163
4479
30744
8239
114839
4281
8643
6679
13104
4130
4981
11468
11663
56124
4665
41110
6120
5790
2860
10919
8669
10362
11772
4741
12397
30608
9291
4036
9053
47983
8252
185122
7313
137289
8019
10346
5673
8252
5393
4834
7041
6404
23724
14950
3777
5239
3329
9732
5283
6359
16681
29684
35279
22219
3384
51586
7442
55300
3452
3856
7468
5934
10390
7787
12678
26856
9199
8003
8573
87550
8651
4081
5296
4343
5722
8584
7397
179074
8186
28947
7548
9445
4595
9402
11073
4504
7513
8040
14830
5403
44544
8012
6646
9455
7644
5978
58602
9939
26212
3418
8844
184174
6214
9185
42431
76829
6537
23018
455531
6637
72341
9492
1965
13283
2471
1475
38139
8506
47325
82169
8595
3732
2374
7650
8409
7267
7475
4393
8397
3210
7626
81680
9070
10813
8171
3656
63428
19177
6986
15753
8551
5587
40755
81888
7757
10178
8091
6097
28531
10034
11782
3328
7030
9453
4890
5343
10034
5103
10182
12715
4161
8532
10344
31548
6654
5408
8054
3436
2821
6486
8450
10247
118000
9501
40196
7609
12814
6530
8014
10822
78035
5537
2598
3385
145860
9820
128702
13105
184783
6170
219123
23664
9869
10408
5038
9930
5474
2964
8269
56636
6607
131056
127241
144531
39120
1632
5374
12181
2824
68120
6652
5385
10275
8689
2493
8388
9506
3729
5204
92131
28008
3874
4900
52907
7942
29928
2733
3926
10429
68833
19812
17683
4889
83066
44320
10786
6630
4450
6562
7123
24617
6448
7234
12798
268830
8483
7919
6687
84269
134676
9750
8817
7435
10983
189979
10669
6645
6022
68529
9215
136206
14951
8481
10781
6023
196713
4027
13240
6196
21608
33073
8109
47551
11621
10598
7201
78978
3502
10391
8734
12087
9549
6270
7614
81283
7428
2765
6299
37324
5852
3673
47678
253219
8807
7250
51816
7941
3495
4201
118368
371564
5503
95110
52095
10280
323197
9024
2812
9068
6383
6729
7794
6046
10777
5404
12073
10642
110555
2594
8360
10384
8517
6637
62935
8444
61427
32377
151512
27950
5865
27353
207089
7262
74750
9325
80395
8040
12154
62867
18602
5787
5384
8483
4310
10013
5091
52281
7035
8426
340488
8066
49164
8230
65112
5188
4853
5161
8177
6313
3331
8546
38266
10594
3685
170652
33469
4863
12364
3120
7938
10352
3864
5459
10819
6546
8956
163858
111302
208999
6081
7510
32066
6577
4591
104488
44911
61753
12271
11322
98325
3608
77038
58946
13085
140307
92890
23872
11080
5858
4826
5975
11946
7546
22369
5831
77730
9686
82157
5877
70668
11116
9064
8519
6709
4402
17049
12131
8692
8596
6207
11295
8677
7550
192877
215090
28966
8048
1869
8743
99016
8757
3247
4209
41039
122940
5267
43798
8461
243171
4399
5058
8144
6609
241408
26023
4762
2653
7577
76803
46585
4443
8185
90066
12956
3947
3472
7385
9598
6394
10236
9707
10063
98479
110588
81089
7407
4998
6833
7842
11033
5140
6735
7245
7191
79844
108647
8543
13796
153571
38716
3338
6230
4935
5388
7193
6633
7249
17419
3806
5913
10306
6629
3485
188973
78818
11866
12247
42881
82472
7349
2328
8818
5619
6904
7222
4998
6680
8941
5751
4585
62275
6487
6259
7280
236609
9970
26428
5309
7221
22707
100687
6568
11894
132136
20327
8128
1870
7733
7237
2743
6013
13945
8400
7309
7809
5998
8433
163188
29440
6292
9334
89686
35583
129973
90798
361409
4465
3317
10619
8946
8259
13073
9467
18533
6133
7273
284030
109083
457791
8871
5495
5753
8010
6795
5787
8979
5482
9393
3803
6685
4198
43137
60399
8771
3792
54249
10226
6087
12012
9405
5135
4797
3822
6314
4691
11750
78867
18008
4407
127424
17059
9272
142613
66051
29979
5251
31778
4230
6225
5558
48854
69548
3076
8001
5470
7915
16428
8361
11635
8563
9569
4454
37564
8605
9611
238177
129847
10380
9167
98931
6612
51910
12426
16006
9839
9984
9257
156849
4888
10702
1452
2572
10342
6168
10201
6253
6571
391477
5265
6220
37912
3951
65381
111362
7484
7697
8523
2009
8708
2746
5568
9101
11566
75280
7310
74890
2289
35106
7516
7404
26843
15308
6113
6429
57587
6633
43920
3289
7159
137095
22956
4336
10972
9145
8550
6302
224435
4009
16646
3441
8809
7861
437032
9079
8022
6370
7735
42170
3749
5681
7654
10256
6593
10869
7354
89088
19846
48652
6052
9145
4937
2799
10085
7393
40330
9502
6843
7981
4456
31140
4043
4792
7638
7117
75951
8417
5727
35918
4108
9454
28267
18370
8865
8931
3445
10357
7975
8499
72656
11128
6516
28936
12293
63651
30828
3665
6766
60359
48856
171330
10153
7502
10110
68192
7794
7038
10026
63776
9173
4518
6164
11790
6196
7245
150330
231271
7017
6626
105430
82496
82670
9656
3902
8414
75110
5364
6382
3365
12098
38522
96231
33076
84696
8419
4426
7047
2496
4370
5416
2506
3005
10706
86791
93802
102361
56666
20705
9757
3087
71310
2372
26480
2380
9199
7955
30212
66459
175834
4201
74674
9496
9426
3915
14223
6152
45933
1925
26982
91315
3475
8189
122120
62790
8949
74028
9969
84479
6225
32771
8106
8163
126355
12999
4636
1791
7045
74887
7317
9642
5028
11241
11161
6645
7288
9464
2593
29597
9905
25893
2870
8633
7333
370896
4220
38223
4784
5734
3931
10287
9872
6050
7020
4045
12574
197256
8578
8726
5549
8386
4210
9756
10341
9487
49375
74379
6359
5297
3565
78169
2991
144880
6787
20787
11043
8596
9094
2657
3010
8373
8175
7966
6765
8707
4523
7792
80045
7037
23805
39097
9928
6418
70803
10459
176892
6842
5409
18623
116768
11477
3722
10056
2563
9230
6829
5552
8273
5143
6647
56339
6039
2762
5866
8138
6882
10314
4093
5431
16167
8357
127586
8224
12690
7421
5328
5547
9663
8063
9324
5343
36216
6564
6238
9240
3537
9841
6619
5512
9586
22534
3608
1825
8299
13610
7881
1744
8563
4084
167691
4272
12380
215549
8508
102804
7945
8927
7133
6328
4708
5584
54892
44265
5698
3781
76474
7743
3891
20180
4458
39661
5277
6454
8596
52338
39403
5865
195834
13376
132016
149853
8679
59313
8220
1892
18595
4615
11836
77638
6116
25876
9534
9177
68774
57888
7743
21994
5668
142145
3666
6658
6612
8367
90458
7193
6194
7510
207453
6141
2679
43479
6294
2473
6943
78865
10361
8683
10713
5721
9395
92004
125761
28819
5745
5398
7508
386014
98039
6335
7285
8870
7284
2864
4933
57128
7562
24210
8750
10094
10595
9129
7419
82179
5119
4404
2423
10389
11539
4958
205342
8551
10339
40615
8290
8340
7133
122232
11516
50027
10218
2295
6458
6066
8534
4168
6787
4713
6286
8586
50815
4303
9243
61357
7526
5008
9464
5596
6996
5875
7033
8998
7798
7019
167483
8402
10096
6228
6980
3385
123738
2061
10233
4021
5850
4661
15029
28302
8752
384293
3397
7340
12121
44157
4192
4105
4048
10241
8060
6444
94766
8045
9557
10555
3956
8782
6623
8569
7266
10000
6128
7570
7444
4608
5998
92826
6091
8754
5566
4163
4004
2326
3144
85226
4276
250559
10599
8475
69748
8281
5125
34830
8564
97304
11766
7360
6876
51085
7496
5056
4936
40620
130037
3520
76311
3563
40149
3883
5598
6662
4530
10800
6980
44366
4583
7054
8348
26585
9491
9484
7994
183433
4331
69161
9024
4869
10789
5047
9382
5759
7124
142692
11106
8892
5236
3651
64953
4933
90489
105843
7367
9823
2036
6223
10288
14554
7914
89693
10204
71893
4634
7176
6048
9478
12552
5237
50490
9452
42335
6531
73704
10450
9623
26243
5893
25994
10166
9380
6021
86891
5444
4396
5870
43223
42305
10694
6705
8414
7696
7966
6636
57089
8607
5507
3017
5751
8912
2617
207575
5354
5898
6038
7078
5636
3083
7917
11228
5231
4677
5269
6239
59666
6463
5453
2008
5287
4135
3119
8220
4261
151004
4189
8116
9320
16396
3828
84682
31151
204695
9519
54451
9021
8476
2394
4127
10166
201950
3177
180211
130006
84532
51651
8302
171960
401308
6447
4940
10707
3165
4234
8889
3971
10599
4744
116314
84391
3241
265631
25249
133481
8993
10733
64487
8128
6494
4723
10441
6687
3231
3299
9175
9319
69930
5067
10929
28730
7196
5894
46102
5244
9148
5103
11904
10911
4906
6079
9553
2118
8133
10128
2874
9423
83217
3484
10501
265254
11722
26867
141742
179353
5901
4870
3619
96312
8845
2536
2829
9147
39233
12759
10301
42507
2485
55719
194458
4400
97661
5952
148151
7507
96417
9016
8915
8452
30596
11165
39804
7270
8885
10270
4798
32649
10625
88906
22496
9143
11758
56878
3859
6830
40521
30764
37029
19158
5854
4725
65930
96268
11551
6269
5984
4538
4304
4477
5289
9026
3039
126722
119740
5023
2426
47031
3257
6393
10544
192198
6998
7330
1947
149471
33181
6169
6115
101141
7022
6520
9136
145540
329774
167521
564907
67891
23776
8847
8428
9892
1332
11737
296140
134140
35620
5894
4937
10099
11881
8999
3945
4922
3341
6390
310144
8743
5985
7719
7627
9545
3588
4127
2273
6618
141640
10284
2837
8118
8846
11731
1950
37033
6798
6839
7711
12006
11183
8218
108916
25329
5669
13675
6104
7289
4131
8123
42112
58221
9225
9192
79128
8949
7207
7283
25421
116261
6092
8473
30177
8982
4402
10201
33402
25683
8530
215650
6707
6022
189632
98509
19561
96249
7564
7628
47778
8713
6762
3339
10898
126913
3591
10714
10583
6958
109559
9132
7655
114235
4915
19482
8033
47736
3422
5978
8003
6616
8036
6536
6702
9345
8530
9583
5085
28499
11597
6300
1657
3841
8201
27027
7781
21434
2326
156533
197750
6321
135015
9056
5631
7811
7833
9540
65090
9221
2662
8145
149667
5771
6232
7635
7368
96510
5449
8822
11179
8653
7817
107775
11187
2428
345846
5999
9544
11341
10423
6394
6217
4438
4445
3188
11791
6875
286350
31835
21617
10561
220979
5364
50765
6644
3025
160861
8819
8524
2645
7078
4853
7709
7956
386148
7960
7132
7552
7054
44614
3605
7429
3650
7677
60032
11171
180259
24006
55217
20632
122180
9352
6179
105579
31299
9888
7435
5213
7706
28308
33855
53637
9196
76069
5876
37427
22634
7621
40430
1963
8260
4954
61560
8836
77849
62404
8674
7485
280028
9588
7477
7846
5213
14146
35503
10269
69074
7542
12194
29894
7863
5992
5531
41308
5548
3761
9123
7908
9198
2205
10974
64241
12891
3797
6779
61801
10423
1714
7293
52632
9040
5940
91000
2564
8876
5259
10926
9921
6944
4416
58933
9770
7240
8582
58440
7587
6125
12992
10355
8610
7176
11961
38088
9491
9586
6711
5349
4006
11845
35134
161242
1861
9022
31086
4331
27207
9736
168196
51644
6586
6648
11820
12735
5004
10524
3502
69656
29561
43215
10057
6322
120349
111022
7363
35018
4246
7095
9003
10637
3458
8787
60868
5251
36600
40131
9624
57782
3553
5867
18982
128848
2374
7350
104324
58986
4874
41286
144021
9749
6598
28452
88170
8404
7305
6969
7982
6354
8960
6395
11995
10928
8915
5986
8733
5583
7426
10050
10332
7044
8911
5268
11409
11002
8832
4326
105523
3063
29640
9718
5222
3634
12670
5522
11648
45422
35680
51754
143464
134110
246743
7730
5500
4283
7241
7288
11711
6664
3808
10255
5777
83669
5645
6652
9092
2948
7983
43514
10265
12049
5036
4351
4756
7974
8541
7981
61094
7668
31699
9347
25418
5757
73194
7633
10321
8762
135688
3209
4754
40360
10290
7329
71923
85139
83712
9446
9181
35150
13217
126163
8465
7741
4877
7112
26304
2228
7799
7839
9385
5188
236021
10725
17895
24742
53101
7194
6373
9662
10524
5521
6650
8631
106979
10646
8000
6364
10884
45706
9758
3085
39065
9176
31272
2498
1324
5921
48391
44416
5674
42319
7135
31015
15780
7072
8285
9132
26088
11798
2556
9001
11239
18656
12869
41774
4799
5023
11825
4440
54893
4488
5743
61378
8301
8995
6916
3173
7260
120088
5152
177466
3558
5103
119052
7822
266249
8751
31705
4149
124859
10702
25304
9916
19349
9838
7648
9591
6705
3457
127835
351294
5658
2972
3364
5832
8942
4046
6973
2380
11804
13283
2342
10527
39185
11751
5651
31366
3444
5079
13248
8058
4139
10082
8663
12699
5023
29230
8463
9327
5961
6368
5070
1968
10719
9608
4670
9164
10436
17247
7214
3825
4658
50134
3945
325853
236029
9260
3555
8188
56169
10140
2336
3732
15077
11835
5661
34433
58426
126413
2164
86416
13815
4080
6736
10479
64686
39160
7697
27641
6400
97349
9486
3272
5136
52851
10908
7006
12991
8326
1310
14712
7347
6344
25093
10277
6085
3991
6454
64361
191468
6099
14727
8259
4173
18407
226101
3645
6830
41856
35218
2799
90090
4492
65212
2542
9317
62772
4292
11173
8382
5072
18446
9051
22043
5397
4317
18210
9865
11180
3387
9296
16308
107996
6985
6460
213107
9358
3546
4501
9052
5402
2399
11473
97674
66833
40911
6714
7525
5928
7175
10247
66074
4375
7732
134846
132105
5693
6801
62206
230818
10639
10641
8288
8989
2820
8714
7833
8070
128997
5568
6918
10794
7314
10768
13458
44927
8417
104640
6149
8749
7551
9278
3739
42161
283019
4494
3398
52058
5440
13622
8262
30584
5606
3784
2438
21737
4795
85828
9153
9727
5992
4393
4006
15451
232598
48196
7596
9690
10894
7432
5586
6440
5716
70222
239265
5119
103610
8660
10808
46537
6726
41362
2227
13049
34680
8559
8718
5375
117159
34053
50967
48601
8672
10728
2207
7039
6094
27853
64927
48651
50613
10072
8356
6320
5226
348402
8719
8356
79673
2687
9192
5832
12415
33389
7895
3275
7720
22888
7836
6760
4278
6995
81543
7455
6367
8076
200211
7632
78109
8679
6029
8529
187723
120273
11448
11629
3340
7387
9190
14596
12600
8477
3714
12253
1297
6344
6264
10039
8001
9775
12755
8209
6143
13233
7598
7018
8966
55745
7381
8347
67784
192096
9268
3603
11911
8165
29534
11805
10819
62907
44945
9282
32922
4776
962
7363
3962
10038
7182
10092
3294
4780
11878
9164
213443
117536
8544
10324
6142
6099
29783
7453
6964
23251
9546
3424
13428
77857
6441
2426
10921
148150
6056
11354
6081
12701
6205
9084
5535
4725
23197
2893
3241
9745
11073
8687
165319
4253
8885
5510
8087
3873
4993
5872
11516
1479
11545
6014
5832
4168
12364
5478
6883
2738
70629
2505
31821
7952
43887
8706
84951
9714
125770
93069
11978
29828
78956
3246
3302
3882
23532
5095
81131
86170
9834
9212
6508
7639
165238
4827
17846
6161
7682
10629
9121
194781
11204
88175
50461
8307
198997
10713
31288
7374
5553
4651
103402
9579
55730
35961
12173
72568
7627
131372
5801
34530
32778
120837
9854
9520
2787
76605
8651
6313
11682
11603
6554
6459
97086
6623
76843
7866
37961
9590
6136
21595
6990
8088
8881
7772
49321
9856
8858
5071
8229
8102
6461
6747
14599
7221
10131
16537
6141
3971
7904
2793
6939
7956
7775
79769
8920
9785
6685
4725
1968
9836
9534
23785
5930
6046
3006
6376
6875
9988
54366
3891
5860
139957
6093
6776
84271
9810
9920
4742
176846
10414
57886
11496
4048
8221
99411
155585
9950
10032
6808
5496
6850
8286
97452
131416
104378
2718
46669
4328
6195
9021
5597
11898
6965
109178
159091
7993
49207
11188
6753
12811
4033
10536
56100
3394
7557
12305
137514
6036
48037
7343
49686
9199
8662
56982
72784
8024
10162
8034
1329
78029
8820
41946
6770
7956
11007
100970
8725
6930
133334
6542
5051
7987
102420
11029
4907
5785
10439
7074
6486
8740
88630
47975
9732
94918
27206
2915
21411
3358
16109
6427
8932
6463
42774
10614
29401
6287
96787
2916
178859
10567
83456
20665
4925
8638
7564
187882
4392
10038
4258
11967
8901
5417
99481
7159
32635
6702
72458
8179
175391
8108
8755
6362
3294
34548
6462
47517
27026
58782
18238
2846
5667
9650
7282
7343
1268
9532
9726
40793
3619
2793
4698
60348
8867
76096
4493
23773
4895
5334
5347
41877
6456
18938
8375
3560
5928
146420
20963
56254
76899
5672
135559
8258
10419
33753
6750
7158
6578
7631
5245
209220
57837
7971
122625
3737
12274
9096
13194
193330
77125
10510
8738
8177
4684
5411
3143
5529
13475
7361
8153
7125
8390
9787
7006
9622
106275
2989
5428
9492
7158
5121
434393
9843
542371
3324
10995
10811
3122
7428
8356
8314
5014
10366
81949
74648
7315
7407
80032
2643
8139
43945
135997
9015
10872
4690
11199
235654
5879
48362
123361
5237
7977
4666
8911
29787
17787
6212
3911
63808
21023
5713
6421
48793
20471
7727
8919
20784
9123
122051
137691
10623
30189
7062
4644
7016
4677
11008
9266
11263
8708
8384
6667
9689
38861
4747
111459
7257
2735
25760
5708
6508
2685
4113
8184
7255
6177
4761
8660
8194
5008
7804
4849
68425
2509
7934
8809
2734
4161
8955
203714
69143
13470
7088
22483
7618
46292
6806
18126
6760
10035
8090
10585
4436
47176
5816
3612
9700
12691
20888
2479
27081
30224
7491
16137
192719
12693
124703
5409
314468
4313
7827
183623
10689
83613
6837
3218
2434
72375
41711
6572
7249
11182
6494
4992
4477
4551
9545
14105
85076
178351
8956
7963
5999
1741
7007
14062
8606
5025
31781
16967
4816
13548
11235
34895
5317
3106
31699
6425
9740
97691
20732
61974
5521
8564
3231
134184
6030
85794
5676
250416
10340
2352
5278
11621
1903
7776
1893
82932
99660
76309
10165
8598
10276
14235
46847
299014
139121
82804
7205
7429
2000
2582
8359
5560
3934
3437
51214
41597
5258
5284
4670
112010
12337
12444
11345
5365
11276
10390
5421
8780
11891
7512
358935
13282
10859
5973
8291
43320
85357
7230
5949
73030
5181
6844
32716
9526
9356
10677
8974
39413
81323
1786
5835
3159
6328
47939
11075
4069
8098
46782
64510
2123
4500
7853
13583
10416
11409
8167
8531
3150
12089
9209
32285
5220
4457
15555
4024
4462
104332
9968
10248
67605
9046
157681
7439
38478
186177
6892
18369
3766
144971
64379
54647
20340
50078
7094
8656
3251
7153
3031
3373
25995
3067
5738
7451
6487
124042
14206
7716
3850
4369
5984
4485
6336
2632
26621
3482
9551
4868
63671
75960
3005
7555
9424
60514
5451
146720
2450
9732
89689
181764
1885
10755
30654
48300
10756
9464
35586
6869
3262
7070
10081
70999
2779
7485
9674
107086
8586
304648
4879
10047
7020
11612
7655
66550
132343
3679
12301
8426
11947
7717
94648
9860
9166
5541
3733
4738
4460
7972
8187
9791
57134
6465
13804
4870
3114
1264
1967
8312
205889
7548
233028
10075
8828
5944
5337
5552
6895
145899
10056
7923
46665
7043
5620
10058
7652
328486
14551
6328
10128
5200
11956
54915
2623
27112
7079
12242
65045
9097
33500
7548
15645
4481
6063
9137
6427
11089
7140
3682
3029
7452
3812
4011
6039
5427
8086
132941
4421
146255
2969
6854
127029
7385
6484
163564
8817
8525
7786
8894
7109
7670
166055
9805
2591
3561
6760
10486
2634
9556
6326
10972
30109
57399
16101
6421
8086
5446
160964
10872
5834
6887
3740
3595
5767
7689
8679
85950
215021
8048
2163
10541
7611
7508
7334
241676
4563
7111
197105
7180
3655
6460
6580
2590
3429
4744
9389
10672
4702
2321
4654
4506
9675
10239
150942
7863
108480
12221
7531
7980
4283
61871
8510
1945
6669
5676
151250
12181
11021
6717
4966
24866
4535
87912
44231
27592
2778
5909
7215
394251
63406
6572
7412
7975
5256
7176
11969
4052
3167
7868
129841
7077
16532
5866
6699
5494
6734
5515
2682
9214
6077
189581
7730
144588
89570
221506
6679
9902
15146
6002
5342
8328
8115
13443
66919
131039
7076
138082
4243
11354
5835
8599
22112
7754
167999
11284
11151
49822
6399
67368
13383
14628
4918
6182
119044
5236
252998
1820
1700
2391
9294
39499
350942
12650
35940
8061
6538
4680
7554
6899
2131
7270
2643
8759
13363
4643
6256
10928
16275
8982
7906
3990
75194
8405
287322
4615
52896
5782
6334
10415
9721
20037
29900
8683
4401
14030
4178
10486
6019
5317
3602
3033
78144
4995
8943
75500
9665
5057
5705
6413
5278
9408
6903
4576
128120
81383
4089
59133
11991
4823
25057
3826
6041
72140
30435
3462
5148
8869
7769
65036
26607
135334
1995
80508
28003
22114
252787
2687
36042
7869
3356
27911
7408
25649
8134
106801
49340
5575
11306
61975
4737
125119
9084
57085
25800
52727
12169
6249
4817
2491
72773
4690
21499
1929
7086
7319
6884
47217
41971
6428
8943
25623
4284
41167
19399
7821
3532
75206
3610
2889
34743
3910
12311
10030
7575
7232
7560
3990
9660
5412
9910
7486
7454
3561
10038
32534
7905
4804
9345
8162
121721
7684
345083
8132
64897
10747
26796
29950
5365
5368
21060
10499
4785
37047
5882
129328
55463
69687
300256
10880
30843
21368
10395
3452
7078
19681
11136
10000
112723
3978
42900
4003
71104
2083
53303
3806
93639
5241
11572
8422
8988
5533
4659
8690
26748
6454
172101
22989
100692
5422
14045
29356
7087
11273
110352
5342
1787
9113
39527
4981
5014
4563
125913
9536
217269
9176
7593
18783
118006
10153
5599
8044
73781
119988
6345
5460
62265
4589
18836
6083
9843
12006
15536
5137
2645
7714
7601
26624
7008
2864
5593
28762
4561
7584
74426
6139
53308
40175
3498
6331
5438
2082
9909
6121
59232
4553
8961
7829
6182
132174
4924
22226
62941
2159
4488
10903
2841
59530
8703
15005
12248
8284
25008
19344
71219
2862
5166
130702
4283
6931
6907
9273
6342
8113
8180
9410
18641
4275
5597
6690
59059
6815
8365
128171
64919
66804
7801
6754
9568
4916
7006
5052
7816
7481
27441
8303
21225
5454
107950
102850
15327
5680
119966
10096
13648
42427
30541
6705
77570
10783
13725
11115
9518
5164
26726
105287
3969
7327
110850
8183
24548
6041
10347
4283
6661
7952
9581
7449
5377
83546
7110
11978
4720
9862
2302
35870
9181
3655
13342
6428
6901
70957
8197
133183
146412
9267
3477
12149
29748
2148
241891
3439
8841
2240
322709
10645
5953
8867
12409
9496
106972
65459
36256
70794
8578
7438
5363
5639
55847
9333
5185
6083
12746
136008
92555
161324
55653
145621
7534
6327
6095
49784
109237
5135
4260
4262
55774
54799
6495
10461
12679
10767
4360
7034
6966
61896
8083
11224
3356
33114
33935
60438
6170
46965
5620
36404
76634
5069
65726
188545
26696
3617
10012
3162
264904
3987
4313
10176
10647
3070
84568
11628
5481
5119
5748
5847
7305
66616
5891
193109
6244
142123
12081
6942
5255
7061
5881
5667
8555
4112
6923
53861
6255
16576
227739
64400
25881
8643
8175
9011
3763
84360
7086
4204
8523
8170
7559
10356
6905
17064
8239
8884
2892
8265
3208
42781
10749
69062
7107
3698
9038
8132
8212
2542
7589
4486
53362
3568
40805
3010
6466
9014
102502
6716
14115
67637
9728
8408
28197
11159
7185
7687
9398
6275
20226
46192
6915
67203
6419
7224
5285
10018
28948
7479
6266
33525
5134
37728
42864
7366
403809
7761
2511
5835
55679
7077
15236
132571
20781
2453
9020
5639
5497
20781
7295
5737
10247
23581
6592
3897
5458
108563
3131
30948
10235
58874
4816
15119
11028
4946
13697
295924
93157
7974
9153
3242
26047
5046
44953
10022
2644
5201
53464
3733
5032
7953
9708
8959
8044
40092
9032
9824
8513
10739
13947
9200
8224
12361
88536
7564
7608
3219
10927
8079
50917
7540
7284
5683
4545
77727
6040
50736
7092
6941
2665
8007
4830
6426
3994
7291
11786
18249
8825
10071
12904
5346
6574
40612
4832
7177
4891
13261
9258
6427
36807
7885
6618
6676
12031
7411
3152
60447
5130
13256
5832
8626
5652
10038
8085
93757
3608
4864
7639
5980
54363
6670
54367
88405
101184
6139
9223
36618
91912
6510
3230
7503
6902
4771
6914
7942
6596
4632
11588
4133
22826
8158
7896
7094
4520
16400
7320
10908
2168
10357
26666
2005
5419
9421
11943
176810
50360
23233
113730
7384
10361
2049
44733
6821
8083
9704
112143
12005
84018
9626
1592
9533
3262
11012
7110
4738
15042
6095
4841
9204
249959
9643
89179
17407
25981
3310
6243
8706
43831
6288
23257
98278
85579
39598
11750
5298
6349
9627
5267
120046
5714
114499
8723
28537
12120
29427
151071
12476
13836
14757
10686
4627
5513
7492
328949
109564
4846
7658
17514
32206
40614
10005
7958
5800
99308
2309
8919
3830
4836
9126
6178
13658
7636
72725
9413
57601
8317
8385
162898
8042
277995
6132
24576
26513
12287
221967
9367
8992
5098
8305
5440
8649
7444
15130
49313
8875
4609
5094
5056
4356
8954
161701
50314
9187
5651
11475
40719
11292
4472
69999
4720
12800
10486
7743
3837
6902
10796
5566
6071
138357
175618
4427
54866
47062
13864
8576
70880
71451
8920
157482
6108
2171
124673
7407
65466
8945
6248
7956
58018
331826
57789
35090
7082
7503
6428
6780
4710
27218
8929
35375
11554
76350
4113
4882
2338
8918
8776
7419
3206
26395
140471
22126
4391
11232
7807
2480
384805
39543
263633
80970
9961
5209
7034
3394
3959
9957
142062
4764
85919
5883
6517
5457
79164
142204
21901
6911
7547
3073
5004
4824
10699
6029
57232
8119
26831
4748
4167
10717
2965
2863
10073
5296
6331
80187
19704
138995
4911
7612
28037
21391
56291
4730
4648
4047
9315
115694
146166
7987
7763
22330
2562
9074
6782
3543
8154
34256
52734
4171
6922
5261
12051
22468
7367
3211
7180
19532
93282
24172
3061
6516
40351
5748
6422
93727
3425
6422
12788
37262
10300
4266
5760
6057
64364
7885
6538
191247
7474
5413
6848
7602
10484
102463
9704
8983
9448
8756
51260
11569
11296
7245
22084
7235
12317
26545
10851
8519
6885
7829
8705
4859
33075
64475
6639
2714
13456
4016
34115
7729
2937
5119
7315
5161
8205
156599
6332
5625
6229
4605
70752
4941
5065
16996
57603
3862
8156
8311
120385
7340
47419
7792
13242
6254
49581
24835
30666
2210
9197
51605
64879
9506
110195
280181
59566
9129
4852
2825
7575
12726
5806
5120
31829
2199
8377
94961
11399
306881
15103
132823
5347
4248
49246
164594
235956
7456
54231
59916
6285
12175
4749
129902
10613
11700
6001
8887
6911
10018
8317
8047
6535
26138
8321
4659
61886
78474
9563
12978
6607
18119
6207
6597
7672
8489
95047
134941
6159
5264
8926
67215
5222
7737
8224
142687
8396
80457
6633
11516
128794
8484
8583
10173
8049
1937
76007
11301
12677
6005
6530
5881
77621
14953
12761
5225
5062
7708
11077
8486
7834
5952
7079
9646
5360
12291
66027
10995
10311
33531
8805
3955
3635
8302
2630
7563
9215
10350
191490
4337
190620
7717
28048
8875
3271
252336
6918
179203
4107
6415
10212
8787
8184
4463
24128
5760
6486
154186
119760
50765
8393
47830
9372
7872
12544
2209
11235
4497
2998
12692
9910
7851
9951
58882
35531
6022
14633
123466
26629
8811
5190
11194
4725
298791
5830
68329
6933
42787
112061
12603
1255
4483
5792
5158
7483
37210
52910
4871
9103
3892
11670
10756
7225
177242
4402
56009
7832
69446
2205
3945
5265
208942
8282
29929
2516
4324
33731
6963
6411
102577
7205
8032
4509
7280
310668
6722
7883
10853
3211
98336
46120
8149
81097
6310
30062
272364
8693
5651
10838
11474
8581
7204
6091
2301
53070
5528
5601
101677
6125
180992
13910
4729
84686
10898
10900
35478
7142
6687
9876
107713
3013
8875
20584
2134
5676
2291
2089
6598
3287
7925
3727
10227
12049
7041
9364
4874
10792
69699
9887
5990
7278
8322
11780
7912
96924
11176
9283
3203
93241
17010
9860
4893
7834
6344
69329
2856
40277
6301
4978
18219
5393
5829
5617
249839
2033
19452
11195
4153
8447
7605
3462
101714
7450
8035
6217
2339
80088
7347
8136
176848
5152
4093
8810
51037
10726
5842
7099
4482
5449
3284
10876
8163
4323
227093
111572
3386
8159
65840
2529
6196
8618
55298
4003
5552
12003
44045
9269
7869
8150
7459
4085
266665
11778
6893
9495
9271
3209
6561
8526
5829
8236
17785
11502
7986
6360
4305
10851
8757
5697
10761
6390
164308
184583
7729
3734
2826
9823
7113
8526
41437
6371
30596
37374
5731
3894
7660
27190
9734
89060
4798
10642
8890
47352
8535
2640
13433
6979
70662
39976
21569
7106
7079
8949
175069
7385
8561
21701
7170
6324
39953
7723
2873
5360
3019
164667
8977
172693
8578
3046
9929
8492
9095
4544
5684
5518
12335
32307
4497
4945
8772
9375
13086
120978
38221
47864
7138
7865
4848
8647
54329
6733
5538
5750
6024
43115
10879
2338
78438
5388
6167
4614
330243
6847
6099
6212
5904
7249
45797
105399
8707
2640
5245
52979
9786
4374
50217
7866
58657
9708
9181
6939
2777
391028
4646
7471
98611
2624
27817
48640
10046
49063
3211
6675
6473
7971
2881
4750
103051
111879
9935
60106
8113
1729
5135
6607
3749
298365
6491
11622
7720
5602
158511
47605
4527
5279
123157
5489
6149
7873
8373
4384
11932
5453
1297
2832
130802
7932
25365
13438
83037
6540
3640
7997
9016
10421
22004
75589
3895
14681
1799
8851
5214
6984
39828
146396
6113
67915
62441
7522
3661
107201
5868
7718
1929
9804
5571
7004
6250
80371
5891
8296
4260
43523
8500
145615
68789
5073
5883
3324
131747
6167
40833
384652
10037
10027
8065
3317
5269
4570
8825
6291
7309
8490
131770
5491
5222
9793
19838
13052
10978
2073
11076
26025
152887
6323
9089
93214
16735
4514
3497
3444
10221
7358
8669
9428
43788
10708
314667
9551
3060
7715
9080
10098
8295
6050
3681
8478
10602
2656
7856
6368
9115
10113
32145
73825
206981
6254
8294
9504
19480
32413
7710
4684
7892
7928
163816
8755
7065
59135
5725
5627
62036
6191
4118
30121
9225
3059
12081
8360
2396
5795
11750
35222
7672
3787
6658
5819
12019
69638
67866
9406
12466
7099
4257
36212
7830
54673
1785
8020
17627
6058
9821
3433
9049
28177
94672
6663
8902
55642
7588
76877
170928
6906
6451
59538
40985
60425
4362
6377
14623
7406
8404
38814
6760
179224
11965
10394
11449
38939
8496
6428
3852
94466
190294
11862
10841
5137
5457
49281
6028
26977
10673
10309
7892
8529
10400
21333
8265
225484
38622
6891
101989
141443
3030
11446
7634
7535
136184
3782
17259
10633
9597
5862
46645
5062
12783
187518
40985
8345
9169
2843
11681
70240
4029
135737
5583
13317
7838
8569
9630
20176
5304
28869
8720
85242
