7142
46943
24766
67169
10258
9152
18060
61201
6997
52147
44110
9793
12155
3467
7461
5166
4655
35589
7797
22159
6183
9636
5221
6630
10272
7317
3338
5607
5990
5594
6675
11291
4999
5825
8321
10115
3875
7671
4021
28186
3577
11913
6499
8476
15401
8030
6358
4127
3108
2382
5400
3745
3980
9369
3195
13934
3764
11228
11074
5960
6349
7268
8561
8805
7481
4038
7260
9957
56600
4323
14521
4397
6144
4832
9208
6947
9892
4936
4288
7012
3101
21425
33502
8623
9721
5704
11897
6584
9222
8205
6957
4641
5527
9102
9216
6492
2785
53996
5681
9503
7864
15861
6659
5543
7081
38930
9497
4906
3815
13302
10447
13477
10646
14218
11411
36153
29428
12652
3173
7220
9198
5717
3826
3608
51342
6945
3036
15911
2876
20233
3807
7105
39092
6955
10846
8425
12246
4263
6041
5653
6050
5159
9141
6759
5003
4200
22517
58485
23710
6733
8447
6514
10432
9431
8243
3316
4899
4891
3821
39495
5082
2948
3460
8920
21560
11433
3536
5123
4552
18322
8522
2745
12388
5362
36149
5127
4377
7724
4243
7129
22914
2008
6154
4201
86221
27509
13615
13460
9549
6961
14204
8940
12247
11359
15263
2643
8418
32105
4804
6249
4474
9682
4199
3919
7436
32619
7792
40828
10621
7165
7939
13642
6304
48457
11685
4221
36323
9141
7541
9010
4110
7378
3144
11350
7731
22211
2513
10853
6700
3505
3767
5049
97357
5800
4487
9550
14687
5041
6073
5766
7724
4598
4746
30146
7857
5266
7495
16854
11144
3478
7740
4923
13419
8589
49811
5796
44153
10950
4457
5052
5494
8538
7628
6949
15992
2567
4270
6173
4976
8141
10381
15657
63595
4596
44071
4623
3926
6091
4969
6735
39807
5432
5896
7662
30186
2199
3328
11009
3374
6200
8879
13710
10099
4172
6786
5415
12128
14356
4100
11689
5211
5861
2292
3056
12144
4742
50747
18961
7302
13088
4165
6351
9168
5390
20498
3814
4992
10108
4666
3493
5573
30461
5301
8384
5082
19156
8473
6350
4408
8184
3964
6743
5513
6512
16950
4881
43019
3857
4833
3813
7071
21062
7272
4635
5978
14716
8945
13635
5215
5944
12065
23558
7263
6807
6647
31333
17542
3280
4978
4043
4523
6097
4096
7807
6237
6039
3695
5076
14163
2489
8469
4198
5336
6274
3330
5302
9312
4485
3519
13077
2398
3065
4207
3869
6132
6132
5644
7974
3949
4756
3855
30802
48448
9002
3667
6219
3535
8570
2318
8496
4397
14474
7933
5439
6067
8015
4042
18441
10695
4523
3292
6401
7181
3834
4028
9300
4041
8805
35350
6149
10781
5036
8113
29931
5398
6196
3825
3555
10558
12418
10280
9144
17280
9018
3182
4371
5515
4231
2547
5725
9463
7070
9372
15588
4279
14578
11231
12124
3619
7165
5059
4230
5917
6317
10344
9321
8125
7458
8593
11668
10193
3049
6694
3222
4701
6386
4389
4946
37390
4598
7957
6159
3769
5687
5517
11704
10529
7167
5653
8809
22568
8707
8582
5471
5740
48892
8110
20481
11739
6450
20259
7639
2717
5758
6908
10884
4484
6691
3021
12697
23425
8778
8143
10815
13537
3935
5318
6578
9198
10083
18267
7931
6145
7637
8299
8492
18215
7189
3320
8073
33709
10211
4544
3063
22241
12340
3010
19444
6652
3846
4087
3145
7447
34801
4393
8829
5585
4021
5748
19721
10069
3193
2887
4835
4426
15793
11831
12674
6831
5020
10568
9387
5313
5619
17016
2465
2712
9892
4033
6800
7889
7927
4574
4613
10384
6864
30679
44891
7728
4465
25923
11062
90837
5134
14094
9821
7850
9249
8181
5990
3655
3709
7015
3976
6695
2217
7065
7265
3483
3881
4782
33019
8425
2712
28026
6034
4215
8907
3833
5167
8079
3454
2885
7692
3351
6606
30142
3630
6173
11623
8703
12670
4735
8050
5168
26396
7147
64104
25093
5070
16516
2879
14025
9773
34532
1890
4491
8172
7691
6575
6824
3914
5502
3652
18079
12330
5308
9844
3845
4379
31604
4826
14865
4953
4875
20462
31919
3383
8506
57978
5122
5076
16523
2987
8715
13635
9822
5172
4246
8371
47455
3474
4888
10273
59440
6689
5853
8585
9687
3620
8837
12796
4930
14693
7760
5883
10587
3128
9787
5079
4144
4989
1661
4987
6827
8458
4277
5410
3898
23301
4582
4872
15427
11696
15438
11085
6056
9175
18786
6770
5844
4047
6576
27837
4718
8575
11170
24858
7339
12292
2748
4138
15881
38521
3312
8483
6065
3984
5126
4019
7140
2928
12702
4811
3531
8499
3331
29177
3130
22161
5832
7003
8724
5995
2924
52880
4514
54022
27323
7603
25200
4504
6649
7419
14314
32977
29635
3388
7743
3529
3465
4949
9617
3435
29310
6042
10841
3353
33524
6541
3648
29792
5452
5890
5565
6173
8973
6297
20251
7048
5758
33412
21569
19910
23268
4350
3883
7902
8305
6902
5008
33925
3629
5855
7070
4857
4431
7493
7107
4192
17104
11629
7322
21045
5228
3462
8724
8321
42510
9058
6625
8521
66302
13129
6243
6237
17288
32914
6059
5104
6173
5775
10497
23051
11140
13523
10303
8064
8166
2708
4445
6561
58611
3498
5889
7368
33758
7878
5105
28139
7542
8035
5759
3468
2047
10526
37303
16774
5722
3349
3448
3307
12612
5293
4275
12765
3989
3409
5141
11479
3031
38941
3353
8491
2192
8214
11076
11259
11299
10923
6355
6109
29274
5812
19079
6507
11938
4830
3490
5494
16144
7520
7445
31275
30324
6978
4916
16377
4993
4187
13873
5256
4710
4192
25669
4728
3175
11451
7219
4810
7225
14679
4638
12630
8335
3302
2689
3645
9318
14020
6637
6244
2965
9364
3138
7895
4136
4662
5249
4692
13681
34302
7226
8502
3446
5846
3929
8093
4767
5767
5353
2587
11135
12909
10703
5449
5215
60947
14782
6856
8022
34434
2915
11032
4881
30083
32499
10543
5533
2990
5526
3803
2920
8543
4632
13319
65879
7829
4515
5832
8645
13197
19314
4066
3409
16944
3122
3155
3160
7129
9910
3289
11539
3376
7997
6282
12303
6004
6796
4095
5190
5971
6375
11724
19205
4253
3685
5065
8271
3554
8364
4689
6248
6107
7414
8005
9727
9550
16817
7627
5285
6624
7175
4332
8683
8555
8542
5695
8216
4968
12111
2342
3609
7183
2618
8087
4500
12442
2593
35579
10427
5406
25011
48589
3896
9665
5909
8470
39186
5085
8770
5500
4860
4220
6215
6124
5715
3191
3612
10835
66388
4202
12429
9219
8176
7714
5756
4358
7053
5438
4728
5421
14166
4900
3113
7428
8818
11590
9271
6242
3708
26927
4936
4172
7244
8985
40356
8986
13467
4766
12282
10461
47548
18333
5583
5702
10887
31263
3817
3487
6316
14574
3730
4755
9387
2078
15789
8055
11321
16778
37761
26271
9651
3800
4581
11197
3121
7982
2695
5470
7154
5728
2783
5976
13152
3225
7230
6634
8264
4940
20169
8351
5356
7031
3332
5852
4327
3649
8297
16561
12112
7485
9351
4362
7577
4302
11535
6120
6433
25979
8954
19568
5356
4609
6961
11154
3710
4509
9576
5391
31002
2458
14049
2762
5297
3655
12314
3918
4785
13377
2328
4935
8560
7375
13791
27592
28499
10036
6986
6927
3447
8603
3272
3585
8074
10539
5319
4904
3780
8409
4686
7457
6691
7038
2932
2546
3572
23404
8046
6555
6864
29141
3792
3542
7071
3042
16149
15542
9039
7803
63988
7643
12274
7190
16050
29801
7313
8404
9810
12132
8481
20011
3995
10428
16902
9789
8726
7433
5272
8238
2856
38481
9598
26772
8924
3607
9900
9243
12551
6338
6647
22067
17990
9830
5165
18472
19792
5490
2804
4412
49656
13861
8093
2783
13552
6194
3640
39336
8342
10108
10140
16098
3329
16340
5593
4750
8338
7572
3433
51314
6567
2857
34843
10092
3511
4616
1724
12961
4299
4184
6986
4064
3170
6468
3524
8693
6579
21014
5721
3972
15007
9074
8416
13620
6709
3735
4564
15346
5564
8515
20149
16736
3557
8545
2256
15663
9625
13394
7687
5517
4765
4764
4819
11894
7993
11886
9146
4862
6178
25224
4938
16297
5574
5962
6384
11929
3491
7182
24150
4113
5070
31437
7356
4299
9857
2719
9770
5955
8968
3591
8783
4166
45657
65214
27851
6398
7061
3858
13600
93324
6075
2709
11666
6728
5557
6659
14645
6487
8145
54551
10872
5113
3234
4156
9814
2477
7575
5366
16603
3259
3367
8283
3149
3460
3249
76390
6992
8039
5409
7123
8195
16649
17686
3567
53586
11090
8266
8409
3767
3679
9750
20370
6328
9750
7609
4204
8931
12076
4016
2616
12630
7639
10328
3011
4386
36172
2384
29546
12014
7970
9583
8176
3458
18890
4506
3631
7095
5283
4254
3410
16240
5004
4832
5892
5296
8823
4388
8364
6435
5481
8525
2712
2799
10151
31254
26303
10319
4060
4659
7542
12902
3812
2913
4258
4508
3840
12349
6312
5165
5864
8921
10466
7837
36141
4031
6038
3739
2122
3094
9136
10932
6107
4704
5672
40301
8501
12997
2563
3681
34527
7497
9100
5726
3261
7032
6519
3711
5917
9773
3730
4952
3572
6999
5639
7818
3826
7767
12940
3133
6733
3933
5650
3914
11539
4138
8813
14116
4263
43306
17152
6639
2150
3380
7067
3454
18761
4365
10649
3092
54966
9799
5387
52995
3317
13460
3577
3175
11077
5065
9639
17114
7171
5639
4573
3988
5532
2467
3561
4982
10888
3935
7990
4669
5207
7971
3689
7628
7519
5926
7870
14659
5262
9378
3028
8970
2990
4259
5895
5294
3537
8878
42502
6489
4171
8390
14216
3400
10987
8777
5672
12039
5507
9237
3058
5325
5104
9827
4337
7938
4524
9614
3023
7245
5963
3650
5144
4650
3641
9270
7153
8784
2712
4973
3286
3052
27992
6059
7020
5411
9443
6205
6154
61549
3790
4078
10276
9118
2422
12365
9048
64385
33756
7888
7560
11542
2974
4474
5339
14651
10199
5162
2753
3598
6890
6942
25375
3138
75909
4271
4356
7181
2890
5335
9358
4814
3232
8224
45770
7498
2012
5768
8385
5893
5702
7621
3287
20560
21856
5194
2945
36148
18670
6714
45152
18020
6882
2758
7077
2224
7086
9029
13416
1460
3531
8448
5133
10599
5835
2905
21960
6405
6519
14445
30649
3571
4383
5389
14265
3212
2885
7191
3960
4792
2734
24143
3869
7803
3342
6265
5006
3201
47963
4403
4424
52838
6818
2716
15623
5552
44869
4215
3771
6046
5733
11068
5297
3855
2249
11120
5094
68578
10404
2020
29561
3701
3369
4919
6974
7192
8687
10951
5195
8312
3948
2968
3462
4983
4672
14560
8378
12367
10868
5871
4372
36763
8156
3738
5664
11647
8701
21498
3961
4832
3923
2867
3193
8192
5157
14159
23072
3908
10164
51950
9359
7029
52835
8985
8029
12009
6499
3870
6166
5166
4009
8578
2020
19252
12004
9320
3612
6318
3608
34231
35131
7508
4905
3394
11829
4283
3906
9078
5338
32542
3564
3116
7021
3266
4485
5289
12569
6769
6782
9311
27895
16967
51276
30237
7726
21019
8003
8957
21045
19565
4196
8796
3586
20632
9317
7871
5005
27043
2655
56369
15551
7339
4911
17424
7617
8342
4370
12436
3933
3798
9973
32282
4595
30272
6520
27733
4079
26577
3827
5151
18536
5572
6930
17866
6677
9409
5655
7023
4375
4149
20699
2895
4775
10038
68849
2901
3610
6340
6777
8060
24998
6453
6556
2713
2467
34673
7952
42463
8127
3780
4076
28645
14846
3863
4008
7498
2743
5945
11658
6529
2850
5602
4045
3542
23073
12485
5056
3550
10238
3857
4822
4792
4628
10989
11850
7911
3485
6421
6423
13250
9962
5280
12889
5258
6298
5864
10989
5677
4541
40562
2492
10628
9117
30475
8422
29315
34041
4151
5649
6450
4437
6704
4793
8491
7084
53861
7359
1850
8081
4663
8090
4203
5276
4781
4599
3925
8216
8179
3003
41080
3096
5673
3646
6339
5016
2489
3863
7458
6000
8374
39639
12541
7664
5814
6190
3886
8040
4003
44679
15487
2595
6991
9325
3113
6155
28257
8729
5828
3032
8244
4254
27237
14469
3733
3566
22088
12613
7650
4875
26719
2894
5859
8916
8070
9902
7917
5896
15364
6642
11304
8601
13388
3445
12241
6779
10724
5732
8057
5622
4199
5119
2775
3841
8814
9959
4578
2949
3576
26536
4978
3691
3278
25765
8140
5083
5582
3531
9959
2955
39217
4768
2257
8613
5716
8600
5261
26845
7938
8340
5073
2384
7087
7059
10775
12625
6127
5185
15340
3654
2624
38295
11616
7961
4558
33727
4534
4066
4357
7201
3540
7558
2845
19102
14440
6298
11699
5569
2009
7390
5360
5347
4468
5619
3809
9247
3573
7566
7517
9607
14602
17726
7888
11402
12845
18894
4806
8125
7517
10945
6893
5039
5009
4109
5436
5122
6559
11830
7589
5149
9693
7751
14275
4599
4439
2596
16527
8138
4947
33696
2549
9355
11175
7712
12390
6438
5168
14734
17817
4706
8732
7629
41403
7917
4728
17963
28889
4382
37964
4355
3860
14965
3972
1950
3663
7785
7361
17633
44278
37847
11839
27108
4724
3079
7307
19710
4298
10129
8879
6608
5848
9746
14958
11131
2494
14115
5908
6125
10419
3650
2533
29165
2847
4505
8133
5689
31606
3268
13236
10158
11221
8061
5099
9652
25155
7609
44415
11230
7319
6051
24464
4128
4973
4317
8042
9210
5365
5301
3744
3793
4921
5445
8126
8366
12278
13439
18445
11556
9030
4031
7379
5333
4028
4086
6130
8395
5066
55874
7367
7796
12948
3626
3811
3444
5891
3593
4540
28653
7069
9776
8344
4386
10166
5606
2887
9977
5883
7077
8284
13257
6612
5182
5787
3372
10034
5519
3025
3918
5190
26613
5766
8269
6381
4710
8761
4022
17914
11597
6457
4115
5781
2432
7528
3028
10358
6147
5085
15033
6516
3626
9994
11235
3310
25589
3441
18732
8198
6475
2673
8703
9589
3922
8172
8416
6430
12163
6833
2940
4351
5672
8069
2343
3145
13786
6548
10405
3278
11032
5803
10289
7074
6454
23035
7635
15133
3846
3778
13429
42266
4191
6429
6107
5715
8165
5310
7535
11643
46270
9939
33641
15729
3948
3341
2937
3803
8896
8122
4775
6305
3631
4188
6004
5323
30683
2993
13871
7612
8638
8951
7634
2677
5142
4525
7850
3571
5157
9605
7626
5263
9211
12993
44568
7998
4609
5251
3216
3872
5539
3881
7484
9088
49194
7549
5864
16600
10425
2768
11576
7794
7708
4638
20246
4297
3188
21723
4146
8595
3890
21312
11544
27463
33632
12402
10963
2327
15475
14329
11356
7900
11012
5402
11035
9112
5757
17995
7996
23932
6808
3414
33775
15632
7451
19354
8813
8965
6955
5743
41141
3042
14092
17217
4745
21928
3618
2374
2839
4200
44461
4185
4796
13532
8999
7846
9001
9238
2929
8107
15643
5548
6262
7940
117552
7002
8151
7856
5798
2613
5619
5634
4148
5143
5659
12429
7587
5347
5115
5738
5559
3727
16187
5127
6167
3984
9085
6370
4539
3529
6643
7327
2800
5481
5727
4470
3980
3965
5466
2547
11666
3201
10416
3182
17573
3830
4835
23161
4227
12864
6189
6235
5863
2104
9062
21967
7123
6103
5118
6622
20187
9056
3386
21837
2803
11666
4023
20968
6740
5290
4327
30387
10010
9059
9044
5827
27591
7847
6563
3775
6002
3754
2863
8122
3316
11864
7895
9657
11293
14068
7948
3862
8171
31731
6630
3909
8255
4687
6568
3789
12685
2381
9948
8589
4412
2785
6872
5773
8865
69095
8521
5415
2618
3838
26351
4714
11079
6062
29626
3927
7793
8767
10585
3764
114341
4099
7834
6416
13030
4261
5667
6322
6116
12044
4587
30575
12980
39890
13298
9026
3990
15840
8045
4128
6393
5151
4338
19576
4551
6049
7731
1865
66971
3661
8361
5547
3719
2826
3137
10958
7127
7589
10364
7992
4641
14188
33676
21583
20755
6587
7563
5466
3182
4189
11979
7486
3513
19516
6139
3794
11238
2436
4015
7645
7614
7824
3157
36315
16773
4119
3828
8944
4939
16342
7341
4341
7826
7236
9962
7854
3515
3148
8465
3806
22659
3683
51879
46123
12650
6914
2971
8579
59285
5712
2819
8351
2765
4564
6696
3731
7058
9877
4721
26767
52824
31210
3552
7741
4683
24310
6515
8626
6284
3680
3690
2242
7837
15255
5286
11990
7293
2407
9282
4487
75138
4170
4842
9388
5372
8249
10332
7269
11091
6658
3590
3654
10517
2905
9060
5200
23595
7469
14391
5604
8400
15063
9754
6343
21063
9013
20536
7598
9150
7038
4920
4523
11212
6962
3112
6715
9311
8579
3434
9112
4422
7141
3060
9629
11091
9321
5719
3209
7378
9085
15618
30945
36186
10580
7473
7015
28627
3145
4731
12512
14658
42296
27914
3378
7696
3267
3019
8071
3444
6203
14103
4203
15393
12463
6456
3620
5780
2554
3654
7598
22951
5951
7726
4106
5579
6852
3351
3211
12248
3737
15754
3565
5413
5712
6458
7229
14702
25758
3528
9077
16889
13358
3098
6287
3834
4257
4955
12288
8347
6003
3467
27971
2764
5427
9449
3127
11145
9863
15232
5570
33390
11086
5182
11728
3931
16952
9631
9293
4776
8440
31870
5560
3637
5033
9712
5195
4407
9831
7069
125715
18031
8251
5538
9361
4651
32050
4015
5718
10741
6700
2080
32196
3587
2540
7554
5850
4302
36900
4426
8569
10272
6906
28694
3781
6228
5292
12460
6284
3428
5538
5814
2759
11448
2770
16424
8453
3762
13204
5557
6698
2492
47557
3508
3995
11449
45215
9141
26126
3797
7059
5383
9243
5078
23308
6017
3434
3046
4735
8924
6541
6663
5600
20390
2707
7022
12385
3184
6409
7350
13572
4726
7740
8129
7766
11668
17625
35905
17147
5286
10422
10767
4947
4128
4339
3297
7048
2516
8923
34332
5610
1994
5006
12674
46726
3159
3798
3873
3412
3863
10552
9289
8490
3361
7238
5540
112520
6794
5904
10306
2019
10136
5663
5618
3526
11229
8024
13378
3856
10440
7151
3136
4832
11230
29059
4689
7415
3938
47122
7372
30942
2996
9389
16430
8329
15677
10795
12052
5577
5444
10866
8805
11083
3677
4225
3905
3571
5525
9074
5157
7058
3714
10120
4043
11154
5213
8014
2517
3176
19080
3976
9153
28090
7229
5075
9227
4535
3128
6362
7704
34635
9920
6185
11373
10753
10858
7568
11669
4403
10662
18557
26709
11251
4307
8157
8905
7078
5832
6133
6405
2981
7558
51686
11323
12439
4222
9489
4312
19438
3923
7736
22078
11335
8680
2487
6769
7471
7940
9379
7226
6977
6271
4734
4508
9618
5309
36375
5255
7059
8003
10930
18857
7736
6813
8801
6942
4648
3124
3430
10770
13019
7892
7322
3829
10449
16982
6338
4074
21919
5190
7866
8972
8977
67017
2985
3269
9454
12827
11437
5125
11364
8275
11193
4915
4879
4072
3202
12185
4019
6248
10195
6277
4437
5897
10331
19289
3711
6767
34384
4842
8303
3878
8425
6600
4104
5496
19200
4042
10975
14640
7425
3706
3622
4040
4137
4665
11095
5309
9264
5253
7469
6462
10753
13843
9102
5526
6234
8154
3308
10984
4558
3458
7822
19682
4733
4544
4775
5045
5605
38394
8015
8294
3705
4287
3407
6859
9738
5584
15135
5871
10384
21314
6279
12478
30628
2171
6858
32594
7719
5244
13933
11124
2807
10702
3917
5581
10185
24088
7357
23534
3941
20716
9232
5925
9275
30935
12555
9444
6186
5713
9373
9406
3800
6534
6568
33172
8260
4123
5458
5551
4812
42834
9256
3435
7190
31074
3439
37411
11365
8136
3641
7110
3312
12065
7729
7573
5956
3487
4323
3858
4239
21727
23991
60620
4477
8336
3973
89816
6769
2793
2956
11892
7241
5357
29723
10141
4523
9499
3227
6111
6850
3176
3296
7937
6172
8850
9095
22205
3226
5980
9109
2583
7062
5440
3005
32985
7497
8875
5983
32486
2898
13842
14753
4168
3803
5346
2920
7118
12523
3128
13683
6952
5762
23294
6358
4498
9294
3605
3235
2843
6132
2279
6352
16140
5749
2962
33330
2991
3265
3072
4934
6129
1974
12400
2912
32345
7240
7736
12063
5068
51080
7323
7167
7704
3569
5588
8139
9949
5637
4582
5831
23310
3714
9516
6482
4733
9733
7602
31421
5155
5464
6885
6410
8470
4149
3542
8724
42981
7959
6680
6306
7442
6846
4531
4050
6767
7824
3910
2717
26924
10466
9973
7882
8632
8308
10799
5464
14753
3222
7403
3270
18154
3913
13017
3480
8594
5644
11179
4671
5037
3380
38643
9445
43144
7063
2220
9941
8219
6092
3534
5350
7433
7129
5350
28335
6658
7410
14221
5109
5887
3419
5730
8406
6166
3806
5720
26876
7956
3875
6988
3692
12618
16576
12722
3638
3510
4982
29425
6000
5150
4091
7346
40046
7104
3800
9321
7467
9173
2486
10118
4306
7955
8719
4734
7834
3130
5096
6985
6327
6731
4214
21375
10878
15096
9618
8499
26805
7629
21852
20265
14982
9742
8983
5761
6210
15279
11380
5966
8821
6331
3358
2736
6232
13762
4319
5381
6806
11879
8563
8030
3469
6732
9451
10696
8229
29645
6732
2986
11590
8065
8563
2113
4125
5765
4612
5369
7388
12117
10900
11160
5960
8523
75905
5541
4202
9157
3451
13860
5741
4639
5393
5080
8112
13671
4510
7222
17046
5306
33846
3696
3271
13356
7712
4658
3426
5412
3591
10106
7211
8773
7511
6752
5919
2724
7892
12324
7594
13015
56132
4015
9638
5530
3683
8689
3670
2601
5784
4862
7754
19838
6853
4154
3954
25307
7657
5778
4500
7979
8700
5464
3742
3319
5220
3742
8116
8966
9276
4334
5090
9486
12489
7296
4558
14220
2607
4440
3371
16267
13508
13574
3433
3432
6480
3071
56830
4368
20726
28724
4213
5113
12477
6868
8889
22020
10081
5588
4651
5310
2737
3420
9373
8161
11638
4977
3753
41388
5232
6105
11811
7445
3520
10272
6663
9615
4670
3809
2825
7325
21596
3870
5216
2869
5931
4525
45287
2954
9950
30039
7494
7455
7382
9526
6442
6768
7247
6209
3365
5182
6274
3877
12424
11037
40470
8651
39107
3207
5027
3839
5135
5063
4991
5302
8865
12562
31721
8506
37102
32257
6888
6578
7864
12379
6190
13178
7862
9097
43241
9170
18091
12390
27566
9511
7907
3060
8917
11388
3368
4386
4506
6214
5552
4941
2296
6660
3294
2816
4955
4273
12792
7874
3963
5368
9937
5659
11736
9142
2532
11078
28655
39506
9269
3638
6319
10777
7372
6708
10475
11979
4154
2916
5001
2682
8417
11651
10721
4221
9286
16574
4237
16402
5384
4609
35000
3045
9641
4576
6621
17069
8838
4657
8442
4906
10168
2673
7268
11464
3952
6302
5298
2897
13214
5860
2465
8886
9556
12400
3023
7680
2838
21597
6482
5447
4172
2302
3128
3876
2641
13886
37510
29506
4380
2714
8135
5712
10200
4953
5401
4190
4891
16026
10049
3188
11556
4604
2413
3313
11553
20097
3498
2443
74937
3868
7087
10015
4589
5384
9447
4955
17417
10471
2193
4995
8822
7077
5957
12531
3064
7228
44847
10338
3120
2438
28256
6983
24049
7086
4300
3824
31800
7902
4733
5088
7850
14771
5042
8520
2614
51520
7928
4217
2425
10458
4663
11708
5549
9512
5628
4448
3152
3897
4857
10831
10762
8692
4643
4934
22553
2963
8541
13006
3484
5709
7569
17628
9346
3822
3167
7174
9416
8349
11327
8122
23880
7008
8371
21728
5509
6167
2084
18305
4662
3266
20491
4433
5269
5898
4711
8331
17129
22541
15687
5029
3683
21122
34757
4549
4395
13075
3633
5037
8450
7682
10366
7211
5444
4580
12212
14375
8973
2486
6663
3746
5125
8110
9409
5246
4810
5707
5317
7019
9426
5303
21263
6121
9028
10577
2952
10058
45415
3760
11543
9028
4479
8233
6612
59797
5020
8667
3112
5955
3678
8260
6655
7523
2413
3859
6873
6660
7824
35607
3309
3831
16752
21219
25717
5236
6319
4559
27660
6315
19369
7859
5558
3938
8484
19242
4481
8598
13702
4948
11783
2817
5911
3665
2830
13290
18424
4456
3070
9578
13834
5435
3691
9166
5729
8908
14652
3717
6768
23967
4277
15004
6942
5239
5089
8910
9898
11504
7472
3189
6274
20632
6242
3107
9057
4134
3179
4958
6561
6931
3396
8962
4318
5859
17698
9945
2362
8931
7178
6429
14060
4215
4279
9987
43437
4528
6371
4185
10022
15370
4952
9919
4290
51229
5579
33676
4681
7174
3343
19438
3787
7103
7618
4983
7017
7539
3654
3032
30541
11418
3085
6953
3159
39304
3433
6447
2562
2874
3714
2224
5684
6105
3396
5144
4193
15247
5556
4996
3309
7969
6735
10280
6284
7671
38362
3672
8070
9899
4655
9123
6090
4506
5892
13541
3068
4816
6052
46167
6831
151279
5287
6779
12618
7003
10932
3673
6698
9898
3437
4621
7628
7289
11551
9879
48127
32772
5173
111829
3536
3836
9217
4159
3464
11014
7365
8590
5605
83215
2463
7466
9208
5801
6697
4303
4165
3250
22938
2517
14744
6166
8283
11254
4145
4500
7907
5244
5409
7059
5322
14447
6858
2993
16804
17315
4530
4370
3074
5109
5036
3586
10010
41505
10315
5994
17633
6763
2373
4096
7076
6213
5323
5524
5778
2781
5314
8382
72114
5337
6560
8310
8104
13859
5578
26553
4733
2458
7918
46838
4252
4371
9256
5106
5365
7060
3081
5278
11442
4914
7380
8799
23177
6025
5214
3755
4528
4131
3355
6673
11299
98658
3207
7539
6363
2965
10937
6985
8434
11500
7130
10653
6116
5698
2904
9690
21491
38176
3418
10025
2573
11561
16566
7396
23750
9335
5635
4750
3696
10072
20828
4239
9006
5306
44144
5970
11837
6542
8131
3051
3924
12295
3068
8235
5001
4371
8205
44324
9319
10026
9070
2117
4164
4374
7237
3599
50694
5861
5925
5024
5516
10386
5869
4629
4844
9203
34946
13733
10230
4781
3886
9036
7860
6420
2674
10639
5745
5198
9315
7218
2455
18147
7058
9601
2789
16052
4848
3409
3595
10193
5295
9545
6121
2804
5645
4284
5155
7498
3637
4645
5991
87370
44117
64473
8595
23639
5804
22227
2950
4209
9023
6696
17268
5818
8160
24082
4379
62616
7223
4425
3373
3707
7323
53441
8441
7637
8120
11151
7255
5193
10695
6283
11501
2830
5564
8736
15715
10944
3217
5817
6813
8050
4926
11932
8608
3755
6863
11197
5098
8861
8897
27385
2013
5121
10979
3569
9615
4872
9444
10093
7613
6554
8526
5141
16054
16250
14531
3308
4269
26450
5187
4479
5522
13754
5836
4226
3220
3705
4525
14571
6897
13521
32957
9541
3899
8206
5599
39175
6706
27239
3817
3692
3037
20375
15475
8282
9813
7926
7263
8981
9765
15933
5657
3505
3678
9375
11465
7327
4809
29349
25624
8189
9993
16138
10030
2293
10996
6794
38464
7025
10856
6335
7985
25401
4435
4699
6497
20928
10643
7915
7764
3781
10930
4472
9428
4439
3351
3041
7917
5216
7234
20987
11418
21793
10769
7533
13754
4961
27373
3083
5504
8482
2990
6393
9302
6232
7352
3312
6117
8049
8624
8993
5860
2241
8451
4547
12400
7336
5517
38937
2769
6079
2798
7470
3244
5396
8083
38375
7198
5428
18477
4122
6330
5390
8472
8282
6029
7944
10571
7782
5769
4589
35621
9512
37496
12040
3477
9389
5528
4364
5565
6639
2082
7526
10981
5690
4310
8209
10065
2412
6867
3318
5862
7345
4971
3369
20966
5657
22304
26612
3971
26906
1843
7646
21176
5751
23683
25409
7231
7553
7837
3282
14495
6079
9806
4369
9994
13892
3467
26835
34932
4527
4527
37654
2897
8170
14999
6765
8806
4481
13950
8253
10940
8675
7899
16560
13030
17834
3150
11943
11999
5987
8876
11354
4009
6553
5122
9705
3253
3359
2284
11591
9940
5746
6909
9890
3113
5711
5182
11387
2835
24072
8058
7946
14707
3501
4031
3811
4911
6043
2951
51102
3744
4640
7233
4949
77280
21063
11708
6996
3398
6004
5990
10325
18214
8111
8141
6202
6414
17107
9415
11335
6568
8665
4739
27454
7783
10632
11956
24574
3373
5463
9177
4241
6707
3449
14037
13519
12966
28302
65397
4307
3416
7860
7712
24589
7315
3927
3342
4993
3962
10074
7826
3928
11516
5171
8079
4011
2785
6128
7793
53350
9363
13495
4980
9997
4708
7149
2636
2332
5458
17677
7893
7159
3201
3798
31606
48310
4854
3428
6232
3887
5265
5659
13204
8125
10807
4998
16810
6940
10557
6782
6695
34557
7914
23647
8327
7224
9347
9193
4713
9490
10643
3293
5497
6251
7207
16369
8088
8322
3337
5918
7036
12192
3487
3718
6877
6797
4640
4578
8786
5539
10013
12888
26581
6902
3966
13164
10050
15392
35550
14478
19539
3165
1976
4023
4588
4434
7011
3353
3112
11704
3014
4281
9263
7905
3792
3744
6800
11366
12501
11149
3362
3035
6177
14071
2518
4232
4411
4094
10828
2726
6045
3651
3220
5290
19124
33755
12721
3429
30868
5710
7517
9634
6019
3325
6545
2991
7185
27663
7538
10607
9856
4828
6384
12921
2848
4523
8681
3942
2787
14710
6177
12532
9818
8011
2688
7089
37757
7633
8201
6400
6881
8932
2295
3640
4043
28715
2310
5484
5973
3689
9955
8826
8440
7651
9150
5477
8007
3840
4404
6093
29169
9156
9256
11295
3478
3469
3562
43112
8122
10725
5830
6891
7654
18252
5756
4369
38084
9922
14434
13033
10721
54312
3413
8947
2881
2973
8080
3476
3432
7632
6826
8871
7560
5871
5833
6425
24578
5351
3676
4884
5294
10491
16063
24043
10805
45690
6023
3871
5540
8159
19785
7949
5147
5713
2604
9487
4535
5048
2403
4379
2261
27665
8343
4053
6216
6219
5393
3246
9925
6531
7743
7235
7093
7755
6081
3973
6755
31723
16419
7869
8069
5084
9314
3701
9857
6097
5309
4927
61021
2662
8284
9218
5556
9287
3753
7108
3887
48278
6380
7030
3095
2441
3539
10152
7114
38903
3412
2990
4249
5448
10097
8041
9130
7827
10545
5348
10517
9045
12538
3839
5274
5979
12377
8455
7703
9206
3892
18143
2605
3817
4399
11001
5513
3777
16092
9187
5595
6301
2717
4783
3409
11018
17021
6297
9688
4619
9119
6419
14479
22308
8061
7340
8544
6422
18716
5631
4604
4458
3442
23763
5297
28050
2666
18185
4534
5340
5157
3335
3529
24861
6165
11438
6959
8878
12580
3752
42926
8597
3416
9512
12618
6105
8789
9199
6732
5636
8340
3758
11241
2040
5879
16848
15853
16325
2630
4491
6764
34260
6148
6004
3255
5259
85548
8371
5681
6721
8515
11700
6455
3062
8269
5673
6600
2183
4897
6554
4508
25314
3755
12029
5968
6201
13836
3096
9719
3236
2264
4203
5975
3196
8216
12643
9822
9541
9422
6534
7043
4731
3574
10287
36620
3945
11759
4730
4224
10206
4216
5192
10540
12578
5414
3381
7826
16447
5720
19289
6232
9821
2438
3325
7462
5602
3776
4540
8092
6147
3487
4980
3427
5801
11047
8900
11426
3031
4451
67134
6176
4216
6968
3485
4498
3621
7467
6056
6931
9682
8167
7565
12773
4461
8682
38967
5233
6785
6130
4320
2951
6859
3628
4653
9077
8139
6377
5333
19152
11406
5678
9852
3097
5346
2881
7515
4617
6952
7414
7902
13453
4158
7384
9782
24189
5414
4995
4635
14563
32903
28584
6953
7882
6360
10687
8195
14968
8290
5580
10783
5440
4606
7087
5880
7432
4729
8855
6333
8242
9350
3111
6601
3511
14930
3428
7016
3903
4918
5451
8691
11737
12781
4507
2084
6200
6300
6687
3775
53868
15392
6538
6016
11175
4435
7895
8805
7755
14825
5200
6860
16145
55576
7479
3863
6613
5267
18629
3762
15258
9883
5183
17820
24679
4696
22414
8960
7403
10659
6399
6512
7800
2319
24915
14907
5684
3850
2638
9342
2554
9771
13357
4498
12365
4690
13955
1931
8921
2658
1914
3441
6074
6260
3376
4863
3920
7381
11081
39384
5183
5831
4785
8747
8064
9164
3189
5733
6093
7838
5622
9337
7967
7419
5169
7968
7907
7024
20094
2615
33175
6764
4525
9153
16082
2868
9830
7425
12610
2448
8241
6502
3688
4974
3717
7655
4624
5956
4018
43924
28789
15109
8505
3467
8540
23638
4360
6737
6394
6681
51261
4219
4974
5200
6268
3694
8676
9757
8320
14694
5099
7153
11526
7300
3668
7146
27069
4687
16022
10816
8309
8763
4075
7317
3698
10939
3973
6802
2346
2006
5480
11614
7250
11770
8978
45122
10735
5749
12904
67039
3929
5659
5570
4707
10021
5141
6148
3320
2341
16439
8103
7803
6596
4515
5747
8589
3154
7558
10123
4562
6252
9938
7785
4786
6774
7248
3617
5350
8323
3527
23601
10218
3787
25732
9497
8777
7283
4302
2851
6284
10717
32303
5951
42473
7154
6386
6172
9426
7388
6343
10474
5288
4413
8470
7708
7808
15013
13142
8648
8324
29297
5081
10028
2926
4311
7052
12511
6886
5648
8077
8899
4076
3157
6615
3976
3986
7836
9291
3240
8313
7782
2331
3359
24602
6187
8102
11250
7684
4857
3766
2193
2659
4242
9037
2691
19096
4723
7236
3286
3865
34026
41877
6908
6609
13915
3965
7366
8401
26630
8393
10412
5706
5435
7242
4373
34480
10352
6749
2654
4613
5410
3948
9379
6099
16681
10045
5729
36589
6198
9882
3697
4802
18873
5736
14919
7078
5059
10367
5775
8007
58282
11791
46383
7893
2566
2667
7241
4188
53900
16587
31323
6891
5253
6978
2872
4813
10981
9344
15877
3704
3330
42621
3174
3209
10034
14668
6040
5795
6576
42029
31624
3595
6723
5692
9609
7344
7077
71579
7936
8101
20674
3098
8979
6043
9574
6852
8873
3887
8566
4387
6683
6898
5903
3155
3927
5827
10387
13859
7393
46150
11507
10659
3797
9620
4053
10939
15323
4985
3277
5139
3923
3128
14802
6064
13774
7507
9188
9209
9167
5416
7035
7394
20886
6529
8896
3518
3638
26170
10008
5856
28134
9279
7291
5431
6017
11578
20477
9984
7516
3172
7612
7541
8866
5149
7692
4331
9415
8367
2954
6059
16818
10312
3745
4307
7378
7882
3921
6417
5173
7221
5874
4071
11075
6713
2197
5474
6770
7393
21711
5660
3876
4325
5597
24719
3881
4795
9512
2511
9834
7385
17533
42728
10671
6025
4206
8566
7981
6371
10812
6367
41260
14133
11469
5411
7828
10570
8325
8606
6111
11031
4718
3771
11118
4292
4957
5943
10612
4992
7386
6652
11206
8856
2303
3730
15120
4696
11216
6081
13584
31433
10112
9352
64333
7164
20428
9502
5013
9759
3327
12412
4381
5042
7759
5492
4213
6672
32804
4369
45095
5941
2713
3258
12484
4918
11183
6749
10116
52284
5116
59898
17721
2912
13048
29605
8541
3680
14087
5649
7505
3928
3868
4410
5185
32265
6328
3965
7794
10187
32390
36581
10665
7971
4387
3885
7381
4191
3049
3112
8934
4070
18836
76445
8178
8982
3495
4256
6207
2949
4196
7393
10123
2247
13427
3303
4366
7889
6419
19851
5977
4329
6130
7903
10265
4264
13148
7008
6907
12738
7785
15997
6393
8747
8525
11738
4620
7502
66809
11549
8364
11031
2639
3273
4602
4262
4950
3210
11712
12351
6388
2025
5509
7011
14093
12598
3631
6829
4162
6821
3521
4687
3795
8430
71960
2906
6836
4127
4707
6622
7217
7476
6867
2712
3160
2509
2410
5929
6888
5780
7683
22131
10770
6981
15672
6474
7259
8906
4929
5835
28693
5220
11115
4165
25898
9245
9743
5648
9140
7342
7317
6250
4310
12848
3550
7743
9973
2682
5545
5288
40710
5229
6638
2971
6888
4253
7363
7719
3926
3539
6077
5711
6027
9102
6532
3511
4446
4592
15695
2777
8134
7709
8977
4075
62806
21495
9221
6954
3796
16628
11675
11363
4354
3912
9579
8783
1995
6685
2977
6084
25150
4761
15799
37654
31915
3531
3906
7237
2654
10485
7831
3565
12702
8737
7271
14848
5226
39977
5160
25314
7623
6423
2660
31469
6121
9611
11872
5938
7661
18985
8145
4493
9370
12122
4511
5844
14396
7955
14900
6586
3832
11308
8167
37225
28585
8404
7974
10188
7187
16697
3120
5918
16186
2995
10982
5674
12697
4496
4877
3941
6210
12631
9997
9352
3932
6722
3962
10368
3163
7664
3974
5694
35336
6666
5840
59309
4914
4642
6411
9909
7252
27071
5931
3063
8097
4676
6430
6017
7228
7826
13969
6886
9591
9338
3601
7970
2910
5109
51490
28305
2672
6505
6524
5963
2106
4236
4335
5324
3760
7097
26950
6755
4154
4488
2852
20552
17371
11384
3685
37700
5231
50430
7518
5441
7699
2318
8563
5929
6721
4616
6353
9981
18257
8636
5485
4213
5828
7881
12996
5640
5394
4089
3134
8529
20710
3294
10757
12636
14519
7129
3343
19456
5274
2953
7669
20955
3165
6620
10983
3714
16876
8258
64151
10464
8004
6795
5331
19391
22321
8614
6345
5171
9950
7534
36595
9380
5305
9518
2806
4770
3479
5011
8698
8270
3672
7654
8946
12409
7708
3782
5546
6190
5768
34149
20270
17517
5938
1672
12707
4721
4083
9206
3349
9805
31815
7084
8788
7511
21806
3515
6038
4005
30405
8558
6009
4199
8963
7266
17888
26217
6000
5126
9518
11096
5893
8434
4318
13698
7372
11858
16823
4953
4963
10982
4539
8636
2778
4380
5309
10078
4566
6096
3030
18667
18929
3673
10772
5290
4457
3835
3875
7606
8697
9218
6778
7393
4844
3136
4996
13926
12699
9154
6939
5441
3678
3546
8779
6337
5129
3027
4630
5536
5687
4508
4952
6188
28409
3202
6577
3048
9408
4906
7635
8847
4853
3862
3833
14143
19507
7446
8335
8092
37442
45909
8988
5449
2800
5560
4076
7723
3688
8948
15707
4243
4559
8578
4010
10720
7831
10903
6996
6885
6390
3694
17406
8267
13560
1874
14107
3267
7693
6342
10064
7612
10142
7141
43846
7271
10381
5220
4090
5525
56953
20192
4474
5473
8663
3990
13658
2832
5227
4648
9477
8432
5032
6536
35831
11498
7891
5409
11342
27441
4404
4041
2767
2049
12844
4281
5750
3993
2609
6493
3063
10499
3539
42065
6028
10314
7717
4213
65783
4328
12446
7449
8344
7038
14506
5472
5090
36078
8173
9081
17468
3697
10146
9678
4344
4742
3876
17543
9820
21552
5349
6908
12261
9868
5338
4590
3687
7008
4153
15368
9422
23116
9343
3610
35896
3574
7553
5588
4651
5413
8817
6766
2272
8357
5556
8628
2889
14676
9227
3285
5914
8997
3732
90762
5312
6825
2458
2990
6528
3946
6376
3407
31434
4538
6849
9979
3672
4646
7243
8990
6709
5914
6394
14394
8455
3261
20905
7004
25623
10417
24886
18593
31019
6597
3616
4728
5129
3890
24500
15675
6582
3481
4321
15298
3766
5331
7161
3336
4824
17933
7440
10472
4611
3017
38008
3814
5267
5377
8066
9001
22769
2048
2722
7375
7599
4397
3543
2601
10098
18410
6579
16722
29306
8602
7365
8936
3650
8605
5377
7072
11850
3777
4665
9592
4637
11880
4365
5886
11087
4397
5195
10058
6515
9051
13804
2043
6532
5407
6575
6071
3849
10011
8203
11214
4830
4648
8402
4244
2084
2916
5443
15697
13399
13704
9271
17589
34303
9639
4221
7925
5947
6097
3967
7563
20570
7573
10211
6330
7640
25483
7073
4632
7768
12618
7111
3001
9756
40341
10399
5053
13927
5316
5299
4849
6298
9162
7674
7004
10696
3588
6750
27384
4460
4543
6180
4999
5199
47211
7656
10890
3674
34385
4999
11906
6604
9664
28163
4252
8492
19888
3238
8601
40772
5426
11338
6245
12716
5004
11951
6992
6206
4103
5079
32671
2994
11158
5178
4096
4422
26866
2923
2992
8724
9266
5322
7299
6290
3872
41428
10251
3096
7378
11836
3273
41290
4273
3143
5144
3817
44102
6797
6207
6738
4990
5514
8318
4216
3842
4817
9683
2832
3188
7057
6466
5594
9259
13088
4550
4181
17813
4660
3870
5811
3310
5790
8698
7236
5200
12363
6673
5911
3807
6414
10312
3202
9044
6729
13890
6165
10277
6894
10464
14353
4788
8225
13585
3595
6910
3311
8217
7945
3113
2503
2719
4220
34431
3463
8784
3327
6138
5457
3618
20109
6534
8080
4660
9494
3609
56226
4977
2288
21361
9371
6287
5039
5384
5056
7354
2917
5299
7282
5566
7189
4359
3245
7852
5064
7204
4231
5744
6781
5817
6574
11071
5632
9764
8769
3641
5142
9870
4996
2128
4817
7148
5364
7877
5999
7049
4081
35293
5876
11535
24896
19554
8133
5913
8504
5337
7157
32305
8705
6420
3409
4636
7528
4158
9782
3246
5456
6911
4876
5407
40435
7758
2192
10422
7620
5939
4359
3837
47449
4917
11440
3248
3934
5333
3373
6249
5293
7153
6021
6907
7937
6304
5743
6765
55871
6296
4682
9687
6567
10156
8001
6806
7702
4932
10772
3715
6663
3449
3852
7955
23065
3476
3313
5902
10444
3427
4442
5562
64824
12159
2764
9913
8024
3735
18645
6827
4418
6805
4782
2340
9689
6139
5672
10148
10836
8127
39799
4201
2560
7361
25286
3580
7607
4231
9476
6792
9261
4206
6611
7961
2150
7267
5732
5929
4314
29916
6166
3361
2974
3908
13850
5018
3743
9936
5212
25609
4526
7441
5145
6904
6984
26597
5183
7870
9387
3295
3215
6590
7449
10432
4118
4289
14421
8291
13581
6349
10521
7503
10212
4784
4103
2723
3512
5555
11355
2349
4499
3176
62450
3632
3651
7910
5305
9038
3096
4708
7289
41365
8247
4849
4856
11740
2400
6155
9001
5586
10529
6468
39402
3730
8006
3206
3871
7126
3335
5547
12164
4451
7990
10004
14270
7105
7047
10236
7112
10115
10717
3954
11350
3563
11009
34385
4275
3419
5334
3339
4337
8425
7205
7065
6111
71596
10497
10786
3881
6528
9760
7702
3504
4964
6002
14377
9054
7840
8255
23297
7596
23807
7033
7451
4729
3490
3417
7357
5263
6093
7498
3923
4713
15308
4102
4344
25616
5702
7584
15183
3007
8014
39984
6398
10046
3776
2820
31371
13684
22733
4825
6938
2909
2990
5966
5866
5076
9160
7274
8325
2773
3030
7492
7435
5572
3785
15091
10039
4610
3135
5338
3955
5443
9470
5602
2096
9234
8331
9431
40597
4814
2959
4727
3561
4262
9911
8767
3551
2871
4570
9670
63880
6264
11044
3884
57825
5185
11265
2920
58076
6732
10601
7028
21667
4268
24502
13679
2875
9349
6965
19740
4559
14553
10407
2188
6490
40011
24013
5232
16189
3820
4030
5994
8097
8812
9831
5394
8409
9406
6980
4277
20777
3151
3560
2615
13360
6219
8504
4042
13487
7176
4618
4051
10429
37047
7841
5080
11296
4075
10518
10515
4580
5800
27623
9388
5719
7682
4840
8137
7519
26847
5563
14003
5170
6775
7465
9600
7083
4379
5741
5807
5213
8900
10464
34892
21272
4487
42941
15223
8136
4643
5699
2318
3618
5396
4030
42317
17106
3869
3402
7259
5481
6314
5698
3406
8324
9117
6904
27734
40539
9375
38168
6301
8717
4560
5331
6884
4281
31229
3071
13454
11912
8756
7389
16322
9609
2615
11591
7232
3768
12255
44106
20347
8438
6112
18904
5752
5604
6508
3949
7787
7749
8621
10010
4300
61734
6627
1921
4245
8044
37808
4773
3817
4304
9279
4157
36657
5790
2516
10394
5993
3766
23906
3609
4255
3792
2348
5707
5647
4432
6588
6866
4303
13375
19251
5597
5961
4442
3630
3521
26471
7941
8674
29438
6634
8312
5856
9023
2475
2982
12186
19766
5324
4920
7069
8023
9524
20571
8325
4948
4583
6776
5569
5053
3511
86384
3451
16681
4390
5739
23325
3747
11621
21593
21884
17452
4310
8358
5884
4357
5140
9351
2464
8678
10374
12743
3157
38984
4631
9586
2556
7166
8726
9800
15037
8721
5963
7677
4275
6143
4158
7948
5978
10089
11865
5219
11394
8759
17347
7296
4279
5834
3186
6875
8107
4702
5927
2190
21199
3406
5198
4019
3650
6511
9779
5168
10588
8732
6547
4231
8557
9364
3704
37152
4314
6462
6213
8045
10535
26839
4772
9833
4346
6574
7182
6299
6009
13451
4279
2682
9027
7155
26977
8674
9868
38180
15593
2591
9365
4298
15489
3480
5087
7641
19711
5908
14434
7401
3311
3286
7692
4750
7165
6938
17525
15097
6456
15204
14769
14699
4533
8127
4399
8671
35933
8179
5667
2720
6901
8138
6941
27756
5731
5171
9952
8222
5196
5236
12931
45891
9173
6658
6930
9387
5017
11189
60086
7218
8983
6243
16643
2857
3572
7508
8980
7184
4213
5131
8983
3685
12757
3280
6495
6075
3635
3408
7171
3187
7189
4842
15367
9000
9127
4349
3543
4379
4525
4778
11926
7710
6928
6305
2943
3441
45433
4275
3961
6029
4999
29847
3313
5328
5945
6435
5552
12804
6100
6403
10449
9986
6877
7606
11536
23909
11205
4758
1866
3994
9710
4201
7238
5966
2081
6886
4840
7854
5175
5961
7664
4104
1967
3112
20074
11446
5184
9789
12399
16668
5892
5781
6283
6060
2687
8832
4395
11468
6122
12421
3377
22636
5695
17009
4078
3388
4701
2839
7358
8711
5412
6587
11438
12852
8146
5737
6920
4271
4188
41285
6691
5309
6672
4011
5947
3028
2488
4273
4453
7043
4141
32745
5243
4828
28243
4097
7604
19386
2787
5192
7865
2727
10530
8376
14749
8120
28244
38491
5853
3846
6454
3538
16176
5018
14936
4961
4670
6354
6430
12266
3937
60831
10122
38221
5432
3257
5249
4787
10061
10051
6452
3607
5149
4468
37125
6135
15657
42616
8086
6238
8407
5023
3393
11119
11135
26556
6641
6844
4905
30477
4484
9030
5375
16496
9079
7923
3143
4543
6377
11697
5663
8575
10291
6533
7187
7623
2731
12581
8179
8464
4977
3844
5369
4360
9480
3751
13650
9430
4303
7360
10544
3692
4451
48579
5233
4398
11030
47100
11005
15165
5515
5072
3540
13435
7640
4612
24699
10178
6752
2574
2831
3772
4136
4106
3111
4656
4890
9160
5857
2745
4615
5786
7976
4640
5118
3042
4036
3882
4246
3951
4497
12154
6463
24843
4527
2846
5171
34292
3021
4878
4818
3054
4181
6713
3258
5028
21448
10774
3417
6417
10729
10959
8033
36200
6967
56294
12038
5087
15432
9323
11715
28975
3351
5731
9285
4114
3243
6029
6294
3429
23353
23267
6453
5288
10688
9053
7695
6531
16144
5020
5669
3795
8434
5846
4866
3251
5237
2450
11723
7536
9983
6006
6522
9306
10072
7531
6624
24163
3889
4965
4480
6901
9332
4024
6189
7368
6374
5243
9912
6830
3989
12601
5901
3783
8513
4460
7200
8172
3517
13317
4678
7132
24909
3539
4683
4313
3592
6156
28935
20339
9725
7760
12955
10134
5494
8403
5504
4940
18968
11734
8941
6719
7547
6217
2810
4747
4724
3031
3433
3032
5945
4994
11383
9545
4399
3048
6991
3361
3737
14126
8903
5014
11218
2781
7928
6548
3978
4468
4121
10916
9872
9806
7318
48657
3540
14231
3951
4157
24448
43289
3173
8433
8147
8137
39879
10879
11064
28716
3207
6384
7322
63684
38134
102131
2776
11402
4742
11304
4816
5553
3202
2877
6757
11391
13341
3503
9596
7501
12446
3711
46319
5940
3397
9689
4835
5210
6743
7769
3300
4715
4025
5322
4914
3096
4332
5266
4742
7294
8729
8655
5971
7736
4956
7806
78034
5010
2346
10537
7597
2967
8838
4034
6813
5906
6414
5118
12720
5037
31094
4953
14416
8226
55204
60021
5878
4237
8087
2747
3496
5411
7313
10078
8221
7353
3479
5209
13831
15837
4664
4771
7351
6276
5627
4738
2546
6985
36699
8594
3993
6374
7244
6436
4300
6135
21146
5796
5599
32630
12032
6873
2792
11044
12667
8066
3549
5976
3041
4606
19209
3979
3646
84348
8460
8455
11285
5085
8996
19628
2855
4249
8227
6182
2701
4498
5321
29232
3243
10498
5359
9401
7807
2909
6862
32569
9926
4807
6020
7066
3816
2907
3144
3907
7234
5591
9033
30356
5073
85220
3026
2912
2873
5963
10028
5077
10740
10358
30698
11124
3819
6463
8222
16411
6006
10821
4883
27352
11884
12281
4733
11046
1987
5529
10754
26985
2680
4645
5774
12789
9239
5898
57965
5141
4493
19570
4518
4060
8177
11807
12756
5142
16733
6053
6573
12112
6330
6571
4716
12710
9565
3289
44234
7757
12409
8910
11994
13242
8693
62274
3071
6737
3318
10957
22473
6855
10414
7760
4665
4579
9776
9823
15835
12656
3554
5298
5016
5604
9935
4648
8296
3039
8437
6560
13930
4519
8028
3497
3738
4788
30884
8123
76026
3445
35987
7503
13078
36783
7141
38057
5334
2728
6145
32010
5765
4356
6843
7048
5375
6895
3918
8325
16471
9013
21940
3613
16285
4808
43072
3446
4709
3918
3279
11950
3838
4534
12871
4374
6549
4242
4404
7663
12141
9091
5258
8659
10853
2556
4891
6620
8573
10051
5324
4563
3365
6665
3268
22759
5984
4315
5670
7831
2965
8019
4602
6235
9832
6244
8170
16382
6248
2777
13703
5268
8339
10580
4446
3573
21974
14179
5035
7893
4158
8417
19841
5727
3190
25537
7965
5463
2762
7466
4527
7075
8085
5002
5831
6846
4041
7144
63623
5117
4703
12204
4635
4490
3241
6128
6537
7583
7518
7699
8731
7003
5579
4265
9615
6606
8072
10569
14295
4185
6293
4195
7106
7578
3716
7132
7660
