19098
5225
6836
71376
13389
12399
19268
7583
9251
3430
7419
1382
6936
4963
5799
5773
6282
8920
3887
8208
184933
6116
5448
6287
4442
95957
3232
40129
3237
5087
6082
3387
5528
40723
6091
17339
130214
8546
29720
7582
11353
4405
36469
4237
9227
41513
8212
22153
4902
5915
6492
8398
12026
70893
5710
7770
5173
9939
4666
5464
9632
5199
209161
8780
7111
12090
7077
8070
5686
20071
3806
5143
38303
9779
12426
151467
34238
9744
5139
10240
42294
4050
21516
5578
7628
8549
75168
14207
6854
6845
8048
7332
54675
8178
5322
5495
8955
9253
3570
92040
9265
37571
18866
21492
12216
134302
75476
4874
51859
46029
8432
9767
4610
6546
8495
30228
39141
8761
7048
73747
79487
110136
122440
9986
3940
11224
3045
164414
65913
4899
10805
35417
28881
14008
3146
2662
75933
6750
8227
2920
17475
6805
3084
4653
20530
8561
4751
6607
5746
7675
31053
5864
7752
37989
9607
8271
9094
5873
44076
73489
9816
3683
7006
46944
6556
5383
99365
3486
7781
5560
6535
17816
1958
5311
5048
1885
6033
6482
24201
25577
57669
4134
3991
7014
4927
13923
5732
118426
51792
3405
2932
8508
60084
7619
123797
10493
41429
2107
22789
7832
4711
104667
7596
33444
10370
7679
104226
6426
5922
12583
3393
150953
109318
5112
5573
5902
8362
48656
9986
10447
9672
7674
3380
3540
3308
10829
3619
14366
7857
6459
5980
20932
115068
9430
4267
14968
7033
8072
10586
11645
43248
10912
7371
5860
12567
6598
1633
3805
10717
8248
10953
1462
11761
10016
45225
9921
8795
3406
8702
4998
73033
7634
19395
6352
76042
14951
114690
207957
6165
27009
7683
27438
6150
196632
5926
6196
6858
7209
8139
29472
16631
7816
10472
9411
10756
5317
7767
3808
10762
5675
48931
2549
3235
4569
6761
7001
88950
5653
3764
9857
5977
3248
3183
5098
4572
6811
11007
6370
102583
4807
3367
18878
6685
5939
12246
3091
61303
3668
25988
7032
107624
11469
5093
4914
2141
68270
22300
5299
7684
12129
3024
58451
127951
8800
8052
71916
20882
8445
5114
5603
10134
2749
19700
6861
2137
29812
5283
6881
6407
69106
2698
70833
8037
39566
7421
11269
119310
3951
9290
6678
7349
6818
9740
7062
7318
124050
8666
7285
6205
2213
6290
19920
7792
8749
7914
3107
30145
119737
17010
7666
9368
153286
16684
64212
19632
4769
2747
12482
7287
8674
73344
4483
5529
2877
5248
7740
117191
3874
4237
9429
4510
10676
5481
7128
3465
12213
32353
9976
8385
68652
8714
9396
8713
40109
10854
9028
8560
10106
61914
7181
10754
52006
9556
1784
93689
7643
4173
1709
5057
5414
4414
11970
16420
19667
9897
6922
5506
7582
4163
9776
8239
7975
11208
10643
4017
11575
10392
32772
3957
93276
3489
6906
7872
5587
2131
3166
6564
32558
7611
5794
1502
8504
10880
6086
2313
64419
8624
5153
14803
8750
5377
33157
7619
2261
4664
8839
2584
5439
2604
2840
146869
10113
9560
3318
11808
7814
5297
6206
90868
6516
8302
8725
4317
37757
7475
19318
3561
5119
3655
5868
7944
3986
7430
41068
263688
3651
1789
2279
10193
7097
25280
17396
7733
9362
7119
7250
6826
71694
29547
101978
2002
7345
7279
46589
11153
6788
3593
5593
54151
28846
8151
74409
6327
2385
6563
7405
10507
135418
3413
7682
5728
12034
9348
3829
6245
14173
8527
6008
8122
2955
7576
73232
11105
4966
7376
7999
5306
7855
51021
6731
6054
29457
3141
7521
8787
27967
8074
18896
5590
3383
1839
145284
126740
6034
7226
7875
5643
2347
13246
13680
209675
24182
20908
7591
51671
10027
12023
8056
4064
4770
4779
5483
23405
6437
5908
2160
2343
6402
3761
11561
3822
6808
4819
7157
6710
6118
5106
8155
14459
35120
8493
25199
5208
7474
9747
2913
6324
55937
6195
31680
2927
9373
267192
25752
66813
4626
9545
5836
8241
94947
6583
3129
3406
3967
6187
108607
10084
6811
48174
8946
12858
96322
5636
12952
14653
3832
191176
5886
3578
79434
6423
20042
31693
4409
11702
33584
9589
8743
6194
4283
6037
7056
7881
47358
107003
5443
5078
42026
2704
126240
4872
7537
5877
5817
6407
5599
10649
5167
21012
9489
26571
3874
54798
4468
28133
27950
5941
7247
46477
44723
7589
6533
10584
10721
11693
15382
6636
87263
6503
3952
8504
3752
7567
41995
23311
2492
3283
91506
180192
7762
5839
6516
5134
5251
44334
179528
6465
26003
8529
4765
38002
55759
2053
2361
45429
3455
8015
7668
10543
8392
12818
5911
2810
6111
11277
8590
7003
119511
6220
8158
41671
10193
12192
6460
4095
4867
8537
6412
101912
33352
3432
13938
4733
1668
6999
8389
9303
72905
6958
4380
9574
4369
5040
12601
39814
15688
5383
4573
3127
2443
4175
11550
89457
9967
8444
2911
19849
13575
5437
11509
247593
9092
7595
26035
91299
6772
66779
14508
5968
6596
6759
36095
4034
9016
10225
3766
4007
7484
9845
12135
59066
9281
2901
7118
10275
46313
4793
5016
2783
10450
30366
2754
11541
26828
6102
12704
5608
10118
62274
4468
29174
160611
2180
11527
7110
4898
69245
7324
2592
108289
7169
9430
7346
9545
4995
8192
5784
18760
8891
129259
41879
7200
14298
7437
2533
5257
52655
28191
17956
8424
10695
20535
7854
6614
4860
6922
8364
141726
4046
7438
8856
6956
120285
73141
7896
48795
1940
5662
5922
10066
14694
116816
214486
102311
5093
28588
96152
39771
11222
119206
6779
9178
32516
69692
7364
10436
6620
145321
281661
10705
10041
1664
13004
5970
4456
6429
2966
6353
4646
12523
11860
7942
5682
8589
34032
37545
12995
6470
6123
3281
3839
3832
4303
10125
6559
6427
9959
3251
22895
39962
3587
123815
13447
7178
3462
9442
153498
14625
39282
9741
19075
11427
71182
9011
6023
8096
6626
7296
13751
5321
2137
26913
9542
5919
33459
18862
8652
9441
10303
10057
6174
8876
81831
75763
37401
5083
27709
12590
9562
3906
6319
7584
4956
9861
7520
13744
7557
4960
11230
65820
18322
9916
15092
7388
72765
11226
7533
8402
3171
72253
5528
4905
55723
6231
28271
12282
8839
22680
7596
3633
1810
4546
50166
1438
29398
9067
37050
8195
29133
4055
64988
9328
13624
9229
167509
9510
137427
7115
144113
4366
30430
6359
63174
5080
4665
18113
4942
4778
3741
6655
7281
13033
5420
6533
7924
9558
3640
8176
8662
6488
7004
5138
9776
7056
61911
9795
5901
31409
76154
6054
4056
3715
3056
4258
6264
34091
11406
3489
5725
98816
3962
28371
2524
3305
5366
75231
4797
4025
323513
4234
7884
7655
30080
5127
5406
93511
6563
10477
55200
187129
5841
8948
4487
18177
6602
13085
6035
13222
11464
7812
8142
80208
2286
9221
5961
51093
6242
32996
8498
8736
4557
10831
50632
74727
11033
256074
21901
27709
2698
4682
8969
35678
47906
33011
8645
10886
5899
12292
5062
49445
3162
5352
2658
9760
3766
8289
6064
19461
27168
10078
10060
276078
6189
6692
90136
14497
10612
7271
9188
10260
1851
9577
14149
3183
90535
122124
5048
6819
6576
6325
7210
6369
46540
7200
4804
5114
17679
10997
3710
7012
4921
5307
8924
3992
7356
59885
79514
5987
9362
7775
54288
27475
6095
8811
5982
6812
12982
50171
11623
150865
3856
7130
2575
7542
59309
89884
10485
14525
7469
6300
8931
8046
11914
14697
4682
8564
75605
134923
8500
11559
7891
9420
6117
5814
61603
15427
2265
94489
10072
2822
5486
4868
9400
9263
9417
6471
6242
6398
3133
5695
7721
1987
6721
23731
3792
7995
8703
57089
8796
4600
112580
7093
19036
7312
4406
15292
8008
3286
13830
83310
5227
8532
16640
7145
10897
10601
3645
7775
4228
4191
7000
6877
7652
38363
11039
6279
3087
47749
8511
43386
28004
88827
87940
7907
10967
12482
4333
108872
7831
85035
9151
4654
5712
156873
25977
9523
3972
5336
7961
2298
66944
12148
13107
4447
29012
4536
41066
16030
11516
5518
11734
4926
3946
25628
12163
21341
6090
15157
13774
7666
3037
6850
69307
13168
3675
3866
63994
11432
16365
6719
4950
8415
8289
5146
7656
98129
76476
1620
5199
160358
5373
9681
6713
5587
1977
11820
4466
10536
4073
3848
7345
4509
110798
8559
6794
6830
1675
5828
4058
1473
28658
3634
12461
10371
8810
102271
8208
12175
87951
14833
85605
12714
12478
4754
4125
5263
13846
4724
7020
19443
6540
23990
10714
114467
9016
9070
6958
39117
9642
5693
10357
4666
6944
68422
7921
11321
104320
3876
179521
7532
6278
13805
18549
147039
25115
8998
202155
6334
7987
2992
6489
3197
7189
11413
5437
18451
4824
18609
6146
71459
12122
6623
6226
1852
11758
5067
8192
5474
2075
7973
65180
5124
7069
4991
4065
17340
72618
6588
17250
3390
10519
5768
8810
5315
10891
2052
7103
3453
5879
37682
4390
10478
8139
7161
5773
8203
10324
8447
8111
6905
9025
5212
5283
2265
6765
23086
80061
29422
6607
3054
11662
11441
6668
3640
47184
3567
12998
7462
16804
4661
22048
6221
4942
79370
21814
11453
8847
10017
4992
6871
3778
3768
2275
6279
5278
187906
227184
50727
48819
3315
9207
6892
10010
7710
229494
2132
10105
4292
2791
7022
12502
7117
7289
254474
8249
1709
5295
14306
11259
6049
7387
3394
25303
11359
4747
45333
9485
95177
23134
7736
4454
7827
41311
10462
4657
51283
74140
7195
5186
44181
135499
4513
8662
5557
54835
8011
5881
5753
4841
10276
9042
5454
54060
8809
4078
8931
4069
26282
5234
30606
71404
2962
7686
41119
5743
9605
6424
6594
10572
7131
41816
83364
57848
17209
10580
7748
6133
31844
3936
38746
4315
32098
3485
7659
7254
11468
38430
61706
6780
3031
6245
7027
47203
7102
5050
7415
8441
7109
5293
7390
6701
40798
92643
2813
6545
4473
153257
8265
5145
61395
255159
5512
2389
4741
4503
10693
7751
59198
3042
18190
44393
6922
3169
4063
10520
5742
3663
11251
69741
8044
22079
5545
6096
4313
11093
10066
18315
81208
5507
44268
7466
4637
20859
58892
107575
8186
4873
36411
25761
6784
8271
5908
27530
39617
38687
4455
4358
7024
7388
31887
184775
6156
11608
6754
7342
15744
5964
3258
7172
219618
6460
8966
10170
56639
72258
11981
8364
33952
7236
10895
4812
3917
145644
5620
25061
5372
1896
5938
4606
9477
11314
2543
11888
7631
8336
6950
7311
3034
3084
8661
147765
19820
130934
3731
10030
7658
42585
34479
7136
6446
3877
34089
101850
311753
8984
1951
33222
7023
2218
50317
8492
4602
152913
3493
3838
3781
6785
8614
20258
3309
4405
2856
2553
7119
28293
5672
70718
13097
3263
149529
6200
9805
5167
146960
3067
4631
60786
6853
3862
9438
5724
6307
8962
65489
155348
12348
37880
99483
3788
6898
11350
13520
5307
9832
90486
8387
4576
24565
10832
12866
10738
8644
7505
96747
6935
32549
4484
10888
141437
6379
12118
7334
8480
97265
9108
110965
18414
1962
15087
6211
4721
5206
5662
39671
7632
3769
47781
7060
87103
5913
68591
101946
5565
163916
29066
10706
8165
9413
7127
9334
177566
32030
3206
9431
3133
108482
2779
7379
9220
10934
14674
1848
26290
7450
14614
3526
7022
4673
84410
3780
9181
35416
9509
10421
7236
5943
6888
3492
5445
17089
16153
10299
5479
12120
6293
144526
3130
3167
7974
9159
3641
11026
8116
6928
5948
9116
6436
3101
5909
35085
35605
39600
42101
6911
5251
3171
6916
4678
6681
8604
9490
54705
17256
26388
6509
26176
4381
8185
3565
29924
10708
12001
7359
7332
6089
4492
7280
5593
3350
10916
19215
35139
31035
4632
49175
6203
5390
7340
4119
29824
11322
6537
3929
4181
6263
94712
4814
14657
3186
5745
8814
3211
5003
30701
8061
8988
67902
11921
11024
32581
6801
6898
133401
33784
11731
5596
6521
9605
6023
6068
230932
5077
7152
4932
7815
14092
27041
4487
68843
2557
39265
38654
5269
9307
7261
51397
3451
27380
6143
4370
2272
10309
5976
5168
11257
4923
4453
1200
7244
5784
12648
48783
3980
62637
6649
85304
109995
142898
5477
6219
11136
9779
10494
8702
5361
8080
4638
125554
7113
8649
9273
10507
9492
9956
6213
134543
3875
7378
3209
4143
5036
68667
203512
8116
6095
8606
7678
9329
6661
9550
7085
45281
7556
5055
7333
2869
56814
58603
10460
5250
11491
2460
5614
6660
44348
6023
158999
7145
8910
13789
5231
1669
8699
149988
8598
6292
10920
4689
8928
5190
5486
4594
6925
237011
4364
31662
149322
4807
6697
27117
8338
16797
37702
58840
2278
89365
6588
127251
4022
2832
65312
161500
2195
10654
10273
30395
6559
4380
10548
32775
9349
52426
5677
105044
5552
8267
6283
12347
13157
10688
3053
67171
51916
6457
3050
2187
3603
39529
5317
16812
9189
3858
85536
7217
5029
5857
9885
11394
2676
2859
7487
6475
3840
13010
76900
8702
7064
249118
8049
11558
42266
6988
108088
3747
8108
4629
5878
14050
5382
5661
7950
11787
6903
5202
60605
12812
8329
39342
10319
3814
7302
10090
52744
14151
80534
14807
13706
10456
6533
6053
9520
6418
4236
7314
3320
11900
114650
97183
3125
91720
2669
11579
172506
9306
4046
6353
8397
84780
34642
6093
4941
3743
38818
8642
5580
37748
6273
8812
5864
32707
71875
4539
54878
5982
9071
5368
2068
5500
11271
5059
7225
43055
1714
3272
7396
24190
54581
6403
2285
2763
23147
38072
2368
8554
31520
90622
7571
7626
56050
4496
37731
8309
67493
5051
9911
9796
8903
82402
15071
18991
3804
6286
8472
81656
8985
73876
6487
27089
6710
48855
5341
27007
5183
120837
7510
7590
10841
60286
73378
5115
10098
8382
27338
8246
28681
8959
43542
7490
11312
4616
4033
1115
42134
6341
6786
9731
6964
11244
7242
59481
8521
5208
11108
7749
8488
13116
5642
137296
91786
69286
4658
2193
7338
7907
4202
25926
3757
5680
5009
5563
5722
5679
7025
7704
6954
6724
4641
7531
8343
21718
4504
12148
6571
5773
11279
8239
12002
7659
3011
10239
7057
9722
109998
4585
141066
6396
9152
5405
5372
3328
4884
4142
104467
8760
5403
11953
8710
43237
9618
63966
6762
6511
9940
3528
113977
5011
28713
82406
7859
3975
7370
5199
24623
10856
8750
5797
8213
6401
3366
45363
4540
16579
16206
7827
17627
84066
12734
2868
10444
3824
36653
5460
3428
14664
3076
2586
61416
11115
7970
7958
6647
8174
73259
46693
10061
6844
2273
4652
12106
4174
4075
6076
11096
8760
2912
9705
20303
12394
6996
7891
2752
17907
7132
5761
4929
62424
161344
12817
7189
70397
3526
45349
60274
6392
2957
5047
117411
3085
29571
5896
2778
4716
9843
3871
8970
15197
20017
6088
80199
3369
8128
1568
7121
113606
5527
30757
7175
3217
4941
6635
7585
331885
79318
35332
6212
5014
9753
41754
73182
8585
4492
76666
58860
12161
4631
8385
2334
44436
16379
85453
4535
4442
6615
8202
5108
9065
6164
20207
9708
5522
3493
5606
5894
10241
12640
2726
9633
18281
10107
1782
8450
142727
76532
35143
38194
12756
102385
66411
3790
6675
10387
130291
9912
6008
6541
20588
2650
19039
3919
6436
8388
8913
93605
141396
6517
12844
6357
6794
14635
8175
8336
3907
9839
10929
95536
3906
15462
29198
6898
120051
3629
8446
4562
4160
42024
108753
4035
9477
12969
96654
2976
10520
8338
4427
7507
11619
8759
8963
48508
5985
5902
108252
7672
2832
11515
6880
20779
9048
56611
23387
1939
2291
5693
5987
5309
10599
10925
13924
6712
11382
189963
4666
9771
4702
5653
7453
6982
6374
1896
13884
283922
4698
5966
9406
4661
7401
20624
57836
7213
3914
92763
6341
2437
3772
181092
6948
71421
5044
7404
8558
6043
84539
7233
3704
4246
67964
16477
82951
8170
6259
5238
5432
7419
52705
4057
102708
7915
46090
9019
3735
203983
8536
1371
19757
7830
14431
5301
10219
5291
4951
7767
4828
9687
3861
66866
6642
36883
5178
4204
10489
4049
6422
120129
7929
7537
7937
9096
14629
2925
7725
11106
33193
6982
4290
26523
10751
3855
54346
6669
66007
9478
7709
4453
4926
7702
4255
9693
9753
82877
7329
5254
6249
116042
5822
68634
28708
4901
9098
6816
4429
4587
2888
9615
2840
5604
66299
49231
19596
7379
6309
102443
3536
7789
3503
7359
9016
2696
2416
1646
281530
13764
5276
8102
6926
57407
7389
7927
5251
6537
8678
3039
7164
316747
7926
49601
29774
5838
14575
9386
10431
7770
9593
3942
5976
135490
7651
7407
8218
24589
59142
26140
10632
5451
32283
7048
2557
5915
10094
68555
3793
10489
4180
47257
4621
8935
98955
152325
3549
8684
5002
4811
4939
16637
5962
7342
9917
67327
10078
9755
10740
11789
6146
11189
5230
114608
113952
94789
6851
7775
8369
7564
8322
10181
12060
89885
2898
1521
6620
10647
2682
78426
22680
28306
9973
9228
4167
2167
4825
7735
11491
128062
9291
12498
10103
3085
7521
4540
8119
6423
7654
10207
5947
8027
5970
52861
9089
5324
2456
4486
3227
8967
5939
8263
56203
56251
8139
4733
10576
5618
6708
6295
11959
3729
15507
7764
2298
52882
6540
2976
8212
7619
100576
4286
9514
41816
2450
6571
19939
7626
4530
6479
2079
5308
5780
7325
3837
9050
4210
4874
4050
27300
7829
4270
2920
11685
66636
29301
2700
10626
8896
3735
10909
136393
7754
14994
58824
34251
5915
296295
10620
6695
24176
206081
7447
6364
7466
89499
5783
7163
7897
5414
8253
35795
11414
4471
4434
4609
13651
6531
3312
6756
8736
22465
6602
4946
5611
29636
74016
49693
22596
11669
11692
38111
240354
19847
8572
2915
4244
6855
7152
3969
1742
9366
9478
3044
8797
9308
5698
11247
200424
13343
6054
6266
49251
7474
5946
81309
5530
19541
3638
5324
9798
27071
6105
2943
46485
195131
101333
33761
4978
231680
8035
3950
10712
7207
6160
2526
5996
13119
66900
30787
5599
9942
49565
49986
10432
24455
33812
82908
4848
9103
9489
6849
31851
5567
6170
7212
13482
14863
8822
53973
15034
95245
7562
6150
4289
9360
6411
64994
3889
11305
3496
6759
28123
64410
38956
61604
8151
6380
9871
6082
4217
1067
5295
2674
10820
88273
8119
3011
2454
9415
10390
4890
2537
5245
13881
7855
6396
5855
8029
5639
9764
73000
4376
11671
8415
4572
5472
3025
6576
7770
8971
4484
7895
8480
6236
8465
6215
5332
6694
54927
28692
6112
42100
58830
9778
7080
55010
9340
47471
5235
20227
7057
39436
12547
4520
8476
107587
5779
23382
2658
79617
8156
4612
4450
9296
5928
7300
5421
2736
59701
57722
12720
9519
9231
10332
7675
7370
23433
5486
8577
54244
13138
61984
4273
4988
9970
11136
1808
6311
2548
34218
103131
74216
6450
73065
8063
11664
1351
47989
5776
1940
11194
33279
4379
7349
17584
9516
9363
10229
11700
46040
7195
2552
56959
3548
7887
17497
7764
5101
48506
45228
7663
9452
12639
280184
60321
9073
3676
6664
27336
6061
6601
9838
102852
89973
8502
9724
6140
9598
217228
52765
74128
6932
6983
24123
23639
7117
6623
5110
44751
10608
3776
18317
13859
23977
14020
2880
6393
5657
4377
7098
7820
2658
5653
13385
8533
17343
5214
13310
4954
147116
4152
4270
6088
6703
4420
7205
11636
3751
5785
9209
220504
14027
102265
7842
38135
23706
74359
99363
61754
14061
8821
9571
3594
17469
6566
4171
4897
7156
5242
115246
137877
4897
5037
6976
8830
14697
73167
7399
6914
9485
4793
9367
4917
4257
3053
13139
22994
8275
33967
112389
65886
5895
8582
10858
3231
5222
7659
17096
8349
58073
4644
6693
37420
11052
55570
2330
104661
116226
6554
6990
8532
3869
179661
13053
6147
3724
6951
2807
6505
3239
26527
5317
10263
20499
7824
5460
9946
8840
11745
5591
84648
3991
8603
153540
50537
5190
152665
54450
11867
6376
51004
7856
4397
45859
110849
3150
5667
4101
6552
12655
3970
8382
7802
14022
53001
8339
172695
9659
5372
9934
12870
7361
4428
1820
8307
7198
34792
58897
13753
7150
74215
7680
1605
16155
4510
9353
4830
4114
6880
9421
10011
4757
10394
83543
10013
92469
189679
92611
20554
7137
7572
25520
24658
7407
35779
10579
8583
8091
7566
72764
4350
5028
12043
9036
9306
68432
11491
5660
5060
72324
9410
47266
29413
3442
3798
70814
5539
8938
62909
26735
4814
7870
9595
34326
7114
10055
6197
8600
6167
5132
8548
3642
4366
71070
10174
100190
8148
11099
3649
2806
2641
80127
4887
3219
9145
8032
7297
117763
64218
94629
90448
22622
8395
11833
8561
79095
48426
8661
7005
9275
5675
54323
14686
14982
28355
4254
2680
7760
9558
103375
7489
6329
25922
59055
8401
9511
6324
75820
11084
4421
6260
37342
43335
5836
2354
7426
29462
169495
6760
2665
41514
2587
8848
60782
7196
112542
10172
4035
3313
7750
3921
4498
11362
9672
6596
4663
3201
9339
5873
9224
5940
6644
79997
8016
3738
5679
12760
4418
5567
14720
31459
48691
4268
8194
9367
114573
8787
75279
7683
14334
9191
3736
5855
23024
6774
5142
6212
5691
5078
6478
5810
9268
8613
7094
2711
9606
5390
167173
6647
31523
6615
13793
38388
94818
4602
5790
46248
12724
9171
4828
7076
42769
7952
4051
4476
96189
3988
43991
39374
11134
30968
44600
6142
36710
101485
5929
7220
4436
9705
7397
5658
5499
6302
6636
8161
9691
3723
123879
6449
95735
8022
118637
129005
22768
19524
8195
54753
39570
3615
5270
15172
11918
7428
4650
4771
8882
60796
7750
7651
23952
40898
10284
9421
4155
5874
9621
2365
3857
2624
20168
3461
12218
55526
77446
4031
9540
12840
9904
23020
210112
6526
8376
9074
3449
4477
8110
7991
7989
11179
11496
6599
7534
6603
11169
8454
7092
5462
1250
8532
7437
10467
4210
7605
3945
6366
99187
8578
36700
2644
8548
26322
46355
3673
83342
10398
39843
2399
4928
5401
7308
7298
8026
7897
23591
5170
7219
60297
6015
16845
8683
4680
2939
8540
10204
6634
39303
4138
39103
111058
8156
3789
4718
2381
9300
80864
12371
51633
128065
12989
24336
2280
8254
11525
10372
10614
5296
45456
9412
5709
73345
11887
8466
16728
32713
7925
8226
8522
10441
11574
6470
19326
11463
61067
2922
8988
11418
31190
1487
7810
7689
2833
127029
103122
18230
6826
77148
11465
38622
73514
75121
3275
8642
12740
12434
13373
4297
5952
60182
3698
7022
61706
174376
80178
42249
6912
8482
10592
26886
4494
3815
9297
8366
5681
10549
6583
8047
8768
61664
6283
49965
34955
5446
34336
8522
3387
142192
45344
21023
7944
7572
2606
10278
55148
3616
41140
3787
4558
9678
4943
2660
9104
5640
9196
16470
215791
4898
7329
10326
98616
5475
6145
6446
9436
5270
45200
2158
6850
6466
3294
1857
6149
9917
8925
4949
4848
10795
13287
4832
7978
8014
6132
36874
7221
10705
11087
5706
7564
8726
21886
4650
34203
8456
3651
146486
3500
10745
97098
2490
3467
221072
8781
6756
5086
8430
27506
5713
6665
21061
11980
5908
26527
9484
2509
4820
5454
2203
69659
2628
2925
11171
4996
7918
6477
10377
3953
64734
8890
10247
6445
3055
3985
6099
9908
4595
107483
8827
5283
25707
11596
137855
9647
6385
7425
6245
5652
15750
14240
10007
7603
64627
46987
9210
5078
9177
23413
2641
137851
9304
23220
8027
182471
7656
7406
149039
6942
11795
21420
6374
14832
9072
16461
5909
84823
2052
1783
110848
7723
6971
6489
7916
11595
7058
33076
4572
5410
5170
11525
4003
4031
3838
128410
3875
3983
62947
123417
3314
8943
66978
232839
5488
9385
12124
46724
22000
77239
41015
158843
2303
4170
109482
11108
38447
99670
38428
3791
111813
88216
13631
5898
7240
2917
19989
3305
8691
5006
11699
6909
78892
23418
7251
7567
6847
2036
2879
146307
11696
6860
78023
14144
7096
11015
94324
7285
6788
116736
7327
9824
6873
3775
3044
53961
4509
3332
4579
5668
6074
12548
5577
37348
9503
60072
20905
9476
3902
7959
7360
81594
3533
4182
178569
5701
139715
8034
4549
77296
5926
9081
4063
10260
5799
9310
9131
7498
10139
9787
30068
4543
5333
6344
7441
74655
6721
2881
34423
5090
105514
3577
7773
7716
10831
96255
8359
7150
5996
8650
141320
8634
81873
137629
5965
18007
46687
11409
37104
63077
4329
9887
54425
2551
152272
12044
13767
7941
85397
3679
5906
4222
70858
40106
5173
6978
78703
15530
4201
10559
5302
5013
3510
5107
33508
66500
4819
6601
9361
5456
79165
5218
35446
8023
8157
35872
10037
13395
2303
3267
8632
16692
35435
87466
2761
19262
29922
44359
4466
6986
10920
7099
8946
11092
9314
8804
5801
57843
5784
9628
4976
3827
3870
20716
3755
41479
9213
4813
4352
8281
176576
29761
9959
55184
2874
84358
93789
95150
42786
7440
8606
8517
4109
2566
3717
3012
7083
6298
9520
7479
4809
7833
5779
8831
42807
72400
113666
301258
63768
5823
34747
59347
6390
6739
8612
230051
5003
10844
11944
7992
10884
22575
11024
3234
106063
6381
32544
7403
6708
4214
5302
4439
7493
3913
91440
43410
6632
8530
6108
3831
42297
5242
7693
3225
10313
3967
5196
9271
9032
4563
45379
5576
10526
37772
10386
14755
66982
8386
20152
7206
3990
6430
2522
75889
46351
3247
8024
8960
5921
74139
58867
22148
151874
5670
9026
6995
5533
6500
9483
50681
27808
11026
7515
11319
95098
8754
145242
54333
8589
21812
8420
3077
14016
26781
10639
8800
39467
13322
49512
7830
3813
9038
5550
4272
9108
3494
5612
44376
69547
9339
7301
6367
8675
11036
15716
5333
17008
13155
15345
6580
18243
6403
3819
2633
66173
40118
7024
23182
6520
132529
28746
19341
118056
37447
3634
7795
53054
24154
5023
5258
6735
7049
8826
7257
41434
6610
9753
5824
14041
3943
4341
1737
4144
3104
235406
6878
6106
3364
3865
41539
8964
42796
5559
27285
3647
2934
2710
3878
6648
10228
8725
4008
2136
8149
3858
10148
8031
3294
29717
36635
6645
87777
3181
8905
7503
2922
47896
2442
5579
44384
11180
130367
9962
10833
8400
3630
5997
4549
10387
12757
5245
2551
52643
10277
13077
10552
4458
44479
4988
11501
59456
6475
17603
3046
6770
3349
8730
2761
3832
1575
7847
2856
5980
113039
4703
11377
2430
11830
5082
6642
9161
37898
7293
4812
66931
7436
3183
8132
8504
6113
8544
5652
5147
47976
5700
9175
9030
8587
4510
6589
9089
90573
6445
3968
5869
4888
97321
12275
6934
6601
6028
14403
7271
12401
27097
8609
5833
137119
8386
3789
10886
92753
4923
4513
6778
7285
4005
5953
7987
6469
109079
5534
4359
7058
42124
5843
264972
25529
31812
8788
88296
34574
9992
5441
8383
5780
66437
12268
9257
5717
8762
195683
3711
9162
205553
2497
6889
6378
5887
5635
8626
13136
114329
6743
9227
26956
5869
3631
6603
9607
48807
6424
69114
7773
10632
7254
4528
9086
12942
9757
7669
8618
120380
9355
6314
5885
5476
114247
8791
6259
5918
9501
12884
8920
5617
9449
5286
7929
8907
60099
9524
6561
5938
6683
62555
7417
6110
14200
108216
5107
24117
75699
6926
5322
9966
61578
7931
2029
3203
13461
63417
101151
143444
160711
62949
9554
18528
12481
4777
16863
13019
2023
74201
3670
9028
12999
64545
11503
4858
39004
8674
53649
4956
7488
9375
8821
6911
3581
10995
8297
36122
5428
7269
9243
1936
8820
6200
56317
49241
116029
23163
9932
2711
5215
7848
11974
5156
7536
11085
5144
89104
7084
6968
10136
9762
7715
4203
4294
4971
110240
31013
38166
3270
3208
61354
9817
216571
8733
10366
21111
9471
8125
8482
31404
12172
8696
13725
10292
3135
61990
10828
7448
5280
7330
10170
7648
8664
69234
5785
83860
8166
56860
7957
5557
4035
35227
11868
5374
8706
8653
6718
5292
5804
4370
5494
12152
5971
17119
7412
10364
12869
34169
12700
2377
11302
66714
200426
9206
128192
163288
41962
47800
3071
8570
8420
13399
8328
119675
11135
70531
7295
276814
133226
2237
11427
63938
71895
4569
5299
8172
42248
7461
4547
6239
6553
10019
92318
76352
5754
11331
12363
4356
6138
4234
105929
8689
203806
4650
7693
6387
8915
68569
11505
3418
41279
4795
9368
36032
8068
7966
6409
10201
6842
47965
7434
5996
5691
48593
28638
4248
7147
7352
2643
65649
6924
4294
12423
9251
5614
15269
16136
5001
110562
5839
39816
5904
118525
46110
6750
8076
47436
36340
2092
9489
40842
3689
2135
7381
95050
27663
7335
63030
4430
3022
9449
20798
3183
5522
13053
2876
28121
9036
8917
3160
2381
10227
1436
7803
10489
92901
6528
7268
73105
2343
8264
57415
6611
6857
8515
2364
132252
5404
8876
2375
5345
6152
7375
126919
4516
5922
6031
8036
6344
61458
9006
37434
66638
57891
2190
4539
7584
7330
12652
277594
4042
3145
37971
10760
18518
7026
8628
89904
2567
4891
7757
8479
11548
6733
8082
13312
8541
8502
9152
9872
120611
163116
8802
7604
7723
41496
3352
8674
17327
5059
3733
7554
82940
30739
6893
32277
45094
9979
9113
10389
7150
7581
11019
97459
6670
93667
10887
191410
7446
5211
6861
5591
6438
7267
11008
7422
45830
10103
6163
3893
5132
4506
12446
6841
5283
3596
5316
8296
239431
18335
3755
8862
5722
13621
3053
17251
7980
22310
3899
3695
37280
8933
8258
3444
10643
4970
8295
5243
7097
68486
7474
7844
4759
103976
18829
22753
76904
10218
7169
320166
4790
3088
8398
5771
11598
2213
3459
42953
4943
24108
11336
11518
10087
8150
2822
93049
6342
9586
8553
6638
5805
7994
9066
2829
50582
9092
12585
9788
34973
8077
4186
10007
3463
3756
70681
40605
13227
15496
8730
98242
7614
2738
4540
8226
3027
7889
4866
6651
11863
31414
4521
7095
4581
47593
5682
24549
7679
11574
5889
5051
2425
4257
12158
3796
3114
4064
3497
8900
9402
7541
5043
47293
5854
2632
6262
9166
9034
67542
159309
12411
6869
13983
84935
9451
25696
155022
15511
8889
9570
5440
24044
3891
5336
47845
8999
9834
5249
60885
46173
2284
19368
4394
7962
13138
3578
2791
58601
4658
10685
4495
4672
4621
7009
8276
6875
2979
65051
1344
62637
5319
31297
3984
4507
6849
10135
31568
6982
53718
118798
3936
33424
145634
2371
6107
3220
4771
39109
33037
39663
4581
3997
8337
4010
3958
30663
36112
6682
3164
3698
93403
8571
12211
7991
21598
107409
68098
69946
52708
13888
4426
40390
9321
2622
4430
123139
7832
8230
5280
6437
101393
32107
11121
7815
19713
18403
67568
100775
189416
6020
9271
125231
16339
4267
3465
15943
65137
6455
4877
6324
3406
184477
10736
5590
10572
70920
5337
22015
135091
8445
7181
4160
7676
5172
3804
9287
6230
3205
7817
5075
8557
11049
7057
2602
7116
7411
74621
2454
7127
81225
28868
6906
10044
74427
143890
13526
62913
5157
5202
11881
7205
9782
6627
7174
2924
116058
99515
7961
4877
13970
2516
28696
30061
6213
6622
7669
4004
4312
4019
6032
146358
2233
10233
4555
62956
7866
17690
1745
8400
34729
48613
68537
5894
4146
4858
38981
169402
9919
6278
132619
49696
9062
30642
5605
3285
87463
5381
9571
114373
5787
3462
8756
13317
2649
5218
12656
38845
9803
15008
6803
5052
9515
22670
7130
28795
53423
3851
6182
70915
4581
6297
5930
2109
7893
1941
7731
9046
120687
8023
7552
7320
10876
11139
10675
33828
1390
5209
5738
43681
30487
2391
8382
11656
12468
28163
4546
4905
7841
9842
4963
8668
2669
107332
36747
10487
63733
40135
7987
94814
124266
10415
63840
8060
6609
5313
6703
3089
4982
36699
7582
9780
4036
7097
8643
55366
93503
5314
7249
6130
7297
119674
6960
220403
8799
69879
6962
23207
8507
12256
36662
9190
6714
8964
7468
73826
3778
39107
2635
6954
7631
8788
9813
6924
33382
84461
2153
7893
11528
9548
44782
98557
4398
58861
7669
86838
11563
9012
5031
9116
7547
12000
68664
2428
7674
5011
2789
4975
5301
10086
6352
91046
11035
4591
6309
6483
5106
5190
3217
4003
3530
8272
8333
5505
86478
7040
8504
9502
5788
8813
11284
10713
2144
6132
5525
3794
55581
8262
10037
12513
167815
64299
7454
7800
8047
16817
3922
3669
21531
4684
64169
4352
23073
128741
27859
5951
7549
10660
64124
5667
19684
7284
11825
111586
20379
3828
104181
120089
7573
100554
5297
5820
19519
2033
3875
3476
6789
37620
74741
44836
8861
4868
11791
4597
10577
10748
20016
10663
8995
77252
114730
5085
1726
10971
96536
7292
4548
7513
2403
8194
4660
19110
7442
8400
6462
9036
120006
18993
73841
3672
43930
6151
2764
7102
2501
3424
7422
3310
5889
7798
6566
174222
12149
6916
11496
58214
6490
23413
25280
8527
5165
8099
11152
7922
10446
98124
33908
5049
111058
4718
3496
4801
8491
6321
6817
7648
7608
115296
2823
228587
144505
24549
108273
3384
9115
11783
90165
6682
11942
2272
10024
216951
22959
43202
6468
2399
1851
5922
18984
6661
47057
7779
7822
10657
6827
48283
33846
66826
2909
5107
34992
253543
3773
5701
6248
13110
9061
52822
11979
6360
3228
2079
7565
17790
63455
8166
6398
34456
19495
149871
11132
10428
8106
8166
7172
76752
5728
9062
32711
142581
8142
8409
37043
94201
6991
4295
7275
6885
5947
2342
9594
2787
45416
9326
5314
9279
10791
6321
2933
4278
3295
3310
4734
29563
13736
9175
12417
13213
9449
9669
8898
9882
9459
2347
4349
5110
9724
4796
8867
15383
9245
9298
9905
87866
10144
5057
7892
11744
6727
9491
8807
8286
8518
6393
6178
6396
6027
8645
5836
7079
7427
67971
25212
20362
6616
2539
4418
3597
5354
94510
8019
1600
32412
12248
3657
7861
101481
9043
133859
6654
5960
43953
3774
20316
3654
3796
4102
6271
2694
20419
3499
4653
25966
4264
20256
56774
65042
5387
10555
4748
7967
134720
9840
4015
2558
199813
73101
6239
18597
3661
5342
9754
29706
6343
7367
3503
6950
8855
10436
7359
11329
4017
78190
7213
43719
7153
8283
85935
12350
84059
6771
41392
9355
18245
56224
6339
25163
114452
8054
29559
5346
9969
6419
193662
25533
58313
204557
2980
6597
4216
32830
6777
3490
9170
7366
3615
34999
7034
7088
80864
8008
4290
9256
134841
3058
8021
12631
94663
6785
38041
3696
7007
9439
5294
9901
3706
3885
12726
19235
69902
34198
8802
1988
51039
8945
13988
12796
39919
10214
12226
11151
7220
2229
179778
4983
7997
9818
4116
9457
6241
7268
71947
27302
35210
8073
7498
6571
4247
8823
4567
4897
4516
10019
3610
7025
3045
34931
4440
10765
6840
9661
5277
42587
6992
8656
11417
10974
10134
81609
3943
8676
11301
12410
109168
6679
3203
59785
15351
5827
4171
5607
34305
6855
208161
54185
7122
5743
4288
3467
9999
48310
55519
3359
42974
8104
6426
7097
3150
7473
100483
6050
5714
4441
6724
10011
9991
25415
4798
3386
141863
9625
8650
8970
6543
2712
39787
2780
4012
7689
43184
10808
6881
6724
39824
3513
5313
92220
76988
3122
61028
7186
70665
10260
3813
9351
30490
10739
6497
4468
3495
4206
5256
10999
6956
12949
11909
4670
98896
34682
23002
11171
87088
4954
3826
49973
9960
6009
9916
3726
9674
3072
6539
7438
17928
32913
58973
5958
6591
2757
6113
4225
2416
5572
37387
3830
2605
9373
9907
7062
8458
108610
25108
9415
8932
16127
7066
17099
7163
183466
4443
60226
10505
98186
8879
5637
9611
5034
10091
1861
131509
7115
7744
62018
6094
8371
5906
7350
3183
12041
9215
7436
8884
33917
7602
15593
3980
6283
2729
5178
12048
2943
8780
5104
12965
31202
10131
5374
1325
4143
26027
133729
4905
5667
6027
10224
6951
6091
97803
122871
13005
12604
6180
8308
7189
57711
44300
3544
6946
96344
8393
7661
95631
69142
5887
3271
33287
6246
7437
10056
10039
13333
6001
140677
4499
9842
6658
3775
34350
5855
11551
3945
9483
4856
7547
33473
18293
67334
10035
6694
79251
4729
8816
50912
8600
8554
8764
9692
6738
3736
11171
37374
3265
4081
10356
40435
5633
5610
24658
72096
212072
8140
7281
18924
8890
12261
5350
11513
8391
3341
12459
9195
9046
4325
32079
6813
247648
95033
4736
5914
8032
7509
9172
6778
60424
3154
35866
190296
78232
5361
8725
9198
5536
3206
6448
70058
33065
7591
63907
8578
5130
7766
6561
3740
9914
43294
8824
4771
105744
57649
5229
2591
2960
80706
6349
2426
116748
16954
12060
4716
5728
6444
8129
2944
4812
8431
3614
9453
3602
9210
2894
224669
6171
6659
23684
5014
6465
59149
8432
5088
9111
7675
74612
9476
6999
9894
30956
44699
36312
45260
5529
7949
126476
4500
9464
71863
7750
34189
10741
113857
5147
6752
10137
8855
9127
8018
51771
4248
3438
10131
122781
85472
5525
8636
6466
70209
20315
6750
10115
120815
5627
3886
286358
6678
6464
7362
12416
7097
50505
5466
9349
5622
9751
4430
6233
11614
5956
89221
3340
18635
136767
95181
8250
3652
10944
8503
3565
174651
43154
10665
7948
6550
33441
4135
5086
9383
5792
18278
9268
7640
4244
7693
4718
6298
6927
2385
7530
4475
4156
9115
7038
6225
36200
181477
6996
79625
76933
5891
55844
5336
9553
1966
2240
5180
4583
40524
6676
17259
10510
76008
4554
11536
9913
2766
63845
9008
12047
7660
71197
6041
2515
6479
5764
9973
4268
5246
13065
8071
8536
3122
3324
7006
4311
11125
11266
3304
48987
6711
6329
7943
8070
18470
6578
9148
184334
8066
32331
3440
7748
8534
131873
6053
6663
5200
117861
6783
82890
7402
9009
8177
5557
9339
8679
13228
33351
4700
7745
8015
10426
75557
4337
42344
3796
8078
6872
6423
43876
102997
6753
2968
9542
6311
10642
97277
22640
20474
4476
8769
7488
14089
9516
8655
32911
8250
12831
13204
3337
8131
7355
1560
209707
9872
11237
10440
24306
23267
11393
6229
5960
4583
1914
9132
48315
3065
5763
5310
7420
3801
6307
5474
55702
4503
7482
95935
4338
6903
9652
58666
6965
11076
7195
105566
2512
7589
5548
32818
41107
6877
9116
6113
6550
7540
8661
4189
12901
1360
5944
28482
15896
6493
2248
9377
1570
31581
8239
2315
7781
3822
3263
124016
7413
5424
2767
4766
10779
26123
3157
7657
7304
12057
10133
5083
9523
31580
8017
7821
6155
16436
8882
4572
5341
7328
10805
5548
44907
5948
6154
4591
7464
6781
7052
6341
8054
7439
3584
47921
5917
7078
36631
1485
7357
37120
5605
3684
3787
4696
8566
8093
6466
5240
8572
75240
7390
69663
35036
107911
251116
3505
5188
100573
3601
5709
13757
80621
54294
9120
99605
8588
6171
8573
80183
17184
4191
7219
55178
6068
17468
38758
11510
6736
4752
95319
8719
7647
8515
25577
49845
26149
28038
26855
5353
8943
4415
5050
84223
7388
127828
12877
10388
112939
6522
8278
2551
32888
10793
22742
12047
2336
8730
8674
3674
46478
29496
10249
6177
8376
33416
60605
9468
73572
83341
5009
9260
9178
2370
6600
8457
11447
3341
3287
8061
49705
5083
3108
6238
11197
10909
4428
6547
10724
10614
5361
33311
6929
8928
45791
13013
6129
54581
6444
2116
8779
3882
9070
271100
158005
10818
6111
36522
9621
22396
8374
6795
10307
4889
25989
5113
20899
5675
6651
9432
8679
2532
7676
8326
4867
9099
131966
7250
5009
7503
17655
8646
107656
4734
22085
6545
4847
7293
12141
5201
12380
43547
20462
11494
23625
6759
7313
46488
7889
8874
3178
4652
7411
3885
10166
99963
2769
6785
5118
7131
2567
6428
10541
6361
9076
5799
3082
87954
61250
9651
7247
6673
5326
47372
76255
6013
9032
56830
6802
9844
7226
98701
146990
8388
25354
30660
6266
187256
3119
17456
5136
21560
2637
4346
6248
5992
3750
10365
10583
59381
12482
3800
6088
6076
24997
8144
8656
65215
6082
10598
7924
40429
4182
10102
107779
7441
4904
3603
3364
12025
6826
62252
6274
8755
9098
55047
4842
9316
7927
27272
7569
10225
13333
9047
8793
2591
7148
7672
108314
4136
44829
4744
23725
7618
39826
7641
10774
7559
7661
61857
7067
11653
3517
6462
58120
5181
5309
6001
8651
3623
5609
5795
6301
6804
56628
20765
4552
9611
6008
58317
3242
5627
6931
5434
9418
10220
8241
5584
9721
8788
7871
51785
17428
13135
9081
8570
9503
11567
58508
7573
3851
9753
23081
20999
7357
7708
308703
8189
15868
66750
7875
20241
44216
5436
5472
17569
16234
4285
6526
34914
5071
222339
19255
9115
9298
49734
6857
3832
9786
9078
10514
11334
8453
58641
74425
4408
6846
9982
4523
7489
5683
60493
6564
88074
2929
10481
6069
8535
26340
8207
6044
84349
60241
2399
9091
29274
4989
39824
40296
5635
6617
8506
20798
5036
4312
11194
3127
7046
109332
5871
2917
21584
105771
6703
7526
3792
6295
1965
10692
8037
2761
47919
10699
5023
7471
2963
9398
12003
203016
4664
8186
14089
27413
4891
3287
4969
17354
4842
140627
71376
5039
64553
4965
10710
161844
4861
13151
8235
14507
7694
11790
28789
81861
10531
7292
6878
9149
12374
7087
43618
19728
115655
4833
25535
36218
5207
5970
7759
6498
7324
25056
11546
4913
6335
7357
9198
11781
1477
3470
4589
7493
4535
3295
30989
6368
8980
13102
39472
2787
11084
4776
8448
10211
7995
4829
3277
121187
8602
6324
5351
16208
1827
5944
5682
33151
18194
6808
6362
46669
7925
11324
11838
41070
3394
8733
4753
10493
10532
7823
10333
32653
8031
7547
6600
5165
202049
12420
14925
13567
48411
36425
2355
26917
28456
101043
8263
4227
7969
8560
7327
8048
73624
4085
9633
6346
7283
11514
10859
5596
9425
30221
3679
3817
4768
50219
23435
68893
1796
9088
61937
6586
40379
9672
3785
29953
6972
12940
5531
128834
51708
19864
9323
1515
7475
7637
9073
4373
8813
5132
7903
93991
15228
11093
8812
10382
30917
8326
8325
15645
53751
22542
7638
6789
16928
8937
3476
4664
12100
39094
26789
78821
6107
10701
45320
10339
8957
8729
18447
3604
5721
10276
5832
4285
8580
15450
11278
5873
3968
5490
1956
4334
4500
5203
4646
10625
10093
5952
6350
67061
5855
41174
6059
4481
4922
8883
3000
54235
12726
8136
40263
8061
8841
9281
46912
23546
8798
7086
2561
30944
29956
7417
4440
8190
6385
9006
5279
7926
11840
6110
8863
7823
50556
8267
13828
3771
7630
59745
3189
8902
2527
89509
15091
4144
4853
10020
105006
94264
14859
182483
7587
3796
85472
11513
9679
8120
10281
106252
5065
6685
102302
13594
7837
10221
5530
52348
2443
4860
5456
11623
4759
11192
32249
91073
5789
5073
7996
4903
109274
10712
5311
13258
3956
91086
69257
5270
6067
1818
101116
1915
10709
8018
10010
42942
10194
7270
13460
55125
6779
4614
4690
20728
4301
34071
4985
13022
5482
6195
8007
22726
2976
6387
193971
108800
9962
3226
54833
9752
16625
6746
129843
70761
63333
6920
11890
47012
1706
14857
5745
5156
3431
9806
1920
22577
2605
10148
5295
11828
4237
8916
48990
7189
23350
3000
41485
21021
2905
3816
8470
44704
5858
5861
9141
7721
29056
11295
6879
3906
2290
4803
66317
8711
24010
7764
8611
3129
2898
11388
5094
26429
9889
212550
4839
30042
7788
3904
3925
8629
45812
92219
10357
52300
59723
34867
2492
175504
10560
10829
194251
10913
125517
5061
99764
33404
6102
104605
56239
82843
4860
7936
6252
10246
6652
10135
16172
10205
5025
13921
5127
17417
10484
7666
8436
2817
67832
8392
6131
6429
8068
8660
9182
6505
8103
6423
6173
9705
5369
39133
5728
8916
7150
6186
14603
20557
32859
86749
5503
38598
6540
3156
246567
20665
1863
3206
6395
109528
8448
3769
9571
8006
79354
3952
8291
7093
7286
7439
3606
4178
4733
7004
9727
8756
57952
10140
2701
7766
11999
6535
85663
66826
10429
2759
3242
75389
44150
6689
16659
6032
10080
7249
8106
7086
29358
7084
12864
11992
13835
13478
24752
11935
146947
4561
8447
5193
201927
3002
17793
17096
8489
150404
9928
144941
8676
397055
8433
5787
2186
78995
5181
6876
5331
60811
10661
9496
7602
11705
71343
4838
17274
109787
8415
9500
7730
5085
3543
123119
6757
151956
7609
1876
45990
5404
80906
2660
5388
57075
2142
10655
6229
5416
6632
7062
5778
8702
3704
6532
45841
204609
4028
7762
6885
10131
32287
5244
3735
10594
190409
5212
2269
16799
20447
77780
6082
6944
8657
41649
170210
8083
76527
6343
9594
7101
91616
4982
7022
5956
19581
13389
5830
38658
148688
50439
4226
9574
116897
8562
75550
10051
10637
6991
41328
121985
6160
6289
4529
7975
4077
6191
5016
6794
8516
6375
2688
89361
5956
4210
6778
9337
131860
15806
5693
15018
2484
2440
147818
38845
12158
5046
5226
73496
4153
8127
8506
6453
4040
9328
8546
201820
11547
5745
86462
15790
26497
10399
6344
23031
2171
4110
11337
7105
90324
4735
26200
4655
11422
19330
7434
15163
7190
6308
22180
6460
108384
4924
5288
24292
6592
46508
73025
3890
74080
5239
119072
9553
9331
9919
21136
32260
9577
8109
6481
7613
6549
145823
37745
3384
195643
8327
2871
35820
6561
79395
7821
6576
6006
5603
9215
5054
1762
4540
5558
4269
90402
4956
6409
8392
76405
13752
29700
42903
45248
7202
37519
2574
3838
7181
9647
5542
9841
37593
6237
6102
5396
24759
6884
6615
3864
6356
10451
2514
49419
6127
4427
22756
8095
89686
10071
7366
45608
6057
8524
4903
66840
13091
4098
4885
4431
107530
7879
57166
5969
8590
10616
5754
7506
135778
9832
3147
22045
3928
8617
4883
66477
3016
5856
7064
9794
2780
3434
9335
6778
1702
3141
41531
54517
6219
3336
24617
21323
10071
55422
7360
9087
27103
29781
5478
5795
10073
2289
31942
9028
9429
6732
5191
4865
9094
3920
3463
5298
7196
7004
107329
20203
72544
124334
7197
9846
5017
43601
4175
9214
2756
10154
8347
4173
5786
10359
8140
7499
5437
9612
7399
8576
11620
8086
8943
8734
84270
3925
4881
57257
6604
63805
82954
35252
3002
6062
8082
2976
7096
9127
7591
4866
9271
6120
40403
12001
96876
8175
9574
6046
9225
10550
3045
7223
2973
6870
6506
82204
1927
7312
3475
11119
21486
6541
3908
6428
16720
8477
88866
10933
46464
4060
4888
11875
7927
1887
18725
13523
7812
50607
6966
3955
227606
4558
33504
8732
2307
4001
11067
3055
8630
39231
26128
9091
7825
31143
10273
1587
77573
7454
123286
3208
2092
6577
48052
7065
3428
57395
2541
5524
8762
3776
4692
6431
51457
4395
9718
19828
7895
12927
5107
7210
29932
5003
137895
6050
10563
96728
1909
23223
8049
3466
19332
4306
6085
3658
6796
3545
4163
213019
7821
11299
78699
5060
11937
2558
8479
9396
9061
4773
26804
57137
7973
117293
10259
2310
13387
6497
76274
7863
8522
6923
7724
6519
62673
7412
7943
2134
13259
75516
4031
24288
10329
10470
6640
9287
6612
4330
58263
8705
69679
34219
4436
5110
7355
7805
8409
6755
11180
73590
31061
10042
96895
3107
7334
5884
7582
226729
74622
138317
5495
7257
38199
9669
8890
71000
7252
20376
5837
33180
5145
6783
11621
60139
5420
3527
9623
13921
1517
8065
13866
7932
2941
3011
7122
8850
38002
29202
11366
8506
5077
8754
216012
6895
8038
28410
9333
3143
3878
11028
42895
2686
4399
5071
9858
107241
50671
127065
5923
6179
7870
3525
6768
4748
2927
5493
158688
6432
7458
10936
10195
153019
7619
7255
3917
9532
8397
39293
4226
52448
4758
5551
8418
3010
223449
10184
3925
11407
6268
3318
119989
2979
109783
8603
7521
7814
4839
7741
5206
7369
3940
22126
4778
120719
104941
2290
17747
45803
8825
4187
20568
4879
6821
83689
50739
26616
10047
6484
8243
11636
9510
73489
8347
5884
2550
8583
4637
4461
11934
7351
8112
6615
7605
6801
1258
11745
7898
3141
92245
10767
5006
8561
2997
11428
10313
9299
37802
5090
6797
9638
5549
4717
3088
72954
28482
155622
7509
5848
6974
7460
3460
40564
10922
122986
7322
7278
8427
7901
5811
5532
8358
7875
32579
48231
22990
29410
6989
78685
9707
54119
12143
5343
6345
7827
86281
5920
5163
7514
8775
9285
10140
5677
5611
57154
8328
6618
9939
10341
5391
178396
8703
111010
4126
5685
8537
55809
14997
4492
1803
5614
8667
6315
5164
6363
3205
4895
80095
8146
122598
7680
4710
4648
7750
2941
5155
1584
9629
5977
2728
12328
44549
23991
9727
10463
19458
8120
9553
6329
6994
24647
249562
13598
2624
4189
9208
27269
49160
9962
7006
10189
129856
9174
9571
5381
6685
63525
9489
69136
11218
111089
8842
9351
4671
12182
2214
5890
195489
8752
9303
2473
9559
6423
7273
14477
4966
3820
5059
9774
147174
3817
7701
7779
9180
4477
14680
3343
3653
314638
7365
44310
23523
111047
8230
3287
46075
5355
4154
8668
5472
19693
5419
3229
6991
10179
8606
9854
3583
5670
6066
22549
56889
90379
97527
15186
6742
9955
8955
6815
73899
8259
42316
9400
4897
72839
8618
23732
1546
3666
7228
51520
7095
56003
8635
116408
3535
6316
44246
9637
5980
6240
8173
4932
6298
2721
10350
29636
5744
8393
5784
135286
11056
7486
3421
5852
10281
7203
7391
2420
42554
4106
7207
3345
4876
5485
10360
15992
9154
4207
165044
57294
1915
5233
70745
70081
8603
3700
24813
10780
50643
182484
6703
11017
35620
80278
99870
60241
6433
57455
6396
10341
49751
3300
32008
9309
6915
7533
16877
7623
6372
16046
10954
362846
57352
5617
2661
17644
5428
9296
13595
6379
37032
8502
10508
9936
4995
2812
5507
5129
72758
12416
15369
2344
9960
21103
5785
9502
8214
55355
97110
8927
7172
63411
5578
27189
8715
38000
9752
63492
3154
7109
6380
4144
2967
18807
8258
7273
9433
4585
2142
8831
37842
6291
7202
5389
5543
4901
9498
8024
28692
6498
6861
8167
8500
73938
9504
74149
4760
6658
64144
24920
22845
7504
8551
5752
6268
5299
4724
5857
18395
33374
3734
124821
44216
2771
176971
6797
44875
6844
35768
41070
9890
7482
4098
64364
98000
5309
12703
2290
6629
126955
1952
9186
7358
6326
7253
8181
5101
3076
4749
12262
4401
21463
86580
3703
3010
20823
7034
12144
199447
4733
65704
11648
6751
3332
9196
11447
69289
4631
5182
2613
182869
13327
6544
6708
5247
3756
5228
5421
2898
7912
11198
6993
11893
3467
20642
5359
7543
45195
9170
8023
56234
11162
4483
24734
129191
3566
4424
69804
8545
8823
7610
7085
171495
3504
35224
6821
57039
15488
10423
10031
49797
6201
28408
10254
9737
7381
5682
1523
17091
12320
7376
5832
6200
4981
7487
80560
5610
7713
10066
75319
15502
9178
7545
3628
8491
1790
5842
9805
4572
102632
7308
8142
46627
6426
9885
10495
9294
2937
10161
5371
7216
74774
84987
4033
10522
106731
178057
5876
126711
6689
5090
37469
7406
10787
64166
11935
5912
81075
58031
94166
5833
8168
82676
5013
4330
11333
8183
5782
123018
8521
8954
68631
1551
9456
97292
5742
74257
59960
4211
29009
73367
40606
47933
3504
116613
195521
6352
104878
7577
4247
4970
5469
4332
3675
6194
11176
60637
427636
6658
56822
14743
3669
5850
6903
4399
3446
65735
6310
2884
17449
7730
4681
3242
3530
7752
5880
4056
7378
96960
83771
4242
8384
24283
8697
15835
4918
31449
7890
11120
5666
6424
6534
6158
5887
5817
9803
10103
5660
5798
5219
8285
7888
7110
6706
3562
129680
99465
3516
10585
2647
147151
22423
9286
10294
33206
4629
129629
3724
76922
10362
5659
59512
8352
3773
6322
145963
9731
7926
6708
6760
134527
8547
5069
4839
6601
4739
10916
9728
3982
8371
32626
4781
9342
4345
5884
9855
5532
4374
7042
9180
6736
11373
8931
95686
7742
5339
4538
8644
5911
165039
2436
4396
149299
6223
1728
19689
2256
4800
6681
5913
101982
5496
69542
5629
8283
12288
3308
7804
1908
6695
6182
4519
8661
105868
4991
3430
20394
2612
6961
10391
77328
6485
8627
8230
8269
44970
8821
9601
19485
7714
171916
4199
1803
3746
9473
8619
8416
5586
3950
7108
10831
5001
4685
8106
1792
26285
8774
5885
6491
38304
44897
23872
10193
10643
4335
8592
9209
9047
26158
7111
4000
31536
8195
9610
9125
27697
32504
18033
30373
5610
4782
8051
8088
157578
7939
5693
5839
8091
10288
2788
1867
3713
4615
3545
174343
3251
8995
8856
6257
3997
11540
6664
13415
2348
8348
54506
8448
157580
2805
10435
5934
4765
78143
12875
11641
4070
34095
5612
9986
2729
69414
2842
5207
35749
6447
7897
3331
8710
8113
9707
62629
5547
19939
2620
11801
7583
5032
4641
13796
7139
15204
10138
8062
1854
6807
50336
33280
112155
145166
8027
37395
7942
6042
4807
100055
75847
109747
4362
9260
15354
6513
5778
5621
5736
6980
7594
11385
55380
4265
8566
5819
6104
7530
17230
39453
10007
12194
13045
39460
50316
45036
6074
2439
7357
29826
2954
5963
85750
3244
6339
51766
9035
2560
7650
5638
99709
5912
6151
6685
6556
5956
1408
2800
6514
3415
5142
8054
5194
17869
63153
54887
47201
1668
7413
136311
44973
8138
3966
7402
12499
3109
11183
2650
6900
6698
3078
5082
9163
5373
9849
8688
2410
7017
34756
35374
43290
2204
10692
8431
6759
6553
9517
3347
29068
8098
7367
5014
9010
3857
6477
3811
12798
2376
56931
37567
6858
12207
8281
147018
4981
5042
2908
6725
85032
1852
61965
100243
20766
8541
4480
61245
6984
6644
6817
5603
9689
7763
17698
41171
21338
6018
11204
7063
3032
9008
11914
81030
30671
9615
7589
15032
6050
42411
10428
46148
14272
5466
101857
5067
9437
3086
6683
2870
27752
12218
7753
8025
177120
2110
165087
6967
8559
5544
3917
8337
9180
5004
10566
6819
10034
2076
7685
3543
86480
37674
6597
10928
6025
5222
41326
7154
8369
8932
2281
3842
292407
7551
6141
10872
245489
8494
7895
7407
6817
7629
7568
9234
7975
7652
6447
10503
10271
7897
72974
6115
2271
2345
3969
5737
65984
1531
9640
17630
9947
45949
22478
4018
6968
6445
57049
3799
3569
86824
5038
6819
7158
2676
37288
3061
35024
3685
4022
43823
5091
4593
9361
6872
8150
3145
7708
19531
8379
1905
30792
8502
31143
5027
11339
6286
93089
7635
5581
6324
4552
2287
33820
6917
6119
6995
203558
7467
3423
11959
8005
10131
10430
4740
78643
172888
7349
4203
9834
10704
61375
6782
8180
105431
7636
7815
7269
4646
18679
174987
3532
28040
6157
80838
5523
7935
179209
14141
61575
145782
6530
5302
100387
8084
9353
21713
7869
7487
5185
20267
11761
6329
8196
5753
27543
13605
37875
6478
8378
7495
8900
20047
12992
6688
67370
5514
29760
8031
5242
8454
15189
11171
5796
26097
9114
12107
9775
6666
8128
11386
8474
9360
63433
5395
8951
32288
98764
5974
3423
28957
2824
9610
105252
27973
3459
8816
45882
3440
14426
67869
4654
5053
7445
9464
6599
87890
27471
3994
44306
8562
38954
49927
6206
5639
4055
3964
20044
8271
1962
42230
1972
29132
8406
1857
6367
35850
17540
9422
38154
65019
57379
11005
53498
3964
6444
10001
8199
30745
50928
2815
116748
2043
2584
2735
7828
6150
2712
3496
3607
4230
7742
6670
6596
11378
6496
22225
22910
4564
43500
6136
12917
3476
7418
15664
4264
124287
6439
6473
61654
10024
261736
2551
6811
6611
7857
6762
4348
7771
61213
7766
3198
140111
3678
53620
13818
8921
9342
49103
5379
4323
11871
28460
3599
6178
5444
4552
9781
5707
3025
5357
12474
8433
10089
7336
172522
5486
3209
7379
61785
3561
222657
11936
7501
8684
5187
29842
4818
5738
74818
8191
8096
4624
7849
5573
12408
6890
78411
43273
4947
85104
11969
22790
6500
31347
4888
8818
7624
137902
7336
4561
3948
8007
4936
4213
21157
7775
5393
3740
7100
31843
5570
37083
9284
21167
7014
6110
53449
6514
3171
9162
3349
28178
4354
205377
6227
9540
12399
2516
9444
5350
6692
6357
41283
5104
130907
4779
88016
262792
5847
1536
3417
6495
49416
12691
31505
2452
118493
7332
9152
7194
31477
10759
9682
24773
7790
9174
7148
78997
7187
21066
9442
54998
7876
7590
2493
9816
19251
9450
24908
2837
9214
98124
9330
10363
2044
4313
7923
34873
65347
9542
3993
115162
13767
8553
82036
11037
8637
6688
4778
50188
10421
2528
4588
6149
60192
56158
1804
6110
6213
7295
38978
12113
7870
67715
10327
1966
6307
147866
1441
2931
6902
5615
9880
38589
42127
16918
143994
7311
63904
7172
4407
13374
9747
6187
7610
33273
7499
8702
42415
13829
6388
5794
23777
88080
2791
4585
12593
33047
9515
8189
16587
8480
7380
6666
7886
10199
5058
5282
4291
9046
6324
1980
2000
24757
2764
7733
21239
15442
4891
6397
8930
79912
5695
6427
3506
152095
1544
7354
4693
24760
115961
58772
86758
6383
11554
50825
9901
4952
5512
6232
4784
7339
7703
94517
231604
7322
6778
2956
135268
9115
54535
8316
5246
4513
34448
5843
30331
8041
8904
6589
84033
7637
6520
7459
2832
6591
6183
6529
9628
20536
36607
7803
4043
59811
37424
81342
112607
7554
5194
2819
6080
9892
2881
187200
9686
32718
2676
8961
6308
2274
6946
4830
4114
33770
6996
6722
7713
90463
4956
5626
8861
8547
9469
48916
2449
10814
11115
85561
6796
18267
90601
7215
5742
5967
4166
6191
55038
8659
157895
4438
7544
10104
7401
8366
6080
6492
13562
35689
154882
11161
53275
5522
5158
4156
16942
35358
20962
4169
5513
6812
5398
87007
26141
23815
38240
32625
6772
1625
2919
5232
71518
7489
5047
5877
5819
22422
2829
90068
12721
3728
9180
8246
9682
86058
7342
2340
8889
7291
19459
8799
187010
114199
3728
8448
205401
8746
43566
6697
9547
4431
4433
17004
5802
6388
7249
6051
2007
49628
6988
7366
5063
9553
5647
48255
10167
7595
12160
12710
10827
9234
67374
227201
6073
5699
160798
2411
247333
9345
6996
4318
88879
190204
7230
60145
6062
30191
5919
7368
58852
13199
8651
4206
4836
9134
7303
160876
19838
3980
7328
4647
75805
2049
6939
4807
8529
64827
8216
4044
1747
5013
5321
5978
11139
10670
10042
19070
10653
74311
60154
8201
23685
3772
9996
16120
11059
59352
7936
1652
8265
6495
6953
8709
12512
5574
107986
4792
77477
7597
6065
38724
2924
6444
6422
17120
31000
14348
127144
9267
8361
9710
46801
49082
25405
4309
23784
11600
8748
5697
2746
5417
12134
124436
7770
10004
20705
6991
2565
8437
2556
211566
8590
30605
13867
37846
7342
95859
6868
9183
3340
53843
5789
4936
22398
8870
22272
4933
5436
8514
12931
9000
7221
127670
7555
4761
6023
4772
16299
93967
32494
61428
15130
8724
6507
8202
57864
7680
10311
5760
5950
11667
76590
8498
7887
7098
3773
8359
3847
6716
6702
5194
11062
6538
46609
161862
4694
5108
7634
8533
16461
5799
7065
4011
13430
10219
5148
8155
2390
5000
8500
6870
7364
7146
2136
39710
3766
8876
149808
33755
13595
281306
3447
7659
6904
8264
6304
5292
8979
7688
5864
191141
2896
86448
20243
92751
3162
50745
5135
10173
3001
14293
9602
18953
60192
9280
157851
4586
8266
34130
5417
11236
10537
6103
4921
10891
7602
12559
87020
8845
6602
15689
9941
111804
6807
5405
73630
1909
3852
7786
5169
7960
6641
140105
7533
175387
45701
4005
10921
9381
8206
10177
20247
8791
6438
7619
8870
12204
10378
6409
28053
2894
7980
7068
75946
86283
7725
55091
11558
10242
1752
3237
45574
6897
2367
63315
79912
9791
4539
29051
98366
10957
87302
5920
29654
7609
2174
9344
8531
2380
1278
5003
5854
8896
108675
2618
3415
8007
3764
3727
5414
28355
106179
9247
4062
9595
10901
79312
5662
8866
4301
7214
6853
95870
7309
6709
34074
9534
7929
6420
6980
44965
5908
10847
12556
5748
26233
5022
8323
27389
3824
7197
9142
3402
10728
2201
71845
102423
3351
265668
20482
20648
3263
1989
133395
37920
7348
8889
337351
5322
6708
3299
3851
4338
15294
5517
130940
6781
15441
4102
69079
4009
4362
6789
111574
23592
9639
54942
5757
2329
74567
41872
5995
8506
9097
7574
5596
7451
9527
8036
39310
23233
5428
82817
42444
3156
4813
11666
8245
5229
9470
29559
16692
10300
4676
9691
126706
5957
129263
31583
4494
3668
6317
6966
4899
18109
9373
6911
13889
7028
4211
46711
8755
5402
7284
7520
3683
56401
62320
5946
14015
4478
96918
8989
32504
8442
2157
5300
9204
10353
8744
4090
8025
6108
7190
11563
6672
7123
18090
8052
9031
6408
11398
12965
4432
6336
5757
8166
22672
33983
8140
8169
2932
9306
5842
2758
6551
21483
71625
5196
26587
9991
69474
52943
6385
93695
68952
47610
29730
8191
7111
6335
3784
151271
2469
2234
5515
20834
69737
3971
8023
74700
177622
4506
4756
4863
63344
87529
12704
6135
2561
33481
7133
8425
5640
9691
7679
61244
2767
167788
8622
5670
8486
6436
134716
9941
3073
10802
6722
11163
7183
10464
2856
4736
6502
31491
4773
8955
17116
11132
7226
7065
9473
55814
4870
10967
139844
5420
207464
5114
8771
5295
10045
17366
7410
5609
6359
6221
11394
7489
4687
5312
46741
25211
123718
6128
8689
6592
3068
9013
9385
35807
99049
81676
9600
77600
17132
10599
5517
3651
88300
5953
8866
128313
3457
10769
100308
10363
26850
7683
5367
10496
23373
2902
5144
5467
3950
2653
30255
24607
189209
181618
7237
2308
43340
23558
12539
11002
73973
7471
3020
40610
65457
3948
8328
9721
5379
47926
5535
5672
5598
3870
46886
3007
10904
7082
8514
3946
114964
37464
10903
15014
7476
2692
6737
7490
8776
9236
10490
42148
6182
9410
17989
4764
67635
29937
13355
9073
212232
8651
4696
4605
8702
49543
7566
6960
14553
11580
9155
56881
16290
7434
11361
4691
17198
35808
15481
106397
5984
5906
33894
20242
3811
9539
3340
44347
4163
3802
18433
29052
3751
8003
8867
8381
71487
12638
37682
4153
6014
11437
1479
6051
6322
10521
9622
8258
6004
6978
9390
2563
26235
4395
65816
4445
3725
9541
69123
4359
5592
61902
5846
6457
6198
3290
7219
327144
4481
23248
4745
115003
8963
8667
13422
2958
6807
7352
71350
211669
2167
4627
3435
3094
4104
7271
81772
5820
5855
137133
15433
11261
