7943
7738
4689
10608
4682
7436
7827
5720
12282
6444
4795
4372
11740
15053
6975
10842
5056
6632
5881
10153
4433
7552
4155
8717
8092
6590
5891
10637
7207
12655
12173
11251
9183
6474
4386
6068
10796
4431
10318
3039
5429
5634
6816
11241
3758
38758
14391
7161
9985
6697
8862
6970
7733
13064
9103
7161
9150
7138
5324
8790
6087
6678
12042
5016
11744
6634
4621
8263
9134
7871
5440
6041
5931
6972
10981
5193
9342
8791
10698
4932
4674
5514
8792
10181
9399
8055
9277
6181
10560
13238
19972
9327
7263
9668
8097
4444
6055
6595
9134
13845
8215
5078
9702
8360
3971
11863
6252
5921
5681
4656
4108
5243
6799
12634
6666
5282
15472
18790
7479
7917
6255
6157
6810
7583
9066
3873
5855
6697
4694
9094
8273
5876
24598
4768
9095
16746
4607
9156
8793
10505
5299
10431
5396
7973
10734
6774
6895
7476
5158
8242
15110
6024
5702
9817
12861
7138
12138
5295
9666
5229
4756
6833
7489
10095
6238
9215
5143
10976
7877
4248
16322
14596
10961
13106
9097
13893
11724
4554
14548
9349
4588
12255
9156
5354
5980
9255
6168
6443
6652
6743
5251
6300
6964
39800
3827
8118
4291
8475
17830
16565
11580
9096
6256
7417
5680
11472
5938
6232
4340
15336
4152
4419
6541
7190
12750
16196
7537
8277
4976
8101
7991
11941
6228
4911
7845
12824
5430
6119
5673
4818
5144
12571
6833
7316
6461
9576
8058
9421
8538
10353
4856
4764
6217
5833
8336
20045
6649
7177
6093
7998
5245
17118
8222
6995
10122
7339
6534
15843
8344
6445
7832
7517
3843
11935
10981
10576
11605
6828
9178
7232
10320
3769
6163
4922
5849
3661
13744
10035
10981
6523
12190
6390
6348
11176
5438
7098
8384
6850
14365
7291
9366
12683
6022
17109
7170
13328
7742
5617
9019
10523
3845
7317
4905
10120
8039
8304
7953
5501
6723
10946
7897
7166
7345
3937
4357
10431
3989
4954
21860
5684
11430
6442
8077
7146
9243
12274
5741
4574
9867
7930
12236
11695
5571
5369
24375
18341
8563
5316
25737
8101
6976
10555
35221
5978
8136
10552
7207
8911
11476
10369
5790
7941
4019
5900
4890
18382
4133
7826
6946
6566
7106
19777
6177
5754
6740
11055
22711
14530
4906
6081
5029
4570
10781
7615
5257
7224
5954
9650
5756
7751
5349
8796
11884
8931
16666
6546
15265
8652
14534
6192
13911
8604
22405
7187
15143
7325
6088
10864
9820
6325
8333
11178
6264
12003
7269
4996
7498
11770
6261
4774
5058
10090
18379
9081
10220
7530
4059
5606
8856
8806
12543
4862
10402
5303
6999
7214
15495
4937
6567
7202
6824
11281
10747
6990
5392
8051
4583
4668
9767
8412
6717
9080
12645
15278
7078
8317
7794
9209
5841
5474
7255
9841
4048
7272
10923
4869
6361
7669
6114
10237
7479
12780
5403
3147
14642
6730
6969
7725
7043
4900
18578
6320
6465
8070
15885
4092
5884
9300
24404
8402
5848
6112
6611
12450
7794
9948
9442
3866
8287
4161
6164
7586
5386
16268
6649
7305
9778
8361
5543
11723
12788
4420
5982
11636
11194
16188
9021
3504
8185
9505
5794
5310
4032
7233
5782
6701
4623
8291
8440
12443
6536
2927
8047
5919
4199
5471
12085
8776
9778
9795
5720
7627
14654
3761
6993
6221
10064
11564
5914
8082
6521
6224
8196
9759
4213
15576
7221
15498
7899
18621
11939
7944
5823
8934
18862
5790
10847
7537
10900
5787
20085
9484
6292
6724
5010
3967
4979
9203
6503
6120
6292
6943
10718
15270
5664
10213
6729
5028
5132
6277
6599
9261
6383
9985
6999
7373
10644
6735
7180
8992
7188
3743
5956
5844
14625
2994
7447
6799
9467
10371
12284
6408
5151
6805
19996
5970
11101
9348
14463
5159
5782
7713
6237
11123
3840
22672
5689
13472
5232
6832
5198
4979
10724
10016
9068
8402
6658
10562
11240
8261
5922
6061
3904
10723
9494
8022
5224
5186
6062
5782
8622
3767
7268
7456
6244
8885
7005
4720
5211
6487
7338
18668
16006
6902
9145
4679
13086
5782
7529
4914
11400
7705
9757
17891
5772
7064
10230
4438
5893
10783
5703
7572
3959
4267
9862
5959
8549
8391
11104
6778
6992
6152
11815
3689
7183
5673
7278
10429
4363
8186
8728
4384
5298
5426
6587
4686
5957
7476
12367
6297
6587
4305
9561
4892
9676
11468
5482
7021
7653
11176
4494
9841
8417
12170
8708
11707
6842
8785
8071
10565
5546
5840
7971
9229
9026
8278
11036
4888
9219
8206
6105
6632
8070
7664
12123
17351
5635
6871
8333
7212
6567
4585
2419
9551
6212
5070
9404
3596
7969
5552
6015
11214
6136
9130
3422
11780
13110
6489
8721
8929
5955
10442
6078
8816
4952
12097
6271
11929
5255
4068
5166
5152
14677
4648
5904
5193
4683
18982
6080
6182
7643
8502
5478
7023
7746
6970
5758
6307
3218
4528
6738
5431
7576
9406
4420
19581
7755
10355
5666
6334
3734
7590
5888
6058
7047
5007
20065
8949
7256
9199
6822
5728
9606
18179
5273
3764
11873
6703
10103
10509
10744
10833
6440
4310
10366
21075
4027
5500
10748
4932
4677
11158
3069
5020
6170
8279
9561
8389
7826
4393
6340
6778
4463
23484
10048
6205
4813
19030
11524
16887
12526
15892
11290
23061
10140
6702
5789
8599
9537
6704
7699
7687
5070
6927
4272
8903
20217
9856
11277
4660
4603
15308
9316
11324
7274
6655
9036
19297
20956
6386
9043
6815
6010
9420
5934
16832
10071
9379
6937
12366
6124
3936
6408
3443
7454
7969
10805
6246
6297
11658
5134
5305
4404
12076
6859
10305
6038
5495
3828
16311
6695
5767
7546
8705
5864
10041
7022
10748
5614
8343
8639
12704
7408
4927
18650
8564
8609
12717
8513
7546
12570
8048
13045
7852
6184
7394
6165
11780
10537
6523
5384
5389
5989
4948
7551
9814
14855
6252
9335
5304
7607
7985
3217
8287
5747
14687
8396
12359
5541
8752
12892
13201
11118
9944
5583
13268
12290
7435
7542
5535
8333
8868
17114
10329
16735
9434
14383
10102
9957
10781
4334
5130
11212
5925
7180
8209
27784
10434
5527
4332
4944
8954
14119
9240
8853
5160
9233
7448
5124
8323
6627
4747
5523
9253
5083
5555
8034
6417
6527
5771
9888
7395
7837
10086
10244
5008
10434
6636
4268
8042
4962
5598
6467
6275
5862
8452
7605
12824
10544
18741
3966
9665
5281
3141
7308
3671
8843
3384
10163
5069
8968
5486
5927
11069
9527
4820
5414
17789
18352
4836
6401
8477
14032
11770
6691
6396
7594
5734
7230
4226
5341
8811
7316
7255
9666
6235
5890
6889
5697
9622
5962
7452
6542
4866
15373
13523
6071
10467
22561
6862
19200
8025
8270
11289
21706
10386
12412
5680
14370
13635
7326
11006
12094
19948
14695
5032
18410
8644
13874
7167
4258
12236
13765
4764
6361
4363
10704
3790
16375
5945
14527
5408
8242
7897
9116
7604
8716
7710
7572
6912
9170
5926
4830
3194
7826
10449
8099
7002
9379
4654
6244
6564
5502
5306
6276
18908
10136
8690
6110
7629
4547
7521
4652
5985
21174
16224
5240
8325
6785
11067
12339
11742
12734
11448
7480
15411
4706
5018
6591
7372
10594
7610
8471
10774
6360
11554
6016
7866
5610
6053
7186
8568
5092
5567
6330
11848
6962
6726
5370
8163
12597
4941
11996
4781
4849
13390
7360
3059
9900
7248
8432
4725
7293
4157
6011
7350
4241
5644
5602
7576
11971
10692
7782
13293
13672
8440
14836
7286
11873
7141
8198
6007
11644
5208
17798
5197
5961
12816
8597
8659
6800
16260
7504
5833
15128
9674
4053
6407
5320
11456
7405
5283
19179
5414
8860
6598
6317
5283
6989
6631
8824
15102
9243
9128
5532
5895
8008
10934
7845
10223
6741
10432
8194
9040
3611
4908
7396
7170
12674
4634
4102
6130
20254
5368
8092
6547
11221
7731
6061
16778
6052
6675
13268
9832
10596
10222
10876
28257
10466
10957
7162
7180
9385
12124
12230
10187
7086
6709
11178
9306
9007
6735
6100
3742
17164
10652
7198
8666
10946
7905
7117
4821
11613
10132
5338
22834
4518
11296
6383
3492
13765
6814
7795
14996
12327
6401
4937
12987
6663
6315
12111
9184
12269
7542
6541
10556
7479
20908
5591
9341
11856
11250
10921
5565
4776
6250
6941
6992
13069
3303
18971
9821
6776
14124
6311
10034
5952
9633
7734
5526
5012
4694
10467
7430
9895
6820
7950
7301
5657
4865
7083
8677
10474
12204
8725
8146
8024
8643
9185
5462
5094
6059
13976
3134
5009
9734
13031
9943
4515
9400
8756
6635
4347
7153
11111
13640
6229
4713
9229
5113
23126
8339
7958
7008
4047
15809
5758
6341
5749
20438
8070
7102
10657
8060
7885
7156
16592
9884
11004
7426
6120
8897
5100
11858
6156
6543
20723
6111
10774
9458
17317
7277
7089
5460
9354
5822
6187
5385
5419
11978
7197
13651
10566
12927
9836
8096
7227
17099
11785
18888
3968
5206
4551
16638
7727
10005
8291
7618
4590
13868
8125
5281
19367
11206
4631
7636
10077
5448
13734
20491
7745
4426
9010
5756
9718
5992
6240
6509
8360
5657
6538
8400
9766
5813
14630
7169
16440
5330
18509
10859
13645
9854
6996
7211
10412
7370
4758
2347
5937
11858
3687
11964
6231
15266
17054
5664
10035
6964
8643
9034
6460
11614
12223
6617
2217
5755
7210
9109
7219
5057
5923
3940
6369
6603
4424
4819
9815
12438
8762
4971
10146
9844
7434
7419
9034
5773
8511
6585
11012
11616
8302
6681
16556
8536
9952
10173
12775
6046
4772
6275
8645
5981
11246
4660
4045
4905
18875
7713
5272
16009
15179
12314
29305
8966
10283
16871
14448
6368
9597
9253
11391
9219
6471
6452
5341
5822
6522
13280
13846
8520
9969
11717
8206
10606
13337
7969
11079
9061
5095
5610
11023
6055
6288
6495
7267
5828
6337
9399
6109
7507
11984
5369
5841
4961
5166
11330
4751
14367
13138
5655
6809
5609
8024
6920
7058
18554
6634
5417
12789
7345
8982
8262
6554
8684
8731
8290
8929
6123
12966
10981
8898
3437
6167
10319
11232
7519
10423
4735
13350
6410
14429
7234
5154
8521
4546
11615
12553
7283
3816
8078
9619
6347
22668
5803
7993
6185
15353
8132
20754
9023
11619
10365
5155
4325
6729
8430
20896
5306
6231
7160
9532
6180
8658
8831
17330
10846
4592
7928
11712
9898
6603
7796
6081
6808
8062
7788
16299
10581
9215
20101
11091
6778
6308
11416
4889
8768
6410
6970
7697
8184
7970
9635
6825
6071
6503
12064
11169
6350
10289
6959
4975
7332
6601
4906
9865
6439
7868
3955
5809
3592
11134
2949
8271
6882
4912
5390
6978
4439
6975
6450
8310
7399
13119
16347
9114
11271
6304
5167
5125
7469
18373
4719
7443
6467
6832
9226
8226
3884
6134
4986
10168
7007
9452
4545
9070
9485
3096
8197
15057
6274
9248
21536
11679
5689
3352
6670
9018
14501
11886
5369
6321
6205
11662
6207
8066
7704
5319
7511
13652
7535
6417
9421
7591
4405
9476
3236
13100
8294
7122
9334
9164
5487
6266
4222
9266
8109
3439
6949
12298
6342
9687
4672
6237
3321
4678
12011
13151
21786
6170
15632
8765
10021
6932
13179
7834
7693
5202
5306
6713
6369
10190
6244
4391
8657
6436
9297
17858
8308
5484
7669
7795
7020
6609
6171
8476
13162
4816
7062
5941
12430
11697
7229
7656
8705
10264
13817
5035
5189
19584
5401
8861
13743
8551
5646
6571
11944
10501
6422
9973
16946
29871
15891
14758
4476
5532
8479
20267
7199
4093
5498
7517
6547
6291
8397
9363
5876
17036
15370
16437
5836
8274
12493
5924
11907
6509
8493
7816
11006
6527
10513
4530
13452
15303
6217
4751
9037
10496
10114
6917
6498
13389
10616
11417
9001
8009
7398
9082
7730
5019
10266
9541
6812
15720
5279
12668
5751
8435
8523
5898
16150
4900
5908
9165
6131
5242
7354
10197
8181
5360
4641
10298
6928
5460
6375
7235
8082
9514
5095
18756
13769
9278
4155
7995
11049
7691
11865
6820
5953
5644
9314
8018
4864
7470
21988
11746
4206
16924
7245
6995
22898
7359
7893
10501
6290
7547
6426
7546
6344
6521
9147
15963
6115
7101
6614
13731
6558
8952
16384
6601
5826
6628
9010
9684
4108
7142
8206
8234
6125
5047
8196
8830
9042
7091
18838
5671
9030
6962
8878
5930
7210
16891
11385
16261
5320
13357
9055
12259
4667
6952
9714
5198
7934
8705
5437
7947
7418
5054
6147
8121
7796
12420
9648
7457
10547
4915
8434
13744
5555
11154
13966
6425
10432
5395
6846
15110
4726
8954
8997
9298
15495
5621
9566
10152
27239
16190
7796
3702
10748
3516
13962
9328
5662
9633
4784
5224
12121
8423
13390
15498
9425
7249
26920
7451
4471
4193
8853
11543
9067
10525
14021
5169
8008
6328
9372
6107
6469
7161
4760
6894
24411
16961
8043
8255
3913
6571
12388
10184
6769
13808
11580
7051
7621
6260
7652
8716
7396
7765
13023
8001
4732
8398
4442
7610
12477
6973
9329
13107
4917
5166
7934
5446
5835
12689
6566
14912
5332
35488
6261
5647
4802
7714
29339
3672
5619
5188
7118
14184
6414
5511
6156
6426
3312
7312
9264
8854
8029
5309
8111
10589
7087
10481
4226
7866
10849
7891
4267
7396
5901
27044
7663
9813
5998
7070
6796
5784
7083
6958
10995
4835
5912
14824
7178
7722
20472
16765
10969
3827
13940
8001
7418
7589
8319
6502
6454
9574
7057
22661
13118
8133
7708
7913
7732
6955
10086
8007
5434
7396
7898
16558
10928
4913
11107
10144
6482
13797
18059
6492
7449
4516
8832
10910
6427
12959
8496
6966
5981
6487
6580
6570
8556
6931
7267
8872
3515
5054
5344
9033
9583
9191
6822
8161
7727
3848
8155
3880
7904
9882
12875
12487
8837
9432
6998
6832
7343
8695
7183
8962
3826
3535
3729
9081
4636
10759
8253
4774
3851
6394
9247
5947
7102
6986
12125
18512
10811
7544
5163
5244
16773
9454
15212
19456
6755
4035
5800
10522
10382
9721
3976
4000
6724
5298
8047
9255
8398
18395
8463
9854
13095
10340
7059
3219
7703
8006
6315
5805
11661
18885
6626
12033
3126
9273
3894
7121
6782
3967
5594
16702
6531
7906
5172
10646
4897
10830
4761
6486
10284
11372
3616
9521
7145
6480
4924
5568
7434
8759
5890
9318
11148
6460
14501
8508
9070
25604
5968
8948
4705
20525
16923
7567
7424
8968
19879
19236
4556
5344
7914
8826
15103
6304
7907
7594
4415
12529
16863
4972
5484
13585
5743
8154
5509
4129
8594
6678
7085
13847
12508
7006
7839
18591
5575
5527
6457
6849
11427
6209
6128
6129
7593
11838
10121
8272
6770
9504
4850
6295
5038
13868
7254
7603
13603
7207
15350
16829
4224
17485
11519
5347
7048
14650
5936
9489
4558
7906
13633
4436
19309
5945
6835
14201
5659
7893
9766
7747
12734
4408
5809
6552
8157
4427
9561
14118
6508
6921
7766
9738
4435
5480
6180
9730
11805
5262
7307
11066
7036
10227
18290
5110
5106
10782
10409
8545
6876
5290
6701
7061
8261
24187
9354
5851
8486
5337
7778
8444
4501
8834
20795
9875
6366
4509
9780
12730
18804
5412
6075
4811
8029
4976
5535
5266
8830
17318
11386
4526
5945
5795
10672
9413
5831
7142
4489
10691
4511
8618
8154
5015
5976
8253
18878
5830
13434
11347
5970
7022
31452
7694
8322
9760
5240
5910
6934
6739
9079
4366
6740
7211
6756
9254
7567
9210
10357
4042
9836
6683
13705
5888
5895
6086
4839
11541
6066
6103
8145
7824
7031
6458
5055
12679
5906
9227
10301
7657
12065
8943
6873
8335
6357
4963
4139
8048
5841
10638
4995
5016
8691
5149
8373
7765
6920
7350
20145
10826
8564
10395
9377
5242
9100
9176
7991
7027
11218
5546
5309
5166
4657
15527
16368
4256
9396
4884
9936
4374
11252
12497
5732
7761
4294
5488
10874
10251
8975
17351
7759
31590
6661
4963
8114
16270
3769
5512
7635
4845
7356
8945
6496
8683
6145
6772
17732
11797
8172
5303
14678
4128
12879
13703
7278
8287
8018
11765
15056
7487
13246
7405
11362
8545
7373
4486
6553
14563
7274
6118
12516
6852
7034
5188
9790
6688
18202
7596
7136
5009
8032
8426
26370
8476
12975
5082
9272
5318
4072
9099
11590
5777
8588
10030
6708
5667
10955
20616
6584
8803
7552
6694
5165
9769
6739
17042
6296
9635
6643
7146
7225
5204
7221
7842
6945
7850
13759
5940
5818
6075
7180
9630
4442
10102
13432
8647
14980
6825
3389
11164
9568
3470
5259
4604
6681
4639
7256
4261
6474
5893
6942
10568
7980
6070
8205
7289
18337
6039
17574
8343
8985
7982
4422
10375
4638
5194
7245
12272
9969
8057
7745
7109
6187
11081
6132
6868
4399
9977
5759
5656
6195
10383
12479
9232
4600
12416
10122
11109
7063
6944
5739
6637
11534
13720
15179
3884
6324
12202
11985
18636
4393
4944
20452
3485
9843
6377
9672
9859
5942
8113
6169
12842
17073
8233
11498
6247
7031
5648
6438
14997
8061
7408
5493
7971
7320
3741
5341
6027
15160
12011
10262
9836
4682
6760
6147
13750
6223
9323
4993
4642
12132
9058
6483
4973
18851
9610
9994
10010
8782
7982
5870
8621
6817
4870
7258
3688
6257
6265
19105
7048
11448
9498
14101
13692
12044
15717
8926
4187
5534
6767
9898
7735
4667
7388
6749
4363
8299
6804
7006
5626
9162
6418
9945
7215
6453
5756
12279
11500
7656
9579
9752
6074
8450
10207
9820
8072
8081
6482
13717
8447
9664
4888
5062
6806
5242
6284
7629
3585
4726
7303
10667
6351
7282
17105
14102
4672
14300
2100
4111
5432
8322
7865
6988
10918
5794
9792
4886
9928
5153
9894
10669
9159
7463
11938
14375
7852
7446
5892
6203
4981
9222
5283
5127
11249
6661
6515
10905
6032
11862
20993
4717
8532
18271
6925
6082
9864
8158
8169
7421
5229
7023
6134
5851
10663
10728
12028
9676
13312
6536
3658
8848
7293
5294
10695
15497
9252
9606
6066
9522
5985
8780
5536
5071
3521
7516
9665
15123
9781
14744
4904
9328
6451
5790
7232
4018
7231
9545
9080
13144
5704
7329
7151
5842
5586
3372
11146
7106
9819
6371
5402
5500
6226
14950
4676
8962
3179
6909
9169
4491
10393
5634
7736
5863
6842
9198
7989
10750
12197
5878
13387
6255
9036
5730
8235
17320
5132
11906
8338
12711
7986
6652
8796
12172
10208
4997
6763
10009
6351
6956
5068
7008
13643
5194
10236
13480
8059
8175
11946
11112
11251
5242
5656
5435
5797
4798
8659
9309
19287
6859
9119
7388
5394
7254
9713
10451
6110
9072
7100
8102
4327
7664
5339
8276
8932
9044
9337
4929
4719
8307
4192
10803
11844
8710
6111
5354
11975
5872
6784
7976
7489
8282
8331
6382
7014
5879
10664
4625
15173
11234
3885
18939
6538
8510
6857
6019
5476
13216
4835
6885
6307
7824
8722
10767
5575
8149
7339
8548
11047
6944
5726
7527
13583
6455
6688
6734
6395
7964
5505
5991
9339
8761
21089
12182
6292
10217
8982
7221
6534
11057
4786
11795
20252
9409
13404
7640
9314
9565
8021
6258
7832
10320
12347
5142
6588
5547
6073
5271
7098
7301
14723
8783
8230
9774
6319
3609
9703
6648
11719
5844
6721
7154
6166
5811
6177
8390
3476
7371
6309
7099
3902
8066
4813
7118
8121
5509
10811
11643
3882
5120
5412
7096
25408
6795
5299
10835
4522
13398
5262
14250
11239
5805
4961
15056
7669
6115
13319
5800
8457
3104
7230
11755
6733
13931
6228
5214
7984
5433
6050
4636
11818
7765
7397
9791
4876
6787
10249
11045
8957
9189
4216
13169
5018
7773
8532
5490
6036
9397
7632
7209
8739
7234
5607
4882
15453
12763
7265
7494
4442
4274
6882
25589
3441
8627
7922
7184
5303
6444
8784
4032
6282
3884
7763
5493
6282
6301
10491
7925
12110
13901
7521
28827
12116
6910
11232
9138
6806
12800
3624
17718
6302
5907
7272
4299
9112
16919
5242
7939
8885
30051
11380
15237
11115
8916
4436
8890
6640
6482
7094
7529
6190
6720
5319
10286
6644
4478
3569
5358
7660
7661
7739
7241
7858
22785
6137
14580
15168
7978
4980
4657
14339
12002
12252
7413
8867
4849
5646
11733
4516
6517
4952
27534
12934
6755
8352
7968
10473
13014
9825
6006
8673
7222
12505
7885
8165
4384
17177
4426
6793
7738
7282
10021
9777
5205
5774
10391
4570
11204
9144
7300
8753
8451
6086
17494
5933
6024
5551
4569
9878
14243
10845
7685
5996
4204
5708
18792
6740
6201
5808
6727
6513
8924
7217
4737
8480
9377
7974
5573
7092
5956
8102
10515
4115
14423
6192
6152
10435
12989
6266
9191
6575
17556
4301
10595
5053
9608
4595
13207
6147
5252
4860
7641
6339
10685
7726
2804
4856
6416
4122
17138
5791
6995
6969
6952
11745
6064
5314
16770
9536
14302
5007
5196
7490
13319
6778
11785
5369
8602
7579
12031
7599
8690
7498
4578
4489
23327
5418
9090
6736
8746
6016
10011
5037
6672
7452
30118
5147
3819
13303
8436
5004
10846
6054
8373
9870
7359
5493
10414
8648
10498
6515
4639
11642
4931
11286
9358
7480
17419
5730
10673
18774
13351
12564
9303
7841
7284
6325
9394
5124
7656
5506
7227
5829
10710
7053
6982
12833
6962
5967
4505
5760
9180
6611
6925
12063
12011
6815
4356
5700
5188
9846
8963
12072
7297
13561
9446
7004
7810
7795
6196
6807
7652
8169
11154
3673
19952
9110
12245
4700
4765
5425
15688
5184
4699
5114
6762
13730
3883
3415
11457
6136
5925
5375
8115
4598
7125
17897
7689
8206
9243
6705
8730
8491
12807
7447
9523
10173
30679
6698
7323
7429
4157
7291
3759
11508
5232
10663
4633
8205
13687
12445
7610
7456
14517
5882
19650
17810
4001
8153
5761
8489
8575
6515
10695
6357
6020
6859
7547
4524
7662
5056
8955
10887
10600
8996
5019
6215
5575
4302
7527
3258
4205
6986
8636
19111
9193
11406
8276
15800
8476
4295
4070
4263
3819
8485
4732
7554
24200
9179
12811
5375
10153
7665
23918
2948
8755
8356
7669
8987
6982
11387
10137
8310
5337
7405
10027
8768
7338
7007
6799
5983
17243
5393
5992
10276
6666
8535
17177
6803
15002
12295
12187
9093
10612
6181
6365
7539
7928
4291
12707
8068
6641
10412
10209
3130
9491
8935
4335
14272
11596
14137
4639
7045
10654
10690
6093
8484
18147
4718
16298
13039
4327
6136
5723
17166
9604
16263
8993
5480
8613
9178
7933
5415
5585
8360
8952
5815
7921
4074
9863
5698
4046
4889
11005
5036
9118
17739
8199
11720
6318
5446
11018
7391
8082
15164
5342
5850
8106
12233
6333
12822
8113
4249
7713
5092
6999
7867
7734
4222
15027
9373
17847
7552
17207
33295
6330
4299
9301
5731
12679
4804
4344
7465
9548
3505
14547
6674
6258
12257
15099
11730
5832
5071
4579
9940
4704
10178
6074
5484
12435
6672
9750
7346
10249
11720
5247
13078
3238
7002
8062
7833
10435
7617
12821
5066
5991
7772
9210
8047
7315
10363
7228
9959
6450
7233
7076
6311
10624
8608
5990
6228
6993
7825
6124
8277
7586
4263
14019
6889
10766
5705
8727
11757
9377
9494
7717
5573
7211
13842
4317
4340
5068
8394
6108
10059
22728
7734
5322
11047
9068
3650
13049
5394
3507
4907
7878
6639
11365
6324
8009
5885
9810
3746
10758
4382
16151
11061
7683
3894
8892
10911
7372
7206
15526
5742
5627
5038
8988
9122
16023
16953
10576
4244
13030
6388
8835
17830
10737
14928
9719
5771
6707
5972
7875
26469
7050
7188
8386
19887
7145
5851
8577
8049
5713
11433
6341
10570
7085
9006
8844
5761
19225
8316
12937
4396
4248
4784
4424
5058
11462
6692
12469
15247
4241
10608
2305
11634
10562
11684
11304
6693
14282
8464
6730
4258
5573
6886
8264
12205
7922
7503
13578
5322
9255
9313
7094
6976
6161
4295
7423
5184
9233
5914
17949
5798
5327
23035
7406
5528
6989
8102
5473
3994
4897
5736
6824
11289
6077
8991
12382
7488
18628
5978
9795
3514
11181
8493
6910
12020
6699
15741
6651
4338
8204
7188
6371
5173
5225
10353
8069
6144
9476
6781
8885
9937
3274
4739
15335
53101
6337
11607
6045
3821
6733
12344
6247
7545
5639
5396
5133
6446
8795
9995
8134
5639
8538
4182
5422
7905
7694
11572
7423
5891
14357
5814
9915
8292
3853
10794
7889
4527
4918
8829
5158
7781
9812
16052
6959
14778
4846
6867
7584
13109
11376
14229
5868
3758
22376
8036
10531
6461
10525
5356
7735
8067
11419
19634
13139
6059
7532
5459
4085
8029
7269
8648
3595
4737
13442
5417
7562
16594
7811
9606
7808
24422
14245
6520
3804
6965
7838
5501
11373
5896
5429
6464
9479
9247
9345
12984
17942
5864
9195
5958
10533
9043
4194
9893
5282
5686
8217
5738
4654
7544
21473
11559
14242
5497
17964
4587
9545
6680
6934
4641
9522
4185
7966
4710
7994
20073
13344
11674
6063
11823
9206
5134
10243
8777
5365
12896
5702
5196
11647
5432
5522
5297
12201
7651
7495
14484
10637
14511
3439
8484
4845
10128
4476
5623
9158
5000
15329
9328
9225
12251
11841
5270
20097
9644
6137
3591
9581
5872
6344
10542
8543
5393
4273
8072
19910
6094
18450
5519
7077
4746
11836
6234
14674
7140
23221
6996
7144
8470
5669
8836
5227
9157
16521
11058
15341
5837
6500
7997
5903
12110
5252
10526
5792
6231
5201
10907
13304
13486
7294
12348
8546
5641
10663
7476
6660
5646
10567
8987
8050
9033
7876
5498
9354
6824
6049
10969
4019
5562
6453
3963
4489
5399
9895
15109
7828
6482
6644
38951
14185
10770
8695
7102
9073
4528
6883
7284
5812
6678
7792
6867
3155
3067
5554
4349
11704
6516
15246
3138
9631
9505
6948
4494
7071
17119
10077
9397
9515
8629
12397
5830
9958
14373
30340
8103
15710
9812
10487
4774
12701
7245
7190
5666
9935
6108
7018
21848
24106
8202
5838
5934
6225
5692
8044
12037
9416
9350
8148
10818
15070
7655
7130
9185
11574
11491
10599
10503
6926
6608
9408
10084
11830
5057
6989
9028
8469
20052
11574
11044
21414
6336
5927
7535
4299
5852
4806
6987
6672
2822
7315
8872
4481
8416
6297
7347
7245
13019
5872
4331
6061
4613
8191
6787
5338
5679
10489
8010
13691
7070
4139
8233
10056
6405
11413
9371
15847
8372
5855
10428
13781
5435
7463
9089
8616
9837
6681
6817
5284
8787
7201
7304
12787
8528
4986
9707
7879
5280
7022
15180
13336
6767
10468
7746
8141
12879
13871
7033
6112
11758
5118
9332
7704
7551
16765
5791
5692
7439
6396
7173
10919
6734
6258
7290
10857
12969
10953
7745
12597
8020
4937
4538
13993
36920
9462
6426
6972
6550
6950
7294
11067
12170
5572
17640
11485
5042
12572
6218
9333
5452
10238
5647
4794
10473
8784
6714
9754
10006
5965
6896
8320
13177
4513
6242
5445
7719
9632
13368
6387
4855
8963
8717
7340
11525
6624
5562
5754
15641
7244
16185
9183
10352
3990
7154
11900
6357
7430
8611
10691
4823
7385
6856
6295
7132
7034
29231
6366
6827
8796
8043
10182
5037
8684
10716
14997
9000
5546
10406
7451
4428
8390
13968
11134
12541
7977
8667
8230
7233
8638
7672
4171
9586
10770
7762
6575
6296
7787
11695
11345
8803
11011
12473
8639
11915
12801
9593
13722
6549
9989
9285
6259
8224
9429
6467
4434
6268
7543
4828
8084
4543
6782
5396
12766
11303
9032
4380
12362
11207
10065
6127
6255
5195
9213
8418
7006
4764
7606
6126
5772
15475
6119
7732
11603
15238
5745
9968
7953
6433
16220
4745
8366
8425
6801
4015
24134
5103
9303
8160
5443
2986
5628
4016
15312
7583
5509
7176
9056
6892
11436
6732
6295
6851
8522
18284
8467
7935
5197
4145
8006
4150
8826
11114
5484
5025
7153
12554
6950
6455
8469
7660
3930
5239
10021
4682
15829
7308
12753
2774
4950
14971
9212
14664
6286
5936
6655
9411
8931
13083
6531
6642
8430
8915
3989
19907
5168
10685
6918
2394
7203
6057
9262
3197
3401
26698
6619
6479
7709
6402
4414
10251
11760
7660
17462
8632
7110
5641
4909
7408
17960
17761
6381
23111
4843
6577
3320
3788
7530
13495
7369
18102
7115
19682
6434
6833
6700
5518
9103
10655
6249
3195
7020
7491
8626
5717
4834
5011
10804
7741
10010
9343
8348
4906
12059
10168
7060
25005
8331
7882
3945
6553
7119
11030
3692
8817
8466
7908
6614
9962
4672
9667
3957
7696
10436
5704
8810
8485
8193
10908
5878
7151
6065
6428
7031
9186
5480
3994
16062
7048
6303
4756
10700
5694
5978
6478
12683
11159
8608
9290
4469
5206
4599
9518
11914
7123
10238
12723
10309
6632
12093
6312
5735
7608
4776
10072
23742
8024
6163
5383
5844
9076
6899
19200
7130
2881
6606
4297
21378
12394
8006
6430
9441
10082
8597
7236
5582
7957
17208
8214
8610
6279
7792
5490
8822
7335
3356
8219
7652
13448
5443
14007
7937
8609
9405
7581
6898
4145
4583
5928
12412
11674
5334
10539
5966
5956
4568
16527
5013
4041
6281
7628
19027
5043
7207
6433
11989
6675
11753
10986
5410
5400
6567
7658
7945
5526
14587
5886
4482
12055
5163
4985
9023
12343
7388
5056
6131
6626
12780
8628
9812
5495
7714
9595
8482
12910
8779
7548
8189
2809
8723
15442
7403
8900
5955
10613
4041
5183
6882
5322
16356
5943
3635
13617
7070
7018
4052
8000
5603
4692
7947
7538
17843
9598
6029
8561
8518
4217
19461
8262
7504
3046
7592
13804
5570
7822
7154
4099
6731
8759
10896
10406
5440
8724
9398
7266
4921
5714
6522
5383
6084
15742
9939
5482
5750
4491
12284
5300
5584
7278
15373
8858
8970
18326
3903
9121
8451
5545
6438
10047
5199
11529
4907
11187
5086
5904
26401
5527
8441
13943
7549
9069
11468
7177
7643
6764
9207
6496
6096
12857
10191
9192
8847
6850
6581
8153
6350
26363
10479
5615
5212
14740
10886
7183
8776
6391
5361
8046
6517
13826
5011
6652
7528
6292
11928
4281
6742
13464
7018
4634
15658
13068
5431
11725
9709
4501
15963
5062
8323
11207
9765
6081
5844
16088
5541
5383
8461
3531
7235
5126
13884
7191
8016
16031
18961
17579
6773
4116
8654
6527
5591
12076
8114
7568
12939
12898
6835
3878
5387
9484
28948
11582
9781
11696
4168
12283
12001
6590
8079
4362
7578
16238
7466
3672
17202
8709
13177
7358
9606
6356
11544
11307
6171
20942
12841
10562
6781
11472
18100
9740
6176
5369
8740
7481
7186
8563
6141
8327
7652
4055
8197
5072
6813
11944
5185
4537
8408
13760
10429
8238
4897
18124
4070
8489
9814
10666
6711
6033
5384
5755
15738
6657
8958
6271
6853
9110
7865
3839
8284
10393
5525
7263
15914
5651
14536
11671
5953
6874
2897
19500
3292
8135
5584
9130
8791
9168
11403
9788
6152
6233
5278
7825
9644
8735
13712
9052
5264
4485
8162
7985
8825
9088
10243
8677
6286
7275
5608
5187
4617
6606
4181
8144
5173
6670
8122
5227
8766
8951
7736
9203
13089
7610
7284
11387
10991
8579
7897
7315
8792
6538
8865
5752
7433
11862
6079
7922
9839
6179
11699
9759
7096
9399
7812
17357
5919
24817
4374
9658
5159
8445
17080
6619
5620
8585
6656
7623
5274
5842
8808
10283
7592
6728
9847
5055
6980
11144
7650
10602
13696
6827
10680
8446
7538
7177
10352
8277
4029
6598
18720
3860
5876
9617
8712
6038
11412
20507
7273
6888
5667
6551
9229
7388
9038
6931
7717
6089
16901
7496
6672
10794
7889
8800
10502
5931
9852
12112
7097
6493
7998
6081
5879
13552
4928
6095
7925
9411
6742
9516
8545
7534
4047
9748
9288
4968
5821
5888
7793
5849
4137
5946
7501
16068
5348
5094
7190
8072
7074
4912
6645
6355
4141
6625
5327
7329
10606
10215
6937
7512
8232
8910
4845
9130
6299
7434
7971
7637
7677
5236
6566
9870
11735
6170
9192
6403
11661
9660
5809
8153
5285
12654
12728
8822
5054
7458
7212
10866
3031
8799
13780
8383
10898
13197
15318
5005
9086
10047
13272
5854
6534
8240
6111
9170
4957
4369
8057
12135
9054
6188
5993
5285
9768
4403
8294
7803
15258
4882
5544
7123
10739
6280
7126
9867
9214
9767
3598
7749
4082
2908
6582
10940
7685
10672
7148
5946
7436
5872
6673
13094
10302
14556
4282
6124
6808
7984
7514
9301
4911
4050
6963
5826
8409
5113
7756
8263
12375
8453
8675
8903
6636
6150
5069
9422
7153
6755
4412
8005
9108
8281
9959
8333
6899
3879
8470
7884
13672
5012
6766
5532
9501
7214
6465
5559
9665
4720
6819
5566
11814
5397
4826
9387
7977
5189
5102
6965
7862
8444
7796
3902
7030
8123
8183
14444
4873
3702
21529
14741
10327
7156
18697
5915
7914
6027
6957
14675
12734
12575
4860
7780
3943
6224
4885
4909
7246
19071
6470
6672
3711
14576
3820
7167
4825
9281
16396
8852
9276
4174
5715
12978
8761
4462
6515
8195
5188
6930
13284
16483
7623
11145
16403
10870
8100
7156
8681
4733
7689
9402
7619
10727
11300
7738
4477
5988
6086
3749
4327
6169
2654
13187
6336
5811
11742
26871
11211
12938
12574
10410
10129
16119
8387
6446
5897
8001
34683
8369
8215
5207
12619
7166
8833
8629
6275
12940
6905
6537
6300
11967
8261
8304
6362
4563
7992
8742
6553
12167
5032
17198
6505
7432
21873
5571
9467
9821
9256
6393
6003
14274
9020
7164
7273
5448
9604
6654
12446
12333
14739
7369
7415
10261
6182
4323
8258
5945
5983
4809
10394
17017
6264
11867
4636
6991
6086
7456
6982
6985
9893
15270
5410
9297
5942
6984
6186
3132
12477
7039
8903
7977
10042
6639
8247
21337
3016
4929
5887
5961
3905
10957
8941
10279
5380
7269
13225
5402
5469
4955
6379
6080
4048
8446
27479
4007
9192
8977
24445
5762
8547
11101
9225
8702
7980
15553
8350
7294
8925
12078
7747
5312
4812
8588
7819
4650
11866
14361
9676
6609
5494
23084
5324
4993
5104
9806
4284
6646
14053
7648
7791
16347
5227
7250
7517
7207
4393
12632
5739
5784
10421
7658
7072
7173
7706
11323
5856
10293
10928
8714
4673
4459
5774
5783
8536
6482
7907
23091
10080
6245
5952
15420
7410
7768
7225
4139
7449
5999
7669
8155
4289
6636
9442
9897
5089
4453
11321
4335
5680
10777
17046
11422
3505
8485
8098
16055
11344
8107
4812
10870
4839
22269
7083
5560
7927
5667
6510
9284
9427
15096
8177
4272
12886
11257
7183
9821
9688
11818
10515
7206
3841
4817
5527
5948
6666
18160
9315
8848
7599
7064
15569
20955
6245
5423
15148
5450
6120
5316
6085
7486
9621
9478
9247
5131
5948
8242
16853
8859
8727
13121
6975
9704
7390
5830
7234
7612
11877
10295
8264
5641
7067
17256
11552
8960
4498
23654
8246
6636
8398
4639
5648
7733
7079
8585
4375
7417
4883
4707
8236
4433
15326
6566
9585
5454
30466
6309
7788
7845
8883
19194
7436
8518
10783
5974
7674
12404
6723
7444
6772
4392
4843
8609
5181
8185
3299
9987
8359
7129
6892
3331
11232
7321
7177
9062
5766
14108
3678
5356
11191
5097
2479
6622
5809
9893
8159
5765
5082
9735
8469
26928
9578
6299
9519
13830
7188
5321
15678
9933
14436
4483
12831
6178
6304
5276
10572
7368
6023
5324
5749
8676
11570
9486
3322
5183
11955
11355
19745
4384
20875
11232
7705
5790
18249
9424
4050
8736
7201
4716
10130
6905
10917
5401
9660
14609
8501
7557
8515
5894
9496
8565
6423
3058
7502
9186
9476
12052
12590
3316
9505
18858
4083
5078
9140
4861
5132
8498
12142
15526
4464
4521
11077
5146
8078
5062
8234
3768
6163
6500
5838
6003
7314
10057
5968
10427
10029
5303
15159
9728
4192
11121
11471
11936
5103
5820
13131
18234
5491
6610
6630
38244
6912
9124
8629
11563
4632
5977
11058
10411
11191
6050
7774
9441
9009
19647
10637
7784
6676
5414
6759
3476
11957
9729
7464
9985
3916
31965
9375
10701
9541
7127
23770
7582
9063
5915
6466
7528
9953
14326
4634
5333
5178
6256
8673
7623
5808
4132
6571
6262
5167
12524
6770
3866
3369
8549
6068
8083
16714
4436
17644
7680
3988
9835
12748
9627
8013
7241
5443
8182
7929
9086
7483
11583
16125
8812
4083
4675
10199
9517
8378
7637
8937
5486
12690
3815
4893
6208
7113
10053
4826
8905
8661
9885
11101
15614
5877
10136
20664
16548
6420
4449
6947
21444
4038
11363
5664
4068
4237
3837
8384
6989
6065
8509
4163
7593
6761
9906
12825
4760
9024
8192
3224
10772
5455
9855
4332
14228
9823
8065
7752
4751
5306
11552
9202
9923
6155
5042
10437
14641
11211
10863
7482
4229
4830
6071
10693
13733
4431
8788
13252
21491
3724
4489
6950
5703
11109
6071
3695
6826
9177
6833
10813
6279
7762
5720
7410
9466
7936
5018
6877
4948
11498
4966
10991
4739
4655
8244
12967
8001
8002
12484
7497
9834
15216
5307
5385
7435
6848
5529
13795
3970
17801
5155
10571
6757
7972
9303
7389
14262
6786
5572
5955
7134
16274
8058
7998
7397
6313
9391
13993
7043
8388
5739
3738
12722
8515
7880
18596
11971
10736
10064
5813
8615
15250
6777
5277
8131
6162
4790
8225
5668
9937
13688
9836
14259
7506
5910
8522
6509
8330
7072
13892
5600
12976
9876
13864
24305
19955
7956
5849
7980
7933
7473
6861
6868
10439
6653
5756
6014
4200
14988
8227
23427
6154
28863
9306
9214
18852
16656
4870
2863
22841
7625
13569
13364
4902
11128
8548
6847
4243
12249
12514
7893
6002
7844
11259
5834
20029
13735
6499
10640
5347
7810
9276
9581
10638
8626
12093
9254
7888
13699
10628
4959
14061
9439
3923
5454
4963
10782
5219
8860
9715
18160
19650
6189
7186
7596
5307
8279
5097
5016
5478
8226
7072
13349
5720
4722
11062
8411
4753
7841
6512
11350
10592
6607
7501
5221
5764
7131
5192
9744
7165
6646
8866
9402
6495
9798
15257
11118
7492
6420
8870
8072
5992
8716
13382
32478
4914
4654
5325
9416
8730
8115
5842
8226
5298
20810
3528
7063
12691
6429
7214
4939
5427
6892
12818
4498
5041
8469
8453
9256
10641
8182
6023
7249
12872
6756
5322
8063
7696
6660
22430
5680
6875
4224
6269
11960
5419
8862
8381
8516
9328
8097
5399
8733
17805
21659
7513
4555
6236
7326
6121
7135
9379
8479
8485
9204
6458
4391
13007
7663
6341
8939
13727
7537
10066
15753
9324
8827
17694
5185
6151
11632
22892
14522
10552
5859
14773
6765
6684
6794
8361
11052
6074
11867
8566
14318
9087
17511
3720
10190
6246
5328
10278
5181
5538
3653
6536
11436
16114
5523
5435
6549
6407
11863
7040
6999
3796
7220
6683
10362
6273
5234
4128
7550
10760
9470
9921
7047
7412
10909
9652
6817
8360
6995
5573
7288
5859
10129
6345
8721
8633
9424
9850
8869
9358
5067
13516
14875
10000
3939
11901
6309
18023
8866
7068
8605
7564
13013
17287
9097
16828
9723
6419
7081
5850
4871
6085
8112
5883
5826
6421
4908
5542
8451
7928
5327
6542
7678
9679
8035
3189
7347
10392
6827
5597
6335
9508
6397
13244
5014
4328
14193
4955
14273
5021
6922
6563
5176
11395
11757
6402
13769
6695
5052
9406
12263
6943
6134
11012
7694
4883
4821
5291
8523
16474
5657
13935
6102
7396
15161
6371
4034
15031
14803
3487
8819
9832
4408
3900
7719
9542
12568
5251
8704
10109
5714
9520
5405
11147
10708
6566
6604
11385
9891
10584
10647
6117
7700
5119
8177
5884
4339
19367
7560
8940
9377
4750
12097
3715
5887
12926
5295
4386
9006
6843
15811
3446
10859
11314
3991
4919
7049
5253
13204
5682
5654
9198
3667
10012
6229
3484
7699
4416
13095
15281
3714
12164
10903
13809
7513
7279
4331
9231
9971
8583
6560
6306
11451
6113
8457
6872
11001
6234
9663
9120
4641
7383
8607
10389
14546
10725
5516
15036
6581
3874
7567
8224
13235
12988
7307
8153
6676
6088
5148
3699
7753
7318
18863
5867
6719
6435
13096
7306
10088
9158
9187
10030
15872
5981
4873
16088
5111
4896
4355
5346
6287
10393
6589
8817
7576
9230
9472
4944
7632
8070
5995
17862
7205
6193
10816
8697
5504
8424
12995
8325
8186
12156
4765
10242
4131
6307
13264
10021
6739
7923
7292
7109
8244
12128
11180
13368
3714
8078
9052
17419
10259
7740
6129
7496
5895
5245
10668
8342
4444
6926
16229
8700
6423
4885
8522
10771
5317
4568
7328
8610
5105
7785
7807
10610
5467
5936
4178
5291
13223
10126
8248
7558
9450
15369
4731
4922
3933
4762
11335
4047
6505
8151
6413
9207
4170
13331
9784
7330
8109
24134
14204
8525
5484
8575
8262
7744
18010
7064
6858
5325
6056
6800
4693
7259
4450
20258
6048
10934
19207
13609
5428
3515
10448
5284
5999
8077
18305
12315
6277
6904
5022
14226
16388
7037
7054
4776
13122
6895
12198
5635
9199
11726
10371
14286
7944
5682
19008
14852
9857
8500
4395
10958
11614
5086
5367
4477
6583
7149
8166
8614
7836
6367
7682
6558
8200
9066
4671
3252
6737
8550
21677
9145
17991
5011
5283
4891
7479
14788
6704
10617
17813
8074
4595
5924
6436
7838
8780
7625
9412
5541
5875
7846
16336
5797
5263
8034
9009
8523
16578
5920
14543
8440
12012
21966
4979
3772
4785
11286
7709
13706
11314
5894
7461
15043
8401
10597
8468
4351
3386
7458
4961
20292
7869
5663
11308
5463
11019
3960
16409
9675
6374
8670
15323
5675
7106
7103
4515
7577
6703
6238
10546
5091
7770
4984
7768
16565
6140
3771
5807
11273
8747
6472
7550
8572
15328
23640
11190
10634
7236
11290
10343
5956
6822
11313
12074
6032
5258
5857
5468
8401
7430
5884
6941
16746
11288
9177
7718
5572
16669
12208
12174
11810
9273
21173
7597
4468
7626
6864
5360
8330
7937
4966
5501
5042
16910
10578
11436
7636
6472
10935
8236
5304
5614
8184
9600
6964
9098
5870
7397
10773
8656
14317
2648
8063
7940
4567
5544
4191
5635
18549
6704
19693
5284
16032
10352
8898
9217
6855
5259
4743
8999
3940
15208
13824
8022
6761
15121
5270
7649
6240
12359
6429
7246
9493
8058
4233
5959
5934
9519
8282
7710
8783
13827
6574
5016
10615
8939
11195
6933
14625
16585
6030
9175
6981
15132
6637
5665
6958
8946
7215
4991
7956
4361
7418
5950
7085
7621
5689
4477
12598
6072
6056
17646
7612
6183
2732
4402
10378
7068
5721
6896
8296
6403
17851
13281
7487
10487
4889
7401
4686
4755
10686
25755
6408
11002
14995
5985
13521
7762
14286
6771
8621
10320
5978
18097
5849
4436
7395
6086
7963
5391
5996
5765
6660
9578
8188
8397
7265
6897
4070
7488
8091
6222
5250
6692
10541
9773
7992
13993
5187
10241
6914
12817
4878
8131
5547
3845
6565
3300
7022
7045
5982
7917
10383
6438
8577
15299
9840
7377
16407
8087
9042
4892
7285
5831
16925
8566
7359
7459
9051
13106
5275
3575
13087
7113
9678
6731
12001
6392
4992
15741
7026
8436
4949
8303
5353
16416
8934
5562
5693
3930
9045
9008
11058
7264
7537
7340
7992
6052
5274
4871
6766
4972
8520
7519
6581
9411
7256
3958
4170
5599
11821
12438
5476
10632
6459
6102
10279
9296
8543
6615
9810
11428
5433
5513
4377
13643
5115
12138
8767
5883
7637
8618
8060
10940
6023
15504
5243
7658
8934
6160
6908
6647
12896
7137
3053
12178
10143
7661
9672
6222
5577
7586
7465
7535
24417
6424
9919
4618
5058
6115
6623
10436
8069
13948
14892
6695
8821
8298
6519
14720
5714
7785
7026
9194
12750
5721
19672
7923
9758
12344
8774
6076
16436
14011
7015
10140
12223
6106
8824
8220
8815
5682
7306
9573
4122
6762
4644
20254
4980
14362
12197
14632
7565
9629
10893
6263
7603
6959
11964
7915
6601
4940
5919
4986
16723
6140
6721
6234
7494
7662
5824
4565
6019
5612
18848
9251
11023
9452
10545
5109
4133
12729
10451
13705
7937
5994
9824
10760
6992
8994
8622
4788
11867
10089
13168
9169
6098
9372
6295
5214
7391
8862
6227
4194
19117
7953
11027
3819
22705
5036
6355
9906
7605
5212
4288
24202
17142
23604
8418
6250
6087
7667
3203
6607
5392
7479
11048
10450
5300
11670
5802
5323
18392
7357
10211
10519
15050
12404
4045
4622
8794
4174
9058
6431
12968
5562
6637
8960
4162
6159
7383
6813
11007
9832
6926
12908
4444
5120
7643
7154
15509
8533
12091
5653
3895
7423
7032
5016
6899
5187
8986
9202
8239
8101
5336
5960
9785
4515
5805
6806
9131
10106
7939
10206
6877
6600
6580
12506
5234
4868
6999
3678
3764
9223
9588
15214
10072
12401
6030
12966
8582
3489
20573
7900
4686
15020
12437
15024
6768
6043
6304
5969
16816
9203
5548
7969
6477
15510
12414
12983
8473
6528
6874
4919
10922
7668
6935
3585
7234
2840
5226
18116
8528
7866
4494
7476
7926
9100
8315
12910
5184
15341
9702
7592
6120
6272
17044
7031
11401
8637
15994
14442
5822
19588
8217
6754
3964
8263
22547
4813
7501
14864
9826
7992
11942
6527
6221
7875
12173
6225
6765
4860
2612
6989
6886
7844
5719
6408
26296
6462
13849
8032
4179
14682
8878
5972
5606
11894
7410
6087
7440
8004
7515
2781
14067
10017
8560
4904
12853
4962
11371
5504
15711
15767
5738
6315
6521
4994
5852
6199
8319
7444
13076
8114
7905
23054
5899
7775
11729
7240
5728
11857
9129
4856
7256
9279
9640
11222
8372
10515
8547
5331
8776
15060
8277
14211
5875
4878
14721
6941
5970
22572
4869
19794
5681
7079
9762
7642
4779
8675
12422
6706
4862
4282
5998
4802
12743
7655
8685
4999
6121
6575
13851
9769
6405
8139
4673
10907
6554
6374
9475
10943
8303
7512
6735
21305
5977
10240
6389
10425
7057
7606
10206
15085
9970
11403
6860
12205
10727
4200
6026
8691
7217
17505
4917
9801
6312
6893
4318
5180
6997
9621
7036
8973
12102
4759
11246
12766
7740
3883
2600
12906
7887
7759
8307
6238
7876
4791
4769
6243
9808
5280
4951
5944
13294
7057
6959
7743
5040
9196
4884
10120
7399
7292
4915
9693
8280
4903
8384
5816
7888
11625
4008
9555
10943
7706
5971
6776
9738
7824
6557
4570
9788
7608
9126
6613
9070
8243
10919
6118
8774
3640
11881
6151
7340
9496
7456
9398
31164
4539
5352
14083
17972
5404
5792
8629
6665
5850
6493
10574
12034
3372
7742
9875
7413
9197
9803
17344
10677
11092
5945
8383
9279
5985
7890
4070
8826
6155
12670
17802
17003
7092
6147
8060
27068
6048
4966
12921
10792
4082
4566
8734
12161
6844
9185
7516
11146
2930
7155
5681
12004
7291
12991
5612
7547
6775
6844
9484
6498
9275
6147
16991
5503
14987
5989
11945
7579
5672
5341
11659
10831
8959
9502
12767
8983
7093
6871
15392
6136
5426
7099
6752
9821
5494
23682
6568
6591
7593
8387
7653
7169
7137
18566
7822
11760
4705
6153
8757
18101
5098
6088
3392
12016
16658
6204
6031
4284
7302
5427
7351
6888
7601
12142
5375
10985
7296
5792
25350
7091
10493
9936
20808
6133
5746
6581
5499
8418
8905
10777
12822
3757
6082
4909
7469
7444
7614
28475
7116
4409
9645
7351
8206
8167
6170
9053
8283
10446
3289
5319
13947
8357
7221
7972
7666
8545
5263
5663
10485
5803
5950
8581
11227
6134
8467
21731
4833
11203
6008
5008
21832
3216
8429
6563
9626
4665
12277
6972
7143
7506
5126
7782
8282
10597
6815
8598
7919
7585
20868
9953
5680
5906
5793
6549
14465
5655
5898
8868
9301
6061
8674
9360
7795
4076
6585
6472
5925
7227
7573
10027
2759
4051
3828
6597
7444
5961
7378
8733
4741
31749
6933
8319
8580
7449
11638
6647
3924
6464
7947
4969
8100
15119
4591
6909
6016
3240
5794
11184
6813
5835
7951
6701
6318
5541
8157
8207
4894
6500
4914
8639
7887
25708
5698
10302
15713
8739
6727
9759
7716
8623
4525
4567
6915
9643
6909
6511
8383
8499
4459
15001
23960
9309
6969
9184
6943
7512
6323
6821
5551
15462
7862
17081
8539
7020
3666
10483
11126
4513
5875
12928
10284
7326
10953
9685
8257
11524
6360
5267
3869
5534
7619
8299
9573
23994
4556
8909
9524
9620
7402
7602
5591
11713
7276
7377
6938
35938
20992
7160
5954
18432
5748
5441
7342
6660
6300
8702
3942
7061
6791
11619
15049
5845
9786
11853
9378
5087
4626
12637
7652
4587
5295
8442
6691
9779
17420
15709
12679
7945
6942
4124
5602
6881
8329
13766
4783
6354
12322
16362
5045
8901
6559
6015
7478
4764
4616
13602
4204
6837
8085
13176
19012
6621
3827
7039
4559
8656
18462
4970
9336
16406
7422
8814
7507
4271
8088
7943
6531
9942
4916
10957
6718
6677
8355
11647
4157
7798
15152
5434
7819
10035
9657
8707
10073
9103
5946
7635
6858
6436
6200
8626
14049
7623
10521
6528
6890
4408
20837
5992
3455
7696
10672
10696
12846
8692
5684
7670
5696
7934
8772
15725
6592
10484
3071
9416
6935
13651
11332
8491
7139
8376
5745
14726
18893
9781
4464
14942
7112
21116
7576
6848
7767
11636
17327
12734
4728
7421
9498
6280
8118
3937
4709
9754
5912
6568
8525
8016
6581
7645
19263
12296
3977
6511
6256
5081
4988
5496
7338
20524
16072
8727
6763
7653
8526
5863
7213
7678
11854
13405
4746
5513
11685
5214
7019
10488
6812
9170
7370
5443
8549
5344
5349
8522
9613
10627
9546
15835
6641
4573
19176
6724
8250
9746
8692
15798
5495
10263
7019
11199
5884
5604
9046
6109
8720
9983
10081
6232
7265
8052
7603
16807
11523
10506
8060
6677
5377
4896
6721
7730
9852
28666
13711
10833
11147
4715
13830
9180
6619
5983
5329
5903
10562
9873
6488
16480
6119
5251
7259
10484
11892
6364
9235
4171
4851
5310
10020
6818
20488
8195
14885
7619
7442
9555
9635
6273
9354
8020
12725
8256
7753
6590
9480
20777
17353
7205
8181
8509
8147
10768
8590
5886
5895
6106
8218
8407
4950
5610
5710
4881
3872
4890
23470
6496
6986
8416
40992
10509
10324
4849
7080
6258
17814
4519
15969
13444
13154
4089
4231
4657
5366
9511
5628
6178
6372
6092
11630
8086
6016
9426
5693
8483
6199
4689
5113
6711
13614
10349
5902
10560
8613
17924
10617
5215
5589
6605
5966
5885
12973
6974
11419
6323
7480
5998
8018
7437
4724
5843
9500
10990
11219
10572
14570
7127
9818
5768
12723
13999
6884
11421
29314
10252
6791
6307
4856
5414
4854
9646
6189
14601
6413
10469
5552
11130
25993
4503
13262
9501
4175
9259
8149
11272
7363
9413
4810
9754
5300
5182
6535
7097
3810
7791
5036
8185
6145
4788
3707
11309
8163
6470
9037
10567
5330
8507
6908
10134
12569
5210
8691
11385
16850
5373
12410
12365
5130
11374
6844
9944
6059
5438
6792
5742
19401
4980
3493
17554
7903
4418
7024
6037
7321
6744
17061
5768
9718
9593
5135
5517
7294
7325
7048
8288
9674
4449
15920
6884
8796
7580
7889
7590
5145
6305
7056
16349
9110
4234
6552
12398
7555
10369
14206
6101
9461
4576
9072
6451
7454
15496
12628
9027
16276
8396
6041
6599
5502
5288
10774
6624
12267
7735
7537
6286
12161
11091
13120
3313
5341
5872
5677
9620
5690
4457
9509
8737
9397
9741
8691
16989
4922
8947
14403
6759
6078
14860
3463
7498
11106
6533
8745
10491
7237
6630
4978
8640
5629
6922
9615
5088
8703
6917
10543
5743
7970
4261
6698
13511
7615
9825
7472
5587
8980
6790
6573
14534
6338
3719
4988
6674
4835
6641
8161
6600
9814
5920
4862
2587
4012
12521
11591
6873
6424
4782
11472
7713
5707
12814
8130
6902
5982
6248
13003
17557
16155
4768
9040
14418
9307
9282
6503
9989
7357
7299
7400
15621
13975
7445
9739
14870
5790
6045
8304
8909
4510
11698
10962
6323
8407
11479
4319
6201
9724
5921
4403
5382
10360
3399
18391
7131
8854
7078
8341
5682
5780
8393
7386
11651
17577
8572
10265
12617
6603
5773
6637
4601
6680
12472
12456
10964
12692
8060
5861
5540
11682
6907
6310
10373
5823
6533
6024
9149
12839
11006
5732
10579
6523
7536
5431
6655
8054
12675
5466
8035
4404
8522
9193
9547
8349
6292
5594
4067
14030
6286
7284
7333
3842
5774
4768
8663
7956
5727
8826
4632
5841
8293
10286
6466
14788
9062
9901
5712
3729
7031
6635
5553
16483
6578
12927
4972
8243
11217
9150
5621
9566
4825
5857
7374
7285
13598
4967
14867
7187
8784
9012
7482
7814
7160
7908
3988
5591
7930
7795
21585
12231
3754
6842
7077
8280
6859
5828
7481
5908
10790
8037
8934
5694
5134
5944
4689
14041
15902
9527
6257
9049
4222
10522
6805
4955
11397
4994
7492
12643
7737
6664
8080
6121
7877
4050
11615
9103
8177
15139
6821
12085
6631
14458
3195
9210
15581
3835
7404
13350
7895
4097
6408
9225
4369
15192
7888
6092
6044
23888
10759
14186
8469
3836
5301
9031
4864
9829
9372
6171
15812
9675
5463
7025
7877
6531
12262
6184
8198
6070
7130
11884
11029
12317
5248
10848
8065
4994
10017
4948
15655
5275
9822
7781
11672
5202
7815
6139
5550
7760
7527
6078
5569
6719
5937
15649
9241
10359
7451
13511
26638
6572
4115
7510
11258
6779
8402
5380
7102
4875
6713
8601
4561
11463
10677
8250
9202
11476
24046
5499
7400
13766
6623
6017
6879
8588
8313
11259
4136
5480
7091
12611
6409
13421
5808
14803
8711
6649
6567
12549
9549
7180
11580
14067
5864
6976
17960
11433
4967
9720
8193
7786
9151
9496
21728
4452
6635
7127
8413
17805
6939
17846
6899
6419
5487
8570
8578
8725
9382
6573
9121
5485
6324
6529
6879
6809
7237
8705
21397
7651
4956
4247
8833
9736
6237
8328
7544
18117
6125
6688
5386
7487
6751
7937
9054
7924
5914
12433
4687
6971
3960
7176
10634
12879
6124
6243
5153
5216
9180
7241
14119
6237
8071
6649
11755
10798
3795
10429
7835
7594
20071
12470
5528
8258
8975
7258
7973
5494
12772
7202
21209
8880
4754
6089
8216
8334
4610
12182
12785
9854
10579
3431
6936
6031
14383
4645
5939
6537
6950
15942
7666
10821
6259
7372
5464
4759
27524
6984
3594
16329
7097
9895
14890
4835
6043
9186
5852
8996
6575
7252
7301
7441
5604
13068
9551
9304
8212
5634
5906
8896
5807
6725
6582
5969
7828
4808
5144
5717
7793
13660
11283
4301
11536
17957
3341
6143
7925
9201
17262
13225
7532
6754
11452
8256
3103
11609
4818
16218
4777
15090
9153
6136
6221
11972
7206
6633
7064
5100
5465
10176
10630
6289
12121
13356
7199
7600
6431
17718
5140
14309
4574
9795
11253
5784
5639
7229
8489
14558
10553
4115
5311
25679
5061
22793
8600
11086
14301
5695
3973
6769
3093
22841
7951
11073
4358
4448
5628
9717
8692
8481
9524
8640
7711
6203
17497
6650
5996
8128
9310
7242
6091
8172
4959
16581
14920
7847
6031
3665
5964
4054
11591
7173
8830
7121
15834
6256
3664
10922
10332
5824
25339
8238
4675
8122
6348
6160
7901
9694
13169
10720
18178
10175
11611
7297
7271
12081
11241
12782
6840
5670
19997
7967
15878
6115
6727
13867
7335
4899
13670
14126
18750
8581
4950
11945
7362
4631
9114
5275
5945
11382
8391
3725
7474
13952
7615
6919
16189
6606
7352
5945
15004
7942
6376
6135
7141
11496
12356
17739
15733
13882
6502
14853
9139
4687
7998
16294
3694
8996
5604
5655
3923
8387
6870
30402
3957
12117
5319
7345
7889
6310
6331
9036
8705
4895
6661
7159
8626
7366
6238
14033
4154
9506
4850
9146
6236
8403
8590
21060
15986
5429
13387
7845
12441
5970
8493
5850
5963
17356
9107
4216
9360
4824
5405
8543
7179
6614
8294
5658
6625
6062
6879
9211
10439
13880
13357
5454
4401
8912
16811
5490
10192
4329
5614
7863
8724
6910
6465
7817
12724
14648
9404
9768
4108
8478
12247
20801
6552
8276
4977
7107
6654
8249
8008
6243
4715
7959
10888
11510
4828
15770
16226
13009
5739
8769
8150
4153
6399
7063
3130
10993
10929
6380
6100
11069
5800
19303
17152
13231
7219
6898
12535
6411
9588
9546
3324
5426
10232
9281
7553
7533
8133
8824
9352
7040
3816
8331
5673
7316
11160
6189
10692
8071
9191
7430
4954
5384
18854
7988
10843
7620
6608
9454
12425
6609
6893
4773
10896
4407
5030
6442
28717
7107
9054
5487
8829
6736
6923
5276
4568
8534
7778
9551
7700
6603
6764
7270
4685
6014
6267
5234
5637
15780
9240
9738
8387
5716
17305
10507
12166
6678
16319
13053
8390
10173
7775
4661
15166
8886
4610
13890
4126
4565
10067
8080
4008
12956
8671
8977
5258
3894
22455
15920
6601
10726
5949
5846
10031
8286
7218
30701
5186
9217
13067
7034
4479
12841
5899
12947
7414
6459
10169
8090
5337
11639
9354
3573
6775
8374
5202
7111
9419
9809
12010
7143
11930
5470
8700
5376
4417
8781
3750
4823
11118
7731
9987
5527
21376
11354
13333
7952
5932
7312
7097
10451
10401
10346
4041
5568
8299
7625
6041
5361
15063
11983
8433
12184
8128
8805
5292
8456
4416
10855
7243
6462
9568
14342
9371
8322
12445
5173
10400
8466
9156
6597
5922
13347
8554
5557
11078
6097
5163
9640
10752
10431
7544
5969
15979
8116
4002
5940
10657
4482
5720
8049
5486
5925
9410
7649
5021
10978
8426
20579
8331
4388
7907
5162
5229
7680
7193
6318
6353
8798
5525
7859
8064
4700
10819
5667
7747
7920
13039
6871
4206
4092
9938
8150
5230
10768
5890
8250
8196
11774
8281
16678
9293
5426
16349
5391
10008
7614
5608
8917
15824
4541
6413
5427
9720
3609
4908
4716
33094
15284
9541
7121
6801
6519
3793
14224
7274
11075
5725
7968
12350
8788
7913
10963
7815
4884
6416
6351
6564
10862
6634
5968
21601
13086
4682
8455
6707
12153
7388
8744
5700
6817
9242
7936
8019
12384
5212
7103
6623
9445
11752
14277
6808
12607
12846
5616
10644
13639
4688
4275
14861
12748
7748
14924
8388
5989
7937
9886
7141
3675
4562
7706
5693
9959
12540
10725
8996
15169
6181
2517
6157
4748
10432
4085
5574
10557
20350
9447
6320
7546
8174
7585
9540
13669
4836
5927
9269
9813
5530
6517
5255
10595
6199
6026
13541
10538
10765
4465
6982
4201
6170
6583
14183
7714
5774
12710
8825
7214
5828
8254
5543
8262
6322
5783
6511
9720
6175
5597
7240
11217
4478
5304
6938
8198
8031
7984
3699
8729
9444
5030
7179
7940
5803
6984
7157
7348
7750
12229
5560
5066
7421
9318
13418
14376
6371
7715
7113
8063
8339
10066
12243
6238
9590
11231
17392
36383
20044
18131
5096
4735
9355
13026
9101
9579
8851
9548
6232
5496
5634
12666
12603
9111
8084
4439
8975
14795
9419
8738
3027
7807
5552
13558
7010
4850
9728
11690
12667
4008
9208
11453
7979
7741
6643
8322
12848
11406
13317
12131
5777
5614
10589
8225
3719
12316
15508
8665
17947
6030
30648
6677
6912
6521
15877
11144
8541
8884
9207
8016
6214
15555
9172
6834
2771
7121
5781
4550
25532
6253
5871
6700
5097
11101
18654
5158
7961
4569
21151
10091
6630
9473
9534
5168
10041
12547
8561
14345
10681
8361
6925
4372
9912
5567
9272
16746
10614
5119
8105
5509
10962
5369
5513
7247
14154
4917
7988
9048
8631
7129
4228
4566
4947
9605
5812
5313
12157
13742
4943
5810
7937
11611
6407
3322
3617
9097
3546
15249
7121
5427
5504
6400
4173
4951
7937
7314
10198
7672
7161
4329
3778
9027
15550
5938
6913
9804
11393
6967
5149
6133
5484
10036
5837
8874
4530
3670
8814
6462
14441
6321
8328
13033
5415
7226
6325
8657
4620
7724
10044
7495
8182
15309
5182
6582
6945
4642
7073
22270
10346
7886
6124
10696
12420
5899
6511
15195
5419
9646
8507
9400
7238
8353
15448
2713
9331
7484
5386
8371
7748
5988
3721
8795
13732
6414
13666
15897
13368
5965
9889
8202
7402
9758
12881
7179
19291
7341
5847
9170
6187
6853
22324
6795
7596
18773
5567
9361
5929
5175
3226
7218
10886
5021
5806
6713
5354
10479
4341
9315
5559
6097
9539
6364
2980
5160
10697
7372
7606
8841
6589
9120
7549
9043
10779
5634
6585
8062
6557
15385
11697
8677
16843
6847
11145
18725
7620
5132
14508
5954
5802
5354
8791
8687
15824
14816
4936
9161
7376
5863
14744
4454
4797
13068
9332
5847
7763
4540
6936
4591
10196
6370
3993
7244
11257
7227
5895
6074
12988
6827
6152
21344
16276
8027
7416
6383
8226
8412
9162
4456
6533
14181
4908
6269
6967
6015
4031
5757
6470
5488
4647
6134
9350
5166
9147
4678
6518
8653
8491
8427
13329
7267
14609
20386
6919
5281
8038
12407
8082
5916
7417
15167
5871
9500
5811
9256
6009
25946
10733
6995
5247
8198
10476
7390
6525
12874
6859
12390
5694
14654
16170
4226
8521
8368
16677
7471
7996
12722
4211
18128
8724
8471
7298
7670
7321
7462
10221
4177
7277
13566
8162
9224
7269
4693
13178
6164
7893
4713
11255
11386
7666
7004
12983
11912
5836
11953
3424
7788
3987
5028
4569
21114
7261
3901
22346
10081
6471
9132
3659
10327
5919
5024
7228
7957
4799
9543
7046
11253
5832
7284
8334
15964
7553
25388
5129
4207
3292
5372
10256
9904
6434
12469
3976
10705
15738
9733
5398
15051
6114
8722
32199
4905
8025
5557
5713
26761
11553
4167
5768
6359
10212
4798
7514
7213
11475
5993
5448
8043
7412
7127
7681
19919
3646
4562
8111
10033
4974
11811
5183
7402
5729
6965
7440
9242
15481
8067
9625
6057
10429
4799
8171
14907
4656
18704
7281
3146
7208
9673
7180
9031
12007
16312
16027
11091
5091
11128
13813
4920
5351
5943
11514
4548
7675
11306
7171
9630
17236
13284
9235
3196
7213
7847
5056
8321
7610
