1736
10706
14881
6938
65409
213968
13680
8831
54533
12445
5850
10864
11725
7876
8177
8194
5665
81865
9371
33467
81183
12974
167165
7807
3606
7340
3061
6624
8739
40114
2590
5702
39556
104343
18668
6006
39741
78330
73044
8087
9473
5640
9570
1845
102208
5903
9592
9198
6340
5424
5831
82437
6149
33471
5880
4979
6465
8467
83000
9285
6513
8205
2596
4839
6454
5226
40935
7670
2060
5423
179631
30775
213288
42925
2634
2339
8211
7277
8950
6631
9286
10345
17503
6949
25517
5088
14511
10856
42932
10946
2418
9458
9081
133159
38884
23782
7727
6989
9509
53467
4943
8828
129745
13211
12555
30783
93777
11560
52034
157765
8610
91947
10312
4851
6132
1779
7036
6007
7492
10744
6752
5073
10021
47839
5224
10559
35304
114295
10126
6404
2603
14173
46245
5534
8745
36006
12868
6350
321177
53654
6099
12613
4502
59637
5108
126852
4414
7903
27289
11092
12718
2929
44280
5545
4510
13229
8946
8342
6027
5120
1826
49852
10617
2256
91412
5573
3102
1511
7495
6603
57663
10304
8781
9985
12272
6393
7644
43538
104487
9931
1317
109589
69399
92758
2644
3626
4163
12520
12864
4884
113523
5951
5168
52650
4474
2205
5210
53327
9863
5256
6648
2404
6353
72453
29107
3472
80996
2337
4789
4285
87357
17067
7237
6221
5874
4682
11247
10489
7549
6801
8485
25658
5156
10531
12303
264324
10164
6986
8741
37156
2992
91062
7320
54991
16022
2226
170038
34948
16397
9330
101553
7850
10133
12018
87101
6316
7469
7296
75832
29454
7625
9057
11589
32171
4858
3640
58785
12356
6045
6957
160227
11392
4605
4838
91998
5793
8076
9566
214383
71227
4899
31731
50351
4624
8392
6986
8927
2627
8843
9403
13099
15965
29851
8170
1860
7016
3697
6100
11754
7335
14416
4376
3972
72327
9694
5919
8554
6332
6294
6608
2376
7095
5328
3249
42649
1849
31064
3525
3891
41113
11677
4018
2940
7872
1739
8322
26003
6724
6206
4345
6910
3439
4777
11413
8423
15122
1954
6246
6039
8352
6979
11870
6663
14884
8259
7899
3571
3372
5462
10726
65840
119222
5452
130791
67728
6433
3020
34713
5620
3626
7369
7470
8167
59293
6868
6665
6768
264608
238692
3155
144092
8069
6995
12977
52527
6123
3460
64833
17960
7911
5366
8004
9846
83029
145141
7060
10440
2705
3414
4137
6061
5597
4573
23318
11694
6290
44520
8868
3297
11606
4239
5890
48713
2164
1918
10288
5729
64948
9385
9954
12496
5084
2491
5702
71643
159181
11678
6762
6113
65438
4391
36073
8307
6121
5350
6654
4346
6957
10296
6947
5296
15039
5611
8403
10130
5997
10129
32319
5012
7404
4473
63891
43176
4723
11671
7015
6856
7383
9594
5838
6613
3168
5771
40132
65332
82105
25117
9959
13358
4570
155554
9571
1928
11641
11528
60043
6766
10921
6513
11926
91255
6676
2933
198287
10712
4112
4844
133613
3886
10425
47490
6488
8106
1900
6362
13877
8862
4535
88284
93441
11353
7425
9263
124672
5510
8830
10816
2863
5193
11021
4225
7999
10017
5068
2398
46454
5039
4862
6002
15471
6453
2902
175920
10805
4946
132350
59405
4771
6149
9480
9495
5059
6598
4168
4100
16682
7862
4173
42972
7083
6929
12787
12398
29879
7712
117180
100192
4810
10997
6036
2154
7956
144577
23682
212070
2762
5483
15213
153890
111262
7048
131852
65476
3667
15642
4988
10269
124129
8103
36673
2092
5197
3512
7691
12292
44429
6475
10760
4862
42732
84896
5022
80825
89748
8223
3486
37256
4362
1854
46983
9409
63625
7645
6160
2745
120503
43580
119519
3375
4232
80552
5555
10390
12717
8740
2297
7813
10832
59451
3680
7969
10423
43175
6216
5802
5774
6987
7698
12492
259624
10800
4776
7491
3222
6956
48158
2408
2206
6284
3656
6048
7008
14996
225195
7638
74579
8595
1969
9191
44439
3462
22141
7258
6976
9211
6175
5749
6959
5391
6938
8491
1828
8118
4503
33059
8805
4604
15679
6795
2867
2201
8300
9402
3121
7613
5083
106667
122181
72666
12018
12184
3198
99950
72176
3558
3457
46086
7910
11382
9469
5415
45317
42007
7710
112625
5640
3000
4629
22710
5139
4081
40724
55119
88077
5293
11432
2501
9400
11191
7218
5413
1515
7457
22666
18471
4819
3551
6098
8285
4353
5529
30793
91021
3109
15025
10663
8378
9677
5024
100836
8652
7168
8220
5123
9571
138858
52402
142823
8924
4075
66492
2274
11875
39147
6946
16200
2293
129175
66717
112781
5422
3449
63512
2698
5462
2932
6346
4244
116422
40732
9832
3540
5485
173469
26442
35421
8966
10877
6199
7824
8492
6368
10587
96083
6795
66915
10927
3473
10250
8098
3762
7695
10163
10404
11982
3643
13514
126735
40777
39790
61562
5889
6314
8393
6957
7594
8316
5479
5752
6031
2006
74444
20697
2954
123081
7260
91453
9073
7544
9884
11355
7293
3092
26117
5538
63130
46903
5612
22715
46613
51909
5681
33320
5678
8094
57780
186174
4949
9372
7734
160595
75212
9046
9339
6922
4909
17541
8650
6139
3501
3862
2816
5017
7570
150852
5114
93778
8718
5187
34579
2896
106049
3114
8357
134343
3319
9103
120191
27844
142438
11611
6942
8780
4466
9852
4678
6971
8484
5033
7606
36663
5594
10098
11465
110597
19916
19278
8809
4468
6543
8826
11058
9916
135594
8365
7554
5187
13813
17572
6377
3324
4661
9840
7480
100473
2803
15231
4780
5775
5315
5565
4030
45821
5420
4479
7928
87268
274707
4435
9907
55972
9312
82937
6449
4255
14705
10686
5311
49313
7933
7214
20561
4611
5523
6742
4709
10372
7798
13449
5890
4260
8566
11505
16547
4573
42300
3154
8656
10254
5494
10817
9445
9503
8643
232233
6104
3292
45821
3633
96318
7324
27875
9200
4802
8237
116698
85412
37156
7647
4193
3006
6285
3597
3998
7198
11081
3806
8745
3791
9416
10060
22407
6067
7521
29921
4108
64515
9482
21952
7037
92777
4935
30637
3822
88402
91079
20205
9297
10560
11566
10426
3253
2543
33609
130484
9286
5511
97681
4685
5381
5102
8885
11696
60979
48258
5401
5779
35219
8378
15196
6580
10115
56326
6078
60018
108107
7992
9193
3146
119539
27026
4431
8308
75509
43015
4195
82313
12119
6360
6073
45725
38131
4978
10302
8522
13833
5814
42835
7793
38935
86953
5117
115191
69109
87677
10096
87707
8993
122265
97784
12429
6020
7377
5015
4048
7887
5355
5916
8019
7877
5542
8537
8901
9364
8785
10934
5215
5756
9608
6359
6255
43184
102607
2949
9224
5477
58294
8163
3894
8536
273392
32427
69547
8715
4491
8106
8387
87141
30030
33252
1987
46325
17967
8742
11172
18862
6406
64660
23138
8700
9339
69502
8369
52446
5208
58852
3647
7384
8205
7578
89186
9947
80431
5784
8834
3541
2572
88614
11841
95637
4848
26839
4436
5321
37451
5114
6432
12274
8445
7156
5810
5961
7260
51105
4259
83485
6738
4776
7157
11780
211073
8677
6160
2610
3605
175138
8438
4716
10039
6928
27998
139221
7120
20038
3236
7332
9419
8606
6226
12260
86929
8573
11684
9465
8257
10080
12166
64248
9892
8990
7721
9957
251895
8370
7222
7664
5073
9107
70440
5467
59736
9690
5036
9122
6571
14911
3514
77054
87122
6711
7812
7134
117476
3828
8750
29630
11224
9860
5837
37124
3684
35490
8762
7289
10439
10558
6691
9599
16655
7000
79013
6530
9732
8606
41670
6652
10806
57927
83179
6149
9468
8750
6462
86233
9492
6898
2214
6877
9018
2924
5826
11830
25786
11686
5988
177877
10354
9319
5777
6851
5731
8847
6363
8850
49267
40978
8803
5086
116976
5995
198543
46942
7443
20260
6422
5985
9371
290424
4447
6284
4136
10193
10264
44027
11592
21024
34798
9859
6842
124845
87743
33660
7158
8360
2156
7026
177074
8102
7561
324005
7179
7586
5030
5893
9196
4836
31869
6232
8955
65687
30553
6314
5743
122456
9282
4771
11211
4192
4759
10889
11771
5695
9286
9435
16364
43631
3090
2511
43270
2662
5646
3687
5832
5529
11070
78348
8900
6862
7787
5534
70318
8055
12771
117458
6224
2901
59151
20924
8176
7278
5683
12482
7353
8477
6613
6801
8487
3272
8870
7660
9489
3843
5296
5297
42467
85055
7222
7741
4623
27780
6327
7548
9590
139426
74919
7201
146045
11236
27794
6175
6134
6997
8521
10286
8092
78853
2560
12398
5709
8974
4190
131478
11742
7893
3129
88954
2863
79912
117588
91279
6849
9524
9022
3717
6812
5545
3114
10727
9451
152563
7856
22810
4231
8430
9469
3317
10080
9081
12431
13542
53309
8580
3506
28217
9377
7901
164665
22804
8056
8478
5464
10393
7635
7283
3469
51944
12717
3767
5832
5187
4909
66417
9884
4640
6042
115186
12332
30116
4203
78186
69972
6856
62393
15507
4972
114505
8273
75110
8789
4346
55494
4679
10518
5543
11886
10458
7313
5719
138550
3580
5351
7781
10286
181157
4019
32203
2595
6651
10458
134667
10980
9508
4865
5432
38227
2814
43116
11071
10469
3303
7898
8053
7858
99552
131301
10140
2486
4329
8216
10111
7702
7250
4206
7228
4992
3845
4920
4837
5852
7413
5483
28013
7133
11978
6689
6009
178795
71535
120729
10608
90799
3430
187794
8685
6678
17749
11265
11503
35190
5799
3591
6347
21556
2295
7789
49079
5880
23224
6548
6970
6877
8735
5700
6987
8528
8613
7797
80888
8449
7433
243303
19483
52283
8548
8733
4009
10592
2796
1696
7334
10185
1700
5076
6427
6961
14670
11428
5715
4879
36591
3938
42789
72209
47471
89494
10433
14258
12089
6875
6576
26249
11052
3941
11465
7157
9659
18935
46830
6024
3396
5021
8603
9236
8396
7325
6851
52988
111460
4273
43279
7031
118235
4039
5606
47884
2004
8114
6218
84660
6723
117093
207757
28995
1811
14119
6365
6315
111368
5487
78077
4281
206872
9101
4414
12656
2535
3330
5467
44253
85587
214139
6963
2897
7139
6074
71019
338199
277773
8258
1699
6384
6885
8718
12656
53743
8646
118909
78378
7501
61073
7969
3477
38724
8602
7173
3969
5467
7530
8500
8580
6658
55161
13490
10309
323422
6254
4779
12676
53412
10241
8918
3916
6861
69414
81893
9416
7345
3680
14827
7726
11851
5292
4010
31428
8582
68319
12296
18288
73054
3643
9818
52903
213050
4708
2400
9459
3363
8572
10168
112192
54278
6167
7595
27674
6276
1750
7172
98912
5095
13702
42010
10140
8791
6560
2974
5692
10624
98995
11411
19300
2275
4140
73652
27290
58297
8535
3746
72044
3306
5455
11079
15087
7353
11179
3467
6324
5547
6359
8524
22978
40187
78210
10485
8220
5825
3612
4776
10776
7104
5393
4467
8395
7261
10569
21016
5124
7006
6826
8546
11039
2880
6238
8319
8097
3822
5990
7294
6012
4923
2756
5105
10045
8267
9656
58908
4283
80946
27652
16084
7377
6365
3548
5074
9110
5844
10580
38535
10959
7145
19751
10315
5111
8842
8851
269847
5194
4249
4129
3632
3549
8038
7978
144635
65677
6172
4515
8069
7984
102140
30666
10142
8386
11818
8924
57677
6055
5634
83079
24917
5980
7558
9810
10219
6443
6807
25042
6266
2291
8766
16563
14016
6957
72728
6948
87788
6474
6183
5527
19456
10549
101362
6112
73391
233243
10232
4263
4368
35985
5149
65729
4601
5705
79277
5000
5144
6370
6434
6064
66683
41519
159985
9940
20512
5307
127576
13278
77113
8308
3208
9444
104047
6312
6651
9656
11557
2118
5838
6439
8181
112362
5782
11441
7902
31906
9410
81310
3911
10668
8869
19195
6990
201356
5238
5804
7363
76112
3145
7426
6780
10712
4911
6506
31922
7112
7837
2542
6612
4472
44477
51270
118051
1805
10824
13322
4415
32084
2718
2278
8509
56552
6874
40233
175269
3831
7110
13903
5735
4198
8288
44068
7203
8429
112879
2851
7772
3723
9864
10234
7346
200327
147124
3235
12902
2789
9550
1577
2671
7906
11713
9487
6590
154774
36476
9639
16729
136875
7916
5549
123724
9154
9221
7639
1956
5282
9658
2660
10763
11292
7152
39701
17218
229147
8262
12743
5888
9503
2173
25262
4354
2926
6891
9277
7480
6949
2279
52345
5721
7668
26847
16445
36662
171109
9617
7477
6818
3864
137973
21563
90092
6699
8038
69030
93500
1894
64168
187658
4080
98779
9140
3513
3917
6695
1504
7740
10633
14507
2839
6443
3941
43222
3967
6840
4258
2899
9320
7610
54042
175194
