89406
29879
9998
65494
3320
8181
9974
3382
6625
157858
9521
7805
8448
13365
10438
9809
81991
8190
176721
36928
7814
8221
11995
8445
4925
9383
7000
9453
2783
6525
7961
38706
7354
8180
7914
9724
7152
7053
4962
6570
4925
135066
6776
9098
6654
88872
40734
73861
4980
6894
10130
6261
6062
63864
6830
4327
205771
16107
52039
5568
10550
6396
3030
37471
70539
7548
10157
12221
9564
41245
10193
6378
11627
57113
9673
5407
19634
11388
8254
8164
7495
6088
10220
4982
5574
414040
2356
4899
7635
116346
3769
2829
5236
172426
4682
7504
6105
265063
7124
37737
12159
3557
65728
6841
6134
14924
4752
8262
66022
105943
13023
10490
7962
134061
4216
35365
12490
5275
102048
1952
7513
6102
8212
6364
5824
9596
194763
7795
6645
7594
39984
6247
6983
9245
8397
3209
4410
8266
8885
6869
48687
10321
10794
8156
2501
9573
7887
4467
5081
118871
6112
86824
9647
12455
7100
4722
66182
8367
9679
141531
11701
115429
4981
8385
61629
190084
3605
7884
4748
12153
101938
5109
179936
14812
5670
6388
2402
9241
1715
9416
43224
4553
9951
6611
6215
51606
114541
10373
4841
9033
78003
13178
77452
44718
7972
6881
11085
7351
11483
21215
40046
6325
7093
111362
11534
115663
7167
163435
4929
301935
9375
9380
54409
9270
23801
7515
4588
51621
49122
11586
173799
34637
88274
3839
9186
7243
183753
12463
103464
7150
45770
9496
96931
93952
9689
66913
11121
7964
11667
9429
8742
8279
38885
18153
4080
7441
8525
8225
52781
7209
27523
16051
5226
8734
8736
42010
3627
7903
90953
85888
24434
24520
8874
6996
10499
9561
11801
108244
195509
5400
12014
13787
6792
5465
63619
12400
7026
3750
7170
7597
6246
2115
7450
6022
113338
10031
10024
156355
7979
32068
4235
8944
10312
9772
131531
9202
3685
5887
32627
8759
7187
9784
67439
76074
11786
8267
11990
9430
7358
7220
3810
10293
34931
6940
8198
228944
98832
3573
4215
5190
72484
6415
17879
4952
8311
9245
6810
11723
62680
10634
6831
8643
77602
8961
25376
11964
13393
8734
236769
9036
8175
8020
8509
32037
18596
4515
9620
2805
6745
6818
7153
69127
6274
8853
7068
10567
117524
5211
18274
7339
15892
22323
100032
7720
8895
325890
217036
7228
9441
9367
8738
9738
4694
7754
104151
3905
9910
5895
5506
257305
8521
39929
3094
11545
10483
7439
13660
8410
259700
28333
3351
8921
5447
14502
13714
83812
3364
7921
8407
7542
261376
9512
318933
8486
3953
7427
4003
7240
8201
11241
53207
5132
10918
10131
228869
4163
7913
3079
2279
41080
251567
9642
81157
7865
6350
10018
447534
8809
134232
161259
7927
7263
3821
11698
37589
65465
3989
11812
6723
3707
20990
76347
10017
7039
5464
8571
5679
11116
9965
7786
7008
37872
8836
211828
8123
230681
7744
7506
8509
56365
256615
168257
126502
2333
7766
10923
7808
5194
5748
2240
52253
39833
2830
9146
191997
10608
4006
40065
8576
10170
5278
7648
130786
22903
7861
5609
91878
122693
6536
10061
10823
188482
7957
4433
9828
108394
4932
11390
84172
19045
447724
40982
6066
3483
10369
7626
7145
11188
7041
3422
5292
9206
8873
243560
36041
7594
9479
5522
11816
8017
5395
6107
5368
127519
5736
5002
6669
55614
5797
2467
6931
41222
74756
7882
5144
9247
5384
9596
268775
8570
181656
5641
8770
8222
7073
13161
6231
100859
40312
42077
12295
5309
4603
51403
195676
5265
7855
143821
7001
3531
8825
5624
100102
28860
82732
12124
31372
200478
3264
7995
5275
4264
8451
9314
181735
9226
6562
5882
3093
4049
9154
37811
10401
6428
160193
7050
6307
8685
11143
17711
112397
8766
2889
6669
160512
10113
166134
70547
4109
7486
10192
9920
121299
7154
83328
89062
6025
39183
30799
41402
4132
71897
6989
80669
4246
8701
4373
9928
10875
9589
8990
6833
9017
66563
10383
10964
195243
4198
6793
12575
79447
102115
9715
8266
7011
5752
114891
143279
117117
12198
9379
6089
9370
31525
147292
4533
8402
12325
9059
7255
11186
6552
9118
7599
9864
4260
14111
60529
60286
7023
16385
6063
9494
9428
13361
3318
65155
6181
5452
5736
37606
5533
5152
6684
12039
6680
3987
289374
22100
9696
8100
9816
414534
52234
8027
11407
6799
8251
12118
8616
7406
37788
8632
14018
6457
8438
6348
45867
6345
2577
6901
136745
4776
11701
11914
14350
3662
5109
5844
9474
7661
184349
76582
40472
8083
6114
9889
202474
8461
8545
3978
11575
49690
5619
5604
10615
223021
101080
7545
51371
6137
199554
3163
11070
8722
11636
8980
5014
31965
7709
8532
5711
6425
22413
3465
138176
51340
5598
10141
3760
10363
25660
7748
37616
96745
4649
88434
151784
7534
7000
5195
445377
12921
7297
6937
9280
8319
171566
2253
6293
9179
7213
11771
3534
9580
6665
7100
4556
4664
61824
9682
2424
4821
75360
5380
23497
4841
6525
85800
66756
3440
3573
17450
6781
11023
33487
9764
6283
127335
6923
6586
4797
187603
4609
5657
160774
62547
23126
4551
5480
6751
28795
173119
2563
10485
1842
5524
9808
2239
29911
9153
5888
9203
74322
8564
12781
7140
8873
5600
5112
3668
8666
9159
7238
5438
7007
11676
5857
108526
7943
8014
33905
2680
237588
88206
10599
8039
102071
9202
10108
90311
268429
9462
24693
66932
428351
6988
6453
8355
10559
5983
10301
4957
9440
8514
2972
198319
44416
9021
7009
15918
12507
4399
7585
6944
12271
11110
198503
1854
98770
8578
7682
8377
8643
8286
266574
47630
8072
57237
39853
6642
7673
16166
5243
29844
7167
13926
211857
458373
5280
119071
5677
4502
3828
2107
10174
91696
210006
7877
8675
126269
5387
9313
60959
11002
4058
4004
9257
9265
157329
4629
2925
8188
3690
6842
4997
108198
12717
3456
2085
7468
11328
9074
9601
174554
36400
8494
9100
3747
77333
490187
9279
12936
5511
22135
69796
3549
4045
7567
4587
207657
9720
125244
3838
9482
12600
203587
263995
7563
11508
7479
5426
3805
10023
76156
12838
78925
65111
30157
68094
10649
11382
46422
2569
43241
8765
8834
2979
12305
8312
6944
40635
12324
12851
7605
6244
12218
8234
3213
7162
34067
8160
6342
9490
9056
7816
9876
10296
2781
25882
7823
42921
5358
174851
6379
133810
50566
12751
5686
136596
8030
7607
4896
7925
4929
317473
13971
10144
145067
6597
5376
10019
336406
9257
10342
6853
4511
90148
198550
10825
64899
4424
8149
12753
2410
8581
6555
13372
80096
7948
5985
7913
70066
7334
8971
5599
5152
66060
8302
4168
27612
86597
6582
54711
83650
4118
12554
4742
7578
1845
2903
2850
3655
11258
148440
68235
59234
6694
8020
30266
51242
9365
6864
10550
10034
1840
8446
9221
7184
2054
9407
8220
238653
8559
8726
3823
180751
14950
65510
89094
13467
50499
6749
2850
6285
8155
3182
7026
9412
4802
8407
14223
67136
89422
8320
18614
38360
9449
5349
181787
45509
10296
10088
30137
11254
5871
9045
12363
266061
5767
6908
157582
149624
254131
7376
6516
3812
100784
115042
7491
8930
27972
11689
75618
8856
49434
34694
11286
3318
7948
58983
8906
12082
36163
8100
8960
112896
9875
7423
5052
12563
80707
16206
6843
13531
10639
385814
4978
10381
7302
16749
170180
8282
13165
1756
8607
8941
7247
6138
5618
6781
67614
12072
5104
216753
56800
10034
411413
3866
351633
17989
3181
156489
8473
61892
6966
2404
11785
37769
10631
8653
26051
197550
8324
8565
106069
150825
3694
339931
5425
112289
7917
3245
9192
5435
6414
1598
2614
6286
108278
10736
4848
86380
7586
180659
211634
212755
9314
149630
2686
14439
147791
9566
6898
6731
7343
11682
6768
110826
139809
11682
4438
4092
47129
3004
8277
9549
2529
172187
119587
31494
198793
7541
6201
4010
3191
168101
185305
5025
6927
66389
11197
3110
6097
3429
9840
4559
3781
6516
6587
7099
10186
10937
145604
8315
12182
152168
9901
3632
28158
173831
2907
10502
57599
25781
177068
2901
6828
10569
7246
8557
4556
7040
5628
3168
12050
3048
6670
3963
9122
10859
141825
3942
6720
7893
155147
17051
105111
4171
11684
6873
9930
9536
15818
10523
22547
39630
11642
6001
9272
259802
6593
3350
9104
234544
65331
79713
6704
22972
10061
7804
30015
8980
7011
3703
4200
6701
5748
5140
67006
303285
69203
11967
6377
3320
3357
5586
4789
162808
162743
10804
5672
9326
9318
50068
5729
7983
145185
8913
6564
6827
5129
9549
6575
1494
166057
230671
7022
8980
12445
92635
62665
9119
225746
5592
6166
7603
8219
68321
30667
193757
19420
11359
11893
8622
7328
10308
10506
189549
1612
3955
6688
57138
5407
5335
8598
7724
98730
4956
76166
13997
6803
9343
7697
10702
5454
10410
59360
9119
14534
62513
8441
9836
180160
9512
182443
10160
5302
8538
5374
7841
5621
6017
9438
36223
11840
4367
8029
5211
9202
8500
50567
230308
2435
4919
9674
7119
46176
7933
4770
90902
6734
8625
388483
43281
107632
165924
77235
5237
32177
7193
7530
5854
11377
5039
10443
6278
36856
13634
588891
9326
4198
110340
566227
5936
163586
192890
8919
7856
7747
5589
3673
2628
5314
7753
145295
20199
8414
13645
8275
119025
5895
33206
10293
12506
451571
10097
55435
5593
7714
3823
290350
116492
63201
45654
8533
10603
8634
31598
39493
13148
3916
7615
25620
7677
5020
153416
4066
8795
6072
4413
3746
4661
8045
14692
5980
49891
89210
6432
8684
18660
26415
4224
9490
5668
7274
11106
37466
5883
7816
57977
10972
5700
9268
132847
10237
132313
4631
4294
4667
32787
2288
7280
7738
10359
4652
4056
9683
6084
66568
10656
32027
7965
8622
12187
11702
192856
87678
293820
6681
4317
6000
4802
176123
16356
218465
16684
135958
6111
26795
8263
7646
5077
8823
9705
4390
106969
334062
4889
51038
11325
8122
6240
8026
23922
10197
13212
2426
7241
117689
253176
3639
8945
6455
6450
72821
32420
5598
68571
8941
34055
119683
13217
12409
85502
48065
7260
60033
108346
4322
8019
6750
7803
5946
7562
8378
10760
183353
6363
6295
1957
6939
3391
10115
9054
6402
10561
49023
94416
9920
13302
138237
6927
77793
8470
11725
85582
42248
9407
4887
78790
3307
12166
10680
3076
11893
5946
30445
1969
13096
5759
8305
245908
5846
10538
10667
4246
31421
79859
5307
10916
4132
4728
9292
52277
53670
13046
41894
4874
9456
97939
2005
47256
9748
62140
4024
5410
5400
2739
440165
8080
4334
7424
102878
167322
10113
31892
9366
66951
11200
16883
5855
167925
5518
6673
139762
9752
5563
5804
139805
2269
8009
2618
5827
58124
2624
234916
11756
9351
4332
131758
3832
251070
3837
93829
9332
10439
9089
55155
17542
113035
2633
8082
1954
5939
79069
11269
4886
4572
4176
247297
8957
56655
36290
100359
409617
5416
189016
11713
6988
3150
9077
62188
16986
6617
86707
107291
5156
7542
12333
8067
5948
10984
52290
3664
6785
260529
171773
41549
5129
53424
7606
10435
10004
7558
7122
7849
6678
2287
7786
5634
4637
12916
133620
8067
4890
11735
8603
3944
13320
102467
8957
7285
133382
138461
7997
2108
4539
2155
8423
4181
12536
3837
9140
425205
42102
165098
5440
12541
110102
246186
10003
77990
4098
7004
163789
40306
3760
7057
9263
10164
3596
4896
98943
7161
49974
4945
180023
89678
134765
106957
78900
5046
42355
9977
40372
103516
85788
11074
4162
10855
164298
11601
112257
6431
5874
133485
6133
9530
3539
3932
98219
13712
7943
14803
8932
41993
5471
5310
79044
11462
7450
9524
9059
7937
42810
3336
21056
7311
4055
9521
6002
126410
42496
5698
7847
4848
6856
52388
5085
35288
95483
4464
9723
8315
75382
5088
14205
9328
5968
4446
8536
11381
7368
4384
7646
11378
108257
4378
9367
5191
7178
6428
9318
6013
69917
8259
18850
10176
5873
151109
152136
6219
5530
74756
11480
87292
53520
119615
7929
67345
12287
177282
13968
3113
42547
2228
9449
9572
6243
5169
11166
30406
130181
4827
35203
58390
71548
108131
9265
327080
103382
10608
9409
4900
84263
10436
11445
3846
14141
104711
8282
10984
3214
3939
125480
5169
123252
6603
5753
10453
107474
4036
52502
8700
8625
148442
5602
7949
13509
11946
5075
9379
9858
7729
1835
4706
8122
233468
7226
8226
7021
5163
186300
6233
10220
38161
74707
149344
6307
9053
3414
10410
2332
8669
4052
7791
5922
53302
71327
9024
8733
67192
4311
205226
36100
7595
6918
26995
200128
3327
5503
64925
5320
141170
5871
4772
12464
7350
8340
104968
6921
9670
8179
1606
5047
7516
5251
10907
12598
12891
10603
8422
23196
39757
183816
8544
94966
70734
61869
10799
60823
5434
127102
5000
250379
3580
3344
210621
8560
3118
7017
4299
8187
13415
6563
15682
39150
6392
10273
24633
6094
300508
6323
4498
9450
4283
6826
9239
5284
7605
256316
7731
10863
7702
161495
6021
3673
6032
8357
8980
6668
142618
69990
3403
10487
5423
133222
211574
68481
7816
54772
37871
8390
4773
17140
13090
8610
64754
3060
13745
8230
93540
6382
7655
113093
9446
133555
9952
6654
8076
7820
2096
5906
6330
7873
6215
3450
5659
5447
186095
4107
71260
114268
4851
6613
4639
50014
12438
7912
9944
10055
7197
1864
6577
8811
32859
8070
5361
3797
7215
1621
66114
5789
8075
175078
9018
5446
55973
7731
11780
12619
61587
77358
90996
53968
8188
40620
6480
8847
7133
52069
5830
127087
5240
9685
4153
10187
9515
4649
2445
5794
80178
217283
8048
12718
5585
4598
9018
8209
8961
3288
7142
8408
10589
6626
6864
61087
2843
6504
25060
12488
5361
13806
6115
125285
2888
12532
289017
7400
9643
3813
249934
4988
8455
6957
6428
44883
15402
21459
82546
9541
10055
6432
52814
10066
4422
532968
9845
37473
110819
71759
4585
32080
5788
6017
7394
10489
6541
12714
129040
126155
9712
29253
5064
6633
47604
10483
10418
33317
4460
176176
97194
9481
7700
9474
139885
24419
3834
60456
83102
9163
8539
7572
11011
7378
49697
5897
8350
12223
6541
1959
67874
126035
11435
9056
4551
7231
10119
8650
12154
123998
7338
64067
252979
4152
140481
3966
8686
5986
9407
208120
6555
10661
91202
5269
105080
8718
5757
4175
73850
5054
6247
9049
3350
17775
12376
3298
32903
6763
10978
7183
9042
8258
9318
2099
8699
13573
6710
2689
5781
11959
6047
12152
52897
78217
8867
34141
3641
12251
41261
8952
12970
6926
11879
10092
40720
8284
16977
3975
4371
7290
5070
9291
3517
10630
2926
13002
4488
2605
92000
76012
4874
8355
228168
3311
8093
72051
5176
8813
9729
18408
10078
7788
7957
61716
47928
6859
5925
181095
3691
6295
11463
3209
11437
7182
7154
132114
8681
7312
6172
5887
8841
91713
6206
5752
288644
230981
225249
2883
7723
59941
6218
66624
100634
3174
5900
10016
6083
7544
9861
5008
5402
264146
4221
9883
8107
20611
5750
6817
29308
7538
13525
7700
11146
76613
8117
2904
10617
8061
3810
7909
3339
9748
7700
2809
12931
153641
36323
63812
9912
117905
10116
14313
29326
120064
8002
10531
4631
6723
6618
70201
36746
3682
6420
7583
10170
5343
4532
10720
7035
10622
8037
10158
7005
80858
9900
9292
13895
4761
79028
86696
9997
10497
44051
4227
46234
10766
7944
9262
8048
6579
5612
5013
10541
9247
7484
13619
39109
2904
136494
8276
36104
6772
9494
169659
11963
3832
33197
28068
2707
9306
3479
12044
5405
107189
12315
9942
59142
75375
37762
141552
11628
10540
9635
9617
5499
10526
7899
8774
82457
7036
37420
4972
9686
8171
128564
6240
6236
5633
5140
233678
9435
5743
2714
57015
6310
10136
124728
8792
9908
8143
3994
11211
8710
9870
213104
7249
33307
75172
125298
73571
8351
21281
2456
6433
119146
5387
40523
35116
6571
8391
9775
2105
92262
100996
6689
18947
5814
2914
12643
6371
91062
1566
118008
283478
6770
5897
7660
8898
106907
8495
7798
50150
6610
11746
83740
5449
10966
9569
72719
143078
6480
5622
23753
7913
7864
197061
33956
207378
6752
111332
1938
71424
126771
75697
7784
7792
7284
7685
8294
60433
170667
5706
57667
6831
3664
63406
11278
25573
6176
4986
10354
7681
85374
8771
80932
220691
10470
3258
11424
12138
8641
4087
7558
4906
46314
7767
18945
8164
106392
9279
291891
6850
6163
4868
208305
6432
185524
80634
9993
7251
7063
89924
8362
10647
10295
6385
233180
1589
8365
9742
6415
7912
5320
416613
103006
107150
46819
9850
141664
8531
9381
14675
10485
98769
77583
8507
27771
11945
5885
7897
3588
3205
41363
57759
7956
8771
8834
6338
391846
6767
6133
5843
10776
17631
4559
105671
6507
3506
8648
6548
8904
8202
4320
124193
9339
10705
4524
11613
13823
5869
6712
10099
2631
2717
7495
4919
42643
3989
7326
6138
10176
68283
130080
1985
5257
30676
81543
9178
7730
4853
5453
4107
11726
127960
6757
75121
7313
6560
7885
63505
7230
4942
11869
6392
60119
11961
6781
8048
4875
4671
368705
10689
66599
19794
5253
169344
2089
45632
3364
10316
9435
5403
7202
7386
5771
22398
11141
9500
210538
4330
57299
4529
15048
248888
4492
3070
113261
14942
8535
7379
4958
4248
5129
33583
50671
7138
53387
4452
9515
8927
16336
76203
114490
82516
11401
4665
7191
10111
6895
5303
3044
68073
5433
8643
126900
4213
4978
84336
10625
24031
6731
56802
8838
56299
7798
5740
28202
9852
8828
94146
66268
5520
55673
5066
4655
30733
7145
7441
31529
5646
44095
6857
12614
8968
180116
255412
265821
7284
6819
88415
26466
6553
107288
8111
15140
2749
10508
9121
3595
50749
9102
6918
9931
169516
5533
6435
21125
165286
27860
12742
10331
9964
9024
7991
5421
105489
3142
3149
140310
10989
11032
7375
66865
9527
56888
4913
4230
385570
7095
122627
11497
7936
4840
5264
2247
224417
55381
15667
12798
72544
8512
3341
647645
7151
14898
9212
7651
10685
7987
10181
5421
72052
114663
42820
7447
9599
9934
25425
9319
60648
8630
7280
6856
6131
144894
32348
7738
4743
5575
7760
22195
9134
9819
10213
7333
2951
2889
36231
9607
7725
5086
70164
8583
82994
7272
7333
88063
10872
10563
285874
266112
103507
8014
7129
13180
9641
124347
5038
67572
8751
9604
217797
7764
4740
10191
10598
40961
271746
99846
155925
7432
6552
131213
68008
14634
6133
17938
6311
126397
29792
5582
15168
100663
8133
9643
9291
11000
8213
8770
27496
3069
10041
6916
6619
245909
11108
10055
5839
74993
243734
7373
8432
6440
3262
176472
77711
6517
6090
7209
6799
296521
11445
9444
231713
243367
12362
9929
9321
10136
3085
11218
4243
241715
12968
12803
85865
205324
18768
72054
7481
6705
9073
42432
32536
24280
11744
30667
8894
7757
7780
9236
9637
3491
314185
123306
6457
7234
4173
7175
3637
121591
10116
7310
66937
4876
12571
30151
4598
38135
16302
6530
5596
75947
8436
8881
8379
205673
2811
7802
6605
1461
6679
5879
6652
6253
6433
11340
5275
70818
10750
91258
6665
9525
5816
9498
8782
10546
84308
13736
1923
78451
8040
5513
6742
134368
22877
140361
7805
9236
6455
9226
7336
5443
21953
287452
7591
9557
11230
6100
6378
5478
74902
11533
9663
2781
118800
301146
7305
9664
11121
61590
9274
33795
7755
7027
5453
7962
131848
8767
6643
5597
6340
7985
8611
3794
18017
17505
6928
8490
165318
3169
7861
10831
5331
9124
9284
9473
7589
206363
11468
9078
13868
6933
104880
9283
9869
8918
3978
9161
5622
5547
8939
7191
6856
8944
2277
13179
153456
129973
66808
4326
10094
7465
5754
10996
6927
6995
131089
5833
42580
243658
8629
6082
4337
10128
10196
75252
9541
5316
5177
206443
104195
9560
45870
145518
66305
9934
13578
28317
338240
5339
6647
4985
33513
25630
3508
5433
6031
7113
9813
12031
4917
3217
3534
93558
52405
4241
10057
10470
4041
7194
25835
5724
7611
64897
7712
8946
8119
50354
10421
113760
74511
4449
36530
7909
6628
3084
5610
297150
29224
4350
4531
4012
10936
18487
82769
11521
9750
8451
85041
3147
171795
10889
20387
128081
13329
6430
22952
7300
121618
80731
5486
365398
8265
12900
167913
9134
119254
3814
4894
5918
93710
15660
6224
102543
59720
5461
8869
28967
8549
134985
3719
80973
49269
3295
3348
10476
7154
149930
9227
81673
8796
11973
2548
22925
18773
2817
34812
6354
199438
9240
195668
5812
6354
38323
4673
8112
12202
12052
27635
9411
4715
8958
17873
190681
9795
45570
4496
128795
10735
4130
4459
184447
4207
7102
85016
5304
8683
44941
7438
868682
2471
9267
7829
5178
2916
4111
50216
11226
4415
10374
12998
71394
79198
5443
495065
7646
7409
11995
8501
8147
159542
9799
7451
8578
3783
26952
8770
8260
109145
5044
50560
9125
3899
7638
118882
88162
6697
6535
19378
3601
6485
198596
9781
6110
11451
19793
8935
6786
6498
8650
9574
5720
2891
4371
10426
5889
4225
7551
4059
74331
4617
8241
5531
4896
3112
5206
8480
115984
193948
5650
48072
5729
6423
2053
3581
53801
12697
3898
4808
4417
10881
14171
9592
3575
2420
9607
66439
8230
98536
10109
10834
195472
12776
69153
78794
11732
10276
66430
4380
282847
6087
99156
5846
146670
7267
10221
5937
12735
6816
8696
10108
2775
144328
5529
10789
25104
42334
104517
8035
4905
10315
3179
6383
9192
8278
116101
63537
9245
4156
401281
7359
20101
52909
36203
1876
7954
3585
19815
5444
123842
5538
15102
7744
8245
35058
6103
7925
52110
46910
8753
4126
5416
11126
3031
9062
22858
10399
7518
111279
50768
13256
7282
109950
10156
3554
8266
46891
10920
7696
7125
2234
15503
45354
8869
2536
7918
6402
171885
7525
4416
5510
12362
7452
22682
279024
10154
4405
12290
4957
8893
7562
7580
3256
61716
6393
7220
90716
7743
69456
36383
3781
32727
10293
6161
7320
22503
2533
10140
10178
5844
3338
9127
4652
4699
204173
95217
227130
26212
106201
6657
7070
2924
3955
98382
5394
5329
139017
9869
48064
8580
6394
8071
9226
4612
6616
207826
9274
10765
5848
5171
7257
87820
6009
41516
102081
57291
6401
4389
8952
3128
7348
10869
259835
6568
8501
10764
82633
5850
4203
6983
7143
53528
32375
266448
11331
7413
18001
63374
38166
8001
5622
11019
6931
4851
25597
4693
7930
63142
7493
7659
25758
7583
10615
6924
6169
4055
4446
7231
4521
15973
29252
3078
29788
11315
7227
4125
15708
5091
12287
10435
14632
66070
5256
9970
7977
7364
6213
4100
53708
3717
125816
9342
466413
213149
4674
4470
21758
10814
7175
8849
9480
5308
3721
9911
8687
13083
10103
12537
14219
4127
172436
252355
1057764
9687
9105
6813
9594
60419
17999
8122
339411
3458
6743
64575
7584
3343
73304
61290
9472
6261
7659
48439
2579
8718
143994
92897
7128
9804
463312
9386
55840
8808
5825
3197
8671
129870
88880
8049
47701
50471
33240
5356
67094
8557
47849
8463
3065
34510
20304
7694
6421
75418
9707
3671
7971
3690
13693
96955
6217
12727
8218
48185
11950
7159
7193
329887
110047
9098
12181
184521
160708
177059
9272
3514
8791
8628
7512
6055
77599
122153
8876
18764
33362
6184
5657
58551
9843
127746
105325
79812
4840
50327
180399
31387
4477
4054
7452
11023
6808
167534
2834
8426
4644
4479
8458
4708
2844
194214
3859
11012
8074
3399
4347
6518
8790
8623
3548
2233
8522
10939
7138
9899
7295
8690
5424
116200
12059
25136
23209
32518
2568
6991
7784
12755
23689
23007
6426
55022
9245
11432
9469
6379
8455
5787
4017
79959
8768
72642
201711
11748
129529
7076
12063
6491
482635
12712
5574
215050
7257
17876
8377
86493
2740
10200
19136
6753
118372
266532
4439
3813
8176
5048
6863
10331
7843
99651
4181
45680
3592
11458
11191
11211
169317
10836
13646
6399
4844
6226
3424
27938
4370
9551
4148
18232
4523
7984
7376
8417
4663
385851
261309
4120
41312
9279
205974
9426
4198
59302
118458
12313
6905
2651
8655
10421
71063
8531
7384
31282
73286
9227
9076
2617
10962
5848
79294
5475
5036
4887
10272
13097
87466
7477
26108
7790
2866
4978
32674
6022
106328
71275
3954
10007
2998
7028
8116
39938
4337
10844
2603
7476
21930
3977
8574
10445
10014
4195
7113
8898
9640
174626
7901
63125
49022
5677
6438
38815
6664
8439
12361
75053
10379
19903
2307
9431
3651
44638
61913
3861
7388
5396
42427
7264
7154
5365
10972
8256
9332
85981
5761
16170
225228
5535
6725
55263
7963
2190
6487
7231
4980
6602
18338
9886
3994
86201
130187
164361
59626
7652
90843
165107
4696
9483
5573
8536
38151
10235
11285
56831
4865
72646
6420
373393
11020
275777
10352
86956
10360
6908
1980
193285
4039
5947
10149
10316
4642
7483
3802
7050
8183
10514
77796
7547
3634
3669
22289
6221
116905
9259
168382
9841
8098
7318
11975
6433
9648
4593
10783
12667
7889
7922
380170
9315
5986
5424
4416
8479
7962
6095
4918
6061
210731
5807
8973
6933
7693
173762
10323
66294
10615
10759
113630
2469
4365
10218
12275
137418
10963
9550
8773
2635
4839
413450
11592
4399
6059
11091
10854
146402
61178
303317
2822
34098
5162
75031
46886
9248
157019
5456
10536
3893
8378
7337
15383
10605
113480
190820
14224
7274
80789
62665
2722
204684
4519
11457
267069
8762
2625
8452
47583
57707
193990
3443
209022
204996
8533
5562
2943
3868
5455
6318
151589
9547
151990
12433
5670
7891
96933
5042
27375
6650
6035
48965
9667
57299
7640
9769
8992
9137
5875
6523
7200
4165
16283
234657
3746
6211
5955
34130
13902
3540
6747
8371
4639
11080
8970
6113
8286
2957
54651
6378
61639
7182
216771
6380
7060
12160
63160
8989
127988
2571
4508
7078
5616
12327
52990
4328
7109
6278
3761
11633
7885
236969
9014
9660
115265
9067
8476
7484
3044
210454
25704
4794
101035
142433
6284
11235
187360
12269
3326
50399
7151
8840
5207
6316
8209
3794
29893
39411
5651
27642
6085
280323
8267
10745
165270
14472
2716
6937
6896
9246
9484
2203
6438
5408
4946
10158
10359
2637
5809
10708
12319
12668
73386
8324
8020
5774
6235
8584
6861
4628
8525
9273
4485
8733
6155
58698
5860
43751
11435
72126
26020
9298
26766
5140
9530
99479
10248
42731
54342
9330
22805
207423
92372
12429
5118
4949
10084
11160
10918
115137
11745
8772
6961
3767
79238
8248
9774
367823
11753
7284
12310
5501
435718
4904
7932
8780
3646
4741
110473
10589
12203
4220
49964
8971
29625
137748
48955
89535
21343
2994
70162
80825
5107
8478
7616
4082
185142
4360
6963
7422
78866
8137
13981
4419
8731
4656
104131
9681
5934
3534
83415
117088
10828
6349
11537
7351
6066
306811
12307
159056
203422
28198
6497
10409
19076
7415
4063
8429
4586
46854
12591
123081
63849
14887
16558
14564
177972
6673
8821
9023
6845
12726
7553
190171
32180
6574
61367
8410
2980
10981
8027
9220
284676
110343
50916
7656
4346
6853
2164
5694
4718
5361
9273
6871
5443
9337
10911
12618
6735
4244
6527
9151
77853
4969
14473
267932
187505
3056
9705
3701
9841
13801
44670
63267
8652
6166
2853
7388
6468
23935
9982
63397
5908
7388
8062
32011
8354
5762
6245
163672
8637
7908
109736
7385
8791
127036
8260
27764
102300
5263
4036
8639
5191
3317
10057
52765
9188
7435
39314
2950
20272
12573
9284
6318
109990
66470
7461
7855
4976
10199
75033
9671
6937
5341
8280
9897
3213
4387
10843
6524
8908
8598
101220
110301
3992
5525
2871
6791
3556
33869
11199
6948
152042
9528
9037
6447
55039
6083
6668
8691
9920
76831
490751
2733
6803
3745
3129
11090
19843
6892
2062
5148
10022
12759
66892
213946
125346
10763
8377
5688
4063
354921
593097
7933
5391
95792
6711
91789
10892
7350
3794
110432
53959
152907
5894
130594
9297
2128
8900
8725
3657
123870
6711
50100
2783
117254
2613
6933
11028
10615
77558
8018
14167
48524
14166
8366
51694
5610
5276
9498
8618
6933
85966
152078
4864
7384
49157
5000
49943
6749
5599
93927
51094
172382
7573
68662
78144
252040
8029
12098
85407
7808
8647
6907
7321
5327
4862
49142
275670
121596
7758
71676
6653
10150
11013
2593
5756
9156
8870
31551
11681
9820
7871
276997
7606
3353
170806
9373
25041
6627
4816
4028
344543
11361
158818
9507
93599
41742
4761
4600
10156
170705
9154
109204
3140
70051
6958
41836
6781
14776
124097
13890
229665
10751
5252
5948
3437
9482
10796
34931
4718
9081
268581
4827
37274
6466
3952
6487
12543
7222
39427
54508
2702
9195
6762
8019
7659
4565
7003
40289
14786
41440
12565
5591
7640
6198
17091
151001
3653
8413
2436
57441
7578
136235
72319
26059
48322
7631
4604
4808
84946
135002
11767
189078
74368
6498
5271
7496
4885
8600
8966
3982
4444
12146
7297
4103
67105
83090
12587
4824
116704
8413
5408
5679
3403
7534
106004
173162
31377
32760
5692
236722
6510
11592
10741
6823
8609
27013
6343
9497
135295
7387
145049
7767
5534
31597
8344
2942
50295
7296
5476
9294
6415
9446
176338
39347
3955
69809
8193
4518
27081
11293
6757
27670
6830
92236
47683
167400
6839
12400
279377
4956
5445
5185
46806
6343
5613
3933
7911
45420
5206
30475
10242
4552
6218
5746
10213
6827
1638
7721
7648
7684
6343
4960
140409
1865
13148
49130
9676
12227
12516
6186
11092
7211
3597
31217
9157
11092
2518
10379
20070
26250
9349
8542
5099
95773
128296
10226
15403
4008
14479
9238
10571
64242
6263
3795
10190
5010
7879
5473
147467
20186
7746
75780
50985
6933
20708
3404
6702
6298
92128
11631
46735
6024
5777
2000
4054
186201
388272
6881
3291
2880
29853
59556
8840
62705
17347
4975
353738
2658
90359
12824
208226
108413
35216
11395
3683
176291
149742
11183
4514
4282
224921
94928
4247
9721
108858
27606
5036
7750
9153
175807
68305
6457
8599
12208
8566
5032
10363
9906
28516
9812
51502
34265
8727
9295
4134
104492
8992
4323
7129
6201
9805
8964
7249
79590
326279
9571
6350
2892
2160
7081
197579
23744
85372
8226
9716
29533
1538
101845
9925
10521
5373
8985
5474
6652
3419
23415
44334
6481
7784
99986
30748
6454
3917
9611
12690
359301
3766
17740
7220
97261
44143
7465
3150
30769
4117
9876
317835
4989
97498
123431
8349
32610
3619
13129
5581
85417
4660
160401
4788
5194
10594
66723
3540
9317
32676
158625
38876
97989
5112
12259
8456
5302
183493
3996
7570
5409
7994
9681
95140
8538
78397
70873
6734
12310
32988
5493
27665
5825
5911
7500
8983
11799
86766
7978
12604
7033
5377
31194
6689
7442
5988
89413
10047
13478
3902
116582
12442
6090
446318
13432
46051
76491
65424
10820
2240
173468
33149
8710
4961
5726
41925
167208
7453
99441
4214
2481
8284
61256
4226
6829
7568
9464
10745
127039
4521
11666
9870
167671
147587
9717
5574
8882
5872
56086
10225
10975
104413
6640
3233
9344
4105
8533
3635
66501
10599
25662
29047
6993
4367
4409
4463
6110
9845
9750
61493
51544
8118
6921
58191
97706
3952
10043
6997
2327
77071
8139
10539
27929
26509
70359
9201
8400
10315
10978
5534
67721
6439
15236
43187
60443
5346
7528
212853
5084
6640
7668
2582
8593
111423
7099
6955
4944
10719
4435
4503
123466
8026
10539
3520
119347
7932
10022
33620
8834
6194
54979
6754
5846
414776
6764
11702
6473
26044
33473
13253
14855
8410
109887
393697
7127
317813
100533
6522
11099
93008
145472
104079
90464
22362
8478
9096
252060
221114
84465
9907
22401
2369
107455
10359
2472
83840
67610
6986
5772
6562
453873
6552
6514
8469
10000
24968
9136
9580
193443
9282
4639
8487
8363
9520
4844
5609
51585
76261
8232
9607
9176
8772
7100
6269
2428
150923
7670
9162
83061
37815
6110
4045
37495
62313
5210
4554
4938
7416
104316
4978
6449
57145
10022
2157
9137
8702
6482
7977
3248
8051
6093
7234
66798
4377
12886
9017
12265
9582
165085
7734
5283
5103
30219
3860
5300
7194
8820
3552
6049
8320
35845
5876
133597
84212
90261
9992
6538
31051
8774
34075
10038
752354
9227
153617
14652
154013
9460
6842
37547
7661
3782
6761
7959
9284
3082
7401
5508
5779
11178
39395
103063
353601
9086
54442
67281
4179
5202
5730
8602
8938
7932
6331
252845
71227
85799
9488
61765
34401
48629
11904
2428
6928
5465
45441
18647
102058
8382
2710
5535
10547
3784
9335
4939
7700
5433
11025
7554
4559
8439
80894
8451
6744
6303
7062
8743
8179
6478
11655
8203
6104
12461
5317
115998
9457
10029
7336
6863
5352
5359
46352
6718
117639
3114
7381
13410
446217
6063
11971
81847
7015
83186
10997
350957
236621
127604
11001
259710
6530
2234
10178
9931
43883
111056
10133
48830
195403
11328
141220
4067
3971
11262
8732
8370
62281
5481
5833
145963
7068
10907
13426
10801
9203
49151
6460
2173
4887
7786
5716
56859
13391
15487
9450
7042
7408
6409
89229
10245
7701
180669
30479
209218
65889
7962
4173
8074
6159
4485
11445
6173
13140
40994
5576
9275
8449
6683
6707
8669
8299
6772
35398
44340
43575
11928
29341
182602
312616
36978
5772
6643
8520
6520
6424
39949
7480
13079
221447
1690
152723
6675
419588
5001
9325
185063
89126
5219
386059
24341
8161
6208
192752
343777
8321
10553
8327
8965
4763
12492
184817
4729
61898
8495
26957
8698
196523
4925
8944
174212
8058
4136
4455
9959
4766
4105
4027
326436
5381
6509
6918
11140
13432
12046
1471
5478
7416
178811
8371
171662
12584
5360
9177
163368
8113
3702
38082
4092
59396
131806
9999
4551
140026
10119
10001
8906
118453
8660
46691
3909
4784
6195
197934
299134
16716
10477
12735
2667
9207
9800
7785
4777
68334
4360
7998
3439
4580
13309
163713
4376
8763
23543
154293
8403
30962
3691
7627
8336
18195
4028
10242
45152
7351
4877
173701
7386
9033
8903
3753
42007
26712
60436
8385
9316
6691
4235
2631
5710
291562
51080
4197
7260
3587
10806
5580
29475
6730
106088
70795
3086
4359
4981
189055
38745
4772
7553
8544
74420
7303
168203
11298
7115
4709
238956
5640
185929
10563
10034
9022
4405
7974
5371
10392
144999
9664
7284
4116
83863
116959
9242
4164
345096
9518
9301
9189
120220
9019
7415
212564
14444
4883
91457
8487
5375
7138
12140
8627
150800
22340
49268
381603
6696
3707
4521
5315
7026
32212
4569
12374
8655
46394
9885
7984
10887
9346
42394
8804
9915
2669
38566
1770
8988
190358
65109
6581
13588
12737
58298
8729
7345
10831
59798
6934
3150
2631
88241
8850
9056
188030
34619
9340
6585
9139
6937
54167
8585
4897
6951
136854
7412
3863
7288
7186
40231
79665
96926
4620
3612
423141
132736
10484
3839
305563
2857
121680
11837
157028
98978
179200
4284
193079
3085
8868
11096
5374
208208
7064
9777
8592
88082
55555
64371
8868
6866
11332
13459
7701
6683
15491
301370
28261
10020
33537
9472
7907
4032
8909
10538
7533
4370
6876
10718
415668
233266
2944
197098
10240
6896
7066
13705
12710
3321
4408
65275
14097
6853
6355
8993
44647
11584
24395
5238
6991
5624
5888
5757
6338
12847
46007
99389
7029
12483
85361
5512
5054
7112
3941
4754
5042
113089
213111
8491
8939
54463
6495
2425
11322
77519
94409
227895
4833
8162
129605
147635
3926
3117
2315
81259
5610
9706
3572
4028
10874
94621
4291
9989
96365
8494
5488
7263
10031
3313
5009
8377
4366
8233
12334
6455
10225
7690
298909
5787
10251
132408
10251
86324
5312
5014
10713
96203
11564
39579
10189
6161
5239
13254
225588
6693
42240
9254
5213
7380
5720
10262
50293
2569
11675
10219
9484
8215
9451
9511
12963
96219
5133
90767
9310
2003
5996
3719
9816
139357
7362
2294
14275
20297
9655
7602
8006
4840
121379
146935
8957
4695
8418
5794
2166
18318
40129
12243
3067
6523
14196
4482
11300
4640
5534
128749
7837
10609
8788
5642
56914
49879
12665
8570
4924
7434
7430
4487
8724
3256
10038
5790
5443
264576
8216
9374
5215
11829
8091
20692
9539
150691
12871
186703
3271
4363
209971
9075
174260
9646
11964
3313
7236
1552
7948
74488
10623
8309
9292
7681
3732
8859
8433
13042
6317
6734
10188
2923
48995
4292
30324
17588
4799
8553
9318
7300
165939
7112
10197
12755
10748
5300
109103
8820
8713
7377
482855
8794
11839
75342
6391
108334
1612
63659
2820
24595
50491
70550
4090
9004
3166
2865
5402
4627
66874
4427
6168
25368
73622
8248
5778
8795
15792
116839
5958
10462
9191
35857
110161
7401
13105
63857
20086
7838
3398
3052
7770
8935
11716
4735
420315
29051
4607
9440
8914
3283
4333
6574
6805
57178
5515
4189
29909
5644
8006
7153
6577
3668
7994
6510
10130
145673
6251
232779
4080
5697
126541
4281
11052
9275
5742
2693
10121
8896
8421
156354
112281
6130
50372
126276
5185
4458
12042
49224
73208
170301
8234
11358
10664
69076
58132
102231
6499
3758
6093
72633
4123
4558
13826
50782
8368
12547
10055
5333
6112
39947
111475
5518
7817
38683
3917
9243
10876
192266
19653
8961
3611
7616
9548
6704
6610
3520
11017
5878
52864
143320
7491
14285
147624
8479
6271
9786
8161
27753
38813
7699
49363
296942
3958
74381
7364
7906
7157
7357
7191
11750
26116
39638
5138
8859
5797
7130
247631
60884
11689
6190
11107
107954
7999
2979
27184
7666
2535
242828
61617
2216
7012
10938
7483
83663
6030
58897
12112
7341
4711
42405
100031
2593
21611
10021
9850
9275
14834
10650
7828
9721
10132
10133
18739
331896
10056
7628
5718
8667
4326
8290
9267
9832
5019
9832
2512
5087
6873
8911
59366
79209
7792
7005
9025
8012
8897
59332
2907
85450
9399
12481
25281
11187
8717
28630
6724
9489
10907
7443
282715
8719
9019
7879
4855
61142
9352
9538
8676
66640
6086
33552
5874
5474
145167
7467
158524
4816
34948
237435
10674
8367
4654
9911
23874
7661
10018
15300
228971
109320
100641
5069
6236
4239
6626
15665
6854
9678
16097
7408
293648
92436
51513
92664
8186
37420
94843
252463
5796
5987
29343
84387
2762
45050
27504
1710
6037
5367
6928
24892
6206
6480
4312
5118
10874
25592
3171
49312
7070
48801
8258
153075
5139
44360
8579
2359
11469
4577
10076
17678
2958
7082
38049
2444
34325
65789
125334
237490
6987
149121
166610
137583
4575
7086
19379
4979
111075
5050
4576
11493
4163
7201
33507
4366
9027
6538
6225
100151
295568
74992
7916
14026
4655
1678
6989
5281
107684
2029
7259
8324
9552
5549
12070
361042
22111
5609
67647
8996
9320
62694
7415
6993
4474
7964
99720
7200
6617
3097
7431
101093
7797
7959
113409
8509
4215
10721
6461
9699
7982
7924
319895
109936
4748
5495
5258
10403
9266
162061
11554
12168
8499
6899
2903
240573
3271
219821
7637
10181
61293
120180
4627
117616
6909
159066
4862
7049
4612
7034
12265
100189
6871
5148
31689
5324
8266
3968
152943
26223
7537
10018
72259
8947
7308
4316
8701
14336
8119
16716
68452
54460
2641
130543
43018
7556
102922
6225
24932
13368
8920
3141
5467
31093
7541
9922
148320
4384
2943
8318
40535
4624
136584
8674
11741
111967
3122
6645
6883
104091
105534
91317
73956
3411
24017
7895
34735
10150
5529
150370
7063
4058
27929
233886
13135
4605
7409
5442
223823
9596
7632
7298
4984
27428
44167
99767
88061
2843
2902
1736
2420
6800
14265
125296
6420
2964
7925
313363
9145
192009
8513
3450
8892
5132
114931
9626
7187
193133
9542
10271
7879
25682
2724
41342
9443
5587
5271
4729
64491
224957
8998
6492
2452
10373
5824
10580
6158
10170
9430
105556
10536
8552
9460
39404
345715
7085
216073
11265
156100
6669
12606
13189
5241
6951
5906
5900
5778
5127
5890
7242
9934
4306
56138
154771
9260
36951
9022
11313
9505
9805
54731
3450
10651
16144
12513
8131
8110
103867
9254
11040
127634
6435
10825
5058
7485
8441
4998
6697
9372
106540
11419
8957
7138
9335
8894
3370
10884
11892
7089
439741
5271
8547
13113
7017
7382
4348
47864
4565
165619
7118
10766
7600
2364
108476
97833
2859
9638
125220
211939
66653
11489
4983
11444
42633
38747
5552
7085
8000
54802
8724
9114
49706
142987
329928
8447
4212
4314
53914
4414
12175
9381
8049
5821
8604
68704
7341
29780
135141
24558
10212
5938
10747
232782
8896
10120
8741
155792
63210
3316
56153
11610
47128
9282
5202
4465
36372
6893
25142
8282
6592
8540
11650
7073
13864
7970
13843
11534
4033
7704
78359
5995
3901
100751
11346
26225
10259
9085
101109
224238
10865
167994
3869
10479
103033
7339
2472
236886
204258
67883
69488
5357
13695
7351
49260
6993
7569
9135
57623
8608
39705
154261
170748
10958
6754
4590
61440
10679
593697
6721
36351
5046
6582
74556
4363
7727
128377
9120
7172
5610
4365
6061
12401
5620
9738
11574
4870
10288
66761
6861
10780
2817
54942
7702
10728
5606
6727
4228
325777
8297
3224
2553
4184
116558
2723
5935
10149
8548
6282
16766
235811
7102
130413
9396
17217
17405
13362
5072
8220
6302
28430
11961
58078
5623
8418
4153
46813
6069
9100
224008
7877
6710
6890
7809
24523
41096
8343
25518
6878
5678
270186
13124
278962
11136
12020
193109
10960
128330
340676
10906
38133
8445
6660
10848
9562
9916
7747
197894
54795
3301
3976
11395
21026
6687
6381
4903
7768
220951
16814
4746
7860
42429
8836
66941
5870
6953
90901
320269
5388
7750
9570
78290
10018
6101
6630
8648
7691
9686
24840
2546
2952
9004
161662
24363
5368
9952
8511
9044
212944
32523
7658
6584
3227
5754
7998
182065
38217
16054
157174
226241
11748
170048
17764
23888
12246
12392
2733
5151
11744
7594
113210
8261
6733
17355
5931
383536
14152
165995
110863
12814
30348
4158
5889
10192
11212
54107
9758
41867
48141
6617
7075
10695
3819
31985
10243
7658
215592
43361
4710
5928
47709
7471
261785
13310
10196
9566
8452
92516
3569
3850
5477
162299
7103
8971
4997
4846
9890
163243
146042
9450
6893
54714
112880
102373
7033
19921
67780
84939
5380
5516
71207
22291
5440
4667
5061
9484
3771
11409
7423
5564
156960
2771
42855
5494
11723
6583
12030
9600
5984
5585
3121
182507
8639
6696
8517
6288
8713
12175
5840
6557
1739
8291
4850
8705
7939
6360
89327
8287
5869
197897
35652
5373
76472
7246
99844
6275
82274
32902
10126
8167
1968
98901
9454
7228
5579
2304
5140
13605
4143
160938
20946
8476
9684
10650
6609
288264
3482
10656
97099
11448
6884
22658
7658
26553
11592
105410
8133
5847
29486
89316
2756
1844
284512
176765
10696
4965
11945
10454
47035
4061
155045
9486
38581
4075
3624
9149
3644
11815
10316
7906
7153
301717
11912
5965
11522
8700
41634
14457
1768
9006
7241
6163
2743
8556
8260
94890
9629
6239
41565
3441
150601
9925
1610
55505
10335
5377
3410
11344
31118
3140
5774
4634
6207
64654
1687
4293
2139
146338
102819
5759
11036
11356
6275
4399
9141
2666
7566
9603
29952
2255
43444
4675
144686
3660
47134
8806
4442
7729
10556
58147
11362
3081
8776
7934
4262
9767
7850
6534
8588
9030
13199
9440
1354
18990
76081
4733
14097
6853
175473
155987
8182
9708
8012
11395
1944
13930
12153
4781
5875
12937
11736
8495
5188
22278
6183
5874
19094
46459
74025
9241
35364
9921
7018
9273
43420
63567
7858
152962
61257
10849
178976
11232
32271
9259
7746
40202
6996
336301
5418
10852
7399
5095
8594
20830
138538
86560
64968
9818
4033
8846
13259
104764
8205
10257
7370
7021
73048
11400
7690
8114
8353
23254
12299
4871
104464
28737
59964
21195
4827
7146
4677
6050
8854
6180
47356
5827
9264
91664
5683
8689
63170
6234
9535
21844
8618
1861
8954
7788
4308
6693
104742
12271
75147
11052
6323
2896
14262
10007
7893
7406
7632
4582
12118
46476
10044
337773
62825
8350
6781
6601
4728
7583
14166
11720
4785
5654
16369
7582
8629
6453
10088
5488
22509
69147
8081
10107
116971
137689
75418
99658
6596
6742
5574
212576
116410
9832
6311
150151
9336
4526
8446
13999
40797
139181
84895
81970
5844
6399
45908
10760
8762
8055
10521
9476
6904
141204
187261
7355
257506
6677
6687
116655
4334
6499
14836
11821
8045
45904
3118
7413
71271
4356
87961
8260
110333
12477
6932
71535
177889
16864
11971
9054
209068
4215
3679
4599
38716
7764
5981
13349
54605
33816
11635
32332
8218
49920
163186
53803
36384
117974
7125
7230
213544
6147
2815
6789
7924
11070
8604
3761
9747
2032
47741
7442
8531
4651
12371
3279
9337
143045
7596
9129
14996
6105
7945
590678
13573
22856
128962
20913
2308
4656
10424
29080
7632
8963
7878
18080
8581
113836
94037
180448
6881
39777
87495
11630
23106
157194
5327
11093
10428
3568
8581
7453
7404
8859
3275
67434
4514
41625
43574
6168
539480
71615
85756
6733
3767
6463
73366
16522
8260
75326
366080
9276
7155
38090
3801
13021
5607
6043
8484
7177
24091
72813
6451
4344
11198
3086
3320
5093
180366
9183
10201
1257
3102
3376
3255
2516
6856
154008
21099
7889
11446
6496
7428
202632
10195
10569
11507
33878
11796
3868
8516
16823
5150
31532
4160
4046
10854
3779
13340
7084
7574
25090
47072
3744
141803
11214
9668
14427
113075
3813
10759
2458
1717
46203
8719
6232
46801
9524
4981
142555
4879
103738
61466
11004
394780
3946
7193
5023
7669
9807
2844
65301
15054
6291
2351
92473
27835
2754
7089
3196
5951
8827
6324
249200
7481
11694
16835
6321
48357
7330
2528
10387
5116
2031
9575
9986
43336
8134
95161
3231
10395
99492
867064
5431
4371
8150
8446
19127
40091
11157
8698
9216
42608
8925
59355
8299
10110
6299
57731
5273
82000
5730
1317
2965
4411
93410
2237
215813
2383
99816
430003
9140
3193
7242
7088
8941
8320
73276
89213
50654
10837
78853
5363
5651
6038
158223
9132
4130
6982
62868
8290
87554
7069
7407
11448
5735
8247
7238
38467
58377
12170
7600
9229
121287
9253
3680
254572
10194
111127
3318
9103
135312
5736
6191
18480
2603
10185
10539
7652
134001
103491
10422
9688
110655
92949
290091
8778
7860
14891
3980
9342
4269
13164
73489
108905
105049
6870
7693
9867
6364
107562
7659
7040
10381
6468
86556
137526
4660
3940
38184
8443
5189
8000
7901
247877
4852
60061
10229
319438
5595
67397
4930
6174
14629
206995
6035
7364
5456
33697
8165
6466
35210
93389
4540
59683
7072
10577
5372
6589
2646
8348
4589
3784
6186
8338
7500
6097
193651
52387
11582
19867
3027
33989
117558
194057
1535
14262
227920
145712
21702
12106
5288
12332
3998
10307
9605
7165
38133
3729
5365
8438
7202
70915
28157
7739
10018
8186
10947
7333
11874
199159
35851
23574
23998
145547
7816
6329
91996
7131
8451
7403
80448
8565
64578
41040
8661
11186
9941
7615
149045
12495
8414
200487
51104
24219
6569
16450
310585
43912
10628
137025
32823
8610
9606
8672
175060
2815
3980
4495
148457
17330
6073
90236
13963
12656
6705
36915
60356
494772
134791
10082
12856
11070
45301
8193
2800
3546
10749
10990
73719
3603
6750
22988
85488
180704
65537
2346
53572
112465
2444
2126
4084
16825
9353
4270
45193
5193
12164
44267
101311
114332
8307
30500
10522
8495
43294
73543
67307
34615
9086
112993
8192
131011
10488
7420
65882
2523
4700
9679
7999
36882
54922
3822
18232
9792
7409
5528
5139
496461
8665
29758
6600
5945
4480
5336
8040
74480
9653
4892
8860
11203
7038
7670
8140
152350
3653
6244
18485
124060
3403
12189
54326
4319
7480
68107
9594
2287
8256
5999
5777
24244
5511
8365
11243
64468
6350
3330
82525
7534
6001
130843
3985
3408
6343
9164
11186
10288
11903
10243
12163
168105
231174
5634
13466
8201
7252
6545
6876
4699
2817
172351
12494
11444
7817
9891
94734
9158
8478
7903
8313
7269
9585
56831
8229
28795
29914
4040
7853
2970
7798
119525
137485
34416
3385
56492
5221
10360
10989
57137
79616
72559
8426
63311
6084
44871
8857
40597
8646
7506
8566
8180
4953
12996
9006
3244
479467
6151
3845
9039
9368
191893
10437
6098
90614
11035
7329
13821
3734
10461
2812
8715
2600
8323
143445
73637
5548
8263
9802
7810
50462
8737
8029
24479
10963
7877
4177
11874
9504
2686
9562
106500
8715
9908
46038
67984
11242
43897
7069
11047
6617
8655
5524
4795
5873
248668
10459
44530
9567
9127
18752
7239
6977
9528
9547
7956
6102
5931
334739
3116
11369
6828
8215
7343
18165
6480
33624
7757
79500
101340
181465
20575
10726
9649
7600
13424
174781
3255
13523
8965
5530
6929
13026
9367
2287
165119
70707
222803
9337
7186
56971
6597
8629
8373
6951
11382
10436
6341
13276
102269
94835
3648
8604
86614
5258
24056
7125
5072
3163
3025
2622
5752
10973
9147
9290
3941
5417
7975
7461
5781
10405
7848
152597
10787
94494
4485
84074
6946
13271
9822
13647
112694
6324
4948
8916
9510
7979
52936
3494
9723
7037
5657
14394
637390
25822
44355
11856
3279
6063
8965
11488
13590
205690
5767
15511
7222
12796
8977
83891
8267
9575
6725
18054
15991
35895
6466
202464
5328
9307
40458
11698
70207
25003
169033
11042
7407
8785
10811
57401
9146
3867
270475
7119
25025
8597
187625
5010
8620
4790
10783
138539
5275
8077
7718
5481
7187
4066
6348
32098
161418
4621
13851
5591
4416
4865
19504
106023
68832
8477
12253
5065
5364
3739
2972
53425
9836
17026
18809
35428
4312
61656
7919
11239
6027
8905
91001
8012
3828
13500
8647
7469
122076
13918
47013
96228
131546
5765
9526
4337
3654
7501
8644
13221
6282
4936
106941
78322
5033
8086
11269
5781
6057
5686
180502
179955
64463
6586
3222
6686
2366
8381
10791
12581
5390
217529
9042
4358
7431
19706
2876
15548
6809
10159
10688
2797
16299
171950
10092
7855
10477
196884
66180
3618
7085
2596
5504
12696
8142
39922
7610
3542
18202
6966
8123
5963
59311
11891
24472
13321
10912
8949
8115
6325
1789
5606
7846
28075
85047
4862
254088
8036
8302
2887
280413
8452
37254
5014
118105
5430
8675
6047
42714
6309
6900
4194
153291
202246
5411
9460
8894
68512
28653
7187
3060
2992
3426
2106
2047
13288
8744
11471
127237
3737
27157
2216
9232
11539
2098
9695
98225
4595
165462
7411
8460
139071
8027
19389
9128
5638
6344
75467
53273
39573
5990
11047
7020
4020
9256
6676
2913
12965
6112
6970
4492
8290
12972
8121
10952
5801
8371
73900
13025
9451
225989
5076
104890
8073
15736
10950
58153
124899
62534
8410
7634
41299
7082
9567
4166
28808
35495
4955
6679
4615
29640
11419
11650
11241
5373
197633
7755
81469
240532
2584
8288
3272
11521
8435
9663
7755
3979
6097
9618
12006
23523
9144
40655
115796
179189
8629
7853
7392
3528
273742
6450
7547
8936
9168
8704
72439
159362
5728
20195
313162
10432
35954
38291
13820
4643
6713
28166
186006
4075
6222
49140
69911
48221
5618
21478
37849
92143
213484
80929
13528
9694
64349
7332
8955
8842
77547
7831
8007
7439
4541
10315
11828
10926
6994
6928
2972
4461
10583
421072
7155
112664
193817
9152
4670
11007
8036
7264
6241
170521
280473
23477
43943
13250
7006
38697
9160
5320
6923
6436
9133
6121
5265
11052
120841
129092
5062
7055
19932
7167
217074
104602
2816
11043
4942
130595
6753
6673
5496
142718
4790
160240
10917
8425
9327
3115
8022
6781
97931
4548
11665
41128
146772
49816
11775
7035
6333
114502
4250
7255
11092
6965
4376
7206
6184
97534
5511
88070
136449
5408
8176
7415
5705
12291
4100
12103
9782
9839
8198
3974
12170
106049
4586
3722
10875
36610
189632
5289
8952
9584
8538
10936
7496
7793
6259
4082
10851
11798
6440
44108
103747
68773
8036
9951
4287
6741
89209
149529
64763
8929
9631
3738
3171
8690
6488
7999
55993
7313
4715
23063
10002
4919
8873
9592
6436
293966
6584
6951
10984
12250
104032
8126
29452
4076
27209
5912
109389
6996
106024
7238
4385
5904
8071
11009
7899
30736
87766
7585
8614
11839
6454
22042
6439
106456
6400
6741
7330
7891
113223
6860
203271
41880
5383
7511
22567
8031
5833
6590
12955
3758
6991
6542
6355
65243
8501
352973
37467
159707
9423
58808
9390
162519
134251
7218
33765
6949
490509
37442
5797
9293
7534
4543
9073
60251
8149
7600
71499
5158
22821
7446
9892
10237
4086
11741
1811
7204
6968
10556
8219
7691
49783
4415
4430
9391
6506
13749
38781
4881
7859
10503
4896
6482
8369
4800
137822
5798
26026
3612
3293
94491
62064
3373
280997
3958
2476
4650
12178
26810
10662
8371
9689
8585
5861
29093
3172
3839
57950
5276
27899
150102
8944
31192
132147
10546
4665
8846
8079
11330
11173
3746
8666
2770
5858
8804
7147
162465
30079
7509
7448
14283
141549
6223
4288
108154
6838
6806
9939
6208
117783
5001
7228
1496
8786
6054
4223
1959
6175
11196
7957
56021
18560
163637
78201
6992
106067
4896
7803
138882
131514
7704
37021
3827
4676
6457
7673
1255
180940
8563
6610
5909
127315
5639
8852
4687
8643
4765
6677
2043
6188
7554
62695
9212
10223
5693
2585
7215
9552
19088
79406
173087
389766
3787
9839
70883
7372
140875
72988
41645
8867
12551
11120
4878
13083
6238
6358
10242
5448
10982
11194
5215
136608
6739
33581
10330
145826
46508
5945
8513
5357
91384
10985
5178
7393
4631
9727
173093
406797
17414
9233
24538
10754
4368
7244
4206
8519
159554
12113
12732
101733
9159
114033
4940
7081
5198
12747
7393
7989
127724
18301
125893
3873
70472
523838
7771
9743
153855
5161
16255
5481
15390
5526
11746
58858
8422
33321
91708
8240
6108
7830
6266
5694
184374
9280
13422
41825
2273
11903
7580
11195
9834
7447
11446
5363
5914
70533
216606
8674
8216
8397
34757
7918
119701
16612
11684
8871
10598
4913
12043
2380
6868
144033
6618
6865
9759
79401
8430
166271
6384
3123
109498
60642
55880
19139
4318
2892
7626
115604
45570
10519
10218
6591
7193
60182
39673
23298
102448
199308
100703
8619
1958
10643
17320
118229
280765
4369
8208
382195
19388
87979
16347
7494
3955
2909
8548
10117
11555
31709
10274
160163
33026
7401
5140
8587
6964
186610
5335
8950
56281
35728
5017
8484
24599
9450
4830
74077
105945
74542
5098
80342
5207
5314
4514
122805
5052
8241
12616
5884
42125
7314
159635
159716
127949
37681
5095
2367
6637
70077
46921
13011
13294
66027
7575
8696
6035
12654
5947
77646
4217
3667
171830
6075
5735
7581
3796
3529
7465
8129
6992
6598
56892
3596
5870
3006
41479
5732
3639
207565
10105
9908
7451
4420
8556
185609
2785
7876
4276
11219
6444
2378
8431
8832
12445
12007
66005
5782
7056
16787
133934
11903
5888
8695
195342
2538
223256
8549
6693
13755
3942
8267
7756
10650
8472
4758
10776
57672
8805
7202
11584
138187
7906
5155
304606
4266
5858
11461
186169
8994
6889
7468
56236
4978
5754
4289
89761
23914
4254
198550
10772
2413
8745
147917
10997
195687
79435
4493
4941
11172
12089
6364
9085
7438
5968
6996
6285
122563
3282
8074
6092
9360
7414
142430
17997
6854
2883
12311
53127
9551
6431
20444
6850
6225
194004
8650
6133
23791
24251
131810
124890
246964
17746
8154
86554
10784
6805
9198
120898
149825
130243
41772
8581
6621
3070
25355
8247
9744
6194
7832
8160
2685
10428
165861
7136
6508
8331
6136
9330
5898
36267
5164
74509
165572
65917
5581
131273
70681
5176
5219
101983
5412
5566
4231
9886
6835
8032
6498
3777
16161
174748
9061
2891
7396
129097
3408
19565
5252
8143
10194
8104
5231
8241
5090
8465
7404
37210
9257
35303
3627
7891
8560
197510
4939
101533
34127
71218
81435
149489
21278
42189
8508
10163
5240
39675
23376
2030
2622
10998
10128
4295
8325
107282
181893
3578
10848
7578
6456
197801
9406
76080
5285
4307
140043
8239
35158
3665
10992
10537
60209
3099
7629
22993
7394
7141
2685
9379
11758
5624
45982
308319
9598
3066
9377
3396
5955
11302
4612
57726
11128
3002
5284
3657
25651
81479
23905
5020
7169
6111
14350
5262
2069
3121
10081
11639
8865
26642
3277
6698
8633
7358
10029
61756
333406
9590
14739
5491
45836
3900
21513
9793
168968
3456
6487
6711
7441
3082
8888
4085
9665
75499
8683
12604
8379
68800
9144
61207
7000
6896
25352
7157
43934
9576
7874
3004
7757
5465
5282
3574
11018
148452
5692
5661
10771
161928
154980
30977
7666
2448
12894
8567
4323
7130
6618
31967
13027
8858
8634
6492
249751
5216
7467
98939
10316
7216
4200
6408
8547
8320
128727
7889
4948
3120
90334
4856
12881
38060
7111
3040
3193
2872
221477
8492
5898
5947
9544
8148
5657
2494
156178
6164
12137
14730
5802
3535
3562
108661
5655
6154
95815
102459
9026
66181
12236
11669
6755
315823
4142
5249
31624
45481
1919
6486
6457
8400
226375
12084
215515
7150
14280
11201
6838
9220
5378
143275
15591
8572
147188
6949
8570
5711
9183
5486
30118
7225
6768
99768
7226
7843
3384
6108
10535
160855
5059
3151
7275
6835
2043
7938
27981
7513
7050
6945
243054
205716
6756
9400
11899
37343
183344
97978
92226
5288
41662
7373
35923
4534
4772
134710
3792
10250
6923
9804
65671
5640
64839
129965
8302
2557
26700
4597
52453
7860
11662
90648
10141
500587
9997
76037
2688
103179
10045
7832
9013
3428
3054
9932
23128
8918
4486
139338
7579
93740
11063
42228
122676
4485
8572
9392
18944
11900
189516
10180
11670
112282
274865
9765
128144
3441
36552
6743
226015
4282
11641
3747
149154
98193
58607
4602
10084
30145
5382
250948
87609
29407
22799
3435
48839
89316
72174
130372
41369
9116
3053
5528
5431
101246
8573
8533
11116
9679
11269
9649
10479
4724
6391
42859
8595
36497
4618
8669
5426
5948
217545
3704
9436
10118
7288
8907
6170
2071
8307
7756
7141
5426
6762
5775
3353
47783
16131
8888
6078
6786
8603
7087
38654
4606
492320
83234
4581
85944
36563
98758
14053
45856
87970
7030
101296
64511
5945
4750
11274
4960
133387
10777
19383
64380
6136
8076
7717
8657
3678
7709
5850
7275
2658
82617
8475
38377
193432
53385
7426
9119
8480
37056
4087
8443
6225
6136
7111
4297
6066
510013
6456
8386
103126
3365
99866
6344
9179
10285
134007
11969
29435
16648
156871
295492
6392
5471
294419
6585
10458
92212
9848
11755
11350
12301
2863
3960
1809
3291
6770
11670
6949
120483
15634
72527
3152
6947
27795
9200
7784
15393
8590
8235
5598
151049
1948
61223
3052
4264
9957
5881
7193
66538
10468
9228
9889
5856
9400
12447
92041
2765
6798
2305
3704
5765
5951
6550
24460
3984
9160
5790
5113
8927
7549
10892
7343
22165
91920
8831
8643
4000
7868
10761
7405
9703
9298
330570
41344
4407
9593
139059
8402
31749
59143
4924
7277
7662
264863
8701
11474
75474
3066
7534
9492
11266
19283
6125
6055
22385
10319
22553
7494
68713
6785
7500
554207
71363
46550
7077
6107
8826
5039
6128
119985
346833
10516
6267
11726
17681
56208
11829
5572
5292
11192
16124
7357
7829
2235
7393
12612
53190
1827
52367
9032
8899
116226
7817
11313
5411
2797
3600
13198
11046
8489
12215
6289
2661
11531
77117
8106
2317
8788
5881
271267
117066
9889
5427
8301
3108
6646
9834
8834
15347
9376
9482
128577
3227
19320
5465
4734
58754
68810
51242
5217
4801
3033
2228
212446
3294
6019
69641
12112
8628
5834
10838
101995
5700
219279
7183
41664
1791
208644
9852
11431
3741
5450
90967
11614
4631
9011
14840
191316
6754
196018
9506
82857
65861
5194
80377
6942
9097
6270
88437
4715
128013
7697
6567
7949
146146
7022
135821
6808
14068
7044
30049
65261
31572
9599
10737
34620
4237
11881
127534
9758
54620
7478
8171
8919
29242
3413
8227
6218
7145
12719
9174
17148
7093
6693
69242
7232
7904
74839
27920
3368
7272
5727
128921
9636
6578
5528
6050
12848
6194
11859
17909
66417
8038
7550
84301
5421
7784
10594
11817
158393
4117
3404
3023
9845
7237
325301
8159
148625
3081
67571
5874
11172
245282
8052
6776
7576
2280
6804
6806
4619
12419
40626
2860
24182
81832
23911
3684
119724
8528
9545
5837
108437
12582
10378
4552
57754
9551
3014
422519
44867
2732
11248
3796
9962
1442
8872
222177
3211
12028
8434
84030
50596
6254
5016
10964
9644
6024
44962
3800
6757
7476
9169
4507
94899
8146
4031
7882
21746
7964
168336
61240
7392
7113
194334
15043
12439
5218
7990
5358
7315
10214
332361
8414
5453
10284
7990
4270
15118
4144
5549
7469
5339
7406
7658
2666
4326
7573
51774
3096
9586
195376
3694
4682
6211
16927
4421
4741
11703
5259
6993
37058
5805
8731
38336
10994
9019
8485
57815
21870
2995
204712
2201
10473
9904
83576
7323
136121
7912
7951
44569
4928
3854
25374
7805
8918
5147
6708
5947
9529
9251
8952
29441
9644
7894
4989
6603
7863
124466
11755
10536
61588
116422
5791
6871
20635
4952
97778
4150
7642
72182
408145
3543
50349
373157
69075
5405
8984
9910
9045
2728
7489
205318
392483
9780
8262
91638
8505
2811
9777
203152
150542
7647
37548
9445
91693
174122
20238
142552
9332
42949
14039
8229
9291
126575
8321
52334
140659
19646
8368
74592
1663
11973
16437
5094
20463
5879
8438
7902
8042
8165
34158
5627
3034
37766
9202
8855
28602
7558
47150
4520
8748
7901
5456
2941
9991
6045
409849
4436
240763
339802
5641
6776
6662
171682
9463
2916
5881
3836
9259
14007
10116
8044
7530
4779
24079
58133
6808
3227
3998
9245
7126
8167
5202
10721
73809
2553
157654
9980
7611
8851
2819
7537
118986
8795
8613
12197
120114
3916
8901
48800
6560
4780
133934
10123
8920
75227
11466
5356
439019
23137
3860
4697
2514
3106
12542
6209
17003
10645
4594
4792
8783
12407
6692
8874
106466
5490
5553
6851
8342
5987
65303
2535
4853
268265
6656
29079
79252
12214
24026
3928
3927
5718
10398
10612
93534
11622
49290
9200
77878
110351
19662
5578
12223
8390
6917
5035
10225
280940
7374
2515
102487
14575
11194
4186
106488
4363
9419
7760
11973
42293
12770
10184
160136
34528
9484
7991
9674
6982
14047
72708
6638
5690
10733
8972
28959
12919
10519
2361
7880
4431
4121
7289
9880
5783
44792
8774
204231
35318
7200
1898
3522
5931
9666
6719
74245
10834
7158
7198
8597
167610
7834
12967
9087
7152
7968
86299
3296
6647
8677
7859
5548
55753
384823
7181
7731
6967
7753
7612
4221
4224
54070
6939
5331
9193
4851
89660
4195
14911
19517
11023
21958
8651
33965
4124
4933
7040
9178
218584
5583
5531
31679
7691
7787
5249
