2184
1477
1368
7994
2161
1319
1404
596
2394
2585
1378
3256
2323
5031
2343
1677
1546
816
1461
8185
1065
5086
552
854
1689
1883
999
3575
1118
5152
3402
1768
2341
3129
7083
1721
999
1839
2489
2223
1582
2003
2357
2868
1871
2561
2149
13470
2166
1273
2687
1814
1568
1441
2066
4288
9269
831
640
2694
2668
1817
1569
1975
1629
1657
2271
2766
2085
3097
3315
1583
7618
769
1387
2813
2965
1798
1510
10395
2089
2124
3053
2802
2257
1394
16408
3442
1527
1662
1254
2842
1505
1309
1396
1835
1046
1326
21099
2646
781
1143
699
2254
1147
759
910
1091
762
1891
4013
2106
4191
1947
3783
7482
1083
1770
1675
7705
2641
899
1159
2325
2472
795
6235
2654
1961
1390
1152
7971
1782
7606
12593
1843
1527
1089
2821
2212
2083
1386
1708
1851
1214
6333
11485
3313
2885
2510
947
1334
858
1195
1907
847
1121
1751
1700
2449
2027
989
991
2188
1453
2924
616
829
1324
3707
1702
565
1777
7196
1637
4966
3995
930
1655
3090
658
1627
2027
886
1404
2855
1638
2885
24948
2213
1635
2529
4327
1978
6454
1280
2158
1543
2047
1955
2617
2387
14700
921
667
1366
2315
1939
1693
1744
1520
2032
1406
1021
2806
1077
1265
618
5063
1161
1962
5347
2242
538
1938
9728
614
806
4801
2474
1460
961
1930
2305
2159
545
2286
6600
2394
1066
2987
4481
1130
957
1235
8067
2737
2621
910
1934
1454
4190
3645
1855
2228
1252
6108
2029
1538
3952
6362
2932
5172
7647
1526
1587
1557
1792
2748
602
1377
3167
8268
1044
1422
618
3071
1828
2196
2606
2169
3163
2043
2391
2763
1868
1345
10288
924
6821
1492
1065
1873
2626
797
4656
1812
656
2745
2095
2592
2099
818
750
1435
1081
1719
1279
2102
6483
1123
860
1988
1025
1948
3759
1146
1673
1192
797
1134
3671
1668
655
700
1025
2870
1743
1433
1144
1244
2757
3074
1948
2555
8799
1395
1527
7230
7411
1812
1016
1156
4268
607
7435
1098
2528
3408
2903
1168
814
11890
673
969
2050
7116
2377
2553
1321
2042
1184
958
1178
4385
1820
1311
1236
952
1892
5157
2262
14479
3417
2123
2667
1723
2087
2701
911
3925
9033
2805
732
1618
1855
1723
4826
13576
2979
1420
1971
2846
3380
2752
2414
2635
1481
1950
1673
2622
837
726
902
5337
1278
998
3610
4567
876
613
1045
1142
1686
573
1080
1727
1383
6659
1986
1666
2163
1591
1974
3945
1384
2527
22291
2549
1766
2233
2180
586
1674
1664
856
4837
1625
4869
3610
1620
983
1541
2290
4651
1793
826
655
8991
835
6782
2493
2185
2460
2426
1068
880
812
688
1601
1024
1915
733
1212
1688
838
5934
2760
1150
1893
2623
1388
2302
1800
5361
2901
3600
2316
633
2416
1872
827
1632
1440
15183
2481
8682
3099
1909
6571
1320
1640
1062
1011
8247
2978
1775
2510
2689
5926
2004
2425
914
1238
3151
1889
1119
2487
7906
651
2098
3949
1181
936
6264
1347
3533
1567
2102
824
2405
1570
815
804
1640
754
1497
1181
2911
1067
1843
4458
2845
712
1570
1766
4249
1893
852
1172
8765
519
1443
3189
1145
1836
11393
1458
1420
1401
888
1195
758
590
1458
2302
1920
760
1959
770
1260
735
6244
739
551
1473
2870
1750
1975
5870
8005
2815
3790
675
1143
954
607
914
2150
10076
1518
9414
2169
4493
605
5791
1499
3864
1525
1806
1211
3373
8789
2062
1709
793
741
1708
1822
2775
1514
2621
2180
964
1812
15538
2346
1234
4678
6009
1555
2324
1730
2927
2750
2391
948
4950
1104
1209
680
1151
2437
1199
1748
720
1897
9881
2320
3795
5697
9216
1480
2480
898
2548
1211
2997
843
2212
1159
3108
2028
1135
1141
519
6840
2351
974
6445
1356
2033
14706
3177
1494
2239
19533
2060
1340
1409
1645
6588
952
858
1889
12648
8301
1770
1984
1078
1331
1931
1128
1459
2069
1291
2826
1242
760
611
1953
1614
2726
907
669
2275
1418
2464
1361
2308
9934
1899
1888
1283
1425
2522
1187
816
2646
2128
1874
2138
1077
868
7935
1005
1407
964
2006
769
1118
17602
802
1263
1139
1993
3872
1129
955
1003
825
635
2927
10336
819
2075
4220
506
8390
1583
1178
2018
1323
2301
1478
2580
11643
1610
5184
687
627
3474
2023
1064
1807
832
1134
1156
3959
3426
1175
1890
1382
3288
1627
1125
926
4464
2006
1654
4407
1564
4495
2209
3126
1240
1811
1511
2838
709
2389
611
1877
1022
2033
1017
1937
1784
694
2428
2173
1212
1746
1875
2003
1120
1951
6886
1774
799
2813
1965
2187
1144
4005
2241
3747
11991
1659
1085
4089
6026
2386
829
2019
1783
3390
4910
9216
4370
1023
1670
2927
1218
2814
816
2340
1130
1249
2626
1798
2621
847
961
1927
1516
2421
1766
1681
3108
1206
2336
1517
2224
2681
2839
6588
1554
4893
873
2168
913
3017
1601
728
12430
3642
1243
3735
1067
830
1310
10052
2312
2520
1106
662
4392
2339
633
7012
1052
2080
5259
1100
1761
1081
1669
3699
786
1892
3711
1249
993
2200
4182
2507
1530
1157
1210
1271
1501
2009
746
1841
801
6497
1099
2676
1764
4154
922
941
1356
482
672
1851
2280
2846
2083
1428
1736
2562
9167
7210
871
2310
3504
1326
1358
3574
2083
1207
775
1605
2386
10687
2291
1049
4653
1458
12991
1131
2345
1811
1776
1299
2810
1392
3357
1303
1234
10444
789
12157
2533
2192
777
1818
2010
5760
2005
644
1198
1689
2629
1873
829
1181
1737
19156
2221
1685
636
1572
3245
794
856
2430
11725
908
1616
2206
766
2027
854
2730
2790
3955
1774
8541
1948
1337
8202
1259
1830
1109
1367
1813
3518
1091
3174
2262
747
10020
1641
1225
1045
1126
3574
3362
703
1062
1494
7351
2657
1719
1046
1111
2487
1205
783
9407
1030
3646
1632
2676
1588
1142
10144
9630
2246
1246
1985
3796
1922
2674
2044
1119
2721
1848
855
1577
865
1907
754
1981
1574
1160
2627
1696
1082
1992
3212
719
933
2297
1752
3084
2432
1489
2845
1407
5091
9144
1828
1733
15831
1124
2041
1569
1913
2774
2276
2030
2726
3467
1173
2090
1536
1092
1201
2096
2147
1584
1790
5757
843
1152
1639
1739
1022
2338
1274
2309
8841
594
790
3217
13333
7644
1705
706
3548
3332
5302
9703
1555
5638
1245
1230
2097
765
1228
2392
1497
869
2319
4347
827
1005
1833
1812
5650
1998
1001
2012
6978
5763
1358
2365
2531
1333
1568
656
2713
823
427
4337
862
9656
1852
1797
14343
1194
667
1061
2834
2632
11659
5714
892
3874
9380
3657
1194
2286
879
2412
4956
1599
4269
6363
2491
929
563
1460
4995
1513
1283
4980
1232
1280
1467
1510
1143
2927
2855
2324
2500
5167
1662
937
3327
1602
2933
7368
2725
6482
783
671
2339
4744
1178
2182
823
2226
8230
2262
7319
1188
827
4557
5201
880
1136
1440
1006
1390
836
1590
6126
14324
2790
13602
2290
1221
30603
940
10558
3340
907
1145
8831
3105
7822
1038
1609
1282
1096
1158
2631
7731
1175
1684
714
845
1161
2939
1807
2433
1135
696
1058
2811
632
895
1239
6054
831
4322
5075
2173
1130
1514
965
9037
1945
1821
2239
2128
7817
1246
1198
5723
4793
1631
1476
1302
3913
758
5102
3360
2083
2479
12668
1810
1457
731
1720
1113
1786
1289
1357
7014
1336
1838
2190
6994
2803
1507
12274
821
997
1593
1819
9531
4521
12163
1605
2585
1282
9887
806
1834
1823
3308
891
2457
1515
471
9628
2358
852
1386
1054
1559
1500
5039
1292
1792
2742
1829
986
2023
10494
2111
5160
636
1399
825
9022
1556
2542
1105
11707
1893
911
1675
3935
3235
489
1193
1379
2181
2649
1091
2592
1970
4455
2119
1883
6786
3966
5875
15240
974
665
820
789
4390
2382
2102
1559
1503
776
1614
930
2643
5038
1998
598
1034
887
574
1259
6065
1671
1249
2061
1063
11535
1045
1969
859
1430
1852
2887
1789
667
4247
2075
2005
10551
988
1144
1101
949
7379
3348
1466
2167
845
2028
678
1577
1329
1557
1075
3085
1200
1355
2867
1800
2472
2306
2663
11788
934
3847
1180
1538
1953
2265
2194
699
3561
945
9176
1817
1197
1499
1232
1070
779
1153
8008
2393
1317
993
1155
1840
1902
848
2062
6781
954
3552
1629
1976
2289
776
777
639
2402
5709
1549
2786
2387
1711
1059
1677
2292
1055
993
1558
1677
1603
905
1623
2848
2827
1377
686
4467
1703
1978
14794
2297
424
918
1787
2616
1107
4660
969
1644
1388
1373
1475
1414
1106
2083
3903
1728
3332
1184
4324
2425
1849
1069
10375
1755
1737
12552
2789
1853
1902
1141
1097
13346
3856
2623
1959
3452
2103
4021
1839
787
1363
843
1394
986
1612
1848
2440
1382
1756
1688
1416
7930
2436
789
907
3758
568
619
1359
1681
968
8583
2112
821
4344
2393
1362
6548
3937
1324
1142
765
2622
2039
997
2461
2062
1079
1028
1678
3166
7184
2351
2165
2518
3840
2070
2052
3254
1925
2049
1857
1231
1042
2569
666
2548
2436
2675
11255
1069
1527
7210
2194
2456
836
1233
745
2220
2877
9773
1749
1585
1216
2261
1313
1125
2633
7382
1421
2162
6156
698
13274
1621
1033
3511
2009
1209
1746
1373
2489
1073
1132
5696
3323
2484
2046
1079
629
486
1229
2588
2237
2948
1833
2546
896
714
1204
796
2188
351
1625
1966
893
1200
2453
5861
1042
9607
1999
5862
985
2359
1813
1455
2772
5427
2479
2027
1826
673
1495
1163
1570
1954
2123
3962
867
805
2591
9482
2418
1532
2177
792
1972
10920
1954
1035
3105
5555
1485
959
931
2970
3089
820
2043
1299
743
1727
1838
762
3889
1071
1339
1082
3895
8275
3447
6938
2341
2950
703
847
506
2725
1294
1213
3877
3295
1100
2642
20384
1144
6425
4676
1394
978
3719
2411
682
889
2167
1234
2348
1092
2273
906
3368
2616
2296
1180
1156
878
2829
14086
1067
1834
866
1121
2534
2255
2236
1284
1806
1026
887
1141
781
1549
935
1160
5527
1787
11014
828
1798
5566
3341
2382
1582
1916
1458
5340
4244
1229
2883
1117
1417
1625
1528
3140
831
1568
565
7049
1859
4928
2082
21207
2132
2002
4666
3033
633
1942
2390
1332
770
10013
2305
2336
2007
1948
782
21046
1686
8756
737
4918
18099
743
1007
2955
5180
1085
1452
702
6834
1507
1618
1741
360
2242
1386
9575
1517
1225
2964
1969
7254
1047
1404
1734
8759
3274
492
1293
1143
1566
1413
2940
3500
584
1884
5766
2286
1294
7719
3211
2074
2279
1121
1168
1586
1881
4246
2330
1586
15024
668
1234
6327
3432
22995
2174
1800
1227
2628
1531
830
1269
3995
1554
1257
2652
632
1597
1299
1702
10067
899
2928
3825
2407
1407
1390
6581
758
1378
2242
1863
6547
4896
1501
954
2153
2035
936
1242
1551
2673
907
800
5188
1596
17280
4026
2674
3390
1755
1284
706
8956
2856
1491
2414
1792
1421
2915
1804
1398
1474
3136
500
5640
2925
1830
13691
3180
1089
1400
2114
17108
2729
1371
1189
2085
17027
1228
5286
1115
2876
1121
2127
1513
3234
1199
1071
11972
4958
3609
1799
9409
1878
6244
1977
2730
1098
1066
1051
2292
2286
3622
3737
760
1734
5759
1949
1690
3753
804
2373
5370
2635
3177
4650
1497
652
2298
1739
2574
1250
3313
1741
1871
3923
4757
1649
793
2660
874
2105
2356
507
730
1688
3015
781
2054
1048
1775
2340
2105
1158
1175
1745
2624
793
1155
1150
1185
2331
1193
1927
1278
2652
2940
2240
19465
1876
825
615
7066
3154
1479
2361
1523
2881
1088
2358
2044
3475
3060
1667
2984
1889
1480
1340
868
11958
3570
732
1657
7914
1306
2086
1260
1329
698
2538
1313
1145
6797
2173
4318
1137
5346
5483
10031
853
2308
3022
1112
883
2752
3612
10693
552
11057
2273
2224
996
9519
5645
1471
2053
2329
1486
2274
847
585
1019
2882
1537
1312
2739
928
812
6613
776
2052
2441
1755
1610
818
2980
8272
1221
4536
2407
3882
1342
1798
2584
2523
2449
8530
1028
3463
906
1475
3648
2394
2895
2219
1525
2028
3867
2777
2278
904
1177
1168
3882
1633
6576
903
4128
504
971
2140
2135
2039
1077
4653
1554
2397
1084
5093
1802
13870
962
1060
6154
2326
2822
5080
1171
1239
2719
1619
5063
2376
1129
659
621
2190
1721
1789
8691
2278
11242
2225
7677
1561
1944
1862
2437
1570
2833
10522
3163
1350
690
5404
3394
1634
534
1441
4688
2190
591
1173
21327
1248
1989
1450
1039
1133
759
2221
12162
1638
2434
1491
725
935
2141
963
2482
1175
3024
5608
1439
1422
1259
977
1933
4222
6280
678
5188
5153
4813
2176
9770
3584
1406
3842
2596
920
2715
2812
879
1998
1317
2147
922
1873
751
9024
775
3146
1806
1279
4110
5098
997
453
1528
6023
1095
1155
1592
634
2796
1494
1027
634
1240
1184
791
5501
3117
2494
708
8190
1512
1761
1620
2690
9831
1996
1061
2463
879
1030
3544
2452
1906
1783
1116
26591
8018
2316
1879
801
1174
1319
6026
847
1779
637
1234
1320
3312
3129
3657
12303
1210
5342
1837
3052
879
1026
3291
3483
2900
2302
1105
2561
3470
2105
8710
1285
8870
840
621
512
1180
2331
5487
1772
1362
2237
814
839
2230
765
1691
2828
2234
2620
1710
732
947
1461
11484
2703
2509
1852
2667
767
1782
839
2590
2930
2457
7145
1928
2332
1943
2247
536
964
1137
1131
1155
2771
1611
810
1553
6258
1162
1658
5147
3044
3554
1309
1267
1295
1929
2126
1520
2814
5305
2211
2763
1838
1876
1064
16146
8903
1163
803
4087
2138
1523
4247
2022
3066
3515
2413
5431
2198
2744
2107
1907
5753
1765
3577
1517
2470
1048
2316
1140
1506
2184
4313
884
1884
15333
1837
3031
1917
2157
10207
1632
2653
6907
2117
20077
2277
1138
1039
692
709
871
530
2408
16032
3303
12671
1345
3186
1114
1498
835
5936
1942
8200
6961
2175
2277
1166
1275
847
1410
1721
551
2133
1794
4055
698
3223
1281
2120
2812
625
1091
1873
1000
1429
1668
1593
940
3711
834
1788
2576
2010
3896
2589
1260
1268
1297
1427
1537
2387
2233
741
1685
2279
1070
2167
2930
1035
2929
3532
14457
2220
773
1760
2485
1243
2080
1227
1341
1766
720
2025
2991
2000
1039
2169
627
1256
1188
5134
2871
1929
565
1690
4095
1218
2379
4920
2470
6314
1307
648
1800
1124
13108
1130
1167
4417
851
866
4430
1670
732
1932
710
1606
2480
1399
1381
5088
2623
6547
762
910
2343
1072
839
1552
710
1527
2224
5650
978
1471
5425
1808
1327
2712
990
3165
3827
1614
2234
864
963
1828
1432
2131
1993
615
3158
5451
8077
1334
1634
1108
20956
2704
958
522
2296
963
1096
1337
3307
3218
2269
2908
462
761
759
917
786
1955
1346
1258
2515
2264
1768
1394
2128
1542
1649
777
868
2751
2524
1304
995
12397
1484
4551
2331
3886
1595
3233
963
2549
2300
2319
3336
10361
2001
555
2384
2173
2261
2636
2083
707
2296
1879
6848
2957
2036
1941
7241
719
2527
2060
7804
761
6345
11186
712
4876
2284
6867
2126
3497
8988
1146
668
5232
2105
1519
3179
1734
1332
977
2687
2945
1151
1463
1485
5090
5534
668
1528
2073
1915
605
3152
1376
730
2163
11236
5641
1374
1846
1977
1694
10552
1206
10966
3522
1409
2437
2051
1111
2326
2240
1389
1561
2303
1169
1213
1195
4338
1530
5666
3231
636
11107
2451
1077
16418
15818
725
1261
3905
876
4409
1117
2752
2455
550
1672
1118
3430
650
1264
5971
951
6430
1152
2167
730
1103
2307
1597
4628
1004
1166
640
1676
1995
2358
5353
597
2374
1252
3074
2288
1267
1293
6051
1137
2605
1267
713
889
2320
1692
1116
7700
1186
945
1108
3580
4396
1686
1899
1288
2291
1800
10355
3391
1257
2158
735
2338
1048
3535
4602
1040
993
3603
1027
2914
2027
1686
1593
1607
915
2521
1702
9103
1198
3106
1577
2094
1232
3340
1584
1886
9377
9053
595
707
884
20659
1117
1247
3587
643
1609
1510
2398
1718
2816
785
9774
4289
4500
3159
1821
1683
1292
829
729
2006
1883
1270
4120
626
2030
1413
3394
2174
2454
3767
1541
2635
23026
5907
6559
3936
1787
2252
1295
5109
6025
998
1862
645
984
763
2585
616
1449
18965
2728
2604
4643
1064
728
5704
2678
1979
501
1614
1093
2059
1991
2201
7713
2674
667
2912
1565
1161
2913
1402
6917
3220
8098
2337
2870
1400
3192
6426
1415
6324
1149
544
5964
3724
1309
2011
4590
1855
508
25579
4818
1766
2447
3038
1992
1429
2189
1571
1498
1655
4125
1992
1080
6173
1689
1021
1024
4954
772
1210
1258
1246
7446
1212
1119
1527
6829
2088
1795
5439
986
3204
2956
2012
3307
2433
1438
1436
1330
1169
1274
1421
2098
1040
1202
1722
5802
1610
2015
2796
1036
1493
1532
1446
3942
5541
24745
11279
1483
1428
1890
2396
1472
962
2132
6961
4457
8890
2253
2385
1407
977
2212
2497
2556
1109
2275
740
1092
1116
1663
2012
2191
2612
2981
2555
3687
2062
922
1346
4649
2016
1466
1329
1478
4252
645
6389
2456
3600
1544
990
1119
1507
1460
3628
1076
2391
1703
2898
1603
2335
2374
10947
1832
1707
2818
2974
1592
5134
3150
2948
5171
1355
1575
8361
2420
2229
1938
2824
1823
1093
833
4137
5491
1665
1382
2544
6270
1426
2652
948
1684
2868
644
939
12321
605
2044
1313
848
15613
2468
1399
1498
1178
3432
2362
5110
4604
1895
1892
4943
969
1411
3275
1875
1834
2954
1832
1996
2249
791
1863
4754
1109
7510
1745
631
1470
8037
1567
752
1654
6393
985
674
2026
1084
1278
961
2641
7456
926
1079
1066
5267
1868
1177
3983
1565
2083
2462
1921
1358
792
1468
1645
954
2454
14868
6853
982
1445
1066
871
636
802
3161
805
2039
1223
5640
1796
731
2446
2301
1123
34146
1623
1726
2492
847
728
870
15516
4858
892
2533
613
871
1054
802
1706
3153
2986
12250
1455
639
557
1699
4051
1288
9294
4680
2295
709
608
27452
648
1838
2034
1726
1881
959
829
1767
1361
3661
1663
1022
1809
4212
1245
1355
1520
1030
5203
3736
9181
5457
1185
1856
1057
1211
3945
9875
4886
829
724
2401
3594
1312
1634
1805
1726
1671
1652
2497
3189
1365
15775
788
1835
16080
4865
8362
1926
857
2719
3510
854
2210
1490
2409
1244
5901
10767
1413
1562
838
965
4478
1660
1874
769
1058
1621
1884
2344
972
942
6691
676
2034
5026
1371
2493
630
1910
11165
2264
4321
1135
875
1683
1399
2117
1512
2464
1102
799
974
4276
1798
4806
1602
2049
1075
1510
1066
1423
1512
614
2427
876
1491
1067
2661
1466
2611
1574
5788
1508
7370
8600
1699
1527
1902
2281
1458
1074
1553
1511
1965
910
2232
1586
1502
4443
1806
555
1782
2232
2470
1465
2613
2014
4113
1205
2289
1956
6611
1422
5566
2480
650
3869
2645
3163
21797
1233
949
2530
676
2691
2927
829
2685
1091
810
2231
2025
1137
6754
1442
3584
1801
983
2272
2056
1903
1082
2274
1839
1257
1201
4596
1629
9105
1195
1773
1731
2965
1779
1012
1149
6003
1329
1460
2975
785
1124
705
1295
841
1667
1547
1432
1622
1672
1843
870
1683
979
3090
2386
2679
1349
5483
1098
1303
1316
1134
1959
1662
1893
967
975
3040
7230
812
2650
1907
9267
2158
2788
1257
5356
3726
1041
1967
1406
2438
5293
1433
1074
1238
2318
1817
1673
603
788
7158
2084
3338
2364
1465
1302
1331
1933
2824
1940
1257
571
1911
1170
2178
5066
1234
8542
666
1118
7252
1041
7408
1011
1027
1479
2767
1318
2578
949
1262
644
1716
1860
1465
2754
1753
2179
6210
5651
1205
849
1963
1124
1601
2418
2195
3351
4181
1784
2223
950
1317
6160
668
487
1291
3004
2637
783
1532
1157
2826
11310
5188
2006
2441
3450
1512
1151
5095
1270
966
1597
1370
1535
5124
2575
1215
1656
2429
2442
13720
1337
5052
1110
2954
760
2701
597
1983
2681
2532
2902
1496
1409
5278
1607
11426
1536
913
1841
4420
2201
2714
2374
2198
1718
1671
1443
900
1095
1015
1684
1705
2741
859
1736
1576
1821
973
1734
2328
1566
1713
1401
4033
1731
1630
876
2244
590
1946
2189
1230
946
1390
1664
1832
4477
1221
1322
2201
2195
5839
1750
1511
2127
2395
4115
1705
1441
2388
17183
1249
891
1457
1679
1134
942
2251
1527
2285
2781
1215
1300
1231
2060
1213
1610
14927
2320
1161
2768
2223
2118
782
3704
770
11294
1416
1654
2935
2530
6706
1145
2019
1826
1036
4284
1322
980
1440
2698
1818
1983
1431
8789
494
3247
1724
2652
1645
2430
2466
1883
1780
2421
3291
6590
1330
849
748
1315
1003
1010
1237
1469
2218
1479
2024
1236
879
2452
1048
1263
3001
5545
689
1996
8155
1516
1275
5881
1897
2300
944
1200
733
805
10332
1736
16580
2833
2033
1463
853
2754
2554
3176
5245
2765
5055
835
1949
825
6320
2451
1440
3404
1608
2273
2295
7352
2870
7796
10929
2938
8671
1523
1944
1043
1771
1835
2771
1155
1968
3242
6231
3164
2197
3685
1064
1460
1234
1096
1421
1932
3229
1309
2658
1643
1334
4680
1204
1052
2424
1112
1650
2158
1441
1877
2527
2477
720
4185
1907
2564
1725
1302
688
837
23126
1226
1192
1327
3290
3296
1557
9940
1118
782
1996
1102
1367
1778
649
6313
1845
1000
1924
1031
2021
822
992
2085
1000
4649
2181
2258
677
1802
1611
3909
821
2240
3694
10471
942
2143
1249
2065
1238
993
944
6424
2199
9517
3667
1692
929
2384
1735
2351
2194
518
2570
935
2538
1847
1353
3636
2391
2303
1227
2933
5680
2725
2029
515
2709
2119
1094
3356
956
6861
1544
3482
1111
806
1205
3385
901
1775
1378
3928
1991
1653
2072
3268
1339
7936
1355
773
1427
1041
18644
14423
1768
2402
1169
1721
615
1759
1826
7630
4032
1657
1616
2749
1652
1646
1378
1393
2512
8589
3911
1714
12821
839
1585
1209
725
1928
4130
5550
2168
11074
979
5474
862
1077
1079
1615
3448
2781
2109
733
1590
2019
6881
2195
1224
1525
780
2520
958
1511
1600
2360
1059
625
1470
1711
892
2382
1486
1382
3714
1500
2025
1378
1708
2989
2462
1484
8491
9165
1039
3485
782
1558
3785
1019
2078
1689
2892
6032
1670
2180
10465
1945
2080
2371
5138
1275
7240
1921
5910
567
3453
1978
1037
3428
2075
2426
1911
504
1982
8348
3126
3628
3451
9334
2288
2454
1360
1735
2020
1215
5689
6029
2091
1245
2210
3425
2673
6500
4396
1993
2305
2124
707
1804
2077
1116
445
792
15376
5029
1246
2679
1119
1846
1453
1410
2077
1053
1918
1096
1481
761
609
1088
532
5286
4443
1208
497
796
7336
2004
1711
918
5434
2330
2228
1848
1738
6113
24685
9365
4012
978
1890
918
1501
14473
2762
1745
8513
1077
1625
2224
1631
1550
5877
15488
4113
2191
14076
2219
1206
1385
1165
1555
5018
3066
10695
6591
2645
1475
1435
2971
1129
2822
1592
1832
936
1940
1731
732
1824
2708
2115
2593
692
1850
6162
2788
4410
976
2553
3440
1142
2650
1798
1183
5239
3137
806
984
891
1455
1839
1375
2176
1733
3161
1249
9332
1009
1460
5366
11655
1386
4647
1771
7867
3141
6552
1729
718
3233
1977
1977
2337
2103
2564
1620
5566
1336
2150
1366
2273
2396
1651
5214
2108
1250
1914
5101
2928
3369
7560
1449
613
474
12440
1297
2266
2763
2171
13486
1692
7796
1256
1176
1521
2354
1471
2289
1609
587
4037
725
2013
3204
3577
2450
1254
1248
3842
1383
2824
3126
1369
753
2218
7432
1594
2089
1945
3217
1580
735
946
911
3055
2543
603
1530
2572
3614
2513
3066
5070
707
2487
1321
1205
15307
7440
1218
804
2510
7341
1123
5438
1693
1622
1376
18444
10071
989
1695
1577
2533
1948
1945
1297
1585
1999
2172
961
4279
1977
1772
1146
529
3942
10617
1703
4214
9352
892
1639
1952
1146
2622
1407
1459
731
999
2530
2336
1718
500
3606
3064
1529
2241
2485
2114
1338
3187
983
4700
1259
2052
2267
1612
973
1433
3179
3158
2288
1866
1248
4433
959
2288
8424
732
624
1049
2912
1138
13920
2014
879
4754
2582
3276
1330
1484
684
2367
1854
2388
1251
1382
4757
2881
7303
1418
2615
2623
1751
1472
1340
987
1834
3052
2155
2898
747
2651
8684
1431
2176
3001
588
1522
5759
1913
3194
1748
1057
2097
2529
1065
1039
12504
1070
3065
2510
3861
894
6752
1616
1103
4077
456
645
2159
1755
7805
1034
3560
1255
1457
5378
1227
1025
1632
6841
1930
1628
1771
1559
1399
1176
2412
893
938
2682
1171
1158
1137
1997
828
792
2333
1260
1073
6020
1595
1470
1543
1736
977
1329
1352
1678
702
4993
1456
487
2486
1302
1046
11318
1389
1311
1023
1093
3087
7804
1181
1364
2885
1317
1031
1313
1072
7814
1001
6432
3321
3292
2145
1073
16693
1388
1443
2179
4512
1066
2904
13553
1970
2063
954
1632
1659
1210
954
8295
792
684
655
877
2303
2006
3691
2700
1692
1029
697
1322
1035
1857
6046
1395
7169
1356
838
1491
2202
1172
4805
2796
1090
1298
2448
4431
1144
5616
683
1450
1193
1987
1799
2336
2340
2390
1044
932
1410
1232
2590
1476
923
2071
1210
1735
1469
2442
2063
1286
2936
600
3694
4159
1264
2976
4907
1493
1914
2108
18419
3555
1496
2965
1043
4559
817
2411
12190
1054
2275
1916
1336
6577
2011
3304
2307
1062
1910
1678
1366
1102
2505
2168
1464
1638
2706
3622
881
1806
2392
1126
2043
2909
750
837
681
3113
16364
2414
580
3122
986
3280
16650
1376
1898
2834
28425
2049
1944
2133
9729
1158
1395
2640
2774
1172
1440
1658
1890
1176
4701
7353
23864
1857
1213
11154
1351
1480
2011
1924
2319
1118
920
2091
2326
2094
8207
2522
2504
2478
1154
2131
738
1184
1486
1404
2484
1344
677
2945
1950
710
1764
1786
663
2294
1228
2175
1423
1860
6976
905
1965
4163
767
1449
2716
2077
906
7810
2546
7712
6583
1376
1362
1940
1073
2432
17162
2074
3955
809
1270
7984
2373
5916
2074
1417
2621
1719
1245
15818
1525
537
2188
5248
2630
961
4168
7509
2169
3235
1658
1840
2417
2767
2278
599
6019
11112
7991
2057
813
8786
1370
1970
3633
2220
1919
3616
1833
1197
5227
883
6252
1157
2657
593
1027
1774
835
11207
2272
9618
4474
1521
2245
996
781
887
1504
8250
3771
807
760
4386
849
5706
981
2305
5649
6462
2697
1893
2408
11137
1716
8118
855
1602
2350
1525
2596
1620
6508
1357
1467
939
2976
12382
1567
1511
888
1341
1269
1087
2959
6100
894
1161
2411
1741
3772
857
3414
18260
5051
673
1428
1184
956
1340
507
2368
1323
1256
1391
1649
1371
1384
2191
1366
3992
1173
2196
2827
548
2594
2472
3108
624
912
953
2214
4653
3150
929
8488
800
1137
3373
938
1298
2446
1092
2915
1688
3158
1012
2327
3087
1291
1922
1663
2774
1973
1207
1531
2836
4491
3553
14962
1797
11920
2306
1717
4095
2462
1706
3879
2263
2783
3496
1322
2407
717
2080
896
2678
2590
1485
1250
2332
2539
2099
1992
8832
1326
5022
2211
1575
1164
2256
824
15981
1863
982
2958
1164
1191
3408
1824
1127
2721
9514
1100
4062
5974
1459
1503
1906
740
802
1345
1799
1811
1974
9534
4764
7091
1069
744
2076
1692
1024
737
2393
1037
5007
1479
1901
1170
1326
2394
2127
1109
2742
1318
4030
2390
679
1648
1606
2185
1190
4839
2494
1252
965
4200
25664
1629
2451
1459
2067
1775
1235
866
763
2287
7556
10446
563
2391
2883
512
1737
6542
942
4751
1253
5319
649
3624
5369
6723
9504
1814
2049
956
1598
815
1437
1451
2448
1673
2700
1954
2643
1812
623
1820
468
1653
1838
1501
1840
1144
1836
605
2449
2844
2392
674
675
1079
1384
1756
2463
2406
1551
1312
1611
1378
3227
9533
1754
10600
4727
844
1872
2091
1697
1358
1247
1501
1458
5789
1616
2252
697
2021
6052
1014
498
1871
2219
1037
1353
2785
2839
1884
1918
554
1437
2190
977
20461
415
974
1460
1120
2170
4647
3069
1743
4126
1617
1344
1194
1419
2617
927
1570
1781
27627
11865
1117
801
1297
6239
2147
3318
1150
1180
1750
2309
3034
1456
2013
2364
926
1388
934
2236
1466
2137
462
635
1094
1430
1097
3351
5872
1873
1301
1718
1460
1342
2149
3098
643
753
18965
910
1601
2317
862
2941
2737
1148
1889
1638
2272
1593
8077
8224
2011
1173
1573
5146
909
5051
1025
3841
2593
1573
1839
1403
1180
1296
2150
1768
2874
2324
639
2501
2435
680
2706
845
1113
2039
4237
13558
2104
1144
978
2334
5151
2353
5298
988
5249
544
2766
10928
3911
1466
1445
2118
2429
1523
2595
1836
1336
581
2461
3671
1152
5813
4428
2675
1432
1745
3719
685
5733
2324
8636
1895
889
3330
2883
793
560
1301
1441
804
8659
3638
558
1519
1172
940
7886
975
1305
1271
800
680
4593
1288
1299
838
2114
3301
1478
2030
13069
19376
1304
3070
1062
1246
2413
6026
11940
6193
1023
2721
1172
2535
1957
3711
930
2390
1403
2658
1257
1725
938
2472
1089
3062
1879
3423
2067
1106
1195
926
779
822
3144
1505
10002
1432
4031
2816
2394
923
4901
6363
2938
708
747
7015
2699
2530
1970
767
2781
3733
813
2978
1232
1185
2801
2039
2454
1398
1155
10306
1175
10629
2188
1735
4266
1859
1978
1042
912
1275
2573
2221
4449
1911
2134
2195
2040
6195
1250
562
5663
653
2326
814
1221
1875
2250
747
3937
3767
1908
1388
1757
2258
1550
1988
572
3473
4033
1231
833
1344
2252
1848
776
2080
2220
857
5539
1473
2087
4012
751
1298
5681
1012
1136
1961
1393
1818
2887
1996
643
14697
1103
1800
2527
2275
671
600
11114
1796
2694
1556
3948
924
2978
3323
2485
1652
1605
989
893
1613
2415
674
2006
2366
884
2442
3169
1655
2964
2296
775
16065
3533
954
1135
1895
1517
3308
1151
3290
1863
1909
508
1604
1952
2451
2044
3507
2798
700
1827
588
14977
1021
1942
1751
3419
17500
1352
588
4715
2982
790
1988
1091
744
9245
3036
841
2003
1689
1394
1375
2016
2017
3283
531
1144
3292
8197
1991
2819
12155
1331
1288
6369
2122
4259
1583
1258
501
2046
1265
17980
1954
7375
1657
6631
2200
930
1036
2805
2429
709
3230
772
1091
2512
1869
1995
5597
1905
1363
19186
688
5335
1698
1408
1026
1501
1995
1826
1857
1932
2957
775
1374
1290
5479
3494
1503
3035
1087
1284
1321
3897
2107
12590
1536
1481
2074
1510
3906
1278
5215
590
1152
1619
1737
1290
7622
722
2731
1715
771
2152
2216
980
678
3283
2566
2263
11198
1267
2464
2427
1100
6577
9675
1454
1257
1461
1422
941
1472
2097
3183
1578
6408
3980
3225
1493
1342
1813
730
1124
1943
8313
7717
724
7161
1569
1869
933
2121
2891
1932
1041
749
765
1981
4859
12127
8671
1111
4483
1511
6807
1597
9535
649
2690
963
2022
1118
811
2191
1518
997
1171
2128
2170
963
2405
1826
13831
3368
790
954
4855
7734
1224
808
5444
982
2358
2151
3042
2576
625
6634
1149
1578
5298
3931
1205
1272
3027
2210
1204
1039
2397
1755
4381
1635
1289
933
1729
1950
2944
621
2679
808
1159
2740
1079
1548
1012
1497
1555
14302
1190
1558
9593
2454
2199
1111
2462
2100
1724
1996
4553
4804
856
5704
984
2059
1646
4370
2084
643
14599
2558
4620
2148
2047
1698
1868
2582
2065
1712
1029
7531
12637
1082
1654
482
1728
1889
701
1303
12701
7690
1767
2523
7032
1195
6086
1775
1392
848
1799
671
879
1121
2572
3221
1124
2222
2000
2585
1881
13780
1109
3310
17943
1299
728
2981
2450
2417
5833
1753
1547
1238
997
1852
1271
5029
1445
922
14226
3941
1258
3512
2080
2003
1411
2184
1931
9889
1144
3400
1899
1084
754
1590
1246
2772
2816
5393
3315
4861
2178
2885
899
14120
1008
2327
1936
3827
12674
5205
2127
2729
829
1942
721
15225
5681
2224
1787
6230
2883
2432
8883
2382
1291
2358
1494
1193
2005
1500
1689
10203
1698
1769
2484
10994
1826
1402
1747
1034
1110
990
626
1569
1378
2256
894
5155
7826
2818
1402
2791
2575
1833
2377
3736
8232
1624
1434
1486
1824
1101
8939
848
3212
1101
678
2313
3558
3188
2268
2946
1224
11662
600
2563
10260
2515
1758
1424
2320
2009
1171
1991
6402
12427
2350
555
1289
3364
1663
1010
2858
1569
5076
1518
1586
2259
1802
1402
736
2367
2454
2012
1027
1567
1635
2172
2286
618
1472
1707
3160
9055
1186
1265
2232
1967
865
1734
3050
5226
2897
1715
911
2064
1576
8654
1483
2534
1020
2827
2134
1000
15351
12605
1677
799
1247
1969
1056
1046
2221
4242
1881
3711
33672
1995
1734
2101
9096
944
5911
2718
548
696
1975
1060
1129
1664
873
1620
3729
5866
910
615
1905
1121
3319
2263
2049
1531
947
886
7274
1365
16980
2015
2170
2798
1364
1990
731
2535
5601
14201
1467
2897
1764
2506
11267
1399
2510
564
1479
587
1739
2339
1944
632
1452
3704
1967
2374
1887
1161
2037
4186
1029
2624
1052
4425
663
1472
3865
2179
1088
1161
5926
2695
958
5050
2110
2119
2411
4232
864
1348
5844
1009
883
1318
12534
973
1513
2246
13489
913
1736
558
1401
765
934
1592
2261
3056
2792
1866
1906
1359
1097
2061
1316
1816
6114
2666
468
1971
6052
12558
9111
7687
1145
6967
2901
1449
1541
2067
5268
3153
709
10934
2572
1655
2332
2131
3638
2305
1157
1295
1406
1278
7094
2124
2238
1573
672
1540
3540
4021
1128
1239
1369
1069
1327
2231
4002
3386
1582
8576
2879
7472
2060
1275
691
3600
1293
1107
1740
1864
1690
2491
2220
2744
2932
1629
1252
2374
1879
713
12767
2387
635
2466
727
3812
3135
923
1532
2075
3199
1581
1675
5118
14674
2868
2370
1531
3458
614
1275
2100
527
2107
776
1792
1939
1338
621
997
1923
6732
2444
2735
13415
1199
3225
872
1018
2437
3575
1824
2005
1104
750
1109
1236
7091
945
1182
7283
2100
2817
1587
2840
2184
1131
2546
2141
2133
1944
1224
1379
4715
2750
1956
6915
8442
2386
7348
978
957
1513
7816
814
12310
942
2703
1720
1580
7407
2138
1837
1046
1068
1551
539
551
2592
1800
2465
838
2194
1557
1832
1272
2296
677
19399
2213
2526
5121
2566
2583
1285
4089
1610
2932
3778
9901
2740
3505
1281
7035
1268
1366
7682
2038
1216
8468
1097
3330
1953
1997
8436
3337
3733
3123
3771
1405
2744
935
982
2561
1402
1442
2171
2097
2345
702
2315
2359
2595
1815
531
1835
6367
923
1005
11325
1745
1361
7240
1848
1019
1630
4155
6711
1448
520
2125
2698
1378
2727
1051
2691
2074
7591
4605
1383
1424
1398
845
1086
619
1291
955
982
2411
6845
1055
2264
1109
1735
5338
7773
1766
3799
2936
5262
4743
2929
3919
4701
2643
2631
1748
889
1032
1501
982
3671
2621
1216
905
2773
6591
1484
425
8202
2391
2407
3412
2480
1955
1046
886
1134
2031
669
1739
1799
4966
2550
1513
2977
668
1152
5767
3378
8371
1550
985
1940
2343
2036
1493
716
2198
968
3057
6221
3273
3448
2390
14822
5894
1610
9801
1243
11929
11769
882
1243
804
2951
2671
1378
14128
2605
1429
1647
2657
903
2300
1662
2841
2276
1312
2964
5023
711
2658
2537
11684
11577
11781
3473
5193
637
912
1718
2076
5177
2281
7499
1439
1913
10476
1490
656
7691
945
1899
3705
2009
877
3745
2195
3103
1498
1714
10696
830
2249
1503
5079
9429
1578
2037
1666
2277
1157
684
7165
2050
4085
4865
2826
624
2625
535
1919
2726
942
2593
970
5774
2369
783
1327
2874
6009
1309
4871
822
2760
1704
1064
2005
2367
1144
3853
9531
1393
2201
1146
3606
2349
2407
2797
4236
3550
3809
12220
4385
3435
1074
1359
769
4064
2873
2223
2263
1367
2316
18044
1885
18037
9090
814
807
5026
1381
5027
1184
1187
4594
1507
1453
889
1592
2879
7014
486
973
4279
1751
1216
1625
1540
1066
1907
1611
2213
884
977
1930
4808
1394
1975
2349
1540
1875
1206
3068
1526
6960
1392
1685
1664
839
1101
1216
1333
1966
1859
2583
870
1100
2403
632
625
2249
1717
1468
2897
4635
557
3562
1146
1854
2338
2525
3312
1797
1654
541
5067
1326
3451
5355
887
2627
629
1144
3028
3368
2336
1893
2243
6178
2412
6433
697
1132
1240
655
4379
3246
3248
1130
1381
667
1719
2611
1116
3209
1049
2001
1848
4676
1482
4952
1945
1804
6506
1072
2539
2932
3743
1884
1035
1014
1367
2348
3374
3307
2525
887
936
2105
1097
1499
1780
1537
11387
1615
1718
918
2582
1827
2071
2157
2291
1889
791
2451
2977
561
1638
1269
757
3892
2607
1778
2533
2729
1373
851
1472
1163
2866
1142
2785
866
1222
978
6863
3235
964
828
1022
1379
3032
3394
2306
2572
3536
1135
1897
2494
824
4370
1098
8965
12336
1091
1342
1637
1797
1875
7846
6248
1588
1254
1870
1658
5496
1437
1294
2205
8420
2391
1490
3461
798
1601
2973
1271
12837
1904
1611
2153
1362
1875
694
2911
2918
2492
2945
2927
4951
3570
1450
2021
2004
2015
11328
1225
4494
2469
1055
2201
1873
5585
1061
1358
1767
20359
3122
3432
2081
1750
3061
1278
1929
2708
13561
1800
2276
1438
1011
9825
1109
1631
1132
1443
4750
3960
1065
976
8251
2152
2259
2086
1843
2387
1905
670
2545
962
2506
1328
915
1453
1684
4798
1343
2878
2913
1660
1675
2767
4778
967
2823
4688
689
5391
2502
1658
1885
1097
2379
736
1980
985
1419
2017
2038
4820
1603
1190
1196
2049
1237
3939
997
504
3697
14066
1869
1200
2171
2216
550
3077
2340
3158
1731
1660
10279
935
1581
869
923
4020
1063
1212
1155
985
1050
889
1408
1988
7289
2558
4089
1295
1726
2248
2278
617
1351
2316
866
1254
1028
2220
688
1840
10938
3559
1997
2556
5355
3375
1754
1923
3947
1041
628
1052
2810
2993
3284
4878
3061
533
3018
656
1536
1628
2577
1816
2184
2192
1481
2057
3256
1844
3354
1675
2254
5334
757
1786
1627
2203
20674
2513
2026
10239
1011
1101
2208
3601
654
3531
1400
1028
1503
1791
767
5540
2930
939
1568
2517
1275
1315
2994
1126
1970
1970
1048
18819
2511
3057
970
578
1432
2171
1548
547
1484
953
2781
1143
2225
3082
1422
1321
2156
1162
988
6907
615
887
3541
15829
1847
2088
778
1202
4241
2274
3812
1548
1799
706
2442
1102
693
1781
2236
6807
7671
2157
15798
1095
1281
818
712
1817
1958
4110
2527
2229
1954
1841
1369
2009
3071
1677
3378
1133
1398
1613
786
651
3709
3175
1298
413
1156
3821
1310
2077
1852
866
1400
656
1780
3916
1215
2232
21348
2838
10773
1721
8771
1963
2129
2599
1392
4754
4206
1958
1767
3097
2928
3821
1852
10250
3014
2325
2365
1365
831
1451
1504
14033
1817
1042
1477
1358
1633
2382
14896
2410
907
1818
1564
2223
3047
1241
3498
3253
1054
967
2475
2642
1844
1144
2765
1009
1109
1249
2759
2408
5097
2360
2935
1078
2287
1398
2650
4325
1633
708
1547
6185
5689
993
1432
1762
4438
1413
2412
5606
2348
1444
1720
1348
2306
13206
1260
1778
1839
8440
2339
2811
2220
787
491
1174
2176
11412
1524
3101
614
16083
1881
1508
988
2755
11320
8711
1514
1208
983
2792
1559
1085
2059
2629
1986
2469
1850
1298
700
2218
2168
2385
2003
4277
492
2476
13704
2718
5295
4230
2558
988
7188
2666
6752
1819
3137
1858
2134
1622
2004
674
1288
2602
2423
17122
1134
810
2308
6810
1412
2155
5944
4088
18868
1864
1591
1016
2611
8282
6322
1021
2007
9882
1178
3479
2238
15905
1295
2268
1842
3221
2821
1308
832
950
4189
1617
5283
2530
3870
2372
2134
1317
1286
1331
2908
2667
2291
1852
1299
3009
4523
1454
578
828
1685
864
954
1981
1528
480
842
3076
2573
2409
3726
9011
960
661
1220
1441
5215
2089
1487
883
4422
604
528
1929
1975
1195
12103
6403
1789
831
9793
1540
1887
17945
1519
2829
2677
2212
3670
1846
1309
1156
2676
821
1743
2072
1148
1079
1918
1374
1324
745
2062
2686
1439
657
2198
3978
577
2083
1057
1180
3003
7019
2629
1161
906
3823
9954
1010
1655
1903
1569
1427
738
1511
1973
6212
1633
1085
1486
1262
1710
2549
1708
1280
3306
4231
2481
1886
3247
809
16464
1672
2102
13566
1945
1198
2305
1057
11558
15187
2421
25254
1358
529
954
1552
723
2787
2170
3975
1361
983
1759
3112
419
1324
2014
886
1983
1058
7156
1162
931
614
1464
7553
2918
768
1869
795
1386
3054
1427
1186
3055
1301
938
2153
1178
1484
2141
833
1490
1794
2878
784
1912
2453
2487
3562
1656
968
1628
5170
1392
2401
4115
761
885
971
5793
1885
1598
1618
679
1461
897
2595
1820
1711
651
1688
2112
1114
760
1159
7354
1823
2253
2513
1385
9118
698
6924
2061
2019
3230
863
602
693
1508
3377
667
7844
1533
7153
2950
1521
1295
879
888
2110
6446
3010
1913
14455
1791
2058
2466
2501
6499
9348
3690
1155
3263
2003
2221
3776
823
1396
1425
589
1215
5899
1106
3946
2092
4737
1530
1215
587
1479
844
1555
2891
768
1774
1947
6589
2010
3235
9028
7965
1153
12123
3703
1798
1493
1645
616
3285
1811
3134
1179
1958
1696
1046
2514
608
1005
1882
913
1904
2578
2334
2635
2501
767
2339
2002
1819
2053
990
1846
1641
618
3389
972
2175
3252
1129
1816
1627
755
821
2212
10871
1643
3100
1182
1257
1733
1017
1041
987
434
1962
751
9261
10831
1501
993
2753
2451
4351
8684
4240
1857
5196
785
2984
2773
1022
3210
1017
2705
1924
2052
1455
1580
1463
1408
2216
1167
1464
1448
15701
1757
1012
1888
1974
2850
2791
1946
1718
2029
3003
1035
940
2821
2940
1399
13490
2398
2208
2390
1026
2027
1319
1513
13607
2187
924
1012
1391
2207
789
2858
632
805
2216
778
1501
2968
1214
2188
1790
2000
2724
1200
2116
9690
1650
822
2335
2421
1089
1587
2084
2601
1549
1150
666
3014
1359
1747
2628
13184
2095
1729
2536
1552
2415
757
2171
926
1089
3479
3808
2440
4817
981
2124
5512
11424
585
1231
1827
4889
4321
1666
3745
8797
1007
2326
2268
2853
3572
12430
2057
1083
2273
2589
2425
4358
1366
2570
1860
1842
2452
2767
2135
12809
1367
1745
2862
1195
1245
1322
6336
2878
1445
1448
867
1529
1877
900
2039
1584
3346
854
3080
1449
2104
1443
997
1591
1068
12683
1473
1563
2349
1559
2253
7660
1828
622
1681
5721
1550
2155
1419
1040
2407
2085
1971
2047
1929
6279
4217
933
1284
1183
2200
6782
939
7537
1484
2261
2543
3490
2575
1414
8090
11868
3617
1050
1015
1199
8953
2437
1413
687
994
1631
2416
946
1287
3243
664
8732
1917
583
1222
6200
1389
1517
1829
1937
1243
832
2187
3662
2281
10268
1847
5458
2303
533
1702
1575
2139
5302
3288
946
1463
2093
1958
2513
5814
20063
954
2535
3811
3076
1560
1289
1531
2706
3276
8556
1892
1981
2110
1575
1213
2633
2215
2776
2730
1761
2141
1371
958
1686
13169
1545
783
1508
7019
1552
2224
2570
1074
615
1827
11243
10751
1582
2289
863
749
2494
9709
8183
1530
551
2348
5376
886
2038
4917
902
1633
2576
1371
11689
1059
1478
3349
1822
2150
2524
6345
1738
1700
951
5358
1682
2452
2855
1213
1353
1338
1811
1979
2057
2657
1382
798
2324
973
1091
18974
3354
2669
1901
2493
540
2351
762
1319
1607
1446
1679
927
2235
1406
2955
1855
1473
673
1151
1295
1206
1688
2631
2641
1172
1848
1053
7887
9052
1301
1217
1690
945
8281
2238
2133
1509
7072
703
10696
2298
3050
2262
1020
1466
1769
11148
1877
779
7806
2883
5753
996
4551
1858
3423
744
1325
1522
9123
571
618
1023
2490
859
8652
1513
2315
905
907
1860
911
1987
2494
3665
9431
3280
2207
1432
2448
3260
1126
3009
1813
3116
1567
889
12912
2800
2819
2136
7038
2059
7486
3310
1299
5898
2253
3110
3728
1877
20193
4873
1765
684
1485
2494
904
2448
1127
1210
938
1744
1418
558
7930
2239
3193
3917
3379
669
2089
2279
10395
2439
2511
3814
1329
3144
1204
2776
3086
916
766
6227
2219
8958
3237
1009
1568
2514
1075
1316
1247
2580
10028
2681
2018
1397
8153
1204
3258
758
1232
1548
1998
15676
2713
2951
764
1868
1463
1557
2850
692
2712
1404
1295
5187
791
1169
2357
1737
4492
991
825
5250
7357
873
4929
599
2166
2171
2279
2365
1985
5547
10420
1638
2893
1225
1407
515
767
973
2090
1003
6168
9909
1634
730
7125
1519
11886
1276
1548
906
7373
2852
673
3720
1997
7445
1114
2016
1464
1218
1962
1668
5043
1347
985
2371
812
1941
9263
1181
7739
19515
6286
2135
3172
1218
2273
16331
3363
14260
852
899
12953
1915
2448
638
787
2316
546
2381
7904
1271
1621
709
2937
1267
1349
6088
3210
379
759
1444
1330
904
2430
1255
2300
1274
956
1197
610
6358
1010
2064
17032
7827
528
798
1087
1578
2304
1417
1002
794
1624
1378
1573
1439
1789
1787
1485
13994
7470
1151
1536
2410
1295
1935
3004
1128
1137
3066
2022
1179
2415
10346
2835
3598
1146
2179
1075
1015
1323
3224
2188
10096
1318
1370
5882
12777
1336
2558
767
2328
2138
3060
5098
3300
6598
729
7660
1946
803
5749
1733
1455
1726
671
1216
2695
869
509
1881
2182
1733
1582
937
3798
12097
1426
2136
1803
2849
6317
1147
6004
18389
3158
651
6235
1066
564
739
2257
1128
6257
1082
1964
1371
2182
1028
8217
2488
1371
4187
3208
2140
12539
940
5846
1240
2367
1503
2495
740
1294
1414
831
14232
1943
2223
2112
1470
448
5642
1940
5038
2800
2755
2407
1533
450
3066
1854
2846
2237
1545
8847
1005
708
1776
15171
1341
8453
1459
1646
1806
1986
1001
2464
595
647
19163
1657
1797
2111
12317
2006
1403
1537
1393
2202
1104
6488
2761
1954
1352
4544
1609
1450
1134
1678
1358
2322
1091
2273
679
986
1319
1867
2521
1499
920
2681
1544
826
699
1514
460
5389
2673
1304
2477
2128
2297
2706
1477
2804
1867
1294
2989
744
671
2894
1360
3627
1169
1885
1021
12002
1739
3129
789
1313
2092
766
2925
3427
1569
1270
8631
1145
2364
1124
5404
7894
2601
17927
3392
997
2485
2518
5041
1332
2752
983
2514
2312
1014
1366
7128
1514
9033
636
909
1394
1615
1140
1199
1940
681
949
1256
824
3026
2359
1544
1630
964
6166
947
842
1166
1317
1090
2825
1405
7431
2371
1412
2199
1114
5813
2880
1543
663
9997
5045
7698
809
1433
538
1980
2024
1788
9266
720
1817
1535
2482
2789
2654
789
3569
1364
842
1750
1834
984
2269
11973
1154
2932
2021
3068
777
1950
1091
1667
1166
1404
1412
3048
11430
4823
1960
781
2190
569
1806
12423
1248
1023
8764
1339
1877
1455
1381
2256
2120
1315
4433
3528
625
1072
1764
2248
847
4695
2444
1661
3141
5716
2017
7454
1756
5650
1174
3864
921
1224
3553
1045
2091
1264
1073
2612
845
1447
1750
2523
2154
1206
1718
980
1842
1189
894
2238
1751
1406
1798
2596
9984
1500
861
2467
1863
1545
2474
2076
861
2941
1935
5539
444
1804
2250
2578
2980
1747
10155
1595
2669
2345
11056
1825
2806
4086
2568
1728
2055
1468
1452
1604
3858
6724
4513
9242
1515
1425
565
1320
2848
2082
1484
1247
7662
2643
2351
1501
957
3593
2047
3212
1169
2717
1855
2422
2860
1058
1563
2235
2980
1892
928
1396
4215
1004
1076
17018
1347
1648
998
1967
3406
2868
612
959
3985
1726
2313
2645
1353
2220
4012
763
1144
7997
1565
7605
1673
987
943
587
2028
1842
1398
1393
926
2427
7248
1861
10572
1934
19221
1261
3122
17686
3284
3011
1463
2839
6435
2601
1871
3116
1906
1149
1719
1765
2845
1242
1304
3609
1340
772
1598
1525
2662
4656
948
2259
1506
551
6343
1040
14640
1766
1649
3987
2151
2064
3525
1017
1052
14190
3932
3945
765
855
3883
2586
2977
775
1571
3378
3349
1155
2008
1640
2407
887
1767
665
2529
2280
7070
986
6514
2177
592
5502
1237
7995
10081
1032
2089
888
4213
3402
898
949
2625
1652
7055
852
9523
2762
999
2705
2263
3242
497
1231
3279
1227
1132
1723
1240
1279
1227
1496
3854
1545
841
2345
1177
12529
3058
749
1298
673
3294
2765
1466
1975
1971
1372
1531
715
887
1488
2000
4568
2424
2056
3171
5541
2408
2980
574
7556
1836
4825
1681
1578
1424
2220
12512
1501
2862
728
1370
1255
3063
1272
9275
738
13872
1473
9958
1205
1745
11751
2068
1762
712
4467
2488
1217
2740
1580
1557
1787
1960
2268
685
24109
2185
3233
1861
1101
1310
3603
1748
438
767
5071
1680
717
2475
3939
1061
1958
3940
2630
3622
1203
1725
3313
957
1315
2909
5078
2390
1862
2635
2148
2376
2654
7156
1211
2179
1045
2399
3373
5935
1797
2715
5519
728
1953
2317
22734
2175
2922
1181
2912
2312
1721
1247
2726
2342
2269
2205
3150
1585
1184
2468
7790
1104
1560
1129
1041
1127
6309
1296
2739
2909
12091
1336
4747
2226
1062
747
906
594
2379
1992
3465
1348
5426
1705
1869
2219
1611
2183
855
1283
2139
1678
7981
2136
1059
23615
1714
1665
1540
16015
5118
2989
2170
1097
13326
3701
870
3812
1860
1794
2811
405
986
3889
1067
2981
2201
7952
2682
1918
3134
1398
710
2488
1116
1552
1791
5970
813
5944
1418
553
1068
743
659
2018
2928
3136
2499
5482
2104
1473
1991
1695
2639
2262
739
1829
1113
2276
3309
943
2379
1632
7116
2250
1169
2334
2343
1151
950
1112
1124
729
1606
1895
4235
2511
997
1984
2780
1421
973
2035
862
1406
957
1792
1317
2550
1313
1187
1618
1989
3318
1150
1770
2584
1670
1214
5353
1541
2265
2596
2165
1345
1837
1879
617
595
2715
1968
20373
6850
1656
1581
1249
2827
1071
1261
2339
3073
1884
2477
3027
2277
4466
2030
760
1988
2891
2393
877
1566
1964
948
1105
5661
4570
1014
2795
804
707
1385
1011
1175
931
1200
9682
3324
1751
3221
1316
2309
5136
1890
1242
3892
17115
3429
2499
1548
2108
2787
1271
2366
1893
16103
1729
3246
3102
642
1980
1161
1266
2564
1956
1982
1467
1125
2150
1937
9843
906
1024
1710
1467
3676
975
601
2922
591
906
5370
5955
2838
2892
1495
873
2269
1743
1099
2994
2881
3825
6453
3628
966
2988
1654
1251
4163
3481
599
430
2139
1271
2784
1623
1900
1326
6663
1003
2162
1798
793
3230
1859
2900
8188
1017
1873
1759
1854
1886
1811
2968
6616
2565
17327
2197
1358
1151
8823
715
2647
2500
1977
1227
3574
1868
2508
2281
1370
806
3257
937
689
1583
1727
2201
2457
2120
6315
1842
1534
1884
3097
971
2134
1531
2510
1939
2892
7528
2017
2146
838
9841
1225
1316
2413
1495
1191
1708
1624
3011
800
2811
2110
983
2154
878
1883
3166
923
5131
1051
3638
1438
2031
2090
787
3362
3818
1765
1495
1205
3895
1588
1520
848
1195
2068
1993
2266
1741
1086
1034
3656
2361
712
1245
1980
1866
1298
1547
7143
5345
2478
2262
2150
935
8069
13228
1089
2549
2892
7812
2999
1084
2721
741
2857
1547
3031
707
950
1695
1427
1737
1817
2386
1436
12652
8331
1850
1526
4908
1710
2648
1104
2745
1702
2566
1291
2095
642
1294
1842
2897
2158
872
2015
1127
1146
2563
1288
4676
1836
2018
1157
1484
1895
2919
9052
2192
2608
939
5836
4279
1083
1074
8444
1683
1725
1745
2437
1189
1807
2672
3185
2895
465
6094
1826
2077
1527
870
2752
1081
1987
2077
1321
2343
2484
1233
2558
3332
2149
1452
12422
1488
2371
2063
503
1196
900
1759
735
1080
1433
2836
1015
1610
1980
2029
2695
1734
697
4727
1438
552
1447
704
2904
3863
736
1627
1112
1484
3728
2302
5156
1219
3800
1083
2857
5667
1877
1075
1561
1086
1980
1885
1158
1406
1085
3591
5068
2608
1032
1690
2941
2570
1433
1304
2072
1521
2426
1026
1897
10845
1070
871
1768
20398
4519
4939
3977
3349
982
1957
1099
2031
1367
2976
1316
902
1183
1901
1847
1349
2322
881
1416
3435
1568
684
3300
4132
974
8021
2505
4512
1664
1032
1222
2753
2548
1690
12041
1613
2460
8306
4191
2554
10190
1817
2304
5848
936
1477
3500
2796
1024
1874
2183
2781
3046
555
971
1274
1585
1188
1485
27362
1670
3261
1814
1021
2216
2802
3018
1060
1025
983
1889
1309
3537
4515
1187
752
2569
3578
1373
1914
1526
2370
1697
1107
10069
1332
2792
1478
998
758
1141
717
3978
1547
1432
3374
14104
3185
2482
4224
2404
1734
1074
961
6330
905
665
1738
1854
1085
1299
5893
12652
1120
2399
2092
1254
2907
1007
981
7822
2347
1018
6141
1131
729
3131
1668
2443
1884
866
13488
3264
1261
1937
10053
2026
9854
1473
1679
4173
3683
6298
486
736
3079
1917
3226
2064
1679
1733
871
536
1113
8623
2117
1178
2060
1762
11384
2715
758
8385
1398
965
1437
836
3558
643
1667
5350
2204
1581
2360
1646
1274
2805
2866
971
5071
3683
1181
2287
1686
2913
5052
964
8618
4745
3572
558
1813
901
5716
1388
1653
875
1892
2144
13227
2428
1145
3275
2781
3919
1501
570
1406
1571
2401
2437
3410
699
4266
6115
1930
2955
1027
2209
2505
5639
2528
10159
17493
2986
1044
2655
2540
2006
1295
2521
1166
1475
989
8762
740
718
616
2786
4498
2557
1614
9726
1150
1328
3025
861
1352
824
528
2835
752
2452
2071
2820
1536
1279
1442
1699
1218
2279
9473
8021
681
2365
3739
1298
3805
3880
2087
1655
1553
1207
1299
1378
3644
1856
2586
2266
7132
2123
1358
2327
3392
1404
5876
811
10333
2467
5430
910
1338
923
2138
492
1594
1055
1430
758
7166
560
4794
2533
1869
738
2825
1606
1650
2193
959
728
2699
10761
2102
1950
918
686
2297
7902
2496
516
717
617
1770
1135
2149
7173
3023
743
1174
660
990
2898
962
1293
1399
1645
1145
999
1906
881
2403
2032
1216
4747
13368
6600
1026
3819
5874
1556
1843
652
1664
1304
1716
2595
888
8356
2051
2027
1481
1015
13131
1875
1168
6857
758
1272
806
827
2348
400
1654
11987
424
6687
2434
9292
1067
1715
1216
2588
3429
1628
2258
945
1430
4351
2323
1513
2434
811
1364
19565
2092
1765
1569
1758
960
2476
3152
3220
2270
552
1415
964
1408
898
4674
3874
1465
1172
10877
676
855
1110
1166
1638
869
989
7674
2793
26299
1384
955
643
2791
9926
484
975
1858
1188
1589
3126
1055
888
4213
5562
2321
3706
5903
1093
10682
1034
2706
2559
2582
1084
1293
2529
1947
2418
1183
1315
1050
16358
1761
850
2081
1506
2281
1382
2475
1933
4086
1848
995
3065
1492
2809
2368
1681
778
2189
2656
1557
5424
1730
2490
3349
1907
4919
2943
2427
2996
2927
4915
1032
4917
2227
1924
3197
1567
1167
1582
2128
3098
1429
2994
6404
1592
1389
1762
4893
3021
2935
1122
615
2638
2026
1323
1300
1559
1513
5164
1676
2530
2879
1491
1057
2140
1183
10967
1642
5841
781
1740
7093
1340
1582
1505
1257
3383
1653
29351
1591
1294
830
7750
1439
2202
1227
1442
6657
720
8529
3703
2061
1391
1932
1235
2487
1674
1682
1212
2372
2014
1582
656
7174
2722
5562
1298
2000
1646
1967
2092
946
1438
2457
816
1109
2070
1691
1687
3820
2176
5198
2449
3503
889
1409
3309
4562
835
579
977
1066
1200
2547
1823
2705
2208
4918
2623
939
2875
2081
815
5049
1633
4588
745
2905
880
1661
1902
2153
5336
1697
3747
2641
4907
7308
1179
3190
1021
1753
2128
690
1485
2601
4021
1684
955
924
2946
1967
1831
1539
2629
4725
938
1704
2182
3855
949
3163
1978
1869
2117
6543
3748
1765
1923
4215
2423
1616
2821
593
1037
747
1888
3089
1574
14509
1003
1201
780
2955
1196
1905
1554
2489
15595
1115
1916
1913
1877
999
1078
1344
670
2985
1215
2232
2707
876
1095
2402
662
1997
1227
2295
1777
566
2242
2539
1457
1950
1290
1596
2936
2589
982
2555
2059
1038
1268
3107
667
2066
2129
2607
3404
1437
804
1719
2433
1079
4673
4169
1971
1059
1660
1350
3024
1390
2869
752
1853
1514
1719
1417
2032
13298
1469
676
3808
1348
4047
1369
1700
2095
1205
1003
1656
2365
1895
1706
783
1107
5182
1430
823
2541
2491
1372
7842
14966
5860
1187
1428
1784
16467
2376
11269
3263
1016
1573
969
7155
2176
1453
3817
1104
2028
2765
1585
9908
895
9180
1318
10386
3546
926
2185
669
1089
4236
1770
3277
729
1143
1696
1836
3559
14208
9196
1485
2117
2870
556
1306
1945
1687
2024
2028
1468
4450
2315
7091
859
2462
904
1734
2442
852
1383
3211
2607
2587
2956
2129
699
7324
2537
1609
3553
1170
1764
8774
3759
829
2214
8511
675
1585
3440
1311
1701
986
844
2855
6365
1995
2155
1309
2757
4294
945
736
1013
655
2136
1045
1191
1908
1775
1517
1022
639
1002
1774
1327
6553
848
4011
4140
1314
10327
1098
3507
1681
1676
1603
666
1471
6934
1597
2271
2699
5535
1425
1392
998
2778
2191
1305
2180
1642
2105
3304
1255
1060
2238
1376
3568
762
2241
20599
1740
1338
2841
3828
1462
755
1969
1030
2689
3933
1095
1107
1776
1539
2520
619
1871
2916
2258
3017
972
1293
11943
1612
2097
2568
2458
1009
1625
1879
2389
2418
945
1927
3248
4547
1512
1811
1163
3744
1093
673
1199
454
778
853
634
1580
1362
1681
1356
4301
1420
1222
1190
1928
8216
2015
1277
15323
2545
8830
2919
1494
3028
537
1633
819
1167
775
4617
1410
2039
1966
2273
1035
1998
620
3480
2298
1157
891
4680
639
2735
2429
1772
1941
1251
1076
1316
11000
1216
1090
2653
1449
2153
1303
922
1438
1241
1073
988
6234
2204
1610
1584
5719
2998
1946
1993
1570
2286
2464
5247
1224
1643
1464
3317
2696
5271
1169
7506
10291
2991
6663
1670
1679
1376
3144
752
3549
1156
1466
1613
1922
