13259
1613
909
1206
841
616
946
480
2408
3887
3967
11554
3252
6581
1114
1241
874
16708
1474
2880
5728
1857
1714
1039
1301
728
750
2107
551
2286
1431
1996
857
5631
875
2246
2035
752
1823
2385
1635
1429
3827
1187
1576
4353
818
1788
2002
2953
2444
2581
1854
1516
3943
1383
1764
1686
5471
618
1685
1559
2292
14828
10583
1167
1742
2676
2125
1563
1080
1500
1640
919
2362
1137
1446
1554
619
3258
1957
900
564
2188
627
661
1707
2147
3189
2244
945
3490
3499
965
6137
6304
2470
4115
1848
575
1339
1258
2847
695
747
1781
753
856
4468
1489
770
1843
751
4503
2555
1239
1381
11023
2048
5685
565
877
2343
973
944
1525
844
2706
1902
7362
823
1288
6838
1873
1408
1834
731
5142
16098
2653
2194
991
995
3874
1432
1876
1806
575
7724
5935
4962
1041
13535
847
2762
4968
961
522
3031
1483
1195
1408
22401
3102
2630
6858
462
1460
824
1263
1150
1640
2411
4869
2511
9192
1566
2358
2280
1817
1747
589
1073
2562
2969
941
995
2219
14504
7028
2007
2340
1701
3233
525
2819
1756
2038
6589
2083
1772
966
2808
1982
2017
17435
1328
1006
2296
2208
6657
6371
2023
1864
3666
1090
1932
1986
3876
802
6630
4658
964
4778
1609
18573
2586
3105
3974
1430
695
3433
2188
1519
2660
6969
995
747
17277
3114
3590
2472
1306
41673
5477
668
4582
1209
8346
730
2055
1192
730
2163
6886
8781
1273
1846
3587
1985
5167
1012
4403
3807
1214
3153
2051
1111
11274
2863
1903
1516
1640
1227
1213
1069
1647
1452
3145
2647
709
3843
2451
1077
2630
4974
1116
2337
2165
857
15911
1341
5835
5408
1291
1657
1118
2869
654
1501
2175
647
2105
1097
1448
637
960
2578
1971
11517
1107
4392
1026
2936
1995
1257
2262
571
2110
1104
4018
2406
1299
2128
5824
2136
2788
1417
1627
647
19715
2209
748
1450
1666
945
908
2646
4079
3531
1800
1145
2023
2688
2007
1703
785
2396
698
2032
865
3467
3233
632
1931
9511
1004
2554
2172
1548
2100
6270
623
2186
1939
15723
1273
8829
1621
16098
1947
2811
1687
999
3605
5369
595
793
884
1697
878
1963
4670
696
1459
1148
10099
1463
3373
726
2428
12433
1619
4364
1931
1652
1292
612
729
5052
3653
1117
2153
678
2127
18845
27140
2072
2153
8891
2174
2885
26421
5468
2521
2721
1366
3072
1295
2278
2449
1134
4851
557
803
1130
5026
526
2526
3007
2521
2697
1821
816
961
19503
3194
2025
501
1707
973
1369
1965
2542
1936
2863
786
3673
1565
1159
1957
663
2571
2764
4616
2576
5297
4116
4114
5101
1273
9327
3917
544
5847
2467
1753
1777
2335
1855
684
1662
4658
1515
2398
3924
1878
1332
1413
1550
1261
1273
4389
2214
847
3912
2846
2077
946
4954
552
1071
1258
1086
6912
1312
774
1527
1689
2024
1952
2908
1752
2843
2566
2012
2267
3595
1438
1285
1201
1348
2654
9215
2108
1030
994
1543
3558
1549
1684
2633
811
1413
1338
1613
18676
1825
3002
2155
1482
1475
11877
1624
1144
986
3077
1752
8785
11244
2473
2305
1206
977
1880
1889
1981
1822
1638
813
1549
16468
1729
2538
4436
2281
9635
2667
13072
2062
920
2043
4619
13274
1543
1132
8099
4315
854
1034
1655
3273
962
969
1119
1200
1765
2004
1368
2244
1498
7227
1794
10084
1478
27511
1832
8724
1825
2096
2051
2280
17093
1765
11497
1756
1802
4889
4949
2160
1745
3276
1823
1847
833
6502
4413
1797
1336
4574
2521
2450
2059
742
1684
6786
644
1082
3125
605
3245
1610
653
18059
2579
1979
531
2186
7304
6361
5501
5001
7291
1892
21197
944
1250
1874
6087
2856
10114
1642
2047
2217
916
1591
4333
1788
8355
1268
944
2364
2856
1360
873
2000
9858
1552
845
1628
1118
1721
857
9854
8830
2389
863
1099
9493
1881
1591
2486
1207
1119
2642
2009
1020
634
1384
2372
1336
2304
2517
2016
2117
1307
1485
822
600
1040
10498
1450
2624
2278
2989
1505
528
1528
2367
1123
10532
1084
11397
1599
907
728
1433
2965
3727
892
1868
1234
871
1657
849
2490
1495
2855
4228
1081
590
1168
2501
11654
1283
2325
13971
2473
613
540
6112
560
1003
3488
1760
1379
864
845
3772
1773
1168
1802
1571
2644
3733
1300
5736
1625
781
2766
3822
3348
1484
1185
2290
10141
1211
4262
18436
3380
470
619
1309
2159
1409
1634
1523
2206
1344
1814
2689
2758
1365
2656
810
1625
1465
12401
4256
1382
857
2474
3526
617
2746
1620
2409
1067
1896
2381
1039
1300
604
636
4675
1660
1467
862
865
2499
1698
1933
1172
826
17746
1044
2423
3201
1220
2916
630
5265
17392
1754
3655
634
875
1496
945
6047
1244
2312
1958
707
925
2234
1843
1755
1566
8043
3294
1071
1042
1474
1978
664
2112
603
1258
1153
13813
7279
13674
1782
6758
1508
1253
3039
2564
1644
3090
2868
1073
1313
2228
2418
1793
862
7749
1516
1111
2012
2076
511
2843
2205
2558
2003
5739
2239
3075
900
2123
1284
29439
2012
1629
3805
456
2997
2155
3142
1657
9562
3666
2030
577
1663
8804
1062
8394
1386
614
2366
1224
1001
2518
1241
2090
1954
1420
2140
1333
2055
1007
6343
3230
1357
1656
4134
1823
7662
1927
2236
2364
2825
1651
1294
973
2194
1569
1930
14581
933
544
702
1286
635
1736
1337
1464
2430
7269
1645
879
1683
1115
1940
2844
18035
2464
9100
900
1135
1249
1438
1846
1677
1842
988
1108
6939
3075
812
1468
2339
4904
1572
1815
2262
13103
1817
1237
1850
1683
9430
2770
1410
873
1238
1735
22119
1822
705
819
4271
2841
6265
3151
2459
1146
1669
2041
4794
2102
928
571
2157
840
1433
4413
939
8716
652
1770
10193
1144
12479
1419
1039
1567
2883
1356
2610
1326
1262
815
1126
1860
1137
2136
1124
2125
3410
2831
1205
771
2085
2100
1091
9922
2619
10653
3362
2486
1802
1091
1116
1596
999
487
1239
1237
6768
660
3041
1531
6838
3214
9614
1921
1992
13291
2395
5641
5777
1256
966
2132
1027
1496
2106
1543
1856
1655
2896
12133
14320
1584
5636
1110
3673
765
3070
597
1173
10869
2767
11467
1258
2098
1373
1595
3607
1526
913
1841
3218
1970
2856
1925
5170
11967
1548
1391
900
1118
1273
1684
13221
2535
1151
1964
2505
5221
1796
1734
2205
2009
1915
909
4686
1787
1112
1118
2244
665
1432
1292
1600
799
1420
1680
2521
11072
1050
1929
2824
1720
14263
1782
2099
8295
9675
3574
1718
1949
2442
2843
2812
938
1574
1724
1423
836
2251
1388
4393
2735
1507
1143
4210
2036
849
1769
8377
11683
924
3333
2141
3526
681
1925
6585
1610
1784
1654
2736
5969
1397
1149
1172
10109
1043
21802
2284
909
1045
9625
1442
2611
1541
3670
570
5934
3073
2366
7015
4661
2780
1883
1891
1796
2486
6515
1181
855
729
1129
2827
967
1209
1469
1987
1253
2175
951
1350
2558
3242
1742
3049
5650
681
2149
4685
1265
1275
1120
972
2944
944
1636
695
879
2128
1244
15911
2685
2529
1463
1032
6729
15181
8564
4967
2435
2888
1794
2723
858
6989
10338
1968
5792
1078
2147
2295
6740
3690
10095
6523
2938
9507
1642
1052
1534
3166
1512
2643
1155
668
8838
7345
2385
2149
3649
761
1571
2322
1249
1708
1709
3530
1309
2564
1631
1233
5953
1436
1028
1393
1112
1806
1943
14508
1094
1812
8095
711
4185
1409
13768
1860
1302
696
738
1303
1077
1296
1854
6767
2714
1075
6730
1751
1047
4602
1789
2431
1746
649
12301
2356
1000
1890
1503
10909
821
992
2339
741
2634
2545
2695
659
2452
1333
5379
941
8555
2138
3291
1190
4437
1461
1446
830
1664
1211
20422
2389
3488
2853
2988
1195
2559
1874
2454
2050
568
2365
1568
2480
2310
1124
1456
2864
2627
1496
2580
5459
2758
1850
515
6410
1575
1656
13033
1346
3459
8499
2479
1111
1007
674
1518
1139
1341
2139
2011
2184
1331
2053
4012
1560
4874
1286
2097
1303
1199
18903
8203
1768
2636
1217
2537
1003
2718
3245
2755
5395
1751
1702
1231
1807
2052
1378
1523
2300
5613
3230
875
9577
1198
1307
1541
1079
1956
3735
2108
1631
5755
1031
9596
874
1851
2223
1388
4600
7843
2109
733
6559
1311
3010
1987
1079
3310
776
2378
1112
2044
2330
2753
1059
623
1455
1861
891
3331
1155
1382
23997
1075
7411
2309
2138
3105
2391
8835
8521
4333
1235
2921
983
2303
4511
2248
1998
1937
2892
2970
1255
11027
6558
2331
12517
11189
7946
1837
6104
1852
3077
640
3452
1377
1037
11664
2075
2426
2370
514
26435
2565
1095
3628
3630
3709
2449
4116
1360
1735
1503
659
1637
3575
2464
1245
2159
2589
10688
11310
12325
2136
1810
2492
707
1804
5743
1113
408
861
29852
3155
1936
4454
1119
1814
1613
1116
1949
1053
1901
1160
1451
968
774
1061
560
3621
4440
1595
497
1792
8161
8980
1140
1057
3744
2516
2167
4577
1687
6020
7178
2435
2334
978
1976
768
1414
8425
3177
2067
7688
1077
2280
1528
5683
1491
5703
2047
14064
2902
2097
2517
3704
1956
600
3632
3062
4026
5523
7524
14911
3772
1435
2228
1151
2208
1240
3054
1724
1748
1894
899
1539
2685
1953
9185
846
1605
4020
1792
2619
976
1712
3119
1716
2481
2936
2003
6837
3629
748
1201
891
1367
1341
1819
2170
1695
1919
1650
6188
2583
1460
2306
1485
3119
1452
2520
9303
1333
6342
2821
521
4278
1977
845
8926
2143
2698
3345
2089
1558
1883
1233
1900
1610
1452
5900
2548
727
1354
2500
3002
3151
4733
1134
575
472
6710
1118
9096
2728
2586
1445
2234
6902
1929
1348
3178
10886
2657
1716
2167
572
2128
674
1891
3400
3576
2236
2486
965
1274
1276
3590
3565
1473
770
1611
6682
1472
1423
11350
4590
28657
917
1230
793
2751
13089
603
1637
1739
6867
5586
2057
5660
994
1313
1402
789
1846
13717
6715
947
1804
3410
1105
1724
2848
1724
847
9834
3026
1534
1113
1444
2089
2187
2423
1051
2177
1668
6350
976
4267
3518
1763
2111
584
4986
3533
1565
3877
3278
1153
1099
2820
1089
2875
1554
916
781
903
2487
1222
2039
494
4099
5101
2570
2241
1991
2917
1918
15125
983
2619
1259
1596
1848
2180
583
1453
1111
4531
7195
1808
1098
1494
1078
2828
2732
732
624
3159
2856
834
6578
2028
1126
4754
3453
2629
1133
1578
545
2757
1933
4572
969
1436
2681
17758
6072
2379
1769
9658
11488
1540
967
910
1834
2655
1999
36404
601
1777
2076
1556
2986
4586
873
1287
2023
1478
1454
1491
1057
1826
2132
3660
712
2088
1038
3056
2858
3350
894
5873
1452
5574
6508
458
768
2047
1364
2532
1476
1337
1315
1457
5329
2836
574
1411
10555
1798
4419
1771
2200
1398
2395
1680
996
1082
2769
1906
1549
1076
1563
1072
792
2098
1946
921
1808
2979
1428
2026
1143
1007
1018
742
1312
751
4633
10534
487
1547
2254
1046
15230
16139
1215
961
1138
1950
12738
2544
1608
1272
1025
1000
1311
1390
5388
1001
5678
2600
1500
2145
702
11072
2099
1392
2644
3751
847
2286
1779
3669
1193
1548
1551
1950
983
1001
7177
689
689
573
1017
1862
2630
8964
10492
1687
1082
627
1184
838
2013
6565
1147
5423
1174
1305
2161
2115
1172
2122
4912
1129
1308
2280
8698
1710
5132
660
2382
1114
1084
1284
3775
3202
2110
1191
1295
1410
1664
3657
1201
894
1781
1630
2096
1833
1752
4706
1638
1864
482
8310
2594
1218
4688
3682
1561
1353
2106
11597
7384
1398
1205
1131
11240
958
3751
12170
1054
3632
2139
530
6586
7848
3270
1809
1062
1910
10246
1511
1406
2244
1682
1681
1638
1251
3125
881
1858
3104
1126
1923
8168
905
837
609
1105
15635
2942
529
5288
833
1829
1471
4845
1576
2709
19841
20673
2554
1292
15859
1438
1395
1637
1884
2156
3458
1089
2095
1176
4828
6817
2167
1006
2142
2302
2436
1388
2234
1924
4529
1289
1132
1574
2209
2170
11256
9823
2819
1887
1085
2155
537
2122
1644
1879
4274
2273
2585
1586
1950
737
2148
1431
1068
3100
1402
2823
907
1862
3556
1310
1394
2839
676
1377
2810
1750
1723
3050
3035
2442
5645
1012
1366
1873
1369
4768
6633
4803
4691
1228
1598
3737
2335
2986
15628
2092
2221
6368
1325
10364
2352
537
5635
10047
2734
1180
1754
13492
2494
3409
3015
1878
1538
6846
2410
568
1239
3999
2801
2389
813
9865
953
1660
6851
3837
1919
15918
2074
1280
3367
1012
5739
1251
1903
1424
2498
3257
1169
5170
7240
6652
5981
1047
1715
996
738
887
1504
1410
2363
495
664
5967
609
4339
933
2064
4789
2716
2439
1855
1754
2517
2663
7511
1064
2188
6550
2405
6685
1611
3278
1357
1262
1897
2810
5807
1170
2393
1616
1062
1267
1087
3385
1326
651
1728
2362
1652
3617
1656
3095
3177
2590
969
1827
1162
1016
1332
479
1446
1278
1325
1511
5315
864
1202
1988
1300
2114
1927
2649
3363
921
2051
2924
2815
934
599
953
1919
2844
4397
2341
3688
1272
1495
5933
926
2159
1619
689
2895
1127
2098
957
2442
2490
1318
2047
1460
2353
2510
1782
1531
2346
5081
2880
4533
3560
11639
1169
1922
4161
1980
3420
2173
4967
2172
1814
1654
2251
717
2523
961
9039
2590
1416
1427
2274
2246
8481
2098
8832
1376
8062
1898
1058
1116
2256
767
12271
1863
1178
9279
1164
1231
3065
1824
1213
13763
2141
1218
8372
7514
1403
1627
1454
943
908
2418
2073
1651
1997
13183
5234
2621
1037
744
3966
1662
1259
655
2214
1102
10769
1622
664
1376
1284
1853
8081
1041
4337
1457
2031
2655
1091
1612
1606
2975
845
2427
2367
1596
965
3692
9148
1174
1690
1459
1842
1841
1234
866
763
3083
1875
1558
681
2914
2879
612
16323
9035
910
3785
816
4949
649
3904
3676
4083
9351
2600
2426
720
1152
694
1087
2247
1783
1568
2658
2085
2791
2552
623
3984
442
5364
1838
1501
1135
1543
2770
502
1490
1956
1487
674
788
969
1323
1517
1681
2185
1110
1255
3019
9813
3273
1840
911
5118
1248
4474
1658
2071
1697
1385
1247
1422
1555
2695
1903
2134
859
2127
5687
1123
677
1030
2705
1037
1224
3693
2690
2813
1689
554
1407
2358
1059
7021
415
974
1552
737
2804
6919
7961
1618
2362
1682
21695
1193
1712
1754
927
1363
1917
5171
2896
1452
810
1270
2733
8090
2592
1020
1540
1726
2470
3034
2124
1925
7592
926
1252
1019
752
1598
1968
425
635
2418
987
809
15697
1776
1018
1395
3287
1363
1424
2588
11445
593
693
1350
1134
1078
3744
1024
2257
4931
1440
1886
2668
2956
1527
6244
9416
1285
1173
1636
9317
903
2731
1174
2453
7271
1661
1459
1559
1131
789
20530
1429
1872
1654
1024
12437
2572
638
3296
846
1163
2039
1708
5194
2116
1144
963
1548
2616
1801
5293
1446
14442
877
1414
1626
2522
1466
1021
3473
779
1629
2644
1620
1289
534
1908
1996
1072
6082
4964
2999
2362
1970
6019
885
7774
4683
31223
2895
753
3711
6889
1930
560
1448
1369
1037
2508
2685
553
1746
1198
1053
9467
3745
1451
1436
882
680
9396
1894
11425
718
2014
11715
767
3286
3646
14864
1815
8416
1497
1218
2761
12859
7244
16061
803
2833
1086
2894
2415
3146
963
7694
996
11574
1257
1156
2165
1078
1089
2686
1690
2613
2163
1106
1174
2717
816
1288
5793
1546
5503
1192
4648
1182
2247
1696
6412
19147
1634
535
665
3256
2227
2955
3071
721
3163
6190
667
4609
1410
1185
1554
2031
2579
1417
1062
2991
1592
15217
2145
1714
3802
7314
1653
1042
1059
1235
2709
2837
4219
2131
2337
1904
2289
2662
1029
631
5657
931
1678
976
1295
1802
7815
721
11685
3768
1500
1631
1654
1678
2445
1681
1097
8923
4344
1979
1846
971
2691
2670
2218
2239
8714
772
11533
1133
2570
3722
742
3640
1804
1012
2205
2373
6964
1386
1980
6788
641
2462
1101
2745
2481
1783
637
454
1806
1668
8504
1658
4325
924
8821
13667
3497
2180
2006
973
688
1608
2077
806
2066
8449
748
3497
8757
1909
10211
971
703
3860
3089
921
766
1351
2172
13736
1151
2734
7310
1233
451
830
1672
2682
2144
7741
1828
700
1683
588
1515
1222
1631
1824
2496
1557
5844
794
4915
2317
728
4428
1534
698
13793
3036
1483
2003
9727
1508
1590
1895
14210
1801
571
1488
5212
1874
1726
2025
1497
1642
992
3848
5303
2428
1612
7284
528
5245
1535
10206
1880
4763
3563
1832
2052
804
1016
2363
2013
527
4382
553
1456
2100
5241
1455
6199
2368
1210
1661
635
7705
1629
1341
1285
1059
2339
10104
1218
1486
2655
992
1312
1176
3347
14901
2158
3331
1297
962
1107
3780
1766
3783
1874
1193
2333
1514
8784
1719
2048
590
1205
2537
2325
2074
4232
722
2673
1814
674
1904
2720
1531
678
7628
3197
1936
8236
1408
2550
11274
1100
4130
10838
1443
1290
2917
1395
833
1472
3616
5325
5379
10578
5316
7942
1341
1360
1350
857
2374
2406
2366
2357
997
4943
1569
1481
1058
5532
1949
2218
6650
749
837
1024
5704
3131
2377
1875
2504
10685
4506
1210
4025
2076
4015
1324
1315
1606
689
2294
775
1194
11975
9295
1650
1833
2092
1948
2317
2289
790
1211
2757
2753
1224
808
6781
2261
2358
2353
1779
5513
501
4676
1124
1439
2857
4014
1456
1268
2051
1856
1204
1235
4209
1755
7254
1535
1306
920
1623
2159
8213
805
6444
697
891
2102
1001
1743
1012
2419
1053
2638
1142
2371
7376
2089
2932
1689
7924
1477
1843
2105
2834
3935
822
9367
664
1411
1636
5510
2084
724
3565
1915
3509
1739
2077
1617
4586
8293
2765
3107
1814
4470
2042
902
1058
482
1556
2188
1055
1732
4909
4192
3556
1738
1799
1887
6086
1471
1658
804
2085
822
1313
2393
6266
2488
1126
4169
1186
4684
2770
11708
1591
2694
7357
1519
813
2476
2188
2060
6399
1627
1595
1955
678
1824
1285
4310
1286
504
3151
3959
2629
3357
1524
2293
1693
1905
6373
4809
990
4470
971
592
658
21516
612
2374
37951
2116
3133
2743
2178
4519
1039
9919
5451
2320
2119
2038
9146
3337
2509
2399
829
2143
721
2880
1926
2620
1810
7208
1810
2174
3623
2546
1333
2014
1425
1561
2498
1500
1618
2489
1425
11991
2047
2594
1978
1209
1744
941
1186
1129
730
1404
1359
2963
1317
2695
2310
2199
1235
2178
2746
2562
1733
3070
3017
919
1932
12679
2016
2755
4303
848
3724
1483
1071
1740
2291
3888
997
2289
987
1875
868
2328
9533
3041
1817
1182
9605
1636
1133
1991
3885
2491
2243
882
1320
2208
1443
916
7558
1216
5526
1281
6666
2369
1899
1450
736
1055
1398
1197
1136
2659
1592
2172
2286
1869
1942
1707
2781
10797
1422
4248
2577
2009
752
3020
6717
7787
3205
1611
951
2315
1741
3882
1892
3124
1314
2719
622
13355
2314
12787
1448
2133
1423
1695
1260
1355
2221
2772
2055
1519
20012
2247
1216
865
4704
854
1334
2811
458
661
8970
1383
2089
1784
5012
1687
2359
9430
913
579
2156
1159
1510
1446
1594
1125
779
2001
1557
1273
5930
4909
1438
1305
2002
2247
1028
1974
6472
10196
1706
4754
1197
2586
2816
1242
4215
564
1406
2353
1419
4132
1541
709
1980
1321
2452
2511
1891
1063
2001
1943
863
3830
757
1681
631
1302
2947
2442
696
1161
6225
2678
942
3146
2737
1976
2693
7081
794
1342
7201
1198
1165
1581
5327
973
1718
2246
4192
726
4930
558
1497
720
934
834
3083
2149
3253
1322
2775
914
1722
1978
829
1765
4572
1421
462
1908
12136
2889
11334
9645
559
1972
2489
2133
3194
2589
2328
8596
542
9869
10677
4359
5209
1640
7944
1979
1263
1349
1583
1917
5039
2600
1720
1805
759
1463
9135
3802
1017
962
1719
2102
1355
8291
6900
2307
1104
6278
3750
8439
1795
1275
506
6459
1293
837
1260
2411
1204
2931
1818
6945
8316
2071
1559
2783
2255
826
6601
2594
644
1923
756
3177
1929
1273
14112
2217
12996
1756
1408
6176
2468
3282
2295
3209
7639
1013
3788
2087
461
1863
923
1632
16032
760
621
4196
1712
2205
2151
1856
9118
1521
1734
785
962
3214
2199
1229
1441
978
750
1109
2013
2286
1045
960
6260
2485
1502
11214
2727
16149
1370
2331
2141
2444
1878
1253
1422
4529
2768
1863
6030
2045
2095
3663
2033
1014
1524
3743
967
2512
942
1851
1865
1781
2704
19712
632
1012
1449
1316
774
720
1416
1549
2559
792
1649
1082
2416
1590
2637
677
15424
2155
1196
8371
8724
4256
1269
3363
1610
2649
1836
3684
5402
12801
1897
4571
1482
1082
6767
15161
762
1802
1503
3126
2874
2300
3045
1863
6500
1409
2201
1253
8308
612
1483
961
1402
1442
1817
2097
1988
788
2293
8784
9587
1301
531
3652
2279
670
1242
20375
1007
1494
3574
1299
1019
1582
14477
3119
3424
442
2400
2039
1245
1562
1029
10599
2315
2908
7151
1955
1170
1314
999
1143
542
2059
963
2049
2361
3476
1333
2840
1109
1659
18612
6473
1755
3726
4049
14748
3295
1628
28278
1592
2804
2359
8633
863
1069
1940
1155
4718
2798
645
758
2669
11470
3095
425
6051
2513
1569
3399
2480
1955
991
932
1349
2745
669
1803
2023
16608
2548
1486
3198
668
1152
6215
2113
3746
1755
985
2353
2360
3843
1116
572
2344
1838
1895
2961
7377
2937
2207
3211
2451
1395
3993
1243
2358
2518
5021
4507
672
2169
1723
935
2634
7571
1769
2406
2992
687
7984
2008
4359
2276
1037
2795
1491
579
5045
2189
2752
3916
4807
9770
8101
637
1109
1623
3316
4490
2773
2253
3073
1217
2095
1290
888
3053
940
5591
7580
12336
791
3539
2597
3199
1372
2391
4446
965
1782
1315
7410
8523
1115
2415
766
2874
1522
948
5812
1164
3812
2811
3218
568
3214
414
3152
2586
875
3210
906
10983
2729
494
2213
1532
9869
6685
11024
832
6598
4090
3375
1791
1627
1352
1481
9806
3799
2037
1495
1757
1679
1439
7521
2861
3453
7458
8549
1208
3142
1721
1359
733
10306
2254
2501
2450
1037
2316
30059
5092
2366
2898
2951
885
1859
1744
5437
1188
1680
10652
1483
1344
752
1643
6311
10296
527
1138
10583
2373
1019
22922
1957
1358
1796
1886
2478
791
1499
1929
2262
1529
2014
1577
1392
2221
1359
1612
1526
11207
1422
1857
2750
764
1798
1149
2145
2378
1859
1458
1435
1008
2355
627
916
9383
8844
1556
2974
10037
517
2602
1327
1765
1715
3023
2925
2452
1152
787
6412
1049
3650
7433
611
1809
1014
1615
2896
2624
2445
1856
2243
1952
3933
6551
997
935
1567
655
3404
2980
12039
930
1247
609
1547
2425
1730
1861
919
1913
1956
2265
2038
4815
2617
6994
18860
3250
1873
2897
7000
1380
1688
1139
1719
2545
3604
6409
5426
885
1506
1511
1489
1506
1795
1444
5418
5714
1652
918
1482
1760
1576
1998
1492
1201
1398
3051
2276
549
1344
1022
749
5050
8102
1778
1993
1918
1291
1087
1625
1103
1679
1424
2696
827
1142
914
2451
3296
667
841
1049
1677
12335
2704
1635
5179
11338
828
2650
1555
807
7556
1083
1694
2382
793
1636
1637
2333
1685
2242
5196
1964
3568
1906
1796
7275
1503
1229
2331
3635
1959
1177
2886
1156
5046
2062
1184
9804
2959
1416
2872
1524
1729
653
1733
3413
5719
2251
5298
2321
2370
2289
1743
2004
1873
2610
1514
1319
6460
1353
1659
1873
3103
1035
1377
1533
14182
3589
12682
2013
1767
3175
2843
2661
2787
2795
3020
2111
1020
773
15861
1434
2582
1132
1314
2927
1839
1084
874
2629
2803
5196
2195
2260
6915
1905
844
1879
1219
2447
1106
902
1365
2145
5540
1298
2772
4078
1678
7192
12763
3366
901
2379
2380
555
2906
1919
1612
1712
1195
1985
839
1775
2075
3419
1824
1951
3682
1603
1372
916
2049
1064
2907
2802
475
2076
893
2237
1200
3105
3092
510
6567
2227
3018
1428
1820
2320
1306
1581
1757
2197
5254
1306
1704
956
806
1389
827
1653
1732
9087
2610
3107
1224
5729
2400
3839
655
1502
1343
752
4494
1179
3851
924
1924
20126
4818
2463
2204
1461
2680
1730
1923
4450
603
628
1051
3044
2492
24217
1973
5836
533
8124
694
2218
1332
2459
2295
2512
1948
1506
1610
1636
1354
2825
2530
970
5560
515
2952
2597
2252
2870
2220
1547
2770
2083
903
2208
2455
1334
10911
1266
787
1503
1630
793
10148
3060
1804
2381
2517
1293
1356
2622
1400
1457
1827
1512
1396
1293
3621
1182
578
1432
3203
1548
618
1197
682
1492
1397
8634
1268
1172
778
16670
1105
4089
12334
608
1365
5857
18562
1556
1569
753
3431
9795
19360
5371
1512
1629
745
2442
1682
626
3719
2236
2877
7125
1483
8849
1190
1888
818
613
1817
1401
8715
2329
3432
1575
9729
2455
1437
4232
1580
9629
1315
5920
2218
596
513
5374
3175
1592
453
529
6245
1443
1442
26480
1630
1685
656
1394
3108
1119
3244
2273
2351
5432
1983
4014
1207
3073
2434
1161
2453
5243
1985
2204
3398
14949
2616
1852
17842
2869
2953
2365
1365
719
1451
1341
2161
1470
1043
1143
2671
1488
2547
4192
2202
697
1904
1337
2352
2448
1236
1004
2547
1054
1189
2556
2958
11844
1097
1920
832
1109
841
1493
2070
2168
2879
14694
1005
3021
2329
3107
8644
994
1413
2777
10060
2582
797
2687
1844
2879
1510
2352
2463
4191
1412
1720
1419
3497
4552
736
3283
1839
6167
1642
2311
2247
787
473
9062
4211
2120
2803
7572
657
7882
1770
1077
1168
13797
2523
2580
1710
6469
983
2223
1559
1392
1838
2555
1986
2452
2066
1305
435
12521
1486
7684
1381
2475
492
2239
12496
1706
3279
2756
3615
768
1430
2515
7300
4473
2223
1858
1392
1816
6099
789
1224
2780
1854
8142
14116
2025
2908
2433
1412
9047
12349
1931
6691
1413
1187
896
3965
2333
10284
770
1848
9875
980
2743
1483
1901
1459
2770
1771
7926
3103
1109
549
1056
5092
975
2409
2769
3897
1699
1610
5020
1631
1825
11850
2449
2282
1108
2693
2831
5514
1677
1170
828
1685
1470
615
2257
2627
1061
836
4801
1436
2409
2665
2837
2040
661
892
976
2469
2102
6660
1033
12451
595
692
2103
2742
2689
2105
4283
1358
824
2134
20582
1577
5570
2722
8425
1885
15006
2643
1916
2055
1878
7777
669
1647
1909
1828
889
716
1067
1952
1066
2062
6759
1510
616
1267
16054
746
1654
1572
759
2355
2255
2351
2902
906
2526
3877
1490
1848
2000
1843
1260
724
1856
2860
4974
1692
1088
940
1257
1810
7569
1938
2681
23109
10572
2348
1412
4078
809
2089
1501
1728
12978
2517
1188
5334
1057
17941
2127
2916
4738
1739
529
640
1050
723
15779
2093
2399
1361
1140
5918
5630
419
7578
7548
860
2132
1221
2371
2524
1749
614
1289
6364
3044
1221
1869
795
1448
2100
13617
1368
4065
3056
1613
1915
1061
2595
1715
819
1715
1969
2066
784
1860
2453
1987
4674
2249
812
1020
2810
874
2742
1591
933
847
891
1889
1849
1899
1935
598
2826
1188
2244
1820
1577
643
21746
6316
1106
1408
917
14083
1894
2224
2067
1436
8296
698
8726
634
2076
1679
766
741
2212
1112
2037
723
8421
1533
3739
18557
1726
1780
1622
1329
4270
6179
1723
1585
28072
1791
2058
1551
2179
2983
11640
3419
637
5350
5776
2221
8577
1182
1013
2004
618
1573
7675
1934
2478
2422
2868
1394
1366
1005
1982
719
1572
1475
1862
1594
20289
2217
1393
2172
14024
1815
991
12157
2668
836
1616
1689
570
2367
1931
2462
1175
2940
3502
1210
2449
608
1294
2033
913
1891
11512
3594
4483
2675
767
47288
3992
2030
1921
974
1951
2555
641
2905
733
1869
2154
1311
4164
1301
608
821
1993
9321
1935
11558
1204
1230
3545
898
1496
985
434
1834
751
10981
3073
1134
1283
2753
9507
3245
1799
2883
1698
7422
962
3128
13536
1022
2899
1057
828
2853
2052
1560
1282
2249
4308
1890
1167
902
1339
9623
1932
778
1844
20821
1641
2219
1105
1808
27173
1468
1402
1086
8851
2844
1399
5894
1881
1934
2361
908
2920
1234
3172
11757
1772
726
937
1567
1826
1265
13158
632
3838
5073
810
1532
3555
1214
2369
14922
925
2525
1513
5550
5448
12321
831
2608
2049
1395
1587
3053
2436
1668
2054
978
6860
1801
1331
3941
5062
2559
945
2053
1848
2902
650
2243
1418
1503
2385
9862
3446
2672
1086
1640
1578
15862
535
1546
2009
5233
1943
1644
3079
12150
1007
1861
1147
6167
3108
5403
2385
1083
2592
2772
2382
1484
1616
2587
1239
1840
2222
2767
1373
7633
1367
2275
2779
1978
1392
2409
11569
7069
1445
1603
1058
1252
1267
2257
1205
1866
15664
944
3179
1449
3131
1583
997
2137
1106
5815
1538
768
9912
1300
1886
2171
1656
808
1375
1394
2485
2155
1445
1149
2743
1536
4231
2213
1231
12611
6340
1353
2098
1161
3475
7425
1268
1930
2135
1713
3111
2204
13347
1987
3873
1901
8886
559
1098
1591
15889
9661
1299
634
966
4334
2013
1085
1629
3104
664
2491
5753
809
1589
5749
2751
2479
1829
3073
1243
985
1735
1811
2244
13283
1822
9027
1955
533
2246
1563
1357
4963
2963
773
1342
1509
3674
2513
2391
12828
1309
2947
1856
2129
1429
1289
1551
2146
2347
3352
1458
1614
1836
1344
1213
1258
2483
2776
1917
7126
2141
1371
722
1252
13170
1399
1145
1435
2842
1552
1861
2658
2473
615
2420
5928
1300
1443
1457
1407
749
2627
2629
2543
1523
592
2364
3894
886
1211
3072
902
1475
2181
2381
1915
1101
1478
10402
1826
1713
3205
6099
1855
1510
951
5906
1743
2090
2606
2544
1617
1338
4859
1979
1829
3688
1221
798
1330
2489
2671
18332
4139
3262
1773
2539
825
2632
973
1793
2579
1685
2925
1274
11652
981
1510
998
4071
673
1029
1276
1206
1331
3147
4938
1320
2155
1226
2252
2612
1611
1217
2137
1451
14160
2689
2051
5082
1684
1254
4536
2252
7293
5827
1219
1466
2261
1307
1884
726
3132
2712
7981
1444
9083
1915
12452
678
1244
1522
6549
901
1187
1817
1957
6029
9478
1513
3620
1341
1055
5512
667
2195
1930
1579
1305
3396
1962
982
3307
3957
1626
3299
1231
2232
1532
876
14599
2108
2819
2118
1647
2351
1705
2457
1160
21595
1690
3834
6283
2200
6706
1987
1670
684
12920
4882
814
2448
1189
1210
688
1926
2112
548
4281
2232
2134
6912
3400
669
1504
2963
10772
3614
8593
1770
1322
8066
1928
12014
1703
681
974
7314
2692
3030
2164
1807
2893
2509
1212
2501
1093
2607
2593
2650
1670
1224
6869
1473
2993
950
983
732
1969
2252
2612
10569
764
1868
1463
1725
5556
870
1303
1477
871
16894
774
1264
2097
3159
11988
1057
823
15862
1903
1380
2384
664
3026
2331
2099
2773
2289
4431
2853
2329
3786
1424
1407
515
1669
1289
1956
799
1925
9292
1061
600
9787
1637
20895
1182
1969
903
4305
2881
552
10079
1673
10279
1403
1521
1439
1195
1234
2306
13057
1625
1258
3911
786
1781
8064
1181
1993
1691
6493
1723
3326
1123
2410
8359
8617
4461
709
1187
3214
1909
6148
434
763
2315
485
2349
7824
1271
6003
537
5496
1143
2603
1790
3643
347
924
1439
1510
823
2768
1042
2411
1010
915
638
639
7174
783
1661
2805
2541
649
711
1130
1211
2299
1417
5571
855
2173
1739
2065
1438
1789
1450
745
2390
10831
1528
1625
1658
1219
1907
10505
5122
894
2563
1523
1158
3475
1847
2577
5813
1236
3538
966
1496
2125
4336
1845
3252
7550
2079
3287
1720
1559
2786
763
1845
41362
4465
4753
7288
4675
2181
2528
5316
1151
11203
2329
1626
1323
625
1169
1514
852
800
2099
2037
2312
1448
1079
3564
2847
1559
2136
1378
1132
3844
988
3172
2965
2379
529
4706
898
580
739
5097
1128
5650
1082
10235
1370
3061
1612
8065
1240
1371
2007
18222
1032
18565
997
13342
1016
2367
2482
2401
861
3486
1379
831
17603
1606
2320
2935
1630
644
1677
2060
2884
2559
2345
2407
1394
764
3379
1409
1813
2237
2932
5796
1077
708
1672
14696
1212
1999
892
1672
1403
1986
1219
1993
595
1083
2086
1757
1605
1880
7311
1410
1464
769
1393
2747
1317
2074
1611
1714
2216
2658
2157
2721
1264
8786
938
1313
3135
2628
1360
11269
1136
2664
8162
1448
824
2976
1569
730
985
2411
460
15588
2779
1395
1994
4456
1909
2834
1773
4674
1684
1505
2803
769
642
1635
2251
2977
1416
2379
1098
11250
1094
8853
784
1608
2712
766
16466
30949
1569
907
7492
1170
3904
929
3281
7343
1339
12116
12341
1083
3718
3209
15203
1779
5499
983
1485
6602
697
1366
13296
1763
12643
584
1019
1464
1615
1539
1209
2233
665
1681
1972
824
2545
3408
1482
6452
1089
10422
947
1788
1344
1314
1364
3104
1346
1853
2401
1697
2013
1114
5813
3138
1705
1130
2995
16582
7601
802
943
538
1951
1874
11257
17282
819
14660
2137
2321
2861
1181
787
7636
999
817
1441
2796
1178
1563
12634
1394
2133
2462
2959
766
1526
987
1776
1649
1554
1412
12624
2806
1513
1243
781
4911
934
1830
2500
3538
1460
1904
2346
3277
1461
2249
1359
3491
669
8666
1771
539
3014
1584
3490
974
4856
2370
1592
6073
2882
1715
6689
1243
2746
1174
2722
832
3703
3485
839
2448
2344
1051
3088
603
1380
1453
3333
2128
855
2332
675
1842
1345
649
14318
1668
1420
10815
2875
8882
1161
510
2489
1863
2537
1692
2117
976
695
1659
3933
533
4731
6812
2578
6041
1619
7220
1505
2669
9680
11354
3243
4474
1810
2359
10084
2045
1796
1891
1152
1732
1556
2609
9859
1375
1585
399
5308
2848
2298
1476
1574
8097
3487
1561
1438
932
3815
7419
2024
1040
3262
2622
8959
3241
757
1018
1855
3836
1027
716
1396
9445
1006
1094
2116
3223
1552
998
8081
9476
3502
1708
1023
6103
1419
1116
2496
1353
1860
6153
1135
1114
1862
1568
5446
818
1186
1083
585
1734
2338
1329
1385
544
3941
2777
3287
12154
2192
2490
1501
3158
12665
2358
2592
1020
2926
5709
2365
19496
1607
1582
1149
1545
2252
7727
1326
1477
4675
1343
772
1534
3828
2431
10408
1058
1086
1738
551
1975
1876
4757
1739
1608
3155
2733
2085
3247
853
1078
6111
5847
3200
991
980
8069
2790
15368
1923
1751
1684
5508
1155
1541
1455
10234
1141
8439
801
2360
5587
2628
986
1895
1813
517
1849
1084
5000
6042
1419
7806
888
12141
13832
898
967
1722
1723
3504
893
2271
2884
999
2025
1248
1624
688
1214
3303
1786
1229
2284
1037
1217
1227
2017
3069
1545
1696
1827
977
7881
912
639
2319
822
1746
2294
924
1989
2904
1440
1175
645
1109
1326
3182
3338
5551
2246
2356
1777
2408
1649
574
1418
2585
6310
1660
2454
1091
2969
3161
1017
2845
972
1712
952
4324
1098
10716
738
11652
1473
1101
1229
1973
18653
2323
865
839
5838
1645
1720
3484
1566
1888
1787
2392
1441
1972
1619
2066
1159
1465
1004
1298
11598
1997
405
765
18993
2007
717
1991
5958
3433
6516
10253
2630
1981
1315
1749
3313
957
1066
1837
2049
8062
2021
2309
1297
3393
11237
7502
1381
24409
2128
1750
5186
5749
1797
3211
3067
1587
1953
2205
11673
2758
2980
1071
3079
1835
7258
1113
31010
2416
2322
2386
3418
884
1184
4736
9359
1104
1293
1184
1204
1127
2639
1008
2945
10397
17688
1336
1117
2591
1055
1137
1952
585
2488
1992
9126
1233
3752
3693
1431
2612
1650
1692
737
761
2139
1956
6951
7176
1774
8834
1467
1991
1532
18277
2075
4924
1792
1434
12012
3943
1361
2438
1595
8157
1704
405
986
5078
837
4831
1388
3781
2690
2637
1668
1417
450
2075
1005
1817
1625
10324
659
3799
1418
719
702
743
626
2127
3039
12471
1688
5109
2469
893
1662
2784
1475
6761
739
2483
871
15288
2880
1649
1658
1161
7686
4082
1288
18760
3439
1457
950
1112
1069
807
1810
2162
3318
2253
650
2230
1691
1705
1154
2760
858
1297
1366
2587
1457
4939
1273
1629
3298
1741
4307
1194
1616
2213
2158
1214
5082
1400
11278
2309
2002
2140
1825
3964
608
595
2806
1936
3888
3506
1920
834
1608
2053
1446
1629
2451
4360
1925
4302
3088
1330
5320
4626
760
1983
2725
2071
1096
1229
3295
1029
1488
6085
4684
908
1355
604
896
1385
8501
605
889
2402
10000
9357
2342
3458
2785
2309
3265
1890
1332
1889
2616
2497
1648
1668
1877
16537
996
3224
1893
27034
15144
3613
7194
561
1106
1751
1339
6099
3563
2913
2162
1836
1541
1942
7778
940
1109
2513
1467
2639
969
535
5412
631
884
2422
3324
7109
2880
1598
732
4469
2487
1733
3643
2500
3745
12270
7685
1881
2715
2053
1213
4494
2065
829
430
2007
2179
1722
5870
11572
1609
4956
1465
2393
1798
585
29907
2946
5734
3073
1017
1873
3219
1173
2491
1643
1871
3816
2568
2378
2253
1358
1625
3054
1095
2933
2587
2077
1227
7905
1908
2740
8531
1952
1703
6414
932
678
1855
1542
4320
2324
2538
7356
2950
1682
2451
5053
1702
3746
1843
1840
1939
2679
1744
1841
2526
713
3265
3971
1692
2445
2395
1349
1383
2706
2278
687
9167
2519
1264
1676
997
7490
3951
1589
5725
984
3380
1395
2019
7964
1123
2972
2031
3313
1463
1408
1963
2125
1697
792
2102
1946
2993
2141
1436
1004
719
1592
2563
846
2114
1712
1866
2751
1547
3470
5522
2240
2876
2335
1185
2535
6776
1104
2434
5999
38322
5937
1165
2075
663
2154
1261
17511
2098
1069
1775
689
1817
3271
9606
1562
19937
5317
1845
1944
1968
1612
2811
1104
3581
1702
28144
6442
2228
596
3204
1232
5616
18090
1183
2015
1108
2184
15156
1604
2578
1836
5680
1157
2817
5853
2507
9473
2254
1823
1224
2074
4279
999
1303
1826
1836
1725
1745
2210
1193
2509
2436
5121
1808
359
2715
2467
1984
1527
927
7667
2023
1702
1723
1321
2563
1605
977
2539
13464
1953
1681
3632
2574
8771
2013
488
3042
987
890
1143
1554
853
2836
1029
1204
2125
2078
8110
1709
688
1104
1863
785
1524
766
3247
5168
736
1252
1112
1009
1735
2116
6132
1560
1801
1126
3339
6546
2432
1621
1551
1915
1729
1885
1378
2133
1395
2090
4948
3051
1072
1846
2406
11479
2692
1129
2680
1633
3335
1583
4778
3977
781
1055
1510
14253
3220
1379
3387
3696
817
1953
1099
3315
1796
5070
1316
893
1183
2628
2447
1349
2854
707
1649
1569
1403
1490
2725
1126
991
3355
3379
7309
1676
868
1182
2400
1933
1994
22604
10552
7551
3332
4641
2957
5725
2825
2723
4890
922
1577
1409
2816
1322
2700
2183
1834
3095
497
1000
1314
2055
1207
935
2914
1136
24174
1979
1014
2110
2740
2916
1185
1158
836
811
1298
17803
3608
1029
612
1695
4258
1265
2806
1620
3284
1383
1258
9369
1522
2122
833
1138
758
1141
650
3729
1538
1967
5660
14644
1215
2715
9582
2404
1388
1568
1376
3185
1465
649
1786
1854
1085
1453
10116
7443
1084
2283
2427
1072
2907
1067
998
17657
1772
648
3177
1007
729
3216
2047
4218
3071
1277
1331
2543
1551
16883
5549
2282
3310
2459
2452
1792
7304
2026
526
516
1565
2047
4148
2610
874
1878
1254
1344
2134
4298
1552
1310
990
1986
13983
6117
688
6315
2117
974
1734
1927
2051
640
1882
7942
2489
2129
2549
1882
1761
6130
2732
909
3091
3035
3044
2245
1790
2954
10262
870
10411
3590
3758
667
2156
1441
5770
1776
1653
760
4304
1860
4272
7983
1097
1532
4901
5709
1958
510
1433
5028
5402
2331
7119
697
4620
7497
2688
1970
1564
2137
2724
4600
1873
9712
2060
2427
1006
2887
7929
1812
1177
1898
1562
1355
2332
1932
975
718
604
2325
4335
2634
1701
6801
1242
1641
3895
689
2266
1577
528
7270
764
2359
2664
1561
1536
1269
1442
1699
1132
2125
6210
3080
1088
2285
3168
1936
3158
3449
2589
1655
1770
1409
1265
3438
4548
5732
2269
2277
2012
2945
2330
2681
3267
1619
15183
811
7036
2392
2961
1441
2124
864
1869
558
1546
3258
1170
631
3300
553
2070
3554
12831
772
1709
1547
1080
6812
1005
728
2586
2752
2068
6823
1167
1053
1566
13268
2734
501
1516
617
5132
1336
1788
2098
5509
694
1174
1338
1059
1885
1677
10940
1498
1645
1001
1290
1989
898
2352
2287
1164
15042
3026
7158
1483
3525
10377
2180
3128
901
1800
1506
1716
3117
772
1992
1245
1291
1481
1520
3254
2387
1080
2046
829
1272
835
943
6158
368
9725
3100
561
7282
10500
2249
1067
1967
1409
2533
2681
2215
2023
540
1108
2456
1204
1737
2521
701
1499
4275
1301
1697
7090
2459
977
2830
16613
3319
4829
1002
1804
687
1408
1206
2705
3943
1465
1291
11802
811
1279
1110
1493
2510
1067
897
2851
2542
14414
1441
914
748
1596
5013
480
1874
1858
1604
1589
1614
1310
905
1984
5778
5682
2655
12020
1664
6415
948
2352
2513
2582
1168
1501
1297
3128
2418
1132
1511
1044
4860
2787
621
1788
1566
2362
1561
11005
815
3665
2310
995
2278
1329
1839
2927
2735
1800
7600
2527
1762
2993
770
1484
3998
5383
17780
4392
2923
2934
1349
2358
1437
1472
1998
18036
2890
1567
1134
1604
2139
2589
1913
2142
2534
1592
1910
785
6718
2044
1563
1200
615
3354
2463
2103
1546
3014
1513
4884
4011
4206
2020
1447
1076
2238
1147
5928
1625
9319
1039
1660
6673
1130
1359
1867
1257
3383
1094
18369
1562
2118
798
3026
1511
1752
929
1403
5026
667
9574
3528
2380
1391
2079
950
5088
1674
1325
1046
1999
2037
1700
877
5879
3665
2638
1156
2097
2577
815
1719
989
1438
3237
977
1424
2402
1976
1687
2725
3237
8450
22245
2205
831
1401
4385
3761
848
527
1354
1066
987
19152
1847
2320
2074
12928
2254
1525
2906
1991
815
2688
965
13444
756
2722
938
1639
1922
2067
6277
854
2810
10690
2131
13559
1178
10806
1204
2444
2128
881
1989
2555
3318
1675
784
826
2387
922
1187
1539
2458
2746
1794
1477
1952
1698
3242
5235
1578
12361
3066
2308
1845
1789
2360
7447
2191
1491
2259
867
1073
734
2081
2847
1594
8093
1573
1089
912
2137
892
2550
20035
2653
5081
1161
1916
1848
2011
833
1078
1251
699
1555
1536
1775
4551
981
1909
6817
662
1867
805
1850
7472
566
2366
2853
1457
3015
925
1596
2277
1530
952
2369
12629
1955
1832
2853
856
1759
2760
2607
1247
2164
1333
1781
2261
1079
1575
4576
2100
933
1442
1350
10440
1067
2748
1085
1758
21610
1345
1276
3293
13175
11779
979
4429
1596
4836
2944
2137
2854
1179
2288
1675
28282
1956
1655
997
1225
20442
1941
779
2107
7574
1238
2895
4381
2895
1187
1672
1725
3013
2371
13052
2257
1016
2213
918
3334
2069
1822
3817
991
2360
1885
1019
1614
1023
14362
1093
11194
2444
662
3512
669
960
14297
9668
6387
635
1143
1208
3732
2682
1544
5152
1326
2117
14079
556
1338
1129
2120
1484
2028
1647
3506
2576
6378
907
2221
1248
1662
3486
1165
1505
3213
2605
3290
1835
1904
699
9542
2759
1261
4702
1416
1597
2527
4643
672
1739
7997
632
1968
3321
1007
1344
1502
844
6311
9209
2336
2285
2045
8536
1568
509
736
991
727
2453
1005
1182
1582
5481
1666
1022
630
995
5170
1702
12296
1452
6143
5842
939
30546
1644
2159
1563
1604
2091
894
5358
6735
4991
2171
2728
2911
1386
1595
1377
8427
4000
3548
10009
1948
1633
2987
3549
977
1000
1911
2452
1100
3252
3998
1644
1689
14943
56742
3153
755
1969
904
2365
2771
1234
1156
1894
1508
2041
694
1849
12405
2177
2830
703
1678
2918
2036
2031
2348
6596
1298
1625
2023
1721
2309
920
1929
3470
1489
1201
1811
1075
2341
1216
1063
1450
522
892
846
825
2208
2214
1649
1510
4702
1626
858
1190
1763
3371
2148
898
2399
5820
2151
6112
1494
2454
438
2038
942
1167
708
28875
1262
1075
12556
2571
3230
1355
600
2561
1561
2365
746
1975
521
2961
2354
1547
1451
1142
888
1389
5922
10050
1204
2745
1449
1826
1002
780
2344
1610
654
1986
2631
2594
1417
1674
10257
3082
1946
1847
2076
1978
2621
5039
1470
1812
2518
1596
9418
3100
1788
6146
8182
2485
6275
1372
1904
1190
3615
608
3475
1598
2679
1613
2291
1379
1821
1132
11485
7507
2364
1802
1113
1999
2054
1244
1865
1717
1524
965
2653
1266
686
1553
4727
1504
7986
1566
2160
1612
8309
2030
3765
7905
9642
3122
1311
2276
1508
2141
1538
1265
1460
4075
1018
3865
1939
1801
765
1485
1592
1959
6762
1947
5493
17731
2338
2503
645
1807
1900
1601
1838
2566
2155
1830
6048
1866
2005
1962
1769
17943
1157
1725
2135
3521
1709
1129
1695
1368
2467
27944
1146
14674
2543
2827
2107
1984
1539
801
2426
3122
1347
2767
692
10034
1912
673
748
1235
1337
1317
923
1291
2244
1568
1090
5326
2243
2442
1538
743
1386
2022
945
1163
1466
1424
1082
1005
6586
1811
705
1693
1013
1974
2892
6816
713
2317
1488
1919
1961
824
1193
1089
2470
3003
1872
554
1959
2764
1591
1900
2212
2021
2054
3745
1919
2958
2208
1821
599
2147
1197
2253
1465
1483
1260
1326
2283
1086
13518
2417
2318
4041
1081
579
3491
2191
5230
1262
2216
2136
8217
2864
3703
2410
1999
761
4163
2189
11461
2011
1188
14444
5029
1138
1206
1246
1861
1537
1798
683
1470
1052
6111
4512
2294
2329
1362
13559
1744
1244
2382
1491
11331
1330
2763
886
2919
5132
16401
1542
590
2040
727
2378
1033
2885
1221
2241
355
1594
1081
990
1563
538
949
6860
1475
1666
2109
1968
2012
2375
3817
1212
1926
2131
1590
1913
1740
1332
976
2028
910
1318
2611
2405
3795
1514
1934
2209
1482
3277
2144
13503
1076
1249
2929
1463
1414
2554
1095
1548
5689
2826
2722
1169
3524
634
1550
2644
4373
9409
911
1613
558
2842
1366
2148
3887
1933
766
1505
1756
1871
2214
3728
1091
619
6286
1018
2548
24027
1225
1594
782
2564
974
1289
1387
10595
1014
10073
1012
2040
829
1248
2088
1056
954
2539
1794
835
2281
1622
688
2677
2761
1306
3634
1417
817
1515
2086
2084
2104
921
1238
2438
552
12599
1908
2084
1980
2661
1545
1896
670
1098
1103
1393
1367
1409
2182
832
1520
2278
619
2324
6821
991
2445
2669
2150
12088
1211
5564
1841
1747
11970
2515
1991
505
923
2444
1213
966
786
883
1680
4087
8032
2545
1193
1492
600
814
2830
1977
1613
772
7153
2204
3762
25103
1699
1473
7808
2338
3565
1925
1397
2300
1532
1866
1614
1203
1051
10282
2844
1061
1939
5802
751
6873
1825
1160
2250
2069
15864
3461
1418
10227
2069
1096
2404
18088
1880
1969
1127
3086
2396
2074
1010
2306
1015
1854
962
828
604
891
5579
2818
28492
1487
2394
1179
2409
2058
850
1289
952
705
1013
10865
821
2652
989
9014
2323
1021
14597
1644
2055
1338
2012
12587
4879
1059
1714
766
2338
2321
796
5286
675
1795
2102
615
2387
976
15562
4266
2189
1919
1773
2070
7174
3010
1956
3165
1784
3224
806
6114
1344
7258
988
5808
1654
901
4605
7904
14777
2592
737
2183
1034
2947
12103
12771
2100
2557
1296
11950
3593
17390
2102
623
3241
1496
1278
668
1171
3795
10909
1350
2712
2538
1331
1739
1315
1027
1730
1363
1593
3232
879
2226
1105
1465
543
945
1109
6165
2692
1478
2735
861
696
2646
2244
2292
1804
1680
1361
911
1982
1804
2200
6303
1372
3602
1638
852
21100
4442
2343
3050
1804
18055
2582
1258
8011
1541
722
1929
2194
931
3257
1040
1050
2959
2070
2445
6651
2130
1294
1461
4370
1505
2106
7860
735
1406
936
607
3757
5866
1951
981
1012
6745
988
2219
3416
5440
1809
1805
1477
1986
852
1004
1286
1403
4045
3699
8592
2966
1431
1205
2113
1042
10538
1250
1678
2206
2089
1090
3381
554
1324
7081
998
842
1649
1857
2509
819
682
3030
7407
2197
1128
634
1599
577
1935
2628
1000
2632
2034
1066
731
2042
1950
1229
1716
5468
741
1402
3058
4773
1611
2889
788
2007
4163
2235
1730
1919
23371
5747
2050
1314
1837
6743
6123
2572
1786
1149
937
4919
2454
910
7904
3810
1734
1219
4314
3030
704
1434
1812
20841
797
1952
619
2318
2317
1923
1306
1725
2349
2074
15138
1846
1091
3465
2179
5476
2105
1159
16698
4675
2193
4129
1777
1087
1075
1010
1574
1345
1155
2634
3887
1532
1325
1896
5689
1084
2940
1296
976
2459
761
2915
3058
2170
1171
1238
2775
1605
980
2569
1319
1906
6146
7908
1960
2195
1859
2356
1062
876
630
3999
1728
683
1331
2085
901
863
13088
1812
845
1066
15605
1515
2747
1948
807
3086
1282
1965
670
1558
1141
1253
1589
1125
5268
2717
2118
5763
1027
1652
1884
1117
3016
1255
732
3103
1992
1781
1563
1449
974
6061
1229
2185
4282
662
2418
2063
1125
1228
8393
1553
1171
2143
2561
2199
2111
841
826
952
1425
1515
3605
2322
3131
2269
24630
1717
845
1664
754
661
947
2287
2083
855
821
1809
1994
8856
1019
1558
1928
744
5654
749
5056
3325
2629
1500
2287
4159
1536
1031
2068
7506
1293
1614
1369
900
1620
1411
1702
8919
2617
940
2463
1093
14223
1570
551
437
1911
1971
2433
1161
12949
483
1103
7279
12940
2072
1382
1129
1788
2545
936
2082
8355
2561
1906
3430
1090
985
2606
1538
2263
1115
1487
1602
1933
5627
2319
1084
1485
1488
533
1918
899
1180
2028
959
11610
1728
2240
817
1718
1950
949
2346
1219
4251
1530
1587
5013
615
1729
1458
940
2187
8985
10132
1597
1644
653
2294
15743
777
3586
827
2867
4955
4072
27045
11559
1006
1841
712
899
1299
2263
7769
924
807
1339
12438
996
958
3091
2568
1476
906
2479
4165
1007
1529
1748
2343
2737
2131
2353
4685
4255
1003
1416
1633
1944
1390
1436
4111
3862
3203
1135
3602
4201
3948
1573
1787
529
3013
930
4774
1916
2050
743
1021
3199
5818
1669
3282
3832
2075
6180
4007
3543
5811
6216
2508
1341
1400
1543
1182
11633
1181
879
2601
7938
1889
1103
3344
3389
2889
10743
1446
10641
25730
1971
1155
821
4429
617
2398
2340
1310
3197
2464
1782
2181
1254
997
2368
2499
2004
2038
683
1657
1359
2408
2834
1587
1670
5903
2478
12393
7568
1488
2152
2230
831
2073
2676
4423
1263
783
817
590
4655
805
1778
793
1036
15490
2722
1497
3178
4467
7332
627
1544
1879
3706
5353
2149
2974
5421
8474
695
839
2079
8608
1908
2696
1919
2210
1596
2933
2656
1496
1563
1452
3292
1089
7542
2116
14486
2698
5150
1544
6718
2163
1337
2316
824
611
1024
1303
889
1003
2021
10013
7203
2787
1143
982
10751
6588
947
1430
1651
3156
8922
5507
6612
1035
1292
1547
3419
14142
4416
697
1467
1649
5134
14711
1211
1752
784
2469
969
3286
1065
2340
21881
2627
3749
1770
1666
1466
9665
3145
4462
2393
5576
1255
1385
2376
435
2308
1764
13154
5695
2530
2499
695
1198
1285
1568
3094
2704
1304
1714
1441
1527
3304
897
1720
811
6693
3344
3277
1350
1095
10212
1845
1129
1176
630
2204
1824
2169
4940
1447
1383
2220
4061
3939
994
2163
620
2147
2031
8129
1604
3744
1743
2474
13026
4269
2267
2164
12944
6227
2181
13482
16886
1881
2847
1609
2710
1773
849
1687
937
1223
1713
1410
2164
2865
1501
2439
2241
1077
517
2471
2459
3253
1924
2226
2700
1538
1560
12453
1152
11358
2051
2441
1234
3176
2932
3202
1379
1043
3267
864
945
3166
586
1634
1200
2867
1218
755
3307
5178
2026
1803
1892
550
6367
505
1498
2212
2228
5014
2055
1242
2081
2548
1653
2481
5646
2479
8026
8044
1594
1539
1021
1065
1995
1368
2473
1747
2086
2285
1563
2754
1136
1108
2172
1947
983
2582
1536
2736
5551
2215
2492
3291
1787
633
1369
1024
14883
6111
2985
1117
1125
1554
3357
1240
806
3003
1883
806
8817
728
3872
1863
590
1824
2429
1807
1357
1133
1760
2038
1211
1794
2304
2563
11316
3661
1244
6779
2130
2002
1765
2708
2137
873
3596
982
2363
932
7799
1488
23044
3799
1258
2751
1824
2919
6958
810
3635
10452
4694
1881
3022
1428
786
1485
1116
4506
2639
1016
764
538
2486
602
1029
1283
2576
4676
1224
1685
2098
10272
9799
8162
4266
1331
5660
809
1886
840
5205
3467
1737
1471
1268
2380
1059
1448
1774
5876
1095
4143
1032
1679
2324
2387
4653
1091
9964
1051
595
1851
4229
1400
2813
2266
2184
598
1343
1260
1389
2536
2532
1477
7646
2343
1563
1981
2590
2969
1791
1404
1247
1631
9532
1610
882
1580
1588
651
2412
4742
2169
6091
967
2787
1054
2494
2779
2264
2431
1039
647
2721
945
1606
1703
2394
460
2247
7039
1173
1549
1190
1366
6382
2512
3427
1747
1484
1441
1320
3158
1376
2343
1838
577
2496
1834
889
1125
1678
1994
3410
1747
1598
1586
1650
657
2454
6971
2933
1681
4748
2098
1763
13919
3100
2857
6759
5676
10723
7724
908
10850
2828
757
6469
1751
1077
2358
1177
6822
15487
816
2837
1792
5111
2332
3839
639
2077
953
2815
2109
869
3676
2010
1436
1505
889
712
633
2655
7915
6112
2037
1497
926
1840
2231
6061
3273
6172
817
715
3055
1764
4802
2534
1399
2112
2039
6813
1141
1104
1083
1363
2063
1748
1589
3229
2321
853
2195
1471
10950
3024
1801
2447
3462
6816
3329
12436
2300
2494
529
9960
1969
5797
1438
1320
2520
2662
6862
2080
545
16615
1677
5151
2789
3866
7777
3034
1613
2223
1504
1639
955
2620
2292
2422
2381
1109
948
2702
720
1256
1509
16196
2130
1297
18058
10294
2191
4580
1937
2600
1969
2081
1499
5093
7152
9249
883
2631
1235
11276
8277
2328
1847
1939
9716
7186
1417
2981
4162
2470
16115
1512
5384
2014
6371
1364
2432
2154
1210
1798
613
2652
2359
1353
3758
3944
2985
6295
1267
1136
1924
1493
2880
1658
2093
2621
2326
652
1168
4210
6329
4298
2126
970
2004
1100
1129
2221
1855
2396
1595
2621
2596
2601
5266
1459
10853
2574
14235
1565
1683
650
654
2054
491
2367
849
2492
14410
2751
1658
1195
423
2939
1830
1958
1096
784
1862
6098
1123
3249
3830
2463
1910
1434
4478
2342
930
2059
1356
9035
1507
3458
2285
1871
691
5246
10372
3599
2840
8557
2236
856
4031
1678
1613
1346
3421
1450
985
793
5353
2068
2017
4949
4471
7679
891
975
6176
1436
621
1175
6170
588
3890
1479
2923
16168
1244
4609
2095
3023
2886
1652
1648
1719
1258
2202
2882
2057
1132
2842
1766
968
2550
1060
870
1626
1899
900
752
1011
3038
1140
2256
687
1951
2257
2185
847
2219
1190
5114
791
1688
25220
1247
897
1760
8615
1689
389
3042
672
902
5095
2173
736
2596
2491
1743
23676
1294
1247
750
801
18363
1761
1883
1155
823
2681
721
5574
1096
4625
1336
4720
2051
1522
1065
2628
475
1839
2446
5302
2173
1772
7819
2481
2168
2111
1149
3833
1349
1695
1158
831
3143
1209
723
1842
3886
4475
6610
3129
1555
707
6290
2780
2049
1365
1796
1171
3273
1537
1977
13312
17316
629
2268
3691
15832
2349
4818
2947
671
2124
1357
1719
5058
2265
2461
2570
32304
618
661
712
789
3371
3488
1975
2461
1942
1430
6691
7801
1497
2379
1884
1538
2143
2144
1277
6511
2663
777
2587
889
2249
8336
5645
1524
10222
1287
2122
2887
2538
1595
2438
1504
2137
3443
1767
5686
9961
4502
1976
1733
738
4998
1365
355
1982
1430
866
2820
1037
1597
4493
555
1141
2053
2595
2009
1432
2358
894
6461
1208
2992
2268
1219
1748
1582
4301
1410
2470
1417
2526
1240
3365
8755
6129
1630
815
2116
1309
1350
2983
1299
2340
2305
1810
1811
2162
1272
825
1206
1084
1430
5886
1879
2517
1668
24367
1976
590
1929
2614
3976
649
4496
3162
1632
22190
6417
2790
6283
3309
927
1177
2834
2130
1036
8365
1456
527
2196
1393
1995
1877
856
682
1339
2416
1348
16780
3124
1719
1784
1277
1429
2313
1501
2739
929
1850
1166
4087
2410
1755
2382
7559
1910
9003
1920
1399
1958
2835
1219
2469
1907
2485
3425
1107
1313
1090
2977
3349
1291
1686
960
3075
5720
2339
1944
7166
5352
1640
1017
4555
661
4557
4598
1577
11907
505
1229
1356
1748
10651
2292
883
3891
1878
683
1723
9949
2014
7284
2675
1815
1401
1955
5296
4008
1139
714
9821
1738
751
2769
2291
861
1747
1718
949
1104
12471
1287
5343
1581
1690
2240
1452
6703
11862
1198
611
1739
7017
1175
1077
3515
6205
478
5749
1374
1668
1663
706
1534
3664
1704
16557
2528
4806
1910
1657
2588
9477
1064
2015
1409
838
1767
3077
2636
602
2638
2502
9392
12331
5286
2919
628
932
1828
782
1216
2017
2278
470
3771
2232
17903
2430
16031
2497
2061
882
2038
1999
18504
1839
711
1154
2918
2176
2613
901
6007
1467
1374
691
8578
2636
849
1112
7992
930
2673
2846
1715
15740
7942
696
5455
1933
1051
4670
5656
664
1426
14927
1233
3733
814
2362
1480
1847
8848
1153
2526
1449
1599
11018
1703
6675
3115
3595
2241
4818
11065
2206
1767
2134
1665
1962
1949
2557
500
1723
1499
1067
2474
772
2559
1294
6915
2333
2879
1516
730
801
2026
996
3093
1662
758
6019
1179
4752
1248
7225
3156
2117
2660
2784
2332
2716
1246
1424
949
1992
1524
1303
1511
2368
4217
2917
2837
1915
1644
961
2785
3337
1963
913
6122
1968
1520
1743
2304
13262
822
1339
3124
1394
1104
1856
565
1019
708
7724
2638
1267
1591
479
2150
3916
2274
1330
2453
2798
624
3432
7430
1797
2281
1632
791
2033
1411
2582
757
5172
1279
1364
2159
2122
1614
1722
1887
1948
2389
1656
2157
826
4718
1322
1211
5902
1968
1757
1564
910
2880
1517
1785
400
532
1355
6279
2680
738
1963
2113
1458
2159
2645
19838
2455
2616
2694
2004
887
1329
3306
2431
1873
2018
6805
1775
501
6738
2500
8595
6800
8677
1666
1715
4694
18242
1910
1936
1311
2864
2098
1151
3171
1224
