1385
25400
17954
6771
3222
1320
1337
987
4951
2128
1889
3540
503
15196
2466
2641
1556
3004
775
3940
15523
5003
9706
1119
2805
1582
7718
1286
19141
2331
1370
3015
778
3975
1182
3043
1343
6447
988
1183
1081
1193
910
1496
1255
1647
1167
2413
1936
1155
2586
1127
927
7957
3624
1462
5767
1143
1139
2475
1936
31905
2184
1088
1648
2630
1734
2372
2443
2426
16192
2923
1555
6667
992
1826
1516
1162
1443
919
1885
1244
2192
1671
6042
1216
3053
2484
5688
2772
4440
2660
6216
7966
957
1830
7538
2575
1493
505
1713
1573
1406
1914
9189
2453
2328
2632
11701
3263
1206
33043
465
1260
3444
10869
2504
1663
2205
1684
1992
2936
1158
4190
1796
5941
12234
1190
1991
4659
1044
628
1452
1961
1338
2160
2369
2081
2241
8691
619
1370
22959
2179
2193
1334
9990
2188
1509
15311
13111
1040
2239
4031
4093
1667
1244
2492
2385
1913
11105
2111
820
3849
893
629
539
1071
25184
27492
3479
3648
2022
2130
1688
5216
593
1830
1041
951
2460
2428
2088
1206
1008
8786
1386
1028
2053
1158
3128
3080
2690
1912
6499
2271
2365
4762
1845
2178
1539
6087
771
19086
2512
718
10356
2716
1570
7013
2368
1922
14127
1188
7528
15267
3272
834
8459
15005
1399
2121
1608
1876
1300
1762
2415
1224
3178
4315
5613
3444
737
1621
818
2004
2096
2102
2106
1255
12269
13743
1296
7797
3901
628
3242
2629
1296
623
1237
2050
7827
1899
1909
2569
4198
1230
1355
888
3051
1123
7994
1793
2098
1850
1063
1229
564
2182
1874
15207
6182
1155
1055
747
1992
2797
2560
1983
1664
1870
2173
2021
3778
4428
13594
1293
7575
1932
831
3656
17838
3078
8082
3013
1273
5016
3038
1677
2690
2159
1236
2041
4290
995
3541
2032
2012
1456
801
10683
6017
1913
15201
2180
25422
1957
1587
3775
1354
2251
1195
1118
3258
3309
4552
1294
2242
6894
1564
2109
2739
2552
616
29610
1520
950
1217
1913
1157
1783
13116
3234
2886
3020
1840
989
10568
1828
1762
1558
1050
4095
3600
997
5009
879
1324
2392
862
1046
2189
1647
8985
2170
974
2961
3206
3227
1325
487
20107
1196
2166
1343
1202
2182
2114
1014
561
2725
2443
1719
2176
19973
521
1364
4416
1667
1518
3840
2153
1806
2020
1223
1379
2258
2529
19129
16459
3483
1799
2433
4025
1646
2557
1526
1081
3489
2110
805
2994
3602
2434
1239
2018
3056
14664
1268
1686
743
1455
1495
1776
2254
1618
1591
1786
1318
8950
1664
2014
2267
1128
2312
3085
7167
8953
5500
2942
8132
19267
5106
1527
2411
2820
1072
1667
1583
1051
1837
6754
2366
1190
2254
2805
1196
2312
25937
6080
4163
1278
2655
1787
2399
9250
816
2286
1924
1575
1916
2539
703
3326
6908
12628
5210
1120
11091
4246
621
788
2539
1662
285
2071
8638
2021
1324
1353
2876
1572
17103
22699
18377
2096
1992
1811
1331
14989
2096
1385
992
10945
809
1878
2168
4725
1738
2541
2067
1031
27200
14131
1494
32546
1620
798
3139
1507
796
3908
1205
664
2887
1732
7358
1779
662
3051
2358
960
1261
13227
1232
881
1762
3454
1365
2861
1170
755
2703
1404
2012
2376
16627
14302
2598
17443
15838
456
13564
905
1801
1229
15473
2289
1788
14860
5720
1643
5406
764
1797
1795
1322
1458
1734
6541
1936
1244
1094
2594
2044
2828
1715
2178
2241
2243
903
1080
1282
3645
1030
1215
13947
2071
1783
10614
1399
18791
2392
570
472
2289
1312
1696
880
15718
428
1334
4354
1559
1193
3064
1410
6254
2071
1197
1450
2193
27432
4572
2474
2229
2131
1885
562
1586
1720
23300
2386
13943
4249
4327
2740
3141
1159
1696
8215
2092
1085
822
782
2744
2667
2154
692
1930
2526
997
1870
2485
3077
1556
4746
4486
656
777
1349
2006
1905
2117
1128
7003
2410
1259
1890
2580
935
1928
1208
25864
5521
38522
1994
9708
1598
1535
870
37021
2220
12384
3472
1174
1366
1378
1737
996
1440
3645
1923
2852
1162
776
2215
2542
1160
3238
2001
3102
2340
2113
31355
1954
1278
1443
672
2435
352
1201
3312
2913
56760
1338
1104
2220
11145
1100
3644
1502
2731
574
1919
2928
773
1347
652
11508
1294
11661
2126
1323
2069
7269
5960
4246
2649
6739
11001
1689
2732
1521
2275
3301
1370
976
2444
15631
1703
24061
2586
1923
5009
3517
1269
10427
1375
1648
1037
867
9593
588
2503
2997
1691
2729
7365
1459
2304
1949
612
10037
2517
1487
1953
1081
1044
2003
1964
802
1679
685
11310
2434
2363
2407
2178
2681
1692
1240
1488
1762
2723
1305
1870
1582
941
1729
1145
2886
1011
1386
14167
35768
2395
8477
1607
2064
529
1954
2608
2469
2463
2055
5942
3118
2769
745
1672
3250
1445
10801
2408
1730
4359
6827
7773
6337
1526
1912
1718
1856
1183
1682
1715
1891
19460
6193
1780
6632
2142
1296
1307
1090
429
2474
1852
782
1136
2248
1636
17359
6422
1873
1220
2469
21593
1011
1145
1829
2839
7606
3290
3084
1331
1366
1450
2325
11929
1935
536
1494
2886
1814
2600
977
2711
1872
1999
1860
2430
1344
2257
19589
2010
21434
3438
4844
1029
8963
56424
2369
14081
3188
2118
915
2579
1462
5071
2182
3043
1459
5682
1320
1195
1781
716
2424
1653
17656
1131
9210
1808
673
2637
798
1879
644
2893
1510
2517
867
1473
7950
2692
2154
1827
370
2204
2501
1938
6851
1012
1059
2402
12188
17769
960
2950
1346
3689
2799
2228
22833
2742
5529
1167
2315
2642
1715
3293
1628
2480
1996
2379
17507
11186
1792
2315
1360
1747
1327
3397
1406
24532
1954
1946
7297
2105
7198
2091
1101
1045
647
1869
1676
6832
1641
7503
2965
23220
12653
9461
957
9533
1472
1100
1081
21117
27624
12380
1398
26278
13709
1191
696
9005
1180
1790
14059
2046
12127
643
810
4305
2626
2476
10589
863
1711
544
1421
4228
920
2887
1507
1263
12149
2128
3991
6483
5508
10355
9533
11050
3405
20093
1178
1531
2399
1652
2082
1467
3022
3626
1124
2369
1421
2486
9352
2124
1361
3147
2346
3741
3149
2044
8072
2292
1437
1058
577
1073
1274
11539
1620
1760
947
1351
1036
733
560
2443
1316
690
42555
668
8478
12781
653
2106
3146
861
1391
1825
31196
1947
1342
1134
3303
2262
1538
3471
829
1288
4873
7331
1529
1451
7887
1141
845
1805
16165
763
1907
2408
3071
2317
1283
2261
2165
3322
2866
618
6715
25451
2669
3560
2333
1068
2933
1653
2572
1603
22584
5968
413
855
3350
1065
942
1034
3007
1802
1201
1069
1879
12484
3581
17156
29973
2223
4788
949
2326
1370
2115
4479
1761
1518
1292
2045
948
887
2379
3596
1946
2018
1671
3202
6793
834
3146
1393
28446
3341
669
3458
25815
2430
11004
1293
1340
617
542
24803
4625
8804
1521
1369
2424
2683
1213
1940
2745
3046
2032
1816
1101
998
2393
18023
885
6251
6238
936
2152
1951
10013
2034
3550
2054
1427
15714
1544
2657
2033
1010
603
2614
2061
1679
1311
1804
354
2031
8442
2192
2384
1633
1330
908
2131
24578
1998
13300
5218
1166
6495
4657
2286
1376
917
1698
2399
1995
5655
12147
1409
13084
12386
16901
2002
1816
549
19111
5585
1776
997
2245
6058
15094
30474
18008
16537
2377
2183
1319
2386
624
28698
2697
1269
1710
1459
5572
2034
1955
1679
2744
1436
6641
1978
8460
6020
6382
756
891
1678
1619
22503
900
1874
2364
12474
2341
1129
983
1415
41806
8325
2358
2443
7118
1171
986
1991
2666
6316
3216
2254
1304
1760
13872
4804
14936
987
2112
6353
3101
1293
1998
1298
3146
2775
811
1338
2806
8982
1395
14118
6408
14687
2051
1666
965
16915
2372
1595
13772
2263
2204
1889
7294
1657
2019
766
1348
1591
17828
8503
18040
802
15606
1723
5690
941
3322
3017
14063
1077
2224
24387
903
707
15334
2224
8034
2934
1059
2172
18663
732
1567
2123
1725
24411
1320
1178
2358
2285
1067
1589
4772
1636
4267
1722
9624
2945
2070
1097
3440
712
30799
5390
3319
914
2557
3424
3894
11779
1941
889
4606
7338
2001
1947
2180
1244
1513
2231
6375
2360
1949
409
1486
6227
9362
2020
2019
2257
4616
1371
2272
1675
8497
3995
1187
1848
5874
2266
1070
1709
1367
6457
7286
2698
960
6974
1013
16838
1147
9348
15417
1860
4838
12186
3300
3999
1405
14727
2574
6255
2223
36148
616
816
2127
469
1604
1920
1548
1738
2333
6404
1882
274
1472
2421
20381
1753
745
1862
1711
2115
3367
2116
2541
3782
1840
18049
689
889
3030
910
13865
3176
1649
2412
1365
1413
5660
2116
1291
3234
2621
1338
1197
10781
11062
1378
2423
6031
1765
958
793
6538
2350
1875
1424
1958
7161
965
766
2416
3205
621
1175
2349
488
6956
15207
1555
3543
997
7640
1770
3663
25690
2202
7875
1549
1820
38421
7488
2158
1441
2846
1562
1719
972
1991
1272
2048
9776
1868
1022
2255
2370
1769
15525
1196
2642
2930
2064
1364
6350
1934
8762
6866
2105
15522
2298
756
1445
1784
12037
924
3614
2593
902
1540
8974
1012
2561
10027
2100
3160
4575
1941
1089
913
1623
1273
8050
1374
1924
2027
8454
12423
875
2111
8249
4248
2031
2417
2805
2927
944
1213
3034
3384
1877
2842
1015
2620
1605
727
1262
2353
2551
2677
1437
777
22238
1995
1017
11936
8523
2300
11202
9924
882
682
3426
1594
14111
9318
1270
2928
1450
5973
2918
2175
8711
1163
6324
11612
12470
2353
2671
19252
2348
1792
11181
2858
3649
2219
1946
2035
12750
1551
446
680
691
1195
12620
2874
1479
1530
1541
3016
4901
1802
2104
1003
2004
2037
2185
1944
12892
2059
754
28296
1433
2171
2495
2229
1756
1563
3878
10011
1564
14590
2252
1919
1589
859
5741
1576
9580
12807
2082
10110
10187
1836
5231
1852
351
467
1229
875
2006
953
3579
1390
681
1141
13092
2576
5040
1279
3191
1440
7503
748
7759
6127
13465
1643
11535
8126
1794
2417
2311
1788
1611
3295
6507
2187
1600
1416
1108
3151
4895
2434
6819
1953
2313
9707
969
3095
2210
1220
2021
2075
2228
1782
1573
1878
5069
2374
2186
624
1443
13956
7121
925
3054
2139
1093
773
2017
3106
10544
5296
2086
1153
5937
2174
3010
5936
5030
641
1520
2359
34877
1538
2154
1715
19757
3305
754
11771
3204
7527
2033
1839
1161
2286
4427
3155
840
3020
718
26039
7311
2053
13722
16998
1500
5697
1169
1942
526
1802
1346
1572
2326
4985
4084
1274
1313
2121
2265
8914
1749
8075
1028
3510
2392
2762
16683
1827
16607
2687
907
2150
880
2761
10906
6205
12324
1764
2464
1647
2720
18715
1669
1934
2312
2271
851
1753
3034
2216
1541
4840
1514
764
4314
1325
1992
2580
901
1601
5613
12160
2224
3358
482
3692
989
1397
18487
37517
1703
20255
671
1664
6550
1922
2540
2467
887
1501
2086
2407
1088
2288
2141
1669
741
2279
2501
4893
1412
1852
1719
2717
1709
1914
4649
26089
1765
7904
3165
5186
1601
2339
2795
876
2086
14845
1746
1125
9240
2547
3972
6432
6447
2738
1457
1045
1377
1057
3296
15841
1219
394
5450
2276
1157
2270
12287
2662
5899
1052
5121
11399
4409
865
958
709
1774
17563
1646
1582
1935
1922
888
1110
2984
2048
8570
5121
2019
606
17474
8759
2456
14174
13509
1017
3724
1804
1077
5058
1089
436
1903
2230
648
7159
1332
9548
1039
814
2959
1547
2139
1524
1382
10093
1199
2143
1845
2223
2575
1865
4497
2383
2522
1923
1259
2623
2453
2090
489
1759
6931
1529
5611
2176
1999
2172
3216
2009
26406
4164
1654
1702
969
1916
3220
2433
1070
4100
982
1714
960
27212
3019
23255
3130
2098
2539
2082
1227
1094
1839
1972
1987
1194
1551
31075
2042
10010
13120
1033
1699
910
10140
2903
1644
880
13337
2237
1162
1719
1066
2655
1221
6806
4716
1394
2180
2091
554
2310
1139
2073
2112
817
2410
431
2161
6124
2299
685
1769
5787
1600
3432
8511
2350
7957
13691
1955
2276
2218
10895
1289
2661
849
10789
16775
2684
1714
841
3068
6200
4304
19505
1974
872
9163
1195
3931
4507
40005
1285
2158
1966
2618
1539
2351
712
801
2034
2481
1764
974
1370
1719
3287
2566
1129
6803
3359
1850
3331
1937
774
1452
15154
4405
1933
2671
8076
3102
494
12612
1973
4829
1732
10016
2107
3122
2156
14663
2068
3730
1304
1646
2854
1151
2431
576
5178
1951
13699
9843
2222
1500
1813
14626
1441
2584
8572
1457
1444
1556
8168
701
1175
18004
1120
1391
27540
2676
33863
950
473
2226
2644
1106
619
984
3137
1096
3043
1821
2213
992
1247
682
9730
2227
3222
656
1352
2110
1668
1353
1099
2682
1526
30823
1418
3790
1024
1429
960
546
3058
1198
5451
1511
1094
2234
3653
2394
1203
3812
1644
1643
6231
10223
749
1417
427
23592
3915
5095
2046
737
849
1876
2381
1711
2086
6822
993
2327
2303
624
692
1193
1042
2576
2092
1248
20552
2451
2091
2666
1406
2082
1722
1839
1740
1333
1756
11710
8157
1070
2631
2516
6249
1691
2395
2629
1895
2446
4195
28608
1271
1312
2468
847
9341
2933
3365
2315
2083
25142
2616
815
933
3403
1136
1068
2743
9079
805
1364
2355
2056
1873
942
850
2333
1111
1658
2495
12939
1019
1338
1253
8603
1560
10260
2217
2526
2208
1554
1006
2210
1645
1709
1699
1434
638
2212
1734
2004
1058
1043
1189
1311
948
5822
2593
2657
9941
1969
802
1768
1325
1595
2113
2038
2052
1373
5554
2762
1107
3719
3114
16142
1333
1914
2900
2872
2261
7920
977
2654
2343
1989
1048
4212
2312
2149
1372
16066
1567
2552
1399
1974
14136
3086
1866
2612
2393
1164
1487
7603
2947
2450
12323
1268
2948
1983
1764
7043
1362
21330
1173
1812
6499
12064
8092
3898
703
13467
1137
1376
1583
6720
11313
2110
852
1497
2082
2097
1469
3423
1319
830
767
1364
1839
1265
17104
12178
790
4384
3537
3950
2895
1976
2291
3321
1619
1366
2070
2486
2889
1082
2821
1579
1436
1273
1768
10425
488
1395
16894
1851
815
1210
3651
2428
11920
2400
9262
1164
614
2428
4689
1756
934
780
1049
1882
3716
4075
4478
1558
2080
2317
1407
3156
2277
4978
491
868
3298
1838
8834
4464
1141
1827
2718
3098
6559
716
3848
5895
1095
3850
833
15390
7265
1360
961
3273
14049
768
4003
1914
641
1034
2151
29869
6089
11807
2364
11771
4802
2545
9407
804
3181
1788
1958
11008
44792
10441
5722
2467
2198
1554
1024
1323
1097
2620
4377
939
1862
2660
4579
689
1322
2439
2168
2058
3309
15123
2490
19137
1657
1058
3057
7384
2505
5435
1603
28845
1099
1865
2534
3393
3280
7787
2659
17063
1319
2046
462
694
2278
1678
11213
1003
4625
2083
2483
1647
2167
2503
415
2469
3588
11258
301
2356
4275
2859
2020
9389
1019
1395
2139
1485
3289
1363
2655
1617
1180
768
1393
1088
1281
1206
3733
1381
961
1718
2072
3338
2826
1954
2841
3556
2060
13383
3087
2195
1300
2329
2062
2005
15620
3164
978
1547
2267
2699
778
1200
3164
960
2598
1098
861
2143
2761
1251
1924
10154
1223
452
8797
14013
977
2369
995
1328
1225
915
2830
1268
1009
2946
1737
1700
3281
830
1505
30019
1763
1134
1599
4838
14449
1766
2700
14231
1418
32718
1592
3719
2820
15221
1143
2335
4353
3713
1293
1879
3050
2343
1845
6970
3103
1690
2184
3176
747
10838
9628
1287
5046
1091
2939
3052
3664
2717
721
8258
5188
2993
2522
1223
1489
2777
17417
3604
2432
1178
1236
2628
888
12271
1453
1953
5807
18279
1434
3127
2215
1310
3737
2117
1784
2411
1670
3025
787
4031
9675
935
1344
2203
5019
2212
900
588
661
8174
2215
2296
1534
2273
6139
1171
3185
2939
9560
833
8766
2377
5723
1214
1694
2175
1616
2232
770
25408
1808
1093
1991
1072
4711
2054
2310
16036
1902
1879
1894
8001
1246
2117
2332
1276
2182
1762
2846
1085
2148
2926
1134
4424
1170
1158
798
1739
825
14749
1404
2695
1290
1934
2510
3257
2129
1887
1612
3221
7758
1130
1582
661
1711
3132
1468
1298
1369
21457
2472
2334
8525
577
6642
1555
2478
740
2905
16045
8344
1966
1262
1191
633
2675
2120
4717
1261
2789
10969
1482
15926
1938
1296
9577
3152
2221
1955
4075
692
2510
1223
460
1575
1473
8274
1402
2422
665
2598
1295
2605
1708
906
4020
17145
2114
1102
19915
2986
1158
15120
2884
2397
1958
1531
2142
1798
1114
3197
1541
1122
1597
23773
1310
664
1746
8123
2260
8971
1158
2226
15571
4131
1565
1510
15138
4589
4776
1279
3456
1451
1236
1560
2415
2517
1317
1699
1236
759
1668
13072
505
3422
2122
1718
1949
29170
23467
1217
40578
18827
1368
2105
3299
2243
1800
14430
1397
40447
2124
1620
10026
26688
462
1348
1443
4439
5443
2457
2933
6454
3371
1751
769
2800
2713
1782
1074
2350
2362
11620
1257
2026
922
9741
1873
1208
2818
1195
1171
1518
12589
2035
1313
1640
943
2069
1574
5412
3424
2044
1782
22987
1925
1986
795
922
4354
8469
2005
3214
852
3086
4225
2065
2269
1446
1191
3237
3012
2409
834
2314
964
29282
2117
2852
1077
8887
2390
1311
1380
1600
1731
1607
4682
1008
2375
10580
1507
10102
1358
997
2350
38817
19912
10581
3900
2095
6968
2190
3733
831
1801
1809
6111
2072
851
2002
1234
1083
1889
1055
853
1862
9725
906
2468
7303
1650
3554
1570
1673
2738
9906
1034
2112
2416
2124
4742
10538
2673
1172
1658
2810
717
1298
20622
6011
11803
1766
5724
1936
20182
1907
2719
1889
3296
6507
3949
1790
2434
1021
518
2218
36938
3034
1221
893
6194
19596
1060
1493
2356
1939
2059
669
1794
3771
6010
2671
1395
2694
818
1350
2094
5094
1854
1070
738
1788
7043
2001
7396
1817
1384
937
472
2438
19443
10358
1900
8825
1102
2119
14756
3981
1974
803
4110
11793
2936
1185
1394
10924
5527
1232
6968
2385
2185
1854
2140
6570
2552
9462
13622
2592
10425
1870
1675
10090
1466
1794
2219
2493
1953
3015
3280
1737
1859
998
2161
7788
1669
3496
588
1831
1659
8209
2861
2751
8896
4154
1220
1238
19493
3171
2708
13719
870
1256
2219
3168
1060
966
6208
27549
810
1783
1604
3518
1637
5262
2861
736
2223
1435
11323
1198
2424
1103
1049
2578
8420
1670
2308
1198
2806
1305
1522
1209
1661
798
2501
1740
33915
1163
721
2074
1026
1300
1060
7183
2831
1548
1887
1987
1760
624
3229
7070
1394
2885
1825
4546
2642
901
10624
2359
1475
17641
1824
1074
9474
1782
2257
7362
1919
1209
7095
1855
2076
3212
1782
585
4977
3399
27392
6689
2130
1868
1533
1581
3900
2629
1340
2284
56021
690
6043
1237
566
3205
28086
9709
1933
1619
1058
9895
2865
4362
587
544
1254
9553
1658
704
1414
978
1865
4868
3720
1533
12358
1139
1106
825
7883
860
3522
1757
15945
796
1436
1692
2554
18666
4982
3221
1616
2311
2724
2111
15486
3639
22610
945
934
1920
1886
2622
2194
5922
3238
3375
3083
31202
8752
5271
17000
2030
1720
1244
1313
2143
9499
1898
14452
1906
19305
2007
2056
2014
911
1275
1972
1679
1717
2264
2007
11767
1499
2563
2308
6769
1818
635
2003
2407
1577
1935
1077
29648
43318
1090
3301
8716
704
2446
1435
1306
1449
1442
1217
1442
5446
1719
3682
2813
1696
866
5964
13754
1254
642
2774
1422
2127
1824
6004
10189
1235
4354
1466
1777
2083
2300
1879
30472
2188
2757
1984
3391
984
1874
832
13679
16275
1794
4102
2169
2740
2590
2186
687
1185
7116
2701
2847
1562
1829
1183
1039
14517
1543
1323
449
6196
1366
5576
1209
944
6612
3223
1635
43162
5723
1031
3857
14869
882
1473
1522
7969
1118
2117
14881
556
1719
2163
2804
608
1252
1031
10476
1078
1369
1553
1562
1952
1285
739
1829
3339
13221
1923
773
1474
8052
1172
4339
2581
677
1335
1257
2972
3173
19967
894
2237
2247
937
7274
7303
7136
14779
6139
1089
1952
2941
13171
1207
1345
974
959
1877
1246
2161
21122
2886
12077
2718
7027
1136
1297
1808
2032
13498
1607
8398
1525
7107
11454
1220
1880
1712
2305
1847
3192
1420
20806
1031
1140
1764
1956
2450
2495
3148
1767
3045
6951
2574
1767
1254
2428
611
1450
1877
874
1404
2991
927
20245
1378
1767
1529
1700
1890
973
1166
3009
1216
1548
978
1278
2579
7979
3077
1918
2191
1618
2045
1543
1066
12356
655
3453
17535
3718
1590
2256
1966
2021
2316
13483
570
1390
6892
17694
1419
1958
2221
6505
7942
1795
1414
1907
6183
1844
1659
1767
2245
2633
1908
4141
8848
2499
1633
1902
2555
9559
5016
3211
3329
1232
1985
1938
1500
1208
7247
2460
749
1395
400
1395
2216
10863
2752
2273
735
697
1022
2567
1828
942
1791
1183
11044
1910
584
18472
1226
3038
4577
2277
1307
845
1988
2316
1057
3063
14915
25894
2702
5807
1282
2163
8282
2465
763
1034
2337
987
1040
16193
2634
2823
2385
1918
2698
2898
1970
743
2362
5892
11290
2799
13102
885
15487
1864
1694
3217
2398
1511
1550
3980
1622
1704
1626
2400
1455
1136
2463
1887
1153
1988
3709
3547
1313
1530
3393
1346
1919
1307
391
1509
814
1900
3151
2291
1532
4077
13343
5733
1233
705
1473
1400
29675
940
1163
11270
937
947
2110
1413
2876
1828
3391
1093
10007
2080
1947
4137
28259
1076
2229
2694
2648
2380
2404
1530
2770
1852
2028
1962
815
1966
2386
1036
8317
1351
637
2607
1103
894
6645
474
677
2853
2551
1633
10414
2472
1887
1309
1159
2497
1252
840
1596
13809
991
1575
1957
2206
1055
2382
1290
5124
1020
1818
2523
1426
2328
9541
2150
3532
1458
2430
2636
649
5172
3603
7723
1976
19725
1960
1698
2786
808
996
1924
7881
3381
1892
2159
651
2329
1517
1964
27910
10337
3655
1977
1782
2666
1547
1293
6213
1871
1120
2960
2090
3423
2427
1197
3668
1172
2066
2723
2434
1344
1684
11123
1573
23653
2154
2154
1824
2670
2578
15960
2648
2487
8726
2089
2473
1679
2154
2278
946
2747
8796
17319
1159
926
691
637
3099
1675
717
1187
1958
10565
1988
983
2674
2007
14491
731
2114
1513
5135
1106
4329
1217
15017
1586
20911
2698
1281
1396
2211
21805
2153
1373
27256
1968
1797
1063
1857
2979
13373
2829
16026
2316
1697
3004
3236
2062
3265
2101
1177
1379
1472
3128
3471
705
1808
2785
476
2635
2280
2933
1042
1623
1561
15551
1943
24065
1818
1241
1915
3391
787
1136
25189
14178
1046
4301
2780
2105
1936
3199
800
994
706
1900
1210
1597
2449
2216
4194
436
1156
1769
1516
4416
12810
2400
1014
442
946
1096
1298
7676
2714
1297
3806
1130
5145
5790
2362
1049
958
1468
390
1216
2594
2014
1324
1208
3007
1974
1287
1275
1323
2809
6732
1373
2148
986
9307
1131
2267
1422
1946
6659
2817
5158
32829
2753
22472
1883
1709
1193
2268
2180
1214
3453
7920
1378
2158
2952
1818
1284
820
1456
1132
2670
445
2088
792
26647
2987
5348
7809
1916
2384
3016
2274
2345
2266
1389
2829
2465
621
727
1249
23006
1057
25279
942
1631
733
897
2200
3008
11437
582
1683
1506
7221
2280
2535
1664
5332
2087
7354
846
1423
5750
2128
912
1705
2118
1698
5555
1844
1627
19772
1355
5864
1930
3806
2010
2299
2886
2277
11609
8562
4112
2483
3149
2633
2152
2043
1502
1112
1806
467
2609
1636
5758
2303
851
8011
2132
35248
967
5416
16022
1741
2193
2426
889
1365
1742
2607
2146
1914
1712
1275
1295
963
9551
1433
832
1908
2850
4019
5202
4995
1937
1558
1182
1080
1516
2717
1549
1103
1985
2051
1109
758
2207
569
18698
1653
14332
2349
1374
1562
2429
25931
11117
19592
1423
974
3080
602
2414
6477
3834
21447
1577
11371
3940
1967
7362
2821
2142
12097
1553
2217
1410
1078
1851
2393
3127
2043
1835
2207
2547
1496
2996
1580
2475
4192
2710
1429
3164
2179
3299
1333
2244
1764
1959
2025
3394
1668
16166
11215
9151
1799
932
1743
2342
2799
1544
1438
5032
10008
1808
2718
1023
1812
1474
3174
2674
2961
699
11270
1547
8401
2876
7905
2093
589
1966
2100
1120
1466
5528
4327
8587
1941
1746
1520
2322
1051
1525
2178
5524
1689
22019
11871
2180
9406
1769
2019
3266
17093
3432
892
2368
1148
1995
2483
959
2427
2816
2494
3109
1524
2421
9652
2984
24486
1385
7172
1080
841
2064
1201
1019
467
1406
2887
1649
1562
2460
1530
1820
2072
1251
6485
1258
1095
1369
9352
2009
1709
8726
2417
2202
1763
1463
8671
1163
1303
1840
1910
476
3482
567
2346
22686
1259
1617
1750
5048
1500
2237
1792
1578
17147
1429
2094
1278
1573
4501
2122
1378
2418
4973
1281
2431
1686
1899
15016
2118
2150
1131
1485
2545
3024
2321
2513
8159
1832
17537
1424
708
2290
1220
2046
1284
2857
5934
2338
752
2328
584
2098
1131
622
1629
649
1484
1297
1096
950
4986
1783
13558
1071
3016
3419
5394
2082
7390
2219
860
3910
843
2021
8321
1468
1674
4211
1925
1369
1254
1327
2524
2521
1157
2351
3260
1489
15529
1455
14943
11435
1731
1580
23157
10353
2420
761
1063
3387
5199
1988
2483
2104
8026
1707
6110
976
577
2827
1648
994
2301
1502
3016
1292
2397
5729
3516
4277
1745
3034
991
862
2395
1865
718
26904
3219
6889
1990
945
454
2407
2682
9465
29027
831
1940
25769
3759
2841
1666
1506
970
702
7731
3067
1981
2308
12472
1754
1678
1248
1950
3271
1945
1634
8292
3003
14565
854
1900
6321
2312
1763
2189
6087
1880
864
2028
32933
1321
3268
1739
2715
3066
816
1313
2557
401
2291
888
1891
3139
4611
2301
3102
1237
1491
1933
8742
1668
1144
3528
2439
711
2795
2347
726
2326
785
729
2352
1989
1919
2189
1874
1469
913
25880
3624
5878
1789
2608
777
17030
1975
17223
1329
1565
708
32163
16114
1547
1159
3030
1416
1907
1868
2581
1925
16100
2403
2569
28551
2334
1073
1705
1782
2054
694
772
715
5900
2300
1747
1807
2166
1953
2380
2184
2563
2117
10144
2817
696
1454
593
14957
715
672
1137
1293
7006
892
2205
1658
12325
614
1870
2506
1955
5160
1840
2849
2865
2430
2119
1907
585
7828
820
592
1110
455
882
10492
4610
20540
5915
816
2670
774
3236
3756
2449
3064
2153
2218
7353
3545
7805
1982
1440
2421
441
1546
10517
992
1743
1191
12636
804
2693
3849
5225
694
999
3294
7328
1633
1422
11480
1145
29554
802
9769
1058
11537
3189
2480
1799
2210
1411
2469
1584
4038
1183
2038
1970
2256
4446
1751
1031
3985
10666
1593
2597
7826
947
6867
1736
854
1904
597
757
4786
2101
879
4575
2332
1432
1863
6698
1389
2379
1850
1803
2122
1226
2237
1120
1896
1464
976
5041
3170
1066
14805
1618
2261
1005
2114
2517
17559
2472
2519
1314
1696
1873
1684
1214
1145
1607
401
1134
1501
3585
1563
686
2029
1848
3307
4213
1565
1741
1698
1011
1363
3304
6928
911
1000
1474
1202
1883
1308
1611
15956
9335
5390
724
957
6679
3131
9810
3463
6789
1233
1775
5077
1539
15292
2367
2354
2673
2525
19749
1778
1628
1712
823
1847
1808
32752
11494
2732
1681
849
1896
1251
2274
11903
24062
724
9004
1578
2417
2675
12981
1279
2477
3716
2368
2933
1755
2129
5635
1506
2397
2411
4529
1084
2074
968
2207
17129
1693
2017
633
1126
453
1906
487
1850
2219
662
3227
1763
1553
1299
1540
1068
2734
1844
1115
5024
1900
2863
2531
6751
3839
1617
25204
775
1425
2728
9223
3035
22344
16634
807
5349
1583
592
785
7508
6426
2106
1575
1709
1269
2254
2386
986
6018
2638
12551
3611
8818
2518
553
40611
1789
10197
7163
6617
4729
665
2344
13415
1592
1940
2904
811
1796
4781
1299
2309
984
2247
2685
1326
2842
2566
7539
2085
2709
2695
2377
1420
1068
3409
3293
21285
17743
2282
1975
1842
1236
2879
1756
2212
1204
2107
19130
1762
3711
526
1159
1862
1475
1809
2201
517
14645
16430
2014
1086
2328
3174
7191
2544
15980
2341
1476
15093
860
2537
2214
3409
1966
839
1541
2110
2259
8130
25525
1069
3172
1727
3200
2190
900
15307
956
2511
1274
2006
2634
1437
1807
1065
2341
8981
2897
1736
1024
28747
2164
9731
12927
6855
2976
10175
2395
6512
1732
1744
9724
11224
10018
1132
2695
1589
1111
10668
3695
16910
41778
24173
2985
3089
2450
4618
1510
1141
2932
2238
1167
985
1261
12998
1678
1031
2141
8418
1514
926
9073
2278
1414
1353
21111
810
1961
2022
1521
2345
720
294
5994
1218
3515
1914
9657
2822
561
13846
5212
2414
1132
2023
45838
2377
1416
9815
1132
517
2683
1494
1822
1163
721
2112
897
1334
989
1383
1761
1414
535
2115
2042
3951
3062
1923
2172
2654
3063
1485
2842
1703
1103
1060
35928
16611
1897
493
797
3455
3605
1055
1477
1544
670
6433
2298
2171
1832
3100
2472
775
1223
32699
1572
2868
1117
29135
20003
1549
3463
1437
1266
9302
943
878
2218
1556
1345
2086
2318
2102
1339
5465
2050
8634
779
3562
2101
7884
2531
19628
1331
4460
1531
1684
2842
16350
2401
1754
1745
17530
9836
3194
10562
1241
10514
1757
3808
2719
15018
1244
2128
7818
1702
1133
28435
21654
1986
1214
1320
1836
2259
2800
2065
5637
1132
2720
3274
1679
480
1085
1996
14437
1303
8184
1693
8675
2503
605
2068
16113
2573
713
1144
19619
3990
1098
1793
4297
23835
810
14296
1643
1375
1183
5997
3227
2292
1056
1383
1728
307
5393
12168
1783
1361
3013
862
12676
656
1435
1411
1692
1344
4084
5800
421
1182
2355
26499
2176
2079
1501
823
3666
2748
17122
6961
1239
1836
1746
1787
1145
1800
2648
1594
2218
11132
2657
9248
2001
1476
2312
1577
2345
491
9408
2131
2789
2159
1144
1283
8585
609
2144
7079
2729
1523
4726
1484
477
623
1863
1713
1515
3254
1676
2839
2609
1153
1381
2926
8247
2890
5989
681
2564
2324
10421
22049
23317
4939
21083
6414
1565
1978
1947
2240
8288
2442
1899
2319
11907
10572
1900
753
2333
1684
1958
2820
1671
561
942
2745
2377
1950
5537
2315
4596
2469
10245
2019
939
1556
1249
1224
1734
63570
2476
1364
1609
1994
9384
7651
3357
2383
43405
1101
1134
3381
2002
1433
380
1285
2241
1214
1841
5374
2595
708
1638
640
427
14673
1297
1393
1595
1454
13515
2189
15601
1038
1600
1346
1002
1811
1803
2648
1020
2918
2476
1871
1215
5275
2128
1997
1429
769
2900
2620
11307
24151
17791
808
7717
1692
3359
12298
1003
3558
889
1597
1173
2351
8484
580
9198
26527
1908
1374
1482
1371
1311
1419
1596
2912
546
2305
1330
1764
2165
1483
1839
2014
1898
24499
2256
1981
3142
1317
2182
13228
1791
1495
1260
747
1391
959
2922
1966
1178
3284
7099
7164
4604
951
3001
2451
5332
2395
2329
1509
7869
1532
2497
784
3120
1634
2619
9021
936
1994
2842
2644
1975
828
3049
13275
1185
2301
2181
1364
16661
2164
37934
12946
504
2592
2079
5395
849
8238
1400
2913
7806
7778
572
13897
1240
2742
817
2343
3417
1329
1465
727
770
1145
567
4035
8778
584
1178
1108
3116
1885
1174
15002
500
2966
1383
2199
6996
1063
1982
1122
7769
3541
3009
1477
2905
1191
1384
2809
1472
8002
1304
11572
6842
1618
1100
1295
2326
2766
1140
1422
8144
2793
1995
10813
2482
2379
1526
1805
1947
1586
1383
2630
5780
2293
2164
1135
4991
1243
1360
5721
613
8660
12603
5690
2632
538
1225
955
1973
1184
1909
20929
1181
1582
1646
1104
1092
2012
1666
2235
744
9829
2099
6312
1612
2913
2684
1621
5212
1157
1118
940
933
435
1096
7614
8951
493
1112
4211
577
705
1865
1616
1326
1716
2397
1761
7282
6481
6974
19024
902
1222
962
510
3843
1614
7361
5988
2368
3191
3140
1122
3390
865
1142
3209
1846
3311
2917
1003
16669
1143
1381
4921
1245
9888
2821
1262
2266
1248
1701
3965
9681
7466
5531
1488
860
1582
3684
6221
3014
1537
11317
759
1599
1929
6615
969
1418
1483
2158
814
1151
2300
5602
2574
1293
3587
2539
3083
842
18269
604
3674
2985
1809
1629
16466
545
3258
986
11847
901
1727
1062
3713
1547
2216
1643
2405
1125
821
1238
3699
1062
633
1719
2112
2173
4067
1282
1423
2396
3411
1160
1397
1548
1982
2346
1069
3147
5318
778
435
2640
5383
606
2286
2340
1244
1813
788
2973
2787
1921
1758
1723
7045
4525
8251
908
1326
9193
2513
16192
2103
929
5044
1935
24294
9708
2377
1627
3831
1841
1155
1640
2249
2722
2905
1829
9347
1343
1950
598
8618
2248
2623
4545
10808
2671
7570
18541
1227
1830
2508
1915
1488
10198
2374
826
18421
2091
1928
2373
1547
10828
1710
2462
2637
14329
7935
1261
21511
1519
2345
13261
11871
1768
1319
2339
1822
4019
2349
1905
808
1247
2571
15330
2352
6733
2691
2961
3448
721
3858
885
1802
892
2248
782
7790
2012
2190
18888
2239
2124
2819
9183
1244
11995
12705
4479
3704
20485
1778
1592
1858
1636
1005
1661
3521
2067
2472
3921
5233
2459
2067
1505
3865
1787
2992
7259
843
814
2830
10072
2020
732
2344
11006
774
1328
1668
1782
4685
11071
2663
6155
1823
3906
2345
1153
6402
14650
1108
1629
11113
3061
2072
16859
1779
1097
2356
1349
10189
923
1748
506
2292
18235
3283
1904
1659
1633
1786
1291
1751
15767
1071
20099
1981
2630
1832
1736
10428
3508
8947
743
1685
13247
1438
2764
1442
2314
2764
911
667
15468
12889
2513
1286
1458
1891
2872
4150
4253
2635
4702
1623
3249
2174
5209
811
724
1716
4543
13339
3623
3789
1440
18791
2825
1237
806
2052
1849
4111
7852
1690
1889
2063
1248
2977
1300
2217
1576
3622
1350
1715
8004
1777
3117
1432
1328
2613
1653
16543
6886
9618
3040
21787
3159
2941
447
13997
13605
1652
12427
3074
2297
4533
1355
2398
2977
2418
699
388
2185
1396
12442
1257
2577
1579
2386
2153
2546
1511
1884
1430
2599
2401
3197
1096
849
39754
1336
1556
2408
970
744
889
7594
3282
1063
26288
2800
4846
2196
2290
2370
3593
625
1524
2581
2150
1467
3184
640
2302
2403
6814
2122
6836
7030
5998
1873
5987
3375
4914
956
17520
3175
659
2787
3577
2406
7986
6381
1700
1040
3398
2410
5738
2817
1553
1843
970
2150
2145
2092
1152
916
33231
1378
6656
10101
5900
1066
1089
1708
4099
2730
2354
1111
2075
1280
832
4733
6094
1742
1215
2517
7778
1832
525
2385
5118
11578
2971
26386
1584
2481
629
16140
1900
1358
1316
1716
550
25503
2042
2998
2466
2606
2882
2937
3646
2183
6534
2596
1927
2118
1500
902
11936
2705
1683
5450
1681
1346
1372
14612
2673
2360
6803
8457
1160
876
1839
1215
1461
2267
890
2532
1942
1608
3055
8495
2647
11130
1810
1994
1637
3143
607
2551
2469
1091
1515
2559
2368
737
26619
6097
4088
9714
8833
2865
982
756
957
28089
1788
6994
2044
5104
36667
2233
6259
12409
2003
7025
25485
1659
7661
1045
6390
6287
3327
1071
965
2598
4264
2509
2355
502
2103
7237
972
2179
16073
3172
856
1977
1545
1539
23170
2071
1495
3214
13686
1162
1855
11095
1616
30244
2126
1784
2125
4169
2131
1658
994
1197
2212
1743
515
1785
1464
697
1124
2819
2661
2392
865
1426
2068
9547
995
2548
1971
1149
4049
2139
1164
658
1047
6806
1328
1772
1323
2075
766
1371
620
2781
2091
1352
2846
778
2351
5808
2617
2488
1071
1976
1710
2511
1200
1005
2264
2216
1351
3872
1302
17186
1637
3664
1325
18978
19223
28533
2737
21945
1106
1960
8167
7717
1877
1867
29734
1015
2467
1243
5279
1333
2150
5348
1448
12021
2131
2819
10278
1421
930
2104
6175
1550
6124
677
2121
514
1724
956
1154
1924
3939
958
4978
9827
1266
2290
1222
1102
3295
2345
988
1628
1654
2340
17649
2077
3180
19637
2442
655
2483
8340
10944
1746
1514
1708
3251
633
19356
641
476
548
4756
5566
1731
8616
1632
1682
5948
2022
2561
1508
2932
2256
2638
2125
1746
1216
2058
7688
5593
7812
2334
2790
2231
2092
6221
1831
636
5337
1312
3110
5846
1022
770
1000
9117
12888
1396
1578
10068
2867
1138
1121
1568
865
2509
1875
2613
6274
1463
1324
1753
2986
1080
1662
2221
910
830
1478
863
3022
1490
1683
2646
14273
698
1376
1088
3715
2106
2557
2559
15825
4415
893
2095
4315
8951
2891
18914
2361
1154
1776
1228
1677
1553
1477
2028
1260
6558
1509
1898
1591
13608
1141
1913
1421
1943
1538
15490
10849
1712
2094
3061
1553
2343
2064
5907
1855
1657
381
2785
1922
2867
4642
2989
1431
12098
5790
5015
835
1228
1229
1731
2172
17608
17728
2741
1388
3280
1698
1758
15576
15758
1333
1101
2324
956
3075
1644
13750
5582
2784
1376
1245
1720
2859
2348
1531
1295
8525
22151
5896
2185
1007
1299
2116
1768
1122
2154
708
2247
8411
7968
13648
1904
1455
2584
834
3802
2214
1407
1192
5272
8070
1652
8562
1564
1159
1766
1228
2263
2428
1653
1525
1937
1142
3247
8357
955
14072
2123
900
2137
3660
2121
2076
538
884
2206
2830
2196
1453
546
1124
2565
10372
2403
1135
4345
11820
1574
1366
3056
1552
2107
2321
8960
4566
4117
1386
8363
2379
1030
4892
1731
8886
1818
1055
2843
829
2733
10762
5552
806
965
1303
1056
2987
749
866
630
11722
4649
3048
877
2444
1155
5880
3252
1701
1203
2657
1802
1809
2532
24773
2632
2056
1937
2793
802
8525
11542
8601
8562
1342
1115
2501
1332
993
1894
812
10764
6707
2956
1988
3287
2183
1236
1648
3300
2753
2526
955
2169
24597
1549
12730
1322
4488
1601
1608
2377
2726
18545
1576
2362
1646
13585
1595
8706
2281
703
1546
2234
3187
1815
1779
1564
6480
11868
3688
2580
2802
3078
2137
1003
1968
448
3569
7420
1504
17626
3931
2364
1055
1081
2677
853
1245
788
1965
17783
1285
3994
2532
2298
1192
12404
579
4154
1534
1387
1332
760
2102
2352
2126
7221
4665
1017
2368
1445
2007
2525
475
5793
8595
1154
2196
1818
7843
1767
2578
1834
2327
1599
1545
3453
5745
1130
3140
2908
1263
2527
9049
1702
1909
1849
869
2747
3891
1899
5309
2164
1789
3964
2342
480
1395
2012
1604
1141
2777
529
15492
2403
4361
2571
897
1265
1361
4461
1238
1693
2888
2484
2344
1544
5603
1578
3432
3883
1882
2297
4012
3993
2909
1277
2003
1085
13374
11685
1533
6935
2906
15505
2139
2226
2577
1780
3305
2606
2764
1569
16577
661
2166
714
13578
8595
883
2082
510
2614
3115
2132
14272
1795
2354
857
12736
964
1459
2301
1188
21243
2878
1867
7783
817
1882
1565
2208
2430
1797
899
1580
3431
613
2934
1725
2124
2335
1801
1129
1673
1679
1717
4436
2395
522
4380
2555
4999
2256
11587
7290
11270
1563
1778
2134
1785
691
3792
2764
1773
6894
551
1996
2849
1057
1443
1858
2478
1546
2156
1962
7667
17008
1113
12427
1617
6351
2763
9500
1412
13079
1016
1921
1327
1829
10198
800
1504
820
5746
1154
1733
1765
1247
2695
1583
2742
1458
2325
11575
760
8302
2246
7045
13334
731
885
1739
1976
1158
1838
2744
4487
2224
25357
1701
2096
2295
21374
997
1530
1278
1539
2745
2147
858
2504
2591
2295
2061
852
1082
1228
5859
1747
3646
4636
1356
2757
2623
4167
1568
6777
17840
2430
1161
3144
932
1396
2673
7713
1615
12223
1117
2528
2077
1906
2516
2255
1761
1811
2291
1090
1670
14597
2230
1724
3087
1165
1956
5148
1115
1663
1514
504
7084
2083
1927
773
2532
3123
730
3787
872
827
11034
1471
2337
16333
9249
11867
1448
1852
3282
7535
1824
490
9728
2281
1451
7693
2227
4093
2495
22097
9394
5971
1696
580
1863
1593
2896
1960
1449
1451
1987
20155
2034
678
2423
1108
2593
1183
1390
5258
1935
7515
1352
860
1688
1242
2847
1042
1876
1540
2262
24381
1593
752
1963
2712
3467
1076
1760
1989
907
520
3499
1602
2195
1389
1699
808
6035
8902
2119
1974
1351
892
2672
1740
2858
715
1556
1586
20017
11028
3669
2195
1606
5602
11107
2731
10215
4494
6551
2086
2448
792
1478
849
1753
3491
1380
476
1364
3900
2004
1956
15682
3240
2100
1154
10700
1166
2905
18903
16591
1213
726
2008
1895
25750
4263
1910
6461
1907
7940
1591
749
2018
2719
5636
2703
17186
2628
8755
1932
1300
10196
2128
2026
579
1394
732
1766
1069
2869
1066
2395
2192
1185
1405
2987
3523
2885
2760
2949
6311
2052
2120
1640
4042
2870
1436
812
24635
2259
25686
9375
1324
1504
1763
2589
3006
15368
2980
1302
3745
1052
1763
3770
1194
22161
519
1561
2835
2097
2661
15643
756
1425
1815
17004
2008
1802
2366
1338
1316
2250
1719
3349
1952
852
2354
2394
2122
13178
3128
2825
2544
1756
2615
2309
1418
1485
8984
2192
11933
517
24396
2270
2946
829
7312
9800
606
12420
6952
1351
1675
1722
1903
1703
4889
1533
2399
554
2661
1971
1354
3263
6639
23657
5636
898
1108
1682
1775
1466
2727
1614
2179
2181
903
3000
1045
13178
1900
1580
2094
1652
1658
1005
1828
1841
1392
2497
1489
1065
18217
1736
552
1789
1183
26696
1646
1750
5800
1958
1619
1309
2601
1991
2439
2015
4984
7673
1731
2344
1397
4289
751
925
3200
2361
18514
5935
867
2954
1998
969
19033
846
2586
6946
2466
1844
1330
641
1397
6149
2349
2406
834
2156
1977
2155
1997
25561
1057
3143
1402
2376
1615
2122
2380
3155
2586
1245
654
12413
9241
871
1583
2402
2560
878
2630
9375
977
1770
1340
559
2208
1066
1620
1322
1345
2537
2194
12997
2398
610
13564
1268
1495
1317
11292
1424
2264
8304
2272
5035
1938
4026
12519
1409
2307
3693
3154
12915
3026
485
580
2166
2391
1651
3516
12711
10618
5229
1895
10531
767
1885
1415
28446
2046
861
1897
965
2353
259
21590
1194
1099
3493
2217
27556
9392
7523
1381
1924
2224
965
1424
1852
7340
1363
1892
13258
904
4351
1792
1223
3240
7189
739
1917
2265
1050
1829
2000
899
1196
28246
1145
9230
1449
1135
1274
1656
2160
1619
7228
813
849
11931
34703
1368
6252
5272
37225
13590
860
1335
8154
3359
2466
2261
2528
3014
2261
2360
2481
2583
23136
1352
3680
1097
1912
26484
2758
1940
1933
2755
2009
1116
12901
674
1825
3832
2589
2336
4990
867
2222
1282
5696
8546
1593
996
916
2983
678
2022
400
2260
10140
4201
2484
3811
1725
2253
1140
1597
1193
5983
41020
2903
953
3563
801
3072
1106
893
5825
1871
1209
1730
915
985
2099
1989
2086
2493
3772
2145
820
2050
2234
1438
1213
1066
1294
373
4341
1033
1545
2575
26362
1469
1494
1960
6524
4675
2578
1972
1565
1035
1097
9233
3429
1209
17382
1709
1742
951
979
4666
4276
844
3093
1780
668
3688
831
4873
15757
1375
12265
2878
25486
1541
1594
1831
995
812
2174
18309
2293
2150
1563
2013
2440
1950
2227
2423
15324
11123
3260
7150
847
995
1831
15471
776
2034
1792
1561
2141
2080
2076
10990
3873
34111
871
6067
2165
2327
1299
1048
3091
11906
6057
2644
2714
8579
1438
2748
2124
1920
1144
10811
1636
1794
776
1158
1081
16869
1990
1461
2778
1606
2567
825
771
1345
13609
13814
2524
24947
4045
2320
1744
886
1553
2855
2461
2492
2251
2015
1457
23485
2060
1076
1279
1465
874
1512
919
2168
1752
1241
1183
2285
1888
1201
1775
2725
29163
3205
2317
1527
1632
14430
1315
1093
520
4819
1253
1378
1855
7795
2218
1212
1668
2003
1043
1349
2752
7530
1994
437
1883
1303
2810
7652
2629
1458
869
2405
1285
1006
1477
7408
3929
8849
1582
1857
4511
1086
5889
2461
1361
3002
1682
771
22999
2044
2868
1104
1432
6963
1000
16144
963
1906
3829
8808
1033
10753
3957
837
856
1843
1784
28414
701
4185
1388
1018
947
1300
2389
4876
1810
4046
1356
4628
1682
761
1250
1232
10181
1563
1270
1411
1128
1335
2522
413
2451
2973
1659
913
2539
1662
3217
1241
2413
663
1558
1829
4085
2233
2019
3044
4071
1574
5053
16233
2584
2435
13313
2005
1730
849
552
1755
1684
4395
15488
1655
999
32399
1833
1948
772
1511
605
11438
3615
1684
2177
1973
1771
10877
18071
2484
10177
11783
696
971
2223
435
20169
2638
1947
1595
8061
1837
1343
2757
972
15585
4799
1200
2527
2092
1606
3358
4141
1320
1636
2406
2360
770
549
2240
6760
6171
9211
3360
934
8186
1940
1122
2938
9536
1306
2690
2485
731
1521
933
1062
985
22012
4884
823
2185
2101
3719
10701
1494
5085
2348
2241
1820
1666
16842
1924
1126
1130
5547
3462
12280
9812
10743
2042
12166
612
1796
13392
15851
1136
2927
1767
2288
2772
2478
2607
1956
441
1113
1574
2097
2850
2452
2482
1673
2800
2737
2687
5514
685
6356
2212
2349
2933
1054
48623
14173
1999
1538
6633
1291
1252
1360
687
1417
6084
2282
4056
1409
676
3903
467
924
1107
39389
16468
2394
3121
1093
1731
11622
1408
3526
2462
7785
993
3115
2226
4007
2090
1318
1961
943
1015
1315
2261
1155
530
2080
1018
1472
2732
2400
1815
989
10946
8168
1802
2766
1636
1973
1446
4334
1215
1827
4955
1119
8295
41287
1038
1728
1730
1630
1948
24495
1812
1084
1185
1949
1479
1513
1594
12129
1793
809
2311
20442
1984
1545
1824
1435
673
834
1264
3210
1184
1564
20540
781
2685
4903
2477
2392
5374
2305
1256
1916
1385
754
1070
2812
1079
1988
2325
1112
1676
30566
4089
3373
10752
8302
1598
2126
905
1724
2119
1918
10150
4938
1633
1714
5618
2116
1096
20514
1738
1297
1355
432
16064
2018
1722
1564
1568
1247
1829
1631
3489
3627
1894
21140
13177
2370
1388
11239
1976
720
9905
5450
2589
1229
6932
1444
1439
5290
2013
1121
473
2585
5907
3429
1806
3420
2470
13091
1325
1738
10643
1525
3215
2170
3034
1008
1321
3970
22760
19073
15395
1127
1189
1705
1711
1976
1127
2412
1311
3566
15214
10372
2357
18483
1080
1947
749
2660
6371
832
1733
4277
10221
993
18987
2604
687
14132
486
889
2096
3052
12281
1962
1519
955
1007
8401
1026
715
7086
2051
8101
2057
1195
1428
2178
1754
2755
638
4436
4121
1844
1323
1481
1389
1293
1796
2024
2728
1832
698
2799
1628
12235
2887
10567
1976
1891
14885
12386
2242
45744
1168
1833
1778
1750
1031
601
1591
858
2079
2240
2414
1209
3322
918
1432
819
8742
2033
2559
7776
2782
1232
2284
1283
1309
2312
2252
1711
1984
820
14474
2258
8018
650
3561
979
1666
4286
4103
5381
1251
1074
1310
1979
1479
1048
3624
3365
3431
1215
5380
5420
22702
2358
1227
3206
559
706
1329
3556
515
2814
1472
628
2136
2063
1888
641
3235
13109
2178
2542
1739
7581
2811
2620
1788
973
789
2365
2197
1436
1831
1693
4499
943
835
3121
1749
1050
4411
1649
1315
10573
1210
4663
1763
1993
1264
1796
1224
4604
12571
8443
1208
7681
2809
1113
4091
27604
2754
4657
2160
2331
2444
1924
20623
1667
4324
3403
3736
6503
1466
827
2869
2228
2072
4915
858
658
2361
1261
813
11882
7383
3761
31788
1633
2490
1294
1912
1188
656
2033
2003
1338
1133
2572
617
810
2247
4253
3275
1997
1688
1217
2551
2681
1748
1742
10652
473
2729
1773
3044
1466
6570
2901
6514
1535
1611
40105
1188
1451
3488
4069
1925
1653
2340
1476
2731
1963
623
804
1099
1251
5011
1808
1663
1412
870
2065
1297
1031
674
1991
1126
2717
1544
10878
1710
1179
1052
1854
1464
2094
1179
1911
712
940
460
2253
1791
4450
1326
3589
1928
6905
2986
1667
1992
1757
1644
1142
9233
946
1347
2595
10553
12958
4299
1904
18670
1789
11982
1964
913
6982
2538
2026
1810
28400
9153
2758
2575
2642
8482
436
11383
2251
1603
1363
844
1319
30358
3137
2335
1295
1768
13339
1987
2153
9435
2237
1429
5184
2377
1625
1119
2278
2004
2254
1744
1260
1232
897
6165
1769
1767
1873
2051
2014
23982
6836
7696
653
2669
1173
19203
2158
2334
14202
2601
2559
784
2622
600
1419
9415
27775
1400
2656
1101
5556
2831
558
3688
6214
2398
1371
8811
2063
6980
5457
9368
36797
997
3129
1327
10759
1428
37054
2239
2900
554
1251
2717
2024
3983
1692
329
1226
1394
1993
5170
1877
1081
1125
1159
1174
622
3112
1575
1515
970
607
3497
2444
2263
1509
1715
1702
31881
4289
3124
1077
7264
2503
2236
7596
1994
4281
698
1888
5362
1554
6797
935
2541
763
790
2658
3555
2608
1053
884
1618
2194
2057
6421
2132
14112
30817
1985
3447
789
3467
871
2354
2708
13168
2235
1547
980
5505
2595
1656
1642
2021
1864
1544
2063
1127
8403
1814
2064
1038
1724
10647
14751
1425
1827
20358
1124
935
1786
1926
1055
2619
3106
2112
1516
3023
6291
2558
1610
1661
8799
1077
1724
2630
1757
7934
2819
11986
1090
531
1168
1477
4832
2230
1005
7416
2250
2817
2316
11153
7092
3300
3587
423
1397
2290
1601
2050
1748
1648
1576
30713
1374
895
2392
5201
2311
2095
2092
3045
2335
18037
2362
2009
8259
1706
1199
950
1776
1933
1048
9649
1886
5494
1844
6343
8012
2598
18705
4715
7442
12653
1696
1322
3220
10249
1399
1632
5368
2837
2424
1274
6653
1975
1102
1141
13886
2497
761
512
1172
1955
1484
1232
450
1809
1680
1801
15477
2598
1308
4953
1233
1467
1448
1006
5315
10822
2425
2042
440
5932
8153
2670
1226
324
26118
2265
1490
1227
999
2525
2598
2734
766
1360
2537
1761
892
1211
11150
1512
1178
2066
2947
1421
727
3608
1335
10766
1955
1829
2214
2358
18373
1184
671
3320
1139
1037
1795
11820
2276
2501
7206
4025
938
2162
1303
1885
2414
1366
4440
5612
1580
3658
12422
2731
1982
1380
873
2929
9833
3497
1766
2145
1274
1181
1657
2123
3117
787
2058
1122
676
5122
4966
2084
4426
1043
6778
2813
1145
1874
5096
2942
682
776
2180
6512
680
11439
2060
2768
3360
1344
2732
2061
2184
20728
2066
6896
2774
1224
11649
3349
3549
5472
2840
2688
1949
1897
927
5508
4289
1398
19462
1316
628
4220
1207
2317
1726
1956
2763
1084
2067
2115
2463
2635
2300
4098
845
4829
3753
8974
1049
1860
17033
3577
3401
12120
3494
898
1706
6058
3152
2939
4458
13949
1697
3449
626
1635
2192
1118
3744
1414
2571
4071
35003
2348
1369
1514
377
6384
1046
4073
2908
1981
3141
9801
1601
14678
10098
2188
15374
1210
1206
2121
1281
8145
9588
941
718
12865
12880
1480
1382
2424
2516
1217
8065
2579
1616
1820
3418
5690
1336
1127
9645
1567
3240
20041
1833
40194
666
2736
2093
10974
2993
5181
2538
24538
2269
1689
3127
926
2194
1042
1760
2070
2906
2229
1256
1392
1605
2030
2099
1138
1748
8989
838
5637
686
920
1027
677
1652
15315
1246
1191
1557
1947
2180
1606
17760
1186
2330
1888
2733
1470
1447
2668
2417
2381
3783
2113
3063
3288
15789
1724
16613
28261
2959
29655
628
1123
1479
912
1629
9426
706
19650
835
19844
468
2661
1955
1196
3231
2436
15152
10542
2876
1870
2455
3708
7775
3130
2105
4144
2007
2168
1465
540
634
2719
558
1845
18856
1133
886
849
4384
915
866
652
2724
723
3298
1617
11151
3301
3646
5606
2299
926
1045
3117
3885
3269
460
4391
6867
2387
13218
1907
1599
6609
2143
3187
13636
2289
1028
2294
1585
1357
40781
635
1684
3906
1930
2437
2998
1578
1611
1632
1365
657
18153
2743
8982
1374
1669
2112
6585
1248
3544
1442
3092
1856
2498
2082
1767
18658
1859
2228
14759
787
15349
2414
8842
2205
5134
6856
2185
341
1637
6286
3905
465
1326
1626
1996
3436
1433
15991
446
2354
2156
16083
2852
2054
3155
1945
7038
6304
2002
634
4687
1922
1138
5427
1781
31622
2753
1404
14339
4974
9518
2029
802
7083
2161
3400
721
508
4277
605
3031
2079
12122
2427
33612
1605
4181
1078
1867
648
22723
1154
1705
1191
4294
2934
10283
1317
2611
1927
2911
2569
3387
4322
1458
1347
1828
3423
1015
1680
2792
8257
1280
2327
8481
597
1985
1587
999
729
896
800
4705
6822
2380
1808
1332
1933
639
1377
830
1754
925
2306
2716
22264
12670
8285
18178
26555
1783
536
1421
2249
1779
3083
1802
2179
2536
1181
11250
2347
2372
2058
3538
4177
15892
1872
12934
2171
2325
1140
1043
1719
1164
752
22481
1850
5104
1893
3669
15936
1855
8219
2212
1421
2259
1321
6543
2485
1371
2417
7947
2470
2082
1239
779
2990
4671
1463
1380
4273
783
8606
1900
1342
1260
721
1665
2037
1774
1518
22234
14588
4242
1526
551
2224
3848
1046
17527
983
1597
1344
6349
6754
7853
2445
1456
1368
9291
1664
1727
1908
758
2017
2168
1664
6431
1361
771
5674
712
2265
2894
1495
6152
1185
1861
1726
2056
572
816
14604
2445
10468
1749
7317
1493
1927
942
10374
2397
2943
12303
3778
1502
3088
1465
2163
772
11606
13163
1872
2163
909
3097
1490
10245
2065
16389
9699
12202
827
2792
2578
953
1531
2440
1026
2687
1648
1891
2500
10500
1869
1212
813
2814
3218
13008
1062
1277
6070
14401
1872
1663
803
986
5202
2215
928
4542
2031
1672
8638
1730
599
3271
2199
2532
1679
15867
3018
1775
33619
1225
2462
553
760
2071
1765
2129
1180
3147
1989
1005
19269
1794
933
1671
572
4486
32028
1017
5005
3722
3644
1950
1844
13218
5782
3068
880
1862
1370
954
4597
7331
2072
2307
1627
5549
1252
20460
4233
755
2532
26029
12113
1752
21914
846
1104
882
576
1331
1741
13625
1195
912
9577
1550
7250
15815
1214
1573
10010
10134
897
1009
25191
1206
1429
1785
1357
14160
1172
2857
2322
1808
9463
2071
23546
1735
1165
7448
7619
2269
1124
10582
2740
1239
4671
3015
2322
16939
1527
1826
2196
1681
1975
1860
781
5466
2045
2232
7682
2727
1638
2109
1457
10587
2339
1427
2385
1921
3284
9587
2214
1324
8744
1590
9450
4164
2024
1818
626
2730
880
854
1751
8965
5548
1359
35548
10173
3234
13677
2476
2345
1468
1860
1964
7869
2094
1597
2173
694
1347
1172
26157
1758
2314
1825
2198
1748
1626
19329
23616
1302
2918
1627
1351
1620
23313
15650
3514
2089
1388
842
2556
817
2598
1905
2124
1592
1361
1491
1827
1131
3707
1019
683
656
2101
1300
20675
2654
1238
13125
16477
2056
2437
1370
2806
1151
1187
1727
28355
2363
1371
1163
1617
674
569
877
1713
6227
1085
7167
1773
2316
3147
8348
1436
2615
2715
13319
1348
2191
575
1549
2391
1939
3385
8154
1559
12437
3365
6790
11013
12234
23165
16438
2028
1862
22872
3801
2212
1063
978
1695
1957
1225
1703
2371
567
1938
932
1329
22019
1703
2035
1624
18619
4062
4011
2324
1856
7381
1646
1009
1347
11165
14536
470
990
2494
1300
3036
2114
2478
5929
2827
2225
754
1670
730
1544
970
946
924
26690
18592
2200
2022
1469
3036
6966
9963
7503
1452
1157
1184
754
1511
1128
1536
3238
1535
5500
2539
15025
1649
1882
1833
751
8446
1112
5437
716
15680
1885
2124
5183
2786
2354
1793
1207
1434
1691
4561
1828
1619
9710
1792
11142
7993
1500
3393
5417
9176
3274
1180
1549
4059
1318
1493
12304
4492
3792
1404
4435
1756
2964
1731
14906
1594
4664
2196
14194
1643
1870
1477
2107
1668
1585
791
2305
10834
1201
10846
1251
4696
2707
4484
2763
1800
1401
929
12999
1889
1536
21600
9493
1955
2362
1055
3468
2889
3721
2272
1931
4397
1311
1749
2362
916
1078
1164
25746
2004
12417
22826
2388
13778
1342
3003
2260
908
1977
1104
1479
1322
1387
1938
5331
2410
1523
1633
2168
2832
1661
908
3104
2236
1993
762
2242
26955
3986
7015
2249
7480
585
3483
3611
3221
25723
1977
1477
9122
1790
1627
1220
1792
654
3073
1186
1049
1127
9752
6998
1002
12825
20210
1257
1660
1398
4191
2635
1864
2076
856
621
1479
675
12357
704
3163
724
1335
849
1497
2762
1978
1430
607
1991
3583
1956
1332
4080
1780
2873
10876
1440
2337
2009
729
1364
779
3021
3732
2517
1390
1828
1079
4062
1086
1929
2056
7917
1697
7487
1376
1497
1953
19058
1577
14141
1396
1358
1553
9046
1416
1668
3841
1767
16806
2107
1998
762
1506
1748
1460
2037
2510
2082
1816
1983
13018
903
3349
1630
6689
6960
1190
2584
2070
2334
1748
630
1103
1130
2076
11660
2556
2374
1054
2143
1356
804
12918
2351
1999
2679
1601
525
2046
1138
2302
1139
714
1737
1877
668
1983
2204
1331
2443
800
12755
856
3185
6413
1662
953
8397
1686
1657
827
2047
3349
582
922
2288
1048
1522
1213
1947
9804
1035
2054
1900
2040
2567
1783
2704
2009
2376
8888
1831
1888
6038
11547
2327
1295
1433
2592
1265
12769
2289
3010
2386
2808
846
906
1387
1698
11069
2742
1545
1864
2579
5445
1901
1255
4013
3020
5049
1044
2260
13385
701
1735
1789
2700
4717
648
2625
1053
1663
2160
1614
21181
1519
936
3095
1260
1008
2322
800
18022
1362
4232
1929
2839
1630
1769
3906
898
798
1397
6731
2506
943
1267
20543
3255
1672
19036
723
956
2371
13496
2047
2819
24611
960
947
13003
2879
1367
7336
6005
23304
14657
10806
1691
3921
2673
2550
645
2074
1338
9125
1501
8369
10367
5947
2791
4040
5803
2820
13955
1851
1200
2857
2722
2087
1254
2461
5084
1355
1020
2288
3258
999
2697
2313
1406
1226
1159
9844
45769
2542
1368
830
10380
2747
2141
2243
1371
1215
2657
1276
1158
629
1708
2707
634
34275
2068
1278
4577
2415
7137
1170
18165
1721
3752
697
1763
1515
4225
7769
19289
482
1668
1213
1077
2215
1770
1505
11118
2204
681
1210
924
2475
3261
1065
1588
1110
2716
8421
10524
2336
3916
4139
2159
4608
13592
1208
11586
2156
900
1009
5963
1326
2450
475
3050
1496
2335
14472
5003
686
1980
2399
780
2500
512
1286
19192
2846
2393
936
1018
23165
1320
3913
7251
1107
5795
1335
1143
1410
2206
1839
3221
1219
1031
1435
3782
10277
5134
14150
6849
7573
2797
2067
1582
2088
1803
3367
2633
1506
2065
2530
969
1999
1535
810
13042
2803
3991
644
12286
2724
771
1032
1724
861
2180
1896
1025
2041
2192
501
2834
682
751
1591
394
2948
2702
3078
1701
1716
1879
14530
3212
489
1349
1787
3381
670
2210
872
1753
5918
756
908
2138
2318
3062
2551
3191
5998
3005
1379
1222
2625
1531
1956
1520
2963
3115
3077
7154
2455
2478
1346
1475
6515
4747
1384
1639
1023
8935
1158
