12241
3332
2316
1643
515
2903
17317
1333
1170
2749
1230
13866
4483
2567
2584
1204
20878
23679
1399
1992
1805
2926
2559
2672
9105
6591
5796
13762
1812
1676
1961
10848
1976
2215
2413
2659
1923
9188
3530
31373
50887
2642
10901
1291
1541
2375
880
2307
13731
2327
1909
1677
12225
2213
1942
3341
33091
17079
1345
2455
7607
3768
1206
14357
1219
843
2404
6454
4481
2152
18083
1477
3158
1696
1613
777
2850
9343
3120
4073
2360
14608
1453
911
3404
1972
16459
5142
54983
1197
902
1537
1605
6922
1824
2048
5730
43479
1149
1925
2701
747
2310
3401
2698
6702
7451
1987
2300
1826
3422
1558
8288
3544
1571
2192
2145
487
2707
13925
12844
1420
2805
16024
2089
1751
1497
1805
2589
1797
1524
816
1021
1205
4757
11093
2390
2731
1641
1555
1931
15491
1391
55639
2014
1601
1329
1263
2633
3100
872
3018
6393
31716
2907
16234
1925
2539
1409
3225
2105
1746
4199
2717
11224
14017
1367
3469
1954
12449
34458
52897
2120
6430
1737
2570
80740
3076
2900
3194
1356
13794
557
3124
1933
4491
1036
2324
1113
1805
1967
829
2682
2553
2653
1137
2487
1835
5876
1349
2232
35657
1547
538
3022
2300
4918
2173
2543
9121
2639
1120
2520
10982
32330
2679
2016
27378
9010
8546
35705
2643
1073
1229
2615
1963
19592
17417
1150
37459
1162
1595
1319
2040
4511
2515
1537
2372
581
1716
2421
1983
1388
12012
2625
14251
3228
4744
1434
12232
1912
19639
13339
1774
42287
2140
6837
1739
4926
1701
2320
803
2058
2516
2131
42429
1749
1460
1586
2675
2882
2050
1490
2712
3065
7897
2389
11566
2047
3188
2113
1101
9419
1647
2213
1168
931
1651
1502
3938
2236
2248
3996
12545
1213
3358
411
22768
22051
44064
2203
17425
8450
24107
10870
2627
9572
2712
1656
53192
644
1037
1389
2366
2417
2756
1410
2475
2194
2838
9335
1154
6165
356
3269
2873
954
1284
1344
1592
1566
2730
19977
2930
3188
2032
1672
1874
25849
7462
22015
4700
2678
2701
1276
5740
448
2855
2102
3884
963
2867
12334
34814
14229
2454
2822
2927
1300
970
6357
43314
13409
23231
1607
1034
6954
23593
12850
26063
2911
706
2639
54697
552
10507
6160
11812
1585
1806
2023
2807
1704
2844
18070
9471
2203
12910
1610
682
1406
17627
11309
2656
13990
865
838
2217
2274
2693
1012
2180
2819
2431
895
1874
8207
2773
17110
18645
17998
1384
660
49456
2196
4561
1221
3530
5725
3077
16277
2843
915
6995
2883
25156
11263
991
1575
493
2181
2354
1729
7159
1634
2128
3175
2336
10629
7841
2336
1565
1592
1017
17381
2262
9444
2468
2823
10449
2232
12179
1562
19540
1961
2539
1157
1900
31506
32840
8386
10539
1912
2283
12518
2647
10274
2183
598
30512
15791
18443
2604
2268
2037
6496
1636
2390
2799
1171
1293
2498
2903
4286
31206
2163
1869
2848
4209
2547
1115
8399
1502
2380
2966
1966
1368
2710
9648
1691
1235
1561
1195
2822
9880
2996
5389
24662
1852
1729
6176
1209
7980
17090
1091
2210
2191
2034
2272
2139
3705
1292
2099
2277
910
1802
5020
28282
2360
3417
1962
22369
1527
1648
2391
23659
2848
7479
1326
1327
1218
2687
37564
2772
16181
2840
3034
2366
14428
2029
2615
1919
13534
1297
22392
2372
3432
2769
4827
21570
2137
924
2795
2016
3102
1046
4073
1181
24577
1171
823
5341
30087
17122
1276
12025
851
2483
25699
2728
20305
17068
2317
1659
2729
5948
969
2839
24692
4386
788
7444
3167
23538
36463
2582
2940
32045
1294
906
1112
3389
2722
19521
10204
25786
866
1040
1925
7858
3283
2064
680
4280
3260
1372
1939
1153
10704
8021
3693
1319
2438
7911
1116
10913
1535
706
28904
1882
1417
17229
3891
21158
1005
2505
12817
2923
646
2432
1483
566
3108
967
1007
1644
2772
1474
1384
1371
1899
498
2349
1534
2491
2540
2865
2498
45382
2303
7499
2731
10240
2475
19493
19195
6416
2915
1799
3297
14401
1129
41341
2215
965
2003
1911
2564
946
1977
2708
12165
28249
1632
1372
2695
49788
2551
2402
1495
1873
20406
2119
1033
2464
744
3283
2009
2024
4903
2671
33171
1619
16207
3221
8729
15330
2504
3921
3266
4061
11207
1774
1051
1760
1932
16481
6738
3176
886
2885
1714
10305
1273
2606
3548
2340
12204
2026
4263
1856
2029
24168
2009
8472
2685
19165
5622
11046
649
2097
1562
2167
1509
13566
40282
9618
1275
1241
2017
1364
2585
4068
1361
26078
1142
1885
1385
2141
1559
1026
77733
1624
2422
2242
1029
1379
21763
2692
1643
875
55508
2573
4635
2218
2793
2108
11933
9148
1346
3295
742
3147
5809
2518
2018
1964
75247
1424
10240
3103
3485
2509
1188
3091
24722
4139
1698
6745
3459
4766
1599
5182
9007
23109
3333
3950
12597
29867
1757
12376
1476
970
1867
3056
4193
1355
12503
1408
14673
2806
3299
764
1794
2324
2477
1802
2753
596
33001
877
2759
1688
1745
1056
41178
1102
1282
1978
13134
2242
2139
1928
3113
125350
3492
23207
21044
2766
14860
37732
2031
1884
13203
10573
10777
1909
7311
1685
2566
14125
2379
675
23617
5404
1643
2372
1737
4615
1398
2128
15450
2816
2188
12249
3559
1094
12861
9877
4149
665
16422
5407
1723
2113
807
1831
999
2307
2635
1626
8329
1825
2216
571
1982
6350
1189
2806
2812
8767
40669
15629
1618
1808
2581
1478
11125
19466
535
10955
39293
2846
706
2015
2123
36876
4065
1292
2452
2397
4832
1000
3156
1918
2276
929
924
1398
10155
1479
2442
30969
1672
11048
1626
1595
1741
1179
1252
19452
2339
1373
11468
658
989
2209
1697
10272
672
2655
8016
2617
2471
1463
2005
648
1322
33646
2904
10726
1080
24691
1726
2089
15773
1984
14073
1728
5435
2996
4101
14437
16478
2991
1581
1626
1579
31595
32680
3418
13796
1615
1234
8728
1377
2975
2110
15609
1390
1963
1864
939
4709
24682
1116
19569
12195
30223
1724
12824
559
1576
33052
894
2185
2839
3820
486
52142
2054
89079
679
2195
1388
2204
11426
16931
12897
2945
1252
890
2079
2199
3308
2088
9822
2016
2547
2270
2281
2512
1825
17141
15296
2114
15260
1377
1400
12427
2005
2760
2148
1776
1838
857
18785
1483
18377
2174
21570
3418
2528
3181
1575
5528
1781
900
3506
1562
1572
4779
2194
2469
4617
3033
1172
2014
1565
2840
1689
697
3127
2164
2067
9246
1134
11210
3326
679
1061
2545
934
1532
1849
2017
3053
28003
2088
2157
8483
27052
737
1466
1113
2023
8968
1846
3341
2303
6480
2882
1041
8838
1853
925
1903
2359
2018
17747
3703
20271
1833
12674
15001
2694
23956
25365
1134
1355
55201
2033
2605
3213
4364
2730
2699
2363
1773
3393
8803
15703
977
7215
2043
2090
3034
44477
2076
15467
35323
1991
1474
2121
3235
2702
28518
710
1268
2628
1406
1587
1783
44777
3151
13084
13657
8060
8707
2772
2092
26582
3619
1992
3102
515
2639
7270
3534
6877
1982
3041
1050
2090
1440
13107
1850
2607
1631
2540
2609
6302
3077
2140
1166
7486
33818
2647
1570
3558
2402
3103
1240
1854
2170
1702
1554
25620
799
15700
24686
3200
1726
1465
1817
2296
2211
29451
1869
8974
3426
999
12795
1527
31203
2244
2161
41611
1494
2371
3252
18635
3065
114920
31252
19308
2522
1410
2160
1606
1282
1156
1555
1130
1728
27271
2895
1331
1628
13442
26755
742
1807
2037
1574
1070
844
2936
5056
3519
3460
3049
2132
2319
2991
13339
2153
2652
1217
1186
1795
2327
1184
1121
1556
3021
5758
2721
571
1165
9552
60884
1549
3006
4510
1600
1416
26645
2350
2157
24097
2637
1240
2168
14636
2322
37268
3144
26575
7513
2822
1785
3346
2870
2356
1631
1723
2359
1697
1147
1340
12886
1612
2565
15298
2954
1404
6341
3037
1304
1792
37579
1980
15946
1737
3505
11606
838
574
17408
3177
12160
16166
1970
1520
6073
2240
8969
998
9590
2295
444
1246
32619
2075
817
26966
1987
8659
2132
2300
826
1548
1244
84081
2053
2379
892
2753
688
1355
3055
10363
2375
1092
1537
2028
2022
2697
2440
2411
45409
1791
2635
713
2774
2502
2281
2926
2116
2470
10758
12343
2148
3264
30821
2625
1418
17832
966
4079
1233
5626
23811
1389
3053
2181
1952
2918
922
31422
1390
2971
13540
1973
3580
18506
2085
8257
8971
28306
1348
865
4771
2202
2155
2060
903
2008
2097
2214
16931
17986
1359
56139
16761
21804
734
3151
25646
464
2573
1528
3070
2607
24513
2002
1742
49841
4805
1485
2685
2605
6238
1220
24646
2059
4825
1124
1767
2503
2317
15906
1552
2699
1616
1865
728
2655
2008
880
2436
14418
3257
2570
945
1105
3277
2962
982
15927
2152
27664
29022
511
1198
4410
1698
879
3445
2235
17586
2585
2388
2412
20419
1244
3664
19001
2767
5286
9562
1443
16925
2020
2806
1698
26235
1648
1263
994
580
1837
2037
1338
3283
1901
6147
20809
1991
11658
4339
2124
24265
14278
1817
1770
2342
1618
3025
1276
5545
2310
3759
22940
1747
2492
2352
18759
869
2323
2480
1394
2774
47713
946
1897
3637
2874
37060
1454
3155
2719
3648
2286
3246
17716
1496
38021
58857
2549
1295
2660
1378
1144
18236
2391
602
2302
2024
4303
669
2987
2801
3730
961
11031
3362
4968
37940
8146
6465
1109
1990
63246
17766
582
4515
1605
3040
4416
1808
50112
1491
1325
1363
1629
11491
2676
1457
3361
1186
22135
2899
2011
2499
1047
22074
1731
56969
2042
2052
2165
5594
1669
2216
1891
11590
733
1585
14838
1472
815
8894
4162
1923
2555
3209
1788
9507
961
2884
2414
2469
1926
1205
2264
43432
1354
2600
2076
2292
15644
1676
21013
22104
2104
3921
943
2151
4201
910
8179
1983
8353
37630
1189
2795
407
2084
395
3600
6640
1055
1768
2624
15712
1352
1201
2134
42940
2087
2918
9225
727
10005
1196
3165
1134
21449
1797
800
2535
2266
1469
1262
2089
1784
1209
1448
390
14405
2797
6056
1447
7709
1924
2061
2018
1009
4814
3370
1658
39461
2044
2266
11258
2547
9720
28766
2452
2717
18830
2791
4849
2676
848
11889
22719
2338
12897
2944
2875
2508
930
11456
11013
28341
2471
2008
1223
2641
38744
2206
4118
939
2036
2454
1866
1965
1854
2111
13050
19367
1804
2291
1757
1759
1970
2332
2047
1899
1295
2073
1577
1380
2828
3464
2070
1986
1049
5257
6887
986
1322
2179
12166
2786
1873
3169
36749
1748
1723
2385
18803
2934
2704
716
1298
3324
30718
8048
1108
1432
2003
41215
38199
3219
67271
1679
2144
1054
2017
73244
1298
6787
2265
1396
1840
2699
2724
953
3212
2055
2425
2794
2690
912
13240
1414
2168
16214
1568
8069
1547
1477
23285
14016
3019
2578
562
3110
1506
2639
22446
3064
10834
2027
1502
2041
1822
747
2435
31951
994
26271
2801
21508
5732
2163
2413
2572
2681
2164
3110
3409
16021
1682
1547
2064
3337
1693
2813
713
5354
1265
32940
2600
1144
15757
2091
2140
1725
24882
1947
1577
12150
20000
9788
30430
24991
2687
2036
2205
11095
3811
520
2163
3492
5223
1895
2648
3163
5910
2085
1974
2535
1021
1363
38435
655
26266
9759
3464
63006
2391
10502
2199
1219
3982
2472
5470
866
3049
2171
1623
2332
1354
16037
2429
8037
2609
1132
1445
1582
10566
808
16843
2593
20093
3380
3199
2687
1350
15859
1922
2290
1188
15725
1772
18127
2384
2436
2538
1463
2741
3585
1363
45214
2264
2896
1457
3535
641
5924
1732
1900
491
4162
37239
2524
2911
17252
30473
32066
2779
2764
6374
1309
1401
2384
3251
14920
15600
4093
2174
1272
1725
5684
1185
19155
1344
17641
42443
20950
2847
1441
6413
2199
2697
9390
1021
1293
12558
1506
1357
3574
7776
753
2421
1136
2333
4019
3400
2050
2977
1595
1336
5632
2850
2910
14286
1473
44773
2827
1763
2994
12314
573
3976
1797
2339
1577
34778
17006
28002
2005
33820
1497
3046
2809
2336
3939
16838
2972
1298
2350
758
2752
3537
7651
2279
28947
3241
2260
3147
2026
2359
1437
1268
2048
5899
2459
1942
11555
1316
1167
1269
673
2126
17663
1818
1446
1795
742
489
2862
557
1878
3515
2364
6862
942
11457
4527
1714
26579
2802
2202
5817
1796
2531
2283
109486
17029
2423
2688
1095
34303
24264
1688
4622
2624
8437
3149
2666
3422
829
120813
3384
2067
3983
2306
18816
2063
2695
68427
3531
1155
2200
2473
18298
2993
1680
3735
2182
47866
670
1848
2320
2366
1960
1472
2341
2127
1946
2259
2163
18441
2067
1597
17933
1016
2291
4683
1965
2553
2151
2747
1013
6769
772
27563
3525
3625
52457
2210
1578
19900
3459
3327
2399
2983
989
20618
1411
1841
2920
2247
2505
2266
3530
8157
2155
574
2986
12820
2915
2645
8376
3303
40527
6145
29733
9849
3521
3294
1461
1109
2230
18557
2942
28064
1216
45351
1639
1945
7562
961
2778
14090
18325
1968
2500
2227
3525
11244
2172
2241
1785
1308
3099
7096
1440
1986
3034
25228
1305
2982
8298
10834
2102
11129
1679
2015
1316
2700
974
56150
2507
1629
2144
1586
2286
921
3295
691
9542
1076
2010
2470
14664
12481
3094
19697
2297
2911
2384
1111
10048
15372
7103
18010
1984
1451
34069
2855
3002
1784
9569
1239
1671
1948
1812
911
35328
2158
1375
36162
1359
13831
1585
2384
1129
1317
2111
1307
2723
1661
7122
1268
17301
1598
1475
65833
12339
2671
1872
24580
3178
2150
4054
12433
10409
8296
1883
17242
49213
2091
5713
18219
1912
2350
1171
10661
1417
3442
2643
2015
31802
1793
34165
3179
2633
12182
2688
2824
2023
731
2326
2099
864
2380
1215
16402
1031
1617
2390
2191
20757
4667
2401
1813
11690
2203
1316
1124
1670
2938
6441
2688
55278
2295
1136
2168
589
3448
51232
15621
991
1990
16931
621
1184
3169
9495
877
1816
3149
38772
2391
1382
1321
1058
12370
1641
2028
2672
1696
1491
908
2597
1423
994
2400
14548
2250
1874
1672
29673
1212
2046
1761
2642
2319
35429
2146
2149
3683
6870
2143
1708
616
1387
9128
13610
15506
1172
2174
2749
14264
9389
848
1540
2270
9135
1534
1790
2332
15668
2868
11982
1083
2553
2383
1094
2254
9839
18900
2954
1780
2214
2311
5779
3798
1738
1193
2621
1357
10065
2107
3469
2156
1363
2489
1989
3179
3382
3163
3485
20787
3305
2773
1885
7383
2782
2343
1902
21905
2592
2231
3921
1250
2807
8925
2684
18216
1183
1892
2404
1435
11903
43207
2693
2760
2107
2293
11021
2429
9204
1091
2568
2759
1892
3184
6502
29506
31052
3342
2013
1600
1732
2270
2236
11909
1100
29679
1066
1477
3122
2107
20910
12488
2340
23313
1668
21480
1966
49495
5305
8234
16028
2331
1989
2345
2486
2143
8281
2500
2632
17006
1284
1531
1249
1782
3638
1249
1608
3118
2218
2569
6656
1103
1967
1140
1514
2246
1373
19157
1590
2483
2328
7862
17651
3243
5534
6674
2815
3104
1941
4692
1217
16435
2121
20692
31246
2362
18282
1820
8534
2613
16363
1132
1558
7317
2580
5465
3772
2435
57056
14580
7169
2211
1987
27364
27572
3248
568
2149
2026
12578
37000
1754
9997
1995
1203
13926
2180
39560
12472
2659
2590
1111
896
8663
3782
1105
2856
2134
3159
12156
1623
13626
1602
727
5066
2315
1696
2056
1539
2569
1532
1587
1996
2767
2710
1873
1261
3268
1428
1074
19177
3422
1830
2714
26382
2542
14657
27747
2134
3790
8773
2458
2441
2220
835
2187
4457
87835
31643
752
2056
2698
1970
6164
3114
5064
3213
19850
12967
2541
12417
2509
2734
1407
9549
1961
1712
41463
2168
1811
2626
1890
1848
2262
1182
1833
2597
2115
1430
1971
27586
2676
17808
20294
2027
2786
19047
16634
29510
1933
2160
1015
3101
1574
3432
6847
3551
2765
2472
2001
1908
4711
3482
2920
3092
1533
29704
3121
1627
2580
1232
3201
1627
1620
15466
1776
1634
1261
14831
1404
2190
9665
1513
13038
3621
1448
2488
6653
35909
1354
3833
14112
103636
2635
1568
3006
31434
18537
1313
21710
2081
1408
2086
1378
418
3549
2076
1617
2647
2444
16816
5393
3074
2678
3097
1478
14119
1151
2076
2186
2809
2656
1688
1353
3595
2267
1780
2180
2041
3254
2506
14112
8379
20539
2376
4037
25030
2559
2998
1518
1846
10969
2664
3496
23466
20394
32524
9069
2783
1024
3203
8135
2279
2607
24106
10562
1778
1132
890
12150
19866
12500
1003
1051
2078
1627
3823
5240
2207
1530
2265
771
2418
1558
2307
13524
666
3035
3005
22889
1059
696
20140
3244
2423
2443
11436
4927
1305
1402
42124
4846
838
1696
20268
1045
2122
2028
961
1968
2287
2674
2627
1534
3249
3198
24373
769
2640
38686
1581
17092
417
26712
638
2918
13890
29879
2205
1002
4879
4226
48777
2637
2798
11155
2133
1257
1607
1912
3235
3553
1657
19441
2208
2284
953
9812
28450
9687
1405
7023
3160
63877
60598
2335
3273
34067
3783
5360
3486
1456
1719
1845
2244
10677
1037
2728
5350
1022
1734
2915
12227
20278
1821
2342
1853
32904
6760
10776
2041
1708
1911
1513
2075
1163
2575
1876
2269
1934
1719
2654
1858
8645
909
1626
29923
2837
3175
1759
1812
1003
1432
1592
2154
2270
1962
19336
20096
3341
1873
1340
2532
2366
2738
1367
2374
3344
1320
9380
26319
1562
5422
2973
38671
1644
2636
15081
1004
18581
1084
1430
3045
10070
1264
7244
1391
2306
496
614
741
29139
1902
2697
3064
1448
2605
1150
3110
2550
1718
28446
17144
7016
5466
29916
498
1477
2316
2347
1131
14015
833
2055
1634
3052
30868
1764
1882
2705
22427
7074
26340
3552
2144
485
40072
3192
8237
3202
735
4881
24924
2447
3065
6265
2724
1640
42539
3257
12285
2263
2776
2380
917
2222
1524
1906
12436
41877
21358
1198
2701
2752
1443
18622
863
2091
19750
1562
1073
89626
4420
5557
3123
1854
2577
2772
2227
1109
908
1895
3114
380
20809
1819
1748
22582
15900
2107
3541
1882
788
422
3021
31766
1781
5620
14340
2669
906
17635
16859
2911
2686
462
2625
3136
1600
5339
1115
1145
1570
1538
22400
7910
1931
2045
2235
2554
11882
13274
2159
16431
2706
27946
39351
2364
1268
2977
2416
2168
26692
1556
1871
2444
2027
30410
2852
1294
6423
2932
1856
2120
2001
1055
13809
4556
2079
50852
12920
3833
21113
11877
4560
1358
823
7156
2897
16082
18814
46879
1420
3386
11065
14894
4042
1026
1753
1873
7163
1178
14199
9424
1734
15423
9222
1769
1810
13399
1335
1116
4358
3665
1193
2453
1286
3339
1295
3180
11157
9232
1275
22135
9840
2185
24204
3328
6244
28226
15540
8122
2171
3130
840
2853
1296
58905
1583
1498
2791
2590
1327
2284
2732
27610
1678
2670
1729
2042
3399
646
1187
2086
2539
2036
1748
3546
2468
900
3902
1477
2787
2411
2143
13056
1243
1219
15057
1758
3006
816
2633
3065
3101
701
15605
1886
1208
3345
1893
2415
2951
2179
1850
1962
2536
20265
1184
1713
9501
1242
2545
5575
7146
1915
12078
3276
1933
2158
2015
23897
1692
1463
1624
2028
2177
3045
1444
1442
3494
2506
2389
1633
829
8629
1878
22995
1439
1672
1551
4745
4478
2127
8992
2234
1583
1318
6751
2060
3509
1982
1275
2666
2246
1906
1611
2702
2691
2564
11492
947
20804
1705
1033
1615
2419
10958
424
3119
2693
742
14960
591
2006
3666
4590
2069
11645
10881
1641
2483
13939
2201
2448
698
941
11082
3101
3391
16504
1969
36544
2536
1806
38127
5112
2510
5283
1429
2510
43472
17802
3093
3228
1235
1347
1792
20693
3858
4202
12105
2466
2245
1977
2711
1128
14705
854
1902
2224
2544
15786
21813
1009
27206
1966
14907
1363
1669
1012
1293
1447
15655
22728
2319
2083
1362
1763
2989
11042
948
1831
2192
3026
3173
2306
1747
7448
27679
988
709
2228
2747
1330
9610
681
11491
2073
1942
1641
1379
2368
1629
2203
1971
2169
2093
10506
1306
1711
3260
5951
3037
1075
1839
2300
1244
2364
1272
24184
16940
3254
1035
1970
1378
2926
2144
877
3419
10597
4573
5831
5196
1794
1940
1690
29434
17044
2242
20877
20277
2229
316
5102
2053
3730
74621
2268
1457
7959
3370
35534
4776
2503
2619
974
24321
1924
1289
2912
20683
2842
1528
517
1968
16094
9339
1510
3658
21294
1558
18079
1115
12114
1453
2366
1748
19845
10250
1505
4593
1947
724
2082
2042
2181
1317
966
12495
2871
1198
1247
5871
1329
16481
8323
1013
3504
3154
2091
3345
922
3303
4051
2420
1319
15136
2636
1135
2156
2420
1331
3214
2892
9492
2590
1184
1062
7300
771
3315
1908
5104
15870
7370
1976
822
33811
21108
6444
3977
3969
38320
2258
6674
1480
11226
1664
2016
1055
2833
2065
2568
38718
2602
46805
2760
17564
2339
10939
22384
908
21183
2701
2381
498
2141
1317
72927
1765
2256
2542
2405
31756
1764
2131
33866
3340
2845
19777
2125
1454
19382
1469
1034
4506
1937
1209
2412
1608
3678
1961
2772
16944
1255
8618
8026
1922
23051
493
2298
825
3057
1763
22067
1014
22437
2328
11282
2667
2843
3102
26750
2845
59505
2979
12538
5952
3565
3107
1813
41619
10012
8298
1834
18686
2241
3312
5141
3689
7584
2396
2142
2472
2541
17407
13774
1917
8583
1254
1130
32673
2511
4294
31457
1532
1116
2887
904
3013
753
849
2794
4419
3271
1491
2647
2112
7289
785
13568
4341
6989
3840
1256
2675
2508
22712
9047
776
2394
1005
10160
2391
12647
1279
900
1386
790
15697
758
1639
9215
26100
1409
2299
2811
1928
13431
13523
3087
2149
1849
2903
950
1538
2015
2426
2476
1637
781
1585
1896
1756
798
2401
4020
3823
11480
21602
4455
13532
2135
2631
1404
2702
2169
1556
1558
11508
2245
2090
2839
5230
3390
3090
24675
1471
10120
2668
3143
8153
3695
959
17151
4921
16372
1571
19325
2647
12600
2027
2571
595
2254
2104
10707
1354
21180
1470
3297
9124
11613
1912
4594
1879
46970
14957
14681
1865
1268
866
2698
34344
1583
19944
3164
1848
3076
3243
1602
806
2014
5108
12354
1256
2004
620
1431
1507
6725
2010
16753
1312
30223
2839
5695
2180
4573
2068
790
32093
1445
1759
31356
903
2868
2781
2568
10495
3104
3613
1523
648
8275
3875
1791
1787
33908
2756
877
4108
2625
2852
2775
1217
2050
3485
1843
1554
731
1586
21380
1947
1440
10942
1272
957
23505
10415
2464
2154
1434
13105
2926
23399
1304
2578
15053
2622
2704
1236
1837
2728
1320
11575
1240
2760
52766
54272
2850
2174
8083
758
20413
3001
9040
7571
3008
1062
7971
1309
2515
52721
1405
1765
946
1854
2391
1744
1926
8717
755
15779
49744
1712
21012
13160
2243
13879
1066
3003
123975
1016
2684
20845
9704
17768
1750
2780
2426
3535
974
1785
2013
4584
901
1818
1497
2075
23965
35252
7715
4309
3341
1160
3042
1101
893
1773
43677
2194
4652
1218
1243
1587
1748
1666
2437
1692
7312
1176
3985
12963
5786
1333
1401
887
2767
3211
1462
1715
4806
1992
20918
10121
2408
2276
2694
1778
2145
1936
2970
1378
1231
2746
2982
1876
1598
1587
1590
1496
36071
23898
1175
1345
4756
1656
3070
1366
1441
2830
24199
2226
2469
2336
1643
724
1499
8156
9166
5634
1259
18813
1999
2890
1476
2420
3007
39173
1736
20204
3792
3287
3201
1888
11704
3424
28809
20823
2210
2699
1174
17072
1659
13657
2293
1412
3037
1705
5719
1652
837
2077
3390
1561
1960
6617
1263
792
1531
963
2422
612
3273
18011
1379
1759
1288
5061
4504
25154
906
3554
47106
8187
10385
6703
2501
2382
10750
19517
14383
1116
1794
10900
1289
17911
1445
421
932
1130
3807
1833
3281
11315
38234
1314
3334
2673
6312
2643
1877
1744
2928
3061
2829
1057
27391
5059
1598
2618
1077
997
2111
15598
6636
22753
2847
2759
798
402
1778
15218
2499
1794
6649
1242
3516
1341
3069
11663
2322
944
2761
2708
18519
2329
2565
2040
8725
1102
736
2479
3902
26900
6941
63341
1384
1229
30617
25019
1570
1966
2361
1682
16228
1144
2047
2452
1709
1661
3200
4821
5412
53115
40793
894
912
10606
2748
1783
2501
2767
2281
2751
2701
1188
1630
9022
2186
8897
2404
26221
17662
24650
2073
4572
1801
24263
2543
655
1726
24017
7432
3032
28674
830
1444
7370
14275
1876
59631
2234
3693
2850
3362
65726
2132
1682
8725
1588
3347
789
1155
1744
2295
843
3397
3341
1805
466
1777
2309
1992
1509
1988
7746
2555
2639
880
3012
66469
2565
3968
7358
1864
1294
9830
29618
2660
608
3521
3844
1293
40114
29867
5341
6795
2287
1844
7121
1235
1789
2718
3147
3361
2219
3038
10076
1683
974
3488
5147
2433
1158
2721
1683
14392
1161
1063
2931
8718
4013
32251
30033
1940
2108
1539
2042
2088
35996
3308
2301
10708
1619
3374
3099
6174
2697
14401
2091
3247
935
10004
23178
6334
22011
8740
2394
20840
25444
4854
2764
2165
1553
71843
1840
1524
2679
15821
3172
1448
3190
4136
956
1213
1990
1908
50879
7123
6978
20978
2416
1584
2133
5807
2218
7241
2413
1208
2626
2729
4047
2963
875
1271
2999
16352
2553
8357
1221
50249
632
1611
1176
2734
1349
42774
1619
47427
11662
2330
29702
1452
2430
1465
574
649
2257
2702
847
2578
3055
1186
45788
1115
1334
1162
14518
1523
992
2125
607
2298
3353
890
1942
1227
6251
2616
1729
2767
8509
930
6305
3159
1947
1273
11099
950
11701
2546
18651
12602
1343
28361
1769
867
642
2848
21247
2321
1159
617
44879
22995
18737
2610
17667
2228
3951
2079
29484
1886
2822
791
2640
1662
2443
5936
21975
13566
1741
58026
3111
2368
10317
1635
1641
1905
108020
4003
14490
1548
1595
1665
2066
13765
1745
7050
10377
6727
1364
2882
20191
1396
1361
1743
1349
1405
1268
9608
2463
1464
1828
1552
2731
3755
2494
3328
1023
1549
2377
2361
2255
2022
31491
1694
9603
1892
11541
11821
11168
1014
2059
1802
11316
1402
5737
2846
1436
5365
2539
1427
11738
26706
2040
3228
8971
1157
3750
1753
4678
3108
1041
38149
1901
1406
2356
2396
16387
569
1135
2171
1199
1274
1850
3260
2806
1377
2270
3637
1948
18764
4118
33715
1147
680
6024
1566
3617
16983
827
2248
1099
2615
1828
13921
2559
1192
2188
995
58591
4194
3865
27290
1638
16246
1677
3032
1638
1796
3769
1874
4456
3229
1673
7278
13348
22580
10752
4523
2021
4390
24980
2976
1828
32791
1331
2784
1919
3231
2511
1955
1078
33502
2897
2698
7291
26400
1814
1885
1566
2737
2203
2034
2759
1163
4352
1306
31867
13615
1344
11668
4721
3104
1594
3369
3680
2873
2956
932
6446
2032
1733
2818
1124
18372
2539
1158
1867
3112
1714
16223
1709
18559
2718
22171
20162
16115
1318
29922
2051
8590
1310
1532
1770
2727
1806
3213
2965
1478
1078
2412
2829
7690
2796
56379
21307
25924
1700
13635
2327
1892
2141
14620
3020
1953
2155
1641
23895
1122
1712
1390
737
2056
27564
1149
16893
18038
3943
2398
3756
2613
10886
2181
2200
13920
2792
5484
3432
1357
1323
6163
1387
2333
2636
1665
2275
3005
2053
1608
2760
5178
24336
1341
1930
1031
1364
2346
2064
18275
2232
1367
1256
1083
2432
6235
1595
23906
2502
307
2630
1263
2928
887
2016
8291
5162
8092
2080
33321
471
1110
2123
2334
3769
4455
5675
2895
1109
1402
3396
2763
4876
2155
2994
6172
3071
9644
1060
2239
1760
29655
10964
2213
23039
2596
823
10694
2047
9264
2756
23663
1559
2209
2223
3677
3179
3295
5675
8921
1486
10009
1325
2048
2716
1130
12682
1390
18556
5291
1271
864
10370
9342
1012
3913
2084
5110
2269
5505
4313
2488
40619
1176
971
1328
2669
3188
2871
1339
2101
1450
1861
3604
9084
10722
2491
20646
2762
8310
2433
702
1541
2685
2427
1776
38830
1717
7008
2987
1720
5922
1195
1859
12153
3210
3318
17369
1914
24263
965
1936
1554
1605
2274
22137
3604
3565
6023
29203
2233
6867
11078
19810
1279
12933
21452
1724
1529
2494
2108
14967
2958
3006
2293
1176
834
3363
1967
2403
1954
2383
1929
2694
1670
2029
2773
20011
7459
2427
9458
1754
1173
4748
942
910
3189
2301
1706
1639
1781
2494
4987
2334
2061
1152
2104
1885
7089
11407
68801
26113
961
875
777
2172
26268
1387
2046
31107
62454
1471
13452
1352
2684
1826
38745
2029
1759
1429
3546
2333
2035
2465
14866
1758
1448
2295
99704
11575
2521
1859
2409
21671
1964
1145
22841
21098
1393
1169
23703
1475
3286
1927
3195
1725
2391
2473
15234
1797
2408
26327
2103
1448
2345
2276
9891
12363
2586
578
2550
1526
492
1254
2474
7501
2628
2367
3008
1679
2475
1872
899
2522
2632
5566
3205
3143
1736
1385
2010
51484
3996
2933
2161
776
2795
2661
22432
881
1180
2859
2993
1823
2069
15415
1865
2492
3008
1747
32918
5422
1023
5910
2298
2378
1327
4916
25527
1721
21119
2150
9848
5475
2311
1805
1033
33153
905
1753
19251
2232
1406
737
1720
40368
469
3066
2324
1820
2906
2628
8649
1482
2340
78823
2188
4007
22195
595
4593
50656
750
1898
2420
8002
1946
2343
3306
3053
5762
1958
2799
44450
8693
1972
717
15735
2256
2383
1645
338
2126
6582
44382
53802
12161
1759
2747
1823
2019
1989
2071
3644
1712
6119
2239
9622
2775
2643
10978
6904
4283
24792
1137
2373
1336
1205
2330
2972
2804
2962
2825
6321
1545
1085
8046
1419
580
22778
1562
7794
1069
2256
2685
5024
5922
9171
939
21142
23308
18043
6593
44937
3553
2959
2054
1267
2375
23233
65495
28054
1742
1509
1818
949
1702
2406
6545
28689
2360
1047
1368
2338
2732
22486
45351
2101
2841
2884
2235
2607
3003
9412
713
2839
1111
1152
2133
40678
1107
8577
2423
2378
2233
667
6248
525
20255
1654
5823
1252
9911
902
21050
15372
6963
1246
25363
18344
1817
1116
3135
2664
1829
54235
2495
9800
433
8820
2214
2314
14761
3749
10054
721
2044
1661
1132
4117
2321
2813
2603
1101
1642
7502
1763
8855
1625
12066
31559
7153
2508
2491
1282
20930
2550
8463
2718
16060
2312
24996
2651
962
4687
1318
3880
2158
51965
19074
2390
3409
1179
10704
3310
9873
726
9729
1706
2967
2829
2324
2226
8724
1428
2480
3217
1178
613
4667
3752
55901
2399
2471
2043
2135
15296
1898
1036
1031
1999
2515
2357
593
37665
13540
1147
1827
1135
1630
2627
1327
1039
2544
2753
728
6851
12321
2416
1837
1993
42641
15650
16624
1244
2118
4473
1621
14502
2201
2222
2042
2144
1889
1319
1260
13129
3524
2337
40712
2370
19740
587
2225
388
7613
3160
1537
855
2702
2692
2615
25363
28615
855
52035
1814
5680
4089
1851
2336
1483
2032
1244
17834
4884
2536
2174
6212
4568
2514
4100
3253
22057
35661
2091
1880
7831
2060
2576
21913
2298
1621
4624
35834
3250
29738
2044
2832
1085
27429
807
57681
2289
1958
1062
727
77091
1685
1640
39453
2607
2851
18934
10170
2435
2472
2308
510
28511
14925
6901
15359
9385
1629
1644
1547
984
2784
1467
1785
7251
529
39365
2310
2533
2286
2338
2908
2874
927
2448
1888
1932
13776
1408
4218
5115
2657
2441
3145
1935
24405
33903
2727
1548
1697
1852
745
1826
904
1727
2212
1091
3564
23202
1675
3145
1151
2462
904
1651
2421
2272
2034
5747
24652
2331
2467
2114
2127
2257
2194
2606
662
3351
2079
1373
33274
16152
1597
1267
2421
1119
1376
1599
2191
2042
1813
1529
43196
2010
2120
1402
955
3346
2761
1008
1183
1333
26694
2570
3447
2540
1430
12754
14772
2875
2119
18016
53895
1439
3120
1794
932
14374
47290
20233
6014
466
987
23618
36080
2012
2522
3623
39374
1875
2389
2498
1435
4915
24149
3647
1122
870
2829
14970
1980
898
2528
1647
2786
983
40707
3115
3781
925
2512
1971
22022
1425
91709
1102
1171
87382
2710
15047
7393
19485
3437
2125
2141
1300
21344
2205
9580
2038
2983
1718
2561
2053
2541
16382
2509
3240
5547
3636
2054
10223
2361
8592
2605
1314
2165
944
4520
2745
1357
2479
1666
20685
10931
1713
7226
912
1243
4473
1558
1366
2274
1968
55457
16230
3168
2371
2614
1761
25459
3007
5454
7400
3200
3324
3533
35837
1904
745
1194
1236
46349
6318
1727
2145
11721
1944
446
1577
2095
2394
781
51378
51550
2727
2653
2130
2571
6717
19957
36483
2500
37317
3558
12295
2306
2142
1808
1069
10464
37335
5827
2056
2752
11666
2661
12808
2524
634
29689
2926
2086
1705
904
31276
1874
6419
2675
1849
1973
20612
752
6867
2394
3113
826
1269
43463
14012
2280
21775
1638
1756
25270
3490
1019
4001
2181
11775
35671
38306
4001
49417
3269
3393
3198
12819
2669
24466
3083
3854
14595
3059
2949
1310
1131
1921
17853
3365
1792
2027
2104
2847
2485
2406
626
2130
4321
2626
12595
11403
1388
3458
2171
38347
1592
1197
2302
2046
1564
21157
1246
28967
2991
1412
2014
1912
16389
3594
4860
962
1981
2477
1836
1892
922
1422
2231
3497
2213
1811
43749
2248
3429
1925
2253
18454
1949
1819
3391
2665
2308
1839
1946
83115
2569
1672
2020
1371
1848
30043
3827
3540
2493
2276
15283
776
2254
1003
2470
3317
5743
1636
2921
2206
1487
2016
29082
1450
2231
3128
3474
1729
2894
2180
975
3780
1403
1291
15110
3187
1004
11657
4416
1778
3278
4805
7331
3183
8492
1252
1105
2553
34601
656
1513
5163
1771
2856
3895
516
768
1337
1688
2421
974
4501
35375
9302
20126
3217
998
2013
29919
2866
1337
1980
7497
3179
3538
3633
1052
1385
2596
2947
1969
2444
1645
1650
2204
1029
888
1793
1837
2440
9348
2847
377
3552
14372
39402
2152
2772
1044
13903
1814
1882
2563
1088
3695
3076
1115
706
3651
1999
2219
26701
3383
1664
11099
3492
2081
898
2777
6196
2310
8459
3196
4704
2338
2872
7782
2355
7099
3545
1775
2844
22682
1287
2214
3085
2699
4171
3204
12519
6140
2828
1369
17392
2765
6260
1467
10980
1204
11798
926
1513
1604
556
9607
1896
3785
993
2556
8073
5606
1748
1598
955
40627
9678
22570
3758
2554
6160
11965
1704
6544
1608
11179
2256
28556
2121
2333
2126
1924
2393
2013
1666
2024
2778
7737
2950
2116
656
18612
2297
2389
2371
1393
1556
3563
2679
1318
1399
2165
1454
1609
1762
1857
1117
24231
1016
2528
46249
14381
731
742
2697
18943
3134
2328
7199
1394
1537
2843
4134
3191
1715
41959
2722
2820
615
979
1989
4476
39960
3614
13916
2637
1647
11182
1418
821
1701
14130
2213
2399
893
6858
1132
8004
1507
2584
747
8554
7801
1881
17737
925
3014
6650
21173
12510
18134
889
13886
16720
937
19672
1579
22790
3152
2674
4176
2489
11104
1935
2455
1145
2626
1901
1796
6770
6068
1536
2037
2685
1168
5801
1150
39260
1516
1176
2312
4404
18933
1144
898
2333
3198
14698
3641
3373
3285
2223
1109
14761
1442
12186
8881
33533
1856
2589
1471
6516
3694
2424
2472
1635
799
1781
1924
2406
2479
828
1420
2853
3039
2371
4623
2025
3920
1983
2898
2341
2515
1681
2638
29579
3967
1711
1765
2107
14697
54327
1590
2300
1438
2400
2416
864
1647
933
7343
3554
35559
2731
1215
1242
9202
19478
3406
940
2033
1864
2431
608
2667
3759
2586
56437
1514
21856
9317
35843
1505
16011
2974
2494
6568
2051
1124
13157
48313
8756
1646
3479
2229
1707
1110
11161
9361
20272
8100
1784
3578
2030
36430
94875
1582
2278
1306
23968
2124
1054
2846
17854
1002
4618
958
2640
2115
1886
3858
3598
2988
1076
1651
776
1859
4933
100209
1288
2842
1144
908
20098
10083
676
3466
4748
1404
3964
1550
1754
1727
2298
29386
1009
3585
2785
1324
2951
58908
2107
776
3493
1771
5823
2457
893
14885
19583
3237
3492
77730
28191
2183
1919
2680
29499
1550
2141
1415
1902
1475
3414
2145
1772
2005
2839
1823
1333
1531
2378
2471
1565
2584
12146
27334
2692
2445
2096
1308
1872
2533
2402
2029
2372
2118
883
1694
1579
2191
3510
17729
2272
2465
61255
891
1010
55277
5436
1445
12642
2788
12568
1796
4157
1749
2397
963
2363
595
3208
1598
1419
3249
3493
91347
25025
2684
3380
2895
1957
12482
2071
1436
1936
1382
1799
921
13845
2706
3168
10730
1792
2855
2097
2166
2704
3499
6305
2125
7436
2163
18530
12863
2309
2705
2100
1924
3051
3637
26805
25189
6380
1201
63123
2438
40654
2314
767
15888
5512
1118
3819
2560
1732
2218
54202
13413
1687
44759
1681
19070
1004
10760
4099
8914
20932
2284
2793
19811
1956
2530
1728
2514
4044
42534
17215
1999
1385
60466
937
2411
1027
1567
19257
867
1610
29451
1954
35133
2269
801
6144
2293
2349
2359
1102
572
40043
2117
18782
2810
38326
12078
2707
7223
2032
11349
3239
2770
2451
1654
30024
17984
2302
12077
2305
2017
1463
1131
3758
1212
1980
8086
2288
1295
2270
5130
1574
7636
1374
1202
25348
3136
1981
1650
1460
9376
1294
2100
1100
1363
1430
1285
1498
981
771
1480
463
18332
476
25162
13629
1247
23579
1740
1163
2305
3035
16323
14596
2485
1085
1766
1920
2331
1839
2249
1967
2057
2274
1911
1853
1784
3638
2447
1290
2593
5438
2464
15526
9851
992
1021
11025
1800
37808
1489
1191
3015
1954
21086
1003
1134
1180
2524
7075
40501
1426
1320
3291
9297
8678
2196
2261
2542
1665
1037
9633
13947
1298
2272
1131
16750
10364
2309
438
2337
917
1398
51472
2008
15941
29402
1759
2018
2335
5962
13214
6753
2324
1188
1928
2092
3055
28771
1153
1945
2493
1425
20494
3696
2156
2544
1813
29487
1877
10234
1167
10319
1780
1874
1356
844
3401
1071
2946
909
6863
2251
3617
2053
2608
1067
1954
6726
2391
2397
1626
3114
1695
2805
3464
2503
3285
2252
5689
984
2118
3703
22485
2356
1303
4401
2396
29385
10962
1433
1717
2473
2473
7037
1212
28421
1784
1834
1551
10101
3138
2675
5915
1243
7728
948
1273
2249
752
1871
1863
27035
1696
67687
1467
23155
3311
2856
8813
10955
1393
6158
4088
3525
3045
11837
2310
9937
2905
2524
2938
2725
806
2017
1606
2462
3612
22684
2338
11839
1677
2483
2603
1552
12807
4331
3756
1532
4022
27652
2700
2375
2160
17716
33115
1010
1539
1791
1788
1572
2209
27775
29478
2585
1538
1569
22992
3175
1336
1825
5535
1109
1765
40657
1377
6706
3222
5856
2238
2653
1647
1671
8471
835
1655
1733
1215
2316
5698
2871
2507
2436
2119
5969
5444
2224
2072
7472
1717
1399
46441
2447
2196
1925
3037
922
43174
2809
22534
14113
1960
2706
7630
30174
4216
672
24543
10375
2236
1592
2451
1058
1797
5144
2843
2583
28043
2464
2604
2491
1182
2969
2421
2347
9025
12274
2303
1117
3036
1074
1243
1643
4914
9119
32594
1506
2494
2336
1982
1494
2278
697
1807
1179
25735
2764
9603
3712
13122
14655
7397
1082
853
9137
1625
36870
1494
19587
1465
1562
3085
1524
2649
921
2782
2754
2254
384
1779
2545
1580
10110
7648
1167
1269
3952
3116
1460
7199
3070
2113
3174
1514
1033
1631
2493
3917
3798
2048
11607
22523
3707
2072
2480
17398
1775
431
1804
1172
10748
3267
902
2311
2759
2757
1043
22365
2957
2050
3387
2120
36899
871
1834
21549
2676
12100
798
16237
1394
748
23872
40343
739
939
3181
1684
12318
1466
4576
19209
2362
12682
19318
1695
4651
2252
10430
3162
4590
2768
2648
2092
1624
2386
34902
10297
29528
1491
3513
4041
9779
1725
1571
2596
2528
1743
49646
1134
6903
2444
2619
2524
982
18582
592
2887
31015
3369
2553
3671
38898
1325
3366
24900
1272
2345
17613
1227
2318
9939
3127
15543
491
2616
20907
1508
3205
4870
16370
2640
1221
1876
2638
4571
2900
2922
1631
6913
2573
1949
22945
4778
3848
2705
14203
1911
3351
3024
7496
1142
927
992
15924
2561
2025
7942
25693
36600
31061
2330
40216
743
945
1573
926
769
49812
4215
2751
41673
1582
2209
1592
31385
8790
22921
1897
943
2304
1736
4422
2514
12593
19947
25621
1467
2967
2552
1926
2452
2683
1075
19328
1065
719
1693
1604
579
2647
14210
936
2210
19807
1256
2105
2503
3669
24866
31303
21645
10594
1520
1252
1772
2421
2739
1375
38089
2031
30913
1219
3141
4011
2973
2181
17091
1287
13254
40071
3245
1386
51666
2823
2541
13993
1536
2936
1189
2054
1365
2027
2877
3510
5254
1072
2141
2064
3154
936
749
1102
1454
2796
1956
6373
1328
2422
2206
913
6111
3024
25684
22781
2818
808
4795
1786
1904
3461
14027
13953
2493
975
1225
37504
3181
1928
1560
1981
2053
723
2075
1322
1564
24535
1594
13893
2943
2053
1759
48043
14011
3543
1420
895
3690
6276
18531
2813
34738
2758
10474
2709
27360
2016
1199
2967
2296
5166
5859
1080
6889
2492
3010
14164
1347
1160
27085
2221
1142
2752
25822
2611
811
3542
25721
1623
41892
17894
2789
2572
2902
937
2449
530
23800
752
1148
1327
771
1734
632
5077
17577
1937
2614
1995
1461
4152
1058
2668
1839
1653
11893
1243
84803
29167
7080
1364
1658
5390
2932
32573
1284
2687
20312
1947
8632
1798
1220
2117
22125
2403
17584
1721
25597
18436
2386
2402
2089
16746
1088
3731
1489
2047
2503
15499
1887
2704
2486
1960
2039
1730
15538
17297
17565
2142
17228
16993
1695
1617
1393
2296
1224
1646
1606
1605
25379
14189
2912
1267
1554
52976
8268
1045
636
3297
1797
33086
2027
2034
3264
2420
7626
2276
44095
2822
14355
1371
524
3893
3305
2486
1589
3427
25954
10236
2625
67751
25974
2218
8728
3052
1921
13372
656
52231
26092
911
13553
2644
2100
1276
2066
10503
1922
2232
10892
2331
3333
908
1725
13453
2264
11495
1997
2158
1464
20147
1309
1673
1744
10681
2503
647
2368
2269
61357
2919
1465
1531
3746
17515
17931
2296
33355
6054
1719
17699
7579
6153
1137
2599
1004
2825
654
1758
1108
1817
28541
3557
14592
2206
2109
3608
1431
747
1765
2020
42853
2113
798
2730
3488
8418
1634
2142
3749
1706
2763
1048
2109
1657
9861
73726
1420
5178
28606
2216
3122
2205
2573
2991
1133
3578
6955
41695
9467
3352
1409
2463
2735
2742
796
15845
19973
14852
42263
1977
517
45588
41834
4335
2487
5673
9138
3391
12728
6461
6958
35121
1987
2942
2108
1572
2274
3307
1361
2309
2312
20193
2276
1890
3510
5536
1757
1667
14539
1494
2706
5291
2752
2085
2162
1620
1445
2039
2117
15901
14923
7276
2238
77898
2521
3392
20416
2573
45311
2630
1862
3397
2154
2231
16137
2000
2634
2633
3121
2341
25742
1306
44977
2697
6870
1013
12316
49264
2140
2967
3938
2748
38808
1815
1796
1856
1088
1596
2490
13088
2240
851
1545
750
1993
3553
8303
1206
8363
1260
2774
2613
12434
1957
27925
2315
4031
1427
19697
3208
1994
1099
1837
1649
2131
22657
1072
1791
1102
42239
28972
6151
10108
1738
2417
1596
1736
2175
1206
1659
586
2466
2154
1286
1476
852
1679
1008
27351
3039
2122
2394
3539
3138
1602
1547
61857
2316
4160
2991
14015
1548
2862
2352
2851
1883
2594
4369
29071
2627
2418
2302
3110
757
23099
12138
2144
2158
1152
1467
2246
9831
2212
1386
2153
954
1074
1439
10909
9447
594
10238
2961
3464
11112
1398
1381
6177
1392
1326
2456
4153
1481
4563
1056
1341
646
3324
7585
3486
41776
2759
4288
2762
3172
2195
5465
2222
1542
879
8118
1272
1555
975
3027
11109
728
3642
2539
2605
3167
2015
1374
3019
6849
818
8363
2304
1418
2889
959
2353
2383
2413
14021
2338
3750
1614
1909
2343
1101
1782
3572
1333
4213
20565
8761
32674
3730
4367
43107
1314
66838
2930
2269
1528
2461
2432
1627
10668
1444
2335
1915
2700
14932
672
3081
1801
2840
1420
17349
636
2424
1027
1955
7602
3108
27060
2017
8156
2370
1614
1855
105999
2190
1698
2553
2709
1298
2742
2331
8505
1536
44525
2426
1535
1850
1878
2942
8636
735
8082
5991
9959
31984
2185
15605
3159
1878
492
4444
2727
1545
813
2173
2313
1881
1369
1607
2021
21963
3443
1334
5505
1706
10658
22460
2468
1551
1154
6854
1458
1940
2072
1666
1868
2399
942
3896
16999
3351
1974
10088
1995
1295
3594
23620
2637
2722
837
3019
1163
2784
25128
1907
3328
2631
2206
2713
1917
1902
10637
13760
2791
3879
2007
5395
1704
2018
1112
2567
6203
7465
1350
798
9888
1011
15632
20913
776
2506
740
1911
1543
1796
24260
897
2678
823
2466
2434
2696
12282
528
2523
1320
5633
16716
3597
108879
30071
1979
1567
1381
2200
3455
11861
1179
2526
11578
972
1701
2465
2009
3250
3227
2087
1475
2318
18377
2599
25571
1507
1616
755
2377
1480
993
30151
52257
2186
3597
1195
1604
6983
1146
2137
7971
2993
3107
2082
2150
15220
18694
2207
19414
2916
1812
2082
12237
1646
4388
3644
916
28756
1199
1298
770
1722
18572
851
2143
2526
1227
891
2390
3044
2150
12680
1019
3429
2915
51036
1670
45257
2204
937
1812
30104
12741
14131
1430
6514
2518
23414
1596
90819
1988
1846
12719
18799
1765
1954
9419
1453
1439
10189
1553
1854
8697
7593
1041
2163
38867
803
1232
2856
1484
1923
55339
1981
1296
870
1346
8910
1912
3176
3441
23343
1153
891
1370
1085
2600
2736
1024
1419
2918
4374
3074
2041
6243
2046
852
2264
2417
3756
1125
2189
2380
16082
1103
1426
1925
1786
2431
1651
3893
16578
3423
4272
2042
1922
4144
1638
1057
1147
1911
956
33290
16192
1740
2342
2244
2147
2181
2233
15475
3193
1733
1357
5040
2204
1010
10939
1693
1805
690
1851
3440
4100
1299
2023
1321
2453
1650
23373
23401
1315
1740
46547
8588
2539
2179
1983
2018
29973
1036
1590
632
641
5294
1216
19701
2471
1569
1704
3656
1724
11488
17226
8466
2129
16508
2840
11516
39275
7138
1070
2571
27463
1433
49091
593
851
650
1021
1876
28339
2947
2566
6836
62145
11641
1985
28790
30337
2868
14904
2566
2366
2110
1475
2726
1980
1369
19375
1904
1927
25515
2990
9388
2846
920
2053
7014
6524
2626
2163
14345
2784
10315
1921
2764
1379
2366
2204
1203
1681
1062
2293
2500
1821
2236
941
2348
2571
22379
1588
33061
1986
950
551
3217
2872
2153
755
1591
19503
9422
4255
2127
5416
2502
895
1881
6867
3439
1590
1755
38924
11549
49626
7052
9048
9633
1542
26549
11336
16851
1329
40621
1293
2172
7532
3744
13685
1209
1643
2386
15528
1726
985
3561
2477
2678
17868
2714
2500
3274
2096
2039
17377
2775
674
2874
2210
2365
1728
2359
4291
1507
1918
1772
3236
2924
2329
2364
3051
2281
2707
4114
11700
1636
6150
7325
7724
948
1255
3022
19413
1257
2886
1798
32820
1937
1724
728
3090
2437
2223
7574
874
1311
9559
8695
1135
2598
1504
2033
1019
3112
1983
1600
1553
1599
1859
22895
15876
2432
20427
2162
8443
4208
906
637
4337
9656
1713
86873
4201
4055
3007
24690
7911
2015
1871
2301
2124
3703
2292
9236
2772
7264
781
4814
2116
1161
1734
2191
13565
1554
1494
2935
2140
1187
1618
23202
4047
1627
1208
1153
25634
9848
1352
14685
52797
6047
11408
34453
19872
3496
2199
1242
6136
2004
2313
26997
2376
1300
863
2266
5859
38922
2851
4237
2419
19315
4305
724
53449
2732
19929
2552
2184
2370
1860
1873
21944
1376
20535
1560
19169
1173
1388
2884
2622
3162
2768
1463
2651
1052
1639
3083
1652
601
4919
16284
1347
12323
1606
2515
17186
1741
1399
1927
9122
15588
2683
1168
2694
46681
15569
3594
2346
630
3742
2815
2549
722
3674
1380
3292
1250
66029
3144
2858
11878
1286
1297
923
2200
17871
2116
1097
11767
3022
17139
14791
2828
25259
1347
1012
3047
1241
5089
21013
3513
3170
1666
2515
856
2241
3178
866
2577
3526
25959
1154
1201
3360
1024
2710
3069
1816
7591
2007
5803
20812
6958
10357
1567
1548
23158
17787
2130
1841
630
3121
1493
1757
2013
2762
12694
2071
16479
24517
685
48090
5639
61930
2630
819
10963
17416
3336
13881
6247
1296
1282
2514
2402
1500
3715
4252
2089
2239
9264
7853
17319
1949
1561
1048
1773
1892
1557
21174
1898
39713
2709
7694
1178
2430
800
1647
1536
4603
9210
1830
33170
8519
1066
1299
1880
1361
2908
1837
2102
2759
1815
1725
2775
1334
1255
7179
3193
1760
900
9974
2218
2240
1781
1882
2577
39377
830
26498
792
11705
10258
1116
33417
28932
2641
1990
35116
16907
3066
1486
2421
5762
1289
916
3921
31686
2794
1756
2235
2557
7028
1216
3893
824
2112
2964
1437
1451
1641
1413
22770
14686
1441
42157
2138
2350
1758
3962
2160
2704
11620
3844
2673
14406
1594
2017
9111
2543
2811
8859
825
13404
1082
3471
3004
1824
24082
3538
1972
1407
3432
15535
7298
1000
5907
25439
2141
5311
9676
640
6062
946
2126
1430
2329
1040
3682
2105
15723
3170
745
2489
6142
3001
1491
2964
4337
32808
1102
1152
17657
1264
17982
1356
2848
15719
19912
2710
1362
2393
2269
2275
2866
2438
909
994
2654
1955
1531
1349
6133
2251
1419
34681
2096
2537
2134
1576
523
12022
1946
2253
1514
1877
1713
3120
1701
15641
17306
22225
2692
1412
2971
2381
3245
1221
2667
14058
8400
1896
18477
2309
15476
20779
2015
2266
6092
1787
7872
2031
1126
32369
1508
1332
1702
2615
3495
1241
1558
48183
15849
6394
10463
8570
1207
29859
4735
1173
2165
4460
38099
3124
20553
18211
81772
1871
2469
35216
1265
2135
15070
11208
2359
946
2369
3128
30685
1449
45061
36887
2413
2760
1510
11051
986
2169
1813
1746
7755
1949
2350
6585
2562
2781
1444
2755
2593
1218
929
1116
2680
35892
2073
1860
1916
1636
64752
895
27831
1974
7737
11337
16351
1324
2070
11323
2366
10007
1756
1288
892
2759
620
2340
2095
1762
3174
18131
1803
2858
1460
2381
52933
3402
1027
22262
13471
14194
1615
734
19568
46419
2966
3574
1556
3229
3579
48216
3284
2169
2073
15873
8336
1730
2574
885
2509
925
1980
49973
1347
1443
1792
2017
2320
1271
10585
2372
19545
1890
14958
1319
57334
2676
32576
30969
2704
55705
2164
4921
6746
1432
12282
3203
3956
14216
1164
4385
2306
16411
1647
2954
1354
3021
2272
2316
2669
1600
1756
46218
1228
3330
2058
5675
2786
2190
28633
7164
53946
1209
1997
2046
1857
2295
738
1859
52578
1321
1974
1801
2080
1623
3794
1507
5575
3087
1763
2892
2760
1572
8163
1614
1730
3185
10100
1421
25765
3872
1385
1667
16834
5876
2897
3809
21900
2149
1973
2457
1929
1407
1136
5033
2654
1897
1605
3049
10096
23732
3688
1613
2186
40315
1858
2459
3228
27032
1640
1486
1652
7808
779
2060
19324
2871
8072
2092
1173
17785
11875
1415
16830
811
1997
8440
2227
2065
2476
1488
24697
1180
2321
1420
2460
2002
8937
82276
1020
2427
29252
2273
1246
2282
2678
7853
918
10762
21199
997
1872
480
2423
1498
2229
942
1918
4281
1343
58836
1914
8471
2818
1372
1854
959
5355
3243
3005
2258
2657
2091
2379
7933
3292
1776
1391
999
1009
3720
3473
2252
2050
901
474
2795
622
21363
1830
2518
2289
1960
1689
1790
2670
11201
848
2559
2344
2695
1182
1051
934
1510
5662
26419
60374
1233
1409
1588
4445
1276
1895
1706
13597
2477
2142
2182
54934
5987
2264
4108
59210
31773
2545
1268
19455
735
2825
65066
1887
15821
2857
52905
1362
11629
2754
17270
1512
743
1444
6873
1049
22080
3584
27348
1481
44225
13166
1706
7475
1486
1363
2289
2134
890
1695
2559
993
1852
3563
1048
11990
2073
1295
4289
1470
567
1334
1889
555
1594
2639
1671
7280
3134
13587
4752
13491
6673
1616
30592
2319
2401
2840
1846
2241
19572
22541
6185
2951
2085
2002
2017
17927
1376
5158
4062
8284
3879
8907
1570
1127
33948
1138
3591
2420
1439
902
1834
3531
2107
31379
3395
1603
2336
1334
5414
2355
1210
2649
1556
38154
1350
1601
44223
2447
2080
900
1714
2164
1088
885
12201
3503
22259
933
56297
2176
1693
3565
1133
1809
5344
8755
27634
1161
2362
2660
1434
2094
3516
2904
7381
3256
11852
2451
3695
11662
2319
3217
2241
1384
2468
3578
2050
8613
2352
3196
2088
18893
2102
1089
1781
3340
1515
8571
1575
1769
1407
2455
1838
2309
1964
1473
5937
1714
735
1929
1512
11753
1640
2714
1119
16759
2367
17947
3304
11695
31259
3331
13458
18460
3697
7486
35816
1262
8777
3790
1928
8034
1235
28208
1251
3693
2286
1746
13199
2129
2101
3621
889
1437
2583
2524
7707
1797
895
1635
1902
14664
55002
3213
2361
28551
1163
1500
1916
2790
4132
1846
2742
14704
971
2521
2114
3378
4169
3438
2175
15371
1088
28230
2292
5900
1727
1416
4025
66642
2407
810
704
2487
3211
6155
19591
2148
1562
5307
2962
1812
2290
1285
1722
1955
1303
1804
2068
18809
32472
1413
3342
12989
10009
2808
2531
1853
36496
1388
8549
1676
5597
2720
1406
3518
2867
1550
24597
1312
27925
1374
1721
1196
3153
7285
2511
24676
2457
19294
3059
764
99488
2600
8740
871
39771
2753
1867
1617
574
1353
28659
14158
1936
16862
752
16962
7501
4672
2127
2587
2022
2318
30538
9094
2262
2664
16040
705
2572
1807
2778
2516
988
2916
2826
879
11610
3141
739
2606
35246
3748
7044
1400
2594
1927
2680
3628
10239
3605
19120
2858
7585
15714
37500
666
946
3973
14426
1778
42541
2585
4810
1637
622
19492
1568
1918
888
2154
69497
43356
5198
1804
2061
5432
3269
2067
2123
4342
2114
1263
2673
1950
7758
3604
921
3082
1572
880
2761
14339
3275
2607
1754
2746
2353
26602
2939
4470
1611
3586
3130
1206
1568
44292
4897
13299
3436
2475
20533
1452
3077
12084
1524
23535
9861
1650
2827
797
1309
2537
10015
54120
1091
1481
2236
3017
2672
2922
6531
4272
12781
1821
24273
1952
1235
2659
1096
11549
1606
3236
2986
12737
2059
1139
3956
7897
2903
2444
1426
26081
13548
11915
3110
2068
2291
1764
29835
1481
2144
2289
3349
53766
1687
4092
1285
2618
1819
1259
2478
4649
2554
2342
2431
2083
1338
2359
1907
5278
1356
4514
22230
42192
1233
6468
2282
2322
1316
2751
1355
10240
34080
2352
4002
1238
5294
2392
40336
2122
2442
3557
19136
2288
1504
4000
4006
2188
42339
4028
3390
1174
769
2540
2339
21636
2787
2234
2147
3400
3268
2728
8497
10332
2088
2265
2488
775
1283
2075
2030
880
2489
1380
2328
1434
12519
2455
2378
3712
6108
1985
2143
13010
14368
1636
2683
19119
15474
12271
9441
13755
2113
903
1363
6575
2562
2063
2505
31475
19611
2289
894
1435
13035
2345
2228
25571
3093
3680
1302
1626
19261
1953
8377
25249
909
892
1156
794
1816
2515
1049
1814
7614
3815
1876
1321
4560
3302
8659
2992
1893
2100
993
2252
7833
1535
694
584
1998
2031
3312
1861
2388
1249
9423
1943
2534
17185
8179
872
1547
3074
3393
608
3225
2128
6349
1586
1875
6870
1872
7230
1944
2337
1753
5781
2214
2873
2731
27008
2585
1465
1948
2155
1676
2396
1057
1304
2896
35629
2459
19994
34769
2348
4083
949
1677
4388
8533
805
18367
1588
21879
2324
1986
29097
1239
1436
2268
4977
9471
1941
10589
996
3501
22088
1385
1450
1735
997
3472
4033
1758
964
25105
2525
2214
35027
39792
1644
1733
1003
38263
3855
1953
27568
2710
1477
17621
455
933
2287
1873
3579
1567
2596
1975
577
38857
2276
42285
1490
2563
44239
9671
2329
1992
1166
1826
958
3268
29916
1562
7274
2334
1487
1179
1893
2641
1548
1956
1518
2143
1646
2185
2141
1326
2431
2350
2360
2330
18523
1965
2263
20171
1634
18675
339
1738
1797
2344
1594
9896
72885
2112
1473
2832
3818
2107
1328
3039
20151
10314
873
2870
4634
1989
1252
1700
3349
2142
18323
3287
29099
7663
9912
1675
1956
1588
19045
1329
1261
3607
14566
2827
4497
2446
11287
2297
23754
705
14878
1299
41290
2348
2039
1324
2644
9953
1757
2001
5996
5704
1645
1258
1288
1911
19529
10140
3085
5996
1034
3338
2868
7084
1645
1992
920
4771
10807
2085
3372
945
2442
2575
23066
1338
1590
15968
1529
1745
1114
755
44046
31855
35973
25078
46205
19085
1235
2545
35928
1485
23345
962
2540
2771
3303
54354
2354
2359
9512
8749
3098
976
2478
29736
25315
5398
35323
737
38260
5184
1368
7974
1484
66731
1676
3011
1203
3282
28398
3349
1203
2511
3266
23574
2194
20392
939
16436
1775
31514
831
852
1744
1972
6333
1694
23941
1561
931
68313
1849
3532
854
26808
3411
1893
3108
23043
10598
2363
3056
10357
3296
1342
16426
6076
1026
2671
25375
31404
1742
4554
20446
7518
2225
2542
1184
5348
1082
310
2931
2277
2965
2236
2483
2796
2046
2410
1773
14741
1221
5900
85717
1067
1733
1318
837
1232
1891
2309
2944
2531
2314
4016
2548
1162
86044
822
607
4437
1355
2020
14481
2099
2708
1958
1608
1540
22873
2868
23416
2224
3369
14009
2847
2319
2658
3209
800
19257
12103
1798
1617
1359
26870
1069
1817
43837
2957
12888
15999
2465
1160
2420
15761
31158
2204
3672
990
1530
1855
2265
557
2847
2673
9059
3024
1106
1020
4227
1590
2590
1883
9971
1024
1349
2863
6294
2188
1631
2236
890
3073
1984
45033
33088
14018
1891
2023
2523
2720
1093
2575
16218
24939
1991
1374
2438
529
970
2144
5062
1671
3877
2047
1423
1815
1023
2653
44351
49484
1135
1864
1682
10788
2238
1647
1351
2338
1630
1809
1397
6970
2956
1735
4929
21062
544
2649
2484
1134
7337
9093
3182
3211
1073
2598
2855
45681
1893
2727
1693
20281
13010
3133
14831
4492
673
1819
4648
1488
3611
2266
2374
2612
925
1514
731
2552
13213
644
797
4230
1551
2242
2798
1901
2270
2806
15320
9729
29436
2874
34322
1810
2849
3466
7956
3223
2974
2124
7274
15028
1715
3148
4703
6614
778
1218
1899
2430
1760
470
3217
1656
1829
644
2274
765
3019
1724
2126
2584
2855
2953
572
1273
15187
20189
1117
16900
1356
4439
2226
865
4459
2559
1357
2045
11093
2486
1819
2776
5866
5637
1812
2152
783
5696
2791
2603
2245
2440
1836
2329
7702
773
2781
1360
2557
33707
39789
1501
992
824
2838
1331
1693
2227
1440
802
53791
1461
2846
1772
41960
12361
26410
3121
1457
2132
3085
3901
7380
2665
2222
26344
1685
2309
2404
8931
2933
8088
2733
1764
941
46055
31559
704
2015
899
872
2501
909
2538
1406
2192
5718
14127
309
2244
2779
10361
1044
1107
45746
17386
60567
1131
9052
1454
25043
1814
1029
1661
4058
839
10259
3111
12058
2279
3232
62040
1403
3253
40576
37980
12936
29519
14168
2420
2790
13318
2594
33910
4315
7904
1591
2359
2470
7617
2127
15519
12271
2386
36702
2413
2855
8308
2635
1948
2245
1442
5967
15343
12240
73205
64804
2042
2215
10789
2270
3355
1980
2167
837
1648
843
2409
1318
3151
1934
10308
4252
9558
2146
1171
2777
1689
2287
2686
1908
4158
34707
1207
1451
927
2361
2133
2276
3305
3148
2850
2728
999
2274
893
928
1884
2223
2152
4172
2498
2747
17566
545
962
5242
2978
9411
2274
414
1045
839
1652
9964
2347
3286
17845
14086
2031
20913
2896
1100
551
3229
1788
3545
7092
4334
7543
2953
1408
1989
1557
21842
2704
2400
1683
6828
5964
2224
11156
2019
13988
2255
1411
1911
2059
1775
1068
1013
3134
1666
3120
1326
2756
2812
1568
2380
2768
3358
1851
16522
2689
22577
24348
2436
1609
717
6047
596
520
1327
581
2318
920
2304
2799
27892
2132
9566
1818
1619
42635
3089
1757
2888
28571
1365
1742
9739
1824
1238
8487
2056
1017
1436
627
10773
