2930
2367
11389
26394
30861
1262
2543
11923
2760
1102
21724
2541
1032
2750
2417
3146
3813
1680
1554
3483
1040
1174
3372
459
2667
11708
3062
9816
8519
18032
31921
1430
4117
2232
13290
5382
15425
32638
2339
1783
26440
33088
1787
2886
2965
2827
2651
51575
1110
2132
25527
1231
21696
2483
34611
2111
806
2875
32896
2973
6765
3502
2979
1946
2801
2971
21777
2008
2828
2376
2474
2525
33490
3690
1470
2214
2921
3141
3657
1074
590
1031
6623
3295
2800
3006
1809
3719
2750
20512
1754
26017
2173
4318
3364
2405
2135
3246
2813
1742
1706
1605
2159
2621
17963
845
2997
1945
50992
1014
1712
1275
887
962
8345
1378
2912
2270
1745
62447
72642
27939
3725
54083
8311
2253
923
34125
46550
1201
3614
3105
1808
2541
56740
3713
21622
22774
39951
27071
2810
3437
21748
1340
34984
11377
724
43905
13749
1044
37862
2755
2857
3039
3910
6817
22805
3012
2017
1791
1124
1801
6732
8281
31764
12438
45640
2227
1148
2819
1453
19591
2192
11061
11875
43650
1091
1253
3211
2391
2984
16858
20950
2279
24667
1413
1587
3965
855
1801
29542
14729
3569
48446
2599
3149
2807
17108
2535
1375
4452
8763
2749
21678
2293
4375
32402
844
3064
11354
2476
1777
519
52738
27732
1537
1959
16472
8997
23622
8800
1274
1663
2932
831
12297
56204
6796
3488
22572
1420
5535
5001
3900
2372
2429
752
10617
1312
2355
2525
16062
28359
2893
37232
2009
7364
1534
2461
2818
18931
2048
2933
2212
2319
2532
15122
2535
764
3178
17583
23297
44514
1417
18832
14087
64191
18898
2073
1292
3345
2075
2848
2483
2588
942
963
1395
1762
1001
2425
2778
2051
1112
8647
13667
24007
2289
1862
1344
7681
6238
2045
3444
1646
4147
1845
2319
2001
14454
1605
6978
1660
3330
2180
855
19359
2719
3028
700
74558
1607
972
2569
2800
1187
9520
8360
31695
803
2332
2119
1216
13446
1813
2687
2058
4268
3256
25908
2729
2846
60065
2979
18922
2087
3257
7795
27470
39875
93106
3738
26674
506
3270
1817
2262
1086
1453
2292
2842
2144
7356
1646
1253
3763
902
4268
1386
2196
3256
3126
1477
1327
2656
2577
27951
2706
6936
13490
1426
1772
25022
1864
8794
4265
2536
3553
19155
53827
2058
3212
2044
1195
18380
683
3147
6359
1373
632
2283
2139
3468
2453
3091
8826
2329
2601
2944
3240
29595
6613
3183
1762
3444
2683
8101
1681
2064
2740
17755
2403
1452
2937
788
20991
1243
3285
3254
891
2826
11486
2038
2072
1551
9904
29432
2109
2389
1291
1783
2746
2396
1154
77910
4676
51432
10479
2665
21832
16383
34797
3006
2420
1133
3473
1526
2830
790
1568
2805
9599
2870
2831
1191
1736
2218
2217
8533
1948
9130
14084
2856
8277
3489
3029
36474
7274
1343
2636
24267
1574
1292
3465
2407
36391
2118
12494
1837
1917
2292
27686
3077
3371
872
1665
3081
2139
18042
48095
117871
4145
40305
1874
2221
2837
2152
2524
30452
2547
27819
2982
3075
1817
27603
9468
17099
1573
2401
1456
1760
3408
571
2675
25601
8596
30748
2362
19619
1092
5962
28506
1950
2021
11512
3233
2284
1061
1486
2474
37093
1684
19536
1340
2353
1096
16553
1324
1304
13036
61594
1264
14499
33193
44535
1940
12543
11048
1361
3822
13540
13982
10729
19248
2194
10602
2786
2776
13420
19722
1329
2309
23130
2750
2389
2534
1153
2372
1785
1573
2082
2458
1142
3588
43178
4299
1517
1057
11378
7285
3162
2216
1699
16922
1838
1257
2550
5673
6555
18661
2532
2030
1833
20144
47088
89662
2785
867
36938
3853
2324
2389
1997
3616
59818
1643
1829
1683
14476
1632
76477
20201
27402
19788
40455
1885
33737
6301
2343
4287
2602
1291
61237
2689
3323
3054
3483
15446
3121
3796
42390
1781
1305
27795
2698
12107
3624
2677
28489
2545
3275
3371
2449
2460
3760
11310
1413
9624
20837
17474
8264
3877
2016
79246
46051
1164
37211
2106
5710
3017
1672
2889
2131
19929
3279
1304
2086
12057
1305
15731
2130
3671
2867
2402
515
18672
12051
1646
2505
1037
29016
90661
2022
6920
2182
1365
2475
79917
1913
2682
15504
696
2218
2586
2176
2882
38485
1148
3017
4091
1725
2355
1151
2365
20568
2217
3522
3669
1796
18248
3455
2224
1864
6002
88062
3086
3033
2357
3334
43117
4676
2014
1799
5850
20024
6808
2035
1087
2558
2419
12092
912
9570
1977
1433
1845
6703
15833
6686
3006
1240
46838
772
35826
64532
22023
4226
7559
2045
43659
863
2807
16741
2690
2902
2632
1953
1399
1694
1255
29485
2724
3466
7110
3734
3118
2315
18484
2542
2659
7221
2942
2375
846
2602
44339
3111
956
9613
4584
42150
3284
2028
2333
2826
3499
1200
1663
13864
2080
18733
1803
2171
1610
3174
20841
1576
799
3245
1224
18073
1143
2844
31544
1382
1284
2677
79460
13197
2589
1703
5986
8868
2581
12065
1611
3442
7624
2981
2184
2178
1774
1578
665
1622
29483
5707
1442
6094
3162
11704
2726
1895
964
1356
615
2869
1429
1531
1560
1656
47218
1542
2037
1633
1509
2582
15234
3703
2034
20089
44527
2084
2742
2404
1053
3050
18294
2616
66904
28662
3578
866
1664
28385
2380
21367
3453
11445
45146
3071
2483
15686
1895
2632
2121
2076
2118
1322
1783
53989
1534
2551
3268
2734
3781
2174
978
29705
48494
741
1753
2825
8032
1224
2598
2632
54382
1970
3147
2630
2476
2099
7864
2442
8932
10025
9754
31869
64741
1985
28810
1451
2532
1977
3885
6603
3187
40965
2081
1429
1971
2669
13583
1345
2042
1414
2325
2343
49291
16895
2377
4573
2973
2039
1457
1887
1993
1773
12631
4209
17141
2267
3573
2702
2387
775
73144
1661
1248
844
2841
12727
1754
4868
1500
2568
1537
1356
3296
2630
22676
2030
13390
3159
1462
1323
8213
652
5064
95825
2895
32554
2324
1409
2562
2391
20989
3029
28328
1131
37154
12369
24973
1948
2144
1871
1229
1855
1695
503
75569
10703
1953
2151
1608
2524
1282
2445
2944
604
8035
2143
5438
2879
3366
2325
2268
7931
1646
3304
1210
36556
1106
3787
64692
899
2412
1718
22659
2662
8410
854
1980
1393
1458
1816
1836
664
21006
2277
1543
1447
11267
19651
2549
2131
20627
20278
30972
2538
1765
2893
2245
2678
17450
1695
15970
14442
1353
11206
1626
32346
891
1093
2390
1664
20954
9082
1601
2990
3006
2261
36189
18533
3325
1844
2512
3434
2651
99022
1555
2606
2586
2392
9741
57614
3440
2902
3858
21805
849
2139
4182
1459
1212
1542
1121
570
1064
2481
4143
2370
1200
9768
4547
2893
2783
1757
3138
2098
20584
2336
1426
1871
22601
2480
8157
2602
6466
4793
7023
10853
2722
1157
21060
46463
8806
3381
2952
17802
1805
1270
1139
1187
2138
20800
1547
3515
19838
1382
3191
2578
3477
1429
22112
3220
8989
6426
1403
878
15264
2179
1872
14914
18942
3464
2733
3012
35340
14783
45369
1553
2960
18845
11103
2866
2085
1875
1892
2619
34912
1195
2592
6364
649
1860
2826
23830
13944
21173
2217
1167
21693
20759
2187
10436
2280
3021
3369
18593
18970
3825
1700
896
12311
2531
3141
736
3685
52110
1717
3240
2284
1293
716
2768
1644
2875
2015
1883
895
20176
33781
70595
1603
6106
1175
2806
2767
2412
21386
3059
43739
4095
2622
107231
1802
2050
2481
1733
16952
2152
3562
2093
1634
1779
4268
6163
2899
1267
1533
43143
7867
4271
2349
7305
889
2547
2197
2173
22710
23510
2541
1062
17721
29475
1398
2859
22006
1049
1638
27794
2728
1663
1514
823
1697
34249
1112
10754
1514
3435
1799
3615
2071
24362
1181
8966
1861
2447
2557
737
1269
2670
8749
9593
7221
74061
1220
13290
10302
2322
5095
1670
2575
2639
2286
2618
4676
2264
12643
2562
8851
1933
2513
1404
15066
2680
1715
3950
2705
3232
8232
7614
1617
2997
739
1922
1247
2502
1840
14854
2913
1983
2204
1771
984
2515
3423
3191
5622
5845
1341
1709
1373
1631
2196
1794
2304
28398
1405
3091
2621
4258
1616
2328
2122
20083
1905
20732
19838
1062
3459
6625
1496
1750
2837
2966
1454
3722
1576
2275
25299
1172
3177
56373
1830
1847
3156
1181
33054
2872
13206
3166
3371
31010
1165
936
2297
9962
2874
1507
3985
10914
2369
40685
2253
1642
21786
1463
2879
13006
1735
3502
1307
8049
1309
17017
3040
3130
13031
14604
18985
2981
1844
24781
1356
725
1364
2015
2118
1492
38205
10078
14003
2035
22139
3384
1817
2544
4410
31034
2538
3657
2302
41072
2522
2774
13530
1499
2076
1439
2035
3174
66143
1065
2630
2413
8594
3572
2214
3159
22135
3706
3392
1882
1354
31970
5562
1290
2203
19586
67212
2057
1791
1877
1450
39895
4945
776
1202
8241
2871
1784
1197
6404
16907
1023
2223
1688
1055
10175
26413
1372
2626
798
3315
13101
3308
2251
7934
1561
1870
1419
23326
2322
2610
2155
719
1652
1871
1667
831
26115
2175
1817
1241
2507
1293
989
1076
2071
2761
2475
20319
3232
93453
8027
1606
6602
23422
13313
1836
920
2500
2190
40032
1579
1275
2687
9975
1898
2242
2705
2124
1457
2230
3213
2669
1068
18465
1976
17424
1641
19923
2800
1847
3605
10069
2055
1660
2233
4522
1273
2386
2110
2326
1010
886
2388
1253
1919
368
4049
18481
3444
3604
44630
7129
2069
1508
3398
2297
3700
1885
2374
5844
1386
7730
1439
36377
20486
2630
1081
2451
53565
2250
43101
1724
1018
1185
12615
2104
28402
18490
22157
1715
2561
2538
3370
35211
1808
1794
1828
6231
3430
104010
1650
62405
2516
2367
2231
3700
1409
23616
1644
21190
2288
3600
24861
3466
3650
2019
7708
7037
1985
1153
1378
12747
2441
1585
2298
12167
2407
2956
5948
1412
7880
12996
3640
8110
15130
3192
11896
5884
28704
1769
2798
1657
18833
1681
2793
32183
882
1332
2201
1820
9269
30415
800
3343
10424
39031
1982
57332
9000
1724
23514
6929
1655
1490
1227
2335
1358
49140
1940
8456
3466
14702
2202
10552
773
3134
1028
1282
12942
28260
13706
70089
2244
1667
9849
2992
1281
2794
15635
3826
15207
18361
47888
20921
10534
7497
19603
2419
2174
2538
1332
18064
2176
2209
1208
1649
1675
76165
1004
8591
4081
1654
1778
3045
77773
9244
2524
1972
3333
2062
2136
1800
1170
2597
32442
72504
1485
14430
64432
2954
2858
1412
6677
2862
29583
60676
3070
2251
2426
1629
2010
2378
2346
2570
2329
2875
4892
10959
1351
18243
24460
32784
980
2121
73265
2679
2233
4800
823
2673
30135
1905
12920
1949
2245
1121
2853
1964
1346
1210
1877
4885
3135
3457
3926
11161
2554
4208
4538
2243
2747
29666
15929
83874
7771
484
756
3784
1754
2187
1850
2570
1444
939
1800
806
13150
1904
1151
48618
17017
2600
1194
1519
14702
608
1826
1219
19997
2245
3396
22459
35625
4989
17796
1772
27623
642
4933
788
2024
2010
2297
2132
1859
22488
2298
3036
2410
2817
1224
436
2725
900
8794
43604
3306
2418
1792
1835
1215
11960
10870
822
1871
3052
1429
2756
1390
2620
3334
63728
64362
2242
2949
2236
38538
1701
9970
558
11651
29084
2268
1292
1591
12865
74333
10142
7455
3426
1978
2135
1928
9993
1581
2231
7704
1711
17780
2205
17660
3993
2383
3249
1271
1351
2708
2479
2790
5961
1853
2820
2426
2298
1286
2744
2343
3144
3040
1936
2405
2426
12960
1291
1590
1152
4164
11051
4003
2941
3545
2496
7199
1633
11010
1760
2139
1802
2346
2219
4811
1437
1760
7903
2152
2732
2792
1536
51297
2433
12718
747
5997
3966
3686
42796
2360
3040
2322
35336
9780
18072
3344
3903
2768
3619
12071
24506
2117
5329
1534
29643
1176
13308
3640
2622
3802
12306
2541
2848
3210
21426
776
2929
3837
1488
2860
915
42082
2166
3005
9784
2458
3636
2603
4690
2057
29263
1768
2174
9016
11427
3712
1548
2413
1917
1203
1232
1993
6754
28544
14948
2188
2758
2039
3312
1860
2595
11220
16523
1406
2325
10792
26406
1473
13248
10313
1410
52370
5133
2809
13395
39737
1796
1568
13970
10806
1921
12620
17474
1501
2638
30514
27658
3164
2915
1741
1342
2393
2433
2185
12360
35839
27549
3192
2621
13944
2330
1815
2280
1909
17305
1085
2207
2766
866
2448
11188
1461
97456
983
3264
25138
1861
6880
3278
24245
2863
1073
1659
2674
766
1638
8329
2673
45720
2298
1919
1761
48581
13962
2090
1571
12563
2576
45625
1550
15352
1384
1106
1022
4154
1953
936
2087
25009
19587
10148
25137
9037
1024
1102
1701
32196
842
2168
2544
1472
1559
41615
985
22377
2548
2303
3019
1678
10745
2015
1592
2745
12995
7340
14218
10512
2524
2843
2934
2534
1910
2812
2696
1504
3723
2127
17815
14959
2346
1715
45166
1639
1868
2917
25211
1963
1828
3549
1492
2066
3923
7290
24759
7117
3151
11541
636
2478
1561
2848
3136
1240
18186
3026
2767
2475
3196
10375
12146
1170
17962
2570
2278
91851
1794
2837
2467
1854
2089
3165
558
1104
623
1925
45875
3203
53401
3147
1107
21991
1696
29706
2720
2746
1598
58352
3185
373
2700
1860
11786
4361
2529
9347
2957
1599
1252
3568
15087
1569
11740
1545
6800
3425
4055
1348
1594
59196
2841
45347
2652
2047
1165
26763
1946
32248
58972
1302
5396
1533
1720
2043
2182
2320
33098
2312
2182
747
3146
2091
3066
1676
2682
17055
2250
79533
2319
3033
22191
23479
3264
1273
1935
2118
2107
2711
2068
2900
3137
24237
1770
1140
17734
2302
928
6827
2713
2412
3166
783
22155
37162
2560
1477
2219
2228
2942
16458
2946
8283
1554
2458
22362
3025
1344
15110
2251
1566
10074
18942
1069
4289
2350
7687
7338
16162
1343
3811
6621
18156
8072
2326
2179
1388
1681
1489
26223
3052
2870
2261
1503
2930
1040
3210
3345
9982
57521
1738
2887
1706
1508
2799
585
1684
4958
2420
2163
803
2835
31760
4207
2357
1894
2554
527
2190
1624
2589
1362
2247
2718
29501
2507
6673
2685
2325
1640
4409
2357
2806
1128
14644
677
12527
2105
18100
1498
43240
2310
1919
5752
1678
1293
1856
1845
34295
2456
3362
1689
11944
2596
671
1849
11720
13836
4259
2483
2053
6691
2108
2098
1705
3338
29155
1339
23573
809
2177
1942
42964
1306
3298
2044
3698
2003
1250
3224
6210
1772
38031
3893
2527
3511
5422
2323
2313
1656
2557
2076
2802
2424
15068
1290
31869
3990
2173
4936
2468
15478
62545
12306
2785
2939
1407
3109
38209
1576
2738
2866
3197
11668
456
22896
30730
14931
2483
1995
3214
131260
791
2479
1950
927
3017
12536
2128
14035
41829
5988
2316
2275
1194
2691
1511
20987
2287
7847
1435
2789
2891
6712
1971
16849
3513
20792
1876
41881
3701
3637
1773
17799
2468
2510
812
5380
2176
2492
4342
459
34183
3109
2731
60985
814
1488
71845
1954
2544
2342
11970
1881
7940
2123
925
710
1466
1951
2390
6611
70805
28139
7133
1432
16925
2719
12766
22128
2191
2935
2475
2017
782
3170
13180
1345
2433
1022
1822
2867
1370
2704
31950
2037
1525
6581
2483
2488
2984
2452
2013
31991
2840
1901
1868
1627
2137
28804
3702
1844
1110
11616
3390
1177
3901
2023
3478
2519
1991
12211
1180
1466
2217
70792
2171
5934
2297
2705
23072
2208
1924
38119
56014
2719
2522
25451
994
1306
995
3365
822
55329
2450
2584
3625
4234
60872
1317
22110
22948
1832
9032
2698
1481
2215
2528
2417
1540
10813
1870
2311
3187
52501
34812
10727
1655
2548
759
1842
2428
7299
35680
37509
1278
2342
2186
1286
1784
3876
2238
2002
8873
26768
17819
2496
15175
2390
1448
47779
27550
1949
4458
14031
953
1550
924
3658
2951
1924
2148
1271
2287
3344
10562
1925
12550
2469
56900
2342
28230
1618
24538
99526
2634
3098
2258
1511
1109
23510
14736
1749
833
1171
1403
4329
1266
21767
2409
1211
1346
17232
2369
2333
2366
2919
2333
14323
3223
15550
893
11347
55876
7981
2682
1013
1768
2792
2221
73717
30077
1335
14658
15440
5327
24826
1019
1861
2717
2870
3811
1003
20529
10205
2389
1955
3070
1744
42928
1229
513
9370
23997
1914
2752
41467
1782
406
2424
2733
1786
1471
1649
3601
1191
11832
17216
2574
3572
23525
37126
1570
2707
19742
1902
1191
955
793
34215
2192
2139
2392
3053
4173
2703
1951
931
2099
4861
4032
1349
39199
9422
28043
2383
2577
1885
20503
2074
2065
3640
3042
2432
1787
25389
28904
2691
1583
4181
16815
21877
2949
1349
1039
1378
2890
1501
52792
35347
3189
1880
1342
14823
36118
2941
2625
16923
2615
5037
3445
2690
3751
9503
2838
738
1690
572
1285
37595
15353
3346
1837
2670
2817
3392
458
1985
1769
2175
2966
2686
2900
14118
2754
24304
11950
1669
1691
13598
41006
34380
2091
1880
16604
19160
1563
967
2671
1851
2290
2374
1750
2045
4572
1846
21958
9187
45108
1777
4000
2399
2088
1656
4459
16983
537
14308
3578
3792
2414
2113
830
1784
2818
2338
2226
735
2023
1612
1842
48004
32109
27278
2526
1815
1081
2068
36843
1331
13435
2684
2458
3070
1700
3371
2151
1222
2249
2487
1203
20218
4182
2459
1420
24611
2924
638
2185
8929
3183
2133
11743
47830
751
143989
11454
1855
2551
19590
4859
2837
3622
1734
4409
6147
53187
2484
3240
12372
1784
29019
3040
7124
1309
2056
17925
2133
38820
28954
4107
2685
1547
1047
35615
2381
3657
2089
2680
3700
1733
1182
42499
1013
1729
1230
74245
534
4809
1779
1515
3954
2831
4553
2175
1011
58551
1867
1555
2151
2667
1148
3406
27008
5604
2300
13222
1094
1118
6214
1618
20202
3265
1705
1189
2609
1577
3049
3297
2210
1390
34594
1912
1929
3028
1357
3742
927
7584
1160
2750
17381
2930
8221
33943
1954
11468
2057
1017
2012
7913
2451
10484
1704
1084
13207
9763
2923
56395
3565
2456
2340
26399
2416
2374
2641
8160
1088
14759
11054
1998
1776
2030
3207
29139
3104
1568
2086
1362
2523
1979
1449
22181
31394
2086
1936
27263
1391
34260
2397
2339
4464
2280
8345
44243
2537
7551
8575
2396
1846
28997
1317
19687
704
2591
6711
2231
3019
995
1445
883
6751
13658
6799
12919
1852
1521
1666
4450
2031
25802
3115
2928
1546
1584
1209
1914
2791
2893
43576
2962
1388
2614
26100
7004
69995
2939
21600
16436
4321
3064
8444
20214
3201
15686
28699
2481
1123
1826
2862
40652
2624
34182
16654
23999
2063
520
2466
14530
1937
7788
1753
15801
3835
1127
5879
19074
2846
34499
1897
12440
3141
2589
1470
4008
1387
2351
1091
382
1338
2397
3030
3019
932
1413
3515
506
1648
2546
2174
2000
5527
1557
49119
23908
2574
2900
59148
3074
11919
3446
3148
26189
1970
1721
1971
1488
13146
2364
879
2205
2888
4083
5142
1522
2445
4023
1884
1928
1792
18289
12125
1828
8576
3003
1864
1303
1041
12220
2344
9380
3051
1727
1628
1997
23378
1318
34544
2344
3038
7131
2340
14675
2192
1554
3215
3559
11660
2181
1207
7750
1998
37214
3824
2646
10622
8038
2555
1437
983
2275
5706
1410
2138
11814
2786
2450
8734
1646
2298
11545
24005
1966
1635
4781
2849
2467
2374
50250
1753
2856
4177
3276
60550
22209
20243
1991
1115
14716
3634
568
1126
2479
1643
2959
8678
17003
898
1546
1316
2292
1660
1297
27234
3569
8493
66699
2688
1886
1781
27095
2517
7980
2920
2702
1520
3210
2688
25888
1955
2909
20561
18505
3521
1957
662
1972
28552
879
2704
31347
2014
27583
2617
36351
8295
3175
1439
4665
4314
1218
3715
1244
2022
2316
1838
55860
2862
3096
5499
1981
5238
1924
2006
6849
1839
21303
6378
2184
1461
18339
2314
1701
1814
2716
2308
3264
2368
11414
2082
1430
1450
4151
1214
2203
2173
2416
5882
9604
1510
1597
2915
3048
3024
10162
1911
2734
3717
2358
1057
568
2339
5978
14168
1823
59600
3088
896
1970
2211
2801
36141
986
1908
1628
1917
13096
32047
35305
2852
33549
3104
4087
1873
2662
15035
3118
2570
12539
1369
21568
759
1388
1813
31704
8326
2274
1351
3585
9004
1191
44860
2198
1415
2328
2132
2069
2764
1470
32151
5278
1981
2740
24647
1690
2659
15111
1207
2470
1280
3173
2316
1700
3328
828
1832
3528
1179
1809
2134
1953
29031
11937
8048
15325
2921
9637
2694
1519
15580
27740
2039
1902
12161
1765
18049
2167
2754
587
1199
2068
37203
15809
2196
1750
4217
1078
3370
3808
56279
18588
1800
1004
2420
1951
15565
12665
2999
3400
1812
22951
3046
26765
13269
2681
2523
3656
1753
5299
6815
1204
2998
1393
21475
43094
1260
3083
610
11379
2473
1750
2727
2348
12765
1250
13412
1745
2062
932
42410
6392
2058
1200
37963
3088
1995
34986
738
4306
30786
19762
5293
2774
22636
2115
1603
11153
7631
45860
1675
2103
27633
2108
1607
1888
1106
2310
1621
19755
1639
975
2961
43392
1720
2486
1337
32378
2066
3918
46939
818
2993
3018
43639
2386
1861
2102
1783
1869
18520
1758
662
30825
2067
2212
1170
1921
3010
4856
23176
1104
11217
1203
12720
2926
2528
3294
1850
2543
3545
1501
1975
30358
1671
972
880
7348
2227
2490
1238
15517
1670
1201
2164
6025
2932
7355
2941
1433
2241
12976
11786
3513
2965
1990
19196
1513
1345
2357
2197
2518
26162
2247
7771
44476
933
14602
7491
28900
3107
2641
8600
32084
1023
3856
2437
3378
16300
2481
30169
1949
1779
1458
2461
1155
47196
1228
8538
2272
9496
53825
3139
2376
2274
827
4061
2206
2555
2087
2396
1274
2901
2604
3017
2141
5149
20796
1111
2572
10106
31461
2123
17512
1551
945
1705
827
3748
1413
2682
2515
15506
2484
2540
1360
5301
879
25673
20840
2576
2644
2147
2063
885
1092
2307
3823
4114
2802
1445
1718
781
3109
37438
2284
2592
2500
2638
35066
3064
66308
3459
2076
1440
1746
4385
2572
759
9083
702
14305
2095
1872
1113
2817
17242
2894
1572
2259
3533
2257
5301
1108
4619
893
19113
40618
3708
34774
2169
9104
3045
2566
3103
1054
772
36749
18673
2160
959
11562
2314
33287
2459
1445
1653
1794
1263
24838
31779
4263
12766
12442
33624
29530
937
6270
2785
5234
1803
9269
795
2127
16357
5423
2038
25504
1759
13390
1646
58323
2069
2659
3149
2392
19267
2809
2127
37309
2869
53664
2983
21323
115422
3588
1906
20384
1835
2034
919
2909
4102
8409
3470
1911
2509
3054
52547
2217
1603
27768
3466
2724
1193
2079
1167
1478
3284
1547
2654
744
13113
2085
2255
1790
2293
850
2498
1614
10046
2273
14854
754
2551
11339
1255
3122
2408
10727
904
32770
2081
2453
971
17835
1003
1479
617
2147
17838
1440
1930
16927
1878
43281
1561
1361
2634
14359
1390
2635
2429
1823
52601
3315
1754
2927
1851
13647
1528
2909
32250
957
15500
1600
1770
2906
3152
1780
2033
19620
649
9691
4837
1093
20687
1656
2022
3574
2349
1760
2429
4508
3962
8064
49072
56794
1312
2437
16843
878
13714
1057
1658
4129
1172
1468
1320
2214
2458
2148
12049
1703
1110
2640
16068
1513
18129
2102
1472
13724
2684
1205
1050
2239
2827
54357
1549
4522
1739
8762
46541
1286
982
1115
11274
1939
3057
28650
14565
1388
1265
37717
1733
3943
1433
1700
3108
9960
19728
6154
26073
965
2332
2530
3210
28690
1915
10982
2099
1471
1063
4745
1532
1932
2011
1455
3268
4906
5619
1191
2228
2594
2725
2277
2303
2561
1933
2052
13189
4805
1009
20066
1529
1345
24596
1572
1571
1160
5277
3379
53470
3062
2658
3305
1374
23714
3472
1908
26009
565
9982
61882
2103
2262
2055
1698
2465
5318
16843
2614
1471
869
2336
1722
24057
12352
3129
50979
2549
1880
12218
16438
1663
30753
2701
1545
39127
1738
1848
2113
1221
867
2222
1496
2572
1721
968
21537
1724
1990
9455
15447
14466
577
2098
870
2220
2191
3177
20554
2980
1727
1938
723
11816
3091
24643
1910
2924
1945
8826
33910
2630
843
1294
1057
2076
9268
1404
8078
3511
1147
3222
1010
2413
1236
1763
11356
2422
1771
1371
2468
642
10104
2944
2377
14844
50364
1337
1422
2163
3041
1303
2492
2862
1140
3282
1963
2665
1444
8987
2611
9448
34230
2771
2006
21280
1016
14834
1146
2015
1909
17489
1897
12579
2028
3087
950
1213
3343
1714
1400
1248
12563
2654
1687
2532
7658
17190
2520
4364
1960
1297
34283
3550
22543
20024
2227
2441
2565
12234
1282
1542
2443
3368
2204
53529
1119
6949
3079
1255
2056
1769
2596
13712
19340
1251
783
1559
747
3243
1427
1557
6566
31207
19115
4686
1995
57913
17044
2270
981
1001
1625
1574
1234
4103
2782
2566
1696
53141
12101
20989
3622
2873
17044
8532
2795
25438
10536
2211
27567
24470
3096
1005
1660
1341
10452
1051
23502
1570
53228
21370
3123
1591
5976
2131
3114
1687
4916
2656
620
10753
1612
48771
3541
2669
1506
21216
1983
1882
2769
1815
822
1921
3289
1777
17439
2893
1572
2057
3016
9347
1221
803
2772
9272
4556
1355
27037
3209
2773
1858
2555
13773
724
2635
2559
2191
2445
3025
1157
3256
2131
1430
2749
2118
3576
10014
4196
2862
2069
1226
3594
1766
945
1410
9321
1196
16090
33047
1770
7202
2779
705
2381
1639
29070
3177
3010
5361
11992
2622
1884
2786
12657
2370
1972
10671
54714
2898
11297
16920
14536
1550
12110
3410
745
1531
1656
2885
2901
54122
28508
2310
2263
2435
1792
2045
3450
2903
1876
27730
19177
3615
2673
2186
2466
2421
1109
2545
8153
15634
3452
945
1845
3006
3614
4001
3123
2905
1093
3518
2808
9810
3444
2208
2341
20079
2511
1881
1639
1681
4307
1777
3124
41381
3052
7937
2355
19193
864
699
24484
1362
1063
1611
1993
19231
58056
3588
48734
2317
2207
2533
3077
1791
1432
6388
31891
2906
4905
1885
8257
3543
2385
37910
2073
2095
2795
916
1936
1972
2971
3264
8514
2414
30910
2004
8888
2645
1871
1167
1812
2457
27764
21699
2395
1607
2108
2481
2932
2250
2476
3724
1627
3043
1100
4506
2282
1848
3264
1096
21576
8612
62389
12287
34926
3806
26008
1178
42738
1720
4704
2170
5921
1892
4251
3547
1926
831
9034
2206
1763
2135
63139
6657
2752
3085
9663
3050
2569
1660
2510
1995
2635
2074
4104
2463
1293
1079
2602
66953
3860
2791
4227
18516
1339
1710
3028
19451
2404
3082
649
2725
1228
2727
3285
1714
4518
2644
7631
1974
21579
6030
13790
2454
2649
1810
1061
939
1722
1540
1338
2466
2376
1312
3727
1878
1324
1908
7174
2390
28941
29616
13997
75240
2684
28692
541
10184
1054
4202
2273
1309
2303
2623
2773
3089
689
52583
12110
2595
1461
2613
3156
1972
1057
15066
38935
14667
2750
2935
15768
2634
10669
2072
17185
20587
2529
1432
679
1809
5223
3537
2175
20131
1516
18508
1243
2150
2167
3269
1033
9160
2105
1114
44570
99899
4389
2229
2620
15634
1926
24428
1915
1299
1262
2366
3410
16736
2377
3131
11597
2104
791
3101
1888
1247
9014
50644
2035
12579
80596
956
696
2780
1090
20254
2814
5183
1054
2990
1810
701
3610
2318
2347
3942
2583
1036
2817
2341
2109
41952
4089
2819
3409
2841
2671
11943
10839
1384
3185
896
5509
15733
3062
36809
2448
1936
2705
50268
2526
2644
12570
14900
2230
2784
6672
1150
5344
9379
11654
2629
1166
8193
2522
3786
2375
562
30902
1137
3282
1370
1931
2196
1106
2203
34621
2281
2676
1898
2930
1003
12691
2856
2173
2189
1664
20240
10301
2696
1262
2921
3184
10377
2574
3153
1059
2070
1715
8331
2138
2310
1116
1578
13183
2581
2646
1940
83090
1727
1596
1453
41469
4139
972
2000
5399
2685
1519
3522
2529
30620
1441
2231
2061
1366
20882
3908
3033
1070
26396
2484
2165
2099
1704
14099
38195
2819
1084
780
1783
2842
1065
2090
6105
39294
2180
838
2920
12589
1173
1686
813
20540
836
2428
2228
2722
1725
858
33154
4653
2132
2576
1492
52242
1150
3201
44396
2376
1116
1465
3042
2810
900
1579
2273
2489
13049
1601
20691
7125
2506
2548
20366
2247
47441
680
2037
2403
25967
1290
1642
2626
2477
2306
1315
2225
2772
6751
2606
1501
2011
7809
15411
2585
19345
1498
10666
1981
1676
8048
3757
1245
2397
15662
1696
2201
2262
1910
1589
1115
3571
2684
2088
3647
3114
3217
2077
2645
2705
1396
2943
547
2492
1927
5928
7824
55845
23643
42994
2218
1619
2145
1773
3262
3559
2673
2811
9478
4341
1218
3207
2617
584
2549
987
1014
10818
911
2140
2119
3969
2161
14193
3504
2369
987
1818
2170
3794
1067
36977
21632
2311
1812
14845
2656
32297
4339
3140
4396
2672
5463
3224
2783
2577
3123
2291
8054
2104
1018
9334
10694
8360
1739
11308
2588
7580
2857
7857
20339
1820
5132
1877
28991
2348
15173
1767
29707
4901
2945
3183
1986
1912
2556
1490
1773
4001
2709
50158
2042
2186
1187
2109
22291
4781
1042
2189
1779
2042
8457
950
20677
84057
17469
2435
2769
1515
13181
8081
45235
2109
1945
2057
2800
2084
1959
58464
1465
1201
4056
1904
49783
1275
2548
1480
2009
1672
1196
2130
27783
992
2004
1482
4126
2379
18623
1585
5284
2051
3921
1381
2281
1911
2349
2651
979
6257
2033
2197
1365
5030
8385
3580
1297
2019
1676
2003
1135
6378
1616
34780
1699
2335
2036
2243
2955
6460
3038
1385
17872
1990
3491
9938
2889
3486
2673
5677
1415
649
13633
37781
2998
1273
1325
1102
2982
2396
1465
3542
43069
3099
2815
1714
2894
1159
1484
1579
1500
2356
1413
3136
26384
1928
13803
4437
1518
31402
1003
3658
23658
2555
2847
26133
2410
46790
1334
13249
10050
3998
14079
4652
829
1168
15177
4171
2155
21183
2198
1913
3726
16316
844
36353
1631
1596
11700
2273
2810
3295
53259
9192
22975
2187
6393
3362
1378
27375
3151
1526
10131
1820
2675
2850
2191
35614
8091
18042
16295
2749
24258
12471
1087
13989
3514
2134
2158
43670
15645
24011
2454
2847
2419
1824
2011
1652
1691
2936
30305
484
3161
863
2011
16379
1776
17969
2155
33536
601
2305
7685
2734
2545
2468
1677
1738
2244
1732
2209
2145
3191
1932
2794
1251
768
3630
33917
3796
2941
1172
1834
25490
2635
1131
1028
2351
3840
3250
16844
1386
1048
1844
1535
6512
810
1126
3043
1852
17872
2850
1580
1741
2354
3039
2357
1850
3457
1931
2566
13944
2641
15624
2969
1458
801
2664
1700
1138
31329
1491
11948
1207
820
3526
1951
1959
1988
25966
35199
6042
3097
1927
1978
1813
2580
2244
19366
1994
1318
2748
799
1662
1747
2507
29225
4318
2550
2503
2414
1789
2449
63352
7813
3058
2268
37991
1380
8130
4077
2881
2934
7028
13795
14914
1699
7458
2822
3021
1490
1825
5008
6817
25137
2881
1592
2067
2377
3436
1930
3169
39012
3452
2591
2254
904
2274
3061
1290
48016
4889
15496
4504
2412
1778
1926
1209
2809
10638
9426
5876
1239
1595
2586
2443
14011
10386
2440
16799
1092
884
2740
2315
2647
1706
23776
2148
1944
2118
1602
2265
2487
12372
22745
85300
1451
17463
52832
2443
1921
573
2410
987
1180
1166
1782
671
1197
1554
1661
2143
640
19451
759
3937
1054
3569
10776
1995
2712
2158
2609
1894
2234
1612
16222
24210
20953
615
1499
9575
9102
3156
3615
1693
17500
2068
2231
55565
2943
2799
11843
2157
8965
4097
2109
12006
2858
9130
2047
2892
14991
13068
3013
2633
26718
2490
1858
3717
3078
3139
66320
1839
4223
49401
8457
2923
22163
8848
2500
15794
21614
2590
3112
14322
3000
32251
4894
48997
13578
2770
35403
2687
3405
9144
1017
8600
5336
5764
3019
2712
17510
944
872
5095
2502
1082
2510
2504
1738
4196
2824
3501
3583
2118
2979
18692
2409
2702
2836
28700
3143
1395
3299
2175
1844
1331
10049
1105
887
2441
2654
2940
1220
3709
9480
1740
3322
1995
24063
1517
3068
3444
2267
1560
1577
2455
1938
18649
2392
2165
629
609
2158
14300
14785
3043
4313
1729
41502
3154
2715
3478
38982
1597
1076
2796
3354
44224
26921
1172
4502
1038
2354
1082
1315
2497
2091
877
42123
1268
1520
111594
31883
1855
1056
2156
1655
2141
1332
1520
26869
1971
15006
15574
1013
880
1949
5608
2169
1974
1925
2564
1284
3465
3237
15497
2332
11399
4558
44974
3522
2214
1348
2053
2064
2367
1466
1402
2522
996
2756
18288
3075
2056
2420
2225
1513
689
1783
59801
3298
4726
561
933
49418
59720
17593
6743
1549
1346
2436
5385
1718
2666
3351
1943
2889
3077
2901
2616
38610
1816
2389
1674
23565
6263
1565
7651
3660
3521
1492
2916
7201
1062
1143
2027
34300
2063
2063
2676
1409
1327
3822
2404
3329
2198
1738
1639
2661
14775
58915
1669
8655
16943
2187
1267
2547
2987
1955
16339
3909
12154
1955
1863
29810
2729
2058
2057
3632
2999
1759
496
20201
805
20033
1220
1723
642
28217
22512
4915
18694
9461
18055
1657
2612
51262
1257
11874
4041
32487
2208
1772
2985
2768
2021
2853
804
1283
2605
1455
936
1684
28892
17912
3160
8037
2922
16081
2529
16096
2277
3522
1858
11627
19770
2828
1426
2033
13886
1290
1673
19640
2107
9862
2691
12680
16973
1968
44271
2401
6021
2448
9400
24695
2649
806
4562
8242
2827
35358
3549
1300
3262
4522
1153
2120
1538
30823
11601
11343
3220
1680
58711
4980
2161
5234
6185
35113
1259
38099
1491
2136
24872
2059
1674
1762
1225
12938
13538
46895
33106
2067
14582
11369
20870
9252
1787
21549
1872
781
7022
24924
32039
2132
3411
2245
3783
1676
1248
36843
3297
1804
1810
5343
1980
23629
63483
13849
2637
15188
6511
6574
2480
2303
3503
1640
2135
2771
5725
1648
37915
2303
1311
2908
1555
2570
588
2958
1589
2205
2826
8932
10885
1954
20127
884
17537
1751
6655
2623
2446
2884
27432
2310
17795
1372
4031
2402
1543
2068
4655
2831
10663
2436
466
41282
28553
2158
3491
1884
2293
1140
1173
14522
1905
1637
3377
1159
2180
23746
34129
852
23350
917
2449
1887
2289
1322
1313
3705
2674
2431
2340
13461
18002
2513
2673
2960
2670
4742
1070
18372
1601
17456
1633
1821
2935
2309
29612
34252
1531
2079
3324
11022
2913
12956
13643
2681
2417
1442
762
2372
2696
23367
859
1354
19423
9766
1739
1252
1163
2101
2520
2599
22362
1702
54224
1879
2147
1301
1302
2848
2369
1688
2353
1166
2037
22160
13815
2425
1482
2869
24791
1609
1432
43236
2733
2971
1680
2323
1334
70433
2878
2614
211
4051
4095
7457
2686
1633
2532
2323
1316
2548
17617
1885
1262
2184
8147
2383
11696
2969
570
1757
3248
1342
19389
5607
18832
3192
2220
2598
3421
1218
1774
2752
1963
129451
6446
1275
6391
3754
2169
3028
567
19714
2975
1883
12094
2058
1931
1987
954
2171
1379
2246
23599
88809
27531
3300
898
68363
3341
2067
56152
3635
1630
10374
7959
1931
2595
36291
676
1252
2119
2716
9636
3666
2523
3250
2668
2017
12471
4662
3120
2371
1048
2535
3780
2165
6100
2756
2534
1782
7500
3584
16653
8519
8786
1538
65249
2053
20415
1253
4128
2108
2633
13689
3030
27538
688
984
2099
2124
3602
2481
14495
472
3080
1913
2335
3219
2892
10725
16855
2489
2752
1825
6799
78696
572
2082
1365
7943
1414
2277
17195
103224
1950
1465
4683
881
2699
1463
2653
12788
8139
1834
46605
1397
13237
3724
2273
2081
3814
1625
31088
851
10091
1885
28795
2183
1147
25016
6121
25308
27560
2370
44596
2273
11867
2382
39348
1654
1672
3820
1744
25069
9583
10521
1452
2859
1071
4599
6635
2750
1837
1538
2773
1260
1767
12177
3170
793
1868
1818
40426
16511
2884
1810
2885
23586
2341
5178
1526
37493
6109
1049
17578
13538
2314
1435
2183
20643
26617
1557
2634
4275
1986
13145
2281
1266
1917
1815
1914
20405
3277
1701
37202
903
1877
2683
15264
2135
4094
1799
1207
7224
5740
57720
9685
7088
2953
1992
1061
1643
1129
2420
2614
12127
1775
1435
4298
1006
1696
1708
3095
9147
848
989
3040
18491
775
1298
2565
23442
1900
2258
2500
1680
1273
2046
3555
4197
3216
2124
2545
1124
15980
2944
2059
3791
3047
1364
26093
621
2718
1631
2109
1659
1153
15237
981
3620
3946
1090
911
44836
2286
7964
1246
1364
3155
15017
1226
100763
1708
2523
3616
2984
3449
38908
3352
8217
1458
2757
5828
1253
3089
1998
2354
25408
31352
2019
2146
8618
11188
29765
3236
6636
2534
8224
8027
41617
1293
698
1329
683
994
2948
1287
2111
1619
2721
1852
1074
1816
2328
32833
2908
9775
2761
2556
53734
2286
3991
854
32654
1778
31858
2990
2591
3693
22902
1229
1235
14428
2278
2663
2837
2282
1306
1577
25427
2593
889
3234
14947
10787
6571
1924
12306
58130
1813
3407
1035
2251
1484
32552
3468
9425
2011
10098
3244
1801
2417
8050
54795
1627
4423
3033
2091
2179
2953
36583
119137
23766
1209
11175
6921
2572
3500
1635
4229
6547
1683
1820
36195
22391
3129
663
58226
2834
918
1175
781
26009
2411
3586
2873
30343
720
29593
1315
1361
2677
1696
52823
1762
8544
1767
1775
24581
78233
3139
2156
28637
2286
15643
1313
5298
40158
1989
1402
1102
1435
3023
929
7344
2978
2634
3336
2220
18406
1193
2700
2221
2206
2876
1826
59884
4735
3381
583
21134
8819
1549
1859
2419
2824
7127
826
541
29014
4129
3263
15474
1737
1795
3383
3807
4375
2284
800
14619
2590
2917
2510
623
44938
2258
1095
27758
1416
1376
2507
1413
2221
2945
2945
2637
2595
958
10809
2689
3846
1567
3234
2815
1428
1996
2048
3337
1760
3630
2894
2914
1180
40054
2112
3354
14295
1834
761
2161
25855
2017
45022
1498
3404
3869
1204
17064
1105
1163
2767
884
2457
21254
2065
580
1762
26291
2237
2626
6753
20981
32415
1988
34546
2213
850
36045
2834
1425
1926
14205
2784
55446
2906
2397
1068
2234
2536
29573
1113
29505
53369
2936
1658
67001
1100
17647
1603
2381
28609
1769
17647
1633
909
3030
989
2814
2584
10230
5534
1367
1296
1414
3434
48469
2715
846
1014
2349
976
648
1591
27770
12304
9233
2272
1599
2281
1708
38399
4229
1631
1991
45751
46469
1369
4058
42373
2749
3582
3598
1904
5354
2389
4534
1155
4444
2760
2878
2450
658
3828
2310
3031
3395
1931
3261
2207
2198
1274
10687
13145
3235
4156
2503
2965
30004
2822
1789
1690
668
1349
2808
3230
1436
32548
4049
2683
1755
1168
1275
1671
3039
2783
3598
2573
14905
1569
11780
37091
1886
2695
922
1754
7317
1643
15837
5251
1959
15658
12987
810
1115
2552
994
2457
1893
11628
2347
8823
3536
2512
16825
885
22369
2682
761
2779
1042
2938
12431
14793
2631
1122
3052
11662
14930
3671
1705
2147
7020
2261
25082
2740
4427
1832
1607
17582
2174
12526
2085
1609
4543
2370
53577
1381
2508
26426
57834
2386
13021
2973
3465
9299
6022
2175
2465
3808
3109
9063
4413
2187
3011
3895
2250
9062
2039
36438
1277
1089
2533
1585
1276
2445
7221
2233
1129
1494
10161
2191
1907
2120
1547
6301
1594
1516
1849
2207
1505
12755
14723
3951
2685
2114
1108
1882
1920
2245
2628
8270
2296
5525
22183
2450
3004
20034
32217
1736
3911
1084
1597
2429
757
2402
1773
2773
1445
6152
7762
1529
16127
22561
3790
2010
1654
31905
1023
1577
2170
1576
24380
1938
2013
20373
2194
42132
33832
2313
5178
1930
2404
1518
3481
1322
2878
23034
2135
12886
1982
1476
1658
4023
890
998
3122
26228
2785
1866
2309
3272
7749
1820
21580
2395
2206
1176
19801
2317
3289
1130
2351
84997
2769
1403
11359
2533
2594
32343
1658
3505
2631
2710
1919
19879
1661
2668
2392
8586
29049
18631
23821
1768
2488
1392
1842
1010
2440
2261
2771
1861
2590
1157
15517
1293
3097
1606
2229
3176
2446
25044
1111
30746
1578
63983
905
2664
2902
9610
1390
2101
2884
2565
3606
2739
2566
2042
5034
42533
828
986
2412
3092
1887
3738
5744
2882
1033
1653
2651
1329
2803
2521
2221
2042
3337
2561
5638
21503
7414
3192
2914
2437
14547
21060
1248
17752
2379
15277
30032
1215
2377
2503
2542
2400
2778
1762
869
1052
3399
3803
54124
36386
2292
1519
23739
2886
2814
678
2473
16967
662
2594
10704
2159
20109
16585
1325
2379
16911
1107
3245
1100
1823
2583
41444
2553
2173
1247
57932
1489
2225
16311
18074
38414
3050
25739
2285
2263
2999
2598
16611
3567
3943
3056
2001
2168
7068
5116
1640
1502
535
2718
17760
2529
1120
22403
1995
2809
1057
1635
3042
2580
87101
3261
12014
2006
2731
2503
2502
2330
18760
22942
3508
9833
3194
3119
5051
1827
2115
3673
1664
1344
36689
40143
17435
47901
1588
1784
2536
1096
2905
6326
57201
10108
14454
2151
31265
1735
43122
1196
2791
4328
2153
33020
1809
3358
1675
5734
20658
17996
801
496
21112
3019
1945
1051
1685
2251
1124
2683
17436
2144
2141
40938
3720
3590
3141
43365
25387
5801
2495
44356
21917
20615
1604
3788
5541
2475
8772
2939
2733
2767
2174
1890
6751
3679
1457
1801
63319
1034
8664
3511
3708
3334
10488
10396
38541
49919
46575
2365
4161
1141
2827
2538
2157
2319
1996
4454
976
1264
34214
1514
1502
1078
688
29465
3469
2404
2004
2089
2695
1921
2503
1373
8601
2558
44939
1412
1952
2839
2503
4811
2087
46690
1578
3363
1535
11467
3477
2870
20146
1609
1483
70996
21102
3115
2972
4762
7921
3040
16306
578
1451
7427
2333
19019
1303
3085
2620
1816
2699
2369
1075
3031
2724
46726
2846
2420
1937
2622
2675
6185
2469
34424
2177
33806
3400
41637
1626
1721
3027
2602
14491
28839
1391
2140
2280
1337
3358
1634
2741
2107
3442
2967
2898
37766
16560
1318
3093
4402
1421
2160
8406
628
10579
1321
1726
14896
1411
3046
1713
2163
1820
944
1557
61876
1672
1856
1129
1035
4615
1115
1883
1360
2965
6109
2886
1691
2431
1124
2073
3768
1892
3867
1371
6722
1315
12861
1148
1486
10808
2221
2837
1328
14649
802
1357
3489
2123
2163
3713
3497
2834
28080
4901
3972
1463
13773
2842
1630
4833
28505
1598
15283
27971
15981
7972
2924
1822
1597
2521
39066
8086
2561
3965
2107
8422
1124
1992
1122
3033
38596
1318
1278
625
2864
39205
593
9191
1703
7677
3271
27732
954
1675
2654
23675
1250
1460
2187
10271
2348
48360
4405
25608
882
2380
2384
6014
10768
13374
28404
18086
52662
2537
2868
2433
2263
1683
3247
11646
1622
3505
17796
2958
1714
7488
11429
753
961
21920
1707
4445
37725
28519
2061
4769
294
2478
2615
37640
16190
2804
3035
1552
1555
2794
4018
32838
1787
2789
2947
2500
6430
1091
2454
747
1679
3084
1725
1500
26829
1901
1044
2195
8388
30072
24943
1315
1439
54426
777
3554
1237
3166
9319
17088
2373
1185
933
2130
1517
25444
11257
2232
1540
1180
2472
64948
2876
2432
2294
3261
30578
1832
2238
2157
18358
1916
2125
1820
2549
2588
70201
2709
645
2395
1577
1279
2186
634
2921
24973
2636
5605
2018
1241
808
1565
14245
2648
2426
2123
47349
18798
2224
15447
2318
2581
3380
2479
44551
3672
10455
2357
2098
2847
967
1306
20978
2466
2722
2809
1017
14365
39936
1505
2016
3125
4680
28916
1919
1235
940
13243
17104
810
1841
2441
18243
7656
9069
37004
1541
3624
1902
2083
16384
2255
48697
2836
12150
2035
24063
2816
22506
1754
4583
1322
518
2185
8593
34139
1602
1861
3339
10616
17548
2750
3401
1567
1739
1910
2082
2299
1521
1833
5736
20932
1910
25692
2541
2147
7483
1664
1888
1932
5795
3376
1414
1577
9071
711
2719
2979
2861
1626
1650
14861
2581
4643
2848
3014
2168
1995
2551
3122
1347
1290
26529
2003
66946
1952
3075
1674
1617
10839
18505
14677
967
7172
1924
1442
2217
3002
2196
12151
1841
2912
2832
2440
19312
2215
1203
2196
1424
125825
11612
3050
1293
21200
4361
2989
1276
10438
9551
1331
2740
1224
3836
2303
3742
957
16381
1597
2988
1960
2636
32776
16384
662
1780
18166
6760
18306
1172
417
10884
22265
7441
3532
1292
1786
2278
1560
7227
71414
2319
26688
1039
1862
6422
1076
2430
2467
3043
926
3127
2015
9222
16437
21864
66372
2205
4911
1662
18978
2225
822
1300
12701
9347
2697
1718
797
2015
3346
526
944
1816
1470
23307
23822
23564
9153
3136
134677
2434
13544
39112
1698
5552
2124
1888
1859
9590
2759
3045
1275
2041
893
3359
3065
16192
8255
1540
1218
3607
1759
2199
70878
2700
3208
3040
2386
2678
8104
1796
2344
2968
1361
3294
77709
94518
1178
3276
1783
1866
2308
2217
2608
1456
1732
1196
1374
1565
114638
1609
853
1782
2157
3989
3221
2832
2140
8411
55638
2069
935
8836
1789
1517
44349
8967
3921
1385
759
1891
1648
2763
2416
4242
2043
3361
1141
11503
7373
1964
1079
1661
51567
1274
1522
1378
14130
3617
27406
3803
10252
1928
2711
20218
2078
2306
2729
8858
3143
2480
898
2773
1372
38181
1496
2933
1486
16993
17598
19601
1990
2106
1420
2808
2119
1948
31199
3745
12382
11975
10691
2359
1582
46051
3165
11884
1768
1377
14326
9042
841
1683
1358
3440
1173
2705
1640
2618
6226
1312
2227
2251
1112
859
37767
1380
2561
2742
7185
1397
1690
2142
2738
766
1113
10997
3909
17929
985
3361
1907
9599
9655
735
2686
3829
1827
2008
2616
2485
1965
3097
29001
2371
44253
17433
1167
3440
3245
2162
2787
18566
1333
41456
1694
3136
1873
16734
2752
2030
3145
975
1843
1394
2316
1774
2121
2713
55744
1665
1593
2062
2309
10366
3104
2819
4466
2453
1812
3371
1318
1285
3217
2902
1160
2597
1940
2830
2348
2078
931
2926
7112
782
3241
2441
10386
2286
1532
2026
3166
2507
1882
1530
2782
2022
1657
1034
1817
2580
3071
27083
1994
1775
53413
31362
1966
2528
1299
9761
1617
53153
10018
5129
2729
4305
2765
50877
6909
1661
9758
15862
1762
2759
18807
2283
1038
3483
3076
21783
2100
2252
2919
3265
1272
449
1570
2252
31883
2128
12317
2423
1709
2394
3058
1899
3077
2002
3127
1708
2720
2242
1634
2220
3774
22357
22933
2253
1637
2067
1523
816
1788
60014
943
3930
3190
86349
1815
5169
1201
2475
2606
2588
1082
9217
1363
1509
34055
2787
6984
1553
2342
4181
1641
3497
62800
5923
1421
2075
1970
1996
1932
2632
24921
10298
3180
7504
3479
59413
3812
8828
1572
28535
3136
3047
2455
2862
15575
22022
1513
2859
33439
1847
63322
6694
2129
3337
2633
3377
2873
12249
3220
4135
1541
2780
25449
1914
1654
2259
29586
2101
23608
1189
3235
8275
4468
6324
2278
1824
2529
4513
10379
2023
1349
73092
779
1299
8438
1497
1206
68450
1913
4004
1867
1014
2048
5270
20777
2875
2347
2920
2703
931
29865
3468
2930
18609
3046
2576
14516
1905
1958
10315
7698
62677
2676
49952
635
2714
3005
794
2936
2799
492
2021
2225
7269
13180
2132
2338
1529
2053
20146
2230
16273
1738
2635
4904
1666
42209
1194
8673
3353
1329
2545
2444
18595
24886
3194
1844
1472
2870
16198
3511
2205
39411
3664
5278
5763
2187
2652
157997
49226
38239
2764
47807
2875
1855
7796
5315
4123
14415
1663
10178
27349
1891
1479
1716
2103
1604
57984
1650
1896
27147
1219
49003
3414
1083
2953
1444
3098
3266
16722
1764
2683
72058
1713
3200
5625
1156
2762
3105
6881
1173
584
2658
1827
34976
2008
3131
38719
620
1167
9339
4423
2845
3267
826
2325
52654
2272
14605
1668
2410
4505
3013
958
3388
2091
1350
2203
1346
2777
33560
12777
4806
46723
422
7565
14387
831
2424
1089
63365
26979
1548
12257
3193
2254
7807
2918
31689
3896
2154
2598
1688
5956
2351
3084
33738
1555
6250
32667
695
2067
2469
23041
1763
2907
1179
1997
1941
2077
1080
696
3955
7248
2411
1460
1389
24740
1585
1803
19222
2715
1999
4224
2512
16988
9323
36039
2640
1939
73313
3069
21948
8685
2782
28438
2002
2487
2191
21350
4159
1457
10979
2607
3909
2738
83092
7058
1034
3283
2498
1373
1044
4455
3622
3063
9364
1581
1859
1385
1543
2343
2444
607
1919
2999
2016
1750
2597
1364
3305
1603
1875
2089
1613
1465
3250
1729
32497
33743
2034
2301
14821
1479
8094
5010
1168
2084
10972
13405
2442
2530
2539
2900
2526
2868
3340
35107
2360
2847
1673
1516
2895
2865
1753
2189
3688
3335
10505
1839
1476
3034
6157
35039
21962
2367
4029
2912
2632
3522
2514
2161
1951
20913
2043
1539
8556
2140
1455
12455
8823
4156
4047
12358
2971
1998
1617
13619
1739
1893
1128
18248
1074
14839
10285
1844
14194
1962
1785
900
1879
960
1566
1485
7439
2841
2305
3058
2896
3756
1812
2576
26934
1916
1877
12187
1601
2916
1639
48640
1785
1115
1567
1775
2824
3279
1072
2264
2818
3030
894
1810
725
1360
1251
2509
1731
1201
1232
2342
36631
2904
3159
1470
1315
2922
3032
2113
3749
3800
8245
2404
2134
10577
2539
2971
2799
1241
1085
1883
2511
2917
2021
27823
48664
3543
13977
11122
1675
32249
6454
2416
2267
41892
49972
7125
20056
1373
2337
40072
13988
492
1629
5111
3061
1235
2203
27234
1828
1390
35360
2913
30357
4149
2421
22225
2099
682
2048
3991
2547
887
22011
1932
13347
1529
2393
1705
2226
11421
4397
3938
3635
9490
755
2753
2483
26068
28954
2799
2165
8444
1878
40089
1575
2519
24806
1064
892
2443
1405
2274
2720
2800
26360
2043
2032
2414
3631
2549
3408
16267
1727
1962
889
2410
1016
2480
22595
2580
597
4595
12954
1286
167325
9993
34640
2687
1285
16790
2703
81550
3164
1475
37739
1925
10667
7021
10697
1891
3071
918
1184
2138
2453
3698
2225
22967
863
1645
22378
1637
2665
3135
1678
2141
1729
3996
844
2439
1644
3765
2557
773
1529
34230
2896
27082
2751
14932
11861
42152
1851
14639
2191
659
53151
2963
31830
1568
1747
6069
2394
3129
2056
12471
2925
2706
1708
3018
21991
3320
2021
2712
1377
8278
1133
1940
75906
26995
2775
1172
22340
2940
2282
2826
3073
1746
2169
49505
386
1842
646
2316
10825
46427
42635
2851
2564
1575
3128
1558
15448
4023
5569
3667
2518
1764
1956
13353
18180
22878
1142
1200
14493
3028
8195
1326
50032
3450
2300
3092
31005
6909
3552
2829
8232
1754
3267
2582
88549
22508
1565
2704
2455
2501
12119
6549
2494
2569
67164
9549
2849
3706
17256
12475
1077
1767
1255
1776
15875
2041
1073
5288
2398
2468
2363
1796
1175
16445
685
24630
1081
2001
23911
3172
801
5415
8892
52148
3190
14475
1819
2307
3047
25377
1230
1502
2153
2563
2455
35255
1405
2072
17421
2103
2392
1822
2870
23343
2185
1728
1561
1945
2963
17163
14735
7547
16908
2268
1150
4545
2963
2168
7453
1326
1356
1314
2097
11284
1638
1834
1265
3614
842
16334
1930
3204
2397
33394
1932
25678
1359
1484
935
2087
3367
2849
1301
1784
3701
5191
26160
22804
12850
1543
2826
1460
3325
2907
3204
14818
1135
1795
2582
15768
26963
55178
2634
5504
3481
15998
908
40350
1716
3213
1831
6811
1023
2708
3018
2075
3546
17162
2808
2361
20710
53147
1642
3236
1523
1468
2607
15838
3158
13899
3277
2467
1758
2287
3186
1158
3226
2891
2224
1725
1814
2570
1446
5761
2230
1943
5256
10919
1960
2621
2662
29160
16056
2676
13638
2589
24371
3141
792
2877
12499
2042
13502
528
2061
2839
1453
22937
34358
1623
1264
2464
2058
7956
2841
1724
2881
1264
775
2203
1835
661
2414
11634
2330
27618
1967
936
1299
2179
1773
7605
967
2645
1033
994
2568
6141
2566
1591
2648
1671
2774
25434
1211
17356
28296
1253
1221
1193
3330
3833
33348
2379
5063
27887
3391
3083
1469
2286
3144
2116
1211
1323
821
2045
2895
52980
2862
3183
3381
20011
8765
2598
1484
3124
2987
699
1938
5122
1040
20619
3365
1085
3082
3469
1934
3300
2382
1690
1744
3010
1861
61775
26471
2235
2454
2208
2725
1793
2303
70288
21650
82424
1375
42409
4528
6695
42809
2220
7603
1847
30151
21326
3234
1997
21222
2271
2932
16469
1896
1229
2703
9711
2195
2932
2022
58441
2667
31360
2603
2352
2470
2271
2397
1927
1636
2275
1508
1342
25078
2448
2468
2215
1336
3508
16598
740
72891
10321
5878
4018
3644
538
1857
29611
19119
4035
1799
4984
2907
2093
4565
1666
1428
1544
13405
1434
2394
1123
1068
8120
5179
1711
2290
10463
2142
3183
3577
1427
9170
1388
2535
48076
1704
109863
1561
1483
1719
2853
62884
2604
10346
2839
861
2179
2368
1080
984
6641
9037
2318
2480
3231
9687
11326
2892
2114
11851
2571
1800
19732
90935
33287
2883
29149
902
15392
1227
10333
2786
2675
6028
874
3357
48156
33293
897
1065
1984
1207
3247
6217
1717
18459
2267
1127
1958
838
3176
2705
1061
37657
2545
11660
16073
13248
2417
2417
2422
2542
1550
7199
3452
1584
2822
1966
2167
1380
2915
2248
2068
5959
41463
2194
5433
2148
5619
1074
2645
24330
2114
1389
1855
1554
8212
11734
1868
2281
3037
2109
1735
1526
2160
33254
47924
3780
1721
1837
1896
8752
18717
2539
3676
2270
1557
2729
3163
2690
2217
2760
9255
3834
69441
604
36755
1112
2455
2444
10105
1297
2305
4269
33114
3233
1962
3360
2301
51533
1529
1864
10702
5298
1901
2927
2883
1587
2178
858
2427
3760
2536
2795
21824
1976
2987
2365
42015
2279
11351
2792
2802
11287
2234
4336
1535
1954
1922
7055
3454
1529
2638
76691
3965
63153
21963
1738
1765
3260
2581
2607
1588
1612
3459
2941
2382
13251
15885
12889
28023
2124
1734
12384
3718
2673
671
5223
2929
2945
14945
25105
1107
14100
2391
1572
2235
2866
17107
2633
2900
6065
30194
4713
6137
2454
1908
4578
2987
3000
1221
1458
2864
15651
2255
4139
2326
753
2715
3828
2334
1846
1848
2210
2312
38574
1522
26540
20879
1502
867
2220
3386
2187
1546
2203
20608
24464
776
44969
1309
3016
19694
26080
1885
2750
2272
22625
1448
9679
1682
1118
2594
2035
2526
2947
13696
1972
1523
1070
3422
8970
1469
1129
896
2140
2934
1384
2312
2060
2968
1108
2919
1176
2166
3609
27801
2733
1908
1495
2369
13433
29188
27171
2894
16389
3702
2155
31975
9778
2532
1996
1283
1957
2825
2785
17993
1416
1900
2257
3757
28671
1104
2396
9872
2562
2027
28636
1561
3329
2476
2899
1340
19664
41276
1474
57897
2349
3090
2986
23884
1695
1530
15501
30183
729
8301
1878
1008
5508
5114
4325
5385
2423
16030
2008
8455
3053
40780
2317
1754
1581
21169
2148
2784
12767
1148
33260
2884
2617
9153
2323
8912
3123
2227
4286
1850
1944
1147
2320
1478
3814
16262
2174
1537
2777
1602
1715
1737
21557
2740
1213
2541
46505
2408
3089
2566
3120
1899
15170
3493
2649
3125
3355
23080
2286
53688
2454
13567
1727
2199
2238
2841
2434
2589
16865
2263
2771
13732
2056
4803
3966
2110
44838
1432
2700
1631
5046
8764
1928
23183
37013
32816
1705
3024
22131
4386
3029
787
2040
1810
1340
1934
2310
66269
2271
2925
1717
23809
6222
2681
2369
2243
52220
2342
2786
2922
57854
1874
1195
788
4311
1395
51229
11254
3137
2367
1343
18639
2050
3520
2646
7085
2723
1596
1569
2193
1677
3547
1757
3347
2265
2072
2227
36818
3339
1245
12248
3327
17376
16182
871
1451
2138
2921
10257
2530
24000
1061
1200
3511
3684
3307
12207
1606
1782
17172
1377
3744
1875
3188
2514
34022
3466
3227
2268
5467
3081
1877
45398
2176
1936
18180
2070
1564
1186
2900
8117
2831
13743
2255
17917
20383
20491
38697
5836
41654
1805
12551
11461
2341
1990
1758
3854
1748
4394
36980
2476
10073
2702
3239
1826
49830
1743
24180
20162
31212
30933
2460
29366
2077
2933
18348
13646
2552
5705
1525
2670
9828
3482
41939
956
7617
1594
2262
3481
2283
1541
1510
26182
1974
2174
19646
2300
1538
2375
1897
1718
18280
2418
2023
1712
1695
2019
2488
1605
4131
27305
3582
11263
1237
2200
7578
1217
9280
19048
1903
1959
3580
46246
933
26114
45131
2752
1172
2005
2063
2917
3664
86295
78133
633
1505
2372
21921
1600
2520
2518
1963
13859
2502
1265
3172
1633
15403
3431
53140
21385
2165
3416
4986
37734
1794
655
2982
1450
54157
1884
1298
1939
3012
2087
31479
3647
8722
2836
13643
3023
1516
1564
7348
15029
3174
3053
7435
18768
3195
9326
1570
2387
1410
1367
3073
2883
1050
3752
332
8489
44512
35179
1779
4592
15496
2728
7819
2823
2499
2609
1415
2972
2339
2510
11496
9489
2611
1951
24316
3069
6896
1061
1754
2093
1812
3773
18854
772
3324
10400
912
758
2833
916
1808
2564
20057
2264
1477
16420
1455
8722
2909
1937
3008
2490
3199
3260
2775
1469
16779
15351
7837
2343
1919
19305
42291
2061
5001
2449
2273
3722
34540
3514
1681
1808
2469
2733
1061
2256
22165
1815
1960
52904
19342
1663
3339
1878
3480
23306
2734
3541
4526
11669
805
2700
1465
3728
2721
3989
26869
2402
20487
5340
1252
2180
2728
7473
2000
1143
1285
1700
2041
2220
2444
27847
2063
3172
3189
983
2046
2091
1333
2154
1723
6970
32430
3855
1602
10069
804
2710
2042
1555
2209
13037
2623
2243
10241
3040
2819
2959
2501
24439
2494
2795
2236
1551
1339
1279
2707
8499
2603
3214
50371
2446
56248
740
28565
49735
4664
5680
16095
3050
779
2967
1633
737
9432
3491
2523
956
3165
1603
2642
2582
2001
12066
2105
1501
1128
1531
627
16164
2575
2462
97903
28731
2392
953
58584
23379
4461
4308
3424
7016
4262
1037
3472
7398
428
2204
24279
28353
338
2443
3420
15377
12161
19339
3092
2780
9046
2876
2299
2856
21337
4699
23149
30108
26563
2430
3186
15196
2659
3293
1658
1789
2762
2196
3450
2044
2596
1795
7128
50137
19964
1285
831
2235
1454
2706
3849
3023
5854
2342
10745
5109
2847
3716
4034
11600
2083
2571
21914
15390
27612
50134
1159
864
2695
2021
3416
10585
21667
3746
2262
2112
1116
6411
16817
1387
8479
2076
2699
3236
1981
2023
2858
2266
2392
29820
2412
2988
72530
2162
2316
2086
11446
2158
2508
1639
1836
1812
3113
1306
2867
3657
1610
2004
1092
2311
2202
35764
2274
13770
2451
1636
21784
2289
2115
639
1826
55019
17928
2360
1545
543
1151
3750
11986
1408
15995
1564
2622
1282
2300
39200
1498
3273
2076
22275
1038
4053
43971
1568
2694
2344
4120
2241
477
1566
1404
2564
2420
2336
2558
3273
1100
574
38726
14452
955
31472
879
3363
19683
1478
1755
2753
2085
13295
16561
1449
2507
729
2128
2747
2868
1364
2313
91508
1261
1027
30769
3665
28708
891
1816
3346
2310
18906
2992
1517
588
14393
61454
2070
2226
1064
9901
3151
1373
26542
19608
1998
1100
68021
1855
2589
12458
1719
29720
3254
1131
3390
746
1365
841
2787
2294
3924
2788
20727
2964
29833
12329
2151
1936
1629
38795
7862
9773
1174
2709
32052
6374
1161
1048
1911
2171
31259
30355
1275
1604
2338
31285
4423
1674
17662
1598
2372
1951
10592
2388
1001
18129
1337
58796
19681
3868
31447
3128
3484
3743
2809
1051
1558
36964
4039
3659
1723
1211
2341
49828
2077
2808
3372
2267
11779
3542
38702
1194
31879
15425
2704
1852
3037
2588
4082
44934
18976
16944
5479
4861
2317
667
1332
1840
1331
8351
2918
2748
2344
65257
2748
2214
1821
1938
42701
2581
3012
9214
2978
23483
17415
1239
23985
30511
11437
3484
2156
1504
2332
2983
1711
1114
1836
1934
25528
2110
1888
1931
2168
73840
1821
1174
3043
1007
1301
1233
6739
9745
2161
1338
1451
10454
19358
677
27421
13414
19728
3890
2275
12051
22739
1584
9067
1610
2295
1696
1082
1917
2570
40123
1669
13763
1667
19199
31041
2763
4630
1957
2304
27713
2221
1240
3905
2464
3012
609
2236
2331
2465
946
2965
1611
3252
23836
1875
1708
32202
2105
2895
2871
2510
3028
1892
6360
2834
1582
2778
10517
53702
1702
1505
1395
30399
1903
1282
711
1092
2440
3086
31203
101237
1859
1352
3212
1763
