3012
2617
2824
4166
10968
3361
9566
1256
2387
14893
3150
2143
834
2417
2388
1699
2386
2496
2417
3430
1426
10351
1621
24537
1892
1160
715
2005
1992
4017
2075
6323
16657
22753
1050
2896
3774
7287
2370
1872
2160
11329
1125
27752
22783
1429
1653
1880
2205
24918
6943
26334
1265
2492
52255
2854
789
3455
32868
1994
2035
1963
9054
2507
2898
1485
1145
1454
2810
1282
2216
21977
2131
2156
2426
8743
10010
1984
2502
1729
9360
7322
9252
1329
1637
72098
13199
3072
20582
2700
3597
2680
2565
2650
2347
3572
2388
1556
20158
3205
12626
743
2861
9860
3025
978
13085
12315
44915
701
2673
3269
2376
822
1439
2736
1913
1726
2089
6508
2423
39833
554
8109
9872
14612
6228
2824
2692
3512
1860
26237
1457
2225
1983
5548
2706
2302
5118
673
1161
37701
48956
1935
1473
1935
1564
1319
4217
2869
1367
1781
17862
1905
10566
1765
18953
3985
2165
1573
1636
1902
2711
2417
1385
1455
1233
2178
12325
2260
1091
27256
2556
31912
1950
33394
24975
2121
709
2749
1974
2236
1445
15439
1858
1249
44361
2521
2804
2050
2003
1960
38096
3544
2091
20918
5978
1963
1945
3883
2050
10884
1609
2297
1604
2126
3339
10984
1811
1694
1241
10183
2059
1850
3389
19368
32472
2489
3802
2107
4815
24322
20153
2075
2560
1119
1908
2666
2134
1060
3151
1699
2464
28085
987
2317
2367
3826
3137
2637
2679
2655
2683
3600
2748
4277
2341
2497
2085
2485
11046
973
7977
48543
28900
3411
6694
1741
2031
2069
2065
1282
2631
3393
16120
24021
9213
11947
6221
2471
1234
885
3315
12912
13317
1943
1761
22790
1767
2100
1395
1874
1460
87368
3266
2849
1261
4751
28000
1153
9172
1856
2053
4637
2130
1514
5462
3352
3944
2210
2931
3412
3944
1138
2396
2136
14243
2090
1296
30264
15462
3069
5474
3531
1863
17116
2247
2815
2293
1532
11602
9205
28786
699
2041
2579
14071
37161
24670
1644
2755
2390
26951
35595
1682
3357
11291
22264
1145
3197
7210
2461
3774
5075
1576
11186
32739
2940
1711
2080
17781
1205
14606
26509
45643
20014
3271
49352
3601
3009
2590
1191
4410
5961
4274
7469
10452
1746
36684
1330
768
6537
1912
33587
1576
2582
30547
1972
1442
21304
50465
1355
3546
3296
27863
1137
1566
2949
9542
1185
35123
1697
1578
2860
842
832
3837
3134
1809
10047
29351
933
1281
1411
2881
9670
2776
2283
1967
1941
13667
1141
1061
2517
1512
2483
2077
2770
1682
2932
2990
2446
23166
2968
852
964
13277
2064
1475
1284
1229
8491
5784
2358
1076
12805
1280
1075
1666
856
2812
2663
1726
2050
1410
3662
2218
1840
1290
2751
12767
8205
1542
4055
1294
1549
2740
1478
587
1961
2358
1045
2831
2754
1351
2233
3289
2770
1406
3124
2294
3786
1517
7892
2171
2200
3612
4589
2037
13271
7672
2154
19870
2961
5209
8177
34130
2935
2170
3235
2125
1984
1286
8104
2212
2274
3478
39309
745
2788
662
1330
2232
1330
4232
2289
2477
2621
2032
3076
2167
20111
4589
1229
4824
2596
4242
1300
2571
2790
2321
1888
804
28600
1114
1846
1464
1950
3270
2615
2383
1815
1342
1440
2313
2301
1171
6951
1700
2411
3618
3701
7409
1762
2029
34739
3298
2501
11146
3012
2702
2467
1347
2097
8866
2878
6675
1397
1809
8907
2288
2728
999
2947
3957
2492
1170
1746
1183
1599
667
1299
3232
1300
3163
2399
2330
1392
19419
2767
2363
2547
1663
832
3623
2741
3104
42947
2357
1899
3395
3104
77998
2487
2259
17641
2014
36706
3463
54072
1904
2104
35624
2293
2948
20817
6637
34299
1118
1417
995
8141
9593
2524
15068
2200
16663
2708
11261
1609
3872
823
2140
1273
1523
1272
30591
1961
2506
14010
2709
43367
1571
2256
1931
952
2102
2484
801
25917
2066
843
2223
21349
25333
2198
2608
4864
2460
2085
21630
1576
25917
33124
2249
2707
1521
3091
3840
19011
2419
2255
9386
4178
1436
16798
1711
2550
2404
1657
3390
1937
1596
1936
21790
28026
1678
4104
1771
7253
16534
18684
48571
2740
1026
1376
1148
2599
1364
2967
3725
2480
849
1048
2475
2273
2868
2751
2889
2253
1891
5713
3667
837
2135
972
2887
1270
11680
948
7016
5597
41036
2188
1233
2775
41259
5873
868
7273
23144
16993
9296
1865
2749
29793
13403
3336
31079
3289
1711
5938
4758
2844
66599
2221
1736
26479
4323
2845
16114
20517
2320
1985
1362
3012
3857
75678
16783
4859
1287
643
76952
1655
959
1526
2324
2820
30095
1849
1863
11624
1384
89795
46788
1708
2251
2178
1589
8536
2086
2085
2843
2017
1845
1018
1771
683
2128
2463
1382
1816
5605
42735
3261
4968
16012
14794
11959
2049
1077
2325
1405
2444
2812
15987
10916
2249
1700
624
2112
2286
2564
14900
3628
2482
29516
1426
19378
1514
23284
1517
5359
2178
821
10970
11996
2520
1717
2678
1145
1736
8018
1638
17140
10983
1904
1738
1634
1221
2830
8810
2513
1401
2076
36916
6928
4137
2272
3055
1672
4465
3091
1219
1244
1993
2285
1169
1896
44795
1649
1519
977
23819
1309
3031
2200
17383
1318
3110
14090
1695
2021
8425
59853
18713
45432
1515
25834
2394
1644
1447
1863
2241
3754
17500
2934
1859
1131
1588
21194
36618
55420
1766
3139
18362
551
2100
21087
1661
2412
2162
2881
3835
16385
48516
12525
1463
2488
2382
2896
1573
1831
1048
3525
2367
3012
6807
1819
2373
2367
28598
2227
2880
3445
2393
1162
3716
1787
9297
2824
14602
2461
2182
2020
1359
4334
2674
1315
5266
3091
3042
34823
1947
2243
1762
2117
2428
1931
2272
2533
2751
18863
29581
26718
1097
5559
2024
3277
2132
2043
3183
2866
29478
2530
1706
3614
1315
1162
12793
774
629
1564
2155
12391
2841
2954
9338
7896
1150
6034
45352
1632
2242
3675
3789
749
33081
2269
1084
2296
827
21278
2320
15761
1717
2639
1501
33301
38770
1020
747
56161
4228
2034
2114
2580
5867
2392
726
2975
1584
1215
5325
14543
2225
1553
2228
8585
17889
1475
1429
1243
1304
2755
16978
1880
1615
3361
2916
1901
48495
1205
1692
2572
3878
2771
5449
35828
3058
3009
4092
1790
36007
2180
986
2193
25241
3830
6123
1672
1718
3557
3400
1061
49068
2892
3207
1737
1403
3138
732
13537
2727
15094
5812
1303
3264
8084
16426
12677
8674
3191
2502
2755
69275
802
2096
8133
1644
2896
11187
1944
2140
2332
3807
1623
1391
3016
5963
2147
570
1338
888
37626
3285
33285
10349
10560
10637
6199
24581
6052
3545
2867
3446
2739
20448
29830
3344
4447
24784
3623
9702
2647
1664
2646
2686
2214
2674
45894
2659
1431
2434
1416
2806
1643
1883
4791
3238
1994
48984
6160
7628
2116
18330
1761
817
1686
22447
25870
2012
1228
1947
2316
2053
6501
5335
2005
46079
1518
760
710
1367
2381
6468
17974
1585
2889
2852
2695
10798
19850
27049
7607
2559
2439
1415
3963
2389
2189
1485
2458
2951
8344
2082
626
3259
9398
2396
1487
14872
24237
2643
7795
1267
564
1130
2012
1331
2506
2739
2188
2728
2661
8107
1048
2315
36914
2206
1510
25154
6821
2005
2825
2548
2899
2505
35470
6926
4043
2213
2113
13733
2189
2905
8336
3847
2512
2270
1404
581
1621
2262
1772
3084
21519
3212
1780
4706
2366
44259
1306
2985
2339
1245
2059
2574
2812
1915
3627
2191
1155
20596
1829
10606
3601
2042
1069
1810
1092
745
2382
4040
1757
3103
2475
2487
1277
2549
2208
2560
8002
2033
4467
2122
1588
2752
797
4107
2513
7393
2172
2058
2193
1632
2306
2143
1655
2527
2476
18054
2750
18139
6759
1511
35069
1874
1118
2317
11039
1411
2067
1824
16162
8998
3498
1700
5164
1937
2618
2109
2119
2809
9286
34832
3457
2193
51682
1420
9130
447
6410
10950
42922
3998
4740
2061
2884
2767
24559
3142
2491
39849
32379
2651
2058
3291
2170
1777
3227
4551
3038
2564
2690
4469
11279
2314
1612
2143
3162
1372
2809
3022
48611
1951
3399
990
32474
1330
8719
535
3216
22387
8701
1761
1680
2958
1097
2956
17255
1078
4201
1941
37134
1957
34821
1220
19390
4730
4199
4170
14792
2341
6166
7643
2262
48510
2577
54831
2679
828
2421
6429
2951
2869
910
1494
24921
2906
679
2302
919
2275
53425
2737
2132
1710
1302
3991
2568
25311
2747
25025
3129
842
3356
1149
2943
70506
2444
13647
2033
36090
15681
3028
2379
2306
1613
25127
62555
2804
14923
2040
8837
2516
2309
3064
2907
2004
1869
2425
2790
1966
4995
853
2192
80086
17112
11069
3803
1431
867
3752
1468
1525
13060
2770
4527
3650
2399
1505
1741
2453
2101
37335
3528
2261
6204
2073
2419
8107
3282
2145
2820
885
2326
30155
16741
885
1406
1919
16836
4139
21499
4325
15216
1789
2259
2894
2605
1080
2093
2561
55131
1576
2703
824
15513
17063
1738
3675
2136
1195
2652
544
3096
1462
1744
80536
1635
7089
44345
1900
2301
2723
1309
28771
19921
21651
2239
1966
7049
24215
6226
1886
23268
26546
49421
45728
2015
17099
958
2199
2926
9651
2675
1344
1585
3365
3158
2181
9214
1980
2078
1237
43690
2317
926
10663
2662
794
2068
18611
36860
40262
803
1608
786
2035
3629
1530
2041
7273
3059
2678
1943
1986
2344
26908
1727
2526
2392
2148
1704
2219
12105
794
2154
2727
751
702
947
10957
2819
42310
1894
1328
2342
2000
1528
1891
33331
2027
1743
1959
1112
1833
1633
14156
5047
2436
931
1906
36115
7649
1908
2421
1526
33247
20983
1951
2503
1683
2648
1276
20697
6300
3148
2169
36992
13869
12345
15044
35322
16133
19132
1585
1762
674
2567
1168
14169
2093
1243
24564
1194
33546
3260
3016
2688
51182
2492
2209
9398
3453
4646
31455
1827
11270
1002
82491
53364
21033
52219
1785
65780
600
2478
1696
3469
40483
1086
1027
2025
1023
16297
2305
1436
1007
2249
66937
1764
22246
1436
2190
445
2291
2218
2362
2748
2119
808
1567
1149
1019
986
3359
1317
42848
1970
1466
9222
4480
1442
1752
1767
3211
2473
1554
1826
2352
10892
33276
1026
38115
2228
2837
3403
2554
678
810
1755
14463
4745
31163
1638
981
10578
21664
12043
2751
19221
2067
2185
1048
1233
1685
3028
7573
2561
3914
2087
14205
461
13083
26179
2058
3660
3401
17404
25459
1936
2559
2251
14797
1736
2493
1739
3152
21775
1483
1857
2793
3026
15494
29091
2182
16287
15307
15408
1958
3579
3543
94940
1823
1390
3710
2336
536
3325
1812
20338
2407
10504
5951
2838
2223
1636
34526
2370
907
2921
2588
1799
8955
17029
2292
63063
2598
2686
13782
26326
2425
26678
1460
3451
53077
1429
1336
1560
23069
1808
7519
4432
5302
9714
10718
1409
8464
1325
1041
12036
1370
1639
1513
23259
1591
1379
2509
12772
2578
19540
1482
1812
1146
3837
1464
1594
14878
1427
2216
8417
1070
3410
2174
2336
1482
2047
2290
12967
7183
1659
81341
3139
40591
1761
2261
2220
2610
1963
1940
10715
1991
1435
17830
4006
2361
31712
1750
1981
76339
3591
2515
1501
14469
3192
17168
39420
5800
3250
1268
1833
3224
3715
1961
2598
932
2108
2605
28624
7983
1176
2236
3327
2435
1678
22164
2642
2602
2290
2091
3555
31063
1820
2555
3326
1953
7335
968
2793
2020
13872
2323
1887
1801
12564
1623
623
1744
3264
1435
631
3276
2229
2822
1212
35883
3180
732
2208
2169
2345
59549
28650
2870
2244
747
2422
2443
3095
1141
10301
2545
9506
13830
1182
25420
6109
20223
1899
1532
1932
2056
81037
3392
3266
10012
4024
16829
12204
3617
6012
29265
1874
40525
3274
1944
4005
1463
68592
10066
1563
1039
10087
799
1168
24324
3453
15338
1896
1249
3192
941
4612
2529
1941
2222
1666
1436
1166
2310
1994
17850
1137
3231
2530
2324
1848
1877
1162
2454
2162
2078
1191
42224
11075
1019
11181
2574
3366
1109
956
28348
2188
11831
34784
1801
8910
34459
2064
2006
2436
2277
1129
3328
2541
6461
2042
2249
1210
2351
2549
2573
2395
3198
4879
2004
1404
2014
13809
8334
8298
981
1390
1367
2485
474
3222
3253
9705
17109
1669
2204
1351
2455
1266
4283
11208
1567
1887
21432
2037
12310
1872
2813
2563
1638
1960
20374
2339
2951
2699
964
2723
21762
1721
1558
1357
1466
1555
1842
2930
8732
18112
2206
7975
2937
3041
10057
689
1284
2050
44960
2406
1218
3006
2118
1270
2380
7960
26768
4674
1215
2063
20964
9132
29685
2989
2028
3469
25593
2819
1771
1529
880
1854
1198
1243
2226
1830
1802
15595
1591
1859
1068
1178
1815
24411
3314
1877
2002
3828
3919
2904
6272
2811
24527
3756
25559
73045
1240
2575
2553
3601
8026
2468
2200
63095
2747
2502
1621
1225
1576
39102
2125
1285
2600
5009
6773
3127
1327
1993
2821
4132
1702
13949
3098
1856
654
2924
2160
1579
37111
2694
1018
3734
2768
26164
35436
1537
3145
42230
2190
41056
2609
1612
34463
2901
2967
986
33739
2700
3166
34904
2264
1620
2177
656
1092
7916
27766
32975
21574
1816
10807
624
8953
6088
6631
4003
3167
1524
14858
1041
9688
1933
3109
21907
1464
933
11852
1287
1730
3433
2310
2859
31858
3545
2374
2079
2033
981
31235
2793
3283
1626
904
3220
1874
4472
6177
13482
14738
1633
1413
1969
3794
518
1548
1447
2099
2514
1704
10231
11205
2131
2968
1643
25182
2571
2540
2146
26348
2871
2501
1676
3574
3679
3122
11166
2427
10334
2936
2032
2811
2489
2130
30466
2249
881
52824
6125
19200
1919
2000
5204
1989
1619
12714
40959
1587
1901
2239
3906
1345
2835
2653
20234
2359
1856
2588
16065
3483
3025
34014
16678
10520
40465
1764
3069
9903
1443
2393
1197
3356
4265
44097
2892
2691
31863
2021
27876
18706
1850
3342
2323
2827
130212
3404
3854
1596
1082
852
1663
30665
2519
2368
8321
12708
2688
26450
9514
11716
27774
3376
3817
37275
1169
807
20967
1072
3118
2586
13585
2860
2671
2538
19561
2698
1499
1101
1907
21456
837
1300
2168
7672
2185
2880
2291
8979
2242
2249
2215
42925
1434
2688
1968
3340
1893
11410
1879
15114
89927
30188
3342
12595
26485
15812
37289
14360
1314
921
25258
21652
1436
2942
3519
20044
1242
10464
1546
1746
3154
1835
3195
35190
1030
15846
962
3107
3043
429
1855
8028
16834
4289
18163
3410
2966
3610
1462
815
10365
18380
6949
3939
2146
48927
2145
2255
2340
2945
1806
35241
1987
1256
1981
3872
9158
13741
1165
67668
1033
32253
12775
30157
1854
1115
1152
1716
841
1430
2493
21598
1946
2156
9933
1069
2422
1802
954
1619
3573
1121
1043
3057
9869
2651
1197
2530
15408
978
22000
16246
2933
1754
1253
11565
41149
1193
1959
515
4002
2037
2192
3111
2474
1324
23533
38509
945
2320
8479
27940
11876
23664
934
1884
3680
2847
1023
4675
2138
1282
1908
1075
44502
3090
1843
4110
13719
2159
2155
3577
1644
33492
16968
4333
2491
2514
3265
2734
1681
79721
15916
21698
1229
12914
3061
2846
18170
1796
3320
2893
1797
3268
31218
1539
8024
1664
2394
2734
13185
1547
3508
2256
11691
2434
3270
2162
41329
4511
3098
2557
3418
1193
33837
8393
2263
55947
2108
2730
2499
3086
8176
2236
2522
1600
871
3014
1939
39366
1983
5362
2841
1125
2930
977
13407
12854
9212
3023
15763
23280
1314
46633
1438
8191
617
1035
830
1444
2365
3071
3640
2038
1529
43517
3519
2136
2872
2787
1378
1673
2948
50538
2007
2370
1264
1742
7348
2301
3171
2418
72123
8679
13171
55482
2699
2444
1867
16795
16663
1669
3520
2693
11627
2295
881
2050
2944
1827
8083
55997
2175
1043
2589
1613
1723
2729
2634
2642
35621
7129
1318
21319
3484
1232
135945
2482
2462
833
29445
2579
36935
42361
1639
1480
4111
2082
3296
11314
16479
28938
2015
2130
8739
5796
2837
1557
1564
8472
1436
12580
13332
2704
1197
1083
3303
2834
9259
802
17344
1990
11976
1987
1579
18360
2354
2702
1922
2294
2437
1294
3957
24976
1858
1967
1766
3389
1530
22884
21758
1371
2751
2460
6617
8578
6931
350
39864
15627
2803
3583
2617
7070
26534
2334
21220
2585
4810
3077
1175
2886
3096
12922
27305
2950
5280
912
2304
26037
3997
1908
2203
2071
2221
2543
48222
3001
2303
864
3437
1929
2550
2538
5572
2756
990
2049
2962
2876
37842
14334
1326
331
1138
569
1627
13708
1790
2254
25489
4237
2358
5417
3636
2055
2043
2588
17626
2015
2772
3063
16852
2533
2849
1477
2046
1406
1724
28597
2161
2398
1888
2890
7396
1779
2694
104930
1571
2059
3500
1747
6186
2676
2830
2502
1089
16233
2632
1946
1469
15365
2100
1223
1853
2175
1308
2210
3024
68921
3261
79070
1588
1487
2583
2702
2591
1923
1873
1672
1718
2555
10140
1787
3447
10964
27501
2411
2612
2239
35153
6491
24199
2235
3348
2582
1997
1558
16098
2754
2582
2115
1435
1842
1308
1432
1474
1190
1569
1467
3036
1288
2098
5412
4249
2028
2310
2487
1444
15283
1213
2503
2530
40804
1722
1969
861
639
1565
1315
21846
9232
2457
13890
24174
3028
2615
959
3686
1775
2390
3140
1274
4973
21196
13229
54631
971
18431
2614
129616
2632
799
28357
20293
1830
23100
22442
2854
1093
29984
4765
26050
635
2533
18469
14285
851
2355
47964
4727
5023
1036
2195
1129
5092
22542
2951
28199
6084
13238
25215
2945
2044
2835
10044
2589
3279
3049
2527
1468
1503
36210
1978
651
2603
50378
14166
1736
8972
23523
9556
1765
12201
2931
5023
1790
2153
9339
2500
11970
18945
33705
1937
2793
2352
1482
6519
1613
3374
19987
10045
24393
1789
606
31156
3575
1665
2800
2413
2331
32303
2980
2686
2455
14702
54332
2881
1889
7839
3102
1711
22497
2197
2387
5356
1740
4188
1323
7577
14215
2092
3455
1687
3058
2543
8696
7468
9206
2431
14924
9393
1504
699
2778
1105
876
12879
2597
2208
42547
70319
21824
11323
10700
3963
2837
2860
2839
13005
1170
2122
3867
1098
7786
2244
1122
2369
1968
48405
2337
2451
15083
2147
2266
1667
10768
17680
1974
2451
1627
2551
2418
18264
2311
8828
5444
2683
566
2128
2757
2442
2159
714
10712
2014
1678
1915
2542
2843
1741
40205
3378
1406
2433
2459
26264
31171
19087
747
2904
3262
878
7858
2590
2922
2437
4768
1894
11803
14425
2034
1851
47281
1877
1979
3110
1482
1809
27183
1790
1539
17340
9526
15295
3052
2380
2428
2658
50076
2805
1879
39278
10410
2621
1984
2909
2872
2279
6090
2067
2727
3820
10829
19874
3514
2612
2227
3003
2335
2527
4044
2554
15169
2184
1826
2322
32496
16051
1933
1817
2835
1264
4735
1976
2748
2213
10850
1967
2463
22286
1489
27492
27894
20160
41180
1916
2353
1807
9352
30065
2287
14450
2279
1858
904
3011
3213
1573
98580
9175
2870
749
1373
1353
11343
1902
2084
2228
1095
730
32080
1866
2090
776
1592
4772
1105
3033
7047
4449
1610
2841
2965
3665
7260
1408
1942
1405
2170
3150
1194
2960
879
3097
2052
2144
2754
3228
39392
1747
1064
51970
1172
1793
11062
34953
766
2071
1734
69769
1405
7959
4219
2472
1303
2032
1303
1052
2708
2932
1997
1707
1174
37710
3071
21683
1659
26404
1889
2271
3418
27677
1623
3963
4700
2490
1067
2712
9149
1244
1595
3078
2615
15362
1021
5596
4195
18693
4868
3321
16526
2559
2476
13239
16396
850
1774
3550
3200
12422
1480
2925
22288
1135
2139
1335
2003
24299
3076
663
12932
7838
4179
2352
42510
1409
43808
3155
1394
10212
2131
3819
13078
10847
1349
2597
593
1682
20334
1114
2044
2459
1941
2630
1503
2643
1377
10620
800
1470
518
2248
702
1277
2995
1790
2173
3079
26121
3357
2645
2656
20867
3991
2254
25985
1212
1102
13940
76719
1072
2096
3195
2323
2906
1955
33075
1859
2760
1560
3162
1164
2122
2096
1589
1827
1835
2886
3371
22484
5339
18603
1609
1680
53530
2663
11701
3179
2141
30891
2310
8426
1630
4794
1180
33707
2707
2146
3822
2401
2365
3053
8430
69186
31301
17174
2504
2144
30634
991
24893
29483
3143
2164
1344
2058
18646
2369
1205
2944
1820
3025
2808
1100
47819
1646
2666
1290
6657
843
1978
1230
2961
3532
2042
1756
1655
1512
3623
3031
2190
1588
3762
1870
12800
2802
1033
1208
2373
1009
11539
35466
2008
19849
2045
2917
11718
49925
35270
96353
1593
6575
1724
4010
48324
7003
1034
30488
17697
2957
3437
3002
4897
2157
1965
4727
2586
967
2693
1689
1723
2831
2569
2576
2548
1671
6767
5515
1277
1005
20654
2084
14290
15981
11057
58946
18728
1960
2453
3415
1551
2778
1560
1834
1552
1900
22116
1729
1165
8832
3061
2238
13375
908
33089
4148
2729
2754
2004
7111
11004
2070
2805
2153
1210
3334
2229
7386
2069
2196
1293
2839
21697
2985
2871
2841
1555
3074
1137
2967
6993
17941
2800
858
3396
1930
30191
2781
4872
77005
3469
2867
2174
1753
36588
2316
1521
22599
60085
1191
11153
12386
6094
12667
1781
3407
3772
11892
10933
1188
26794
15615
27453
65744
21685
2230
738
22714
32803
1537
1412
1151
5121
2015
6167
64973
3180
2687
1433
32500
2495
2839
2661
1510
2026
2218
1550
1870
55019
4008
1907
2274
2702
2121
3447
1875
45718
2749
1343
12352
882
1674
37739
4146
28391
961
1937
13690
23957
2477
3138
24965
2119
1893
2520
4294
3522
17527
1809
25024
2447
15520
1478
29474
15186
2611
2558
3299
2025
32962
1072
1626
2554
812
71173
1237
2561
6198
1271
13649
44197
2675
2550
7688
1769
1314
1374
12465
33382
1737
1034
16525
3045
4549
2758
1921
2268
2152
51000
33709
2815
1252
17600
2036
1481
771
33920
23446
2370
1740
3112
2671
2158
4925
3357
2657
847
911
617
25047
48877
742
4945
2286
1473
3077
19197
13464
3199
16570
1971
5144
8083
2718
2345
7963
1127
43791
27618
2374
2414
3444
2498
3530
25411
2110
1154
5272
3748
1260
700
1654
2911
13752
5421
6389
2439
14321
1607
2515
750
16994
2315
19614
1445
1797
45783
2015
9469
6356
1699
2488
2233
1586
2458
1770
2987
1785
54326
1490
6098
2365
4007
1841
3844
15295
2631
2562
2374
3874
2143
15541
2551
3240
3363
2744
6407
30130
1998
28131
586
2721
2540
3570
1058
2066
1591
1591
3161
2245
1061
22265
2053
3529
1213
1982
34114
7983
1263
42520
3890
14443
2520
9332
26257
1803
38185
2442
2864
1532
16595
2345
1720
1975
1174
2117
10605
10195
9613
21508
3727
2700
3121
12008
4195
10460
3393
3773
1226
22005
588
11549
1788
1794
2767
1347
1830
3034
2242
4449
692
2341
1326
3652
1396
1350
2646
2110
24631
1683
3002
18131
1997
1506
72855
8373
3098
2490
2938
2939
53752
1840
2252
18345
7385
1780
2743
3157
735
24621
20806
2948
2394
1776
1230
2930
1984
1151
15061
1079
2308
1547
1970
23369
3342
4294
10947
1838
1262
2576
8278
4771
2073
2165
2131
2065
18813
21997
2463
1376
13469
15146
21370
15272
1224
1238
1769
21709
1229
718
2499
950
4856
1740
2767
45204
2516
2496
2372
2925
16732
979
2571
1353
95947
1272
18792
1848
801
1790
45664
3494
1991
3025
1245
872
2347
2252
16704
2018
3916
12188
2311
2340
10650
3647
18499
3061
24784
2224
2954
2005
6662
2635
1329
12230
14705
3094
1297
2115
1315
2486
14709
701
13563
1956
3814
9769
1784
3875
2632
6719
2432
22971
9871
2743
2332
1843
2927
1757
2084
2366
1548
3461
39775
2346
1271
1576
2912
2125
2973
1069
965
2008
2653
2338
29098
2570
35340
3243
861
1601
23915
2466
2037
3232
3293
2399
2018
16392
2153
1862
1652
1234
1965
2389
1781
2158
1937
2301
2819
615
4688
1938
5228
1839
2322
1906
2080
2377
1679
1793
1284
3208
13585
1137
2367
1175
1106
1297
912
1844
2440
2452
2307
6180
12690
3469
1114
2165
7795
3734
3773
5790
1892
2751
6750
882
10607
2541
6677
23380
1201
1816
636
796
1876
8231
2087
2499
53750
7708
21463
22444
9875
3287
2258
2953
2124
18935
1852
3877
27782
989
1571
19567
3281
11183
1422
29066
645
11274
2380
6299
2246
25088
914
17224
808
986
1531
758
1320
27034
66424
660
2340
1569
2532
1545
3119
2229
7389
40812
89048
10207
3017
2033
2848
1906
1760
3028
94774
2084
1342
1056
1884
2386
2113
3039
2153
2523
2103
2015
2062
2793
2696
1914
1962
13029
1817
2336
596
1105
12722
3481
2539
15102
1867
1047
1278
3904
2181
853
39263
1134
33419
2680
1346
6127
3684
2530
1725
2278
877
2690
18624
3621
21456
31533
15913
2768
3094
2031
1403
64754
2799
2305
872
19291
2412
2080
1935
3205
1416
16516
40844
1988
4320
507
451
3956
1767
1824
37122
2510
1932
1278
16805
2233
1476
2148
24455
1749
2118
21920
3437
1489
2275
15914
1180
2542
51401
1903
44683
41634
2835
22170
2530
927
6661
1008
2365
1565
7556
1770
977
19317
1060
29635
2018
3556
57074
2286
15241
1250
3579
46564
10309
3577
1624
1945
1123
5486
5354
2627
12580
2516
728
66703
2937
1253
4361
3226
1905
1962
1499
3632
2117
24065
6157
2040
15292
1230
44302
1488
2548
1597
1592
3425
7289
1670
1248
2465
10127
40451
1633
2001
1587
1768
1776
1011
17825
3794
6793
2300
2529
3608
8740
791
33080
2510
3514
11406
20295
35078
9915
2248
2757
1671
3068
2715
7002
2566
1992
2733
1341
2475
1356
1533
1795
1673
2883
13525
2054
2446
20224
6499
1098
3285
993
2037
763
2998
2928
2509
2533
42626
2817
723
21653
464
518
4029
2688
1784
827
1817
1920
36874
1183
35280
1296
1886
1662
1584
7169
2890
948
1934
66274
2260
3744
14999
21464
49310
921
1746
14985
5236
2184
2851
2437
74017
1575
1530
2105
17438
33174
21014
18204
1163
1800
15739
1825
2955
1649
20776
2164
13972
4696
1892
33083
14304
1719
2516
1401
2785
1379
941
2848
10043
2682
595
1199
749
1448
490
3449
17425
2380
1087
1377
3630
38087
2501
18208
925
2761
3944
20350
2592
1839
12447
2568
2308
1397
1499
2414
2027
1380
3545
3993
1660
2275
2833
12887
3190
2013
1345
2416
3046
771
3125
816
25162
21905
2941
1979
3357
12731
11415
1660
20416
2985
20452
2287
3694
19944
17133
1957
2230
3457
1384
2986
7500
2997
3457
15184
901
1046
2903
922
1437
46813
3728
9443
1468
25557
21970
7137
4400
1872
2310
16033
12006
2794
2594
15018
6614
1837
2474
2679
19341
1884
938
10659
2038
9569
2348
1159
686
1165
12003
1706
2292
45998
1892
1429
19664
5970
2118
37704
2931
2515
2226
1891
1743
3385
3443
2068
4878
2014
2691
2283
1752
844
1557
2093
37830
2280
1214
1932
2255
2317
1828
4093
2244
1884
1619
10398
11394
29719
11298
83049
9429
1687
938
2734
33339
978
3837
16502
2153
2296
7633
3190
18131
23554
22097
11557
37059
3363
2807
782
49035
2587
1173
2000
17168
850
4575
2720
2365
7584
3169
17081
2898
2275
1409
1964
655
1270
3592
24936
6496
4831
34736
2165
2258
1327
1738
13728
3185
9369
1593
44977
620
15963
11548
2514
3154
25633
49777
1879
3182
7031
7147
2309
950
2434
4851
2300
1493
19177
5062
1714
2705
32418
3188
1421
2418
2437
2408
46007
1493
2750
46634
687
1578
8956
6510
1235
1026
4975
12759
1479
1990
58580
13593
112998
2582
1374
1403
2934
1082
8972
1834
3066
1877
18473
1535
3061
1926
3590
2038
2232
2162
2125
1980
1954
1960
2355
1472
3479
18311
1557
3205
1235
30070
38214
37406
1436
2626
1456
2347
2473
47592
2354
1880
2037
2537
2538
3164
1900
2013
33605
43028
11927
1249
1369
3442
3001
2910
26468
21050
917
1167
1452
49499
1114
2768
2111
1354
1709
44223
11072
8110
2782
1418
2025
8940
35004
1760
3816
590
3179
3766
2195
1716
2080
1867
26108
1134
3121
2096
1075
9086
2408
2688
1282
3789
24102
1068
2801
2772
1187
1546
9637
75611
730
22762
2129
1221
10752
3036
5646
8423
14495
2670
3314
2171
2661
2755
15877
2611
1678
45653
16372
44371
3107
74952
2870
8447
845
1605
2397
3442
1220
1602
2194
2342
3334
5647
1315
1472
3737
915
33372
1039
2824
2758
12682
956
940
2783
17772
57313
4357
3174
12325
1527
1718
1756
1790
40086
1936
18029
3011
49831
32436
2149
31875
2251
770
1537
663
12095
22330
2168
920
17013
2620
1973
3619
2050
29676
1911
6531
2083
9191
3643
2333
57290
1638
2943
6685
712
6320
1952
1757
10359
33022
2111
2454
1701
11944
2204
3112
2193
1029
2111
11485
1641
3387
1585
28002
2161
1740
2365
872
6279
1819
2798
1158
26226
2554
15295
7122
2317
16035
10529
1628
3463
10994
892
71456
1968
1114
1604
1568
1534
2988
3707
1666
2383
1996
2618
2052
1850
1979
2594
49549
2097
2096
4563
15591
2508
13184
1343
13464
43185
1492
1581
11599
13683
12335
3856
2727
1730
2502
1789
1901
3243
3816
1846
1737
2552
2209
2935
9552
2273
3104
945
2203
2448
2749
1708
47246
7306
2125
5318
1092
12623
1831
27499
16401
8334
1500
1467
2230
1826
3203
571
2902
8716
2047
3626
2473
14552
959
3487
4426
1827
2471
2905
2420
3076
1084
1452
2781
11341
1872
2051
3035
2709
2943
3973
1928
1241
1745
3036
19294
18682
1992
1013
1142
2021
8104
1461
12393
8590
3132
3563
2621
1507
3349
1896
1506
3172
2378
1465
2407
17781
2187
39241
38461
1021
1644
1817
1188
765
1697
12721
1253
18380
3798
1270
1559
1682
6766
2560
2281
2016
1801
1446
5050
3150
30926
4550
52341
1864
1107
1822
3275
30542
2531
37192
1174
22565
2310
2016
3431
2241
1869
19058
11799
1877
1675
19011
1632
7533
3311
11236
11053
13447
2197
22210
1629
35650
1817
2427
1502
12070
1576
4395
44692
19147
3557
2179
3204
2308
1782
1450
23146
2568
1649
9239
2815
24458
22676
3037
16525
2333
2281
926
8945
1763
1829
2860
2957
24125
36193
2714
46770
3618
1032
19933
1856
4084
2768
8934
7414
2358
21183
3395
1210
2400
33772
1256
15993
2407
3701
2900
10127
566
12013
81099
1535
3351
968
15174
31416
1127
4048
2797
1508
2551
2281
965
2068
28970
1484
1670
2543
996
3146
1147
1864
1999
1137
1217
5644
776
1932
4231
2196
5473
2220
1271
5948
3882
8426
8839
3034
17780
3785
2074
2134
11931
1669
3353
2079
1429
4512
16795
1922
2220
879
7653
2165
18192
1168
3616
2362
1713
1705
10743
55308
3271
3160
1385
5953
1278
2517
33036
4765
2264
14336
1741
1402
678
49603
3151
2863
2615
6447
2095
1427
3067
2347
18496
2671
3010
2859
12547
61557
5801
9612
13379
2235
29950
2014
1489
1346
1696
30319
1937
1232
11694
2445
2844
3364
16366
9316
1648
2254
1838
1883
6218
1256
1684
2855
2012
2055
5607
3001
1363
1072
15919
826
1942
1678
2489
2447
2674
995
1050
7566
13647
3393
1268
2265
2709
2446
13958
1768
6503
7504
1955
2483
1739
3203
1578
766
4186
37590
1544
1140
29234
8295
30158
2456
1828
1410
1067
1086
3840
2008
1715
898
1113
3964
2932
1670
1635
1506
2336
28062
3496
5601
16647
6921
3083
3030
22377
1231
2906
8080
1922
24339
19143
2749
1007
1430
9169
2953
29803
3335
5543
25991
2816
2852
1878
5249
23030
2659
2426
1487
1761
9209
14237
18064
3107
9449
1375
3226
1691
1261
22948
2520
600
2309
3138
43486
1220
1723
2426
13777
3160
7771
1880
2245
6053
23876
7806
4699
1212
2712
5501
2243
2728
18082
1656
970
1894
2082
1502
2740
4388
2520
1889
2790
1755
1950
880
1699
2954
1039
1750
3605
12891
1810
4777
3714
3041
1776
1366
2415
1355
30758
32004
7868
1590
5803
18455
2722
1094
50935
1863
19087
1320
29339
16721
2429
12518
1895
1904
1345
3066
13073
3626
18247
1477
2348
44719
666
1789
23146
589
3719
26532
1396
23037
1313
18356
2755
3193
5574
5409
22178
1454
17268
2165
46447
1542
1672
897
1296
2165
2681
739
56997
9042
3006
1406
985
1203
1234
2324
2277
1024
2063
1615
2412
52375
1279
2250
8670
10134
1426
1810
1811
2207
1001
2636
38362
1181
2081
1994
18355
24545
8116
1147
1337
1519
1378
1842
2139
684
1489
13432
1473
1517
43793
3354
18425
2497
4089
5233
2056
2121
1923
2513
1812
2472
18860
680
2239
32854
1989
26202
1604
40581
1134
1071
1291
3703
11367
3377
1849
2955
2431
3377
3194
2344
15204
1968
3380
1851
2513
18260
2106
1708
1234
2330
2468
37632
7912
66878
16643
9559
965
1706
3331
2373
1634
1404
827
989
1552
25945
12569
1953
1215
2394
38674
1484
2618
3826
2353
6246
2036
2405
1104
18832
2203
11210
62502
2538
1296
11663
9643
1330
1787
1004
90681
18887
10945
3508
1964
17087
1551
1298
2062
1771
1875
20498
2184
64988
17576
1537
6643
2381
13453
1753
8957
2746
7453
9176
1674
851
2944
2179
1676
3164
22592
1698
31877
2485
3459
19365
3370
1857
2574
13504
3912
20073
2678
5484
2773
2827
16251
907
2892
34307
594
2785
15555
25415
27357
2751
3893
1142
13718
2288
1530
5266
1959
3159
2811
1401
6346
3220
8575
1199
16248
13030
1827
967
12222
5799
1619
3511
8101
1115
2643
2120
1060
3312
1896
2736
1926
8369
20221
13263
21109
8798
1175
20289
2795
2438
2445
2285
9978
1773
7044
6127
2876
2775
2692
3057
52074
1867
11971
2275
1339
1779
3028
1799
31789
863
1033
2714
54905
3289
1840
8098
965
19146
1163
1376
11770
2133
2409
1320
7984
26220
1047
14132
12160
1085
2861
19674
3161
16846
1602
1767
1830
2721
1222
1982
1478
3496
2267
2003
2137
2164
4033
3099
2135
3802
48361
2163
1294
19594
40631
951
19000
49356
1878
2146
3426
1929
6482
2073
2613
6650
2602
2302
15456
11340
3521
3098
2272
1001
2570
1279
13672
2850
1458
17786
3174
2166
7077
1370
2394
1460
829
1674
1338
2192
2539
3015
2665
3487
16979
1570
1501
1372
3915
3607
7402
4234
2013
1212
1844
1826
2189
2364
2220
32319
2286
3140
2117
1328
1616
2887
1735
31270
2002
12006
6882
618
8970
3019
2325
1994
3459
2389
2497
14341
1886
2275
14362
1390
2968
2336
12100
1647
10612
1147
2636
31376
2571
1429
3697
18974
971
936
27838
8139
2687
1789
4756
4092
17875
47101
36413
2212
2190
1756
2273
8914
1236
3860
1495
644
1493
39747
2109
5596
20357
2530
5903
9598
1296
15504
1197
1450
7249
1254
33683
1961
13901
10126
3691
2735
2407
3355
2398
1664
28140
2706
38820
2120
2684
5057
2413
4070
5252
952
4853
1397
7018
20804
8638
2201
1596
1781
1574
2296
2268
2950
48577
3126
2176
10888
1103
1945
13945
1281
2320
5562
4189
2939
2707
1209
3625
1903
10834
696
1567
1394
2871
2761
1538
2003
3794
1219
4822
1688
1569
4724
22994
898
32117
1726
41502
2222
5717
19189
14163
1885
2290
60533
3515
1997
2491
3419
1314
1342
1794
2490
2566
16251
1815
1963
1085
2108
1497
1349
1384
2673
2183
2631
2667
3641
29067
11527
1766
22922
856
19110
23115
393
2699
1639
1803
37851
1896
2604
15422
2486
19017
5378
1507
34452
1109
2244
43449
2366
36664
1851
3579
1306
1347
2437
3354
11876
11046
1746
1394
2233
3051
1616
7703
2425
3952
781
624
9519
957
1860
452
16598
2442
1334
5019
3134
2286
2244
1770
2328
16907
3677
5142
1693
4601
1048
6135
23751
5001
11988
1848
764
15218
1818
1235
3618
2004
949
1085
3658
1888
2447
7685
34908
3653
3194
3712
20247
3091
703
2280
1756
4297
14890
5778
2080
48506
2853
2162
1974
3182
1709
28266
2426
2442
2621
2183
2584
3429
3759
14785
18133
5149
2387
2438
1361
21696
48600
662
2991
18047
7803
2777
11254
2178
23412
10563
3051
2911
7054
46475
12025
4104
2696
27736
2215
17927
1940
1242
2161
2332
786
1085
1481
2006
2559
23464
3832
20571
13930
28845
2472
33538
2011
2469
2071
6795
1535
1344
1515
2657
1818
2525
1856
12435
2691
16551
1726
34399
1175
2777
1102
875
2431
18815
12802
11949
2703
1300
8265
2466
17124
2626
3499
2400
2940
28946
2854
2335
6301
7805
1879
2084
9739
2203
1354
4866
2083
2246
1432
1103
2124
2512
803
2494
4137
2312
1533
25133
1657
3486
19359
11711
1533
973
1722
1344
26985
20239
7318
12565
2217
2815
31609
18305
5380
1285
41381
19720
2437
2163
2838
1857
3007
2802
2933
15459
1483
3589
2594
2646
3033
9435
2332
22161
3066
11781
1530
1932
1313
1931
2178
2991
1058
40812
47169
27186
684
2640
2389
2191
2853
1809
1508
1093
2324
9397
6608
2827
1292
8643
4180
2661
1933
2504
895
3429
2834
1312
3989
422
1529
14097
3258
2566
2605
2592
1983
505
23055
670
4491
1904
1303
1698
1361
4987
1329
1493
13756
1425
1862
943
9450
31276
31219
2788
44240
28543
2398
1768
26137
1067
17582
2058
2320
857
1070
1937
2965
2300
2167
5335
101157
6999
877
467
24683
877
1739
2615
3005
2248
2615
1314
627
7788
4147
2553
1734
6171
1355
2302
3297
3010
2985
2307
2459
1955
3093
30896
2905
1859
3052
1024
2531
22383
3278
1707
2403
17527
2281
1906
15934
3658
13985
1092
2440
32735
1008
3621
1885
1622
20619
2129
2037
4690
1292
6146
20556
1403
2083
26715
3826
79602
18758
3786
2109
29155
1954
2901
2396
13838
3031
2626
1835
2303
3169
1606
1568
1879
2126
8477
2822
2914
78811
2216
38718
1857
12511
1664
35853
1642
1156
2219
1144
1512
1845
8931
3187
3494
2217
1677
1832
3143
3001
985
2050
2746
3543
2555
3577
21737
1907
18015
2106
3750
2163
48548
2135
2001
1926
5555
2559
11237
1313
22206
1388
15616
1993
2323
61077
3574
2036
2045
3246
14662
906
2747
7109
1285
3874
2826
2892
2550
2528
3756
9744
34053
1299
23538
2182
20206
1810
1910
85599
22367
2640
1396
1951
1010
959
1137
1307
2658
2360
50431
1983
8863
2027
5222
1216
2108
29013
4898
1358
720
2883
60252
1978
28117
3384
1585
2322
1358
8925
4321
2718
1304
1170
8543
82015
2709
9236
17953
1501
2071
3820
69273
3442
20841
2919
6753
2092
2458
1861
35270
16536
2499
17574
13044
19151
2096
1415
6935
7392
36324
1530
3188
9702
1525
14865
37708
2024
3059
1086
1682
31975
1108
4903
17642
24002
1422
1497
1554
9112
790
2456
1699
22525
11701
2431
1708
2012
19896
1403
3280
1388
3946
36260
10984
24932
2397
1054
1551
1350
3534
2099
1201
913
2335
2320
13843
2499
9630
1045
983
1229
16223
500
39373
19658
1654
1607
2189
1557
19281
2739
2273
2411
1678
1372
1964
1764
6658
3325
30219
43958
10331
1217
30496
2385
3848
2039
1993
54112
1739
4447
3591
18154
23455
6775
1080
25106
2413
2677
3153
1480
13736
31819
25959
1492
2385
38795
2081
2869
13359
2214
2429
704
2554
2164
3141
7282
1327
3102
2202
2788
2241
29139
46277
65826
1123
9511
2832
26471
24837
10379
3071
3272
2482
1506
2641
667
1356
623
2113
20138
1397
47376
3101
7749
55702
1532
2254
3047
1943
3114
1869
3162
491
1164
2360
2986
2626
16582
20683
1381
1636
2118
2508
5334
9676
2946
2044
46683
2296
14165
1624
900
2762
2646
50928
2741
1781
1171
12536
16898
2418
2634
1856
3026
1673
1683
2218
1886
14758
2891
14596
2855
1332
19354
2578
3256
1793
2473
7210
1894
3160
2096
17566
3547
2109
2963
2543
4379
3735
2484
2711
2902
3180
3296
2817
2601
735
24326
2110
817
2861
31302
2759
3452
1394
2793
2849
8364
1185
2399
1919
3260
2259
2175
2794
1279
2754
18155
31451
39881
3031
1863
1813
2084
24873
1649
4094
19242
9580
6241
2137
1330
4268
2125
7707
3036
2839
2421
20372
1891
2152
1415
2948
3829
14124
3639
2340
1160
2941
1729
12020
2229
3101
2515
1508
1155
43514
585
936
1378
947
1986
872
4317
2780
17218
1903
1015
3642
665
1706
1662
93018
2601
1454
2447
2170
3244
17146
2566
15162
1227
1469
1917
2789
1189
20429
1633
1984
18654
15416
2308
2453
2022
2397
1898
2010
1621
1867
1028
2507
16265
2424
1607
2903
9821
1403
2344
6154
36945
1796
2485
1458
28824
1972
2813
1675
2528
22983
2386
9543
2360
2173
10058
35702
1102
25659
2159
40465
12100
1174
2768
2412
58116
4272
21449
4040
29565
1780
1992
1883
1523
3138
1150
2704
50916
15335
1357
11711
11804
3146
11528
2355
7659
10000
19305
2566
2468
1372
1607
13633
1205
45917
2469
88802
3754
479
3347
48490
2092
21572
1755
4110
3756
736
29788
3043
1012
2928
20748
1998
3902
63293
1978
2943
2409
1194
2134
1351
17897
1992
13595
1472
2536
3042
1521
1862
28144
28778
53534
3600
3619
2610
2578
2519
4106
2125
2739
975
15504
1158
3354
26404
609
1716
2409
3382
16732
975
1500
13004
2137
5102
2477
19948
1832
1267
1517
848
1317
1650
1831
2929
2463
27561
12062
9580
1623
18149
2991
3884
2627
1385
2882
3627
2420
1529
41378
23933
1633
18294
2368
1873
3401
1964
2527
22873
1042
3021
7257
2535
2520
2690
2032
1156
3243
2840
1548
2503
1090
2496
3134
2556
1338
1513
2142
5540
1250
2334
2634
12082
2351
1714
55215
975
11648
1689
8085
2249
3464
3771
25689
17076
2048
1775
5237
2434
2242
2009
3264
857
1468
934
2846
917
27240
2190
3047
3077
2547
7198
1180
28081
28233
2070
39609
14393
1698
864
2980
41071
2085
23444
1943
2553
2591
9407
2055
2545
1518
1911
866
1409
934
20478
3711
2789
1318
2477
2531
1084
1548
2659
4187
9192
1318
21517
2989
26803
2864
5350
1407
7166
2859
1437
2322
2117
1396
1549
2147
2682
4330
1471
2808
1162
2300
13523
2939
573
1980
12274
51282
1970
36625
1700
2158
1847
9354
8942
25357
1944
1112
2505
2161
1594
771
1512
1113
22753
9578
53565
2233
2502
1431
3252
2387
2641
12523
21508
1841
35690
12857
1508
1936
31994
14305
2805
2990
27509
1990
58769
1681
2629
1776
4554
2586
18764
2211
6696
1182
7250
2928
6381
48569
2960
2969
9389
1552
1938
2695
6189
2989
1975
465
2766
61178
2101
2876
3090
1806
424
909
2012
1786
18668
8707
3355
1342
12784
1800
2472
1910
3650
3310
1645
3000
28614
1348
1763
2141
1037
17904
2354
2136
4283
2873
2486
3024
2197
1069
2623
3442
16821
1802
2469
1111
51043
2304
2380
853
4194
1770
2042
1759
2785
4732
2363
43930
2697
22396
1350
4277
1740
2208
3353
2054
1159
1232
22257
1609
17961
14971
2710
1880
1574
40028
11108
2068
1237
3194
2486
14726
3416
25935
27644
11361
3051
569
1781
1604
1334
15681
2235
9044
7859
23131
2003
2662
657
1780
2502
1967
3545
9170
2747
26584
32395
1624
3291
2251
1996
13183
9600
14365
1087
1102
23054
4281
622
1000
9637
11507
12686
9547
1548
693
20119
2299
2061
2702
21263
1384
22183
2376
3010
34253
3162
12420
380
29049
7780
1884
2077
14771
829
1739
2459
2256
2133
608
3678
1722
1876
28638
2699
2774
2074
2456
1126
13200
2833
1420
2144
7113
2126
1924
1519
2034
1316
1509
1899
1083
1269
2137
51596
2102
1665
3141
3733
849
2354
2148
3703
1993
57373
40763
1886
2842
11687
1241
3076
2932
21557
1921
3811
2389
1742
1586
16774
1282
2491
31139
2292
1990
1744
3846
21879
2280
1306
2224
1298
25749
2575
2963
999
987
18137
2488
31063
2575
9683
4492
1910
1812
2363
1317
32944
1389
3637
518
1660
1835
2536
14246
31236
21156
2701
3102
16522
967
1501
1658
48388
2459
2288
3136
10708
3072
37906
1319
963
3614
999
16366
17003
3101
906
1885
2402
2149
1411
2446
1748
28710
1795
1533
2579
2127
1277
708
3014
1020
3325
65991
2460
2569
12864
16407
2947
2199
1629
2425
1965
2593
4101
1587
1223
2359
9011
4625
3111
15573
2456
7027
3798
2391
1883
1736
1407
1088
2108
1873
1318
1292
2663
3396
8871
4512
3525
1204
1141
3016
3191
1483
27795
16250
1988
1333
8510
1893
4323
1063
2408
1773
1620
1691
8505
2354
3992
4623
3072
17966
26369
1263
2743
603
3016
26024
2435
2204
1180
1655
984
2016
28477
6425
12991
17127
1210
1549
2561
2558
43515
9495
3764
1451
2594
1788
29040
17246
33819
2043
5385
924
2078
68162
22374
1388
2498
17887
2864
16403
3046
27913
2316
2382
13980
27418
12473
2100
1501
1895
50002
1205
7001
6943
22973
30989
532
1838
17534
1895
3728
12433
17638
8374
802
6866
3001
2407
2266
1710
1335
3384
3271
8466
2305
832
15596
1791
508
1485
2890
2282
2414
691
1474
2596
502
2963
3123
3889
1682
9291
1808
12377
19849
2000
105309
6113
23169
1490
6691
3076
5176
17868
1374
32452
1540
3175
3731
1001
2263
2681
2471
28683
1020
2313
3999
1158
2025
1980
2481
2336
1711
13096
3148
33631
3072
33750
31114
17375
12633
3786
1342
785
1501
43322
820
38938
2752
5525
30815
1153
29871
1947
1829
24154
3010
33269
1429
2010
18127
2102
21605
3423
2721
50328
1587
3271
19786
1077
2401
7541
970
1616
1910
2522
1710
1370
1630
1675
26124
37122
1528
1639
2693
3074
2580
6725
20344
1347
2950
1968
3428
2260
1903
2628
2003
1229
17773
1979
705
1302
3129
2485
32571
8685
19317
979
1104
1200
2839
2009
1089
1464
2724
1810
7856
16245
951
2683
2426
2233
3320
35447
2326
2018
2412
2135
32379
13493
19129
12320
18382
3161
5958
538
706
1876
1568
2640
2066
3293
6110
3114
27638
21465
12347
1231
2741
2580
1305
7960
1054
1600
2113
765
2277
3370
3552
14637
1923
9597
1856
1364
13094
991
30051
4093
1884
2218
2000
2595
8592
1970
6707
1445
1423
3032
1087
1364
957
1590
3954
1401
4487
1084
2753
2811
28309
1395
1574
2775
2604
30156
2805
1081
3328
9986
1786
1524
991
2353
20934
14128
1582
1794
1783
642
1710
19622
2986
7014
1312
2344
2243
2453
13825
10756
21053
32862
12343
2709
3427
2390
1910
9512
2968
4591
8095
1332
27441
701
691
1727
2677
9174
2257
5691
2560
12201
1761
19154
14548
1946
37408
1973
2346
2694
1542
27242
5563
1771
3407
5838
2952
1707
62937
1516
9925
2682
2948
2325
1643
2807
678
1292
3673
1536
1115
2318
14026
2046
9629
18189
44835
3105
8010
7051
9633
22041
21571
1948
2318
2068
1744
15487
3047
2874
861
676
2319
3244
19443
3284
2701
36953
10558
1941
28201
14929
2460
2054
949
83564
1652
27017
54017
2367
2753
1810
8475
3219
2497
9442
1419
2206
2470
9860
2487
3488
1478
1819
1581
5664
1119
916
3514
650
13754
1630
1978
2970
1905
3713
1717
13224
1190
3265
913
29992
49956
5496
668
7979
32084
673
23139
896
37848
11935
9560
2671
2358
2312
2291
1620
3327
32796
25622
2008
1889
29022
13528
2628
2315
52099
2266
6298
1588
1639
1630
1636
31312
2379
2756
2110
2922
11941
4313
24835
786
2993
19862
1723
2224
1983
2682
2148
1435
2969
3505
593
43982
2112
3023
1794
6569
2373
5141
2082
1111
62682
1487
13428
1815
2003
2522
1004
2625
3478
1869
1678
22634
2719
1248
677
11100
2146
2097
683
12426
1133
723
17360
2519
2851
9752
11355
1886
6049
3192
5108
1890
42610
2573
8731
1176
1727
2721
3043
2260
2406
2544
2504
2211
1213
14982
13635
2355
3036
1382
1941
2289
2328
3006
2556
2184
7992
2928
29295
2593
1909
1281
894
611
3478
5476
2117
2399
4072
3238
3123
2847
5536
1945
3489
18411
3124
1944
2256
1848
17308
1944
2731
2199
1737
24801
1077
4635
2590
2165
1637
4821
2505
1219
2043
550
24005
1254
1732
2090
9054
15129
2143
1067
17129
657
16963
37674
2216
1519
26833
2797
629
1804
2974
10201
2954
17676
1608
45294
1279
8081
8882
3342
2124
7754
1809
2443
11069
16191
2908
5737
956
1833
3858
2759
764
2127
584
2982
2097
2217
791
2438
2931
2796
1347
2324
29439
2337
3015
1008
1930
892
42349
4921
8274
80006
2708
2176
4177
1220
2569
1650
772
6586
3034
3361
1298
3634
1479
13013
1017
1154
1072
2004
758
10600
5511
29489
18939
17515
9899
8257
1461
7646
3160
3125
1671
23056
1053
1926
6854
37404
2325
14686
1109
35927
1962
24758
2005
1796
2866
2553
2390
1204
1524
10841
10385
2362
3703
37822
25482
5584
2392
2049
1825
1971
725
2963
88221
28367
5194
7921
2285
2484
15723
36623
1880
40748
3107
1963
1860
3306
885
1128
2394
2457
3769
921
51104
3092
1788
1337
2293
815
2563
2244
8608
2146
1550
1087
2503
2927
1335
12322
44234
3192
564
56058
17904
1849
1113
3482
1213
857
802
6999
2530
1489
1662
72716
1877
20865
1460
1348
2450
12091
1808
1942
14791
1790
6083
2216
1385
2403
2161
2796
1141
3541
1340
1713
4465
1348
34561
2834
32752
1802
733
57228
917
8695
5264
1288
2203
1662
2685
1612
1579
3455
2253
11381
1942
7235
9820
12314
1961
2649
10327
731
4538
708
2908
2821
1391
1442
1268
2214
2440
2148
9396
2233
1163
70232
12062
2152
2378
2495
1713
13482
2907
1777
786
1690
2717
3098
787
3670
2283
19193
14735
1301
1100
1137
19849
2318
2930
10529
2867
8864
1398
2859
1951
17168
2102
2282
2447
1980
11353
13341
3100
1043
1800
23363
1700
2382
19226
3139
14246
1277
905
3367
843
1192
1644
703
2588
18100
6083
1394
2144
1980
21459
11321
1190
3037
2745
1511
10325
38228
1361
25065
1188
2914
20876
2043
1740
876
31919
13136
2291
24390
2604
18033
701
27499
2560
1314
2213
4901
2803
9599
3095
2062
9035
1997
2204
23763
7480
2076
1339
923
2306
1599
20302
15471
7804
12738
3539
21505
2408
7144
1929
31672
2409
35614
37664
1195
1689
2223
2261
749
2614
857
1642
1663
968
2426
1325
1685
2364
18642
8770
339
20085
1285
2072
3499
3029
1948
23984
3036
1883
2180
2541
3787
1919
10345
3651
1316
2428
14346
3093
798
1384
706
2911
21895
1401
16858
1254
1002
7369
921
2639
1464
1369
2297
2413
2158
2234
2080
592
20513
2705
1047
6699
12671
4832
1905
19655
2554
1497
15153
2984
761
3195
57767
2435
20741
45432
44081
20469
17024
1962
2684
2969
1462
2819
2300
1251
1967
19926
28172
10912
1535
24226
787
1166
2649
1755
1431
1248
3084
3112
1687
2364
9258
21709
4336
2864
2764
1996
14223
32594
55525
1791
3265
2041
7511
4576
1978
6933
5214
3348
29698
2485
1486
17461
38338
1467
1784
25012
2671
3264
4206
1305
777
1699
1056
19396
1342
1557
34643
3559
8768
12667
1896
30624
4914
1763
1405
1132
15599
2192
876
10889
2450
2444
1323
14382
24367
30749
3643
7861
2359
12052
2312
21507
1245
7422
42622
61663
3219
963
2162
745
3108
1182
3921
1331
2714
33015
21401
2209
3100
1966
3001
1453
2663
1982
689
4312
2667
7396
2489
2268
973
9023
37702
1669
3380
6783
1256
1727
1621
1083
24963
2622
1337
2713
16010
42164
1685
3017
2336
40362
38100
2071
81031
36012
3261
2380
2425
2646
554
23528
2740
2191
1563
1627
2499
2413
7932
890
2327
2249
31429
4441
2514
2517
1273
1243
2571
1915
2315
1679
10277
1400
47243
23636
2961
4544
3342
1532
1970
2627
5396
2084
29836
2297
1811
3628
1810
2134
6693
2318
1547
43410
7806
2968
20955
19850
2579
1661
17630
39332
1474
1441
1930
1561
1822
3351
1632
2457
2470
2270
3411
2263
2979
2072
1696
2008
2349
2205
1909
7097
2870
1422
1020
2747
3705
37786
3289
1749
6316
10999
12262
2677
2159
30786
2041
2773
3041
8936
3420
5467
2337
2811
2340
1392
1095
2382
4981
1290
2732
13450
3206
3440
2220
6762
864
1122
2390
721
1212
1454
14624
2128
1722
1848
3042
2513
1012
1791
2953
20082
15124
2877
27009
5006
30294
1337
2288
5129
7294
2111
2870
1868
3432
1075
2157
2423
2868
3415
1982
2743
3793
1023
3407
2883
1446
1038
1866
2668
12384
2304
3848
1833
3293
3204
2233
1252
2228
20023
1999
3167
812
2807
44644
1967
13913
1022
2053
11205
2410
22378
4224
23541
20788
1178
2718
989
37059
1255
24182
3274
24909
2948
1653
734
1957
1994
1838
2661
25339
4521
1905
17512
7113
21582
5845
1982
2738
1217
2049
1028
2361
2139
1293
3068
2419
3952
1845
1142
2744
11723
1499
1802
1739
26133
46559
2820
1784
14552
2987
17639
3827
1600
8609
3121
2207
1967
5899
1832
2670
2109
1787
2206
1621
788
19512
1305
2688
5579
2795
935
3274
2002
1780
2095
19966
23754
84397
3349
12907
48612
3286
13666
564
3292
1054
2922
2100
1152
2054
4611
3363
2137
804
1123
3649
2170
1000
2576
2540
1936
1700
33078
10369
13825
1695
47353
91186
3482
9266
1975
37228
26153
34703
24473
657
2151
2412
9217
2032
2260
1453
12629
511
1544
2250
2472
2630
3292
3047
1519
3508
7838
8425
1922
3069
3544
2508
3477
1890
1082
839
15677
37472
2133
2338
5301
2294
31278
680
19784
2287
1267
6809
1638
2125
3047
17137
1004
1145
1871
2127
22083
1825
12125
1560
2990
1810
1076
2866
2650
2949
3050
1060
879
2648
1326
8933
1880
2871
1950
15002
2161
3171
36712
13074
1008
2580
812
4856
25934
2219
2645
2500
1936
2834
3193
1835
9626
2271
13872
2829
19369
2782
997
64422
3133
2005
2389
718
3002
40879
2431
3625
735
7230
991
1322
1012
2305
2195
1408
8598
89809
1166
2662
2562
3788
1051
35713
6807
2005
3517
1509
2291
34054
2452
1083
3302
2642
4827
53798
23404
1402
1385
2199
11647
1475
19215
1139
4543
12697
2250
2082
1917
11446
2506
2134
2169
5798
3659
849
7679
1604
1968
1770
9470
2513
2205
2047
22868
2285
977
3691
3429
3686
831
20720
9652
1701
5837
1692
2809
25809
13001
719
891
2127
2091
1447
3076
4123
25457
2090
1501
2025
1344
2190
1475
787
2421
878
26435
1958
2464
1374
1818
32021
15097
2728
2471
1823
2928
1383
2620
1494
2003
15167
4282
8818
25770
739
1448
1677
2161
9436
2332
4375
1997
2825
2013
10583
43471
21891
1506
1536
1911
20124
3038
2091
6883
3014
11165
1183
2080
2306
24806
3129
1471
1936
2248
19576
1712
3731
1702
27597
1932
1781
4887
2282
2248
1952
37281
1881
2443
2161
13222
2213
988
11028
13480
1922
2902
2843
3314
2905
10127
2495
1492
1576
1148
2793
1681
3024
3028
4258
14657
3641
6547
2360
2090
3052
15898
1803
2864
2777
2406
3248
1788
3021
25991
487
2582
886
1005
65711
1904
26436
17356
3295
2001
11327
3149
7304
590
1361
1679
1404
2143
2023
14301
5840
1551
21097
16699
2182
3771
18500
4315
1130
2925
3563
1806
1029
2870
2833
2218
28268
1082
36738
4299
39173
1548
1712
2663
2183
2648
2264
25232
2695
1925
6814
29611
2344
14442
2725
3555
10482
2962
25495
30624
2342
2193
2601
1347
2564
24118
2311
1672
907
1284
1974
71276
9977
2156
1554
38611
2212
2070
2017
2394
16925
56297
1935
36159
2173
25979
4988
14896
1259
1432
8916
30994
1842
2703
3083
1401
1312
2825
1904
27692
763
2548
1210
27297
1796
1178
2901
65218
1795
1415
905
957
1368
2504
3496
10374
2052
1902
1060
2694
36292
2290
3088
2545
1499
2847
1561
1825
54188
3739
22982
1809
1716
18366
2429
1277
29475
8958
10354
18279
3540
1555
43007
3283
8627
2485
1690
1886
2155
2018
3810
7094
6098
8694
738
1181
1000
24674
2339
3507
2236
35306
1134
17256
2551
2389
2803
8560
2788
1959
1666
2946
1300
1376
9095
642
1398
22997
3115
14642
1632
2005
1395
1246
3527
2882
32570
1563
2648
2564
2122
2213
10349
2162
15115
13602
43304
27237
3557
1209
806
27861
3497
28907
2496
2495
2177
3436
25875
1450
2784
1631
898
25538
3395
3170
2159
2656
11174
24149
1752
8401
4309
721
78659
1869
1155
68294
2421
26379
2799
1950
25661
36362
4160
17350
2170
23356
2972
732
3005
48657
2306
1267
5232
1414
31560
2420
3165
1957
1887
2177
1983
1712
2122
19189
582
27446
703
2579
26921
1583
3372
2837
19969
1025
2486
42471
23001
1200
3000
1020
22291
2262
1598
2952
3288
1556
2076
1778
1166
1362
35598
2299
43124
4923
1248
2398
8544
31318
2086
815
2572
2478
15698
14634
1483
1390
40086
1261
2407
1666
967
23822
1652
21040
2970
2432
1069
2054
1986
2413
1287
2589
1837
2514
2058
2814
24124
1718
1066
758
26761
954
2136
2430
1960
32980
990
1020
3514
973
1818
2766
3031
2070
1783
2362
3170
1484
1097
2578
22139
3505
2547
1258
10590
770
1660
2633
3523
3053
23795
5111
3224
12412
1961
1930
2988
21028
2358
2618
1668
1071
39240
10429
3125
3573
8981
12897
11723
2118
3128
7642
29235
913
1519
1636
72980
29726
2329
1605
1997
1974
4505
1787
7299
20242
2034
14628
1481
1212
28346
20676
1534
3346
2112
2162
3504
1719
1957
3109
540
2276
17027
3434
7097
1202
4614
2295
7119
6790
17683
1757
19783
995
1121
1914
2681
1111
1610
2655
22214
3721
53191
2364
1239
2433
2930
11147
3040
4588
54018
22999
1783
2619
894
1208
1718
1836
6501
6026
671
1465
1449
957
2109
1617
7222
2275
3034
1013
2909
2005
4768
2898
3147
2533
7514
2034
20452
2350
2859
6897
1433
18375
2621
3087
2626
17925
13194
2491
2175
1697
78930
2624
3403
2571
989
2357
50101
1621
2052
2304
13256
1420
1450
23948
40156
1274
1341
12473
2039
1825
14853
2769
10136
52649
16397
19077
12339
25402
1920
21372
18184
2571
18306
10491
1833
1463
20239
2561
4938
4310
2071
12160
3503
73348
2269
75608
34544
898
4195
2456
1361
1905
2016
1797
1540
985
3650
2707
846
2119
1994
3260
17837
2821
2222
8239
2449
20965
2869
2391
2627
2837
1588
12229
662
3044
2227
27748
2628
1681
836
696
2400
9439
2120
1193
1973
2720
42721
54906
18019
4100
1460
2941
2691
2921
3459
1484
3329
1171
16765
1967
2144
707
1936
1616
10128
2180
38129
12471
1091
2881
3030
1496
8406
1147
1898
1178
32733
3197
9810
7151
1302
17751
630
1871
2068
1756
41830
1949
1686
23453
1952
1774
1862
24482
2664
1528
2427
1701
849
1533
884
1815
15611
21074
16292
43865
1564
9553
3675
21277
1827
1744
2572
1525
3437
26335
3131
651
2466
24551
47891
1151
1336
1174
2317
2030
1797
23831
1984
2902
1007
3077
3057
2983
2137
42572
11013
1793
1056
681
15462
1545
1850
1126
1314
14198
19764
10552
32614
1291
1871
12604
12360
2647
17663
2354
1344
3456
2844
2552
9279
2720
13808
2637
1716
2381
2861
728
40619
3357
2697
1445
24021
33858
1123
981
565
5171
1817
2127
2241
1230
808
2480
72644
2625
2450
1712
2857
2744
2031
2357
1322
36011
19803
1901
1146
2597
2219
1855
8597
9237
2322
1973
6142
5821
3460
1990
1755
8772
2338
2461
496
17107
850
2838
1865
1126
484
19829
3050
2849
20599
2936
3719
1019
2021
20174
1480
24348
3624
2850
2890
1712
8303
39396
1102
12652
1146
2759
2116
2466
1290
1769
16384
3249
2582
4636
2999
2739
5335
2916
2071
2390
7167
2891
1673
2782
2292
1956
1807
2364
2458
2866
2477
3404
2793
5683
33210
4562
2335
1332
6021
2465
11218
21281
2249
754
2418
5017
2565
1520
13537
956
39535
1387
1077
3148
1300
33620
2710
3223
3365
1000
8397
2748
1320
4909
4890
11721
1539
2968
1541
1795
37728
2121
1472
2293
1248
7979
19335
10738
21651
3156
30833
2626
2826
6654
1787
21186
1832
1187
20781
46677
50565
2183
1739
1841
1518
1930
1020
3786
3017
2501
26836
29806
2251
23291
7177
2026
1788
2618
3392
5991
1976
2286
38165
2542
1161
12814
759
1999
9161
1750
1806
1221
1158
2658
913
3246
2428
1873
9717
6561
2478
2228
74568
662
7262
1769
11414
2045
15499
1897
8843
3401
8490
1397
2701
2731
2883
1009
22651
2183
2530
2715
697
4121
2752
1585
2950
8434
3003
726
710
9098
2919
1356
1334
1889
2180
45989
5494
843
16945
919
76154
1887
10406
1188
2164
10500
3072
3257
2516
6524
3256
