1008
3297
2097
29734
1218
30292
21769
3312
1866
2075
1007
2897
7868
1932
15409
1145
3259
2344
1173
3211
910
2101
2798
43535
8286
1579
777
1876
3745
5539
3073
668
1322
54380
959
1157
1795
15100
2954
30081
26429
25242
34519
1241
44834
1755
1723
1012
12352
98559
1312
7178
1935
5227
7776
35391
3157
2941
1957
2896
2500
1055
1548
1270
2448
511
3858
6880
4625
23062
509
49513
1873
39933
1020
22436
17220
9738
21165
2235
3003
3366
37738
2185
1859
1679
2275
2507
2625
1698
10995
25954
3309
28144
670
714
1283
2318
1729
7691
2440
3152
12438
1417
2527
57653
2393
1625
2076
2121
875
17148
15835
2711
2214
58379
8130
2036
1502
1635
44103
2267
32062
2508
4730
31783
1482
2491
1734
15650
3061
571
23741
2176
2933
8790
11869
16645
1924
3451
29717
3464
18054
23780
2044
3787
2907
21249
2137
3315
3337
728
2545
3747
23268
2030
2488
6947
2330
38212
3814
9040
3228
2249
2796
13662
4800
3114
10052
62624
15322
2823
2622
8967
21288
1183
4858
12411
2605
40285
2408
2253
86767
1376
1740
2297
1412
1643
3092
3223
2265
2187
671
3076
8317
2012
2067
2018
23643
1518
1860
1396
2593
1572
42600
3660
2289
17981
2873
1613
1757
5819
2041
2543
21253
1908
2108
17163
2195
94398
53558
1217
1940
1871
19899
1229
3792
1263
3604
1779
2599
2043
1957
11219
1980
3758
2576
4327
2875
1767
1122
4006
1964
2372
1680
160421
2226
9611
18324
2855
61937
2220
29207
2658
38598
9022
1323
3019
978
3259
2553
1871
3523
3965
1771
1550
3513
1207
2334
2643
2887
2449
2057
2702
17065
4384
2083
22034
25743
3001
781
19027
19067
2844
2574
1596
2742
923
2238
3174
12616
31365
2879
13254
2507
2078
2920
1919
3989
779
3122
5205
8304
18528
2774
20776
1100
2231
2240
1477
925
4172
10039
3707
1293
5308
3095
2093
858
19397
2498
26175
3269
2833
3334
954
2482
2613
2148
15711
2772
27389
2261
1751
13749
2570
4244
46669
3320
3595
2380
6683
11055
1482
844
1944
3081
1759
9877
2641
17799
1107
2690
1617
2152
37289
2060
2226
1907
24774
2582
16935
1685
72546
3536
2210
1101
37634
16327
1162
18163
2388
22500
3684
1457
3258
1598
20142
5445
3308
2765
1633
1971
3521
4346
2478
28406
1160
19175
25028
2694
1909
869
3229
798
697
2898
15616
3666
11306
12197
3573
3044
2276
768
5630
1775
2295
2107
19914
2054
2007
1801
2865
1659
17460
30981
76697
1717
3189
12010
2729
11625
3201
5183
46739
32672
12899
2787
1137
2219
2148
2300
1709
2729
2060
2975
27768
29777
1024
2415
1201
2652
1788
9926
2789
6491
3584
16058
1692
2368
963
2905
1148
2542
3125
2109
2712
1624
3371
34587
9827
2175
1954
3321
13535
2113
36600
2738
2125
2980
1556
1817
3004
988
2201
3450
17306
41146
2331
1010
3912
3185
19513
3025
17887
2436
2907
3331
2222
3504
1282
26355
24992
8395
1002
403
35643
1924
1856
1142
2176
2273
926
26229
2643
2621
1908
33462
2724
12608
2826
1853
2938
48485
1621
3554
1628
36825
2611
3356
12716
1994
2043
2218
3050
16143
2077
692
69173
2415
1641
1801
2311
1128
4085
3085
69235
9122
3023
1434
88587
13137
6096
1954
1432
1787
2467
3120
1501
2471
1802
2388
1789
1430
12797
1034
2897
897
719
2464
2446
72225
1088
2923
1685
1113
60257
1000
1965
2097
4491
1760
2907
2596
3360
2249
2036
2651
6694
16879
1739
3430
1839
3559
21968
1135
2144
2616
2260
61713
2313
3405
3784
1818
30652
1331
2370
3295
3653
10409
2537
5066
2692
7370
1224
3774
678
2693
22535
13123
26839
2623
1546
3284
16635
2282
2448
1198
1732
32980
9015
3115
987
1491
3029
2321
19976
30162
1901
13833
1973
1635
2291
1508
2319
7757
11163
4842
2778
9043
4302
1266
26853
3459
1590
10316
3797
3034
3123
1326
2461
28521
1001
2357
1591
2048
1820
2252
1437
32765
16898
2097
1817
1399
6440
1033
69307
1046
41853
2738
13260
1495
4146
1994
1278
33030
10531
2745
1654
3064
2451
6470
1805
1486
69438
33334
3175
2811
973
598
898
2572
5260
2731
11986
2682
16246
3428
1881
3028
1814
14068
1522
44031
10206
6734
1808
2246
19527
10144
3428
3099
1724
1612
19716
67373
1904
1845
3321
3199
19362
16789
3953
1446
2516
2196
11785
1671
888
2244
5779
865
1256
1775
7035
1700
51516
1129
1978
2440
14321
2293
1021
2304
1857
34578
2684
2842
17543
1069
2336
20507
1978
2928
62929
36530
10597
23557
3104
3072
3675
1845
1829
3191
12129
1204
8967
3353
2996
1837
3165
90087
1808
935
6755
2815
2792
5018
3916
2415
10686
361
1382
7242
5597
5780
14558
2696
1435
1448
17394
2840
4471
2110
26646
4254
3542
4206
2146
4687
825
1545
16253
1417
1042
3174
1115
843
3779
2825
3221
10751
1248
2146
24225
723
5629
25515
22949
2494
1459
2657
1937
1042
2039
1031
2784
8320
2232
1689
872
43714
9939
2068
3503
26141
2179
13201
46409
2370
1916
19316
2868
3502
1345
3066
16177
20271
2880
1610
3362
837
22664
2567
669
20284
2718
2638
7262
2800
909
2071
1114
2833
1845
1970
1462
5217
1992
2352
86971
3867
2033
2738
2874
20586
2532
2795
1902
1387
2178
1412
1683
22056
24150
2387
3785
1938
15022
4227
1542
1525
2905
3490
2778
2976
2931
1792
68480
3350
1083
9823
2616
9285
8101
9810
9271
1763
4777
1711
2496
55998
2350
6332
16798
10028
10579
5100
2911
19565
1724
3132
48359
624
3244
59213
2150
1292
1713
1955
8403
18247
2983
4215
1117
3537
1994
1735
52870
1469
1961
2047
6595
2197
2714
2392
3300
2485
3936
3616
1768
27157
2380
2164
1396
21524
1458
2371
21213
17471
1430
1076
28087
1449
1327
9495
7198
15094
1079
2560
2989
1284
1207
16006
2003
5884
741
30723
37663
1527
2057
46270
3339
2108
17695
1843
2735
3301
10362
1762
2793
3215
1001
1789
5960
22410
38706
1185
10822
1863
9190
1504
1964
824
26618
2612
2103
1232
8891
32401
1335
3589
9801
3025
3270
3191
2201
25938
1597
17254
1791
3360
2476
16682
770
16952
4183
4519
2170
2475
640
1258
58405
23618
14883
1129
1405
2178
5247
835
26658
54353
65397
694
3025
18411
2428
3467
3425
1589
738
4165
2011
26085
5138
2754
2492
1968
2056
1222
2002
968
2167
1744
9833
2842
2312
1711
1062
2945
2597
1468
915
1007
2457
4169
24907
21444
3167
7186
2970
2475
61087
21617
1697
3189
2319
2064
1859
7878
3499
3214
881
2262
827
2463
2620
4638
2299
652
992
2877
1888
1055
26892
1766
8602
33484
3054
2493
2431
1815
2094
1582
47336
8337
30124
51549
1292
2943
1522
1624
15300
2335
2921
1875
1231
18712
2129
10278
2908
1995
742
1352
906
11571
22322
4616
4468
16755
11674
1708
1381
54949
1418
1907
17655
3779
4030
957
1236
1465
4794
1412
16074
3418
13855
3340
969
2909
2270
3279
1038
14662
10035
1384
2097
2146
1827
2123
6907
45931
3361
1992
2278
1835
2374
3114
7883
25307
3442
3493
982
3254
819
2174
1492
24174
1717
2946
3581
15375
2618
2996
1965
33097
3015
1824
2950
2466
21046
5559
12156
1890
1798
89156
2663
23118
2344
1509
8717
3869
946
1859
1417
2937
1394
15564
1316
4700
2164
1825
2183
2211
943
904
28164
1420
2547
8141
1843
1291
2275
3019
1775
766
1591
10206
4096
2708
1095
2835
2548
42503
10437
752
38300
3311
2559
2827
1697
1916
2330
9706
7549
2770
44472
3040
2220
2675
2767
2796
2854
2295
2150
33966
1139
2655
1193
2584
3273
1397
1855
1535
1292
1305
56425
2205
2405
34448
2519
2348
949
2111
2307
2151
2332
2362
3865
2205
1052
2324
1445
2368
824
2817
1560
2247
1767
7498
52380
1361
1009
2787
22347
670
2892
1633
18398
14070
1148
1893
894
35411
2899
1884
12345
2694
1885
1194
1651
2868
2585
21482
22755
3230
2693
15506
3882
2472
1816
2437
1776
1277
51889
2187
3632
7483
3010
2684
4391
2250
44353
2671
2629
1390
53676
1555
1184
42358
3551
14288
3404
26481
2562
36548
887
683
94307
2085
2229
14790
4369
1717
2708
2403
2905
2162
10395
2229
99746
15610
2522
2024
614
53113
2673
1944
6601
3201
1760
1846
2143
1089
2515
27709
1540
1551
4331
2217
1480
21882
2063
2081
3099
1764
927
9398
1864
4381
19639
3351
3713
3302
2384
80810
2248
35523
4939
4198
2245
1932
3133
1812
2257
2880
1788
2114
2407
2087
5006
2946
2341
2614
2087
18303
1838
23126
2809
2706
1497
30047
4625
3407
3174
2232
15128
3427
2848
7018
1816
1844
1960
9030
3127
1942
1182
2316
3549
3385
2967
26585
10226
1770
11338
1346
35560
3110
1254
1017
3368
2229
2997
5463
11680
31559
1377
20708
614
914
88003
1715
3554
1980
1024
21733
2307
1216
3133
26362
1274
2317
1615
35368
2698
1801
2444
2748
1152
22011
4768
1637
3359
1945
3313
36555
14530
47176
1749
2295
1820
1914
3454
765
21715
2646
1784
2526
3162
10116
5299
1568
22313
1714
83413
2804
2431
833
1221
7370
3390
2461
2586
1176
10774
1670
1348
5921
15566
3473
46797
2642
1708
2204
2153
1325
2812
1717
13804
19933
3397
13150
1844
2036
17133
7456
1953
2358
61375
5117
1958
20716
2913
2590
58875
2347
2770
91232
675
1086
1231
1137
1973
4628
1774
1961
92526
1104
34593
1355
1721
3324
750
2587
2785
2681
2159
1578
26319
1226
2700
8057
761
5674
3096
19928
989
1592
12092
23768
54768
1821
30190
22844
1491
981
11132
1548
2367
2113
1046
1755
8928
1952
16272
2007
1105
3329
1440
930
2821
1243
1484
2742
1553
3060
2156
19957
13349
10822
678
28467
2394
1175
11877
1746
10579
13945
1081
1841
1434
2103
17617
3072
3673
2287
2174
2709
1355
4171
2335
3723
22484
1501
3150
7443
2056
2551
2108
13270
2206
2495
1571
1559
1577
1158
5632
1220
1331
7800
2216
1884
1670
6938
875
1149
96961
18182
1875
3186
15825
8243
2212
46538
3068
2452
2016
3120
3321
24913
2789
5979
3618
2182
1583
3272
2395
1293
32204
2527
3421
9054
39056
2613
1638
3326
1843
1302
1392
14787
3789
118178
2771
2309
2058
1702
5901
1876
23709
682
1803
2934
2278
6213
1555
906
4382
1927
3418
2346
3229
12834
2340
2413
33333
17864
1586
1669
17334
1245
2857
2700
920
24167
10967
1865
2587
2290
33348
1862
2732
54406
5575
1969
2910
2495
2495
1161
2413
2615
14522
2678
8116
3880
20206
1936
1258
3208
19150
8308
1775
37727
2174
3479
11753
5608
3154
1331
13050
4668
1927
3059
50748
2117
1423
7595
4453
1864
3335
2630
3404
2880
1459
16932
4885
1422
1096
2082
1393
1083
51870
57444
40469
9958
2911
2155
1731
1838
1895
2208
3329
1990
2273
2209
1367
2713
2390
13734
7995
2515
1479
7706
1273
2389
3545
62665
2486
614
1214
1820
3155
44231
1144
1642
1667
1510
1862
2234
928
2161
1669
2069
1597
1784
1481
2154
3602
10445
15655
2076
3207
2762
3594
2733
25682
3702
39219
1374
4652
2206
2254
2974
4109
1349
2318
1945
3252
12171
1941
3184
89817
2518
10560
2289
1609
2553
4353
2894
10987
50635
2927
1798
99141
2425
1751
1748
3381
267
2210
26940
3401
906
2654
22166
1035
1284
6119
8029
30429
1630
4895
6579
33826
1138
1996
4314
2602
572
3162
1806
3609
811
2766
1860
44033
12713
3062
1089
2973
10569
1903
31938
23097
42656
3550
3009
2093
15755
1811
20224
1635
9949
24130
3266
663
2751
24457
2536
3250
2904
24483
1537
1947
3359
11956
2122
2923
886
1668
1328
1510
9274
2411
1663
5088
2737
483
2069
9634
2628
2296
10216
6264
2368
2020
2427
3137
4673
2033
1989
3120
9879
12254
27713
2326
1527
9500
1980
1624
2526
1718
3276
30005
22075
407
1181
34362
1542
31045
2170
1152
31453
1163
2733
942
2696
1621
4909
10712
772
954
2068
2928
3116
3948
3326
110161
27224
1480
10389
1778
628
2631
2844
19133
1227
2450
6976
24481
20307
1346
24024
14968
2137
2325
2898
1207
2463
47515
2585
18462
2566
1777
2112
895
39597
11872
2404
20399
2891
3165
3484
2476
1013
2152
2509
530
1318
926
14429
11225
45342
21442
2851
2241
2273
3476
1968
33167
95154
3977
19244
2403
19469
2451
8053
3045
2585
2272
1401
3232
4034
6829
1828
3887
3360
7628
2556
3910
29320
22571
3457
18206
43149
4998
2446
5961
17230
2043
1062
17316
6376
2097
18506
2849
1060
3554
3087
2693
21511
15156
2646
1595
1972
1544
1829
2524
1937
1436
2949
27298
2358
1066
3353
1122
8672
1579
2928
1359
1250
2388
3022
1850
8021
12936
3410
1659
29226
1262
1595
2428
869
2732
2139
2438
62971
2572
13197
1046
1638
2494
3320
3766
1622
1640
8569
1154
2827
43122
1789
52082
14534
78575
3155
19494
2247
1191
33683
4243
2887
25354
2085
2352
1102
1865
17472
1009
2741
20289
1224
884
2884
46268
59373
1581
1991
1672
30260
10985
1173
1583
1654
3914
2567
675
889
10043
5019
2625
2132
28057
1063
32307
1588
58559
1129
3418
34478
825
1640
2582
44669
3209
26045
2634
1921
5007
2557
883
1369
49142
3255
1709
1605
609
25005
3222
2948
9269
9342
2386
1678
1812
3139
1995
1980
1365
2238
2059
22789
3673
33303
23166
1521
2674
2478
49539
1523
3025
3107
1835
1685
3057
3958
1488
6998
1984
1817
24753
3307
9083
2082
5552
3688
32568
3948
1971
3049
31568
2899
1911
2848
18694
2092
29379
810
1862
3835
2063
1801
2801
3301
1666
27990
2086
23168
38856
1427
10301
1217
2434
1834
1885
1659
28545
2565
1636
41638
2526
2049
1885
30096
3532
16500
1808
38528
96432
681
2782
20084
4010
8698
8779
2070
8822
1982
1855
2676
48377
1697
929
2902
4144
33670
31730
2859
8940
15800
3502
2356
4180
2583
14812
2200
1550
2128
1352
2582
3238
14038
2170
1941
12869
3979
1293
2509
2145
75527
2197
673
2460
5344
2262
30832
33577
1679
3299
10095
16704
2351
3283
1598
1744
2103
901
24529
25198
1700
1975
2375
2824
2182
3656
2349
15690
2691
1593
3167
2841
1891
21008
2524
3850
2931
40395
2898
3250
2741
33611
2392
5732
14619
1772
1626
8933
22847
2325
2960
2436
2303
2075
2516
2851
1401
12845
1957
2104
2890
4116
2914
3737
2040
44890
2138
1324
943
1595
25391
14070
2713
51929
47908
2632
4472
92317
538
1895
1811
31677
20522
1829
7527
19497
8822
1123
2297
1172
1416
61877
5620
21628
1629
1230
21307
3450
2441
2975
2684
3154
3408
2768
2493
11271
954
2256
2834
1495
26246
1604
2285
2125
2072
6916
2398
11030
18686
1348
1755
3009
900
2016
3792
17119
2899
1641
2194
12562
1634
2126
2567
11262
2400
17764
3348
63159
2509
18984
2807
1837
2276
776
1600
3261
2110
2389
875
21783
3137
1489
1774
1121
1492
770
2641
2047
1671
1635
1587
1219
13264
1177
15769
2338
3108
9245
3002
2821
2675
20104
22190
36887
1716
15079
1715
2704
45834
1790
2083
2841
1356
1675
1913
2281
2806
3253
41759
2772
1945
2053
1295
3428
1984
16095
2567
859
1635
1457
7705
32853
1358
7395
15287
2555
1168
2361
1961
10902
15105
3569
13523
2500
2233
8931
9310
31558
2259
1821
1687
3199
11549
2170
3618
1865
2715
4266
6174
750
66936
1501
3291
22899
10070
1517
1422
5121
9715
3431
807
4100
19281
31459
1754
1584
24492
21048
89333
2739
3114
2689
4358
2467
2584
3293
1878
3595
20968
2561
3554
2818
4353
2187
18762
3051
3201
41216
2040
1291
28230
3365
3123
18071
4972
106818
2164
7513
8502
1920
21285
2171
1869
11218
1206
15700
710
856
10772
3797
1272
9981
3936
2110
30387
1894
3592
7798
120973
2382
645
3491
1631
13225
2572
68872
1884
41419
1848
12495
2320
2720
22219
2423
28482
2321
43882
2353
30636
2353
1463
4298
28289
24022
1834
797
17403
1741
2013
1606
21105
1217
3277
3903
13679
3065
4368
3855
9692
30228
1658
22860
11374
1979
1550
2090
2476
2414
6677
2288
62533
2273
2426
13590
2963
16023
10508
16314
1823
2880
33410
9296
1330
17774
1664
1945
2662
2073
2184
3329
2642
4043
1690
2121
9963
2486
1151
2095
2063
26009
2355
3426
2783
2322
3552
730
2603
28335
2093
17070
53392
1912
2368
1130
3806
2523
13553
2640
2957
6452
19910
2646
29962
12709
2649
2183
1164
1384
3295
1654
2101
848
2519
2082
20929
29326
1434
3382
1963
10587
1809
9069
2602
2751
51930
2485
1504
3195
3206
1910
3276
2703
22767
18425
31947
2194
2055
8253
3045
920
17467
1983
1124
1927
42303
3132
5517
70978
22426
32881
5280
3206
2637
3195
7870
3842
44616
14572
3079
31137
1818
2500
2737
3234
14210
1696
3380
2643
1593
4018
2001
1823
1105
7585
1587
1319
16410
4427
2887
4074
6647
1846
1343
16191
25911
7057
2651
14264
7152
46262
2430
10128
12408
2145
2173
2943
2064
31473
28423
7459
1672
2053
2644
651
2047
8221
3258
2194
2083
68572
2906
1638
16864
3588
1413
24231
2271
22780
1252
9445
2697
1747
17114
1271
8859
41762
28699
2323
971
37492
3778
2059
630
2855
1764
3480
1664
2670
2146
1172
5917
1493
21911
14317
2519
9397
2153
2427
3199
2855
4098
31261
2260
1172
1452
2036
2912
12931
2712
2854
48129
3338
2217
2171
3502
3547
41305
3369
1618
3029
2420
1832
3053
1308
3007
55826
1137
2292
5512
2274
26994
2834
26156
11506
4396
1148
2169
976
42703
2414
2788
5901
1446
1240
3859
2512
20513
2059
1947
810
4138
2053
2987
2069
9927
40710
8216
2215
3746
2419
3454
2070
2069
2250
2608
1414
2658
2293
907
1508
2249
9710
12516
15787
2523
60630
17328
103548
39790
3639
2773
1497
3603
1681
1739
2124
34127
14899
1748
2868
3235
2658
6241
46366
46884
2739
14739
693
9748
18618
38937
43547
2683
5975
2761
4101
5917
3423
5363
6121
2653
1344
12464
3317
7703
956
2070
1406
1623
3397
2482
14043
2507
156804
3206
817
2278
24506
677
2523
3322
694
23565
2258
68890
1875
3227
2437
18583
2621
1870
15265
116612
13805
1309
16374
15339
2853
2696
9471
1815
2047
2753
1841
784
10192
30724
13108
1785
4363
2386
2356
2693
2681
25795
822
1249
2067
3877
12289
2287
5160
18116
7998
2422
803
12122
1699
2412
2588
1910
2702
1950
12703
30565
4031
552
676
1870
1450
2826
2719
2400
45213
2865
1976
30315
11697
2596
4147
2573
3023
2264
70655
10625
3532
11289
16119
2244
12180
2700
6028
1460
3357
1273
1395
2059
87456
1112
2593
502
2700
2366
16848
2141
2127
10745
2734
35108
2997
12885
2431
3668
2368
2271
1893
11885
3054
1966
2799
7224
2950
2474
970
14458
1198
2472
49965
2661
741
18554
6513
2090
911
3024
936
2447
3113
4468
1636
1532
27448
1215
33923
12349
1777
3296
2719
1849
31559
4288
2228
89775
2187
13589
952
1672
46677
44563
1846
52196
1672
23906
2286
11861
3370
6813
1663
1164
2059
1578
4887
27325
12312
4987
6938
41039
1957
3120
1657
2881
2929
3773
3704
1252
2720
1519
1953
27157
10721
38388
1972
54456
1913
16385
7426
1518
2872
3871
2616
8521
1936
1504
3613
2426
1922
5096
3202
3286
2662
1593
1533
10023
7448
43126
2094
2154
7540
10612
2099
11388
24945
1320
1089
2954
1323
24206
26561
7758
32581
2904
3862
3129
2575
1777
3825
2736
36061
1856
1551
2637
1795
3388
3224
3224
8005
2568
2577
48029
1335
2097
2985
13063
2193
16853
3904
937
2828
1892
1408
3524
3353
2080
1852
45325
1671
1180
2247
13217
1424
1977
1194
968
1151
958
15464
1991
12893
1727
28767
1652
1278
3986
4682
14181
7394
47179
2004
2162
1037
3724
2749
709
53353
2530
2232
612
2255
39111
4287
3052
31793
2758
33138
74154
20806
2731
2697
3472
3047
1738
28420
6412
2992
43787
46512
2017
94083
836
2446
1727
4323
89773
2276
32287
2048
38857
6423
3027
865
1183
1444
1391
8287
2670
3467
2755
5826
15269
2352
12597
2129
2358
61924
2245
2752
4429
1857
2558
2210
2024
570
2454
1404
16576
3936
63960
2553
2634
1335
1857
20004
33331
1832
33511
2462
2285
1827
1783
4431
3368
5249
2704
51240
2688
8288
40903
24072
16999
3437
6585
2417
27200
2362
1998
11081
2753
1369
2103
1953
1779
1729
2029
2561
2011
2423
1875
67210
2105
2733
25693
2017
4505
765
13989
43069
1186
47613
2444
673
2124
2570
3259
1445
4896
3717
2976
1248
2828
20059
1690
2913
2970
2462
1629
1398
2624
2539
15195
1982
21229
46210
577
1273
7531
997
2194
2276
1516
3175
2104
622
48977
2913
1438
20696
900
2245
3771
1517
2022
2383
2461
2044
1803
972
3138
1337
3012
2296
15112
1062
38404
2273
1722
1489
3020
1513
46222
1405
2354
3531
880
10151
2714
66855
1011
17732
20556
23137
3635
1328
7355
2365
1292
51042
27882
1569
966
2406
3074
68497
3233
1719
14041
2606
958
1509
1876
1832
1456
33674
31372
13222
2342
1951
6807
46760
3851
1486
3315
2825
5030
1993
12619
1984
21301
26792
37784
1124
1418
2861
4834
1743
7384
1334
1596
2695
14736
2389
1327
60557
1954
1766
1472
2425
2292
996
2741
2172
4228
49408
3296
3070
2474
34838
2918
2244
5928
1395
7658
938
3053
1656
1281
2144
38814
1191
5415
46515
1909
2001
2782
6345
986
4398
11580
3116
1791
13732
2433
2768
32295
2826
8132
6245
1808
978
2208
2229
32816
849
4157
2932
1267
1827
2210
2605
3234
1623
1885
2615
2556
38777
1736
2360
2030
3428
1366
2507
8822
3162
1808
2196
1387
2188
1988
1328
2378
6943
1065
19764
3218
2054
2370
13623
37458
2800
2504
48247
1582
1223
3204
12137
1469
1877
2145
9475
16963
9860
1364
3338
63739
12245
25192
1377
9609
23235
2174
7349
1652
2484
1733
2829
773
1871
2739
1468
3420
1641
2639
2631
1948
1602
20917
3272
23207
21400
1096
3290
19374
3144
580
2031
2457
2120
1498
3388
8760
3343
3356
2898
1890
5705
4506
3850
18873
2047
7229
1248
12913
8589
1380
2312
10146
2534
1489
1540
1198
2245
2228
1156
1257
2310
12399
8037
2440
2494
2815
1480
1986
1998
24627
2720
2289
1973
1460
1595
1677
1181
1511
3729
2828
1897
3417
3350
2895
24916
1757
2429
12188
67084
2110
2507
2640
2271
3841
3049
2223
18363
2545
2919
2445
3271
28450
2816
952
10042
30636
37861
25681
1465
3965
3210
1993
3631
34749
1374
26204
1270
71325
997
2811
1707
992
20364
9903
2268
1744
39545
2592
3838
3188
3052
1100
30523
2946
2288
2185
478
11949
25868
11863
9391
24605
1603
45736
1951
2380
3613
917
2195
1529
50159
2001
26856
8066
920
73107
2684
2748
2201
2241
985
1762
2707
2202
1086
2055
1576
22679
1694
50762
2921
4324
29145
4194
17832
14900
2556
10915
52970
2945
32118
1755
2181
8109
1103
1366
4328
743
12657
1130
3500
26853
4095
2388
2889
70879
2190
3391
1296
20565
2137
1366
767
12993
35856
38710
2841
3231
32950
1429
2401
1007
672
42789
5658
1447
2169
2278
1660
3588
2618
69464
1273
2014
2827
3020
23778
10106
43832
2199
2322
2530
16834
4131
2086
1544
41343
1773
1017
2177
22251
832
2053
1969
2333
1131
3176
5665
46752
73425
3781
2245
2605
7705
2604
2561
3502
3288
14496
4334
7708
17083
21971
17476
3134
4318
1999
2602
879
1996
26235
1461
2705
28565
40578
3007
9775
1738
1921
6570
2214
1536
1431
1604
14777
17038
46305
3151
3620
6110
3008
7108
2927
1238
6493
3117
1104
1916
1884
4624
2612
2268
3611
12710
38463
2190
3185
20546
3268
44937
11887
7369
28794
1221
2818
2522
11477
3518
55105
39671
3167
1545
2465
11981
2247
1283
903
2321
26912
2203
20868
135086
1434
1035
2527
10019
2164
28812
2736
7094
3347
2791
10820
779
1018
2687
32432
2359
3078
17655
2724
11818
3716
3059
1676
21190
11102
46731
1406
2492
30357
3040
3466
40702
39413
11171
2863
2662
920
6065
3084
1537
16487
3147
28985
35710
51604
3223
842
12327
2599
3428
2382
33078
2346
1052
1885
1707
8098
1676
1539
1685
25313
858
2556
1736
46464
4088
3213
1724
2722
2035
2613
1795
1643
1467
431
3273
19849
1525
39644
1423
929
46770
2450
30198
30717
2770
2989
1549
1851
19633
17010
24620
2531
2206
2313
27070
3092
25141
2808
5153
41841
1640
56597
1319
2379
1545
1281
1801
2240
22351
2511
45044
26050
3543
1678
3612
28312
20653
1819
12097
22305
2800
2972
1167
1082
2353
3814
1740
2302
2419
2253
2065
2170
1028
48285
1611
27996
9665
62228
2155
23501
1618
2253
1286
1413
23115
16512
11000
28957
1721
1940
47239
3262
42500
2404
2022
2151
2253
798
1039
1937
3377
2395
3063
1650
2810
1161
12688
2374
1182
3036
2601
2311
3158
1350
37408
3135
83899
1866
718
1586
3572
1704
1526
2493
1968
15376
2739
30457
9015
2608
3460
1378
2644
24865
2991
2212
1858
2282
2798
3050
3502
2471
1103
3672
2463
5301
6280
2092
3127
4283
2961
1737
1337
1352
3343
2493
550
2412
2147
770
6355
2006
1886
43015
1596
11852
22191
2386
1775
7446
112552
2221
2020
13688
2788
2680
3323
2792
1391
2044
2552
1767
3534
1626
2942
2299
3562
23595
37521
15394
1776
1572
51284
2185
662
11882
8116
2698
14086
1529
6819
2553
34473
15428
7756
4411
1793
2919
6909
2758
1883
1204
3077
2347
1034
2235
2287
516
1747
9346
2528
2033
1836
1890
2303
3424
3508
1554
1125
23522
2071
33139
9376
2517
2582
3383
12142
2498
26224
2878
2400
1847
3215
1380
1787
1219
23570
19276
2739
2058
10021
1051
3000
2077
2566
2272
16184
16066
1119
948
2663
2156
2794
57334
13253
91310
8917
6595
2355
1568
2301
1597
533
2312
25227
1429
17148
1057
2885
1522
969
3343
2863
2874
10118
2195
1471
2123
3438
2088
4431
41206
8767
1137
850
2423
8272
44747
1834
1324
2302
1636
2610
35025
1927
3379
14434
17467
25137
4672
2322
3000
1754
987
1448
21067
2755
1546
2714
11715
1548
36642
1498
2587
3051
3661
2124
3423
2340
915
824
1777
2544
17983
7466
2270
1760
3055
3406
2178
2038
9260
1033
21571
1613
2793
2561
12042
2206
11821
1379
3829
1482
1715
1368
774
2618
13635
7337
3162
1583
2600
51109
565
2344
10131
5648
1990
11288
3097
7811
2038
3494
2053
3252
1774
1239
1745
869
26489
2760
3991
1042
31644
2919
2180
1092
1812
2558
2110
886
1593
1995
94993
1111
2757
1480
2537
2715
5263
54321
62884
35904
2363
829
14708
2475
3112
3686
2813
1147
53361
2807
35123
1277
2603
1049
2545
851
1506
2108
1021
2403
2377
2368
3421
2311
7834
1198
1301
1420
12214
3024
2896
11110
4895
1080
1015
8189
1339
1587
43587
47519
2618
1489
1049
3209
2093
1012
1825
3607
1056
2394
3151
1519
3415
11999
8868
1589
48745
1754
4084
3273
24633
2084
2459
992
57475
1800
6027
2464
34859
19485
1705
9850
942
1679
2390
3175
3049
1633
2804
1359
84208
2022
3339
20214
1043
2704
1741
2299
1717
3280
1044
1239
7031
2762
1014
5141
16101
6996
47491
21763
2649
25802
469
4550
34267
2423
26832
1283
4827
2637
1612
10187
5919
27684
2601
2675
1268
21033
1493
6265
7345
3385
1660
3107
824
3171
2242
13931
3058
35370
2139
1664
3434
16801
5987
2352
1080
31196
446
1771
2416
2380
2292
2190
21748
2278
11445
24983
1081
32299
757
1951
68753
58474
979
37009
2281
2710
1264
2032
35783
39382
1387
2674
69761
3161
2314
3552
1300
1931
3716
1033
2824
18690
1669
1467
2667
61247
9184
19437
15084
1554
10654
3029
11294
2552
2118
3077
2627
51944
1954
3167
1661
59121
634
6052
1921
641
2402
1965
1864
2313
3805
1926
2802
1007
1987
21545
1095
2665
2308
3351
1215
1890
31768
56947
1381
1309
24548
53242
2184
1173
2441
65515
6088
22540
2866
7894
4387
55107
1538
861
2651
3403
7670
8595
1704
12231
10087
2286
1358
2374
7067
1432
22206
13637
2527
35055
2580
1679
2076
27860
1650
2215
2259
28530
1889
6869
2657
2926
2819
854
27314
2172
1767
3412
2323
2628
45077
3801
14778
81066
1759
1269
1007
36408
16640
2181
1286
1184
525
1592
1692
7088
384
6440
2061
2151
1119
8724
2499
1182
13989
1220
3362
2561
3193
4617
7308
16868
1509
2248
591
2624
11164
16995
9102
3891
1861
2200
2925
38082
22173
1681
2727
1382
40790
8420
7038
2448
13207
741
13395
1320
8377
3240
23263
39380
1514
4959
2720
6804
1292
2390
26674
2616
1088
2830
2663
2219
1885
1518
9963
1390
3456
59907
14470
2067
1108
3374
1529
866
2430
1011
2297
1978
2847
2536
2042
12934
3100
1624
31874
2881
6474
15434
20209
1805
6414
2618
11065
3117
6887
22195
2153
2289
1459
3337
10580
3274
4568
1027
3176
2562
2993
1946
2356
1276
35011
11943
14847
2380
1472
3858
2663
15450
2855
36614
2303
957
3423
1909
1916
4394
3022
1622
1580
2771
2821
1842
1845
2097
3288
42047
897
5336
1375
23401
4222
1870
1674
3779
2473
12506
1392
2006
1906
1860
1955
1952
34858
9185
6865
24856
10884
2978
84486
3572
2108
45329
1785
3626
28785
2581
25385
3519
1782
1556
3305
3200
1290
3260
3037
2720
1295
1939
1180
2588
3589
3136
42159
1814
47456
2805
21750
10636
2247
20027
1958
1920
22562
3256
15857
47708
2842
56686
19479
953
2214
2329
50862
5435
19056
1931
2994
3150
24353
2387
42925
2540
17576
26460
3959
4724
1357
32730
19782
2197
3119
34207
3102
2697
11662
83201
2980
42906
6115
3453
2992
3507
1666
3574
6257
1271
10402
2531
21165
2196
24776
1643
1918
12492
2641
1423
3702
2613
2848
15038
14288
2328
8071
1520
674
2821
2089
1809
2512
1124
13837
2376
2578
2154
49175
11000
1651
2988
27654
1858
3077
2905
2941
12821
26801
3605
1265
2932
21501
2271
3175
2239
698
2561
3075
61523
7645
1830
1637
2200
1557
4221
50761
22859
2806
2300
26046
3115
1488
31354
49439
3577
41824
2801
9140
3030
1492
1985
1778
3296
2150
26550
1342
1905
865
1888
2150
1687
26239
17670
2496
1436
3109
4127
15924
7117
2149
1894
2429
1835
3120
1896
2087
2956
1929
2728
2418
1932
19026
2174
1235
3335
2752
7282
3118
1400
3336
3001
9005
2220
1280
2240
1495
4098
1909
9831
4358
2557
3167
2357
3131
2286
2237
1748
3041
4140
2231
24532
2898
20900
3911
2390
14721
6012
21092
845
16510
2496
54697
2202
5961
2990
25722
1185
5775
13707
1564
3990
2205
2386
44511
13110
2327
2480
4015
2257
12148
1288
2467
1898
21165
2059
9793
19368
2088
36864
2994
4019
2188
8518
3638
2613
1499
2605
1818
2697
1795
1829
13528
65110
2869
2999
34732
83238
2455
58584
1257
2928
49718
1035
2395
3602
1832
2533
2840
2314
7638
2902
12653
2539
1439
3046
2556
2451
699
1260
19429
11327
1157
2141
14189
22432
1191
40792
2810
4043
1934
27577
1682
2145
34648
2499
3357
2366
2677
2351
2021
1381
27611
2436
1719
1809
1512
2821
2166
3352
2433
1867
2092
3505
2045
2091
96999
3472
1576
3102
24202
702
1316
1044
16283
2826
1423
1923
2851
2330
49463
2400
1898
1888
5964
3117
1776
2502
28704
2016
2480
1295
3443
40553
35337
1635
19898
1953
7908
2051
3054
1612
3932
3082
1414
3234
11991
2407
795
982
2496
10265
1193
28785
5856
1214
2133
51988
2081
1956
16249
2124
25155
2542
1585
5818
2538
1909
4364
1549
8166
2057
3358
2007
3709
2042
2402
1617
2203
695
23474
1977
2699
21841
16200
2239
6268
25358
769
409
2585
55326
8076
21944
1883
1898
1140
20582
2332
1957
1528
3440
10518
3096
1212
1975
1993
3172
1660
3518
16728
2392
3175
16344
575
3270
5785
2303
31341
11566
3323
19193
2390
3676
2499
85436
7585
2689
1329
1768
28884
1636
5351
1066
2743
1760
1032
1983
15731
3349
1785
2940
2126
2690
1352
2528
1086
69620
10826
14938
1970
2809
1694
849
9483
1200
18630
21586
3581
3160
3346
2320
2752
1218
2014
39954
739
790
4276
3420
1757
755
3510
1364
2156
2521
894
2414
11583
3079
1190
4241
8750
21130
1913
2468
2163
19915
2616
3032
1054
3315
62974
2390
2696
1356
4066
2330
2632
9415
2217
8717
1943
3222
1744
20543
592
8749
2277
9401
10159
947
2910
1793
2388
27682
5930
96850
2147
1249
4273
2949
1933
3201
21219
1087
3092
1608
1015
1743
3159
2968
60381
1849
3084
2786
1967
2152
1669
1697
2921
3405
2370
143449
12610
32663
817
18356
62005
25415
4372
1459
2545
3144
26009
11708
45118
1814
2329
11834
2051
30983
27852
2231
44160
728
1838
33723
2542
3156
42825
2450
5301
3071
2084
2074
17886
923
2777
22125
1978
2734
1136
574
995
2255
5125
2869
19796
1585
1116
2831
2045
20008
10020
2061
2679
1565
2464
62383
3341
8501
1910
3709
57213
5780
2024
4203
2267
2354
2611
16039
30056
1824
2787
2643
82487
7909
45234
1700
2492
1066
1027
7769
1189
16271
1856
1944
2241
19888
40832
18247
3454
2006
38705
2617
1599
11495
7039
39299
38200
1355
1934
3093
2851
7043
1546
989
2321
32973
11181
63042
1874
16465
2278
2585
3465
10255
2521
2060
38586
1618
2730
2167
2982
2138
1307
81444
21067
1241
2511
62151
43338
1826
3423
1175
2664
35910
1879
647
1527
2220
3735
10998
910
2395
2359
2667
1284
27053
78602
36932
10163
10728
2923
1891
1712
1350
3108
3963
1968
749
2694
1850
72987
1029
1275
19298
2523
2052
7649
14788
3847
2798
3616
2072
6881
2803
4173
4376
2198
1702
43939
1848
2486
1405
2939
2761
8076
3276
954
2431
1472
2467
55531
1121
2446
1709
2262
8616
14559
21167
1410
2163
7865
2355
2839
27265
42366
8361
2456
2896
563
2041
21252
177727
10368
9283
2297
1568
12022
13582
12952
3015
3039
1830
2730
3037
1529
3129
1977
2355
2329
1878
26126
2818
1637
46516
95731
21395
1401
1839
2304
2595
2768
3137
2116
2446
13439
1222
869
3215
2274
2806
24038
2687
19045
1197
60232
2727
1570
46102
8337
3466
2532
11551
20317
1051
692
2696
752
23613
2178
2082
2193
19786
2401
3362
1338
2746
2560
1661
2132
2277
3392
4783
3416
2650
1985
105381
1704
34855
2417
596
58571
1613
27378
1561
26643
1241
45350
2227
6672
1711
3622
998
2056
628
2751
28236
13783
1561
1347
3143
53500
1455
1686
2212
34940
1892
3284
14767
2144
21746
1159
3362
734
3146
2980
1468
25411
14232
1436
1145
24253
2118
5005
2458
2704
2201
3413
1674
1411
2844
2036
3791
1725
3450
53692
1687
1631
2054
3772
2156
3137
2143
4417
3157
1803
2263
2746
2451
2440
22038
63554
14164
2137
27516
61778
1618
14908
2180
1710
2076
30103
16432
2615
13711
3265
17022
985
16271
1061
2224
2552
12154
2855
1228
3395
58893
1764
2840
84944
16047
1752
34243
2101
1970
1443
35250
34023
1206
63016
2853
2241
2928
1843
66779
1158
755
29090
2589
5472
29481
1981
5076
3114
1882
2144
29993
2392
61680
3403
5984
11521
1821
1413
42667
2210
2865
3453
939
3633
3733
2468
1980
17940
2975
57605
18873
4252
2077
15125
12209
2497
14340
7072
4195
9778
2838
14613
1386
2185
2105
2067
4759
923
45642
1522
17364
2380
1746
3206
16485
7031
1778
27114
77388
2557
1744
2749
114471
2149
3708
3453
1876
2060
1572
4467
9049
1631
47001
2935
1700
1013
1235
2552
2489
907
2872
1103
2562
17427
631
1397
10901
1506
2388
3780
1989
1661
2214
2206
21626
2756
35541
1782
1726
3206
986
2086
1556
13314
2141
9840
1298
1518
2974
1059
2113
28583
22983
18664
1999
2198
12551
1961
1856
1207
24484
1386
2380
1977
2680
10267
3009
2382
463
1635
1945
20834
2734
2699
2441
2568
39222
1339
3692
2017
736
2008
1501
1624
2703
2469
2131
3558
28670
2218
3018
20613
1772
1720
13143
5203
1036
12471
1644
2498
25650
1741
1919
2034
3962
2885
826
2155
3074
3078
19791
12798
3171
2608
2636
23733
972
3703
16710
3591
2703
2145
1613
18511
1471
1642
1318
22651
2211
17380
1952
2330
959
3587
1667
2924
1722
936
1532
27541
2247
44820
1313
14010
2551
2684
2865
9458
2416
2259
10363
19896
2953
2612
4420
2298
2709
2602
32804
2340
1560
980
907
2657
3635
2795
2723
1606
11760
6809
1522
1104
3447
2180
51215
2528
2859
11345
2939
2484
11408
41666
38057
22268
2211
14307
56791
11751
865
18791
1675
17718
40005
2290
831
3163
3451
1754
46828
2122
15380
2062
10074
1616
1312
751
867
20503
2887
35540
2229
2009
1602
7332
33605
1859
43787
517
2645
42711
10603
811
2714
1973
1923
3940
9755
35561
9909
1127
2147
2573
11864
3752
10871
17305
2338
4237
26392
1100
6062
2297
2366
1971
865
4372
2813
2867
2127
1464
2449
3044
3450
3094
1660
6056
2818
1638
38819
27430
1528
3177
1734
2214
12762
1371
2334
2443
20490
8297
1663
2162
19284
1631
60579
16833
2829
1667
3143
12597
16463
2079
3460
2617
3240
2723
2709
14008
2279
12454
1811
18528
1951
1665
2472
1665
2177
1789
1292
3188
1443
51862
1170
16682
3189
2438
2078
535
2124
3002
38899
40276
1973
2590
1392
4320
1482
3945
1877
1068
10202
4273
1527
21094
4032
1760
19918
15243
2321
2386
2952
9472
24970
3998
42779
1660
1326
2883
1700
2675
1757
3238
2593
1391
25616
2342
14376
1764
1617
2286
1158
3707
28055
2519
3311
28702
3506
17670
1919
3409
2507
2342
2701
1547
3453
2496
1635
16207
19736
2111
1877
2715
14189
1266
2582
1138
1376
7513
1254
4734
654
1080
2833
1806
3630
7155
8139
3432
1909
12666
2363
1416
2741
2424
47573
1496
7843
2727
1779
2487
4237
1120
44597
1613
10180
2016
7083
48336
1328
10294
864
1694
16689
874
25842
3490
24388
16017
1395
8792
16406
2421
71685
936
2678
3504
1557
3152
1017
1840
1431
29643
2718
1953
42364
13413
2703
3107
2419
1790
2477
23726
1480
2646
28117
15209
1196
3435
26302
1431
2357
2997
5916
1094
11934
2712
982
19077
4255
725
41054
1007
2743
3185
13768
4664
933
1728
2884
2824
3200
1879
14507
3884
18683
1183
2160
1151
5803
13995
19978
16026
2260
3459
2212
807
5412
1947
10109
9927
26611
1771
3440
1950
8966
2275
1621
1910
5232
2177
2764
2923
1448
1996
3924
1826
1374
23544
4504
3510
2752
1929
3319
2550
11678
6244
3525
3180
2816
46266
18561
2609
11251
1948
2673
2288
2915
1343
1754
3460
2650
3079
1054
2531
2655
2114
19409
63490
5894
3150
3832
2923
3319
564
3307
2642
2558
6704
2274
3411
3105
30839
1419
53829
11667
13554
2554
1727
2038
1215
1452
2418
80867
2042
2223
17617
2059
34276
2943
4995
41043
2133
3549
30096
2090
64481
2007
2451
25217
983
4689
5941
3521
8999
2267
1523
2238
1911
10350
8244
23942
11844
2197
2023
1319
1896
2538
5967
2037
5774
34737
1717
2850
2736
44569
14449
1605
2463
1434
2914
41680
62104
2188
2168
2647
16913
40825
1663
17184
1521
118448
2274
823
2274
58220
2057
1496
3132
2169
1850
99643
2277
2129
2504
2088
2802
3240
30072
5262
23720
2406
1110
742
2627
8280
1003
3237
5693
42358
7592
2452
65152
9940
2971
1887
40598
31731
3552
25176
1375
23312
2091
3293
2653
3323
3179
2257
2641
5241
3931
20604
4367
8128
2521
1662
13369
2653
2960
43910
1524
22378
4818
12385
24629
13873
17047
74673
2360
26903
8699
22806
29493
20570
908
20276
2621
2814
2445
1006
2434
3331
3038
28106
1494
1045
2839
2008
1198
4192
4620
6108
84629
9405
58572
25611
25598
12626
3600
1763
2497
3062
14477
11753
1668
1898
2273
3008
2960
1431
1574
16034
2326
1221
1065
1563
3404
2830
4231
1990
80722
4548
1088
2047
22590
2433
1532
1720
1786
3136
2831
4318
2468
2527
2135
37371
11559
1805
1697
1645
39395
1490
19721
1437
2284
11389
10680
32070
2697
63453
25988
3355
45246
1553
2251
3369
2040
1547
1841
2802
30621
2566
706
40762
13413
16248
1354
3131
6903
12102
2839
1396
70148
18207
1760
2459
1077
9825
25954
15347
668
660
2776
2982
905
2541
2429
1958
1252
67197
10867
1809
46572
16012
8248
14207
3596
14556
2000
2722
27442
2663
1897
1585
3497
4253
20412
1747
2020
2824
74259
1601
2989
2696
5273
2219
47755
8714
1856
3054
1387
1552
3231
2105
3233
15343
1865
1546
63704
1206
1668
6172
19658
2264
669
2374
1315
5045
2182
1378
3691
2916
1018
3032
18376
2905
2435
66667
21204
3130
16030
26812
4046
5664
3165
16817
3009
2241
1579
48557
1043
841
1707
1471
2202
13211
4237
3298
2804
1263
4114
1273
13615
1725
1722
9239
3626
23430
4148
12165
2297
2280
3796
1292
1551
2902
2967
14754
4226
19994
2229
1191
3189
45051
1846
2306
62074
2695
2111
1919
8207
2138
67799
1891
115440
2428
47180
1349
3255
2394
2065
2659
2032
2775
4517
5733
29358
3479
2103
27336
23896
14787
2026
2922
1747
1667
2441
2999
3124
3457
1640
1596
42634
96726
33188
3547
921
2125
25065
1372
4964
2443
27752
1124
53339
1048
1532
1642
469
1897
2883
3903
1929
45002
3015
2165
2506
2083
1574
14589
12363
14393
2290
2349
34109
24431
17459
4528
2264
831
1183
15311
1354
47377
38909
1430
1387
2285
1752
9083
4679
3925
11327
2413
1701
1261
3414
2785
24871
24574
1822
17862
2459
1983
7406
2494
12141
2454
2160
20660
975
853
53399
3174
38155
3940
25887
28807
11646
2320
2581
2096
2265
2389
1140
7549
8229
10013
9950
725
35104
610
10513
3954
2957
23461
3477
1723
1730
12601
1850
3174
2790
987
1137
2071
2977
2199
1287
41473
2346
28585
577
1519
2447
2639
23735
1060
2361
2705
2326
2185
14782
2183
14630
1481
3030
2668
2370
2168
25148
2728
2767
1943
1331
3390
2060
2247
5812
2440
2362
34246
2878
4803
928
91841
2376
1708
1654
7487
2406
9848
3015
40815
13797
1200
1288
5072
6308
4221
2205
17870
2330
2276
3832
1241
22215
22066
1777
26908
3445
2946
8743
97302
1553
1853
19224
2847
2458
3022
2560
8676
2145
22045
1157
43816
1003
678
7007
2165
1413
27645
8616
3017
1035
3307
1543
1900
16387
2157
1499
2895
30452
1490
3987
10177
2747
1150
2652
17279
2456
2350
910
3102
2992
2620
2811
1802
22404
1964
1366
1815
2760
1809
3826
2169
2374
4024
1108
498
23532
74168
2845
1970
3276
2920
687
3114
2962
3093
3238
2920
2266
10940
1760
753
19321
1485
2378
2938
3793
3256
24253
722
15365
17557
1814
3333
3432
1005
2580
1920
3152
2065
21296
1480
2171
1936
5830
28807
1803
2598
14639
23984
3624
3063
29922
2427
1725
2525
2741
2126
1826
9023
1338
10066
8553
3025
981
78031
37965
8736
948
20354
988
905
2527
2585
1125
2589
1867
3005
1869
26476
2950
3674
1572
1955
106195
68911
1672
2437
3361
2347
26857
1269
30354
2568
2672
1733
3880
1782
1999
21663
1620
3001
95290
2039
2252
39859
15119
2924
44210
3669
1644
63381
1055
110310
1242
1835
901
29949
779
1079
1044
1987
6058
2045
8405
39946
2428
1211
2111
62057
1328
1221
2327
119088
29148
2946
16047
1862
705
3882
2697
2696
1584
108546
2995
11309
755
10396
4175
2233
2854
2514
1729
2049
7227
1565
1481
2095
22108
1657
1696
1876
2447
1484
1418
26939
2750
2594
1323
2422
2436
978
2088
2740
4382
2054
16903
22854
2203
1956
9431
2472
2393
1394
1854
23463
3577
2836
1748
710
1972
1434
1755
3786
984
2025
74454
67271
1051
2263
2522
1472
94372
6470
2113
1130
1597
2252
9762
7652
2718
2161
3844
2037
1943
13427
3202
44127
5944
2615
2400
2209
2470
8990
2248
2627
20475
15206
1961
2436
14405
2414
19015
9503
1364
3220
1732
21617
3294
2084
3502
2966
18525
1917
3478
2701
22447
66075
2617
2063
19182
817
26876
40497
2847
2610
2456
2805
34704
2008
26366
1690
18872
1221
2373
104261
33052
960
3464
67626
10858
2212
2173
2333
27663
3835
1189
13612
3996
65008
2153
17994
2530
9375
3086
1606
13288
2352
913
2335
2354
1703
10818
2402
9938
2131
12067
2949
2310
2461
3520
61374
26691
35741
2933
10401
7411
2987
1515
2385
1466
23541
10777
2339
1299
15614
3058
1076
18769
1243
12732
4164
1247
2549
46157
2278
1769
33732
1484
1947
946
1866
1519
1915
2285
12635
8672
4064
39780
2624
2400
1877
2295
2428
1404
2878
2731
1336
2168
15650
2152
1384
970
3532
1412
917
21500
3892
1651
8316
7972
1345
2446
8167
2189
2729
929
866
6947
10416
724
1270
13127
2274
1540
42240
43254
4506
4097
1560
1807
481
2652
9890
2144
2413
1707
3130
3500
2111
3146
805
9507
1224
4623
2679
18714
10247
20147
2887
1777
2740
34392
3754
1815
909
2664
3869
6499
2058
2298
5081
110695
2571
4131
3481
1822
1525
1590
2089
11226
3239
2419
1011
45835
1775
1377
18889
2742
31376
1182
1678
2316
21866
16277
3875
2802
7543
1154
2823
2806
1450
3008
2223
12931
2306
42010
2282
2142
1282
31031
1602
4357
12737
23454
78694
1917
48607
2277
1973
1399
1061
4070
2965
1133
1906
1853
2673
2777
2315
2647
2484
2301
2825
2626
1573
1371
2158
1609
5146
594
2874
2491
3700
1130
2601
10626
997
10071
1764
2953
1699
10079
2814
28842
26210
12369
3112
2903
1992
2206
2055
37466
4256
27526
1757
858
13218
2452
34468
1921
15441
1907
2671
1608
3574
682
11371
96320
11810
3572
2675
1088
8603
1220
3917
2333
17620
693
2349
30078
16702
2001
1226
2218
75470
2364
2229
3266
1901
15066
2727
2608
48501
68170
3844
3922
918
13003
2579
2504
20531
26333
7223
23283
19736
3362
1736
3043
2352
1947
2725
2053
1281
1637
1950
1797
2455
1938
3427
1476
4116
8982
2641
18543
38977
40801
700
11285
21574
32912
644
51702
3888
987
2515
2724
4294
2354
10638
1480
2440
19521
1236
2331
3696
12886
19897
2308
33959
2638
2654
1261
805
1935
17822
2283
26509
2077
2049
7911
18093
3141
10600
1755
2822
55772
3474
1157
31309
3283
854
3047
1148
1186
3588
3474
2095
42816
2561
2363
1872
7964
2522
2196
1881
2382
1699
2787
2021
1700
38022
2021
2746
22717
2119
3113
3621
668
26356
22567
2957
34208
13449
2606
6460
6148
2555
1126
12503
17708
2353
22081
2319
1023
1878
2859
2118
8522
1328
1836
21744
2449
3563
3001
4215
3581
36953
18906
38259
1917
4472
37664
2526
4093
33395
2119
3633
3290
12717
2929
3675
38811
1422
24151
1758
10279
5394
3660
777
20035
3114
50858
897
3736
1894
2771
1295
3173
38958
3090
3566
2665
2970
523
28570
2854
3729
27670
911
5195
1303
1059
3020
18805
2207
2568
13188
31549
1607
19914
1050
3169
3387
2175
1252
46651
1428
2900
50770
10397
34104
14877
2541
1696
2961
2730
25009
2543
2823
14222
19914
50514
1947
612
2462
2207
10409
2495
6995
4771
2277
2636
2063
8645
1751
2517
3274
1069
900
2232
8976
2696
2126
2795
1702
1514
1855
2695
2311
2317
2862
10039
2831
1530
19101
2132
20906
8091
2178
2427
8167
1581
2428
2260
2599
45230
59987
3694
40821
944
1213
21500
1923
2148
1018
2307
1782
3012
10141
11028
2447
970
3569
3679
20128
1764
1026
2433
2102
1347
11133
8754
2128
31659
61948
1223
34504
2724
2742
68667
2438
12625
3708
9577
2838
2283
2495
46171
3141
17108
1724
1972
2557
2627
6484
44710
2634
1793
1499
2598
2228
2841
8252
777
3351
7629
2138
25189
591
3640
18542
85646
779
1358
3318
1130
2379
2606
41366
15942
22084
2286
3441
2293
2156
66097
2538
39280
1767
7619
24410
2488
684
1841
2017
38300
36124
1637
1801
1560
2356
2606
3956
1823
12052
32457
1463
6596
2137
17181
2394
3191
16670
1800
3362
2628
1976
959
8320
2154
2671
2903
1378
1145
904
2707
2254
10984
1407
2591
14717
891
13032
3694
7521
2453
2513
40859
1435
1438
17973
3880
2522
2482
2168
11081
648
4917
6561
1631
2523
2452
5024
17901
2009
14673
3320
2107
2793
1857
1865
973
4843
1094
1465
1747
12688
1565
12646
2177
2383
4186
13359
9359
2872
49372
10129
2591
2029
1501
2182
14329
1305
2649
1747
1063
47700
3690
2980
1557
1651
924
2212
1222
2147
2508
22523
2711
7068
1789
22610
606
1687
10988
2214
24737
2178
2901
33435
55840
703
1830
29128
3801
1542
1366
2174
1573
9776
3537
2536
1535
6946
3147
13286
1048
1903
1927
2067
2231
3460
2801
2330
1994
17288
7078
2712
2571
556
1954
2796
12427
2567
2828
29122
32845
3402
1640
1676
1895
13314
3787
9546
22043
931
23315
1950
6823
3596
32248
2130
13449
2667
11740
10508
1990
9815
3068
3031
1841
19998
2540
882
2843
2845
52334
3159
3316
2513
2124
2297
11765
1737
3579
22865
10213
2025
3146
2312
3831
1182
29339
2644
2047
2658
2965
4181
2642
25957
11590
2108
8896
1499
1838
2377
1045
3145
2380
1675
6648
33493
2596
34634
2948
4130
9611
28527
1228
15298
2072
5056
48797
1536
4304
2457
2296
26331
10010
1215
1494
1748
34652
2254
18777
2427
1552
1648
16688
2261
55250
16862
1773
18561
2803
2031
8955
1103
16550
2573
1376
67549
1947
1353
1996
13987
1710
82212
30406
1250
2972
1022
2659
3139
10370
1623
2957
2938
2620
2128
1147
2467
2770
14977
1799
1051
37164
1715
5184
15198
44227
1203
2307
1923
888
2948
11042
4903
1572
2380
1202
1235
2385
3483
17829
1664
1840
1950
1639
1812
2034
2839
55801
2032
2682
44140
2611
1884
3009
2092
1748
2416
2543
861
2659
2218
2245
3691
2145
3239
2784
3829
2963
1749
2724
3597
22879
2158
2756
1522
42071
2857
1456
2016
3068
961
1948
2779
2337
1695
3599
2446
1205
2379
1749
11090
1191
7215
1558
4168
2240
2740
1884
37882
1595
2565
2143
10683
2861
2431
1158
23226
11728
16638
35879
34423
16658
5459
1961
5416
3551
14674
22131
947
3485
2410
1341
1526
1562
1171
17361
12177
68443
2218
3652
2778
1309
8477
2292
2128
1741
29683
2733
2505
4092
12613
2964
1022
1242
1168
136719
2748
12486
7008
14614
1426
2936
2940
15083
39053
2876
23221
4336
1725
2330
9226
7428
3056
4163
2752
2958
2780
1443
1865
1055
1901
5588
35992
1119
40712
12513
2565
27026
22566
1576
1292
2226
2394
8165
2778
2837
1172
1200
2439
3562
23013
46177
1388
1439
1509
10803
1373
2595
2440
11110
4058
2718
2619
2370
29732
2436
55691
15755
1461
626
2512
27956
20296
1508
950
1244
3255
1246
1911
26859
2039
2100
2419
2796
3100
2091
1685
2648
18684
2809
2651
2441
104021
13571
12019
3183
12715
5367
789
2015
2013
2418
1714
2805
37949
34068
4145
1352
27824
3767
3242
3562
1465
1335
3074
35439
2107
7587
1803
1625
2123
10595
7467
2190
2303
2085
2511
2453
20014
3706
28585
39570
3391
3013
32176
2130
1039
19991
958
12037
2840
2776
3125
30833
543
2435
2041
71859
1369
3002
1690
29975
1508
2154
45823
2894
3202
6252
25671
2259
716
3200
767
2365
1920
1740
1236
37361
1628
2326
2706
2826
2076
1428
2227
2712
3709
3158
34460
2433
2269
3070
1945
2079
2549
633
2777
33573
2963
11272
3131
1920
846
6949
2991
3291
2832
12133
6898
19506
11024
1589
1854
624
6511
1908
8436
10200
14311
15809
100953
1404
23880
1972
1391
1073
1129
1110
3696
1823
3694
48145
1471
56729
14643
3886
2724
2025
2318
2872
3129
2546
1628
9887
1356
9996
1807
1096
1756
10408
1508
2044
2619
8340
2210
2137
13828
11880
13315
4316
29644
1625
1893
2271
6045
2817
1866
13699
2674
3174
1841
4270
1690
1797
11392
1782
2169
3314
1296
1649
1586
2666
4261
24184
7951
2364
1910
2676
3975
2643
20591
1575
15229
1944
2399
2231
2252
2518
2994
1625
2076
7892
708
2299
2305
2742
9093
34395
2925
29330
2115
1675
1260
926
24809
3235
1755
7850
2717
15052
81491
1467
33031
1967
9709
24899
792
1527
1149
2357
1365
17928
1598
91657
62339
1145
1376
8058
2381
59071
1814
26190
1694
1583
2905
4152
8230
2365
3468
791
931
1773
3426
1990
24018
2294
2242
1871
96911
2381
7948
1783
2168
24250
66398
3450
1757
2299
2800
3317
2034
14771
1494
21317
3506
2999
2862
3707
2432
46250
3062
3322
2284
894
1154
2339
3560
3494
838
11117
1153
18441
10326
4633
10768
49193
4013
2246
2543
34322
22633
25517
2735
3632
3153
3866
3327
4054
2965
2880
3330
2626
3684
7169
3629
3279
2772
1147
19426
2349
7303
3015
3864
25245
35066
43815
2498
30053
1009
14466
2944
2157
1356
2609
2710
20283
1393
1859
2120
1882
1100
3036
6679
4197
2117
157047
2939
7011
3301
2259
796
2359
2120
1458
830
5823
2005
3323
1726
2079
3195
2078
2453
3762
29261
4055
2666
1014
20566
44183
6001
7419
1777
1348
3007
2112
2906
2407
4458
3769
2314
1859
2654
2576
4025
28953
2160
3199
1339
2303
1642
2949
49430
1520
16311
1300
2017
1605
3241
1943
25817
2050
1440
3273
1137
3252
3014
22184
2928
33147
1919
1457
2268
36493
1550
14862
18789
2497
31861
1891
6598
46825
2326
2756
2022
36984
1925
1527
2274
3087
14196
1370
13599
1672
50063
1808
1391
3005
39652
1800
17599
1344
2426
2550
37305
28504
4784
1806
2929
38168
1711
2564
10906
2426
24650
28777
14910
2635
2038
1908
1696
2690
33988
2348
2762
3496
2741
1555
1787
14957
2559
2678
5553
1590
25394
2291
1725
3091
2069
9093
23803
1834
2496
1261
2999
1595
2309
2945
2340
4332
20714
3006
2279
1092
23608
19396
43148
1600
3067
2575
2798
8235
3031
1303
2463
2852
16522
1377
14930
6249
8548
23177
1398
2038
2461
5875
4654
49593
30476
1496
2637
45776
1257
2440
2388
22887
14107
3161
16929
1569
2319
11447
3423
2457
23531
1667
3170
1791
39730
5843
1999
2158
3098
1233
1793
1377
1951
737
41207
38854
59031
812
1889
2758
1794
22523
2706
2642
1498
1515
2812
16344
3562
1653
6055
3318
1546
6446
2534
29158
2659
1870
1489
3340
15602
922
1633
1343
7909
4243
2785
1272
1797
2454
2295
54662
1440
1911
918
3326
14106
44905
1617
2141
2475
1059
2905
1205
1919
2358
24806
1844
1821
16072
2579
1449
2924
1509
2785
5747
2014
4203
1042
3921
1460
2066
19060
1396
1710
11716
1216
18798
3309
2967
1608
58081
12604
14161
1325
18807
3035
3592
2587
2939
2633
16637
68078
2037
1524
2382
14848
2787
3155
3079
3515
3984
5646
1060
26427
2492
3339
1354
1336
3539
1566
3429
57441
2525
42896
11585
2244
1911
1177
2092
2117
2338
5800
2481
41119
1659
2776
2134
1954
2991
3548
3077
46530
9582
756
3040
8142
2585
2802
1630
3146
6494
2719
13442
41109
3403
13125
1014
1835
1813
2930
2530
2514
10157
3974
4049
3444
2076
3025
2539
52003
2293
2448
2020
2640
2434
2688
1737
14993
30592
20538
42361
2300
1316
22106
3738
6949
2731
876
2476
1363
1822
22833
2858
2213
25482
2528
1581
2168
3297
1706
1007
13627
1067
5229
1377
37501
1782
28831
23941
2149
1767
1479
2730
829
2511
3532
2189
1638
1692
3304
2674
3151
1723
1341
3591
3088
1300
42746
1000
1017
967
38117
2823
2814
1844
1187
4019
3614
14081
3491
10216
2817
3470
3162
1201
2563
21383
34205
3176
3004
21573
45926
2622
2561
1398
8684
22882
2304
82506
1810
14793
3408
10462
1585
1799
21232
2056
1304
7788
1912
2492
2030
1012
2570
3117
3120
9777
1231
1258
1662
24701
16843
2613
22396
2269
1303
3224
2630
7676
44314
1836
48674
1837
2013
28508
3016
4058
3574
785
471
56681
2744
2494
2219
44584
1265
2917
1706
2633
1059
1122
25740
35157
3536
3172
1738
1924
1633
1824
2308
2813
2044
2678
3387
2048
1388
2520
52588
1331
1895
1836
25385
30266
1684
1137
1403
4291
12350
15288
2523
1975
1573
12854
13948
3000
2393
2504
1566
785
1544
3131
2570
20903
41087
2230
2474
1914
34865
6103
2586
59901
68727
1956
17426
2610
2068
1046
9239
8840
2217
2785
1447
34141
1299
2131
38027
30696
11243
2696
2273
19538
1076
25286
2555
5007
1270
18606
6877
10259
1263
658
14796
2322
2906
2160
3942
1768
4467
32463
2380
977
728
2602
2230
2179
3539
2550
10533
40967
5940
1369
2116
2408
1179
49466
2330
113394
1692
1538
1388
1477
3949
2963
1048
2364
1872
25164
2625
16048
1127
2653
6614
25648
1525
1446
17468
2698
2157
3028
1642
1419
23909
1624
9130
30854
1236
1272
2485
2690
17006
3013
3128
16795
2944
22979
1369
3977
2214
1862
23009
1975
5558
1760
2883
2869
2497
2230
1750
2456
2996
2242
1240
16769
3708
5880
3060
46215
2462
1962
7206
1815
21338
2470
1989
7592
3896
1651
691
1096
3117
3656
1424
2027
3489
2086
1255
10063
2876
40984
14355
5447
12366
2972
2249
2393
5159
3711
1899
1470
9237
3073
5849
4640
49389
3326
1856
1929
2386
2164
2050
17346
38183
1037
3178
3103
2948
14344
1154
13176
31246
2260
1544
2593
23059
3742
20206
25777
1487
1018
3408
6165
2661
35595
1429
2505
2184
21755
3407
20018
23258
2218
1855
2200
1108
1525
1199
2455
54371
3114
3118
2123
1591
2582
2135
2187
21990
613
3454
2232
3668
3430
3065
1963
33564
2635
1517
19086
6063
604
1305
37512
50837
1909
2957
14138
41915
476
34600
1895
7944
2171
9462
2562
1561
1555
3172
31995
2021
1682
1898
1958
1316
2285
79122
38020
770
1769
1902
3194
1809
2652
1002
1022
2180
1809
2358
2382
3448
2609
1739
2076
2411
2235
2197
1724
14108
16388
41690
1411
2972
2584
6185
31825
14150
2537
32692
2944
5050
2531
2680
12279
20197
26788
2080
783
19513
2415
20598
3179
3469
2648
1317
1767
3020
2547
23760
1244
3210
21205
3602
10426
15807
1867
2398
2692
36284
3255
2162
2865
1065
2612
2670
55211
6447
32856
1054
1812
13670
2926
2671
1510
1519
1597
2974
3239
2436
2540
17882
691
1186
3085
9576
874
2758
2164
1860
3254
6862
4156
2584
2839
2314
3437
2776
15612
2949
1906
12903
7921
6824
1752
905
3465
13333
7014
2434
1465
2523
10187
14552
2091
2750
1714
3791
2818
1317
2790
2362
86236
1793
2284
2352
1261
2082
2002
3285
4233
2418
1649
2788
42297
7583
3677
4176
2294
1421
1525
1981
10983
1124
1097
22009
7286
1944
1702
16907
2742
2661
2206
2914
1812
37537
1085
2007
2671
2859
10152
2065
2226
2250
3256
2260
1801
1529
1767
2302
2979
2098
13726
1700
1516
44144
2761
2827
17929
20093
2340
1687
653
2535
14453
3713
2948
74057
1043
674
667
25839
2504
2427
2250
948
979
3387
1939
12591
2646
3074
5068
25830
18900
2404
2477
667
5987
2482
2126
2546
24305
1472
41039
3790
1105
1967
1536
817
2326
4859
43795
2846
1511
1801
3150
1057
4038
9837
13773
55817
2315
412
2633
2391
2876
13396
1286
3185
30927
21450
1881
2502
2426
2222
2774
10184
32660
26342
2287
33411
1679
3503
795
3117
1232
56863
11227
991
2228
2423
2344
2025
2354
29625
35750
3826
28224
61010
2408
3596
2118
3801
16545
1389
1920
3813
1093
1744
31274
31388
1931
3311
2185
14326
2661
1499
1692
1525
2378
5780
2912
25550
4547
3422
1837
3034
24257
14004
1460
110222
52953
3606
1215
2434
3261
7186
2011
1517
2428
2545
2833
25659
11109
32845
1748
10119
2520
2718
1939
3708
102403
3760
1326
1550
504
720
894
46978
1828
1422
5802
2225
2511
1735
8047
2470
2139
11053
2006
2332
2501
3376
2676
19793
2996
4800
25704
3222
9059
1456
81850
19776
2324
2770
1665
4140
42290
1372
2992
65666
1341
1738
1978
1245
1728
2612
12257
2753
3277
773
1087
1105
2561
2630
1689
1001
1637
3272
1628
29962
9973
26066
2695
815
3335
12235
1290
12586
851
2889
1963
2154
881
6979
2948
16322
1989
2861
777
2599
8309
5356
2178
10250
1674
510
1854
2540
2424
14148
14208
2989
2218
3230
16187
2016
3072
24001
4968
