2917
4389
2970
2325
2918
19093
2789
2214
1189
2316
2481
2389
1118
3240
4428
13997
54357
3550
2847
1540
16831
1197
2851
957
1775
3012
1768
49804
3272
1302
1688
2065
2466
4062
15302
1226
2621
17293
2931
2538
2567
1371
9771
2075
3172
1788
1900
3237
2073
13327
2510
8702
1596
2758
941
19757
52712
3487
1726
1127
2423
2958
1684
20845
1859
1597
2251
52340
30379
15843
53594
2490
2236
3060
2418
52824
60613
16437
4046
18957
2225
15654
3288
12350
18625
1747
26116
15159
21376
3488
36528
1091
3365
1081
1739
7327
2134
3093
1808
2260
2351
1999
1231
4390
12860
2367
13257
1095
2442
2398
2640
17344
10949
4297
2069
38383
3017
1600
1501
1029
19559
7524
1965
2433
12690
22579
2734
1918
2020
1356
2213
9427
27672
2288
1984
1895
1685
2108
1262
1970
3183
34577
746
4150
2860
2026
1171
3834
1156
9381
1312
539
1425
9158
12700
2625
2580
19179
2519
13771
1235
2670
51031
9670
2516
821
27893
2660
13873
2576
2420
75151
2614
27347
1532
28474
34176
2620
38492
1166
43743
23309
3313
23582
14165
1689
1554
3670
30357
2568
18366
600
2155
40437
2584
2500
40112
4090
3288
930
2860
884
2246
3103
3995
1612
19576
3675
1861
3313
19108
2123
1674
2944
3189
3537
1731
2304
3697
1509
2104
2957
4044
2286
1889
6619
29115
2874
2919
2397
41032
3858
15633
2355
2034
22475
3578
1784
2045
1191
4296
1250
89218
3500
2008
2660
2688
21397
27254
1051
1568
3274
3463
3500
1258
1072
18446
1956
1574
2233
2977
67824
1076
1750
2053
2260
13738
1196
2349
3259
1492
3768
2908
1825
27504
2079
74825
701
3242
1599
2558
1577
29711
1317
2570
3355
2595
873
3710
1457
2889
2523
842
1546
564
48144
2256
39375
2814
3377
1633
1019
1673
6218
2570
3073
3405
3270
2729
13275
3155
3560
56473
2487
1547
15528
1632
1973
2118
17712
1220
22920
26043
2528
82913
3504
5204
1821
13317
1503
12166
1944
119637
4028
2816
1475
22781
34084
13321
2124
3069
2198
3039
18368
17541
2665
29694
24702
62702
13599
2988
1267
1459
58261
3153
2082
2533
1665
1392
2148
507
40291
21453
6049
1720
5084
2454
3032
3139
1858
1534
2173
1911
2948
71353
27445
2411
1980
8030
1713
29518
3103
30320
1723
1407
3595
19507
1477
3898
1728
2535
6016
1864
9697
2223
1725
3016
82610
1555
924
42241
26119
2821
2388
2851
2787
2877
3150
1908
15595
7710
2823
1745
53741
2184
19063
2365
1535
2002
2965
4556
16510
2465
2258
29637
2144
2455
15381
1481
15719
1853
4073
1204
1714
3545
5045
85618
1621
10667
48180
15254
1968
9967
19416
2373
2114
43391
1473
40587
14782
42339
2619
2575
124920
3252
2299
878
1591
2339
1824
1122
84025
2150
1168
2501
3798
730
4524
2984
31697
2620
2326
2399
3262
2476
1778
5841
2500
2236
21665
1129
3447
18032
1863
36265
3515
507
2927
1481
1898
2368
2929
37964
24786
1957
1637
1655
2369
1272
1688
1908
2201
3121
3385
40536
42415
3182
2450
1883
3021
3910
7602
2265
2202
22511
21173
1493
2126
11309
2793
3159
4572
41344
18468
13743
4267
1632
89395
2478
49317
2486
3000
2148
2797
23578
5448
2581
2134
2964
18031
2554
2088
1935
19653
3474
2175
1990
3481
35552
21442
2760
1901
3039
7408
2264
3538
2888
2825
2023
3637
1529
4625
1470
2874
81831
2463
2013
760
3604
2647
10651
2896
2192
2929
2687
30271
26549
1389
2278
3448
2789
42095
1473
717
39330
13348
2259
2605
3101
2137
2191
2795
34853
2989
33011
28326
2931
1218
2301
5158
3705
19093
2956
1534
6736
1570
1683
21507
3238
1462
8106
1330
28337
4348
30863
1446
812
2601
12176
3069
11164
32078
2488
3348
2074
7892
2239
2259
20170
10414
2024
43108
1446
2915
3196
1938
4478
103875
6210
1661
4557
1516
16873
4588
24761
1606
35584
2358
4156
2686
14999
3631
1392
2309
1937
3345
2008
31050
11124
41674
13661
3439
1700
2258
6540
2380
2640
1400
20142
1267
3194
1642
2561
1518
24240
18217
3739
2936
1550
5782
739
3027
1827
2460
3526
8796
3985
2919
2335
2054
36739
1768
1877
1654
19089
2953
1633
2390
2682
2097
50723
2236
3093
1414
36582
2666
2640
19566
1259
1061
8209
2754
2009
2464
50336
6998
2554
15135
2496
3943
2146
9166
3971
2414
1017
1562
10604
2912
1969
3368
2120
3326
3731
2964
18519
2663
22013
1196
1911
1987
2305
2298
3149
5510
1784
3143
23083
1763
2849
1885
4197
2994
3575
39472
1777
30132
52132
21450
1130
3205
2300
44527
8651
1222
12308
1572
3274
3534
15531
2305
1379
988
2585
3355
2955
2632
1512
1091
3444
12126
1828
37438
1792
943
643
2882
2922
1913
3571
1190
38475
1560
2461
35655
1435
13588
1496
15620
13836
880
2736
4343
3310
4025
2467
71184
103344
16622
4416
4820
998
10985
941
24364
3991
28765
3375
1548
1489
3777
497
3427
20190
1860
1589
1819
2627
1074
1107
45050
1696
2200
36263
14075
1296
2116
2654
1423
9573
2870
26403
1237
1155
3931
9509
1285
4890
2253
2585
2024
1387
1840
2274
5461
1934
3039
34742
4959
18383
9325
2618
3508
611
11784
2276
2770
1173
4562
3549
19126
16427
909
3386
4522
2747
24125
3471
15535
3428
5011
1276
9231
28455
22410
1474
10485
2896
3021
3364
2919
2803
1760
2541
1571
19030
1963
2594
15747
3397
37438
3478
1905
1832
6511
1490
588
11368
2866
1995
3261
33528
6007
2620
2590
9813
1575
1540
12723
15205
852
32101
1319
59232
100921
1142
2031
16562
21427
3087
5154
3534
3844
1779
1386
2856
3284
13606
13778
2696
3950
791
1597
62037
1724
2360
8148
1061
4081
34525
2130
18347
3700
4408
3951
49513
2610
34523
3220
2392
23405
63854
3794
2465
2587
1539
17924
17681
1916
16478
1784
2782
44473
24453
2409
2460
1176
3348
1234
1170
5169
2457
32952
38613
18633
2036
27323
3590
4268
3332
18039
27811
1454
3662
1596
3856
3888
3339
20209
2389
11818
2634
11000
22722
2734
1976
2668
9116
1224
16791
66595
22623
57971
5042
5542
4072
3205
2410
3818
8235
28892
3940
2564
1562
4742
2343
6301
1992
16418
2165
1776
3737
959
39596
3186
1293
1806
1429
1516
3332
2558
2474
2136
1472
47616
1035
2106
2530
1780
2913
10474
3267
1281
22372
3673
890
2278
57503
1924
4536
1690
3561
2151
1918
31011
1839
1988
5708
2504
1073
3669
2240
1210
27362
2643
34266
44547
3337
63980
6551
2839
70545
2892
1708
21789
1952
3199
8966
20734
10401
3160
2383
656
1389
1546
22949
2743
1160
1411
3010
2339
2808
5514
2427
1695
2934
2852
1404
8464
2738
5619
1426
16752
1965
1557
17056
2058
3087
8848
45809
1242
3976
3282
4298
10708
17633
2811
3688
1914
23804
4175
2558
1536
3756
16186
40560
7862
58642
1044
3050
4506
1997
2412
11702
1747
1618
2104
2648
2039
28601
2434
3256
3387
2104
2816
2892
32580
2649
2995
2629
3131
7139
3347
1166
11934
2673
2488
9382
3162
1445
1056
1962
2468
2050
2867
10381
2969
36152
2935
1772
1751
3542
108295
1878
2170
2045
1407
2815
40593
2258
16658
3145
1573
2746
2787
2224
2460
6193
1951
56363
2853
2652
3472
1407
2216
3569
2568
2912
2636
43284
1123
1030
1068
1149
2549
2319
3698
2372
1700
2087
6913
667
2308
2120
1535
1902
1228
3096
1719
3511
1087
2534
3785
1318
2345
3015
2519
16620
3009
3853
874
2423
3728
3107
3159
2731
2657
2571
3520
7518
2347
18060
21547
6466
2418
3452
956
2925
2021
2203
38483
35999
1302
880
65077
2123
49546
4308
34133
1339
14341
5523
2741
18859
37833
41424
2040
902
29596
2078
3313
3564
10279
3497
2721
2403
7022
9870
2318
2148
18051
56190
1869
35569
37559
2365
7728
19465
2569
2097
1436
2344
3397
1258
24827
2384
989
5883
1922
30948
2344
5386
1664
24249
1341
814
577
1765
3959
34087
14956
2299
56337
3405
4770
5992
2495
2733
3663
3239
3079
17552
1289
1096
4164
5161
3187
1839
17494
2898
1802
1749
4648
3715
651
22707
3003
17931
3192
2209
2049
2082
1560
2339
123235
2090
3227
2164
2262
2001
3085
991
2109
29109
1334
34461
76274
1634
24275
25825
2278
3142
12374
2355
2057
2697
2687
34941
2595
63783
3545
2827
2068
12119
1689
3001
10731
1417
964
2417
12678
125666
3812
2251
2145
11948
2611
2775
34050
2464
22254
12530
3079
985
2178
1718
4370
28769
7764
1304
4460
1527
1789
18449
2360
1218
31194
36910
1763
1510
15200
56531
2174
10898
1816
22033
928
2870
44569
34327
1341
7569
15786
1726
3026
47054
13291
2466
53013
1458
1094
2549
17493
64531
1281
1861
50463
1131
1192
3813
2725
1182
14436
9228
1972
2745
2242
10213
59285
3003
2129
65304
1727
2366
3340
2756
21241
2046
2267
1906
917
90395
1265
1671
2312
1714
13563
3398
31462
36845
886
31370
4715
4736
1736
40331
3548
11020
1547
1451
12955
2184
3231
35674
1907
3084
2988
2387
3064
2876
2821
3520
6717
2402
8851
1845
19299
95583
3143
2907
2528
2684
2490
1375
3031
1444
3037
3137
13140
96125
1830
2562
1549
16804
3766
58900
1858
2579
23932
3220
23272
2034
1381
2624
3137
32889
1681
13806
3556
67096
12993
12267
3091
13556
23211
39339
2103
1550
10465
2510
18129
11748
856
3014
34089
1110
6631
1722
16087
3360
2195
3099
3157
2802
1847
126175
1306
1784
60412
8380
1961
11765
18405
2279
1499
3327
2153
2401
33472
33746
1561
2683
1975
2134
7649
3113
2565
2698
24493
3502
3541
2487
30583
8679
2327
1604
2776
73506
1938
46211
20470
2403
30187
2069
2916
2223
1231
1941
20315
22640
3067
1365
1090
27188
2797
16014
2276
4404
2325
3043
29485
2908
15047
9434
1833
2618
2400
2531
13941
3204
19468
18074
2178
3185
18349
2219
2710
1334
2764
1808
3085
4941
2365
2955
4390
14110
1697
26917
26140
66814
17161
2560
3621
63587
5824
2145
1692
2553
38387
66776
1875
2900
831
1654
25765
2065
749
3102
6732
3077
1946
4916
3377
57635
2430
58366
4432
2352
1754
3143
11489
2989
3563
3719
1301
3148
2532
24675
24129
16688
2693
903
1283
2510
53075
11302
1352
2431
16125
8280
1462
8470
2023
14825
1573
1831
2610
1577
14941
13284
2600
2222
2266
1322
42128
2186
3197
839
3273
2687
25375
8536
18575
15746
1211
17413
3332
1097
1905
24096
3312
1539
6131
1440
2857
948
9100
9772
3275
1513
8374
1913
1264
1803
17012
2764
8701
22174
2788
3037
4026
3219
11183
2467
2396
81461
1222
1858
4709
2758
2485
2945
3202
2702
1920
2334
11786
1880
3607
3560
4519
16470
3507
2567
27179
1863
4003
828
9642
33941
2035
1541
1619
1805
2007
2605
2164
3699
6542
2357
89672
2270
2003
3483
3772
1338
12735
1843
2362
2318
1009
1096
1176
15002
1620
49991
2718
11058
2737
3786
3797
1748
540
2833
772
1108
3081
54478
6367
4571
1898
45481
4370
23211
86596
579
1415
3475
1548
1955
1344
873
2488
28210
1157
1557
553
2377
2080
36104
1617
1187
3315
2323
3714
3870
3385
1675
2511
14564
10913
2204
29234
1528
36429
48412
2684
876
1897
2708
1166
1059
3162
13804
1801
4775
999
1752
3574
4183
2552
756
19406
1220
2452
2363
15873
37495
3188
1274
8825
7112
2978
2579
964
4332
2937
1942
605
3351
14552
982
1973
1249
1452
46074
2806
1899
20582
4593
3440
34005
59729
7265
2098
2461
11057
2148
2885
642
3038
13218
2024
1290
2603
2727
1258
25678
4134
1618
43424
1955
2956
13099
1156
1619
13713
2117
23857
7520
3926
2151
722
8092
1205
2713
3719
3518
2890
2225
34063
26765
35792
1953
4516
18157
8839
2481
2536
2577
2508
1198
40663
58365
3516
2360
1063
2105
3544
2079
1969
6049
52892
42614
59928
18962
25814
16414
1600
1579
4652
9269
2529
15823
17371
28318
10192
4273
2178
63640
9251
1993
2905
55561
32122
2493
3548
14746
27211
1700
1411
4071
27913
797
2238
3378
2811
1849
31141
2186
9493
2161
23356
2312
6877
2130
1837
26084
1299
2299
44141
2188
1761
1525
33684
31874
2200
2817
183555
707
3275
5435
14242
1629
4587
895
2892
3156
14887
52639
1345
2975
2940
1751
11464
58126
26952
3585
14997
3655
24315
2908
3049
2392
6159
1408
3560
1979
21919
1338
3798
2374
1821
3306
2182
2935
2071
2833
7429
41830
2106
3806
9202
20520
3105
1985
3485
46912
22942
3228
2165
1844
1505
2243
3910
1522
3402
6840
1094
13539
2967
1925
2142
2821
3066
2746
8232
3778
3097
1292
2283
32722
1787
2328
2801
2364
1344
5509
3251
1816
19633
16062
2074
2267
3440
2012
1771
6610
2487
2201
5670
757
29731
1544
2427
2890
2025
3098
877
2413
17527
40162
2891
56857
1850
2320
1819
43119
1364
16588
3339
2699
2188
14272
955
3513
29838
9218
673
1463
2979
31891
1245
728
2254
2514
3036
2436
1609
20215
2072
2431
2906
958
24238
2263
31011
1390
19009
11294
3073
1126
2620
2346
3012
2507
2598
17938
1858
16813
911
1738
2851
1747
2862
26863
2418
35184
2019
13744
2136
2428
2832
2892
877
520
27214
3253
53618
2091
6013
1600
1315
1451
2026
1227
3893
1100
2112
1523
2271
35770
1389
2800
26931
2135
2963
2675
18253
8950
2048
2076
3488
1955
17424
3161
2906
1129
2603
2246
5892
4600
2488
2007
4631
1328
39506
3004
940
1426
2405
5857
7029
42105
1787
2088
558
2941
7502
1782
2415
1977
20326
2200
24731
1733
1803
14919
6945
2484
74975
1180
1326
2691
1813
2563
11664
3314
4011
1842
2458
675
13522
1382
1494
1001
2063
2231
55689
804
11425
50519
2019
2423
3022
3504
88700
2025
2269
52875
2062
23107
2875
9243
1071
1700
9144
1264
68729
5328
1862
1495
1269
3459
3051
18116
25134
532
2735
20560
22887
20994
3673
3221
1940
19172
3261
79837
2660
2782
2276
63329
11761
2434
1577
2683
1327
7377
1369
1569
2354
692
2592
2614
6632
1677
21609
2793
2461
15603
53893
2111
2035
2824
2481
27600
4939
2933
18394
3353
1838
49203
1460
2360
6081
4778
17294
1575
3439
1894
2281
24578
21222
2960
71917
5146
4343
2121
2637
1724
1465
1884
21244
831
1468
4249
1199
1534
2641
31065
2720
1673
18320
3407
1525
1491
2741
3433
2542
3177
1627
1181
18470
939
2170
3104
1365
17919
109511
3893
5926
103478
3390
7288
7336
2602
2711
3069
2195
1418
16159
2242
2064
2827
1685
2625
1768
14012
9839
3610
2897
11493
42351
1869
4104
5179
2599
24565
1490
3536
1707
26692
1583
1912
12120
3345
3260
2415
47495
56549
2859
2075
3648
3251
2345
5320
2680
2354
4451
3037
2942
1949
3176
56434
3091
90308
1515
31271
1659
1650
3568
10880
1009
2830
2970
3891
2936
3089
10697
6166
2891
3836
2315
4101
3150
11613
1964
14240
2501
25391
2553
12678
4679
30619
1943
2096
23601
1793
1983
2205
1684
16990
3185
3279
3069
4285
2424
37643
2552
4075
15083
10629
12385
51645
1198
46785
2832
2327
1712
35626
23195
7492
25763
3761
60266
2746
3768
2741
2153
1824
1924
1094
3104
1764
1412
6068
2007
1139
2702
34774
2339
21141
2489
4095
3582
3079
4098
6722
2600
34796
2688
9308
1460
11860
2409
31464
1616
3285
2382
5060
6939
3385
76254
54171
27560
2544
18627
33775
1572
2140
1799
2570
7553
1655
4607
982
1928
3712
4365
2655
11761
37860
23527
10285
10014
926
3366
3394
1053
2613
29791
2275
43138
32609
2964
1425
38310
1189
2278
417
1722
3549
2949
25409
11203
5989
2410
2943
3083
3685
3187
32709
2754
2466
2589
9544
28712
3345
11421
2421
2941
1951
13504
1801
2176
2809
100598
15700
3168
1623
11631
3550
24836
3116
23487
38818
2096
1972
1065
39094
3472
558
2735
3642
74166
2114
12031
2718
2336
19696
2324
2061
3510
11888
3211
11303
2505
2292
68202
2587
1076
6689
3180
7016
1059
4741
3189
17522
2528
2463
2650
1142
85127
3030
2091
2628
1024
1652
52164
1714
2661
2018
5794
3490
19804
2597
15146
18152
2959
12423
120102
81402
1324
19161
3306
1493
19827
1441
2149
1624
3357
2389
39362
1807
2194
22998
2976
2937
1314
2078
1599
2436
37634
24632
4246
5966
2023
657
39425
21056
2714
13702
3499
17200
3416
1325
2606
2412
3248
58092
1625
29313
13928
2541
16681
2922
1463
1719
1608
944
2890
3424
4442
2788
2240
2643
3357
2543
2577
1604
13575
5638
1384
4981
1952
8695
1970
5166
20110
7815
46478
2027
2806
1407
2870
1491
9652
1280
4415
41622
1476
1988
49548
910
2827
3251
2325
12824
3185
3348
6474
2746
4357
1748
57206
2531
3829
3386
2148
2216
12404
2244
14842
17612
17146
32069
1222
1874
4147
1379
4277
1168
2664
2134
1188
2084
3302
38685
1480
2379
1196
6246
15537
1308
49043
1488
3543
2136
2774
963
111127
2394
2037
1814
2831
1407
2009
3315
1993
12882
1198
6010
3447
2190
1837
41562
1785
5150
3502
1915
45406
2599
1997
2452
10118
26774
4955
4168
2540
5929
2382
2526
34685
2052
3642
2911
12227
2547
20121
2635
5006
2452
1636
55610
1264
2367
1344
3680
2796
2382
3663
2873
2956
1933
24046
3094
2497
1832
17786
9170
770
34092
35901
26312
2428
27261
36337
1598
43191
1097
76790
1985
16106
1947
4305
1662
1966
1313
22230
10875
2241
23196
2701
4144
2637
1774
58915
2001
16456
2727
2508
1771
12695
1593
1698
4190
48053
869
1311
3352
2789
2832
3483
10913
14615
2319
1616
1546
9556
2731
2373
42966
1260
14998
3429
17089
23121
1982
4987
2890
2797
1964
1668
3431
19885
2200
2295
29877
9612
2159
2864
22405
3052
1304
3026
1286
1271
6595
1782
3254
2056
3233
2842
1838
27430
1832
8456
2473
10578
2147
2286
1868
2639
1866
24690
36463
2705
1000
2664
4302
2075
964
3794
56103
89816
19974
8697
1276
2589
2447
20412
3129
1991
3069
1500
2099
2667
1574
2869
3270
1944
2078
51862
205806
2587
2462
9876
4594
6645
2762
1617
2489
2930
1734
2865
1376
2658
829
914
927
2478
3548
2877
2602
10787
2345
23778
1612
1844
2888
1755
2816
1928
3127
1489
1600
2171
39511
3819
20974
2315
20147
2803
7390
68780
2333
1575
1297
2278
12349
2450
749
2039
2773
3022
1639
2132
2555
1890
7316
8735
2599
6685
1307
4116
5176
2166
2703
3334
1833
6069
2579
14636
1612
1903
1141
3220
1831
3336
2734
1466
43072
1604
1448
1722
36466
48369
2310
41712
2661
24958
2062
1893
34524
3185
39752
1973
23636
18975
1891
2860
1162
2833
2614
1113
2569
1987
28953
628
2147
24708
979
84806
851
8001
27946
2589
1500
5280
17310
13611
1790
18889
2501
1958
65415
2216
2245
1058
2548
2754
2652
1608
3265
2329
3005
2868
863
41813
1929
3194
1255
2670
25548
1329
8598
37945
1105
2383
2641
37764
622
2962
3626
3080
22574
4044
3007
1516
2542
2686
3408
88363
3211
2565
2088
1891
25013
1085
1414
1803
1660
1807
10917
2401
1082
1907
2449
3059
2888
2617
2688
2706
15096
2627
1242
2992
13844
1206
22231
30565
38780
31638
2318
1535
1938
2562
39025
17254
3296
1314
13898
1826
2867
19282
27028
32453
29917
4714
97960
608
9401
1211
3766
33732
2522
22048
4402
51746
6159
2766
18617
2684
2007
13904
2014
2951
2645
2095
10410
23077
620
2379
3345
4080
55821
3698
47158
29580
1949
12810
31840
2456
1093
54217
4517
23391
22545
1080
2579
43650
7886
2560
2510
2462
29701
1467
5432
28895
19446
17466
1959
8222
980
62047
2641
33639
1150
13118
19794
25179
1240
2882
2869
17127
2773
5469
3284
2192
2748
17315
1362
2695
60936
12365
2136
2485
11091
2851
2245
1152
1947
2114
1971
3076
9144
18546
2996
4064
2888
2479
2176
18541
3195
2634
7083
3175
3310
11014
45234
2430
78716
4303
1083
49650
1404
19908
101513
3206
2629
3416
8467
2640
3588
3086
1633
1618
2255
2831
3076
1301
10224
1478
2823
2054
2273
2979
2389
1185
1043
2562
2490
6483
13040
1208
1303
2334
2364
1261
15589
3412
2664
33189
32544
26951
886
2299
2618
3221
2862
45101
1891
29542
16220
3902
2311
2848
7602
1437
3260
13079
1959
2664
1490
92515
3235
41611
2233
18812
58923
783
2522
938
2915
791
1440
42624
2580
2767
3452
3751
7337
3331
2534
54592
1327
79018
1106
2795
3290
1992
45237
14977
3227
9326
2349
2072
4086
48317
4830
4038
20993
29867
3658
2017
2592
10999
4335
2009
69534
2000
752
1618
972
3057
1781
1203
3024
70397
2212
4178
2728
1876
2953
124789
2467
2759
2201
2856
1390
2754
2435
2724
2757
45565
24524
2271
2758
2636
3150
1697
1545
21490
4652
15734
15357
2718
36338
1887
1023
981
2840
2823
33736
32039
2383
67647
2784
26557
3959
1091
28434
1333
1709
12795
9135
3316
15533
949
37172
1240
6788
2472
12367
3515
28546
2355
35577
1215
989
98617
14119
16396
2654
12054
21849
2548
2294
2498
2832
7459
2098
45697
4098
2400
55495
1919
3056
26112
2482
21555
60450
2977
2008
1296
3973
2575
28840
2840
2899
1006
2416
2662
1867
13612
4699
3989
3492
5230
2665
42777
32905
3536
86487
8243
2928
2187
3449
11460
37393
105148
3593
3794
6259
3422
2443
2425
2281
2842
1946
3147
3200
26575
11386
4608
4102
31593
3232
2935
7363
1537
1298
3372
20416
76311
2371
6366
3136
1199
889
1539
2488
30083
2711
2956
2827
3161
2316
49376
1494
3226
1752
19318
2768
78095
3079
1225
2158
40504
3618
3313
3711
2227
2705
13911
1910
19002
2002
8773
3529
3711
7112
1974
2125
18338
34565
33840
2015
19983
2151
31116
32135
37612
40325
2354
969
1590
1699
3157
6704
1483
2288
27638
2100
3810
6547
52618
893
1393
23279
3054
720
3031
3327
748
1384
2665
2734
3218
1675
2858
4976
6035
2006
1647
45340
47020
1648
3344
2601
27953
1065
2623
1023
3354
2715
11485
4076
11965
786
2434
1130
1435
2303
4590
10452
1124
6563
1295
4379
2874
4154
6492
970
51276
2058
531
41422
17476
972
1696
12976
23008
1735
18531
9341
1082
2770
2142
85519
15529
3144
26720
3359
3810
924
32491
24715
3518
1960
686
3021
2542
16010
47842
8837
20901
3495
2650
3016
1070
10668
2493
1438
1636
1870
43103
820
3086
17167
1927
17073
44900
2147
3066
2587
2975
11235
563
2247
25076
6178
3810
22221
2107
2710
2070
54545
2039
52566
1604
11387
1503
1934
2704
1973
9888
3614
1442
758
2952
1422
76729
22937
2924
25525
30932
15393
443
2216
6164
2816
2741
1878
38833
27548
3161
2314
2295
8312
3792
3781
2352
938
1985
3653
1625
1585
1083
3977
879
2909
2617
3562
20758
2397
1727
3293
1626
51025
27022
1675
3885
4232
1616
6347
13040
5834
1149
2694
2959
2414
11781
2411
9623
1295
1965
2331
2451
2751
19192
4585
726
1493
1276
2742
2587
2512
41626
3330
2484
15360
2501
7945
2483
2474
2304
11323
3047
2628
15719
25126
1616
43349
9568
13247
33574
3233
2858
1410
2222
2794
2618
1699
2188
10438
1299
2912
2800
3726
55463
3245
1999
1177
3222
5212
2884
1733
2062
2270
2421
1598
11108
3797
1913
2971
4103
3792
6684
1407
1978
2118
12707
1756
1875
2332
1686
2490
1049
1739
15708
4646
2258
12701
1142
23637
1388
2357
4415
1246
13501
2346
2595
4908
50251
3195
2454
3201
3658
12328
47250
6570
1030
4544
2915
36935
65978
3524
2060
120358
1326
4600
12766
1507
2535
1581
2830
1722
1393
2655
869
1554
2649
14721
11922
3634
16855
481
2665
4615
2078
2513
28517
39947
31200
6856
3235
5060
2798
12875
2907
2643
1847
2744
91637
3619
1908
2021
16804
45328
20921
25419
2989
64753
15844
2383
16682
7325
4321
459
4196
2863
1015
2625
2402
88947
2372
1569
3354
8429
2394
1308
3577
1117
16850
2467
23765
32075
2350
1479
3413
2447
12388
6640
5776
1677
5998
30834
3000
31913
5360
1666
2163
24583
3380
1473
2643
2698
3201
8510
25388
3328
22816
1706
1990
1111
2525
1593
36411
1952
25324
1211
20482
2848
3917
1410
4136
3577
2611
31651
2763
1844
713
6252
3869
2179
1166
2326
45919
1881
38564
3403
3384
20286
2384
2183
1937
3086
1066
14163
45138
17363
3273
1265
2584
3197
2266
8193
2699
1902
56659
73167
2679
1664
1779
2572
1792
2075
983
3311
2325
2286
60197
3497
5485
134768
1331
4754
4846
3250
2040
868
10314
1171
2543
701
1584
2798
4568
2179
1593
1688
3178
27375
4108
3108
1718
4003
3401
2465
4157
3061
2181
2726
151753
68167
3302
1998
3246
2682
3132
3289
2720
91317
1279
2408
5306
2882
2926
902
3405
1992
1849
2146
2956
710
2426
2583
1175
40599
2799
2126
3013
33119
26596
3270
2562
2473
30455
3784
2266
3468
1784
4280
6950
15385
3140
1586
2305
3820
22979
2748
2095
1136
25505
2737
8316
11725
1233
2510
2498
1913
1078
1467
2071
986
2967
1853
31578
1181
1142
3856
96139
2864
1422
2214
2073
41856
2061
1688
2995
4186
1143
2416
8213
18867
1714
4886
2965
2085
55892
21762
1721
68247
4042
3410
2936
46021
2248
1962
1383
2270
33765
3282
11875
1617
3167
3094
3139
3905
6061
3064
3377
9417
10765
8924
8553
2534
1770
3255
1727
1165
1374
3916
1202
3867
91779
2024
3341
5461
1315
3155
49087
888
4550
1561
2072
2469
3938
8004
1237
10921
83137
2146
5644
3409
2392
2861
38574
2347
996
31027
4095
2184
2966
1880
1892
11423
2277
1468
1026
17646
2217
2515
2666
1440
2582
2185
2083
1562
3133
2048
10531
1004
12211
5769
1614
1450
1699
10647
3022
14875
2390
3706
2351
2983
1263
2175
4315
3552
1423
4610
39189
1655
2487
3302
2482
2667
21366
1686
30361
2791
38926
9174
6738
2509
3061
4085
3303
2904
59188
1446
20896
1168
3295
2976
3149
3180
2668
3133
51188
2841
20688
1857
1859
39208
1583
2341
3161
3419
3419
88652
2623
3162
24494
3854
26179
2999
837
6483
2914
3914
3095
3761
2492
2191
2264
2095
50727
4019
16308
2548
3729
979
28273
3792
10659
1360
68401
2501
13876
2475
1735
2170
31110
2781
29242
970
3210
10095
2833
2411
2829
3630
2016
1626
3284
2343
4156
26785
1527
2209
38967
3002
2380
65773
2734
1598
2351
2930
3571
2433
50613
2249
8732
40243
2900
3055
2113
1949
36644
2382
1394
3212
2011
2374
122492
3936
3293
2421
3234
2711
10979
1927
2583
1673
2842
7159
2111
1527
2456
4061
2429
2311
2528
1088
1740
15752
4376
3063
2248
1776
18139
2550
3134
2479
2406
957
2708
3301
47677
15638
710
2700
3288
17393
23692
2007
12200
3347
38475
2050
10762
2576
19048
3031
128853
3544
74074
3842
82521
55221
2019
1947
6031
9735
3066
71242
1579
1016
1702
1451
33076
2596
33694
1923
25249
2466
28238
1013
65635
2971
28255
2866
19907
22609
1820
2979
1620
1489
2611
1867
2126
16533
15819
3309
2125
1187
1070
14946
8467
1272
1838
14557
2782
3350
1000
6643
2424
2795
3295
1281
1076
1661
3124
2014
3253
14257
4704
22105
56841
30566
1345
31612
1749
2577
1206
2554
3210
80827
52249
2311
11274
2561
2634
1786
3730
2374
18296
61007
3279
2951
21826
12469
37081
527
2522
949
2272
1730
39352
16960
1748
33202
2874
3479
16293
3056
3312
31677
2745
2178
5724
1423
19960
4666
2342
8772
2655
1847
1968
3542
4227
1509
9614
1865
19773
2871
40645
30703
34951
1138
712
75197
7116
57929
3239
910
3263
2782
2643
1813
2648
2714
2920
62192
1940
19598
1450
3883
1497
1177
2877
28125
1549
3247
1993
1797
4890
2478
2300
9228
32907
2576
1725
29966
24995
2877
2047
1690
1436
2580
44989
34191
2854
1811
5508
2497
1818
4113
20089
1081
2384
2435
1421
1373
1624
3031
1734
4213
61214
7284
43207
1237
3278
2372
1998
52319
720
8570
2899
4047
28720
2944
28196
1867
18600
1490
2449
6107
2313
2553
4192
1118
2353
1918
1722
2875
2997
2907
2368
2822
3745
45389
11911
1574
2170
2924
1637
3041
7125
2693
2725
51127
5757
3953
1910
4278
32279
3133
2616
2963
2621
3536
4746
2621
3877
2684
56447
20207
1057
1708
1797
2939
3380
1401
1770
13288
1721
3136
2733
18518
2171
16540
2584
3105
963
19900
3105
44342
12057
185214
1114
1107
16238
1774
37008
3758
2151
2641
1057
5068
1319
1433
2470
16880
1678
3126
2674
4418
4235
54366
2908
1777
2454
1381
1279
1076
19294
1336
2735
3537
3925
9805
3506
1470
2581
17651
46083
21505
111834
7010
12467
2246
22385
2348
3691
1511
843
1675
55415
6956
2078
2595
21845
18737
18264
2480
77382
4160
3019
23055
3621
3772
1863
1313
4725
1284
1784
3626
2660
719
3143
3130
1895
3548
3146
3094
6795
3598
984
9563
2938
2537
1696
1596
2309
11281
1094
63088
1951
1620
3638
2026
23603
2932
16299
2716
3223
4479
40589
3559
851
2295
2962
2212
52912
1465
3206
3189
3370
2152
2723
15050
1104
846
3222
1827
1473
1757
32134
3028
2476
25070
2090
2420
2992
50745
3216
3461
10588
2692
2830
2106
61638
3396
57958
1958
7288
9615
1893
1522
106109
1549
1670
18491
20441
1495
1761
3014
3077
2106
1744
2679
46917
2668
46805
3025
10096
23302
3955
27358
54199
3663
2389
4771
18845
3001
3700
11165
3320
3992
26164
13270
1262
2224
3022
25457
3507
64893
2501
2463
2411
74363
9133
1432
3451
5370
160252
1238
22900
1641
2876
1809
61883
128698
11509
10911
2239
29248
1865
2144
8072
2515
2902
12296
44395
3509
25650
2270
3074
15484
2360
2224
3260
2523
2063
2306
1133
2721
73221
14197
2235
2977
9230
1279
2586
1589
731
21865
2949
3531
2472
37999
3162
2312
19930
3311
2281
2224
2479
1556
2051
5641
7260
2015
800
4385
3364
1265
107431
1117
1492
1209
54046
18452
2195
2629
28153
2427
1314
26542
2317
6303
19953
19104
4154
3635
568
8085
2757
18764
7308
36210
2084
3114
2181
1870
45110
2212
14995
68066
2755
2504
2263
1582
3363
3860
2150
2598
3751
2697
2144
10964
30480
2643
3554
25253
2751
53410
111485
3188
1201
3163
2011
1973
56771
14807
2552
1698
881
2725
3203
1934
1133
3070
8031
944
2427
11534
2357
1131
3334
2315
3021
11171
1678
29449
15421
11049
1885
30412
3656
3467
2587
18463
2390
13302
2351
33653
7496
1765
21147
2646
4289
13589
3251
60491
2954
12620
2861
4607
3892
3075
3847
2312
25846
33292
25673
4723
2400
1699
2165
21889
8225
2511
1592
8760
4686
28483
1861
1949
2098
2456
12226
2082
2159
89785
47230
2905
1585
2409
4041
1628
20023
2220
64672
3041
2334
795
3153
20158
2037
3443
2739
1740
7907
1524
2567
5975
691
3363
15803
13695
15461
4044
23001
2723
13267
3313
3031
2056
34111
30650
41054
3780
1468
7851
2616
29150
15397
13660
14507
3788
23839
5629
18949
1187
2358
1462
2846
2043
1958
1581
3096
3385
29641
2322
2675
18841
1940
1892
3138
1788
1724
1013
11679
2585
11208
21329
46547
1468
9096
2000
2656
8070
57829
40422
105568
2423
1911
43771
11374
2406
3437
5881
24827
2287
2468
1934
8519
2856
1197
5485
3086
5579
4376
2779
2013
4826
23194
18563
13265
3212
1973
21322
3239
2996
2418
1404
52030
4186
19459
2019
2922
2726
16720
16197
2877
2694
19223
2142
1667
4294
2507
27150
2700
975
79122
13693
894
7775
2502
2881
3288
1730
4577
16876
8848
3036
1774
2804
1140
2351
3663
9232
2638
3008
1927
2379
3119
3144
21461
1020
37714
3324
8624
1675
3964
3989
1269
1993
1577
1701
85982
2974
3020
2214
2888
3116
1938
7157
12642
3509
3580
2017
14705
3035
2003
2906
2480
75760
7053
13379
4553
1392
58253
28812
2242
1439
2809
2131
2250
14175
1639
15404
2103
1772
1982
3024
2827
46508
2096
2578
541
2783
2075
1971
2930
4605
14292
2060
1981
12600
5588
3694
1559
2446
16979
3582
2535
2159
1578
2854
95910
2192
2298
11785
2943
2564
16075
40494
1743
3218
2180
3924
1323
81793
20861
3283
1559
40139
1557
4800
1481
869
26448
4005
3175
821
2296
16815
3072
74035
3141
2228
20714
34521
20391
8013
2272
1172
2641
47621
2475
7190
2753
2764
1569
1673
2288
2427
2637
2473
33503
11032
9630
41833
24858
28881
1453
9374
2050
5056
1222
27389
2326
2165
4664
18893
3440
2814
1435
2484
1996
1373
18025
2493
12620
18201
13017
1969
1868
1944
2713
2136
2241
2151
35449
1307
1835
2014
1088
8203
14719
2212
11321
21095
3430
1626
2176
2956
51897
2033
709
1949
9516
5611
11252
3196
1401
1717
134224
2517
21414
1217
2367
2689
1448
1126
2481
2088
23664
1816
1738
1163
39001
41856
1985
3334
2848
1448
1834
1702
14616
1443
33765
1962
951
2664
14708
13303
36383
89336
939
2001
12832
4502
2508
3613
22556
13507
1957
4625
2337
2644
1091
4341
13410
3134
3198
1530
14697
8462
1314
29853
1644
5554
11896
7932
3505
1118
1693
2444
2371
1698
2056
1321
11580
19441
3157
2845
23841
41625
34812
16916
43716
3593
4101
2813
1908
16596
8827
1384
2406
54189
2525
3443
3055
13170
2444
49092
2045
84118
2214
3248
2394
1676
2080
5350
3131
2333
3635
2403
3153
2442
3083
1843
2620
2347
3074
9542
3177
3329
23686
3915
1695
1439
25299
2394
1806
60492
1595
2876
848
3630
937
3433
10923
1758
13914
45046
1584
793
1189
25138
28166
4733
2596
2698
2088
34974
16365
3005
10087
2198
1580
3076
560
2650
2272
1483
3804
2156
16055
67217
1235
3382
2043
2178
1507
1330
3164
2081
2572
2858
2026
3260
2574
5439
2323
12101
2515
6634
2762
1201
2770
3943
2904
13994
2224
784
1322
39025
11857
2214
74750
28037
3536
6704
5551
3092
1779
12027
2221
1439
1796
3094
1946
14989
7653
1891
20070
11158
2600
1812
2317
2301
9958
2534
916
7401
1316
5706
4003
15628
2461
3732
1646
1414
1578
9691
2948
7831
3119
22059
10264
22664
55704
1348
19421
2560
31808
2746
1985
10512
16171
2458
3668
17641
2560
1465
2714
19746
11584
18052
16324
15803
59064
42804
2087
2500
2831
986
14246
4578
9872
3372
2194
2563
2164
2727
3386
2262
8578
3512
2600
3659
2700
7837
14319
2740
1677
2919
1609
3012
2050
2655
1457
3827
2073
12156
3599
1317
66780
1335
7125
2058
1329
1667
3042
1793
3325
16710
19350
3013
3058
696
2024
3775
79770
2873
2179
70869
4196
49279
3650
752
1437
1203
7423
2928
723
33940
3081
2018
32383
1502
12157
3006
24168
964
2783
3272
1909
2091
6906
3182
2101
2680
2840
25299
2599
1985
3176
2240
1567
1698
2249
58956
1637
3737
2158
3132
1013
28830
2080
2249
6582
2170
6959
10776
33324
39285
6384
2979
1753
2680
3697
2717
1404
3262
3639
2479
97809
3954
1765
1818
3461
3409
3038
32878
4819
10455
44848
2875
52156
3729
1281
3408
18657
10491
1685
3786
164660
3148
2892
1847
13407
47424
10264
52821
1076
2405
15868
3794
3062
8247
15508
2161
3406
1412
8045
22127
2466
64972
29013
26189
3386
49444
2010
2598
4565
9340
2323
1297
2156
1463
1786
3121
1023
4268
793
1211
2130
2504
28331
3944
2213
3068
3095
3381
2658
3509
3091
17834
2640
4496
1973
69150
16953
3084
1634
2451
7963
967
1785
1443
3607
1513
43466
768
1221
2154
54446
1214
27952
3021
1609
3074
4156
2102
1748
8190
709
3921
2202
41104
9100
3378
2140
31296
2828
3215
3464
2511
1538
5702
2406
2707
87572
696
2144
1816
1892
2995
11966
2256
1946
1944
3063
1720
4234
48061
921
47823
2449
1793
2938
15877
11500
1216
2796
70310
2610
37857
7116
2690
2008
2646
1760
1367
1182
3436
17805
988
19985
2011
3416
2143
1634
1987
1396
18933
871
2338
1801
3531
11032
2953
2081
2667
15468
9137
2164
17632
3128
2932
3058
4233
2908
2856
11348
29655
3451
2405
1462
46153
48286
1918
2452
29870
2096
1748
9419
894
2619
1246
16887
1417
2741
2231
3009
23732
18547
2194
57869
1108
20595
3366
24998
1979
1820
6055
2577
2561
9993
39950
15145
3907
7470
612
7111
19459
4267
23424
2255
3069
36956
89369
8735
1610
1647
1898
56282
3210
53217
35268
2819
3591
90023
1975
3113
24546
2138
27554
23815
20357
49309
1591
21865
3622
19630
10387
2941
3183
2848
3614
2781
2384
4137
3423
35924
2902
6561
3071
38325
1020
43037
17228
1440
1202
3199
2219
1955
974
2698
10992
2613
29242
4008
2725
18327
1926
4036
4471
793
2899
17336
1871
42649
2358
2710
17161
43137
63709
3520
1003
1946
2465
69929
2004
2454
93816
2533
2294
2455
2392
27916
2429
10950
3436
2138
2159
1331
1754
3615
10252
14598
2994
2733
3317
3168
1321
9564
28385
3395
24823
2493
2185
56647
2042
11277
2370
1712
2495
10882
4126
3508
74240
3811
1177
2113
1719
2763
11087
3657
1547
21756
1927
3549
1867
1982
119686
2159
923
24031
25401
2326
4504
2229
1965
2587
1044
2532
3518
11388
1844
599
1879
2024
3393
1345
4891
7907
1359
3661
10963
10741
14543
3934
2575
856
26326
43017
28890
975
11376
2391
855
1992
31584
18896
3183
3900
7055
1845
3248
2464
2032
2835
1162
2215
2984
1817
10582
15953
3532
2503
27895
53549
33934
37931
3330
27047
5876
3919
1615
2587
2775
76204
11487
2042
3304
2281
44108
21507
28509
2362
2521
2912
692
83918
2163
1345
2439
2093
1848
3030
7595
1089
2057
1663
3095
2403
2587
27814
2450
2607
2978
1784
44461
75255
2491
1680
2267
23526
3176
3285
1608
2739
2217
11342
2562
2538
1565
1698
7660
3314
2458
3220
3468
16910
3401
1405
1684
11263
2278
18953
1081
24837
20330
3207
3084
2260
1810
5017
10172
2823
2168
3224
2408
1484
1584
2427
35069
1888
2278
27874
2210
2522
2011
1579
3511
23976
3176
2849
876
3052
39684
1124
11275
2451
11910
2570
1157
4513
2793
2246
2234
1518
3229
8374
2057
3140
1436
1843
1393
3168
1864
1644
1406
31262
3026
36497
2314
6875
45283
2025
42789
1342
2365
3697
2199
1903
29879
2083
5681
1988
88823
2161
2256
670
2157
56815
1804
14898
11106
6610
34079
1169
937
2036
20085
1859
3420
1258
630
3351
2204
24214
1619
2391
18892
1468
24952
2032
10491
3001
76983
814
3134
3164
5257
19562
2272
1657
2494
1422
1745
1751
11351
31112
7408
64668
2631
2698
1895
1301
3036
6352
2267
1980
4368
1842
2246
36239
3061
14375
806
2355
1051
2735
2785
1704
3393
1365
3358
34565
2455
37418
2998
3558
26391
8671
1948
3654
76007
3928
5567
1153
1053
38448
1078
3219
1619
2019
3372
2292
3901
1469
3663
3290
2663
4299
2686
1646
2147
2646
13123
3945
11202
35052
1589
18050
1977
9871
2704
1780
3044
19727
3276
747
2338
660
1047
945
2504
18670
22459
3254
1174
2532
1804
1722
2797
2574
2600
2525
1113
30656
11383
3063
23311
3355
1802
2371
1877
1151
2946
25858
28615
42942
3604
2371
1241
28730
1667
2774
2873
2898
1340
1932
2184
49341
2042
1145
771
1819
19010
2589
36404
3159
1183
1431
5066
30565
3802
43871
5802
884
18123
968
22242
2266
40760
16359
2186
3802
2722
2470
2359
1486
10639
18784
4108
2854
47558
32806
5692
10824
1364
2222
2034
4184
2462
2606
2934
1174
26253
4114
1136
13155
8890
1498
2424
2425
5946
10688
1644
2498
48525
2425
999
10132
44652
1955
40242
5040
3335
1598
2802
921
2544
3559
3045
3724
1922
6824
19319
3469
1228
921
2744
23265
1916
1081
28646
2041
6224
14285
2364
7062
2545
56350
3495
3347
2667
2756
4047
3150
998
2002
2979
1190
10004
3273
1736
3759
23184
2349
3528
1680
2326
2373
1442
1653
3105
9071
2674
2311
31488
57161
2282
2023
29368
1570
26608
2277
36943
1352
887
1790
1269
2245
1720
2996
2423
3887
2917
3212
2485
3546
1666
1133
3248
1536
4172
26431
3056
2094
1745
8069
1376
18667
3864
1577
2313
1872
9654
1255
1796
10605
31834
1423
2345
2328
77328
3054
2468
28576
7784
3112
1252
28505
47706
33497
2219
3610
1149
2025
12369
1552
2701
13527
2900
2088
26562
1592
2215
1166
25457
2928
1944
7835
3054
2214
2504
2573
1716
2973
1030
65611
5082
3615
2492
2686
40995
2894
3308
1713
23233
2169
4205
19742
14207
8107
2576
1397
8912
3098
1977
1227
4952
1811
13502
2033
2454
2097
3316
13503
1887
2626
1687
1296
3704
3228
4225
1744
1766
2878
1537
2119
1692
61790
1519
3828
3275
2610
2744
1809
19134
26830
73867
2505
1909
1768
1396
764
2265
3671
3036
14966
8871
2205
1650
161554
32264
6198
2802
2530
1356
16042
2867
64083
1657
2538
4180
2502
18144
3039
3213
2850
3396
3873
838
1233
75265
2756
3271
1937
1847
23714
3447
54425
2828
1414
15362
50226
2264
1344
60931
2600
2501
1730
6554
3184
2240
28222
13045
1671
13686
7580
1238
28470
8562
12719
997
2395
99183
1438
3513
2168
13237
9330
2336
2847
4574
17211
2314
2562
2756
1839
2399
2164
13141
5705
2544
2598
13412
1924
2409
22435
4134
2423
1518
1707
18415
1860
21044
3552
18708
18986
1761
1642
2230
2632
2201
40376
3755
45395
38497
1005
1929
2016
2117
2980
1006
4188
25832
3015
2088
1087
3352
2746
72315
59638
2550
2509
2860
19627
970
14358
77530
3592
50150
43437
1120
1153
23920
2101
1521
1002
20171
3137
2520
2701
376
2118
2336
86933
38706
12160
1361
2773
1981
10513
1651
1671
1280
2589
3632
2025
2656
1884
2068
24248
2280
10587
3612
1923
1807
2596
8813
2027
3940
1804
49793
1594
2759
49017
2078
24224
2399
2809
1250
28088
2630
9754
2197
2949
1026
4414
1963
28912
3534
1550
1694
8367
24805
1446
14169
3177
1651
3052
1695
2379
716
15703
2630
55036
7714
25082
63259
3086
91447
7697
14546
2590
36337
2140
2713
2580
2769
3018
1917
5461
1955
1889
21674
8171
1053
1529
6773
2767
3573
3942
121740
720
2651
2801
8902
1427
2943
12447
3203
2640
3245
9149
1702
3228
64057
2656
55196
45654
1811
5347
1409
3344
2199
1052
3347
3772
2387
2953
1963
49965
12982
20800
1867
1597
3283
9475
3927
2173
7845
2035
2049
3763
2118
2283
3093
2680
2649
109851
2609
3754
1480
19005
64992
1663
41452
35977
2372
2266
21389
58733
31663
24369
57324
2248
2130
1728
1958
1791
45284
2284
8132
60224
3049
31807
2823
1707
37433
1411
2743
1625
1553
3129
1145
44326
12834
572
3561
2277
16861
3508
14138
30903
1875
8432
20947
2627
3983
3074
3329
27615
13873
2001
934
2864
2182
107126
2855
3106
10487
2008
3157
1050
17207
2352
3892
2002
7065
1390
3179
35122
3735
50648
1356
26773
2067
28017
27747
32462
8533
1201
3303
13977
2531
2877
1297
3576
1025
1681
27225
119447
10721
11417
657
2775
2179
721
3029
3453
3013
3194
48765
2397
3280
2297
2691
1433
1978
16869
14008
1932
1177
36729
2587
1760
2717
3695
1516
1968
3998
6736
1175
33954
2630
3597
2952
1738
2321
1734
3599
1235
3342
36675
1436
1571
1869
7732
3741
11369
3727
2891
10725
3151
2158
2631
9700
7485
875
17224
2617
32222
1871
42480
3575
13955
2939
13439
9326
4437
2842
2298
9720
2620
3069
2954
27681
1994
2308
3491
3341
4139
3637
2971
1650
964
12392
2453
7915
1956
3051
948
53928
2640
2172
24592
40683
61596
14352
755
2695
1374
2769
1393
60508
1997
17494
3061
48175
2085
2314
2346
2098
2102
1413
1870
14948
2113
16877
1707
4417
2347
31723
2130
1265
2543
5907
2464
1373
1873
100707
2979
2195
1010
24616
1794
2415
8863
7879
26137
16886
1802
3195
28067
3291
28558
3157
1483
15225
18461
30334
2087
7049
2190
3347
3415
16319
1309
21919
2693
2139
10888
1941
2308
9924
2749
2942
3498
94817
51362
11453
18322
2806
1323
3662
1193
1790
1959
1563
50122
3225
2384
3451
6386
3169
24181
19889
35672
45187
1094
25361
2952
2296
3021
1956
3264
2255
27131
19689
1425
1944
1365
838
2018
2638
1926
13565
2782
1054
6415
2433
3276
78698
2998
2386
1705
1639
23016
2555
2442
2225
39557
4677
2431
3604
2863
2419
9144
2033
54531
870
2472
2046
2807
3623
32654
43220
1295
3711
2514
2572
2666
1392
2582
2143
2115
1100
2673
18611
9421
3370
1903
2564
2623
103009
1364
2159
3481
68560
2294
1380
2949
1539
922
30231
2498
2862
1827
3322
1059
2343
2206
12529
37097
3756
16931
2747
24218
2244
1679
2262
46292
83058
2933
1209
1498
704
2674
2676
36878
2570
3266
2195
2805
43036
3197
959
2120
22372
32994
39792
34846
2222
1249
2818
4031
953
1674
3605
2412
2388
1803
1965
2964
2032
1734
65180
3026
3672
2768
9132
10444
18832
7437
12365
1795
1999
23632
2760
1814
3208
1856
25129
113165
33687
2760
1314
2709
1982
4864
2082
1600
8990
2346
2464
91978
10057
2748
2020
87284
6169
73046
2796
1728
1976
3341
3105
33067
1822
9131
2546
2151
2181
1779
2413
2989
1084
1215
2117
1362
2048
2127
1428
2393
2292
4457
3407
3331
2143
2629
3042
6634
981
2739
2738
2806
11354
2193
60156
1405
14852
3688
84663
3440
45631
8468
3444
2451
39709
2564
1972
4222
3070
935
3234
4244
2934
2622
4337
42963
64501
2235
2784
3096
1134
2241
885
1026
3794
2518
3740
865
2358
81851
2834
2431
3433
849
2069
2290
1127
19053
2101
9420
18233
35071
17401
3775
9206
13522
3418
2978
2337
3167
2623
919
3320
3935
2632
1351
1127
1583
3423
2647
52947
2011
836
1744
2303
34576
1937
3281
3003
1721
2987
2584
20898
1779
3945
1037
2025
3026
2910
1416
10058
22846
1804
30567
48265
2951
25622
3395
1677
1004
9041
2018
1681
1879
11339
2298
1884
5349
820
16512
2255
1511
2762
1384
2611
2104
24235
1162
2871
10446
2207
1286
1210
18958
545
2604
771
5509
3055
1735
3488
117658
1979
78518
3873
14884
1750
3341
3036
2773
21503
99550
4235
2985
1293
2097
27815
60252
3223
1873
33562
4847
997
1059
20461
3421
1426
10494
22785
3348
9368
19173
983
57066
1212
2735
16165
18531
2250
6295
2864
2445
5516
897
7826
2232
2351
2069
2779
3715
1891
3530
2252
1158
3616
2791
19115
3202
3224
2597
1659
1902
2136
2871
2021
2072
2489
1845
2100
3771
30744
1182
2333
2944
45842
10858
2316
3306
56171
938
70695
3628
1765
3153
1858
31007
3898
2593
47143
2448
1619
2240
1861
1713
2008
12570
1996
56557
3298
2624
4652
2715
24466
1774
2156
41517
38284
2542
2645
15020
18471
1018
1904
3301
12251
3047
3537
1873
2107
11315
2403
4321
3203
24727
3698
115806
2335
1381
4054
569
1012
1033
28762
4229
3170
46471
3042
6576
3664
1315
1711
1472
34852
2601
59541
39865
2456
2187
1753
40283
26519
2719
23022
37585
9562
1048
1322
3616
2554
1742
3261
2433
1411
10513
1849
3562
37728
7275
3091
2240
7090
2462
1899
18838
1174
1567
2003
1574
14739
3906
122155
51012
1415
9706
12797
14472
2662
3997
2151
2673
46413
35834
804
2961
17225
9749
2852
2533
3176
1702
16237
3212
13611
598
5024
3363
2020
1538
2616
1142
50334
2296
1148
6849
9448
2650
6031
1577
2796
3267
1945
7403
3698
3106
2655
2356
2548
1568
7733
2202
2084
33937
735
3009
2894
2593
4435
2818
20227
2168
3597
3049
2486
2143
2196
3699
888
10868
2064
3526
2333
2101
88472
40123
9718
2984
1568
44881
2778
3763
979
7228
3517
31043
1047
1451
19582
2284
7841
147596
1849
1279
1046
2588
3060
2237
22385
2236
3025
3551
872
48755
8120
1110
1800
4065
4614
10081
1348
1722
2017
2614
35431
4577
4361
43807
3208
10137
14552
3927
19449
2297
655
3241
1274
3400
702
3567
3139
2307
2748
3501
1617
2321
2076
2501
4168
2970
3299
3041
2947
7503
2141
4073
17115
2209
3041
597
15526
3316
12735
1829
2486
2235
2820
25959
1800
1339
1402
1660
3305
2104
10871
19513
1632
2768
2739
6495
2604
1324
2794
2973
2564
2553
4085
106944
2833
63596
2722
7928
2679
78329
2950
1255
3310
1849
3186
1710
46716
5236
20518
1959
2648
15801
1544
1497
1148
3383
2919
37579
2502
1298
3257
44339
1159
39365
31472
3316
2613
4807
3056
3258
5893
3205
1616
2090
1250
1580
1224
10582
33071
2632
2007
2506
1771
20954
36023
10983
3585
3357
1316
2266
1615
1333
3048
19044
2375
16366
20211
1579
112311
3374
2062
3013
3191
3548
2758
4267
3257
16801
15324
2455
1718
2395
109118
2415
24892
104937
2637
30848
1278
107859
2617
60615
1790
2956
2642
32607
7567
3231
29772
838
35612
21111
2556
5811
2715
3306
3125
1751
39195
39354
10740
1641
29732
3029
3018
8420
5488
2568
2895
11134
3171
13779
3549
2766
2178
847
1887
40310
6668
2847
1649
828
7619
10208
2375
3815
2188
1937
2193
49664
10489
4247
16945
26067
117905
4818
547
10978
3497
1242
37172
1344
28320
3252
2206
10821
4460
45772
1088
2246
2868
1067
1599
2779
2017
15472
3835
3391
22621
3094
1412
28188
62131
2198
30333
10981
7348
2418
2702
28586
10774
23679
34134
2046
4349
3354
10032
27874
1995
17807
3160
2088
5302
1063
12990
1912
9113
2810
2836
2893
1067
19901
3221
2896
3026
977
1573
31548
2125
2935
26095
1662
1975
16687
2948
1371
2900
6016
3829
3065
2530
2369
3964
1023
5356
3787
3308
3105
11562
2278
4508
1765
1973
3776
16016
2089
2795
45953
23833
2359
6107
2525
3211
1868
1090
1816
6752
2473
1858
4465
3383
54756
1828
844
35775
1602
7482
3610
3308
3322
2318
37458
1455
35930
1980
9577
38932
3269
29528
2462
27559
5802
66224
1826
14343
58835
2570
2890
1044
2438
807
1515
1577
2159
11234
1612
1642
13239
3232
2617
1510
592
16682
2208
766
5529
1369
1362
1437
7165
2602
3636
7423
2834
1504
1527
3311
1841
1089
1891
21495
2202
20478
22542
2993
2496
2161
21809
1278
5337
1776
23172
35356
3614
3175
1816
2273
1355
1674
39838
12857
3308
1721
1744
2479
2823
1535
23778
1618
5491
2531
50298
2960
2464
29970
5087
4104
3881
936
23319
2634
1379
7529
1502
1910
1847
14490
2393
6467
1504
1953
2873
81114
27446
1975
4510
3757
38220
1133
2539
1377
38185
16067
3233
3083
2344
1395
3297
4616
13585
3636
1368
2504
2042
6133
3393
2967
3979
114074
3022
1521
2938
11094
1267
2756
3273
1698
12016
1340
2337
29439
3532
2633
23211
12106
10399
20325
858
6691
16587
2962
7848
1460
2776
11407
2407
20101
1318
1137
2708
1212
1321
1403
793
2709
3149
3083
1223
4015
13424
4764
41307
2448
2511
2821
1717
2884
1882
1521
2816
3082
2865
47618
9096
1649
2008
47551
1549
3059
3779
40853
41198
2085
1010
1745
2785
2813
23529
28401
1316
2300
2270
4306
2761
43587
2466
1703
2690
28579
2157
13443
89541
17899
14038
2637
20883
22566
2811
861
3224
3234
8151
1299
10131
768
2269
8410
1440
1312
2784
1355
3456
2212
112430
15038
3281
25157
15505
4242
2644
4823
2351
31318
3682
1969
1855
2003
3135
2601
746
2290
2283
38542
2299
2550
23094
34353
1308
3173
67787
33775
52270
3078
1873
1499
737
1211
2961
2653
14513
19140
30120
6211
2240
3843
1750
4591
2137
2525
812
12144
2007
2859
16179
1802
29354
12743
23766
660
2737
4822
11024
4033
4144
28447
2102
2274
25228
1651
4540
18372
1853
873
9760
38907
12823
1491
2487
2382
1537
4151
2038
35334
3235
33208
1965
7722
2467
2343
3312
2231
2142
49665
22621
2044
4015
32169
68713
2257
23873
2698
3149
1833
3835
8787
16439
1177
25492
2253
23063
24172
2249
2452
19614
3094
1429
1232
4791
7187
1240
2780
38923
16483
36510
3977
3797
36958
1215
36941
12742
1814
2797
1521
2002
3335
1382
31479
933
3323
14571
5450
2949
1516
1219
2211
1414
2535
2444
1721
14536
1305
969
3550
18523
1978
1622
3231
17619
2224
3413
3530
8157
3351
1712
3921
41166
1448
3187
2874
1278
9301
42263
2252
3980
22461
1510
1798
3662
7242
2404
1402
2408
1536
50683
2050
2170
3191
3599
10550
16340
3722
9711
45145
3340
2556
4448
2733
97003
2460
2440
17124
1172
17240
14425
2729
2462
1170
2033
2385
3709
38326
19236
7794
2193
1410
9126
38565
2569
71995
3125
1220
1120
1148
30768
2434
2266
2125
21983
2229
1255
4224
2533
3641
17227
88809
1043
12466
2024
2369
760
3065
2182
3369
69422
3410
17066
2707
1543
1972
2790
2930
1421
2366
1875
2419
1540
3148
3846
55750
3161
2301
29873
1483
41483
43477
13830
69410
3365
40044
3308
3182
1214
1297
51172
38892
26212
1721
4159
4440
2468
1542
2995
1752
2441
1170
2397
3326
3951
5184
98706
2856
2293
3410
2134
56222
3606
37330
19673
37863
3442
2088
1659
3575
741
2981
2256
3091
2110
24343
1047
2666
25228
2449
1917
2442
6706
1458
2115
2284
12455
2405
7056
90492
17406
11874
1999
10874
4481
27875
1930
4082
3472
1891
2227
33751
1243
687
1895
4154
3874
28426
1659
1477
3196
17180
2263
2892
26896
1736
2295
1890
1987
1086
1414
41798
2051
2469
12476
3167
3418
52542
1324
4012
2981
1978
2877
1175
26392
1869
3198
2325
2337
1926
2373
2433
3311
37257
3089
1596
22864
1866
1592
21067
28119
1587
3279
42140
31875
2228
3199
2353
1352
1108
3450
2162
2310
3497
1605
2395
3726
67238
2012
5207
34746
3471
1783
14048
2839
87302
2567
1967
2529
2890
19794
1100
2946
1818
1758
4373
2309
2954
2754
729
8183
1487
2326
4283
3691
2647
19286
1736
46788
2253
2774
2711
2847
65401
2361
2722
3002
2895
24049
3407
2636
3051
2519
2324
707
2239
2275
1505
1052
6512
2394
1729
4034
2511
1514
2145
68059
1500
2359
67044
2295
1391
3699
57603
2213
3448
2278
2613
2177
20263
3862
20431
21101
2641
13171
3669
24768
6603
2392
1579
2770
22177
3906
1363
18206
66413
1670
1550
68973
3456
30046
2314
24285
34174
5602
3307
24313
4481
1927
3225
18740
18665
3136
2526
2795
2184
2417
4415
2975
2007
15459
2005
20116
15427
20639
2347
3962
1678
8338
3098
957
2283
3138
35998
8425
2500
62123
6091
124130
3772
39983
80295
2642
3026
2554
2165
1831
17488
3112
99993
2056
2103
6313
1064
50607
3167
1757
3119
1102
1044
1196
2160
1564
2337
1232
2740
31139
2089
2688
2953
2099
50247
1159
2150
1768
3894
2509
2647
3289
23235
3014
4286
25780
4133
28380
16891
1476
2478
30645
5010
3539
1881
34528
3175
2754
4192
4270
4769
8856
25886
1391
89215
2116
42171
2567
42325
1946
2102
2630
9602
1581
2823
100225
13546
3668
2640
36541
49125
3435
24684
2415
1701
32064
3121
23716
1742
1803
1059
188982
1085
2401
3262
1177
1743
9978
2439
1103
7445
2361
1945
1627
2407
3981
1922
1552
1757
63531
2916
29899
3167
9350
1744
2743
21716
18764
1519
20905
1851
1833
1728
20613
2028
2138
2360
2650
26659
1076
1329
2216
2161
36267
142120
2233
12935
5235
3066
13646
3458
127550
1821
3317
1321
1579
1953
12001
2333
3275
1740
12912
2991
9554
15933
13469
1691
30941
6703
2938
1660
2745
1926
2277
1976
2702
1614
2226
2902
3315
21111
1473
932
1103
1366
2493
2693
2922
3189
1917
1255
2128
2476
44580
1646
1283
2167
3045
26957
2384
35473
3123
2895
1323
1717
11024
8893
1711
2274
4417
743
3067
977
7505
55773
23279
3783
2293
7073
1065
7592
1481
2220
1206
8743
37900
10457
2439
2707
4308
14439
115246
995
2572
5575
2605
4964
35436
1453
16560
2405
1479
9578
3966
1639
1674
3051
2570
2570
2023
17306
30798
57676
1962
1527
2778
53786
8655
14182
1732
20576
3093
21988
67724
10693
3655
2858
2502
3580
1479
1789
2091
2269
2576
2673
2857
1963
3179
1530
1781
834
1710
1777
3250
2147
19903
2068
17300
11480
8299
4696
55874
100672
851
2637
23223
2537
2369
34483
55488
3466
3933
776
22583
6394
19476
1978
16679
2194
4071
81525
1949
1147
3460
1785
29003
3040
793
19961
2782
38141
21016
2679
3171
2475
2094
810
3397
2004
2815
2679
3267
1344
3193
3209
2193
2850
56098
1374
2699
1455
25041
2716
2741
2831
2952
6515
2616
12786
2694
2559
2295
1402
5229
1965
1515
66484
2614
2640
1848
2320
3033
2274
42167
12574
2298
2352
11109
18260
2617
47399
22545
2234
4112
1679
3432
2988
1895
33570
1225
18977
21627
1940
2238
36086
1499
2286
1824
1425
53708
5667
10171
2670
3833
38461
3170
5787
23063
9480
2304
33179
18663
6297
12087
2360
24030
2587
31712
939
4747
1036
27466
1375
2297
1044
1920
31342
3026
1535
1026
24373
2828
858
10259
65758
1740
1803
3843
19400
2876
3213
1685
3418
1103
2324
1562
1011
1316
3121
2674
11808
1529
2077
1758
3672
2258
11847
2145
2829
8819
2396
5092
3678
2074
2300
2075
41044
17326
1142
2435
2648
1342
1501
1039
3553
2654
1655
2341
38486
18260
2452
16792
53839
14707
1594
1262
58030
3023
1499
2172
1862
2306
1933
2188
3999
1976
868
22069
2557
1047
2396
3944
17390
28854
9073
3098
6276
1717
60238
15630
2618
2474
2458
9688
1147
23848
2401
1975
1268
3112
2574
3221
9262
1221
1997
2626
5045
1187
2860
960
24771
26573
1373
1732
3688
19951
1205
4486
6154
26006
7476
3138
11082
7764
13695
2804
23631
1008
5869
11824
2123
3000
2187
46871
3043
1586
2987
1822
3078
2215
1466
1699
9029
10696
25489
3828
3125
1259
33195
12630
2380
6054
11730
3207
2467
2781
1292
3369
2284
22161
2081
1498
15997
2686
2215
4771
3072
2651
1833
3604
14128
2131
1087
11645
2361
2983
3091
2428
6226
1366
2367
3109
44942
3372
2799
1637
1195
1306
867
2708
3227
2390
2381
84633
2512
3575
1348
3134
1912
2424
2029
3214
55110
190787
9865
3369
2761
2515
3897
2427
1427
2834
2678
1898
2170
1504
2506
1291
2170
3408
10474
3473
2597
2243
32602
13099
2756
12971
2222
2723
1050
1831
2500
27648
2859
3127
2302
2431
1546
3508
3137
1088
2596
71350
588
1475
1507
1309
4068
1825
1760
2708
1878
46962
4284
1316
2503
1250
42494
3014
3384
3556
2108
2456
2684
2128
2721
55713
3562
1859
1592
794
1193
2919
6672
2199
2621
64323
5133
11904
3198
11890
2588
12023
3138
21340
1207
17965
23649
1632
1022
21569
2794
2936
3744
11589
1941
3216
905
2662
2945
1458
2988
11968
2574
2419
2559
1509
1851
1933
1754
12531
1388
13165
49546
2670
960
2339
36319
6243
22396
2315
2416
4859
1755
27722
2695
3490
2718
70756
2297
22853
2278
3074
1694
2637
4061
1041
2791
2143
108007
2718
23456
3430
2973
2676
24972
29315
1203
418
2212
28739
1942
1594
34257
1287
11138
2583
2414
22468
2736
2793
17366
1246
1477
6434
1098
2264
3191
2205
3170
1767
1254
3140
11462
2487
1477
3320
12505
33143
3282
2417
1805
24518
3872
2197
20797
2089
4290
1560
35897
4849
8830
34414
4834
2954
5256
3003
2119
12072
21361
2207
2338
2660
82875
6581
3044
48408
2559
3876
2630
1556
1746
566
61707
24096
2464
27014
2432
2666
1601
1649
1297
2566
3215
3210
3515
2440
1559
2856
74662
32359
5982
106490
936
62151
1096
4028
2223
2884
16203
1353
915
13508
977
1751
1292
3458
2828
28375
2101
2310
1783
3152
1889
15607
2642
4442
2260
2289
1523
5201
3468
14657
1683
3609
3027
3105
1777
10767
40451
1678
2161
1675
2192
2435
3418
36196
2446
9324
2026
1549
2723
1430
1699
2188
1168
26605
5605
3310
2584
915
1566
3847
1022
95704
2519
30884
17339
3789
2324
3268
1457
8351
27052
1888
2231
3367
2004
2169
1513
25918
49260
1804
2262
23876
1942
1093
4128
1930
4098
3155
28197
2241
1850
3167
2630
22373
528
1300
1972
3272
17004
9351
4753
18126
3156
970
2958
8944
1817
43417
2177
8438
12596
2823
776
2841
21033
29560
1955
3331
2599
2288
2339
2079
3121
2512
799
2403
1918
2165
2988
2958
14351
1370
1484
1662
3239
1059
1960
11494
2817
54850
1000
1841
2617
34264
7698
3105
24073
31767
2434
1846
4774
2225
1776
47759
1466
1854
11895
39014
43941
32869
3925
2470
20401
32310
3195
1427
28651
2428
13761
3191
2184
2442
2288
9373
2879
1915
45087
1615
3630
3607
3093
53250
2074
4468
2979
3280
38963
4068
2002
2784
1281
2206
2500
3573
1945
987
