587
1493
843
705
801
1072
1265
913
4059
761
417
400
1265
1304
1055
1401
440
555
1995
781
665
368
842
1445
431
588
337
661
993
250
533
785
1175
738
419
810
624
905
1891
1258
1435
491
774
1302
349
828
1065
545
1759
574
769
1152
585
936
614
837
918
2070
411
771
1504
542
485
1381
1000
734
1154
937
1146
616
639
542
2104
1148
598
762
1787
566
630
553
820
454
1330
608
611
624
292
576
1433
539
839
406
1602
352
1009
813
648
463
856
495
403
377
1043
1080
1036
572
1057
836
635
724
1349
1194
1024
687
525
1055
577
980
1550
346
1006
1149
689
1444
1294
997
497
422
1220
448
779
2555
403
340
903
1024
1290
1321
1001
613
2107
400
735
1137
571
961
679
381
443
445
1128
688
1035
662
586
379
823
1001
2980
1307
1027
1430
447
653
1226
545
886
627
1744
533
387
484
371
650
513
2044
1077
981
938
736
784
1394
470
539
714
277
1378
1171
570
1921
844
265
715
464
383
1127
706
1206
960
798
1439
319
590
790
1362
657
1075
1311
906
1757
691
751
912
318
552
697
394
1120
979
228
1089
551
580
905
756
1034
903
739
481
1803
667
821
288
1888
734
755
541
1615
1049
517
549
427
245
674
812
776
1650
1048
727
771
493
1547
1307
767
632
706
870
1051
458
863
1340
1156
868
1651
1400
1756
968
617
858
1050
454
434
1626
900
573
822
758
977
584
588
303
1331
677
593
808
571
2433
496
1073
373
602
458
1116
496
1149
329
1276
762
142
856
988
2231
1965
1455
1156
790
1754
1181
817
419
948
921
506
1907
990
1684
1733
848
1378
664
1260
545
922
633
837
426
3435
1363
572
970
1582
1189
465
877
645
878
1544
799
525
746
567
1550
622
2452
742
629
815
1244
1080
570
1423
986
1043
818
1303
466
2698
1672
1391
496
762
843
288
477
1347
638
696
1323
751
758
532
904
786
496
529
690
1239
917
886
860
1031
915
669
669
548
265
375
1942
897
1424
1023
574
2057
272
476
1012
535
1859
1028
2190
1445
863
226
340
1487
814
632
401
529
833
533
924
975
783
1418
1543
2178
1254
359
943
636
1432
785
1104
375
648
660
979
362
456
454
990
1159
463
801
687
524
294
543
1030
421
568
1000
1211
1173
1174
590
1529
990
403
730
781
709
1226
757
1357
610
423
867
868
567
1293
778
424
1253
480
1734
2105
541
769
757
280
1246
1199
861
1526
904
485
618
602
1615
797
884
351
1294
683
245
550
526
871
877
725
963
682
2577
782
1655
627
1094
641
929
1064
1409
1432
1553
819
2079
509
1742
880
909
391
592
561
204
1034
985
723
500
229
1213
3553
1280
1439
567
724
1545
1634
535
1803
1314
742
1297
998
435
431
714
1111
583
949
1305
882
692
723
1005
485
611
1016
792
1240
282
526
285
781
542
488
779
913
856
1278
727
739
950
405
1139
327
867
284
546
772
1042
426
1591
1139
724
788
885
1145
462
318
368
659
1187
844
603
696
1154
595
806
704
425
513
748
1617
481
477
1086
1789
1517
2352
715
1489
1341
602
1197
507
1892
459
449
491
1553
1237
719
1088
967
1175
717
928
1817
236
344
1700
674
1474
972
1036
890
3223
1177
1164
1086
1247
2445
889
903
479
1008
767
1001
530
692
803
956
1138
2083
485
1438
611
1250
695
1628
291
760
519
714
747
1765
652
722
682
681
458
1832
896
708
1370
814
539
911
699
984
387
1847
547
455
579
892
1200
687
899
796
797
305
509
991
539
1018
1142
637
532
1119
601
1377
733
2111
334
747
957
806
1211
1004
1584
540
546
850
927
1714
1105
654
1522
1163
1216
1285
1473
1343
327
1021
609
718
1713
1577
609
1863
785
496
484
794
1445
1487
347
424
430
550
712
773
935
944
587
790
650
1202
1446
1027
819
1330
1621
1061
1137
880
873
818
482
758
1764
424
823
459
491
770
1091
984
875
1758
630
2265
308
912
736
535
727
1254
470
485
1300
628
306
815
875
590
454
560
969
888
994
244
622
480
575
1535
1340
1126
642
2645
1100
453
443
1044
918
1302
470
1568
1178
699
396
549
350
395
390
976
1090
1347
1236
1746
1211
570
999
1030
447
856
867
1090
423
484
514
878
933
538
1923
851
2155
2191
601
1226
719
1148
688
882
1466
1125
894
758
650
286
330
1322
882
593
510
510
1264
2019
638
502
1152
548
719
664
800
1483
481
391
667
1233
2284
1261
373
1387
884
1310
461
639
2374
585
535
3016
685
876
1196
662
673
1620
199
673
613
1984
1078
1206
1132
1827
1158
698
526
660
703
834
1012
704
435
1241
1117
664
753
1547
825
1021
666
729
372
710
1023
654
1100
521
1215
578
633
1123
929
574
467
1181
1992
289
804
986
2181
614
658
1423
424
2196
327
2032
581
792
2367
846
342
2201
543
185
366
769
572
714
838
1049
1302
533
645
1287
508
696
1361
1281
1026
1458
714
910
381
459
898
1002
967
1205
844
508
1314
845
476
543
696
1255
465
872
685
781
715
615
1394
660
1305
953
913
598
831
1436
593
992
1059
558
499
340
1007
552
747
416
1256
729
1434
1375
928
3009
220
765
1767
620
724
1634
721
246
1473
454
729
496
1014
1599
1763
570
414
1232
526
940
1925
1134
464
1494
1057
1199
707
640
1112
1601
932
974
814
453
2078
728
938
1582
2185
1006
771
431
918
533
317
483
649
762
317
257
290
1476
1061
1025
750
620
1081
551
834
955
656
784
772
617
1148
389
637
1344
1331
393
522
1703
1022
761
417
632
1232
386
328
2194
1115
272
1816
2194
532
639
1610
1980
931
1067
860
519
866
1650
449
754
1005
1019
442
755
1326
725
1735
370
650
1087
728
772
1366
1295
794
291
1014
1279
286
522
442
908
504
1249
516
727
1026
842
606
574
1025
644
523
567
805
1355
674
418
419
2066
820
772
1129
1472
340
512
1759
2608
900
504
1765
758
1831
788
548
361
1058
1727
764
1809
566
557
521
1533
394
692
681
1329
608
659
539
216
1051
1181
992
1291
492
599
961
736
711
318
633
551
448
1463
556
909
1204
941
358
699
500
546
323
662
892
1367
1205
534
576
1523
654
749
620
988
745
1963
1467
865
393
1211
393
1660
911
938
1706
912
813
1667
384
713
722
1356
990
788
1217
530
1428
451
1150
543
1667
787
899
913
687
507
557
504
1859
904
1377
776
2197
664
1287
339
608
891
561
1390
419
513
1057
1106
1930
279
591
746
1012
749
547
314
1062
774
1998
706
1013
354
1310
563
423
724
556
1536
1547
1447
461
1410
485
596
699
374
900
720
777
722
824
955
1090
558
970
954
556
472
1361
347
396
704
480
756
304
365
1014
360
1583
2175
1347
1896
448
1158
910
1023
2195
1484
537
1082
1648
250
483
487
950
427
1678
990
1669
1160
1573
918
1680
1110
797
541
1259
2182
697
982
808
492
926
1043
711
864
361
731
576
1119
556
836
303
655
392
714
927
2502
719
1488
575
880
1990
1370
829
1589
1033
994
507
973
471
579
948
717
1197
189
376
955
1714
536
662
1086
1009
458
466
427
1491
521
1515
533
720
959
1431
675
327
671
2496
248
534
1056
425
1021
237
1299
585
675
715
451
850
1699
504
715
961
691
1103
947
716
498
1091
889
422
428
854
299
690
1106
373
797
714
1074
977
1226
1331
1191
1123
693
546
672
910
361
508
888
1308
815
591
1415
756
482
401
548
553
922
758
516
463
1021
974
611
996
919
548
1016
984
1123
1276
797
946
1625
1371
318
733
764
862
1262
905
1296
792
1473
1213
3008
1698
734
401
436
451
418
1292
953
299
518
712
1347
1145
702
365
698
735
472
902
457
959
1046
1032
381
865
1252
524
519
1112
807
1064
354
1990
880
1394
727
890
886
568
1972
539
331
768
742
1520
559
791
1397
407
2696
859
797
788
1711
905
898
362
1505
233
480
319
943
596
1396
484
675
512
687
326
732
421
3346
472
499
589
578
572
582
567
444
1486
1166
428
2231
1125
575
809
791
309
1315
529
1035
1211
536
735
563
674
851
153
1052
853
328
685
467
698
759
1661
421
521
582
1827
1185
533
1050
636
606
511
766
509
846
911
685
545
340
904
322
554
968
1109
843
699
982
663
1177
684
415
410
379
1363
497
2836
383
495
773
1195
758
527
950
1301
776
1006
460
440
714
708
823
513
261
625
870
959
624
1336
566
747
881
1351
1903
741
622
575
537
606
807
1464
443
587
1406
1104
2160
1273
1647
389
594
891
1416
613
943
1443
838
441
1083
909
842
652
911
775
1081
1221
1068
522
955
1252
596
1292
514
1057
874
1131
819
844
993
1351
1563
347
1524
563
792
481
1051
1181
1393
530
511
1048
1709
1472
1085
1039
1738
848
1305
629
504
1653
1437
395
1734
1548
506
745
2815
817
1024
647
286
305
715
241
1869
421
442
1206
1197
198
625
427
410
689
716
643
723
412
725
419
505
547
1329
590
1245
1162
574
828
666
905
964
2363
1415
1047
838
600
1262
898
483
719
720
1993
1077
1029
682
876
867
783
777
924
757
682
1904
697
1901
1084
942
589
1066
834
1060
748
1258
1128
991
568
1388
437
600
416
676
681
705
394
647
607
603
820
746
552
193
809
2087
837
1661
1032
1432
711
1500
642
843
1015
358
1110
773
435
1050
1374
634
870
1079
1317
1606
716
1700
1271
330
471
742
901
483
637
524
1523
623
1596
1354
422
375
1777
1188
1431
322
1114
413
509
875
1362
1037
740
1345
553
654
591
1392
1022
523
374
462
394
950
1008
928
341
283
885
670
653
1271
408
1055
254
542
930
617
887
1097
488
641
1068
637
884
771
637
709
429
1205
456
1543
721
452
563
434
946
1044
634
1801
355
454
868
463
1005
1275
858
367
2042
637
1137
1167
397
537
886
357
291
1391
890
974
281
574
591
880
843
692
716
1084
1076
524
929
863
613
822
530
366
422
1197
666
459
2733
526
243
924
401
1401
648
709
468
562
733
631
833
1102
883
356
309
920
749
737
1284
460
528
2700
982
905
1032
463
897
1081
667
592
650
558
814
1146
974
1369
529
1063
845
713
613
1129
598
406
759
810
664
1234
350
544
561
698
2045
2223
341
1911
393
921
1299
874
444
1227
544
648
2214
923
357
1109
963
628
980
499
416
916
524
1832
900
1202
887
1192
344
1014
654
604
1226
849
2422
1063
1270
1189
1947
1431
788
1078
1150
538
490
545
590
376
561
528
971
804
1111
811
581
845
842
774
786
544
1190
237
1728
690
966
994
620
525
1343
1889
641
794
373
447
962
870
685
768
1380
406
1627
1011
1757
1058
801
1709
1038
1095
506
560
533
605
1830
927
175
556
2078
765
469
577
1513
1625
1152
895
1705
1018
1601
540
1053
1520
1119
1372
751
636
1154
556
1120
531
433
454
2457
2361
537
594
1045
1036
823
553
664
1880
556
598
2108
401
2292
935
439
526
740
1228
1220
688
415
607
2093
463
1301
624
1324
603
514
536
578
422
969
504
2346
1395
394
309
790
823
611
508
677
1404
663
424
2028
849
1042
2151
571
821
2639
1120
760
980
509
515
740
1268
1372
905
1237
1516
580
465
750
1346
718
528
847
650
554
701
1414
598
466
553
903
773
710
693
362
734
1120
818
612
1132
912
1449
564
579
678
1228
1162
2095
345
1035
737
359
1292
1627
319
802
527
870
740
819
453
640
2717
536
531
810
1088
567
1282
542
952
571
998
947
1054
534
1052
376
394
1440
822
901
462
432
757
452
820
1022
749
1548
491
443
700
545
475
746
1058
726
831
510
1367
913
581
417
429
1088
632
542
975
1073
651
479
1175
1168
813
1135
1399
749
537
422
2186
1073
1480
389
1591
1207
640
631
1887
646
617
796
1329
395
451
1176
1457
491
1894
322
1631
750
558
527
1779
495
489
1374
813
1549
2252
848
793
756
616
474
821
880
622
345
681
558
494
360
538
3352
418
1224
769
747
747
484
1325
348
1215
561
543
1255
618
1477
800
1163
1265
946
481
672
257
1151
418
1094
753
862
1292
1405
735
774
1178
328
662
1997
947
2519
918
520
620
2265
880
1229
222
532
904
1248
1146
1317
1795
1774
423
863
1031
888
1100
1311
661
1181
1071
756
184
1940
256
313
592
511
861
700
557
811
343
1402
1291
265
530
561
732
977
580
728
824
556
631
718
1008
425
694
730
563
661
418
738
843
610
498
173
538
889
1302
1769
514
361
1007
1381
1228
976
397
640
856
379
1041
948
821
578
457
390
1311
764
526
395
485
1217
651
843
603
395
492
1610
450
629
608
2700
531
376
1078
926
602
687
940
277
907
392
765
1162
815
574
328
1346
912
1185
786
944
1183
929
1313
1102
1259
1061
674
717
598
619
428
818
810
760
433
1377
1093
664
1922
1057
1235
802
377
1473
687
954
1019
883
1086
590
930
688
571
1720
769
456
1719
1809
791
250
760
963
756
851
688
358
526
1140
1021
306
404
1077
640
756
1474
446
1034
232
319
1365
622
1019
276
663
623
480
974
906
1044
670
1131
524
1196
842
733
352
986
396
2230
1463
479
655
660
879
1033
1484
759
607
616
1586
634
636
1123
771
1769
506
668
1679
698
1266
943
446
419
477
915
778
935
325
775
251
1376
1171
727
584
547
808
906
1213
2254
1078
859
799
562
154
914
520
735
634
473
737
681
911
371
752
1185
1659
778
389
1745
1234
2155
584
779
760
370
1025
866
1047
535
620
1425
823
1492
1211
1101
1349
1104
1304
419
739
782
506
715
615
1017
1411
1347
2761
479
472
763
497
756
598
519
1331
1323
1232
1168
721
297
647
324
2655
601
1603
1346
1030
1537
1440
1616
807
1002
846
624
2566
412
707
1374
1109
475
734
1364
871
1412
1538
639
1403
744
1232
1744
720
795
648
1050
405
1223
461
728
764
1297
773
551
754
537
742
1263
1170
695
488
735
604
1207
485
575
1775
821
645
311
877
748
581
830
533
1021
1154
838
614
710
2152
504
837
380
724
479
570
1050
1358
744
417
694
1415
439
1496
1369
767
799
1019
888
831
720
498
959
1252
1766
852
937
914
1378
1023
325
517
965
501
821
441
671
1041
1918
805
1079
1207
731
811
1401
1942
1394
693
751
1120
634
797
741
602
653
962
1048
293
1523
622
810
1042
568
940
1027
750
681
613
699
915
704
1321
993
907
798
865
567
1126
689
731
2172
653
891
1809
963
1079
796
1425
381
1280
1083
729
838
1494
366
678
557
257
1365
352
2132
764
839
269
738
1097
344
416
979
959
714
374
613
350
1265
511
456
698
700
671
1288
432
639
1009
2596
694
546
271
599
982
938
623
817
766
352
490
1024
622
891
434
1041
857
228
168
1264
1109
1224
581
1143
1157
803
843
371
941
569
272
737
683
237
1032
337
2117
404
538
1910
559
930
671
1050
885
589
513
1204
2676
1257
2273
1179
501
2500
1539
1507
1112
1405
450
1957
1261
492
938
1502
616
935
1165
640
418
456
788
466
629
890
743
571
731
422
841
384
541
283
674
1254
682
800
502
1157
345
353
2036
543
368
861
792
381
661
514
1069
942
767
959
741
1702
888
382
1585
1242
1232
905
753
761
975
605
786
1317
912
1042
1108
890
1017
502
1544
1185
694
420
462
886
475
1976
447
846
1036
771
981
908
720
879
922
1004
859
874
1205
447
732
522
952
1080
788
1027
657
584
935
666
756
673
847
760
654
610
931
850
806
1723
604
443
1043
1110
912
637
674
674
1191
786
716
877
874
1053
1624
1029
701
1615
804
567
879
1163
1659
1234
789
1280
1114
633
1020
1190
1066
616
506
448
641
1056
1695
791
1505
649
1074
667
608
2333
578
548
614
419
704
1094
872
850
878
478
823
347
1368
497
678
495
774
1116
752
1050
485
970
1135
341
963
963
1148
820
687
833
772
493
1060
1597
1371
658
456
2261
1063
258
831
1179
349
867
854
700
1078
1014
343
335
1360
1252
373
1222
419
441
532
919
892
657
1511
627
891
564
894
852
533
516
691
1073
403
2305
597
1289
505
599
746
554
1034
456
919
777
1598
356
1398
205
157
729
496
1099
884
2178
507
1151
317
947
789
1749
314
426
306
910
2786
542
1388
1023
439
1637
335
249
1311
892
861
1419
3212
1470
1360
1030
1154
1164
1122
696
191
460
838
263
778
1219
984
693
523
1752
786
730
905
627
1367
433
2290
641
1120
780
1271
728
658
416
460
638
704
1381
696
675
793
1076
714
576
1647
942
2325
766
590
849
324
1295
817
306
944
654
1662
1072
735
798
434
753
834
512
470
613
1077
548
993
1614
1143
599
560
1735
457
849
537
824
1500
332
237
2007
1084
298
221
1010
469
1281
2324
972
991
823
1023
447
1715
422
809
295
688
821
383
654
457
1541
294
1326
1222
476
1009
499
1242
797
670
1219
537
1032
616
820
361
1128
544
680
196
563
973
1012
494
1868
683
2002
773
438
609
548
1476
1352
2018
244
727
756
972
955
465
1265
715
909
385
292
540
898
1504
419
2050
554
460
576
637
756
758
336
1270
548
396
316
655
750
793
1331
710
984
383
2019
658
1173
395
1013
1047
986
620
660
271
257
819
1160
440
807
1363
570
607
747
1382
1779
665
642
1070
1061
1690
529
1199
404
456
730
794
781
1079
799
841
609
1190
454
419
633
473
542
979
702
540
390
475
704
997
1159
540
1379
755
344
302
504
650
1083
436
370
1338
815
1479
669
799
301
465
626
1800
1010
1172
1058
809
522
1229
759
1130
610
2455
862
288
1102
759
782
2267
1219
582
873
318
780
1668
968
1173
906
1391
1020
1178
340
2173
552
566
315
703
397
945
2574
1427
894
647
1534
763
1659
729
993
902
1344
1364
851
788
453
1012
1023
1598
356
2845
931
357
369
675
687
283
376
1060
433
1862
1668
1258
1393
400
1921
540
1229
796
536
673
733
888
354
445
943
486
1357
822
291
610
571
677
338
252
479
418
1061
1333
1919
1160
659
1050
1038
1633
698
628
1332
1286
349
965
394
1010
1655
552
1224
801
1226
1247
494
291
709
594
528
415
2111
598
1220
1626
660
538
2575
2479
543
477
926
339
942
1061
750
1184
1001
510
1606
517
1185
894
491
735
1032
1253
1503
2501
270
674
679
700
635
737
794
1136
1340
862
1037
439
976
745
1911
706
915
1435
1313
1314
623
522
940
1408
821
464
730
597
933
639
490
930
282
960
1098
498
393
2410
794
1337
847
813
225
1238
819
740
1560
613
1596
2837
883
701
1109
758
699
430
1099
1347
478
552
709
666
1239
1230
1072
1757
1946
376
688
1053
491
494
1695
785
452
670
1983
1437
1244
939
723
1083
1123
649
472
1038
492
387
577
430
522
600
765
468
900
473
2172
833
1496
1166
977
543
481
620
139
794
602
806
1425
283
683
1103
785
979
1467
892
2526
1644
435
842
410
878
1235
768
1083
2604
1632
733
954
1261
1511
958
776
867
1041
490
589
797
700
882
628
289
550
681
402
495
624
593
195
931
1557
474
582
995
1341
965
746
1212
1117
510
2206
977
1406
1271
847
1425
949
420
591
814
1840
1488
1417
1417
860
815
556
935
274
957
887
743
793
786
693
616
1832
1049
552
1544
1303
361
828
1347
1224
1021
983
838
527
892
407
1019
1477
702
1144
2049
540
1048
881
629
396
662
768
831
2014
678
574
223
435
387
834
716
640
1009
827
1919
980
1879
664
1058
892
617
934
502
693
640
818
427
2085
1669
491
865
1115
859
847
1198
697
578
1703
919
479
893
540
711
870
439
684
1126
790
883
823
2069
370
423
966
627
1627
1287
619
1271
763
1110
1734
575
539
1096
986
570
729
819
1737
1909
737
581
1439
803
2692
659
406
786
483
1929
693
849
1798
540
1362
270
757
558
663
429
1094
957
698
1539
545
907
513
826
1212
1170
453
862
1807
999
565
721
1414
640
618
451
910
679
1317
1205
597
534
820
1112
885
1290
842
1784
1313
1102
549
1190
1779
687
1492
710
844
831
1044
1225
703
735
814
524
633
1101
1002
1021
600
669
1341
639
592
836
507
657
1006
961
996
498
1061
672
458
487
849
1676
799
576
711
698
954
271
1550
1039
612
628
238
468
484
1157
1906
729
200
1631
1558
745
1660
896
1380
768
1221
786
1296
1351
801
662
1117
1035
722
1046
486
557
499
1507
355
819
1417
616
1230
425
1010
3241
446
1895
895
624
2360
525
1197
2312
555
331
983
1526
290
389
1165
671
590
938
1492
718
919
432
877
1074
493
895
434
329
597
824
2484
1118
1992
341
624
1123
1066
592
549
522
1075
706
925
361
407
2171
400
731
902
1132
662
444
2394
822
330
499
579
1095
1660
1103
328
397
143
1054
467
662
576
788
902
729
1127
431
576
380
693
590
956
1531
1130
1327
2751
851
639
777
455
1259
442
702
1599
581
481
1761
458
897
620
1321
726
891
392
1209
1035
1031
498
2050
473
776
853
1223
514
790
764
823
668
1128
623
1163
598
865
1932
708
443
1836
648
819
868
553
779
608
678
449
580
697
972
1012
1799
1034
497
1191
797
1235
537
772
803
676
692
1646
895
329
698
346
489
879
603
901
618
597
841
943
859
773
567
525
534
652
662
1244
727
526
1510
539
710
602
939
912
594
585
412
587
1001
1189
1044
1345
3678
388
777
1146
1809
769
188
876
905
483
1657
1353
978
702
560
635
1290
1011
445
563
2055
732
168
515
690
635
937
664
1330
1061
479
703
582
651
679
531
593
511
1415
839
429
353
613
1007
854
1696
998
1820
1267
472
627
336
1861
293
830
785
862
562
828
1256
491
537
1763
927
1372
521
2935
1297
742
342
524
714
688
1510
352
348
678
682
446
1202
1596
741
1095
1118
980
509
829
881
731
341
648
939
931
559
1289
1598
773
2612
1238
424
1091
538
860
841
658
1276
791
576
459
837
736
1426
624
731
1089
1487
478
526
961
1411
500
1108
1110
868
563
1128
1799
511
1041
537
1237
420
903
538
411
735
1314
1648
640
1456
497
719
680
900
1722
662
1312
704
1140
560
400
781
805
478
626
988
777
1817
444
715
979
1534
710
958
490
451
706
811
1259
910
836
839
730
1968
941
304
1150
1419
377
882
1500
1205
633
980
321
384
701
404
1547
1070
811
1098
500
391
561
1060
573
682
485
367
425
458
1747
476
1179
860
376
503
1660
1388
495
1300
505
385
1612
1205
1048
1168
501
1014
692
930
1565
645
164
1183
480
936
877
996
2193
1242
581
520
705
733
871
929
1589
561
901
678
281
837
1276
795
1291
950
415
1231
751
432
266
1185
849
1118
865
406
1062
619
704
499
1317
656
911
643
586
739
520
1730
1235
379
906
341
1093
1650
757
577
450
2477
818
1022
1536
493
756
1001
565
248
734
997
798
1352
458
2792
1047
420
596
792
879
1240
779
853
756
507
593
948
443
514
554
650
1712
1697
914
608
1919
1601
922
993
1619
826
1000
1472
906
1251
521
1149
639
684
881
1329
1596
993
855
1063
664
1023
993
417
610
856
662
697
633
200
411
633
870
750
443
2346
1115
1263
134
1066
1225
983
1578
1331
2061
464
1369
626
1502
441
685
754
1360
603
450
845
780
644
1425
1507
767
604
851
638
421
947
1032
1196
350
1083
583
1646
397
1133
691
525
691
680
399
289
1189
999
384
2313
452
1289
813
550
972
1528
715
732
1050
1204
803
805
867
1337
588
529
769
879
525
493
1027
894
616
1030
953
1123
733
466
613
500
686
1020
1478
847
967
439
1349
534
532
855
452
789
3420
1647
997
1487
875
575
611
715
611
624
766
989
568
663
1294
392
1267
1205
803
357
452
645
2268
598
641
725
629
738
579
563
1316
1627
433
401
675
690
1517
743
1289
645
417
463
416
465
600
412
578
1256
982
1144
1049
1023
1337
972
888
1134
373
916
412
588
284
598
639
1411
714
1067
511
656
392
774
1514
1303
569
694
850
1054
992
1695
1413
868
791
632
1270
911
1034
1339
401
790
765
864
893
227
950
1298
759
1162
512
1225
469
552
742
881
713
596
1327
735
1441
1102
1347
440
785
527
905
169
988
491
1177
1915
1687
3091
1269
599
495
584
405
928
939
473
392
1188
1423
1336
929
723
475
777
1113
713
1765
615
998
641
1024
712
597
318
1061
2061
835
636
1563
1524
1995
633
1823
399
1492
950
864
902
570
1330
629
769
744
1879
527
288
1216
210
1379
1258
968
1090
1017
1144
1415
576
467
1014
799
462
1384
669
599
1270
583
1657
683
866
992
434
821
706
615
318
1085
635
855
623
1043
1458
753
1216
1055
839
1856
640
517
1087
1114
815
630
712
1022
1096
378
328
935
971
593
491
430
1089
340
639
683
946
635
1340
318
732
871
604
614
397
1141
687
931
1152
815
1349
1195
408
595
817
2264
458
853
1583
1062
363
1140
904
349
875
333
616
590
194
390
1844
1167
1356
616
1097
619
1785
367
1107
1250
859
537
914
866
358
1031
319
753
562
279
1545
386
551
1145
1221
1015
686
858
475
675
914
749
756
590
807
413
1502
1202
666
690
576
594
937
721
515
1139
708
611
1236
582
696
1244
407
299
1882
620
629
340
887
985
659
755
452
1105
1047
1221
1118
372
1437
655
532
801
1608
848
1449
1033
1161
1011
1555
596
201
578
1429
1257
904
582
901
710
737
729
331
868
898
1972
273
600
734
195
731
763
742
829
403
665
444
776
490
1260
514
934
1035
572
1136
1092
331
1025
634
447
1851
737
787
800
439
575
856
1178
707
465
822
1852
863
668
579
944
300
1217
640
1023
2463
766
816
643
585
1926
986
1019
686
540
730
807
995
2448
732
883
788
667
535
1140
445
464
892
1266
471
1158
497
550
960
1585
408
608
1796
1168
1327
743
454
1610
538
1119
1593
525
422
876
959
1324
452
817
945
562
1282
588
615
1100
691
813
927
1052
2004
1702
695
714
1963
1696
514
505
1039
860
992
622
790
551
1187
367
544
834
1605
1283
339
1827
786
592
1148
1868
432
866
886
828
656
861
1164
813
689
457
1299
2069
988
740
404
412
578
1094
1454
376
344
878
369
542
898
532
541
582
267
1465
753
900
810
1037
1280
774
579
1127
2523
650
2934
838
1907
393
253
918
508
483
402
320
105
268
728
954
608
570
2194
923
1149
1527
890
2788
868
346
504
1066
783
810
2599
313
560
618
721
1338
488
1527
2363
894
1222
1826
416
480
1294
582
441
834
657
1541
446
635
767
1991
950
628
701
1021
356
1366
685
791
1342
957
588
564
740
1223
632
1188
830
1185
705
538
693
951
2069
1127
1383
835
1436
1007
434
706
1301
726
1798
429
533
891
498
749
702
1461
1201
1091
1224
403
469
978
1212
1746
596
1293
1549
1376
743
371
3213
2086
551
466
379
897
801
1517
927
598
595
432
943
1510
638
704
513
1364
786
541
702
335
1112
1255
2254
1193
1112
1920
543
203
567
476
1173
482
537
438
769
1249
653
1812
750
698
823
539
769
1225
219
1363
313
802
654
767
839
747
387
359
699
1228
1237
1431
517
759
823
422
3114
685
726
1315
1198
687
354
777
732
1967
1027
902
1058
809
490
938
654
419
508
739
1638
522
992
681
639
929
793
908
673
648
762
491
753
392
537
419
1938
586
892
1072
602
469
681
1247
972
987
719
381
1651
1446
672
390
785
286
1970
867
302
870
1552
682
751
412
1045
1731
1445
1002
1907
560
3074
1820
525
1698
376
813
724
1314
1117
562
701
874
711
519
504
718
670
1079
1925
1093
630
454
617
1119
977
412
725
1090
1070
718
1219
1513
965
1137
678
1272
515
1217
984
712
471
1415
1031
985
1494
482
894
1296
371
339
527
307
738
1178
306
767
2685
566
392
418
704
456
1074
522
683
1584
648
481
1200
1094
452
497
867
716
2105
851
279
1016
242
828
603
393
429
958
1806
214
727
1441
500
1139
721
1429
1163
873
2692
1449
1657
1473
744
1490
600
832
2042
1316
1421
544
482
492
968
614
1440
2823
1453
1520
1110
1197
435
895
726
898
432
1007
1145
874
938
1327
1615
706
548
880
951
910
475
1010
508
453
1014
912
1015
558
715
350
575
1620
724
305
501
661
534
438
573
3045
623
772
666
1469
299
805
663
626
1190
871
874
396
369
170
513
1004
1003
739
1816
874
249
986
1549
592
804
1225
1689
865
1553
320
647
1332
816
425
504
673
1067
681
595
464
476
740
886
488
749
700
472
727
636
844
659
551
288
455
568
717
800
1028
1475
1213
1313
987
592
1640
1870
1794
1265
1394
468
323
678
837
779
399
1289
655
667
1070
480
594
1026
1982
555
579
1448
601
2301
1438
526
1142
3201
710
672
719
879
1401
574
1443
774
2474
853
839
1465
598
361
787
497
861
775
658
503
618
474
1002
1139
1000
3049
1131
852
2133
1237
1694
1620
363
470
1158
940
992
379
444
647
993
923
638
627
1114
736
1497
1085
743
759
2395
631
839
700
755
626
905
499
469
647
872
247
668
485
894
326
1149
966
727
1077
689
550
478
712
798
866
759
972
661
1219
1208
184
757
1337
1284
692
287
607
731
434
1118
1266
741
347
803
575
1101
382
1240
1302
1158
1684
1161
604
703
537
804
877
956
984
1070
1206
710
990
532
1025
568
961
443
1279
1941
853
229
569
816
1372
834
1707
242
892
1130
588
599
678
766
914
966
1404
572
1296
922
707
1163
781
896
316
417
1135
468
2134
1104
528
1052
1204
727
490
1160
1354
1977
626
386
474
878
857
945
926
2187
1333
370
749
1417
1087
596
639
793
996
951
623
611
1055
1149
1003
875
428
1453
708
582
809
248
515
669
424
911
444
564
1317
1118
2114
1390
2124
497
587
605
733
3138
623
447
924
489
377
1063
1037
716
1018
808
1105
298
1381
424
1009
1713
726
1353
854
979
1486
254
1013
419
1708
871
2031
586
355
1364
2030
920
835
395
719
504
1165
630
585
671
863
658
1539
731
840
771
465
1514
773
2578
233
1092
468
596
1084
1093
493
916
864
972
770
872
1207
990
772
1254
880
327
462
1537
907
1781
641
327
715
562
166
1441
1026
432
813
892
796
438
820
612
748
1015
724
853
1284
594
655
967
959
752
789
748
1283
684
1938
451
1019
480
1138
1965
438
1696
1239
628
2881
995
372
716
633
2143
666
635
1110
1415
1103
371
1825
742
506
1010
794
1166
513
848
886
1084
431
688
925
1317
546
1342
533
298
425
343
497
370
776
589
461
1140
704
1099
1488
821
2330
255
1047
907
1144
649
505
971
610
727
592
740
1460
2103
919
1168
1093
1041
434
767
1221
1024
348
1143
1351
932
821
619
390
1437
924
2008
1431
753
1617
1114
1077
385
1046
538
582
1140
233
802
629
842
649
300
904
649
506
3131
557
1938
1103
471
938
1275
835
484
929
772
1283
937
812
584
637
1734
1725
1488
1020
1218
532
921
888
1081
435
724
313
513
548
1021
585
806
1504
593
578
653
1226
831
681
554
475
844
949
613
943
687
1201
1161
544
932
678
1973
688
525
1344
631
677
1005
1945
1476
866
1033
780
1957
1220
643
689
509
467
1724
2930
964
645
944
902
1184
1289
392
906
1511
1557
651
1435
1064
544
231
623
1235
666
1101
421
770
1214
1064
729
1012
898
945
364
876
1072
835
825
657
405
380
1357
670
789
909
619
1675
718
1129
443
534
903
1499
588
492
353
507
1699
680
822
509
1025
1092
635
391
667
550
746
533
1245
1759
1475
645
1854
1161
417
1249
639
668
541
1161
1093
529
261
385
1995
474
1744
1105
690
871
1077
1311
551
1102
244
778
1890
883
807
463
978
340
870
1563
757
289
1578
353
885
1177
451
809
615
1082
2273
2050
618
571
911
859
965
869
1183
1299
640
1188
723
1762
1495
897
1618
1213
610
730
538
1554
948
972
633
1438
700
967
909
336
539
545
1580
812
718
397
640
857
756
308
752
444
998
1892
1805
619
1134
1620
186
1215
481
608
669
1112
428
1169
460
1321
689
934
592
1657
1467
1020
794
845
1130
880
1088
872
1073
666
758
1104
1125
428
903
747
889
1071
644
811
1951
1568
1287
1308
2298
909
1081
907
1553
375
632
914
1284
1396
1325
1267
908
2327
554
816
697
809
635
923
596
1250
624
1103
800
673
378
673
608
397
858
1818
417
1139
477
741
1012
497
1012
702
1051
649
560
614
613
1105
485
518
1635
586
567
585
580
770
747
733
488
588
514
395
464
838
226
817
726
287
1091
894
1614
330
590
1344
676
1805
1268
1114
442
762
543
615
1112
644
705
1036
273
958
577
2001
1129
805
638
1632
867
498
400
849
602
689
559
929
346
627
661
705
1420
571
893
705
584
978
746
694
1653
225
509
501
581
617
495
1962
431
460
519
440
908
632
521
796
1179
1053
585
1043
1794
536
1103
1265
648
1275
1205
443
1373
1442
481
352
211
1718
2233
481
727
1463
247
1145
1036
2498
999
2026
352
387
934
1417
441
1413
942
934
1205
726
1386
271
1159
781
980
2125
504
1441
725
482
1364
534
686
752
1040
675
499
795
545
558
966
967
320
513
1391
1036
841
756
347
1027
1042
693
534
667
286
814
661
845
795
2098
511
596
999
581
844
1208
663
336
568
263
1313
674
578
1117
284
1072
1508
484
445
1408
707
1309
355
753
1311
866
856
1885
665
303
369
2234
1553
722
1157
367
349
1256
403
1306
359
656
990
1540
658
1830
2084
349
511
1332
399
358
1206
663
392
1102
348
928
1004
915
650
1189
952
650
1440
1220
1641
611
449
481
736
1648
1052
798
578
926
566
1263
1385
567
711
206
1063
519
885
1018
971
308
420
1358
1274
943
1106
1233
999
1174
385
663
872
704
462
1492
414
657
508
632
972
424
737
351
605
1220
569
1006
1282
894
935
1296
872
1004
839
512
1459
710
750
715
1765
979
2339
437
398
751
551
773
1159
580
1550
712
1087
378
1161
1344
1102
940
727
653
457
1804
771
306
1267
770
821
1011
1481
1190
343
751
577
1033
1459
469
284
1588
798
593
1819
697
974
779
874
342
933
595
1097
1153
489
446
1590
923
993
1222
430
533
975
1379
1145
765
3096
854
1829
512
1452
1032
1130
657
1693
734
1179
457
376
1016
552
420
975
716
518
718
424
489
1586
1375
639
240
816
966
949
1683
331
489
1362
206
625
994
982
977
885
347
530
960
587
958
337
738
686
1200
1296
1055
913
475
1405
553
1444
1453
1173
1418
673
1229
1124
587
578
760
1408
820
1096
1886
1186
1010
375
274
531
192
966
810
284
438
653
420
715
419
940
253
442
1766
551
392
511
409
655
256
774
963
297
565
894
350
506
999
885
1280
1349
896
472
493
2645
886
476
1276
714
855
435
514
614
314
604
1257
180
1112
878
862
1009
1167
553
922
557
2480
468
948
298
749
1055
736
566
1487
961
662
1013
1293
603
282
1672
690
466
759
641
1416
1204
610
1439
490
770
373
1625
460
450
862
663
2139
935
532
913
914
705
2043
1484
1042
1249
2729
1653
625
425
1014
726
875
496
1630
633
1234
492
399
962
763
835
1002
264
631
1638
561
426
934
1095
513
279
588
661
774
256
866
451
399
1131
901
640
1691
1097
1166
541
395
703
291
256
261
2855
1051
1152
2490
938
1383
1008
792
562
524
624
1470
356
1127
757
565
1593
269
346
2022
850
353
456
535
652
594
328
820
959
1015
1805
1022
545
616
1548
869
789
1295
516
409
621
719
936
713
465
1220
494
1412
690
1262
1239
2293
247
1716
1072
626
1737
1350
408
842
1631
370
1206
1364
1088
586
581
844
543
1364
446
375
727
1337
478
448
643
507
1240
532
1457
1040
721
711
168
734
689
435
607
673
491
412
398
746
1692
577
288
975
886
601
497
1312
1420
872
1190
536
618
581
1490
835
268
852
1320
1012
777
767
807
1042
545
651
1660
907
497
1050
806
711
903
1036
688
775
1562
289
851
2466
865
1305
661
363
867
425
687
1619
796
652
568
519
806
997
1225
2339
469
415
361
902
1042
1060
1652
438
1467
1439
865
1196
1189
1682
944
616
324
1255
1041
1282
1461
1958
809
600
2140
470
1244
615
1517
1103
969
640
543
1209
895
1223
1327
678
1241
1200
921
827
830
907
654
743
1936
588
845
828
663
682
1112
370
2978
1341
1102
1066
903
716
557
412
1170
840
410
727
415
668
1038
701
573
1676
719
1176
612
1022
981
292
1366
1474
1531
786
1681
791
791
1554
1384
412
463
484
1680
2034
1047
671
194
429
1076
2057
330
672
980
707
1000
735
2064
593
468
594
640
899
1560
628
729
1564
1689
1525
614
1295
1009
641
559
336
1246
533
1195
624
718
535
558
527
944
1730
750
445
396
828
889
672
893
247
424
1324
1094
1763
343
573
1001
388
709
1339
1850
871
847
1077
2205
1099
489
1861
459
1049
2069
518
927
221
798
473
735
568
498
271
2804
799
832
366
871
1208
856
450
444
1188
1287
1539
1438
1093
603
877
813
1918
929
795
881
488
949
540
1280
516
1209
992
443
865
793
453
1462
988
792
1178
633
772
699
743
815
1111
494
1056
1440
376
893
1079
760
588
914
2436
607
263
850
434
956
673
1301
807
499
465
1609
966
892
1162
1385
697
1030
585
298
1259
472
501
750
629
895
3138
848
1173
297
789
830
682
374
356
1503
997
461
977
1088
627
684
335
1072
889
413
990
1422
1025
1035
376
566
1243
1320
672
433
1252
393
861
474
1745
1577
944
1217
1383
700
773
398
498
644
1187
615
1865
1119
755
733
148
1130
1217
619
1568
967
751
427
599
731
598
2086
386
908
403
698
1477
593
528
470
751
713
1186
656
877
869
589
959
333
404
1224
530
1390
241
406
1515
527
1540
488
527
250
901
610
792
517
822
720
1507
929
766
1204
1472
958
1960
502
635
438
518
488
1066
2156
517
667
1026
853
4369
1140
1208
1642
889
1085
841
531
940
344
1192
508
457
1237
769
1180
502
702
772
1002
799
680
881
393
2003
650
404
1046
1062
485
593
3572
483
603
1869
501
343
298
377
545
922
416
416
574
835
631
902
828
989
943
597
718
1527
586
1971
1087
579
1182
601
251
420
1035
2111
590
979
383
618
923
1232
407
615
1159
702
230
1248
1496
408
1500
3023
732
635
824
473
1033
904
470
1614
531
788
692
1096
923
673
1260
1646
1072
1223
414
880
1067
1299
1279
742
664
1469
1427
927
1224
733
816
749
860
955
416
880
671
1605
574
821
929
1081
1101
972
1221
727
995
256
722
705
665
1514
329
695
658
789
976
439
1423
637
599
438
1246
701
611
1430
725
774
1073
803
437
159
1021
1080
399
825
1030
515
1127
1312
992
1098
1324
253
383
309
996
1004
450
1570
458
349
204
803
1477
643
1122
743
1172
664
799
1305
328
958
657
332
655
982
364
302
2233
448
1169
1072
618
714
477
712
407
1102
1487
360
815
415
1154
1218
3006
880
605
441
482
1115
1093
556
715
1017
2145
527
722
788
1303
331
1025
646
720
809
1494
1303
778
665
2338
1442
1004
1002
1382
864
818
584
422
809
1241
355
599
674
467
599
967
1103
557
588
1837
2192
959
2077
851
911
947
1764
374
1693
784
286
555
1300
1528
726
915
1467
954
273
573
637
2322
250
910
1231
729
1014
937
1300
732
1256
409
609
863
1132
1073
597
1019
1139
1318
469
877
1872
1298
1977
870
706
1267
574
353
633
892
1085
313
1029
1718
1063
739
1317
401
539
492
1005
909
1116
1552
960
2562
633
627
980
373
1969
586
517
381
2003
507
931
752
364
548
329
622
1312
910
769
616
634
490
1046
752
640
713
620
1626
1241
694
498
898
351
869
266
649
922
522
1644
669
3500
706
676
388
597
1078
1765
256
712
848
1022
596
627
2274
1764
1009
3140
1210
865
1307
1172
1182
1228
1036
1273
1047
486
486
350
912
628
776
809
680
1025
1565
1067
366
172
970
257
1017
690
1453
652
1181
1310
735
1063
539
874
474
301
1343
633
732
1010
1093
919
522
623
492
834
588
720
809
903
410
1740
1049
964
609
1254
886
1270
1117
752
211
407
1479
844
816
1301
907
1251
980
1114
704
544
416
636
402
1356
666
611
856
2089
656
693
437
624
721
664
642
450
1168
1238
249
912
2035
680
533
314
389
2115
1087
467
2177
482
991
1322
941
922
881
709
653
652
845
631
1533
553
507
617
1258
536
789
1278
526
498
788
730
1574
518
842
764
1534
501
727
960
1176
756
1409
826
2040
664
513
906
835
1158
766
637
860
457
769
564
2019
338
1384
659
222
735
918
574
547
1103
442
1123
625
749
700
960
1184
433
564
472
929
598
813
558
2238
791
2117
342
1105
811
687
892
500
550
488
965
667
1115
1832
984
1566
506
480
831
341
1302
569
718
1003
1230
1155
1583
1582
1104
476
756
918
327
1107
1071
537
714
410
2090
732
375
1341
779
1021
981
2867
1449
774
1362
1102
377
1235
406
1272
882
1360
1141
688
1381
826
1073
657
1165
1420
920
947
582
1703
1122
524
716
722
361
1097
1181
713
2307
266
689
877
628
852
363
982
975
937
436
1055
705
425
1078
1385
909
582
1551
1257
1036
508
488
406
2089
929
745
607
649
943
671
1258
299
683
2182
190
864
656
425
268
245
888
606
621
614
1335
1024
724
876
420
1285
1633
879
676
1700
468
498
1017
914
1725
1044
1169
844
906
621
609
794
1407
290
1379
1307
536
598
1042
1008
713
952
343
950
561
1813
761
1031
646
499
1162
2560
974
1026
315
427
1450
560
899
1870
995
789
1703
497
1041
439
391
589
1161
1496
784
202
463
833
1962
1706
937
1108
1273
949
1255
504
721
585
2230
676
445
370
787
664
813
474
796
1829
933
1299
680
532
1001
607
560
277
520
1674
622
339
678
568
674
456
275
363
441
444
1323
1215
947
1024
951
853
524
1020
2345
1396
548
1151
1292
703
1383
772
1573
471
1259
820
878
578
571
953
702
940
991
912
337
786
1046
625
624
664
1240
516
1246
1478
1115
1395
716
389
874
793
221
780
530
801
771
916
393
941
1914
1464
1184
1097
514
1791
560
440
1356
455
751
684
2209
1103
627
660
640
445
626
1464
736
918
2728
235
1159
485
788
1450
1006
1465
744
715
1138
563
839
1146
1849
826
1818
512
680
1172
1690
1202
890
843
1097
590
599
795
526
898
704
376
443
1444
547
480
1580
1219
526
748
240
1372
818
1523
1109
771
374
747
1101
982
704
2347
337
1180
1924
593
1219
284
1983
347
1217
1020
611
1005
624
865
800
1498
425
2304
584
1575
239
1154
543
728
435
854
603
737
508
1160
619
355
663
1672
492
631
1261
447
986
533
421
510
452
669
849
569
2370
532
1245
1395
417
583
969
882
1000
332
638
1694
828
533
900
1041
532
914
422
1601
228
674
536
709
310
549
1073
682
1040
387
316
743
1689
1567
1152
317
559
728
207
512
1208
541
824
566
716
894
837
2034
619
1076
870
671
229
947
931
1183
624
1083
1152
407
1654
416
1181
240
778
709
362
1456
755
1085
769
610
488
345
985
1436
589
930
641
846
768
614
763
432
496
1078
918
475
775
834
1205
713
1226
792
631
862
961
1174
795
928
478
917
1265
1997
637
352
591
1063
684
518
1590
1274
1277
1329
536
815
1104
1671
843
708
498
836
712
472
869
1362
282
597
742
824
1028
1515
1136
774
1107
1390
686
541
1481
1370
1749
1163
1026
640
715
332
858
1169
442
1018
669
1612
1748
1324
338
698
768
1271
825
1218
1176
1265
539
270
977
1120
729
339
784
717
326
1224
1525
1245
709
630
970
580
365
735
1224
397
717
528
755
720
333
496
1623
240
502
2707
1054
1772
1295
361
905
355
898
599
1831
422
358
1539
2139
738
875
565
559
470
2060
914
638
498
855
330
627
1154
394
738
1689
544
741
1204
461
435
1050
481
481
1012
1224
1281
663
1023
498
1422
708
539
1506
732
461
815
447
725
936
545
452
671
996
676
986
2043
690
931
1772
266
1282
273
1447
490
820
577
1617
2130
401
587
609
972
955
1128
633
683
734
537
442
1485
1192
1684
438
736
729
471
1204
889
509
1360
1023
881
736
1845
630
230
632
513
1412
728
956
996
2515
818
1065
1215
1041
773
531
707
607
518
781
444
637
658
484
1192
366
336
550
766
736
1415
1300
545
755
700
815
1084
995
875
496
285
1839
697
860
1272
1078
904
992
623
338
633
2146
863
870
844
680
1348
1355
649
705
589
1351
809
753
881
1653
869
1224
659
939
1021
1452
1064
873
640
658
1475
877
530
1063
730
535
694
509
1389
839
1813
792
550
988
627
1312
540
960
1118
357
302
782
1214
1591
426
610
1381
636
603
1338
584
636
662
879
698
631
1452
728
973
789
1635
779
794
505
1257
1105
1594
277
600
2022
618
983
425
597
1112
617
660
884
1179
395
375
1368
732
732
704
814
790
434
637
513
1142
645
627
574
460
957
1005
703
650
1000
564
1206
727
1982
827
551
317
1379
844
868
952
621
492
450
369
764
1250
1878
699
467
756
453
629
1948
521
600
1089
309
604
1044
442
1045
915
574
517
1176
948
1377
955
591
1512
871
1468
1571
514
1317
672
637
871
909
1032
1664
847
1572
1768
699
876
1101
898
619
1614
532
560
459
484
666
940
2669
894
597
1597
392
1108
462
834
510
998
1316
461
414
432
460
698
1689
841
916
638
1456
1090
1018
1188
721
1697
955
1344
832
2839
1570
862
855
664
363
1015
585
531
729
457
888
1105
856
1146
555
727
874
747
1205
1652
756
1022
533
504
833
1208
811
1837
2423
398
2091
478
562
249
502
1766
2141
699
1107
882
458
957
730
1438
277
686
594
1017
1031
1507
1103
685
1402
651
886
1349
529
1298
507
655
1627
512
583
1082
1593
229
894
456
326
909
785
796
704
491
1044
1272
396
390
1134
530
303
2033
1259
898
947
1085
771
1117
1320
545
475
964
1184
1104
2872
1702
1082
719
533
622
2193
247
486
978
820
832
516
712
975
1567
1421
446
817
449
380
916
1428
562
1558
1007
825
739
587
782
579
491
841
594
761
1229
809
959
617
1070
1668
1179
1092
861
897
508
284
415
843
513
805
486
837
973
2927
1373
1403
982
2077
443
642
678
834
594
1545
547
1749
638
451
1857
1158
533
1101
457
555
581
493
451
1978
677
877
575
563
853
501
871
880
796
840
563
1249
1112
672
836
741
1188
1013
863
1090
918
300
1044
471
1096
666
637
199
806
441
868
681
571
1613
740
443
634
1077
516
443
523
914
1313
1356
1034
328
1280
628
1023
487
1242
251
837
1080
471
756
1109
1050
1421
1003
432
457
891
602
980
719
811
448
1472
423
946
631
888
290
899
1237
1284
1156
763
1040
1252
2243
1334
398
701
1189
1046
1481
1618
2057
2836
981
1037
467
421
537
775
444
735
1024
890
3009
1448
919
737
1252
906
968
797
915
699
970
472
811
621
1130
832
567
620
948
918
1021
989
1289
614
605
1271
923
918
820
276
555
336
780
186
1359
569
384
755
345
843
656
988
1153
1006
2238
572
885
649
399
938
1308
1197
444
2292
405
577
901
599
816
1090
1028
662
825
953
344
1717
335
917
586
2323
585
467
512
729
834
417
512
1392
789
1231
738
1199
1156
656
204
962
965
376
939
777
705
1697
521
1291
428
1884
471
793
717
1031
635
823
1274
1295
1114
827
863
2410
568
499
914
1129
978
807
954
1617
549
666
820
501
578
1945
1238
995
470
1514
722
707
485
782
746
871
489
444
1473
563
840
288
1568
424
638
2261
777
888
1565
915
792
326
1443
423
561
1223
354
276
1373
493
398
572
1374
662
848
644
600
702
1779
951
554
933
697
887
580
1448
1129
1030
1066
1301
776
785
425
1414
834
2570
1118
920
785
937
633
438
376
539
588
1318
842
826
553
1489
608
715
988
501
812
629
735
477
516
530
1139
629
1722
460
210
890
1321
565
1183
1223
383
600
765
2292
911
704
529
1276
410
333
447
1123
973
464
1151
867
609
606
1823
926
563
1126
991
1379
883
746
2003
636
570
361
607
780
274
2173
1070
912
746
722
2084
523
1072
546
597
556
454
707
296
376
804
691
524
371
662
1755
1285
1467
376
752
798
945
1529
1320
430
558
1007
1766
361
1040
969
1318
675
1372
901
714
602
592
1783
2030
1458
753
840
878
1505
1211
716
350
1219
957
1687
355
711
787
813
805
557
1454
409
844
1184
1512
385
979
2078
558
925
908
1164
1750
1225
643
499
775
590
170
861
718
1369
649
791
1188
325
479
1373
719
640
724
223
1750
679
2581
1601
3301
690
909
566
1718
286
673
520
1154
988
1071
1199
1063
927
362
1296
724
716
1237
1142
678
691
977
879
786
994
340
639
1739
720
694
1288
437
1367
749
708
1554
729
1182
1261
1145
724
317
291
539
987
737
1741
1588
279
644
2731
1387
983
964
399
894
449
325
568
910
957
1036
973
584
1331
435
551
958
592
587
1316
1411
928
898
1328
483
2889
649
625
799
748
947
589
647
703
483
789
561
661
1159
626
1131
962
688
1030
1050
680
1390
645
405
1185
1292
758
524
3310
2721
1814
638
729
578
514
1327
899
1501
1731
177
594
748
569
690
328
1380
982
362
526
629
1036
382
1002
711
569
1327
288
609
382
740
928
893
604
549
962
980
1132
764
336
860
555
1179
1011
1438
478
367
871
566
952
1261
477
1126
413
849
1001
679
1241
2116
552
911
499
1823
1061
1640
1044
851
1405
566
1106
393
363
601
712
1121
681
998
753
901
325
524
591
738
645
1257
1821
636
387
499
435
1097
827
677
932
1722
435
615
478
739
672
317
1190
1051
576
1423
1228
508
779
518
838
365
528
334
932
889
355
1119
1786
454
879
310
1141
778
595
1743
389
503
387
870
691
1129
875
1014
639
1763
701
1164
426
394
878
2866
897
915
817
1078
708
689
1037
637
519
1338
890
886
1376
2236
557
821
1434
583
1824
397
757
377
1311
1448
417
1114
825
688
964
1185
783
514
976
1613
884
1187
939
889
656
1100
844
608
288
1737
871
964
725
351
1742
950
840
781
1734
663
615
929
1095
711
2011
1156
1552
737
1438
720
559
358
467
966
354
930
1631
307
603
661
1571
411
625
919
1070
315
599
840
1046
382
680
1106
453
888
1408
954
1050
346
914
1313
581
1056
500
946
1066
596
512
915
1296
1486
1055
661
546
1017
1229
2107
692
844
740
573
522
1607
933
606
490
839
449
1006
666
984
1550
1185
1002
609
616
490
966
646
743
1458
551
855
711
298
497
845
720
717
537
1363
844
974
326
531
681
582
1069
580
804
536
615
1053
708
968
880
581
302
227
571
759
504
577
779
676
803
649
1081
319
1216
581
837
945
298
468
1072
1119
752
1137
798
919
582
894
1042
1188
811
1293
701
353
374
893
385
269
959
770
683
453
553
667
1062
936
613
1073
667
696
492
1068
878
457
1453
707
649
2408
726
1834
644
649
192
1114
1667
779
1062
2310
1194
2140
694
850
1110
801
650
1197
868
1314
731
1753
895
1184
406
