442
667
433
1249
422
209
613
601
490
645
613
755
498
454
532
416
535
601
333
535
417
822
444
865
373
1003
986
414
1710
506
347
506
526
454
275
459
687
444
492
555
459
444
306
303
1577
439
360
624
574
797
852
935
354
325
308
1069
401
920
326
729
651
142
777
897
1225
610
846
545
429
510
568
789
419
748
860
467
1750
734
1092
799
630
686
630
842
390
730
493
687
362
722
492
382
1111
532
1157
411
444
543
523
1536
690
296
464
335
523
435
441
519
629
366
624
591
637
861
651
593
672
425
418
763
480
776
389
755
322
264
434
1107
358
696
473
633
546
435
890
560
333
465
690
958
573
323
417
421
499
1138
369
543
252
310
791
353
522
800
684
1381
270
463
432
408
565
788
284
435
436
220
333
659
417
536
363
504
842
533
854
610
326
1217
884
1298
651
350
520
458
557
299
618
191
593
445
1608
362
527
400
770
989
280
545
352
1048
292
334
871
416
694
749
903
374
767
690
867
611
334
776
775
549
380
597
227
541
362
474
671
567
1085
529
212
824
1095
724
538
435
1166
877
220
873
891
539
1216
496
461
467
428
589
926
1104
351
465
607
235
312
357
564
470
434
705
1117
309
1259
1192
736
757
448
877
884
675
1831
729
526
562
362
696
398
550
226
355
478
158
463
457
685
348
213
542
645
464
639
501
530
463
401
452
524
441
757
674
649
435
196
518
370
525
442
528
518
496
448
1169
311
488
752
792
882
210
270
294
624
497
384
1205
345
491
558
780
445
798
405
730
552
778
261
334
340
1150
406
754
409
673
489
581
492
374
291
368
611
1162
549
391
966
1522
521
279
329
255
307
817
584
367
381
425
843
922
491
396
530
704
946
775
369
973
365
308
681
471
609
440
654
658
729
801
692
755
236
276
690
764
1143
732
450
594
797
267
460
698
743
679
695
772
479
472
687
1158
418
675
793
820
1011
780
518
584
567
877
801
664
274
385
281
711
707
912
622
339
632
789
452
1416
539
329
532
507
452
396
488
292
354
662
350
394
438
520
464
344
645
1079
518
236
210
916
358
611
823
460
319
741
587
450
910
576
274
1275
884
362
585
495
951
311
294
413
339
675
512
615
400
606
544
789
382
583
314
634
386
650
458
716
643
751
436
449
525
1006
968
743
595
319
427
357
924
503
760
367
325
773
327
293
1190
680
251
686
615
595
428
441
725
1075
327
586
498
238
450
459
400
1169
496
470
1015
904
389
1391
159
605
818
420
602
479
233
354
898
440
299
768
875
1013
383
423
427
386
601
244
503
164
550
674
640
657
603
823
514
441
398
504
613
882
404
591
996
643
502
549
331
335
360
979
734
1043
713
714
500
530
667
931
248
626
344
393
421
539
437
641
575
355
524
363
957
856
780
445
623
319
612
314
622
827
668
542
552
255
278
1085
517
349
598
638
554
358
1136
473
834
507
241
443
466
530
307
369
1088
649
1226
644
310
611
583
790
296
357
582
585
1479
543
1406
862
656
418
357
565
183
528
847
658
573
581
582
570
595
252
748
348
547
472
645
570
353
337
396
565
576
703
778
505
326
815
266
1217
542
504
531
761
781
564
398
655
625
636
934
856
554
266
306
441
330
516
1208
742
413
1135
233
464
248
693
600
1233
258
910
319
185
346
719
417
411
506
600
684
329
840
1034
400
355
671
583
415
1435
460
1027
342
430
673
605
585
575
418
318
385
443
413
343
641
443
375
352
1011
409
268
505
287
660
600
920
1042
598
510
725
397
559
676
344
533
320
889
403
509
342
374
480
880
632
485
763
215
698
411
536
602
1078
613
231
1447
362
908
508
498
1479
362
240
452
1291
475
1616
517
650
440
309
590
694
301
637
478
510
807
782
770
393
832
613
666
454
472
825
418
430
431
274
317
305
649
592
263
229
239
588
510
777
274
311
562
530
380
1220
389
739
211
393
719
456
511
480
933
310
236
283
700
536
265
394
922
304
297
939
430
267
604
261
422
450
862
495
630
494
899
248
789
494
320
508
945
516
425
2252
892
288
458
336
714
379
482
688
544
879
535
291
526
654
286
522
419
469
471
435
342
705
440
467
548
671
329
458
556
590
440
742
885
668
397
478
477
588
709
851
290
414
683
734
656
494
736
679
737
573
717
250
500
742
584
747
522
1363
519
588
306
637
685
704
419
520
771
216
972
1121
586
447
342
512
732
558
544
309
633
358
307
1001
267
591
1170
715
485
1006
323
240
398
353
621
1882
541
418
265
667
1402
489
1198
562
715
640
607
649
391
1055
392
887
909
297
668
375
315
430
266
598
455
350
963
949
575
715
726
382
1000
655
793
369
898
941
1476
534
655
438
1057
439
888
511
494
457
673
331
700
659
391
503
397
284
288
775
1034
179
934
924
682
817
443
234
346
762
526
680
547
354
879
348
348
311
1524
763
730
717
461
494
365
479
521
229
466
772
547
564
798
458
907
246
859
552
576
458
900
374
327
323
320
561
238
225
808
350
601
1189
662
639
568
742
623
341
688
815
171
630
1085
250
349
1159
562
375
1422
866
812
911
608
533
1371
600
536
391
829
464
536
627
581
575
711
560
304
426
309
1267
432
772
1039
802
273
585
236
350
530
725
549
1215
397
826
1370
407
680
693
657
717
355
793
355
275
570
1137
458
156
267
660
812
422
309
556
458
306
292
316
531
513
512
433
531
399
597
774
327
1280
1010
248
513
337
423
658
237
641
546
484
681
346
613
524
405
608
1081
176
340
430
427
498
958
906
396
267
240
297
273
777
373
461
831
671
421
1115
1048
461
523
693
360
540
405
361
863
542
735
581
382
927
430
299
295
360
300
677
730
385
311
476
1021
430
684
437
401
1273
447
1113
473
594
603
928
1022
234
490
451
714
963
480
796
1151
549
1173
283
410
460
530
401
451
265
1488
833
461
786
454
375
752
498
312
522
321
408
540
510
504
360
667
368
731
736
277
421
629
567
1295
293
477
826
617
556
379
392
556
630
382
325
558
284
541
290
372
593
340
650
524
1120
520
1170
649
944
420
547
212
381
319
392
500
995
351
526
816
514
251
634
544
895
439
590
513
578
340
290
483
518
1010
758
428
309
278
634
784
543
289
544
511
614
373
434
614
431
650
445
153
950
682
308
610
467
276
560
939
341
473
821
693
664
493
776
919
549
484
306
434
451
588
634
502
340
848
255
460
552
840
513
401
597
584
679
422
411
532
482
805
338
728
357
312
344
385
742
506
684
429
409
819
445
250
221
707
877
386
224
324
384
395
466
836
498
189
1605
692
745
536
592
294
487
778
802
519
202
560
503
430
532
745
436
389
441
832
565
570
641
515
1039
308
546
1470
565
531
349
1253
824
562
774
897
513
381
379
1660
601
744
386
706
700
923
361
1079
440
432
322
307
630
424
623
538
614
725
748
534
733
1000
1357
870
656
701
864
259
346
749
386
383
388
570
716
433
698
1360
862
822
278
498
407
241
409
227
442
640
575
208
580
333
346
668
1170
471
506
311
608
395
423
541
392
369
1269
603
779
470
580
441
830
600
553
780
1291
414
627
561
645
552
466
387
1145
417
398
1007
435
675
530
458
432
415
847
528
2023
560
537
543
1256
410
689
461
754
785
392
534
930
437
344
416
587
907
734
312
306
367
860
939
561
395
193
392
612
698
487
549
884
556
415
302
328
490
336
561
304
361
779
812
630
793
496
573
658
712
455
909
414
923
557
747
588
383
275
674
572
746
715
264
256
709
506
849
446
823
469
493
554
576
534
828
701
491
1041
861
779
762
473
296
657
361
451
882
522
295
283
338
608
406
528
398
489
239
471
1579
669
1496
555
488
931
382
374
352
685
552
907
341
747
426
409
763
368
511
359
1218
883
360
629
507
344
636
322
562
950
673
298
1132
383
301
440
390
438
789
223
239
468
938
464
215
791
429
497
532
643
286
493
448
293
448
861
667
488
272
366
366
566
483
451
556
526
243
431
331
431
424
434
428
266
566
633
420
752
1495
752
282
486
731
554
499
559
365
1079
594
660
425
699
640
717
597
519
386
350
661
605
1220
917
363
531
566
555
536
406
514
398
816
515
664
531
312
541
564
463
587
548
308
483
339
735
631
606
411
1059
315
727
491
773
207
1529
551
556
673
230
415
461
426
757
685
594
535
575
344
523
464
365
445
448
796
1009
574
852
392
600
655
818
999
532
262
389
385
969
422
310
920
707
642
527
440
535
494
504
650
513
895
224
679
324
457
452
629
390
479
569
1280
555
301
410
852
1271
472
345
634
216
600
830
530
512
1112
1085
442
526
812
464
528
286
617
623
169
545
770
871
544
823
375
481
299
765
691
526
1449
599
816
566
1094
1267
1235
385
933
449
753
366
433
281
887
947
382
305
548
556
905
486
594
1015
642
536
779
401
681
620
340
526
507
942
564
702
594
426
396
460
585
569
1220
514
312
386
571
222
769
370
482
423
332
273
847
793
772
383
368
1327
451
445
1196
522
1587
644
382
502
416
599
564
277
1334
404
455
1327
843
660
621
500
505
290
405
554
546
336
1536
710
412
509
563
476
393
415
412
1194
413
606
262
508
467
419
893
518
673
393
368
622
529
660
530
1109
306
632
580
331
505
699
312
596
328
1392
637
551
453
446
762
528
379
463
1254
529
1103
375
502
547
804
1088
885
255
550
330
391
615
601
620
597
207
456
409
570
519
882
752
858
443
342
344
378
979
500
346
650
371
592
499
497
410
464
582
774
629
1111
558
452
479
787
780
1911
1080
739
1209
438
338
597
701
925
389
367
542
274
1542
503
507
1155
799
592
389
433
735
2270
566
474
254
488
603
611
487
393
471
371
952
713
727
871
1520
435
638
346
349
476
2588
559
332
332
452
535
360
312
744
418
399
653
575
660
403
701
327
611
706
253
596
791
995
382
565
542
1417
315
511
200
650
297
866
538
788
747
804
656
513
507
328
657
416
411
933
394
608
224
644
677
898
222
355
1779
422
340
425
471
714
406
416
352
876
514
505
405
423
351
371
184
557
256
243
344
289
327
495
539
675
323
449
798
255
329
556
1224
526
425
342
926
586
371
345
610
321
650
569
472
1200
418
1158
652
354
463
173
501
809
694
896
472
333
481
582
313
899
354
515
627
379
404
942
545
484
385
301
963
634
252
304
397
361
492
644
469
347
446
1082
450
471
511
702
521
292
876
952
497
349
518
274
785
266
554
584
532
422
328
613
459
545
592
780
975
723
513
598
213
344
460
663
337
1009
361
316
846
627
355
930
848
643
1053
675
652
450
458
506
877
604
415
906
815
440
708
447
259
1186
554
396
628
661
380
180
540
432
547
579
573
257
632
838
881
267
357
580
482
668
540
422
532
232
305
1125
1065
1285
253
819
336
300
538
850
459
658
1146
926
689
508
686
475
574
414
791
779
408
890
500
520
828
613
253
332
437
1140
302
498
769
405
544
583
388
562
779
1220
548
342
419
670
367
497
420
229
705
251
602
367
441
336
416
905
784
866
448
397
492
835
218
141
672
944
735
394
382
393
474
531
251
605
481
1054
676
372
265
632
695
585
628
754
313
562
750
1244
530
464
788
297
453
931
952
432
791
447
410
640
474
498
624
440
454
480
443
928
277
436
332
455
889
508
258
862
490
643
609
502
253
384
208
836
517
888
888
524
646
478
426
747
907
575
624
561
412
475
722
487
458
669
710
831
681
617
710
620
977
1977
736
642
770
458
467
388
599
376
568
749
884
521
644
769
252
633
845
581
494
352
499
604
832
457
454
593
773
741
136
474
353
510
443
202
844
713
259
462
356
635
337
995
368
465
436
374
907
632
294
472
470
823
290
420
1198
615
529
740
399
954
396
399
647
678
854
288
431
515
646
490
281
407
726
492
732
356
409
859
599
676
360
774
555
1148
739
596
878
563
562
431
610
553
513
602
484
719
832
242
555
501
780
406
568
396
502
833
681
393
658
713
618
470
616
860
653
472
406
752
637
414
721
619
966
1548
432
428
1130
443
445
508
644
710
661
650
324
1239
432
257
716
341
828
308
368
250
947
723
304
317
641
618
373
251
508
281
699
744
332
636
341
338
876
279
1227
453
576
419
395
269
521
379
271
401
436
497
438
278
1021
260
525
434
451
660
226
142
490
762
532
1127
373
903
547
861
276
598
566
245
385
427
217
548
349
514
534
479
1137
438
834
375
624
686
863
471
491
514
550
618
779
483
884
1268
381
546
619
331
1004
625
307
594
731
301
256
531
1088
387
383
1142
920
2003
481
486
497
557
255
420
465
444
283
345
389
562
463
338
383
288
348
571
521
368
726
555
330
315
518
696
679
378
872
666
1136
713
239
632
653
769
708
623
478
270
476
493
574
609
676
705
422
436
374
579
682
1003
358
303
1347
433
773
660
557
878
632
791
489
369
525
775
598
694
453
1025
510
694
522
623
567
690
546
919
385
448
567
480
494
436
438
1252
308
444
658
421
485
405
443
529
1212
625
622
604
797
917
708
570
566
622
902
696
893
375
540
473
505
581
683
535
1144
780
675
692
492
504
1396
548
590
455
324
470
373
537
582
723
269
903
827
733
975
537
396
614
419
743
606
616
640
435
478
1240
308
624
424
515
183
600
536
561
865
308
336
798
341
544
544
1148
403
304
578
1013
538
706
537
548
463
433
555
585
258
461
775
463
853
563
966
990
768
307
335
1117
1015
272
511
324
220
431
534
1050
321
439
403
692
540
629
661
533
660
920
666
401
1770
1285
608
695
460
360
364
443
371
404
687
1019
261
547
153
157
687
276
374
801
1142
339
1311
428
615
534
531
308
232
274
683
627
499
621
398
392
637
325
172
407
641
637
471
704
615
579
651
1482
953
526
478
191
399
482
252
422
649
734
551
412
395
699
683
781
589
679
279
548
265
678
834
928
861
443
235
460
491
825
806
481
337
509
631
714
541
519
945
630
969
685
549
286
416
603
224
744
569
603
416
695
689
277
1709
759
494
228
359
818
333
424
906
934
653
479
783
434
432
387
489
366
319
181
530
1124
295
221
659
641
1022
550
1501
535
521
486
435
569
280
501
290
304
554
373
535
381
769
282
607
951
311
613
414
730
594
398
448
460
503
605
560
217
625
451
2069
196
463
540
1150
371
628
482
543
663
414
454
381
389
585
508
276
544
507
495
743
499
1136
407
550
385
292
372
494
1087
565
856
354
377
779
561
344
521
613
510
482
237
316
642
1036
380
990
890
522
373
1417
322
613
357
677
486
660
413
351
257
253
772
880
389
720
1300
499
604
541
1397
1157
486
544
506
807
1098
235
1177
607
384
1055
996
376
729
1117
383
368
441
420
516
366
1054
527
422
608
401
346
408
676
692
603
525
567
719
343
299
358
566
492
323
329
1528
799
749
1021
801
272
298
439
915
574
453
1028
1140
525
602
557
720
470
605
333
280
577
497
276
1151
1775
379
665
299
482
874
575
460
527
397
281
429
259
572
1007
412
238
1050
376
978
602
784
537
586
316
661
826
1460
1994
567
689
593
1169
768
728
535
681
510
323
645
785
460
367
750
382
297
375
2108
352
892
575
729
444
401
828
655
921
900
538
475
793
411
348
385
601
422
631
589
231
321
404
323
302
212
355
502
796
416
560
1351
892
599
928
722
601
1052
1621
1006
319
416
254
717
518
553
1006
336
976
611
368
291
512
569
698
250
650
598
787
655
725
455
756
902
680
340
548
334
536
1391
596
510
787
432
671
451
1162
446
625
621
398
556
1428
438
232
552
413
609
1149
787
579
828
571
1539
804
230
410
300
1462
319
1168
669
702
642
546
243
458
592
846
358
368
679
445
1016
420
337
501
833
745
318
377
798
421
584
520
663
190
699
652
1206
1049
325
987
702
326
402
652
497
600
254
944
606
354
1226
598
330
634
570
370
539
892
308
911
550
588
426
1026
494
448
407
1115
914
1040
983
405
642
208
1416
414
486
487
380
386
326
426
273
430
768
652
400
903
948
542
676
652
520
376
473
130
1708
378
466
778
283
525
588
436
590
858
836
658
959
375
494
268
465
379
870
941
595
633
420
535
483
531
552
944
325
833
307
369
1138
495
833
384
289
301
742
325
490
583
369
195
441
1614
396
653
819
869
563
590
720
540
1047
718
648
471
1463
526
781
628
279
374
871
660
672
407
649
335
1401
646
459
204
855
613
504
552
522
1023
478
830
1026
509
694
562
361
562
702
674
425
1506
907
527
730
401
756
923
445
728
427
496
421
500
304
715
652
603
678
456
243
408
223
316
242
627
453
387
393
516
1153
371
563
387
813
866
358
1007
502
465
501
618
367
1412
930
262
835
641
902
965
1078
431
333
1560
635
302
311
464
902
740
291
1250
410
624
779
549
600
370
339
880
672
944
716
205
607
1156
537
817
444
376
589
1066
346
740
788
1196
530
885
581
319
735
978
343
375
462
414
1112
655
370
609
454
535
270
725
493
777
340
862
879
397
459
533
480
304
605
486
517
336
591
715
525
554
441
640
806
426
584
937
1017
847
1022
203
398
361
422
572
523
621
727
557
680
1047
868
839
418
756
493
554
1028
633
581
670
638
417
271
256
772
649
599
548
493
982
533
896
333
268
351
385
1372
766
494
713
676
313
446
455
362
820
817
375
426
355
226
1227
545
857
571
238
237
371
757
972
330
198
353
478
571
863
600
911
775
867
512
419
273
480
617
1345
359
782
586
345
359
433
1027
354
657
759
680
484
396
678
551
378
736
489
554
670
481
482
2381
371
279
722
713
308
380
1237
558
496
499
621
534
1379
374
979
326
483
687
434
308
465
508
727
932
424
194
352
484
733
583
519
399
453
424
580
321
311
583
400
507
2014
514
468
436
1187
659
308
284
990
630
960
1060
326
771
143
655
467
507
495
1226
471
576
645
414
323
293
433
501
823
781
658
472
1314
1173
511
1125
292
372
516
1595
609
655
477
458
395
474
358
514
644
887
380
520
526
497
380
626
300
691
611
577
1003
670
329
460
562
822
1142
984
255
432
475
923
443
827
471
476
635
329
497
503
876
652
1096
903
701
551
1040
478
251
1014
326
871
712
434
541
249
505
729
505
305
617
258
439
1286
392
463
343
472
639
454
568
622
490
637
258
541
431
714
512
526
855
1492
482
602
616
598
829
585
381
320
450
425
824
569
575
394
1018
868
779
575
185
792
996
303
765
418
940
304
585
843
524
538
425
971
856
698
161
592
444
655
484
617
576
458
627
996
520
655
958
529
549
804
767
737
281
243
411
766
1053
664
722
774
750
412
539
262
1018
246
618
419
818
409
616
1946
551
353
434
439
402
242
848
534
846
342
479
513
744
674
278
348
454
404
428
232
559
656
1755
623
1076
710
507
487
530
322
335
673
935
409
906
753
573
304
782
424
554
364
411
460
395
351
1939
576
459
686
424
607
563
740
1479
865
277
453
765
863
411
554
614
718
391
411
1034
499
482
455
618
284
317
538
354
639
452
555
245
1431
325
564
324
712
409
368
458
435
686
301
322
471
636
483
735
446
644
751
294
520
576
507
292
667
307
233
643
341
774
596
616
679
706
913
979
295
612
999
334
384
505
771
482
851
401
306
355
376
869
376
706
949
1398
596
616
413
544
562
483
304
448
247
1280
301
428
1103
324
211
568
768
373
898
487
558
614
500
426
423
321
572
681
383
623
341
164
893
505
509
507
584
695
961
449
320
386
470
473
1204
718
305
415
446
281
584
459
887
369
525
348
698
772
343
186
450
406
483
542
348
729
346
635
703
827
418
772
557
263
433
628
882
595
378
677
391
535
642
1427
274
504
822
1247
753
759
323
1041
1533
482
225
1443
418
651
744
416
792
668
377
608
709
649
658
766
1145
571
424
341
431
829
428
307
984
537
779
1974
294
679
871
648
713
617
804
421
692
496
773
362
604
583
227
792
1386
656
548
311
644
435
1153
809
391
473
556
430
323
457
200
411
707
409
524
266
430
607
767
126
516
538
425
736
755
425
299
655
681
1312
407
595
582
331
401
800
450
895
385
595
1314
562
322
272
684
562
534
622
743
308
851
392
620
436
644
588
308
521
526
309
277
1406
559
380
1048
419
556
359
522
742
1054
499
527
367
334
709
603
1012
791
359
374
514
799
366
337
471
529
514
768
1294
1345
487
253
563
490
686
764
1318
549
447
340
875
364
296
410
374
873
1158
661
505
729
705
751
775
425
1180
642
1037
487
379
510
418
261
650
463
448
278
257
433
510
591
614
417
435
496
354
374
579
746
544
381
646
508
795
338
670
645
348
463
649
255
356
362
512
828
680
1654
1601
808
561
936
630
625
281
969
428
374
229
318
435
632
456
1026
490
412
380
613
667
664
264
522
585
537
543
343
1413
684
383
523
777
434
1268
1160
282
937
609
519
1008
200
581
395
419
701
358
807
320
593
448
583
337
1000
1213
425
809
453
460
501
554
551
909
160
978
425
982
730
579
353
717
908
494
483
222
599
533
410
351
498
948
721
457
687
414
650
382
361
526
514
921
1177
382
564
582
318
591
1578
556
470
972
1844
769
580
573
378
832
394
546
400
873
731
533
975
364
456
499
232
500
177
645
591
730
647
857
440
1995
427
376
422
667
397
827
955
398
1312
390
508
441
479
1026
348
487
989
403
273
688
851
630
621
679
484
645
1199
550
357
1018
681
452
1210
915
609
603
700
807
404
369
239
1014
881
639
427
492
444
340
335
406
1172
267
574
294
465
713
465
514
342
483
375
592
520
366
470
334
291
241
330
497
492
373
591
543
348
758
398
326
420
333
1424
594
194
435
704
317
888
455
618
475
1057
227
819
923
758
580
328
341
364
561
284
369
541
254
709
307
320
699
733
575
210
537
377
449
240
382
561
734
1031
375
498
454
660
315
746
375
849
640
855
652
410
426
637
289
509
1116
602
292
317
626
475
402
588
437
303
754
383
820
511
543
1471
366
521
529
406
491
339
864
1059
918
697
414
877
217
201
461
941
911
587
510
412
579
680
826
329
790
1039
766
272
469
433
185
608
703
421
492
392
448
286
1032
430
448
284
1319
652
304
626
462
331
1152
508
399
318
437
501
445
439
297
795
432
653
277
1200
359
596
372
515
726
300
565
453
634
407
747
545
326
408
789
793
532
686
743
531
535
441
913
939
486
528
418
435
650
382
445
424
588
281
534
634
964
662
657
288
602
555
1247
562
674
1179
1139
403
899
734
450
285
404
438
539
412
460
244
277
639
434
384
503
583
434
760
635
1230
1060
616
337
799
1866
312
484
818
417
331
534
579
338
739
362
457
840
388
493
339
800
448
430
581
828
259
473
965
507
488
534
595
555
536
408
1051
505
515
398
412
933
578
1322
1330
376
228
487
273
505
1318
482
231
442
260
702
1021
444
645
581
1774
526
493
541
601
362
1088
399
988
636
238
971
498
347
220
255
105
249
292
939
577
408
889
432
366
1061
657
736
643
242
466
435
1078
436
441
280
402
385
1156
567
411
1093
500
1014
596
913
450
467
719
301
562
956
282
828
652
751
688
1426
629
1869
695
1749
344
367
685
840
903
633
287
436
404
2027
531
511
358
871
322
510
655
1023
831
592
902
581
555
668
241
487
478
293
1247
387
489
763
650
726
612
889
609
559
461
310
469
380
785
1305
355
398
975
860
358
371
497
899
863
521
231
530
422
352
624
778
381
442
412
956
496
585
499
286
537
541
583
252
1252
430
672
664
441
501
330
171
544
276
888
321
423
384
571
406
299
554
516
688
1443
1651
586
320
219
722
310
302
536
578
597
454
438
359
629
564
722
718
406
590
491
288
714
577
1044
613
403
360
299
627
447
792
755
644
698
736
345
309
546
317
1314
613
761
597
550
444
625
1211
513
648
372
344
747
408
529
244
536
228
1716
770
1434
831
308
383
656
607
661
362
523
381
758
516
587
304
1365
278
319
305
207
742
855
583
388
408
631
534
1203
489
305
425
822
1405
667
732
767
411
572
460
1059
396
507
605
313
434
2055
637
636
723
862
362
431
286
717
1025
874
390
289
301
542
689
407
275
779
843
678
533
365
839
334
614
1027
960
634
873
787
448
1662
592
308
292
482
495
656
1211
349
563
1112
566
558
243
425
553
1394
1379
406
361
357
901
1320
629
776
511
348
348
724
566
240
575
242
534
329
273
419
656
282
195
429
349
364
574
1051
488
730
497
485
588
566
646
822
548
512
762
540
791
241
455
346
457
1016
631
770
858
598
791
607
481
358
426
744
463
344
853
750
444
531
1306
1483
599
934
576
398
659
568
639
620
453
467
825
397
368
785
329
433
556
344
209
394
637
282
362
519
433
604
486
1008
753
299
331
486
317
1031
725
508
831
364
170
472
498
314
562
537
866
249
320
736
453
519
638
464
523
468
320
675
821
670
333
335
314
378
595
494
263
456
854
430
538
462
700
625
460
721
812
409
498
226
296
286
489
498
580
447
1050
590
629
473
587
423
363
784
661
415
323
752
572
915
538
743
778
485
825
354
686
538
1176
437
497
865
394
973
250
371
378
973
668
353
771
366
542
415
539
247
826
797
695
758
484
320
873
786
289
425
379
646
591
422
544
1232
537
576
578
787
783
629
310
584
1158
377
368
707
920
303
371
626
772
492
376
614
454
489
703
719
628
371
557
474
653
902
597
454
787
370
192
1852
449
227
485
470
707
326
605
768
608
379
486
751
435
480
355
756
758
628
534
641
918
184
697
807
895
983
181
397
418
381
428
517
434
259
535
631
656
371
606
1091
924
671
606
417
449
424
803
692
944
409
1282
326
445
470
516
713
331
1041
381
765
936
647
209
307
405
493
736
676
229
538
448
790
432
454
806
334
727
906
557
1507
649
717
559
1051
1009
280
388
699
492
789
1030
361
314
763
528
721
876
592
446
315
451
337
372
911
494
1579
1320
524
307
491
560
500
772
724
402
858
625
767
269
892
974
1012
634
347
962
333
856
703
219
271
409
325
380
384
324
441
758
326
767
563
275
389
959
847
597
604
379
1132
672
225
631
618
716
585
1113
623
276
570
737
411
628
945
883
827
803
761
250
525
264
849
385
1186
479
260
754
340
1677
726
441
658
248
448
547
228
581
1195
349
806
424
487
774
447
825
531
630
167
1210
724
450
535
627
428
652
861
443
430
670
598
436
410
737
478
288
283
573
611
778
614
183
479
173
166
590
520
359
364
446
622
318
472
301
501
381
492
409
421
386
394
949
708
447
588
530
1275
537
599
426
390
321
952
436
438
553
378
659
1807
692
445
432
551
637
552
635
290
811
443
471
544
794
1395
691
704
691
342
1362
715
801
338
494
762
591
383
997
576
254
197
274
381
407
327
1096
318
415
471
718
873
462
605
255
641
622
570
456
750
237
1000
349
712
801
1008
580
390
658
316
465
424
540
493
967
286
860
313
488
737
563
390
400
347
849
521
641
750
839
750
352
406
290
306
305
233
1027
457
892
726
291
735
303
225
939
404
381
315
238
427
641
592
382
533
778
1487
553
578
356
437
999
734
731
1223
529
494
263
655
758
402
543
280
452
476
590
472
618
884
567
367
653
602
517
501
405
422
352
1392
556
423
570
770
811
610
965
481
960
425
581
561
357
424
1269
609
739
708
1195
348
653
397
543
477
402
499
651
912
510
465
841
585
537
1027
362
445
614
369
464
788
861
455
231
384
1386
435
447
362
384
778
752
1062
782
374
889
321
703
689
671
794
454
384
301
799
629
378
801
616
520
543
761
425
415
819
686
355
366
234
183
530
336
330
398
520
1439
609
373
450
627
553
465
703
548
611
221
638
461
295
922
1254
602
338
805
786
287
252
359
674
459
1059
750
1011
700
466
819
903
460
232
322
1077
588
720
273
408
246
636
657
1066
289
1235
290
779
454
449
1038
529
310
619
861
402
917
868
704
1133
1262
1238
555
591
592
600
743
557
548
687
607
628
655
458
359
528
644
713
1751
451
1107
1265
265
539
508
645
546
987
366
1131
1547
644
229
997
416
1143
455
1279
614
660
1527
177
956
317
658
369
639
1045
699
448
528
468
746
311
688
791
473
584
901
501
609
881
353
526
371
529
944
1323
428
586
898
364
1318
345
484
422
710
471
642
489
480
628
769
784
368
498
383
580
543
231
519
523
642
261
455
638
816
751
466
348
1382
605
850
734
289
201
443
367
273
668
865
348
502
393
1149
655
508
566
678
593
488
449
746
530
780
419
646
403
472
470
351
893
499
563
501
431
456
401
320
437
589
267
328
482
251
474
504
759
330
679
670
729
1219
619
796
402
397
570
598
783
385
501
683
259
376
320
331
870
617
913
483
616
412
355
564
405
539
549
734
341
389
349
424
838
514
446
466
584
1180
634
637
995
206
663
458
301
521
473
1218
418
293
507
440
496
972
485
1050
505
652
673
617
663
508
476
726
272
587
656
297
514
484
438
352
187
384
654
332
474
706
247
645
518
522
471
360
828
294
403
863
441
405
594
735
454
393
512
271
393
524
511
737
504
441
471
1140
637
465
605
614
510
489
409
429
403
532
1356
1312
253
526
1232
995
493
237
296
413
728
630
350
430
286
621
292
962
648
1274
442
320
454
438
425
420
374
445
516
258
434
394
887
1425
268
787
1010
415
424
1178
372
642
323
597
567
608
806
1019
917
185
279
901
1181
460
714
367
420
863
264
332
287
549
663
493
294
534
791
330
375
438
305
202
682
648
455
811
343
664
464
432
943
651
415
507
547
600
526
506
355
274
313
664
419
492
535
381
995
1384
454
414
646
205
515
278
479
549
720
287
384
528
986
266
678
626
492
585
307
531
622
674
453
685
385
570
270
467
796
424
332
274
428
660
366
458
593
514
707
1633
509
385
367
336
710
596
374
745
657
749
1329
626
282
389
410
754
456
545
830
437
1064
344
811
886
688
423
510
518
457
541
754
294
980
711
437
516
1073
610
343
377
510
445
632
442
284
806
665
820
675
399
1274
636
832
245
839
366
533
431
297
304
1082
811
683
299
367
533
696
800
470
516
997
1424
343
463
713
486
545
438
614
497
460
490
321
947
259
380
830
479
407
445
240
482
718
615
639
240
483
503
570
647
242
598
899
203
592
528
580
1561
527
347
616
993
421
1072
310
771
555
485
578
341
1246
471
516
442
357
592
834
810
890
975
387
263
578
596
1738
924
677
928
419
429
568
273
543
175
885
286
275
437
477
349
1413
445
385
253
398
380
516
386
254
389
479
245
391
1013
297
434
572
319
882
544
885
777
692
805
383
361
1024
946
791
637
351
1195
326
489
641
305
496
415
180
872
474
1189
895
464
464
812
556
509
335
374
295
588
1001
535
339
852
630
287
509
708
335
168
1074
534
292
759
377
429
648
550
399
681
541
333
278
411
450
800
489
835
330
437
758
460
555
623
483
1133
728
427
759
598
425
495
611
575
868
1270
747
426
487
293
714
874
1238
741
200
272
1201
549
341
414
589
496
302
357
529
653
231
568
398
247
963
495
706
660
644
1099
466
392
466
290
247
261
530
791
836
507
491
904
721
736
373
677
593
636
436
778
343
451
599
268
610
989
508
337
354
203
845
251
257
506
844
503
408
1221
516
472
822
630
534
804
525
404
699
436
694
564
535
1200
493
760
722
986
403
1088
214
460
526
456
583
718
408
624
1010
318
587
1055
622
368
678
588
339
1189
220
320
496
306
416
439
433
350
668
526
638
553
793
618
168
333
721
329
710
428
330
264
356
691
346
720
232
427
877
400
319
1220
440
815
359
536
481
862
965
557
342
1667
424
534
590
415
544
535
467
691
447
561
613
992
377
711
685
329
370
1034
791
261
962
307
478
965
402
331
1326
242
397
2172
796
652
568
380
400
582
861
683
676
349
270
620
1042
539
710
325
649
443
474
1985
950
666
772
575
231
335
799
1542
1740
589
569
546
538
244
861
694
1169
667
287
629
408
769
322
718
575
310
518
632
564
859
948
396
405
381
519
334
780
546
663
501
677
305
858
977
623
592
634
501
372
1013
775
737
292
635
333
566
339
504
713
662
646
833
421
910
1022
284
534
687
519
656
740
646
1503
1333
574
403
445
924
451
1045
1328
603
357
287
348
491
276
330
616
724
769
576
617
489
518
470
879
968
734
449
447
591
512
641
522
711
719
339
408
336
973
404
710
676
624
334
412
451
612
726
394
441
285
709
534
366
642
245
319
834
583
948
314
379
464
365
1180
670
1014
407
440
577
1480
602
609
543
382
853
1015
362
991
221
445
738
955
455
395
237
992
799
773
365
471
530
423
450
263
476
555
1371
461
376
455
407
493
409
480
469
1041
259
549
500
849
394
323
534
316
510
307
349
726
512
442
488
702
314
471
469
977
1129
356
629
374
357
480
696
496
341
447
823
408
219
515
329
547
799
507
673
286
396
321
412
539
387
1467
337
707
513
281
806
496
485
633
556
379
554
1181
370
279
333
759
322
321
356
648
703
714
469
839
191
729
210
984
732
271
487
621
265
1027
360
410
629
663
443
384
458
304
1707
359
471
1303
449
626
331
559
693
229
530
1104
815
232
856
565
473
755
148
506
323
303
816
632
632
427
558
482
561
692
502
536
231
436
391
576
669
355
885
379
556
416
493
1322
344
464
333
374
718
235
728
195
346
1119
518
927
362
480
203
631
461
1850
316
380
971
545
489
412
1072
608
846
618
352
431
308
460
399
350
677
502
519
396
644
668
1264
1252
915
433
510
830
531
599
287
733
463
558
321
779
925
494
441
743
504
261
761
644
393
425
372
396
664
1005
259
576
759
338
490
832
555
313
256
377
723
761
997
274
872
409
612
594
597
564
719
597
630
792
548
705
554
531
1159
547
251
417
593
497
695
529
318
496
969
316
262
1063
488
1408
227
709
868
408
722
642
677
576
412
325
768
719
623
551
559
536
587
950
607
1162
775
675
700
477
269
490
379
469
1099
866
483
387
1441
609
739
469
909
742
507
419
367
1809
605
322
524
561
765
1007
881
445
1466
243
542
250
609
586
434
685
302
443
412
389
492
593
359
722
948
340
351
342
652
847
440
752
929
1026
639
158
812
517
391
577
516
561
497
633
978
709
486
208
383
297
396
420
450
601
384
278
298
728
968
509
453
384
764
382
495
551
328
1038
650
317
370
834
384
441
1316
368
562
785
367
493
292
721
293
415
1038
359
940
344
723
726
816
472
680
358
325
389
1643
315
468
827
842
485
475
730
1103
331
815
402
466
697
938
1015
366
495
1347
574
1279
735
579
641
487
448
422
1115
973
163
804
275
467
598
967
633
334
463
401
737
475
1214
434
542
598
902
303
645
432
335
332
971
865
924
981
584
368
273
585
504
929
236
507
557
650
1006
578
770
318
451
547
439
479
778
424
258
844
751
694
401
266
589
924
485
732
646
575
663
333
622
635
817
287
350
544
528
316
372
296
322
285
936
593
600
566
329
1470
704
875
1244
238
993
464
660
319
413
488
729
857
329
272
307
304
930
1390
702
518
459
453
552
552
901
832
504
686
615
694
488
1255
351
501
246
1043
898
464
868
568
827
1257
1039
338
464
708
321
256
396
651
757
426
745
428
1144
507
633
530
869
574
394
1060
424
901
760
589
296
980
292
1428
552
698
378
826
717
392
636
305
172
612
257
314
690
421
594
703
541
513
511
539
343
326
299
439
633
307
1245
539
823
837
430
432
354
375
458
488
578
526
536
546
390
542
549
402
706
865
403
209
335
331
673
942
641
325
992
693
940
537
532
336
218
319
1519
473
736
738
910
524
431
297
723
579
648
476
580
532
456
249
1685
651
411
299
383
370
1356
673
208
829
357
737
505
559
414
640
478
499
841
1065
334
1926
465
360
546
819
534
827
1278
475
464
732
395
570
518
415
425
536
552
370
905
960
678
773
1233
685
1217
1069
562
540
511
285
343
1409
353
312
399
509
282
941
472
211
488
815
289
524
726
438
456
479
726
623
1312
883
250
244
309
311
506
666
341
516
855
706
342
1764
298
645
529
283
550
524
955
654
474
385
352
687
548
480
424
292
789
237
1216
597
921
616
623
823
485
476
342
440
307
616
600
506
623
299
924
549
467
599
761
1144
401
830
462
777
440
745
362
885
382
492
488
537
502
453
922
350
780
910
528
1601
748
837
285
466
472
385
608
449
312
863
544
477
783
266
432
676
374
429
362
563
402
548
344
770
617
409
497
1284
636
445
827
979
721
508
454
406
893
659
566
424
552
531
391
710
296
465
505
187
292
512
800
267
147
348
338
844
796
832
1329
578
761
303
1022
712
747
676
489
1158
619
486
522
621
869
525
728
713
748
544
417
677
241
1139
775
516
573
617
852
703
409
276
736
323
782
497
697
450
379
534
438
499
501
292
329
909
471
471
960
721
732
555
497
1262
488
315
513
732
991
907
232
306
252
1082
931
431
736
1525
390
1417
335
340
1217
745
549
623
301
566
443
551
564
413
450
758
544
490
886
507
480
847
273
261
488
415
294
470
398
504
602
254
381
349
444
1061
801
706
622
464
496
1339
476
798
545
554
478
742
1091
2177
1189
445
274
395
748
856
496
408
682
884
420
986
856
258
400
367
565
624
282
542
463
690
1081
917
541
469
343
703
695
264
601
493
678
735
958
384
486
761
642
453
675
437
565
381
440
881
1134
463
472
446
596
1449
583
791
393
372
589
881
675
1205
216
473
569
752
508
336
821
238
866
486
455
981
537
552
337
395
347
581
582
459
765
528
669
663
418
623
563
330
730
393
329
409
1133
311
331
865
1164
366
613
211
756
448
767
502
1119
341
607
525
539
383
536
259
592
331
377
1249
261
737
347
483
1254
768
1005
624
900
396
623
344
885
777
868
208
446
384
404
325
402
324
432
477
648
869
294
660
641
345
297
1448
404
469
547
189
503
440
524
615
501
541
403
464
568
323
306
635
312
721
577
545
837
412
361
743
856
444
782
391
408
186
400
747
491
253
736
782
563
536
368
239
514
1277
586
755
317
1019
703
205
467
613
343
578
566
1051
730
391
558
541
1250
643
353
229
1275
633
784
574
481
793
249
493
340
405
240
603
896
408
476
493
586
604
405
417
291
523
713
574
727
669
579
266
403
395
769
444
563
609
320
751
1038
545
881
513
550
649
505
516
674
490
790
388
487
652
658
664
450
434
812
255
518
1294
472
571
511
424
476
331
787
448
582
202
719
711
309
389
770
227
466
803
839
437
511
655
653
1564
762
679
526
685
650
562
931
394
547
891
237
578
459
458
780
607
566
482
800
294
1527
589
687
371
485
1037
465
355
266
556
336
1326
157
353
580
190
483
466
507
625
191
1020
481
268
402
634
395
1025
528
685
617
269
1250
1116
189
279
814
765
667
367
332
685
350
509
412
799
352
624
811
468
844
620
559
886
296
694
282
524
699
502
388
586
732
394
476
962
606
476
448
376
429
967
289
844
503
657
730
714
382
380
636
703
371
461
379
461
837
349
639
399
545
197
316
1039
485
1354
866
529
604
1402
222
646
273
833
404
471
383
1551
921
401
564
598
632
641
740
402
844
910
2086
857
531
987
520
297
723
271
278
874
861
432
540
682
551
372
941
535
210
850
513
632
692
424
354
728
500
926
592
642
370
395
499
489
388
324
315
467
713
1418
845
324
319
464
430
777
870
586
327
1009
854
1198
687
261
1415
477
285
2243
798
376
249
1030
654
1355
460
241
323
641
474
426
430
497
553
639
596
476
585
639
1084
452
505
1067
406
662
682
1484
729
387
998
439
865
659
536
391
380
674
366
521
692
477
943
798
951
395
447
517
995
774
224
992
365
273
266
482
686
771
308
978
409
582
387
1014
338
760
566
392
1177
336
1348
270
451
246
441
451
506
384
508
725
804
329
392
770
403
651
347
412
587
480
417
396
935
233
262
691
892
504
738
1144
771
471
996
300
950
640
476
381
419
381
1009
1131
420
258
377
459
492
346
354
349
244
334
628
735
553
258
458
411
320
276
481
716
485
271
591
434
355
567
439
450
555
271
538
1073
331
626
547
446
445
881
396
849
1284
589
620
898
436
430
459
986
478
467
347
611
339
902
470
860
624
665
591
468
887
382
596
363
306
504
1259
594
848
817
560
494
585
335
521
299
373
387
608
558
413
290
389
278
519
352
566
736
476
1288
1489
921
1064
323
833
477
644
603
625
447
441
510
300
362
246
342
361
308
438
702
656
568
434
545
341
507
1196
776
855
447
371
449
2524
470
823
411
1005
624
398
1194
289
516
278
324
895
967
411
441
651
353
735
495
869
229
529
378
1097
783
702
581
487
369
1001
780
609
321
1095
293
335
600
463
908
1151
674
215
857
291
237
389
832
1560
508
334
742
349
267
390
419
196
303
679
687
306
572
656
497
779
484
602
428
527
541
663
720
538
363
551
551
438
526
199
353
532
767
754
457
659
1414
1075
685
446
899
707
560
505
748
610
668
581
447
397
451
476
347
437
762
309
297
807
558
959
336
745
420
473
1194
780
572
545
240
372
486
513
867
392
768
227
844
609
977
376
726
334
557
650
379
298
541
319
873
360
327
925
550
670
907
452
244
418
459
378
1560
502
928
301
416
892
367
2126
846
355
487
479
751
367
549
1271
408
575
317
1167
680
1065
166
1165
558
1105
569
478
273
893
357
757
366
571
540
317
360
567
810
472
338
729
457
406
337
458
311
777
334
947
448
550
237
475
1726
485
199
801
1783
439
671
321
256
1366
516
472
631
468
333
692
288
880
317
874
283
741
527
656
633
1168
755
544
396
1052
398
376
815
653
797
552
619
305
846
1149
467
317
464
752
387
293
425
472
1175
1077
1077
481
680
600
1163
497
939
561
642
277
449
393
916
696
679
430
608
530
406
515
784
700
546
1541
320
756
738
276
486
201
430
166
1285
569
376
484
507
700
492
826
1611
552
719
1301
616
454
345
443
608
734
257
280
388
417
463
730
471
695
1013
365
337
603
312
593
426
435
301
413
562
360
402
479
1043
462
717
389
515
774
272
459
658
756
201
500
502
345
662
332
422
687
393
543
301
457
471
753
651
258
433
823
520
572
552
777
404
676
455
1275
408
383
752
487
532
653
338
711
385
358
362
463
787
733
464
238
380
659
424
683
676
567
615
342
919
506
463
286
634
320
636
616
1316
538
626
430
1063
272
824
895
238
630
324
235
1379
325
273
1431
1026
478
367
412
664
698
904
636
452
301
596
341
446
438
1516
596
1116
1009
536
433
421
730
1105
434
1074
1861
568
613
439
515
363
396
752
544
736
589
506
902
502
933
1995
303
467
564
728
380
506
1192
322
235
731
348
162
377
607
437
715
520
270
600
625
420
714
1007
495
593
555
238
445
517
656
340
480
641
516
464
1327
898
351
709
606
546
816
1635
1203
962
329
361
1549
630
240
764
852
380
843
575
571
402
723
1002
597
531
454
464
268
976
486
438
377
342
725
1140
1207
565
644
951
382
481
1412
606
359
808
627
1419
266
547
521
1522
675
907
439
499
568
549
1378
784
582
423
583
640
511
467
727
175
911
410
910
417
557
787
725
641
436
986
373
527
560
783
233
1235
538
493
486
624
772
722
995
884
393
453
644
159
743
481
887
701
462
926
325
357
671
453
711
1038
192
511
663
1177
582
532
578
611
828
689
670
561
767
651
788
890
853
816
308
328
525
496
805
277
789
664
841
468
298
454
625
180
1625
743
417
585
367
415
714
796
484
423
1085
447
713
412
284
334
270
553
504
631
711
443
164
653
855
823
664
605
378
920
302
277
550
737
480
972
858
472
554
484
532
601
305
408
579
618
1120
591
648
838
453
641
365
516
338
367
1353
1179
838
637
784
875
499
800
504
762
594
373
582
586
556
581
475
365
781
732
699
388
506
596
427
544
409
577
318
1099
397
513
732
177
346
504
507
548
308
491
610
362
472
527
629
176
295
404
651
689
281
378
366
351
469
410
604
352
903
834
606
706
324
781
518
951
771
1215
476
347
430
304
522
618
415
552
382
704
1095
615
943
888
469
588
462
1178
567
748
600
432
1008
368
556
338
363
354
618
587
666
570
569
253
418
535
317
419
410
561
517
507
337
470
435
425
325
875
581
886
382
306
503
413
405
286
385
411
241
513
519
561
504
507
687
325
321
256
447
805
355
353
661
385
542
310
677
1020
1057
820
389
458
445
554
665
510
1110
704
623
420
519
551
358
281
560
1372
904
834
541
1183
460
585
249
492
421
343
477
538
732
765
808
1242
716
435
426
414
730
331
465
524
277
319
399
551
546
1045
337
448
473
665
732
779
622
720
444
687
646
560
271
1074
326
460
372
534
383
710
521
366
1033
928
379
384
1181
587
628
1265
912
286
782
670
468
355
467
560
409
715
539
307
309
300
592
258
952
462
238
246
251
478
535
382
570
481
375
392
419
689
397
580
850
620
319
377
363
493
666
460
338
463
1093
725
563
301
518
729
957
948
402
620
505
490
303
558
1086
322
220
585
281
479
1097
1023
1406
733
629
609
372
927
520
605
473
819
286
541
532
194
486
690
471
421
396
515
620
343
269
350
598
490
756
480
651
651
604
879
714
770
1102
481
263
161
502
638
313
515
402
425
597
647
807
313
717
392
282
2303
298
275
708
444
1114
1680
518
1014
405
577
767
436
330
910
511
353
379
677
354
208
899
856
349
664
667
618
669
795
496
999
640
811
427
1185
484
487
926
614
692
497
460
1223
1038
1596
171
475
443
625
468
850
678
527
554
503
621
552
232
613
532
644
409
765
540
890
625
390
322
563
656
553
551
689
1147
539
681
384
534
345
524
785
344
415
489
762
835
294
224
364
392
268
422
236
802
697
598
317
480
323
821
405
313
532
433
934
625
1872
642
323
1647
632
905
770
620
460
585
684
514
511
429
649
551
681
632
564
639
245
802
886
589
1556
560
846
332
507
536
704
489
803
626
427
574
619
408
564
522
603
331
1085
593
322
460
788
756
639
548
1069
339
1293
315
454
810
357
338
722
316
442
365
343
1019
697
605
1003
323
328
964
566
427
921
460
1116
931
376
555
376
527
463
416
436
662
1643
359
290
543
494
931
650
615
521
452
1693
753
451
296
668
459
820
1014
475
547
509
391
646
278
442
874
269
532
1472
674
256
972
335
432
384
453
483
399
542
939
731
401
483
321
1125
529
536
884
1035
775
594
214
699
739
504
830
267
725
347
363
597
867
422
213
896
435
276
748
710
384
594
640
263
1577
590
607
490
514
759
1626
328
363
446
591
1466
1069
601
613
614
337
535
508
534
505
832
1109
2166
707
463
550
441
784
1048
540
448
660
377
493
912
521
491
382
366
