1192
1382
1214
1613
1432
776
540
1409
1632
918
404
1163
1069
856
641
691
747
1212
798
775
1606
1885
1686
1322
897
724
2114
663
795
510
450
651
1826
495
943
994
894
3996
505
522
1503
3710
235
3483
901
431
1223
1064
1038
2178
2140
657
822
595
337
1017
363
1064
810
1723
1167
2107
1062
881
2400
461
1290
547
463
541
3996
334
1489
2782
490
439
672
956
824
715
1570
1233
538
1303
2451
304
1219
2040
287
1857
2279
1506
1307
876
1199
1231
886
1493
435
3399
742
1330
477
1606
535
1848
261
3678
1101
526
1397
2566
875
367
980
1139
495
3120
1637
666
966
764
495
1658
947
939
1383
750
759
1100
690
721
375
448
1235
1002
424
1764
714
1219
742
1383
693
1028
1547
615
366
954
615
1826
1360
646
1488
795
1793
1324
1132
950
1085
2351
862
966
1169
593
735
1639
829
2566
367
1725
513
415
1747
2057
809
1318
977
1865
1330
565
1535
1090
1723
1742
2035
3020
618
676
1924
410
1179
864
519
4284
834
272
1079
2292
1921
341
976
864
679
3053
2137
756
1393
1191
1855
2796
1702
831
538
404
800
887
1299
1454
440
555
1184
781
821
457
843
1327
799
736
375
792
1024
250
533
797
1244
1044
419
810
649
923
2945
4672
1554
553
774
1070
437
2258
1530
545
2334
754
991
1884
585
2048
631
1470
1285
2070
412
969
1504
545
505
1502
1478
568
3297
937
877
1518
639
611
2934
2378
782
868
1103
572
837
569
3594
546
1732
2225
1194
857
324
796
1550
539
1774
459
1963
393
2235
858
986
463
1639
495
403
377
1421
1325
1217
572
1057
1061
726
914
1360
1484
1024
733
525
1428
2420
1790
1703
346
1090
1196
689
893
1243
1000
497
454
1243
584
852
2555
403
340
996
1024
1070
1180
4400
688
1586
430
759
1722
1628
1623
976
383
574
474
1955
720
1108
662
586
407
1219
1141
1971
1602
1027
1531
447
1187
1291
545
1094
798
2298
948
1103
960
376
1006
513
2296
1514
1000
1082
1783
784
1508
501
885
3067
277
1378
1395
650
2023
882
347
1405
464
387
1339
761
1246
2020
995
2320
501
872
1875
1751
698
2227
1743
2271
1553
710
975
3413
357
586
977
399
1602
979
228
1089
714
583
3374
804
1034
1597
831
958
2591
667
2171
288
1244
797
978
589
2415
1049
856
666
698
500
793
1015
780
1970
1264
1220
1332
493
2941
715
1147
632
706
870
1075
882
1640
1537
2826
1701
4414
1400
2543
952
683
1380
828
454
541
1297
1562
573
1059
833
1487
1264
588
303
1331
2798
593
878
882
2364
797
867
817
624
802
1217
614
1149
438
1915
762
142
1031
1220
2231
1965
1455
1554
1206
1320
1250
817
537
1099
921
689
1389
1112
3113
1839
892
1881
746
1260
551
1191
633
1722
1126
2469
1110
1108
970
1592
1536
868
877
664
974
1397
1202
567
746
2321
1696
2806
2381
816
629
918
1812
1096
570
1687
1525
1011
839
1054
466
3028
1689
1602
736
809
843
474
477
1059
890
891
1323
1897
758
887
904
927
1937
930
772
1276
1190
1362
860
2072
915
758
971
610
265
375
1387
897
1830
1087
574
2057
272
498
1037
719
2070
1243
1591
1664
1083
226
1018
2659
1236
815
612
530
989
986
1095
1567
1628
1419
1543
1478
1305
496
904
842
2387
1370
2143
432
648
1133
1696
435
456
2794
2374
1159
506
1329
935
903
294
543
1030
620
715
701
2084
1255
1692
1083
2587
1359
433
818
781
963
1711
954
2119
1899
545
908
934
567
823
1034
424
789
494
1151
2308
541
875
757
343
1410
1529
970
2106
904
3041
1255
602
2905
2323
901
627
1579
800
245
642
1416
1993
1173
1365
1135
682
2594
799
1679
793
1218
1389
645
1074
1409
3125
2221
1248
1270
515
2299
1058
945
421
771
583
204
1396
963
1160
506
229
1289
1516
1417
2102
599
769
1688
1676
535
2961
1410
777
2126
1994
435
457
739
1053
772
997
2798
914
705
1847
1475
642
611
1016
1736
2110
282
676
285
889
542
1841
1044
944
1081
1482
990
922
673
405
805
660
892
284
849
832
2303
460
1811
1450
735
1141
1935
917
592
318
368
659
4902
1422
1046
913
1155
835
857
949
425
1498
748
4522
481
801
1086
2942
1520
1866
1050
2366
1341
635
1197
507
1892
595
829
491
1672
1258
765
1246
973
1417
1287
1125
1690
263
389
1700
1086
1495
3829
1036
914
3719
1231
1080
1111
1252
2623
1025
904
530
1386
811
1500
977
1326
2546
972
1138
3799
1334
3890
897
1338
1130
1232
291
1562
846
753
796
1791
1369
789
682
705
2277
2938
905
708
1472
864
539
1017
938
864
445
2202
663
674
579
1402
1529
687
1016
855
1217
313
640
991
575
1018
1443
721
613
1341
665
1477
1219
1654
336
851
1023
809
1223
1196
1107
770
743
1660
3177
958
2883
714
813
1369
2577
2943
1492
1367
327
2213
749
759
3056
1264
829
1548
1356
721
522
794
1845
2522
347
424
564
561
1054
987
1136
1605
956
1883
650
1087
1264
2516
1057
1438
1623
2385
1659
915
1851
4439
482
735
1780
424
961
774
567
834
1617
1536
943
1758
1383
3146
334
1408
744
639
876
1741
1049
523
1982
628
317
944
882
590
454
858
1204
2606
1003
320
952
492
699
1737
1387
1319
642
2823
1100
515
506
1334
1976
2828
538
1568
1222
1082
670
559
433
856
390
3486
1205
1347
1299
1749
1211
2315
1543
1201
476
856
1484
1857
750
499
813
946
1217
873
1921
1261
1587
2559
763
1226
853
1440
688
1237
1534
1125
954
773
650
301
444
1979
1332
593
554
519
1267
934
638
502
1344
614
1410
1031
1286
1825
1296
482
667
863
2167
1282
509
1755
2241
1428
507
685
2315
901
535
1668
685
3367
4135
732
882
734
207
754
791
2281
1792
1206
1478
2135
2490
1438
526
1119
782
834
2848
2639
446
2177
980
665
797
1624
1070
1021
1096
729
372
2589
1185
722
939
521
1261
578
1839
1730
965
737
467
1556
2549
289
804
1025
2488
614
837
1010
514
2222
368
2567
738
820
2377
2061
387
2201
581
185
493
791
572
906
1196
1886
1644
663
972
1287
542
2052
1872
1437
953
2593
1312
1041
798
1395
898
1086
1867
2985
4418
819
2109
1073
750
1445
1512
1110
490
1476
685
2350
2533
620
1741
700
1586
984
984
598
948
1877
597
992
1155
803
1024
340
1782
1104
987
416
1256
3298
3286
1375
719
1099
220
1306
2001
1151
854
1658
911
246
1439
1010
1215
820
1118
1404
1793
1460
541
1514
578
1233
1352
1269
464
1945
3181
1201
1032
736
1536
1575
1243
1044
1084
461
1554
1327
1126
2287
2088
2646
1284
548
1160
547
510
782
786
1051
344
257
565
1481
4990
1219
1648
1195
1097
2526
834
1733
1858
1628
1679
750
1022
531
760
1960
1840
393
883
1703
1050
761
463
653
1508
386
328
4081
1222
343
3611
2338
532
930
2022
685
566
1067
709
1269
922
1306
575
990
1144
1019
442
755
1369
725
1023
464
668
1264
862
976
1387
1196
3255
291
1015
2178
645
880
442
1357
580
1748
516
787
1034
544
606
791
1295
1608
523
687
1272
1759
734
1282
419
2408
782
772
1262
2246
355
512
1544
3266
1160
505
2923
1353
1870
916
1499
361
3941
1727
764
2226
566
557
947
2969
515
863
681
1329
1353
1158
599
216
1052
1363
1480
2102
511
654
961
871
883
431
848
694
448
1636
1466
978
3429
981
358
699
2420
546
463
738
1081
1767
1056
2558
619
2710
662
818
620
1791
2103
3271
1523
1030
592
1211
393
2530
911
2541
1769
912
1292
1939
384
713
850
1412
1036
788
1217
565
1429
451
1334
855
2320
787
899
913
687
541
557
531
2844
1958
1455
810
1476
1116
1362
571
977
2210
1196
1390
419
744
1660
1965
4082
325
591
765
1040
817
547
390
1196
723
2120
2844
2517
362
1690
585
482
832
556
2043
1646
1529
690
4039
689
2836
831
411
1850
1003
875
1175
536
3354
1117
558
1290
1127
897
526
1361
347
623
738
480
917
304
365
1014
892
1696
1360
2487
895
448
1474
980
1382
2542
1549
537
1173
1991
816
483
487
2625
427
939
805
2033
1233
1610
1232
5720
1347
806
1038
1390
1983
981
1792
808
539
927
1450
1561
1810
1001
735
612
1386
757
1727
424
1856
392
934
2483
2396
1008
2363
575
880
2488
1602
1742
2442
1070
3032
579
1564
643
1271
2018
1061
1867
189
376
1591
1077
1045
662
2040
1009
629
466
437
1512
1079
2023
2861
781
1476
1817
784
395
1192
1991
248
582
1079
596
1116
237
1498
790
1984
1675
486
857
2599
555
715
961
773
2497
949
762
498
1474
968
457
492
1775
299
869
2068
406
848
896
1042
1684
1975
1773
2013
1632
978
1129
1057
910
624
508
1920
2757
1581
851
3430
895
527
531
588
1668
1421
975
709
520
1189
1043
611
1052
892
1815
1016
1145
1165
3221
823
1631
1768
1646
383
892
869
1059
2162
905
1387
708
3501
6078
3382
4229
1649
482
468
451
2401
1358
1029
299
535
1083
1540
1908
2422
592
1738
735
485
1205
924
1195
1536
1121
381
1155
2296
524
565
605
1039
1653
354
1990
1206
1531
727
900
1632
568
2108
539
331
2304
790
1033
559
2081
1858
408
2182
1026
1930
856
3466
929
948
689
2102
238
594
387
1505
1460
1638
484
1226
595
835
326
1043
441
2861
650
499
932
707
580
593
1001
482
1486
1291
697
1366
3351
2324
1570
791
333
1315
719
1036
1711
536
1089
614
674
1425
153
1052
1051
463
1514
467
1133
782
1665
1011
622
714
3645
1188
2747
1078
1059
1726
534
1412
509
846
1199
689
929
340
904
322
1722
1475
1109
1973
933
983
1561
1312
712
949
418
409
874
612
1049
383
1259
773
1323
1490
531
998
1533
2460
1006
581
1060
714
813
923
631
367
655
1421
959
736
1336
701
747
881
1520
1298
1394
799
582
537
606
807
1903
443
587
1406
1927
1680
2052
2582
506
600
1322
1868
699
1141
2022
1429
1724
2333
2022
1546
731
1085
776
1167
1380
1068
522
993
1540
763
1551
514
1353
1160
1991
839
1435
1719
1182
2362
351
912
563
792
904
2876
2063
1975
962
511
1326
1709
1702
1553
1200
2438
911
2218
894
537
1518
2138
395
1756
1689
506
1208
2789
894
1024
1116
289
346
815
241
1141
565
603
944
1486
266
3105
2028
410
862
716
2941
985
412
725
419
520
591
4046
716
1279
1188
779
848
764
990
964
2320
2580
3053
1012
666
1268
1035
708
732
849
896
1610
1029
720
1023
3085
1519
1268
1416
1535
1924
2365
1209
2201
1133
1956
944
1271
1677
1792
768
2864
1205
1170
1040
1202
437
600
417
676
760
763
397
720
4408
735
1930
1561
602
193
1687
3983
1007
1094
1413
1640
711
1410
642
1030
1015
537
1465
2355
892
3164
1437
634
1002
1489
3297
1997
717
1746
2915
368
742
2108
901
483
639
524
1477
659
2436
2012
581
408
1854
1188
1523
322
631
507
1231
2996
2315
1291
689
1493
557
1005
592
2844
1306
523
416
462
822
2477
2004
2768
341
283
962
981
676
1438
442
1203
254
1878
1492
627
1084
1224
511
921
1137
779
1019
883
1755
1520
542
2167
505
1557
721
452
571
557
1957
1910
1115
1787
385
458
868
653
1048
1306
858
374
2052
841
1982
1750
397
555
1174
816
291
1698
1186
1046
352
668
591
1004
4456
909
786
1084
1827
524
937
2011
613
2020
850
389
449
1202
666
459
2437
744
243
996
408
1030
982
729
483
2097
733
1098
1400
1125
2347
406
356
920
1079
2691
1405
664
758
3318
2489
905
1232
486
1310
1676
667
784
762
666
824
1146
1708
1146
2007
1063
1832
763
869
1848
598
787
819
1007
689
1144
350
1609
570
1278
2099
2241
341
2131
547
1064
1066
1134
477
1227
544
666
1585
997
365
1255
2305
628
1682
1017
1222
1077
610
1832
1221
1343
1074
2850
377
973
1050
765
2507
1267
873
2667
2573
1279
1947
1829
855
1444
1150
1489
490
545
612
376
561
790
1109
1006
1269
1724
581
1599
848
2105
894
950
1192
448
1728
690
2516
994
4742
1182
1031
980
1280
877
446
803
1007
965
739
1079
1484
406
1627
1568
1361
1053
801
2194
1713
1538
546
834
533
1223
1971
927
175
556
2626
2199
656
1489
1457
1816
1266
2141
1775
1359
994
987
1250
2159
1202
1199
898
636
1154
556
1571
1028
433
454
2100
1330
1203
1663
1045
1224
1109
948
683
1532
759
1566
1885
405
1675
1203
562
602
870
1528
1293
688
415
616
2189
813
2425
933
2574
1253
637
797
578
1541
1008
963
1268
1505
710
365
862
1676
611
585
812
1404
663
424
1998
862
1067
1087
571
873
2664
1120
832
1153
513
515
1962
3376
1025
1013
1237
1458
580
594
930
1844
558
528
954
660
554
1882
1368
624
466
553
1457
2390
710
970
731
887
1537
818
565
951
1018
1382
564
901
842
3023
1711
2060
345
1891
738
359
1292
1733
701
960
571
1401
1087
842
453
640
2936
536
531
810
1122
567
1728
542
1142
752
1755
1894
1054
943
1214
510
756
1173
2364
708
1140
461
938
452
820
1231
749
1846
561
657
2502
545
626
1276
1288
1001
856
1346
1367
993
581
479
645
1358
682
603
975
1073
1810
479
1189
1623
813
1263
1712
969
858
632
992
1073
1480
389
936
1542
896
635
1929
920
883
1981
1873
719
749
1287
1352
630
1619
574
1655
794
558
896
3156
865
489
731
861
1553
2256
1520
1657
975
616
662
850
1072
662
445
1161
558
634
499
625
1946
418
2001
769
1985
747
484
2246
674
1235
561
621
1577
1311
1917
1389
1733
2543
1009
489
1769
257
2410
418
1338
2054
862
1292
644
996
774
1836
714
662
2890
1686
2519
1130
958
885
1253
1148
1259
226
1072
1172
1269
1525
4215
1795
1472
442
863
1690
1055
1706
2801
1257
2408
2684
756
184
1940
256
313
770
520
941
700
971
1236
507
1694
2884
265
530
561
963
1481
580
1695
1778
1447
887
2148
1864
425
752
1312
576
819
418
3143
1621
610
1357
173
641
1311
1469
3568
514
475
1323
1542
2154
1631
397
723
2159
422
2319
2366
991
652
1491
420
2095
764
658
524
618
1064
749
2107
690
395
895
1963
450
741
2108
2736
905
376
1626
2385
693
1915
940
277
996
392
1133
1653
2430
991
328
1254
1033
1229
1301
1438
1760
1814
1990
1379
1259
1221
767
2264
619
848
450
844
2202
760
433
1910
1426
664
2276
896
1195
980
377
2331
687
1886
1303
1008
1489
939
930
689
580
1868
1180
456
2748
1283
1452
362
1264
2398
756
977
1276
358
526
1140
1255
342
456
1078
1609
781
1474
446
1396
232
319
2407
644
1294
290
746
1778
480
1141
1186
1325
1015
943
661
1081
852
753
352
1299
610
2464
1969
581
655
1153
2048
1321
2272
1059
817
616
2398
1160
1104
1123
771
1457
576
681
2346
698
2372
1004
1758
419
643
915
1048
1455
337
784
251
1194
2592
3232
940
553
808
1660
2343
2632
1320
884
843
562
154
1618
1010
789
709
701
737
681
2480
418
3443
1441
1659
1310
389
1855
1493
2867
1490
858
788
792
1212
866
1624
1041
950
844
823
1806
1211
1101
3199
1565
1445
1117
831
782
944
1386
615
1608
2630
1309
1256
485
645
1310
864
770
598
799
1448
1334
1478
1764
1568
297
1263
339
2668
885
1698
1463
1030
1711
1802
1846
1587
1567
2780
676
1763
882
2585
1374
788
475
1708
1426
2316
1412
1252
788
1405
744
1685
1313
1119
2225
1381
1487
439
1673
461
1155
735
1625
773
568
754
779
1318
1416
1170
703
562
845
604
1207
581
575
3374
1215
741
440
959
795
2055
1685
533
1601
1810
1306
692
1142
1119
1474
1079
949
724
1421
1464
2177
853
3921
472
715
1669
960
2914
3640
1298
869
1119
1436
869
1695
498
1292
2006
2034
3036
1921
1496
1854
1023
378
556
1213
509
1289
441
2868
1042
1918
814
1189
2225
930
873
3223
1953
1703
913
1305
918
1481
1759
796
831
653
980
1138
293
1533
710
810
1141
753
1153
1027
1008
1133
676
699
915
704
2445
1114
1146
798
865
1184
1405
708
1194
2328
683
908
1577
1576
2574
974
1547
381
1432
1222
764
909
1854
752
684
557
258
1613
352
2142
1109
839
371
878
1437
545
416
3014
1055
1931
374
629
350
1196
528
714
923
2261
705
2343
635
639
2436
6498
848
549
271
599
1104
1044
678
870
1501
352
490
1904
798
1536
439
1074
1540
228
168
1651
1543
1302
2684
1410
1157
803
843
371
2451
954
272
894
901
237
1038
614
1418
413
538
1682
559
930
1778
1050
1093
589
513
1213
2813
1259
2189
1179
575
1216
2209
1507
3362
1656
482
2382
1537
492
1002
1560
1139
956
2237
791
418
642
788
474
1770
1390
1123
651
731
953
1594
384
541
469
674
2601
1174
815
958
1343
345
354
4034
772
368
906
1478
447
833
736
2305
400
1027
972
947
2610
1645
595
1784
3941
1400
1660
753
1098
2471
613
786
1501
980
1042
1913
990
1677
628
1544
2114
872
572
628
1271
643
1976
450
919
1135
773
1051
756
854
879
2797
1762
885
1498
1682
447
1482
584
1171
2908
788
1349
657
584
981
850
756
704
856
1681
1346
1695
1695
2136
1115
1224
792
462
1043
2128
758
820
732
571
1864
786
1661
4421
1623
3353
1626
1273
890
2917
804
1736
1104
1365
1661
2042
1071
1284
1282
1151
1168
1575
1190
634
512
865
1403
3138
1359
1443
1505
679
1074
667
608
2333
936
580
1842
419
1289
1100
872
850
878
478
938
347
1494
515
678
1134
1561
1206
752
2365
669
1103
1393
548
1074
1484
1322
1044
688
1016
1455
660
2566
1600
1368
782
456
2261
1778
258
833
1179
349
868
1097
952
1748
1177
343
335
1744
1252
467
1181
419
497
601
965
2986
1516
1533
755
960
1239
1167
909
588
986
761
1769
516
2583
612
1289
853
599
999
554
1306
482
1085
2324
1777
356
2382
205
157
1088
496
1464
1219
2178
537
1306
658
1801
1125
1762
357
477
363
1346
2421
1411
1827
1455
439
1637
335
268
1585
897
861
1481
1424
1522
1280
1030
1210
2023
978
707
191
503
838
263
937
1263
1137
886
642
1943
850
746
905
627
1801
438
2897
2102
2433
780
2279
1253
1452
416
814
1881
789
1720
936
725
867
1309
714
1131
1795
1275
1181
2044
646
849
328
1896
819
310
944
1335
4048
1072
1195
909
479
1123
1505
512
1060
613
1163
1277
2018
1614
659
600
766
1751
792
849
541
843
1307
332
324
2615
1518
299
221
1186
506
1411
2376
737
1366
3190
1107
512
2500
422
1626
388
688
752
383
668
890
1743
301
1510
2416
489
5222
891
2289
984
1042
1479
656
2270
1532
2128
389
1505
790
680
196
563
2314
1012
1005
4238
702
2002
828
743
1309
607
859
2208
1658
490
1511
820
2415
1010
702
1045
1205
978
415
292
1104
2977
1394
611
2286
982
460
576
700
1452
1176
336
2398
573
578
316
826
1205
653
1377
854
2897
383
1330
677
1312
994
1059
2280
1227
620
674
498
257
1351
1160
492
1040
1047
589
644
788
1523
1506
1909
1503
2110
1061
2322
588
1356
338
457
730
702
866
1079
934
841
2548
1428
1990
539
1028
505
607
1220
2977
1165
390
718
708
1261
1708
1177
1525
755
344
302
574
650
1985
967
417
1640
830
1628
671
1927
629
694
3365
1800
1169
1177
1911
809
531
1513
759
1154
984
2721
2926
853
1381
961
1649
2802
1423
647
1133
544
3614
1960
2407
1173
1325
2763
3286
1301
355
2881
695
708
676
897
415
1422
1857
8508
1687
1610
1225
887
3358
729
1522
924
1930
1364
851
1694
500
1012
1404
1546
403
2116
931
372
551
701
1631
289
376
1157
2009
3321
1986
1271
1434
401
3100
547
2211
828
851
1025
862
915
354
480
1445
486
1502
894
296
610
571
1032
340
252
539
832
1061
1615
2046
1164
659
1199
1102
2032
1711
944
1537
1454
390
2114
457
1108
1655
1414
1248
1348
1421
1855
494
384
719
660
727
421
1503
619
1337
1638
1182
538
2878
2707
543
850
1700
645
2436
1388
770
1483
1266
528
1663
531
1223
1187
658
924
2303
1274
2012
2637
341
3886
679
786
730
776
794
1184
1340
912
1243
711
2416
1109
1087
706
652
1904
1434
1229
719
529
2559
1503
983
792
832
824
2880
643
1090
1295
282
2385
1131
592
393
2592
1940
1687
1802
952
225
3883
819
747
3787
747
1634
2994
1834
1060
1109
999
2444
488
1099
1352
711
552
1626
666
1239
1275
1538
1958
2086
554
841
1155
491
772
1327
2441
794
670
1485
1396
1691
1561
723
2744
2024
649
472
785
573
555
682
459
552
1859
3398
752
995
488
2928
864
2487
1974
2057
814
858
676
139
794
802
885
1471
404
814
2578
1598
1002
812
2747
1786
1090
435
2632
926
892
4409
886
2049
1373
1768
847
954
1591
1682
1516
1085
1677
1650
496
1038
1349
707
1753
858
289
550
693
585
560
1187
593
195
2166
1697
489
950
1756
1341
1168
1628
2231
1393
510
2837
1027
2516
1293
1250
1716
1916
420
616
814
894
2160
1425
1439
1418
844
558
1546
312
1350
887
854
3023
831
1066
616
3646
1056
701
3141
1303
790
832
1207
1928
1539
983
2985
589
905
407
2580
2607
1286
1144
830
685
1244
951
685
422
668
768
926
1869
678
1932
223
1446
479
1090
1100
641
1604
839
4092
980
2125
719
1094
892
907
934
917
909
642
897
478
1561
3499
491
1050
1682
859
847
2184
895
824
1703
1911
705
2080
780
711
870
439
708
1424
1351
883
896
3463
504
702
1183
1220
2223
1287
644
2956
763
1214
2848
575
555
1097
1138
951
1447
839
1244
1909
3412
581
1694
1087
3712
937
406
1091
989
2140
693
1658
1798
1547
1362
270
957
558
1722
429
1883
1716
698
3274
633
1227
1142
921
1624
1356
453
1326
1883
1007
1155
721
1926
851
778
538
978
679
1663
2145
939
1042
820
1503
965
1635
1719
991
776
1102
557
1190
576
964
1142
906
869
946
1616
1382
1135
997
820
632
641
1456
1253
1464
1063
1085
1712
1797
613
998
1065
657
2120
1087
1010
530
1821
672
458
517
1279
1957
722
716
711
847
1376
298
1565
1928
612
1081
238
573
484
2100
2844
729
200
1683
2247
1068
1678
919
1064
935
2463
908
1832
2034
872
702
1425
1145
822
2239
823
594
599
1366
427
1039
1388
1648
3034
600
1103
3366
583
2128
1327
624
2360
634
1197
1764
605
409
983
1306
290
600
1165
671
1078
978
1499
718
1338
437
877
1837
493
3211
434
330
1191
1848
2649
1119
1574
412
1216
1123
1158
1645
675
652
6010
708
1726
361
501
2186
501
994
1092
2896
857
444
2638
1569
342
652
594
1161
3261
1970
328
408
143
2548
467
1194
593
800
1253
729
2343
982
605
392
751
592
1457
1786
1130
1327
3701
920
587
810
1916
1259
442
735
1738
626
678
2160
458
968
749
1547
833
1887
419
1209
2314
1826
498
3345
912
1384
1671
1234
515
839
764
1562
799
1160
1294
1710
1216
2149
3382
1190
443
2164
808
819
1090
1014
870
608
691
449
580
919
1473
951
2499
1977
497
2370
804
1154
591
781
1618
831
1175
1762
1479
486
3017
350
762
879
838
918
628
2479
1691
1143
1832
782
572
1240
561
976
837
1414
1778
890
1933
579
865
967
1008
944
594
864
702
674
1535
1391
1805
1345
3853
510
1232
1534
2128
774
188
883
1019
553
1784
2395
978
957
763
997
2777
2194
597
730
1698
1377
168
613
1209
635
1041
1157
1460
2546
479
728
582
651
684
1298
1624
540
4988
955
429
353
1169
2740
854
1383
1456
1839
2210
766
1905
336
4798
293
1751
817
2239
1886
829
1749
528
547
2224
933
1481
521
2957
2178
926
357
1129
1883
2089
1901
502
348
1488
685
544
1282
1134
741
1095
1120
1531
1129
829
4642
1550
407
840
1128
1362
626
1695
1598
1401
2726
1619
581
1875
1225
862
879
658
1537
1036
721
574
2820
1470
1811
1282
981
753
2315
1071
544
961
2872
1046
1108
2043
1359
563
2938
727
569
1808
548
1609
420
1209
538
546
768
1413
1714
1718
1793
512
833
680
900
2086
984
2786
1075
1644
560
865
1774
805
483
626
988
882
2335
463
840
990
3317
2152
1000
621
467
1143
811
1583
2574
867
960
781
3324
2187
304
1150
1419
400
468
798
1731
708
1043
321
392
2737
513
2154
1083
2491
2503
500
560
829
1652
1454
834
485
580
425
458
1857
563
1179
860
516
503
1779
1415
520
1726
505
402
2825
1366
1144
2000
630
1492
692
1394
1571
1002
164
1183
582
5404
900
1414
2363
1517
928
520
705
1939
871
977
1595
1487
2026
678
281
1569
2842
1786
2010
950
445
5271
759
938
362
1126
1553
1440
563
406
1192
619
769
499
854
719
1740
752
589
1138
936
2375
2068
379
906
663
1107
4474
1256
801
589
3861
1105
1132
1755
783
756
1001
736
248
1268
2179
2389
968
552
1970
1079
446
622
1118
879
1809
779
1539
939
1262
666
2913
632
514
684
810
1006
1922
1156
608
3184
1659
925
1004
2500
826
1000
1377
974
1768
592
1709
639
684
1122
1524
1892
2222
1257
1753
826
1077
995
417
610
856
678
1811
705
200
442
979
1095
2284
443
3258
1245
2854
134
1073
1660
1280
2652
919
1844
464
1402
626
2428
507
712
754
2519
889
450
848
873
1161
1942
1688
840
1279
1059
678
421
975
1032
2079
350
1779
910
3351
793
1134
691
765
691
680
441
378
3413
1832
405
3409
522
1327
1789
550
977
1543
925
732
2721
1737
1222
1575
1186
2839
614
543
931
1288
525
672
1065
894
616
1171
1031
1123
1011
466
628
1229
778
1661
1703
851
1566
439
1779
885
563
917
1479
1394
3172
2304
1147
1931
1045
575
769
815
754
643
1165
3303
785
1954
1761
392
1557
4314
828
357
452
777
966
742
831
725
820
867
604
2782
2149
1573
433
485
1299
959
1955
855
815
692
451
467
1759
561
1368
576
578
1866
1303
2198
1130
1933
1260
992
1146
1322
438
2140
621
588
284
1018
846
1951
714
1281
511
656
394
864
860
1303
660
853
993
1116
1111
1801
1254
1390
893
708
1270
927
1418
1523
630
942
582
2526
1222
240
2080
1503
791
2851
997
4340
472
552
1685
1285
823
790
1415
760
1276
984
1775
587
828
576
981
169
1193
499
1662
1915
2147
1134
4218
696
593
791
430
928
1459
638
392
1370
2091
2955
1759
799
495
825
1113
713
4164
658
1013
650
1133
843
1186
318
1429
2219
2706
1299
1381
1022
2018
862
2183
399
2474
1289
1123
1873
664
1540
629
935
769
1877
586
723
1929
210
1983
1355
1108
1090
2699
1925
1415
834
467
1201
2360
1256
2207
713
605
1436
943
1711
2512
1276
2327
498
2344
858
1418
318
3323
981
1199
684
1851
1536
817
1376
1615
1077
2022
666
545
1550
1188
815
733
712
1131
1257
378
328
878
1201
593
494
787
1382
340
2278
907
946
635
1347
1106
732
2102
814
614
3909
1303
2469
947
1213
997
1585
2970
408
2031
817
1418
458
940
3061
1062
579
1140
914
350
1019
471
685
590
194
390
1853
2116
1479
618
1165
909
4756
1094
1552
1250
3612
848
1756
932
368
1075
319
1534
1957
279
758
564
666
1688
1232
1406
1035
858
690
2316
918
1519
756
912
807
465
1506
1546
666
720
1410
992
632
794
596
1409
948
611
1680
650
782
1397
541
299
1882
787
661
340
892
2173
659
893
708
1192
1167
1775
1475
979
1493
1438
532
1644
1744
1011
1879
1856
2524
3052
2911
600
201
578
1429
1618
904
603
1670
710
867
1103
598
2633
1874
2038
364
620
2554
267
731
808
837
1096
403
1199
658
801
567
3462
904
1470
1567
572
775
2021
424
2563
760
469
3289
1721
1131
1434
439
575
976
2060
1473
465
1614
1250
878
762
579
1158
300
1229
906
1249
1510
1567
2047
649
586
2200
3157
1396
4628
540
734
1427
1297
2639
732
1659
2063
969
535
2869
445
520
892
1266
601
2062
995
551
2132
2612
508
870
1809
1025
1327
743
599
1830
722
1193
2401
644
1227
886
959
1322
476
858
1579
700
2260
588
615
1319
747
1164
685
1179
3528
2547
770
714
2369
2291
894
505
1668
1511
1145
1943
2036
581
1191
578
964
937
1639
2390
423
1466
1009
754
1148
3184
432
884
1356
828
1786
1214
2092
2330
1229
482
1302
2668
1251
1266
1015
412
717
1260
1601
376
449
1040
583
1224
898
618
546
1077
294
1523
753
1001
986
846
1010
1025
594
1285
1833
1647
3040
1384
1907
403
254
1823
521
521
402
320
105
268
1036
2064
617
633
1256
923
1149
1437
1779
1686
937
346
504
1201
823
829
2637
313
820
915
721
1524
488
2909
1441
1645
1899
1031
416
480
1712
853
441
834
697
1263
1158
751
1321
3002
1075
834
707
1288
452
1366
3260
791
1342
1213
588
926
1433
2269
1144
1257
1141
1680
1028
608
693
3040
2095
1218
1927
887
1980
1058
2187
1859
1652
958
1811
705
564
1077
498
873
851
1774
1329
1757
1265
403
568
2137
1222
1746
832
3463
1790
1429
2229
908
1494
2138
551
476
628
929
897
2246
927
821
1591
600
2002
2082
1154
808
1413
2635
1502
1168
680
395
1671
2859
2289
3879
1301
2153
546
231
567
636
4386
482
678
438
809
1325
653
2681
930
6678
823
539
2040
1743
219
1384
326
886
654
1013
839
1265
393
634
708
1424
1098
2837
775
1982
1184
649
1953
756
940
1657
1279
687
502
777
732
2042
2968
1001
1322
1062
721
938
654
502
670
1306
1849
1009
1014
681
1149
2251
944
1870
733
648
892
579
1460
443
537
476
2596
622
1777
1072
609
708
3777
1274
972
2329
3137
517
601
1030
1409
557
796
373
2156
867
464
1755
1057
753
2023
533
7487
3058
1914
1958
1907
1000
4109
4191
525
1700
376
833
741
1232
1248
1157
1317
879
711
585
580
1662
675
1559
1039
1234
630
461
682
1336
1105
1156
725
1090
1124
718
1525
1021
1545
1577
2857
2398
568
1234
862
749
471
1453
1123
1015
1553
636
1031
1517
488
621
636
388
810
1237
325
1398
2896
1579
4719
418
704
1052
1074
1355
905
1080
860
1447
1200
2762
517
576
1033
1027
2377
1116
279
1039
242
1181
619
437
429
1314
1829
237
727
1441
547
1142
749
2207
2317
2935
1024
1798
1683
1166
1363
3468
1781
832
1585
2384
1743
1665
723
492
968
792
1499
946
896
1640
1633
1353
724
909
734
1260
432
1009
3263
874
731
2090
1291
982
548
1248
1441
2563
865
1092
760
1072
1399
1168
689
774
987
381
575
1810
733
305
501
661
809
1089
709
3675
777
926
908
1025
299
805
845
708
2108
871
4047
732
662
170
3163
1370
1107
1033
2994
958
249
1073
3051
929
909
1265
1899
1450
3150
320
647
2042
816
497
819
977
999
1272
742
620
1276
756
886
488
749
753
472
793
636
755
1163
551
288
682
1204
2124
643
1556
1501
1241
1837
1120
2266
1047
1314
1815
2404
1394
621
387
690
3464
985
557
1725
655
668
1810
542
594
1037
2106
752
644
1955
601
3525
2447
593
1225
2483
710
793
969
1372
2491
591
1504
2321
1224
940
2494
1581
598
434
817
514
1037
962
781
527
682
527
1093
1672
1578
1832
1131
905
2350
1170
1241
1876
363
977
1158
3073
1014
521
488
656
1220
946
700
627
2441
1835
1537
1099
1138
1088
1967
1983
839
705
891
627
1240
1029
671
775
2503
247
1080
510
1470
326
1283
985
852
1104
3118
603
920
968
1018
1160
777
972
791
1220
3036
184
1793
1389
2224
692
287
607
800
434
2423
1266
1033
409
820
575
1200
382
1272
1872
1413
1698
1161
644
1029
623
2058
877
2551
2127
2469
1206
979
1092
532
1025
2057
961
443
1279
2443
969
229
715
816
1444
1089
3928
242
958
2169
1009
1093
773
1108
914
1021
1463
623
1856
2443
615
1180
781
1835
316
424
1534
468
2526
1104
537
1671
1204
1059
707
1162
1372
1954
709
386
1317
970
867
1006
3364
3573
2799
370
1052
1219
1707
596
657
838
1122
1020
657
611
1743
2526
1441
887
757
1453
1434
601
809
303
524
1574
424
1325
1041
760
1386
1118
2117
2757
1389
751
858
731
1028
2007
728
454
1318
489
525
1436
2296
1005
3149
808
1238
298
1389
424
1731
1133
726
1461
891
1333
1547
275
1013
419
1769
900
2944
586
355
1891
1863
1257
840
848
1573
614
1165
1220
816
671
863
900
1539
782
1402
801
516
1895
1325
2130
233
1439
1826
677
1174
1125
531
1221
864
1876
876
1159
1207
843
1084
2040
1756
348
902
1537
2870
3051
775
336
888
673
166
2257
1162
761
893
892
1178
597
998
612
2673
1160
768
1359
3124
620
1151
967
970
752
807
2225
1400
774
1938
539
1043
859
2026
819
573
729
1851
633
3210
1078
372
1135
640
1761
666
763
1174
1964
914
460
767
768
519
1055
794
1534
743
855
1194
1084
440
2440
925
1336
4406
1509
544
298
438
343
803
379
1045
589
477
1980
886
1789
3565
932
2286
255
1428
907
1754
671
1124
1222
647
765
592
652
1034
1220
919
1242
1351
1490
904
4127
1632
1034
722
1549
1161
1028
1107
619
381
2115
1175
2308
3590
1172
1617
1283
2305
385
1355
617
582
1370
233
802
755
842
649
381
850
649
781
2605
648
1801
2296
550
999
2083
866
634
977
963
1399
1660
876
584
776
1437
3728
1498
736
1391
992
959
3655
941
455
1118
448
819
559
1050
800
799
1526
878
679
786
1916
895
1396
554
627
1223
1127
613
1042
930
1201
1508
581
1087
678
1766
688
525
1390
631
1120
1049
2510
1929
866
1171
845
2426
2046
966
689
1688
524
1795
2394
1360
756
962
1184
3878
3617
566
2123
1716
1560
1426
1686
1096
562
231
686
1735
681
905
442
971
950
1064
920
1551
1028
2806
401
996
1488
887
1083
741
826
450
1252
743
1176
912
632
2603
751
1188
1192
1223
903
922
588
520
416
550
1699
680
998
648
1926
2571
880
677
2383
562
785
543
1196
1765
1322
809
3734
1208
484
1635
639
544
699
1183
1961
634
271
385
1995
485
918
1118
690
871
1521
1325
664
1804
250
1674
1694
890
809
606
1085
340
1180
1614
757
1299
2512
413
1010
1044
507
1288
615
1774
1423
1737
2263
710
1145
1235
1126
1016
1183
1601
856
2054
879
2613
1549
1942
1767
1504
627
2106
538
1554
1968
972
634
2218
1287
1163
1041
336
565
583
720
812
817
411
1567
969
953
308
1649
935
1420
800
2634
865
1385
1743
186
1306
511
802
995
2577
428
1232
460
1564
842
960
592
2161
2368
1020
854
858
1255
1351
2103
3372
1073
666
769
1764
1125
474
899
755
953
3360
1025
811
801
1670
1323
2003
3067
968
2196
1062
1681
375
1251
996
3011
1471
1504
1880
1708
1771
702
816
697
978
709
1360
1086
1250
624
1116
1375
1008
454
911
608
397
910
2516
417
1142
681
941
1491
652
586
752
2113
649
770
614
628
1107
622
772
1951
586
637
2112
589
770
1683
733
686
1176
514
517
475
929
226
1796
962
290
1971
894
1718
360
468
2269
676
1805
2274
1262
442
1549
543
1658
1112
986
1089
1161
273
1418
577
2397
1275
1014
638
2360
1573
498
1054
937
911
1086
629
1036
442
627
1307
705
1838
750
1822
1052
1026
1732
674
880
2535
225
991
969
581
1309
499
2228
431
690
1268
441
1462
632
595
817
1244
1053
1885
1105
1044
536
2076
1265
822
1458
2178
495
820
1707
481
363
211
1750
2325
481
1001
2082
247
1147
1181
2083
2798
2103
498
417
934
1417
441
1413
3344
1428
997
1615
1599
271
1727
904
980
2209
600
2311
3853
482
771
603
751
1571
1263
3782
547
800
1069
897
1033
1542
806
603
1603
1051
1764
1155
575
2208
1101
705
534
844
365
1437
921
906
1189
1106
1610
1784
1187
766
2508
3076
963
336
661
313
3245
687
578
1117
284
1170
1604
636
807
928
739
1340
528
891
1783
2253
872
2181
1014
303
369
2439
2567
1421
1190
376
349
2476
757
1259
359
1957
1223
1735
776
1558
1993
443
554
1332
536
421
2460
1438
392
1460
533
1154
893
915
974
1901
952
650
1440
2016
1910
848
480
799
1033
1648
1942
798
578
2119
574
1497
1496
571
997
206
1246
659
886
1311
971
310
1836
1358
1090
1041
1599
1692
999
1245
1363
2022
1380
753
2505
1685
424
976
508
636
1043
502
737
351
651
1220
581
1011
1282
2738
1632
1342
1163
1413
865
2462
968
1008
806
2381
1765
1060
4139
446
398
879
772
838
1176
1109
1772
2342
1087
378
1305
1954
1164
1116
905
964
691
2250
1683
306
1568
683
2621
2011
2785
1213
343
1372
1005
1666
1492
632
742
1957
1727
598
1828
948
1068
1309
896
461
3389
607
1097
4741
489
446
1751
1210
1030
1398
447
1109
1462
2747
4350
765
3108
2367
2038
1622
2106
1752
1298
879
1903
1281
1963
620
393
1685
799
497
1026
1192
518
755
544
606
1586
1439
639
240
5295
1399
2078
2504
366
521
1737
358
732
1192
982
1685
1112
495
687
1139
677
958
482
1593
1323
1412
1289
2132
1912
1123
1388
808
2079
1692
1173
1852
1702
1789
1223
634
578
760
1546
1763
1096
1678
3144
1794
5015
305
837
192
983
810
349
465
708
745
753
426
753
413
442
2761
683
392
1032
793
1571
282
1655
1400
401
666
914
362
506
1173
943
1416
1295
1272
480
877
2674
898
1970
1373
902
1111
512
520
485
744
918
1207
180
961
1768
862
1598
1425
783
922
557
2763
617
958
538
979
1408
736
582
942
972
662
1019
1417
895
282
1706
785
510
824
1556
1905
2126
1114
1188
629
1043
489
1901
707
450
1276
663
1718
1912
615
1397
3237
967
1724
868
869
1249
1944
4142
625
549
798
1144
1027
499
2895
657
1234
526
408
1190
1181
1188
722
266
829
1795
597
818
2623
1112
513
327
588
662
774
256
1309
558
418
1453
2270
640
879
4734
1787
547
1937
2287
291
256
261
1136
1855
1665
2509
1642
1552
1008
823
562
1251
636
1470
356
1968
891
1085
2342
274
386
2057
1109
399
456
1708
652
743
492
855
1090
1015
1952
1022
658
658
926
984
789
1952
618
409
621
721
1129
846
581
1555
619
1617
1037
1802
1105
3774
292
1268
1072
893
1244
1351
412
1237
1631
372
1244
1693
1232
702
581
1242
614
1364
525
500
883
1337
486
479
1574
799
1644
535
2639
1351
1792
648
168
758
1164
687
664
673
706
783
1193
746
3001
579
288
1626
1096
677
1591
1098
1420
1782
1336
738
829
1417
3594
1009
268
852
2848
878
801
973
813
1473
718
696
1824
907
550
878
1315
1246
1032
1259
1072
775
1781
483
901
2540
1439
1370
738
899
1052
621
1426
2766
1173
670
939
557
806
1314
1225
3050
649
415
770
980
2008
1176
1663
438
1468
1526
888
1240
2282
1895
959
616
401
2254
1345
1383
3538
3212
1394
617
2263
500
968
615
1638
1670
969
640
697
2180
895
1327
1049
4557
1589
1614
1100
1709
830
1026
654
798
2640
742
992
897
2013
693
1645
392
2140
1341
1126
2251
903
2372
1024
417
1174
854
410
976
415
689
1038
1476
937
2479
719
2125
1171
1316
998
578
1394
3394
2388
791
1302
1035
791
1554
1813
2806
680
498
2411
2113
1047
680
194
494
1707
3354
980
672
1349
707
1328
1351
2064
688
533
737
640
971
1034
829
1125
2190
1209
1789
1943
1679
1855
1061
839
662
1056
660
1549
696
1670
1852
1136
3179
944
1730
771
849
658
1230
2655
672
1939
250
441
1324
1272
2562
347
591
1047
657
1071
1279
1203
872
1002
2719
2644
1680
609
1567
599
1186
1477
697
1641
221
937
594
755
568
1601
338
3349
1557
1193
367
975
1129
1244
1769
470
1978
987
1539
1512
1117
603
2144
822
1227
1151
2282
796
488
1015
1738
1856
802
923
1043
480
1310
793
676
2347
1138
938
1293
769
856
747
852
1139
1208
642
1592
1682
383
1229
1165
2358
682
2002
2436
1315
270
1000
2344
1278
673
1148
1056
539
465
1207
966
892
1249
1886
697
1433
1097
450
1716
472
549
764
1082
979
1335
1412
1185
297
807
830
719
776
386
1503
1377
476
1164
1088
627
1294
683
3158
2144
415
1626
1422
1076
1802
404
600
3150
1647
974
835
2345
524
1475
660
1747
2675
930
1217
1928
931
1185
403
924
730
2109
1135
3246
1565
879
733
169
1146
1231
619
1152
1005
765
427
601
979
598
4012
386
923
403
729
1488
655
528
635
754
714
967
1608
933
869
851
1088
333
404
816
653
1390
241
410
2068
527
1735
862
586
751
901
867
792
537
879
1018
1624
1059
770
1444
1089
1162
3233
502
849
703
1271
488
1309
2434
517
667
1336
860
2289
1184
1208
2155
1953
1320
1303
622
1842
344
1192
639
565
2093
769
1602
625
783
781
1010
1840
680
881
1029
2008
861
404
1046
1391
754
856
3623
582
603
3111
566
382
298
465
586
1471
416
416
2580
864
631
924
1192
989
1293
597
787
2752
586
1991
2839
579
1479
2618
251
426
1301
1868
620
1671
603
623
991
1483
548
767
1305
856
230
1525
2425
427
1501
2370
733
706
1042
708
610
976
470
1614
531
1829
692
3155
728
673
1420
1171
1178
2438
1734
549
1280
2624
2392
742
664
2449
1477
1323
1277
1046
1897
749
860
1230
736
1921
1311
1180
692
1958
2105
1391
1476
1555
1669
975
1369
256
722
933
970
1517
329
918
684
1177
1086
534
1423
905
878
438
2511
1146
770
2279
731
1510
1073
803
437
159
1083
1153
459
1637
1076
582
2741
1442
1108
1098
1974
253
2206
309
1490
1004
1171
2253
458
351
374
905
1767
2242
1167
1389
3904
919
1012
965
328
1482
913
332
3196
1408
415
302
1140
825
1437
1601
800
1196
1692
925
475
1141
2226
360
2152
443
1154
1255
4590
937
605
618
482
2651
1333
708
853
1120
2573
579
1977
915
1525
331
1025
2026
801
929
1816
2156
1248
809
1704
1058
1061
1248
1556
2531
1151
633
422
1614
1325
629
629
1952
2877
611
982
1220
789
588
1837
2106
1171
2173
851
1450
947
1542
929
1758
1010
292
555
1319
2006
731
2323
1988
1396
273
663
1274
3832
278
910
1550
2999
1129
1296
1374
1276
2256
610
609
1540
1502
1311
630
901
1348
1886
498
1057
1348
2617
2330
870
1471
1857
606
353
929
892
1318
373
1029
2852
1539
769
2464
615
539
492
1227
1030
1261
2893
2220
2034
679
1838
980
1717
3137
1351
578
412
2003
570
1831
752
364
830
338
641
2304
1083
1190
1094
845
1384
2195
853
582
715
665
1483
2307
885
806
898
431
869
266
1182
1742
530
986
1312
3243
844
676
394
597
1148
2629
256
712
1118
1224
646
1298
1777
1805
2773
3025
1634
971
1307
2441
1189
1282
1973
1273
1626
486
622
351
1068
955
776
809
1174
3295
2083
2112
368
172
970
257
813
690
2270
976
1461
1628
1700
1186
550
1442
568
341
2098
864
1621
1251
1205
958
524
626
730
1578
588
1085
814
937
410
1524
1128
1058
609
1150
1211
1325
1902
932
211
407
2153
865
997
2432
1121
1251
1021
1173
751
544
416
2112
552
1531
3507
625
856
2123
656
1017
437
657
755
845
661
743
1225
1365
249
930
1310
3904
682
314
455
1715
1087
467
3807
556
1395
2701
673
1074
1226
1120
1496
1102
951
1066
2462
553
512
1890
1529
1183
1002
5972
813
498
1479
1196
2394
551
1202
1448
1894
780
1309
1184
1203
587
1489
1385
1131
780
513
1141
1555
1372
980
984
860
457
769
564
2238
338
1445
1225
222
1456
918
693
908
869
537
2811
1678
749
937
960
1017
433
815
515
4699
734
813
630
2045
1417
2802
369
1109
1840
729
892
500
563
489
1473
1251
1243
2123
1923
1993
506
480
917
406
1679
572
800
1228
1349
1155
1703
1788
1706
481
771
1157
330
1551
1146
603
1912
498
1091
908
375
1663
797
1021
1457
3268
1933
1271
1416
641
444
1394
406
1231
1829
1358
1321
1124
1408
1069
1591
1763
1705
1262
1288
969
722
1703
2321
646
985
1200
371
1738
1223
818
3534
516
1088
877
2064
918
442
1382
975
921
1636
1344
705
645
1247
1409
1177
632
1554
1257
1061
670
706
594
4131
3059
880
706
649
1198
751
1826
299
977
2550
190
1630
1067
722
270
258
2001
1781
621
3173
1388
1057
1340
876
474
1496
1646
1683
1707
1761
468
498
1686
1355
2359
1300
2364
844
1470
679
808
857
1589
290
986
817
766
1243
1095
1633
1585
1375
702
958
773
1994
761
1745
1221
928
1329
3580
974
1026
621
430
3209
567
968
1893
3087
1374
1714
1162
1188
451
737
635
1550
1496
1284
202
981
1014
1426
1706
1539
1151
1760
2622
1255
510
721
585
1961
708
629
370
1636
1805
879
1096
971
2033
950
2327
680
532
2114
1010
571
277
555
1759
799
339
681
907
779
1282
275
386
441
590
1323
1260
948
1024
965
983
650
1026
2488
1001
572
1226
1302
703
1665
831
1573
755
1882
1299
3962
584
571
1425
1307
952
1658
1205
433
1683
1213
2288
697
920
1240
516
1302
1867
1576
2615
1459
389
722
1421
221
1411
1668
801
801
2447
483
1365
2048
2160
1326
1178
1991
4419
591
440
2756
455
1198
969
2330
2015
1050
661
640
523
761
2859
2141
1680
2728
235
2184
536
1707
2863
1629
1496
1111
725
1138
952
854
1181
2328
1300
1818
839
3326
1239
1554
1417
890
1195
1650
1166
767
795
977
2710
704
740
849
2094
2040
484
1580
1290
576
1331
240
3462
1305
1675
1109
1049
374
2368
1314
789
918
2417
1242
1738
2650
1146
2210
284
2686
347
1293
1857
611
1005
631
1510
1200
1498
653
5534
641
1620
250
1687
977
877
939
854
680
782
528
1893
619
615
1445
1487
561
1412
1915
792
1701
571
938
692
452
2131
849
1079
1810
900
1953
1773
466
591
975
1322
1013
881
805
1573
828
533
1224
1275
2380
1075
578
2914
394
738
537
910
434
934
494
1464
1288
709
316
864
1478
1035
1236
385
731
1165
238
879
1823
1280
1304
915
1263
904
898
3316
736
2130
1783
675
229
961
977
1766
750
1179
1631
435
1909
416
3244
289
778
709
554
1631
806
1741
823
610
506
384
1095
1546
651
1039
641
856
958
1922
801
762
734
1227
2704
475
907
1330
1375
713
1602
2331
784
1335
1095
1174
1464
938
502
917
1914
1997
665
804
668
1403
1117
524
1674
1537
2684
1608
1087
815
997
1590
843
1422
1159
1527
712
472
1900
1861
282
699
1059
1593
1085
1704
2959
1523
1107
1390
970
541
1373
1361
1749
1334
1519
801
1139
332
858
1335
446
2540
769
1616
1819
1327
338
716
1022
1687
1064
1229
2558
1352
771
495
1349
1143
881
339
827
717
334
1509
2467
1327
785
1030
1110
580
367
735
1660
397
717
949
802
825
804
942
2795
240
505
3201
2719
882
1530
496
2080
411
1024
825
2575
451
1078
1605
1094
1884
986
1073
559
1058
4420
1224
638
877
877
330
710
1470
817
826
2105
606
741
1620
657
435
1542
487
481
1137
1580
1342
1290
1880
513
1918
989
703
2602
732
487
840
487
1823
1151
832
518
671
2987
738
1374
3459
690
2002
480
266
1303
273
2412
490
822
577
1365
1308
1020
801
609
1924
955
574
693
1808
740
1249
443
1722
1378
1697
438
843
729
510
1679
933
664
1508
1056
1539
841
1769
715
240
1007
531
1108
1232
1783
3018
2513
1086
1458
1278
1379
1467
558
710
3301
2482
1088
995
1520
880
701
1816
666
351
550
1023
820
1602
3863
545
755
700
1131
2587
2888
936
496
285
4052
697
991
1593
3819
966
992
1010
506
1140
2463
2107
1379
1938
738
4054
1664
649
913
589
1469
3959
804
1568
1322
997
2040
1078
2400
1041
1968
1594
1023
1117
674
1827
887
558
1211
3639
1760
763
509
1576
913
1296
792
2728
992
1083
1576
712
1439
2274
459
302
1344
1533
3484
426
837
1651
655
684
1697
648
1521
662
1102
403
894
2667
1194
973
789
1652
1414
879
505
1694
1505
1640
277
1140
2022
650
3242
736
1039
1153
617
1532
1252
1179
395
474
1368
732
917
781
814
1058
434
911
768
1838
808
719
2174
460
1288
1800
2648
650
1128
668
2274
1089
4651
1150
561
385
1683
851
868
1403
638
586
684
481
808
1096
1568
1134
467
1118
453
1487
2046
665
952
1200
586
1078
1059
504
1109
915
607
529
2395
1112
1109
1031
591
2211
889
3292
1684
549
1317
1127
732
871
922
1032
1750
1174
1865
1787
809
1147
2058
1420
633
1614
594
871
1373
708
666
937
3588
990
597
1200
392
1108
462
1437
898
1030
2102
1316
865
703
460
1263
1023
2278
927
1825
1966
1095
1287
1844
1350
1761
1219
1832
1256
3922
1597
1023
934
927
363
1598
614
2268
955
542
979
1720
1551
1401
705
1879
1156
1003
1335
2278
1460
1022
554
504
897
1488
909
2754
1460
398
3338
831
649
249
877
1788
2869
1727
1153
882
467
1907
842
1779
277
845
606
1017
914
1562
1947
886
1403
660
886
1590
529
1300
654
664
2601
620
583
2108
1849
229
2012
520
326
1315
1392
670
1870
491
1396
2689
396
390
1517
530
692
1826
1590
1121
1574
1216
1022
1282
865
545
883
965
1729
1763
1447
3891
3511
794
774
1112
2402
394
570
3188
1043
1033
668
758
1595
2544
1876
446
872
540
399
2175
1438
715
3947
1491
1083
1759
614
1440
579
505
1712
875
763
1800
890
959
617
1587
2169
1979
1092
861
1190
603
379
1002
1129
645
1030
486
1322
1606
1496
816
806
1489
1250
703
642
816
2122
671
1644
643
2448
1155
455
2736
2398
533
2687
457
3324
581
526
574
2510
694
878
575
631
873
741
1314
1181
2192
1297
616
1254
1197
696
1772
844
1335
1258
863
1969
1425
300
1068
471
1096
666
637
212
1708
659
1600
715
945
1858
788
447
711
1279
1051
740
682
4228
1349
1357
1200
365
1450
1374
1069
586
1242
648
837
2668
846
756
788
2341
3058
1003
843
699
2145
616
1130
2137
811
448
1007
428
1797
693
987
290
958
1593
1492
1342
763
1078
1984
2076
1740
874
798
1189
1011
1679
2356
2472
2309
1043
1037
467
1225
2139
846
444
771
1024
906
1882
1978
2323
1378
812
2414
968
811
915
710
1085
521
863
660
1383
1261
3514
677
952
3521
1021
1022
1304
931
605
1994
1115
1298
850
276
555
336
3463
186
1195
611
389
2469
345
843
707
1484
2315
1428
1629
600
885
936
498
1212
1357
2979
474
2697
449
1138
1698
855
1702
1633
1129
865
879
3898
427
1316
345
944
719
3142
585
536
526
2186
1802
417
628
1397
1666
1243
1028
1723
1270
1493
266
575
972
400
1103
894
820
5109
521
1978
882
2864
833
824
719
1428
954
879
1283
2199
3895
831
1691
668
568
499
1542
1949
1547
2118
2155
1774
1106
782
955
536
579
1989
1530
1096
470
1683
1985
1400
529
836
1420
2103
507
456
1566
1490
894
461
1045
424
638
2913
1208
1205
1911
989
1201
344
2723
424
561
3329
384
296
2594
672
459
717
1411
1342
1411
785
600
789
1964
1295
554
1369
697
976
838
1597
1626
1030
1436
1301
1405
844
480
1414
1980
1566
1607
962
785
1216
906
454
547
584
756
1899
844
1446
595
576
608
1779
1383
501
843
707
1308
1325
519
581
1153
629
1996
467
210
1217
1267
565
1221
1504
383
826
1867
3759
924
704
539
1295
410
340
447
1126
1489
467
1151
867
609
684
5019
926
622
1244
1023
2388
2136
746
1854
1129
722
361
847
3528
274
2174
1852
912
754
722
1939
562
1155
581
597
766
586
707
296
555
873
691
571
400
675
2615
1389
1793
376
826
818
1920
1651
1340
438
570
1019
1766
361
1127
964
1318
675
2225
1150
1072
602
960
1830
3015
5011
1295
2252
4384
4405
1587
840
350
1637
958
1954
1246
711
1180
813
1642
557
1471
411
844
784
2247
388
1292
1639
693
1007
2202
1859
1966
2063
643
1092
775
744
170
2651
758
1426
937
1646
1675
325
480
1227
777
1043
909
223
1793
679
3849
3341
1085
705
949
695
1474
286
698
729
1276
1495
2933
1972
1084
1976
376
2421
724
716
1237
1397
1079
755
1066
880
790
2010
340
1227
1873
720
694
1501
545
1441
1578
1234
2252
729
1549
1436
1145
761
317
291
539
1343
1059
2088
1468
281
1489
2706
983
989
1812
399
894
931
358
902
1464
1071
1036
1032
1203
1383
894
669
1356
618
621
1502
1435
1123
914
1529
607
3963
1206
630
1015
2579
1085
620
1094
1119
483
1167
1206
1359
1199
626
1131
1039
688
1090
748
1867
2435
759
444
1579
2636
1301
524
2355
2857
1019
1130
808
2093
687
1651
993
2518
2801
177
627
2791
569
870
328
1694
1927
409
572
675
1215
481
1213
730
1055
1631
288
618
382
959
964
2107
609
616
963
1375
1568
2023
338
1241
563
1899
1012
3853
942
367
1364
628
952
1955
477
1380
454
862
1223
773
1344
2155
806
911
608
2093
1255
1872
1107
973
3207
839
756
393
363
881
712
1280
2107
1408
1028
901
325
524
591
738
936
1976
1821
636
387
511
451
2265
968
677
1878
2471
513
863
478
2186
683
594
1285
1410
678
1629
3050
713
807
1006
878
435
550
384
1002
1470
363
5208
2233
514
892
310
1290
920
720
2391
389
605
438
1503
806
1531
1406
1062
1206
1974
701
1178
426
584
878
1982
897
1058
1162
1355
889
991
1554
649
1002
1338
893
2921
1867
1978
596
2830
1275
997
2669
397
775
460
1314
1614
479
1027
631
890
969
1185
1074
537
700
1274
884
1265
1357
1018
2108
