2031
2036
1896
941
920
2075
658
2348
687
441
1320
1871
297
2457
2076
185
173
2137
1627
2428
1500
3478
492
846
2054
2186
2830
683
873
683
962
1099
2176
1125
754
1170
2859
2397
644
701
1398
798
1479
1165
1700
2336
2225
833
1761
2715
4590
1732
347
940
712
711
386
3100
686
1474
3047
514
2133
1241
4168
350
1046
2785
1673
2071
877
808
1098
473
576
1837
3182
923
910
2055
936
1009
1991
652
1217
1156
555
3963
1077
1799
435
2331
714
1037
1457
4411
3460
1782
1409
1111
992
1459
1723
1030
2753
3890
1778
558
3765
2960
5254
575
780
2792
1084
4891
4566
2254
1621
3690
1439
1398
1684
818
1054
854
2705
2215
1320
1575
2845
1820
720
629
241
2177
1407
491
2939
372
1102
615
2494
2873
1222
546
876
316
1309
289
719
834
705
1457
1122
1253
1369
893
6128
3272
1482
3368
1410
2316
1237
1668
1191
780
2298
1441
1123
805
1131
3685
1231
4469
1731
1926
2490
6349
551
4696
733
2902
3576
3507
2761
1432
933
287
1605
1070
1293
708
1595
2585
1551
517
2171
879
2019
556
692
713
590
2054
1531
1266
3616
1711
815
2089
3358
1227
367
1420
4151
3535
737
5641
891
3174
7202
946
240
1208
874
859
1557
1637
903
767
357
2189
355
729
1206
654
2814
2474
1113
938
1038
1523
914
1526
1807
692
618
896
1923
1324
2938
1064
916
700
2830
3110
1401
1900
1809
1552
754
786
329
657
1402
343
924
324
1038
870
898
2313
988
1497
2154
318
1864
368
2361
1424
884
1832
1064
610
328
2086
2812
1733
4223
1925
3752
1197
907
1892
2194
2548
1808
2493
722
819
326
1341
7703
459
1526
1135
573
1961
2173
1505
1282
3235
4618
970
593
456
1783
1087
478
4733
2476
1173
2586
583
1538
2595
5110
5781
2605
1912
649
1973
579
2782
1901
1603
3612
2320
654
4624
2679
1763
1053
7506
765
689
323
5542
675
2674
1666
2847
647
2018
2910
2469
1012
1015
1532
3067
1089
1521
2300
1074
2402
736
2140
2241
1685
1366
4802
640
1040
1340
750
573
727
566
995
1099
2223
2004
2036
558
1084
715
882
3308
765
1516
1209
1066
2627
6875
848
2290
1523
1650
1316
1684
263
753
630
867
2575
2328
1222
392
1102
1011
875
1195
1259
818
1010
1235
1953
2210
1117
1128
2810
1376
881
891
930
860
1559
2594
1160
2428
1274
1422
1958
1720
1931
1682
802
2636
1773
2812
1240
2529
422
826
523
2274
1402
694
581
2048
1508
5552
1014
1469
2709
409
1608
2269
511
2076
1576
5245
1647
703
2094
3163
1339
358
1376
945
743
1513
516
566
1672
1218
1052
2678
432
1817
2618
674
1516
1325
481
389
2042
3320
685
3857
4192
767
1662
862
7039
1519
506
1867
3023
757
1372
1132
902
3445
2744
4230
642
3084
1735
513
2405
4897
4632
1794
913
2747
1365
1005
1612
3094
3091
1355
809
2984
457
2203
5215
2227
2907
1591
2590
524
2744
3293
1733
691
1372
614
1416
736
1356
5383
5393
1031
2698
2156
1468
3022
1569
2198
845
335
361
484
2470
1122
2647
469
2877
200
3679
3844
649
3713
1648
2174
614
2597
2171
547
7122
1714
345
1340
573
2559
344
1035
2489
367
2299
713
430
5652
1096
1700
353
3050
601
367
1374
2093
1831
793
2411
454
287
1873
434
2003
1312
1500
1039
1278
2000
651
1925
3730
196
4160
3514
1519
649
3198
1182
1706
2133
753
426
4807
1286
1234
1334
2709
1908
1345
1121
957
1196
852
817
993
657
304
2243
866
639
3385
1056
3913
1736
659
1586
2130
680
2119
672
2503
1054
3395
2689
2524
2578
393
1344
266
1415
986
976
1036
1591
2606
1039
2329
1843
6796
1510
4073
1707
1876
5423
747
486
774
2524
1831
729
8428
1092
1164
518
3456
5659
1652
1429
1769
713
1551
1275
2416
730
1126
5255
1129
1292
1736
2790
5917
2011
532
784
2968
3240
601
2238
1744
2684
1067
549
2287
551
341
632
1117
434
663
534
3193
2703
1998
439
1615
1394
644
4425
1517
1565
731
1185
850
798
1281
396
1060
2518
2578
346
6066
789
374
1239
506
788
1906
2182
1730
502
656
1968
2794
4150
3942
648
1423
4514
1885
811
6336
941
1646
1193
2646
446
4935
2960
629
2148
1810
2476
551
2597
651
2033
940
677
2195
666
2269
2640
2363
774
2887
3316
2316
1352
1887
455
1223
510
2192
2982
644
1008
1239
1603
4071
2097
649
1409
665
2179
491
3653
667
1933
4337
656
2036
1388
354
1323
1989
289
4070
1914
1725
1740
648
783
3095
4194
2044
3128
839
702
1162
2157
3897
367
579
321
3183
538
724
2283
440
743
413
1008
4145
1065
345
1158
1894
2246
1226
1379
1322
546
2303
470
1941
3536
1740
1214
2339
2731
1616
540
4114
1632
918
749
802
1184
856
921
696
2852
1298
1174
819
2219
1514
2977
1773
897
724
2114
663
1479
510
761
679
3991
549
943
1114
1423
3996
505
522
2488
5814
235
3483
904
431
1424
2561
1061
2178
2140
657
947
595
337
1017
363
1065
1349
1723
6988
1274
1080
891
1411
461
1328
547
463
806
4855
334
1635
5237
597
439
715
1014
824
506
1608
1233
538
3036
3040
304
1219
2040
287
3301
2279
1506
1307
876
1415
1457
900
1493
435
1331
742
1363
477
1810
535
1752
261
4121
2349
581
1397
4321
875
367
5163
1139
495
3298
1637
666
966
877
786
1724
3250
939
1513
6257
759
1130
819
884
2649
448
1235
1002
521
1764
714
1766
742
1797
736
1028
1547
751
366
977
615
1832
3140
646
2057
1437
1992
1390
2249
950
2259
2680
862
1127
1260
1063
735
1688
829
2937
376
1725
513
415
1788
2057
809
1429
977
1865
1330
565
1586
1090
1276
1743
2035
3415
840
804
1920
410
1179
864
521
4284
834
272
1470
3907
1371
341
3993
2439
682
3346
6044
756
1524
1191
4259
2796
3372
882
538
404
800
2227
2719
1454
440
996
1202
1036
821
457
843
1879
3350
2750
375
865
1098
250
533
797
2247
1150
419
810
649
923
3374
5146
1554
682
896
1070
437
1691
1530
660
2378
783
1592
5179
585
2048
692
1470
1377
2070
444
972
1504
545
505
1502
2070
568
1665
1205
716
1862
639
1761
3541
1843
947
2782
1103
1840
1514
569
2779
594
1852
2225
3396
1865
338
1855
1595
539
1774
459
1976
393
3324
858
986
463
3163
764
403
377
3373
1325
4281
572
1129
3501
1061
2311
1360
1484
2809
737
525
1428
2420
2049
2283
346
2167
4759
689
2721
1243
1000
497
454
1439
584
3912
2569
403
340
1166
1084
1102
592
4400
688
1586
430
916
3378
1628
1926
1110
411
574
474
2037
736
1289
662
586
407
1868
5201
1993
1620
1027
1553
447
1187
3357
548
1235
991
3969
1149
3305
2294
376
4479
513
2408
2059
1756
1082
1783
784
1508
501
4425
3067
277
1423
3514
650
2226
882
477
1855
576
387
1372
1034
1592
2020
1131
3006
5436
1160
1875
1751
835
2227
2274
3463
1805
750
2227
3424
357
632
991
399
1746
1134
228
1089
714
583
9413
1040
3384
1597
831
3537
2591
667
2177
288
1484
897
1178
589
2127
1094
1810
669
5166
500
962
2911
780
1970
2282
1350
1538
493
6282
715
1147
632
885
870
1075
882
1698
1537
2878
2086
6017
1400
2604
952
887
1572
828
454
1700
1327
2187
573
1305
2000
3265
1268
920
303
2115
3613
1481
905
2306
2364
1724
1776
1207
624
1355
2799
614
1161
475
1915
1576
142
1031
1220
2482
4024
1693
1554
1891
1334
1250
861
540
1526
1758
692
1913
1112
3975
3938
1227
1881
782
1260
1098
1231
633
1722
1310
2829
2150
1108
970
3744
4562
5823
891
1193
974
5314
1591
567
746
2324
1857
4300
2389
1101
3149
1053
2572
1096
570
1687
1552
1011
839
1084
466
3028
2817
2064
866
2205
867
474
477
1059
1153
916
1323
1897
758
3434
904
1030
2084
930
772
1276
1566
1887
860
2230
3101
831
2747
612
265
375
1392
1079
1670
2166
818
2057
272
498
1476
814
2070
4429
2619
1935
2495
226
1176
2717
1319
815
708
531
1120
1386
2677
1567
1628
1419
1543
1521
1317
582
904
842
2422
2391
2143
432
648
1386
1726
583
456
3683
2402
1177
1504
1329
2144
1092
294
543
1030
620
791
874
2210
1619
2618
1304
2686
3856
528
1022
819
1154
2089
2806
2647
2667
2508
920
870
739
823
1038
1926
2491
494
2481
2308
541
1047
1961
1041
5484
1529
2504
2106
904
1573
2571
739
3766
4624
1284
1375
2628
800
245
915
1416
4050
1175
2396
1767
682
2594
811
1811
793
4100
2180
645
3030
2638
4094
4312
2592
1292
515
2299
2613
945
421
991
583
204
1685
963
1990
561
229
1329
2936
1739
6201
599
769
1251
1992
535
2995
1467
6142
2295
2766
435
457
834
1053
1007
3241
2969
914
705
2118
1908
734
1254
1825
1755
3971
282
676
285
905
542
1841
3029
1489
1379
3692
1054
922
673
405
840
4173
894
334
849
3514
2507
490
1933
1491
735
1141
1935
997
592
318
368
659
4902
4258
1110
921
1157
1280
857
2156
425
1800
748
4522
481
2330
1086
2942
1520
2081
5088
2559
1341
635
1197
507
1892
595
845
491
1688
1600
826
2513
1176
2929
1287
1224
1690
263
389
2344
1417
1495
6253
1036
914
5576
1300
1103
1111
1252
1820
1568
1524
710
1386
893
7481
1214
2930
2560
1063
1138
4487
2324
3192
1035
1338
2234
1553
291
1562
2909
1211
1095
1802
1468
814
682
823
2277
2938
1484
975
5620
864
539
6786
1255
1003
445
2202
825
1390
579
1402
1774
799
1016
855
2391
313
702
991
575
1131
1443
721
613
1341
665
1545
1248
2792
336
1731
2230
809
1815
1536
2180
1664
945
2037
3263
958
4648
714
817
1369
2214
2943
3726
1440
327
2213
749
759
3056
1264
829
2548
1356
2152
522
794
2014
2522
347
424
1898
561
1057
995
2073
3588
956
1883
650
1797
4463
2516
1220
1616
1623
2388
2120
2085
2185
2841
486
735
1798
463
1769
981
567
834
1666
1536
943
1758
1383
4824
334
1408
846
639
876
1741
1242
523
1982
665
317
948
882
590
454
3085
1821
3132
1003
332
952
830
1524
1772
1533
2163
642
2823
1100
515
506
1334
3423
2967
629
1570
2585
1510
1612
559
433
1969
390
3622
1205
1689
1299
1749
1211
2205
1543
3258
480
856
1558
3339
3906
500
813
1866
3327
873
1921
1597
2683
5289
784
1226
884
5318
688
1237
1815
1125
1062
773
650
301
489
2517
1332
593
578
519
4266
1715
638
502
1404
614
1410
1055
1311
2113
1485
482
667
863
2167
3987
509
1904
2404
2723
507
685
2315
960
535
1737
929
6156
4135
1138
882
734
207
783
873
2299
1565
1206
2103
2583
3388
2220
527
1250
844
840
3812
5757
446
2177
980
665
797
1547
1772
1409
4099
729
372
2595
1185
1088
939
521
1349
634
1839
2453
1851
737
467
1556
2549
289
2962
2275
2488
614
2824
1045
524
2222
390
4198
1560
1696
2414
2344
387
2950
581
185
493
835
572
2661
1202
1886
1656
1007
1302
1287
542
2058
1914
3753
1107
2593
1781
1041
1130
1837
898
1148
1884
3296
4551
886
2422
5060
750
1492
1739
1110
490
1476
685
2483
2201
1833
3236
726
2541
1344
984
598
1912
5191
1172
1954
2589
1054
1082
340
1782
1272
987
416
2621
4981
3586
1377
732
1099
220
1306
2062
1250
1024
1658
993
247
1710
1057
2347
1232
2066
1542
1564
1587
556
1517
1332
1233
1352
1269
464
1945
3181
2781
1053
3879
1536
2358
3718
1044
2087
461
1636
1399
1267
2388
2088
2649
942
584
1694
906
518
1224
2412
1051
344
257
3127
1502
5787
1147
1960
3930
1097
2596
866
2545
1858
1742
3017
804
1030
1401
3215
1960
2477
405
916
2184
1345
2196
825
656
1508
386
328
4081
1360
669
5572
3152
569
1152
2128
685
566
1087
1974
1416
1203
1321
868
1474
1144
1019
442
851
1369
800
5768
472
1875
1264
862
1067
1387
2853
2043
291
1015
2178
910
886
721
4963
580
1914
687
790
1191
544
2462
940
1295
1609
523
1495
4225
2540
734
1361
419
2408
787
1620
1262
2246
355
512
1544
3269
1458
505
2755
1450
1870
940
1742
361
4893
1915
764
3740
566
557
947
2969
515
1557
681
3267
1491
1441
599
216
1526
4627
2840
3141
1145
654
961
871
945
431
899
777
448
4927
1466
2196
6240
1001
358
699
2420
548
489
738
1081
1767
1056
2830
659
3168
662
818
620
1791
2247
3454
1523
1030
597
1727
393
5415
911
3729
1769
912
2607
1947
420
2123
1178
2196
1036
788
1217
570
1447
457
1923
1282
2801
787
1150
1070
759
541
557
531
2878
1958
1643
810
1476
1116
1362
580
1237
2210
1443
1390
419
744
1660
1987
4122
327
591
765
1040
2010
547
390
1935
774
2415
3170
3046
362
1690
585
482
2790
556
2331
1646
1788
711
4576
1397
3565
2807
678
2129
1009
901
3380
536
4565
1246
3954
3014
1998
1512
605
3316
352
659
757
480
1362
304
365
1014
941
5195
2387
2542
924
2752
1984
3642
1526
2542
5251
537
1195
2011
2241
514
487
4653
427
939
812
2183
1233
1932
1345
6375
1347
1062
1123
1653
2148
1315
2063
808
760
927
1674
3154
3157
1517
749
612
1415
2813
2555
557
3434
392
934
3340
3080
1008
2690
797
889
3271
1619
1907
3690
1079
2058
613
1564
1996
1585
2184
2686
4742
189
376
4427
1077
1045
662
2012
1009
3443
466
804
1512
1079
2325
6469
3078
1783
2356
1735
750
1192
1991
248
582
1711
3889
1511
237
3057
1007
4714
1754
581
857
2599
555
715
992
960
2497
973
1655
581
1537
968
1439
492
3267
299
2900
2241
406
848
1178
1042
1714
2919
3026
2151
3296
978
3102
3029
945
961
508
1920
3178
1581
851
6054
3480
527
531
2940
2432
4324
2832
1373
780
3818
1043
707
1052
3740
2210
1054
1237
1165
7753
841
3394
2232
2603
383
910
1000
1059
2162
905
3717
708
6540
2694
3382
2494
1649
504
468
477
2401
1359
6281
299
535
1268
2300
2070
2426
592
1738
4010
485
1205
1012
1540
1536
3368
688
5198
3679
524
611
605
1194
1653
354
2720
2826
1743
884
1174
1637
568
11163
539
331
2560
873
1033
654
2081
2058
408
2182
2026
4067
856
3613
931
1569
1561
2112
238
620
4392
1911
2836
1638
1521
1226
2686
2334
326
1043
441
3374
650
499
1542
707
739
593
1120
482
1788
1291
1062
1366
1641
3070
3553
791
333
3907
891
2279
2357
570
1707
747
705
2065
153
2838
1076
507
1514
467
1133
782
1665
1011
648
714
4526
1188
1638
1551
1131
2175
534
3759
509
846
1199
689
929
340
965
322
2290
1652
1129
1698
935
1035
3389
1312
712
1245
418
430
1127
620
3624
383
2766
773
1589
976
531
998
1533
2648
1006
722
5157
1219
844
923
740
367
1594
1427
959
1280
1439
704
1976
881
3432
2470
3457
799
582
537
606
807
5622
443
587
1816
2133
1680
2873
1016
1650
600
1422
2190
699
4876
3079
3602
1724
2307
4036
1599
731
2245
776
1702
3526
1068
522
1202
1642
763
1551
585
4376
3166
1991
869
2698
1719
1182
2362
351
912
563
2878
1267
3858
2175
3018
3544
590
1536
3828
1702
1553
1200
4697
1057
2218
1028
537
3394
5762
395
1884
1834
506
2289
2944
894
1024
2031
320
346
815
241
1182
619
603
944
1486
266
3105
1338
410
877
716
2163
985
473
729
419
2111
609
4124
716
1612
5488
781
954
820
990
964
1827
2789
6009
1702
1571
3185
1333
1541
3942
4049
896
1610
1665
915
2743
4333
1519
1268
1576
1546
1873
5578
1236
2523
2008
2315
2917
1271
2982
5441
811
2162
2466
1375
1285
1254
623
833
419
1311
889
763
1855
720
4430
1120
6656
2045
1247
193
2643
3680
1817
1094
2786
1689
711
2241
642
1801
1015
555
1568
2355
892
2889
3097
680
2080
1513
3297
4108
717
3983
6078
3033
825
2170
901
483
2993
587
1487
659
2436
2968
581
1924
1899
1200
1875
322
631
507
5604
2572
3510
5548
689
1783
557
1216
592
1823
1338
873
429
462
3225
2477
2024
2768
341
283
1714
1125
676
1438
442
1203
254
3948
1784
627
1087
1224
512
987
1299
779
3033
4923
2688
6067
542
2177
505
2206
721
566
571
895
2155
3573
1147
1794
385
458
1280
653
906
1448
871
374
2167
844
10410
3639
397
603
1197
1064
291
2524
4467
1743
374
668
591
3351
4316
3898
818
1099
1827
524
942
2434
889
3363
1082
2232
449
1202
666
459
2559
1358
243
1212
408
1585
1274
2343
483
2097
733
1098
3442
1125
2347
1928
398
2779
1119
3000
2515
697
758
8004
2652
905
3869
486
1442
1993
667
784
831
666
824
1211
1708
1146
1975
1971
1873
4343
879
1919
598
1171
1286
3596
747
1144
350
1722
588
1787
6576
2260
341
2239
1206
1272
1066
1182
477
1490
544
666
1585
1253
365
1255
2305
628
1682
1017
1222
1379
610
1742
1221
3227
1133
2850
377
973
2138
765
4612
3807
1151
3155
2573
1813
2155
2299
977
3047
1150
1541
490
545
614
376
561
1179
1109
1006
1447
1724
702
4932
848
2972
1130
974
1192
448
1885
714
2516
1001
5153
1594
1031
980
1280
979
597
877
1007
965
739
2083
1969
442
1903
1568
1361
1100
2559
2194
2256
2587
546
920
533
2488
3460
1290
175
610
2626
5408
675
2312
1457
3344
1592
1957
1775
1359
1216
987
1797
2162
1202
1714
898
697
1154
556
1571
1426
433
541
3436
1330
1481
1663
1455
2446
2276
2022
683
2544
759
1566
1885
405
1675
1203
630
709
870
2636
1293
688
415
635
5898
813
4006
1018
4258
1480
1040
838
1683
1541
1008
1054
1066
1745
1255
365
862
2224
611
776
812
3231
663
424
1998
881
1067
1103
2115
873
2064
1120
955
1124
924
1115
3629
3386
1025
1013
1237
1458
1212
916
938
3116
558
528
1563
660
554
1882
1368
624
483
553
1457
3277
710
2571
731
887
1537
1418
565
951
1225
2683
564
954
1480
3612
1794
2236
345
2650
745
359
3121
1733
701
1000
890
1401
3932
842
453
640
2951
536
5846
1105
776
567
2598
542
2302
1939
4206
2523
1281
1997
1882
510
4204
1249
3313
959
1243
1647
3908
452
820
2107
749
1866
561
858
5260
545
5419
1291
1383
1240
965
1876
1621
993
581
507
7575
2954
682
1551
975
1231
1810
479
1189
1813
813
1263
1739
996
1176
632
2339
1073
2515
389
936
3060
1819
636
3961
1664
883
3536
4127
869
1895
1287
1882
1665
1855
593
1655
4571
1733
896
628
865
489
781
1607
1553
3704
2952
1917
1168
616
720
876
1072
1070
445
1161
558
736
499
639
2098
418
4193
3177
2091
747
484
3190
753
2060
561
732
1577
2105
1917
1564
5286
2104
1149
594
1890
257
2411
418
1701
2054
919
750
644
996
903
2411
714
662
2942
3890
2864
2118
958
955
1253
2498
1259
226
1302
1232
1380
1525
3609
2211
1472
955
1215
3224
1506
1755
3716
3459
1570
2693
756
184
1940
256
313
1855
552
1635
941
2235
1456
1985
2019
2884
315
530
561
1725
1293
580
1695
1586
1496
908
3965
2130
425
4406
4140
609
1066
418
3215
2298
724
1632
173
1088
1311
1737
4475
514
475
1335
1075
3036
2212
397
1440
2571
422
1716
3168
1360
652
3391
477
2666
764
2620
585
618
1064
749
2107
728
1713
896
2013
450
741
2108
2721
1474
376
1692
2600
693
1915
940
277
996
392
2336
1693
2430
1573
328
1393
1033
1879
1301
1438
2439
1814
3185
4725
1717
1545
786
2331
1028
2326
606
844
2444
760
535
1910
3528
664
2571
896
2449
1898
377
2560
687
1886
1324
1367
1489
1156
930
1171
1213
1868
1180
456
2748
1283
2590
362
2467
2482
756
1317
1779
358
526
1140
1255
342
475
1078
2550
1469
1048
558
1396
232
319
2407
645
1407
290
746
1778
570
1219
1406
3474
1489
1050
661
3322
852
753
352
1303
4031
2964
1969
581
655
1475
2048
1535
2272
2053
1957
616
2550
1511
1526
1123
2121
1457
579
1015
2600
784
5299
1086
1803
419
698
1304
1048
1495
337
2143
251
1194
3243
1412
2082
573
808
1343
1552
3218
2357
884
843
3995
154
3827
1152
789
1575
701
763
681
2480
418
1657
1441
1659
1935
878
1855
1519
4517
8246
3691
1049
1422
1212
866
1640
1198
1097
902
823
1806
1214
1815
1688
2728
2124
1155
2907
934
962
1386
615
1608
2729
3805
1256
496
1106
3430
961
842
598
922
1449
1863
1566
1764
1648
297
4134
339
2668
885
1997
2530
1030
1711
1819
1846
1610
1838
2895
837
1763
1018
3544
1108
788
541
7403
1651
2323
1754
1252
4195
1685
1116
3952
1402
1119
2571
1941
2509
439
1673
461
2743
2497
2965
773
568
754
5294
1318
1416
1378
703
621
2393
604
1211
581
577
2459
3664
766
467
1234
795
3179
2820
533
4246
1856
1306
701
4142
1223
3091
1079
1486
3403
1493
2357
4082
5887
5133
803
715
1824
3649
2384
3640
2873
877
1178
7090
869
1915
498
4613
2006
2146
3115
1964
3936
1919
1023
378
882
1213
927
1237
441
2911
1055
2727
814
1779
2739
956
1628
3223
1355
3719
913
1705
918
1481
2350
2631
3164
653
1000
1141
293
1533
710
810
1141
753
6287
1027
1008
1133
1275
699
915
749
5353
1118
1165
798
1057
1952
2285
787
1375
10358
683
973
1578
1686
2592
974
1547
381
1432
1361
764
909
3217
767
1337
557
258
3015
352
2142
1109
855
371
878
1456
1500
416
3014
7191
4417
374
629
350
2696
528
755
1064
2261
750
2343
635
4588
2542
4665
848
549
271
1162
1931
2119
695
870
1501
352
500
1904
4811
1858
3306
1074
1597
228
168
2386
2027
1302
2786
1410
1160
1375
843
384
2800
1681
272
926
901
237
1038
614
1419
413
538
1796
2026
930
3356
1050
1717
589
513
1213
4387
2917
2273
1179
575
1216
4212
2049
3362
3917
482
2382
1599
511
1105
1560
1794
1078
2944
791
418
1446
815
475
1794
2693
1171
2135
820
2055
1594
384
541
557
896
2601
3054
815
1291
2125
345
354
3510
822
368
1150
4674
447
833
5275
2305
731
1039
972
3360
2610
1880
1508
3068
3977
1630
2168
792
4438
1392
828
1145
1501
997
1042
1931
1049
4527
629
1836
3279
1014
585
749
1361
643
1976
450
919
1135
775
2674
756
854
886
5897
2235
906
1498
1682
447
3035
1981
1171
2736
808
1547
827
584
1874
5697
756
710
856
1683
1793
2042
2311
2136
1115
1224
967
462
1704
4657
758
1963
732
571
2067
786
1661
4421
1874
1704
1630
1275
890
2219
1479
1739
1697
1387
1661
2744
3195
1284
1330
2784
2356
1143
1328
634
523
1827
5326
3816
1390
1443
5586
679
1074
3911
608
2368
988
638
1868
419
2114
1100
872
1071
879
616
1602
359
1741
1475
933
2316
988
6739
752
2365
827
1221
1807
548
1074
1488
1366
2175
688
2623
4339
3738
4925
1600
1368
1605
456
3044
1818
268
1292
1211
349
915
1122
1912
2247
1302
343
335
3092
1254
778
1181
419
5481
601
2799
2995
2354
2191
755
960
1239
1192
919
602
5521
761
1769
667
2583
612
1289
853
599
1726
554
2610
482
1805
2455
1777
356
2497
205
157
1916
499
2878
1219
2178
1156
2115
823
2003
1411
1774
357
514
363
1942
2421
2812
3180
3271
439
3429
335
268
1604
1953
1005
1499
1424
1567
2134
1031
1210
2023
978
707
191
503
838
263
1560
1263
1137
911
1394
3263
850
746
2148
627
3480
438
3198
1332
1287
780
2695
1253
4628
1083
979
2170
789
1720
2149
725
958
1517
789
1263
1795
1275
1584
2047
655
1725
328
2987
898
340
944
1516
4048
1593
1195
2124
479
1180
3158
512
1942
613
1463
2728
5454
1882
675
652
3341
1785
1683
849
541
1010
1307
332
324
2615
1739
299
221
1231
506
1411
2376
737
4076
5879
1107
512
1715
426
1761
388
688
752
383
668
1453
1900
301
1521
1801
489
5244
2155
2661
1027
1245
1821
1711
2722
1532
2898
389
2669
802
680
196
563
3532
1012
2210
4238
1247
2834
1098
775
1417
607
859
2928
1658
603
1511
952
8443
1888
815
1045
1205
1419
415
292
1508
2977
1394
1798
2764
982
545
576
700
1452
1187
336
2398
663
617
653
826
1504
689
1637
1318
3698
383
1330
681
1314
994
2078
2280
1227
620
726
666
257
1390
1160
492
1154
1616
589
644
1461
1628
1726
1909
3633
1370
1061
2660
649
1356
338
600
4756
702
2612
1129
2718
841
2548
1428
1430
539
1272
505
607
1220
3364
1184
390
718
726
3353
2450
1504
4188
818
344
302
574
936
3818
2240
417
2582
830
7819
671
2431
629
2294
3365
1809
1690
1388
3236
975
531
1713
759
1154
1589
3617
3469
1431
1381
1074
1731
2980
1423
647
1453
689
2295
2822
4003
1173
1574
6738
3286
1728
355
2896
738
1828
1945
1112
3985
1422
2764
6444
2104
2938
1579
3981
3599
1170
1630
962
2560
1364
851
1694
500
1012
1433
2962
403
2130
931
372
556
728
1875
289
417
1163
3394
3947
2097
3139
4659
401
4049
547
4137
828
923
3686
862
1215
354
480
2483
486
1502
894
296
1696
1655
1084
340
252
539
1172
1480
2160
3203
1463
659
2278
1484
2032
1711
944
1537
2071
390
2114
731
1163
1655
3283
1248
5010
1497
1883
518
529
719
4282
1566
450
1503
619
1350
1638
1205
538
3237
2707
543
1185
1700
852
2623
1956
784
1869
1399
529
1663
531
1227
1058
679
1063
3334
1336
2012
2637
341
3886
690
991
1022
973
1420
1628
3471
912
1243
770
3820
1162
1503
1458
905
2219
1434
2838
771
2457
3791
1684
1244
1049
1057
824
2880
1111
2005
1891
282
2392
1131
673
393
5264
1960
2014
1802
1623
225
1765
1488
747
3813
1224
1634
3709
5120
1131
1109
999
2447
488
1099
2627
1468
552
1626
3644
1358
1275
1577
1999
2086
554
2316
1155
491
2669
1377
2441
1241
670
2327
1396
1691
1561
1138
2744
2092
649
472
846
573
555
1227
459
590
3831
3398
752
3533
488
2928
883
2650
2161
2579
814
1884
970
139
1280
1425
885
1686
404
814
4359
1795
1002
812
2904
1786
1090
619
3252
1136
1664
4409
934
2049
2325
1888
1505
954
2026
1682
2056
1551
3554
2642
496
2115
1349
912
2541
1390
289
5669
741
585
698
1223
4193
195
5390
1703
489
1411
1993
1341
1187
3320
4636
2408
510
3210
1027
2516
1327
1253
1716
2864
420
720
2137
952
2160
1292
1448
1486
844
558
1825
312
3603
887
1859
3078
2015
1728
616
3421
1056
701
2286
1346
1510
981
1248
1928
2186
983
3909
710
905
1108
3054
3011
1286
1144
993
685
1244
1241
794
1319
689
1555
926
2960
678
1932
223
1446
516
1090
1844
1089
1604
839
5119
980
2158
1004
1094
892
929
934
2883
970
642
897
478
1865
5739
491
1050
1701
948
1287
2402
1108
824
2334
1911
709
2080
882
733
870
439
708
1424
1351
883
896
3463
561
1698
1601
1344
2223
1642
644
3575
831
1335
3405
575
555
1105
1299
1991
3198
3764
1648
2326
7638
706
2293
2492
3717
1217
406
1612
989
6373
693
6680
1798
1811
1778
270
1299
558
2846
429
1793
1252
713
2106
940
2977
1857
2218
1624
1371
453
2470
1895
1007
1155
721
1926
851
1560
538
981
679
4053
3013
939
2843
2407
1515
1128
1635
1719
1078
2683
2272
718
2284
728
1879
1142
906
1574
946
1701
1602
2596
1085
872
1016
700
1178
1965
1464
1063
1112
1824
2562
613
2395
1176
657
2126
1087
2962
530
3408
777
458
517
1956
1957
1774
716
929
847
1383
298
1723
2658
612
1081
238
577
1103
2400
4288
2868
200
1735
2247
1068
1820
2548
1066
943
2173
1171
3965
2034
3621
710
1565
1145
840
2855
844
3169
599
1800
427
1376
1572
1827
4435
1447
1103
3366
738
2338
2574
624
2360
1642
966
1815
940
556
983
2135
290
1009
1359
671
1730
978
1542
718
1611
460
877
2894
493
3380
434
348
1297
5748
2699
5755
2540
5743
1488
1862
1158
1645
695
1335
6991
1547
1726
524
501
2186
674
1237
1102
3064
913
444
6665
1569
357
1214
594
1182
3261
2099
328
2464
143
3169
467
1291
2088
800
5213
729
3987
1897
605
392
777
1872
4038
2362
4346
1327
4242
920
587
1508
2439
1273
442
738
1752
626
2307
2171
1064
968
849
1585
909
1887
419
1642
5513
1863
498
4580
912
1413
2559
1234
515
1586
764
1628
976
5131
1750
1937
1216
2853
3595
1483
538
1209
808
839
1090
1014
1397
608
691
449
580
944
1549
951
2499
3085
1358
2420
1203
1154
591
1013
2033
831
1175
2523
2166
2344
2973
367
762
1276
842
5477
628
2864
2465
1929
1881
782
636
1556
1467
1965
837
1472
1912
957
1933
579
986
1033
1567
944
594
869
758
674
1535
3301
1805
5283
3853
681
1305
2614
2128
788
188
883
3069
829
1669
4437
1006
1021
763
1101
2924
1724
2052
730
2105
2738
168
2268
1209
635
2105
1167
1673
1606
479
790
582
651
733
2899
9337
540
7381
1061
429
353
1222
2775
854
3547
3247
1906
2449
1973
4082
336
4808
293
3053
817
2239
3706
831
1861
1089
915
883
933
2517
1248
3478
2401
1002
357
1141
1883
2089
1980
5726
348
1665
685
544
7383
1710
741
1095
1120
1542
4773
829
4642
1750
1035
923
2276
1362
757
3567
1598
3311
3045
1622
773
3716
2452
982
1048
658
1537
1036
2563
574
2820
1962
2422
4609
3518
753
2641
1071
547
961
2872
1656
1281
2076
1360
563
3903
727
610
2003
548
2687
420
1209
538
1769
813
1495
3066
1864
1826
612
1200
753
900
2817
2797
2786
2999
1647
561
1098
4132
1039
483
626
988
915
2335
502
840
1036
3565
2181
3405
621
498
1724
813
2309
1464
867
1343
2648
4008
1471
304
1150
1419
400
3584
798
1731
730
1915
321
454
2737
513
1114
2075
2770
2669
500
560
829
4060
3679
4410
485
1415
425
483
1857
564
1540
860
516
823
2029
1415
552
1906
505
2656
3013
2436
1175
2086
633
1492
1698
1848
3076
2121
164
1425
582
4154
924
1414
4913
1542
1353
520
705
2079
1234
977
1838
1697
2777
678
281
1751
2842
3325
4279
950
445
5271
759
1062
380
1233
2654
1603
563
406
1530
619
769
499
1053
719
1740
1288
589
1165
943
3498
3916
379
906
1003
2306
6248
1426
849
589
3919
1194
1270
2007
860
756
1093
1168
248
1296
2233
2744
1333
552
1978
1079
446
622
1118
879
1844
779
3076
1923
1986
1262
3874
897
514
695
1222
1036
2463
1474
883
3758
1996
1410
6249
2676
849
1071
1377
1063
1593
2054
1549
661
1034
3125
1603
2196
2141
1257
1886
830
1077
1760
417
610
858
678
1274
1063
200
859
2445
3896
2368
468
3383
5965
3213
134
1073
2116
1850
2916
1331
1844
464
1662
626
2498
507
1111
754
3389
1009
450
848
873
4385
2182
1688
923
1733
1648
906
421
1135
1032
3362
350
1811
1341
3359
797
1303
716
2607
691
1708
463
380
4398
1832
405
8179
522
1327
1789
701
980
2621
925
732
3053
1159
1222
1706
1186
1891
679
543
1395
1451
525
2195
2932
894
738
2597
1031
1123
1214
856
1287
1105
1152
2800
2999
851
1754
439
1953
1010
594
917
1519
1394
3219
2304
2638
1957
1075
575
946
815
754
643
1377
1994
785
3390
1761
392
2553
2149
1769
379
579
777
1365
767
2206
856
887
928
604
2953
2291
1239
433
485
1299
1233
2275
2710
815
3744
451
501
2769
915
3571
979
578
2391
1439
2198
1130
4078
1515
992
1774
1143
490
2140
666
790
284
1695
1215
1965
762
2316
511
656
394
1952
896
1357
808
904
1476
1133
1208
4191
1542
4181
893
1167
1270
927
1437
1785
634
942
582
6402
1222
240
6272
1815
828
2974
997
2243
585
552
1709
1605
987
894
1425
760
1276
986
961
785
1299
576
1400
169
1193
499
2414
1915
2147
1134
5797
3081
593
791
430
928
1929
638
392
1616
2091
2955
1759
799
495
825
1113
962
4607
4497
1504
695
1713
843
2047
318
1497
2341
2713
1353
1810
1022
2638
1275
2183
399
5850
1289
1123
4014
673
1588
629
935
1184
952
586
5294
4135
210
2325
3545
2184
7597
2803
3662
1631
834
467
1201
2834
1649
2207
713
605
2671
991
3560
2674
1277
2379
498
5746
858
1421
318
3545
981
1199
802
1851
1633
1004
4688
3033
2411
2458
870
545
2691
4274
2283
733
722
3318
1257
406
3037
878
1212
593
494
787
1382
340
2695
943
946
635
1347
1808
732
1042
1226
614
3978
1713
2469
947
1255
1288
1437
2970
408
2863
856
1481
458
795
3941
1062
901
1140
4483
350
1054
471
690
2545
194
390
3616
1279
3162
618
1165
1546
5285
1320
2259
1860
4052
1062
5782
2068
426
1639
319
1534
4006
279
758
564
666
2583
1434
1406
1035
862
742
4552
1871
1519
3604
2063
959
695
1506
1851
666
720
3183
4812
651
794
788
1443
4364
695
1968
785
782
2081
752
299
1882
875
661
375
892
2173
789
1589
789
1445
1167
2230
4628
979
3405
4900
532
1902
2737
1834
2215
1939
2646
1994
3390
5282
201
578
2602
1638
998
603
1670
775
867
1222
959
1791
1874
2412
369
620
2565
267
835
808
837
1291
403
4588
2256
801
865
3462
2007
1634
3548
590
1320
1577
424
2577
760
469
3761
6400
2586
2594
439
575
6698
3999
1473
566
1308
1327
878
762
579
1333
300
1394
906
1324
1589
1649
3283
649
606
2200
3163
1398
3779
1853
734
2539
3498
3910
732
2726
2063
3445
923
7933
445
677
892
2242
601
2641
2161
551
2132
4070
525
905
2026
1025
1494
885
599
2479
2137
1352
2625
2151
2444
886
1238
1324
620
2018
2172
700
2260
588
615
1319
789
1164
685
1179
3568
3518
770
969
2369
1457
1363
572
4289
1511
2450
2157
2918
582
3038
958
4584
5058
1979
2390
423
1466
1945
754
1148
1806
432
959
1618
860
4327
1214
2207
2330
1230
1565
2820
3610
1263
1367
3229
412
3251
1260
1601
376
449
1047
583
1327
898
618
587
2813
338
1523
753
1575
986
846
1587
1038
595
1335
2419
4345
3222
1384
1907
535
254
1926
521
521
402
320
105
268
1885
3303
617
2645
1256
1062
1222
1437
1861
1977
1050
346
504
884
3134
829
6700
313
835
3497
859
1524
488
3733
3681
1645
2065
1373
416
480
2671
3018
441
834
918
1263
1163
2817
1321
3002
1079
877
707
1288
452
1411
3267
791
2415
1304
596
968
1433
2269
1550
2227
2149
1680
1189
1688
693
3096
1568
1218
4143
887
1980
958
2452
3205
2094
1051
2326
925
1745
1077
498
873
894
1536
1329
2086
1307
403
582
4221
1222
1864
983
2137
1850
2135
2268
2151
2327
2144
577
476
658
929
2487
5066
927
827
2328
600
4141
4695
2517
3853
1431
2635
3252
2341
680
395
1820
4344
3050
4229
2577
2153
546
231
567
945
4442
482
678
438
1654
1934
653
12123
1111
7617
829
539
2421
1743
219
1384
537
886
981
3477
839
1314
393
5382
806
2012
1098
2844
1035
2509
1576
649
2709
760
3364
2215
1487
687
550
1725
732
2552
3387
1526
1528
1098
721
938
1977
553
670
2090
1849
3133
1544
704
2786
2251
944
2638
771
648
900
579
9076
1045
558
525
2596
1517
2277
1134
875
1203
3777
1274
1275
3163
3966
517
601
1030
1425
812
796
373
2937
829
464
2609
1057
753
4507
566
5033
3242
1536
1853
4223
1316
4109
1853
525
1700
376
1279
741
1232
7911
1896
2376
933
711
585
662
6044
696
1559
1039
1244
630
461
682
1336
1105
2804
737
2862
1171
718
1525
1021
4626
2871
2139
4445
570
1354
862
2383
471
2374
1114
1171
1553
1499
1124
1710
585
629
653
388
889
1237
328
2100
3443
3872
4719
418
814
1052
1185
1355
1091
1080
874
2802
1200
3083
643
576
1140
1429
2834
1247
279
1621
242
1181
652
437
757
1665
2116
466
727
1149
547
1142
779
2207
3709
3853
1024
1798
4570
2572
3226
3776
1789
832
1585
2384
1817
2346
2334
492
974
960
1499
1014
896
1640
1633
5117
974
2578
745
3019
432
1020
3422
874
938
3177
1249
982
584
1248
1847
3451
865
1092
3636
5075
3944
1168
689
1117
1041
381
575
1810
1070
305
501
674
1438
2692
709
3675
983
1065
908
1025
299
805
1216
708
2108
871
1675
907
6017
170
1631
1582
1679
1176
2994
1006
249
1073
4652
3467
3106
3441
3823
1450
2533
320
1869
2440
853
658
1289
1005
999
1272
3821
620
1409
764
886
488
755
3776
619
1149
636
1861
1188
551
288
682
1425
2287
784
1621
1579
2248
1837
1800
1986
1047
1338
1815
1915
1408
763
396
1206
2509
2867
557
2448
655
1604
1810
542
677
1901
2106
755
886
1963
601
4009
3155
4926
2079
2510
2201
920
969
2079
2388
601
2124
3116
1462
3538
3183
1581
1203
467
817
901
2472
965
855
527
682
527
1093
2868
2175
2030
1162
905
2350
1239
3081
2019
363
1016
1399
3073
1014
521
488
656
1220
962
700
627
4687
1851
2224
1099
1154
1119
2469
1983
839
854
2005
809
1590
3434
671
823
2503
247
1080
589
1494
326
3492
1428
994
1902
3131
603
920
1593
1018
1179
777
996
791
1220
3889
184
2021
2843
3465
692
287
607
803
434
3656
2013
1033
409
820
575
3608
1123
1272
1877
6141
1698
1161
644
1201
958
2058
1160
1629
3634
4092
1206
979
4956
1010
1025
2057
1788
443
1303
4535
974
229
715
868
1447
1089
3994
242
958
2968
4438
1279
792
1573
914
1124
2959
1413
2368
3434
4003
1353
781
3358
316
424
1535
468
2585
1373
546
4634
2037
1087
2762
1162
1663
4311
769
386
1529
1243
867
1419
3465
5221
2973
370
5007
1219
1925
596
657
853
2490
1066
1946
611
3433
2706
1540
888
757
1724
2362
601
809
303
544
1574
424
5940
1384
760
4008
1118
2117
2766
1389
2629
2474
1700
1410
1686
728
454
1328
489
525
9877
1929
2982
3460
808
1452
298
1896
424
2273
1746
737
3285
891
1333
1709
275
3509
595
1769
900
3675
639
355
4260
2233
1257
840
957
1472
614
1165
1462
1115
753
863
1377
1591
2919
2247
801
516
1895
1511
2130
233
1523
4176
1255
1414
4750
641
1328
2478
1876
1653
2511
1281
918
2226
7684
2461
348
974
1548
2963
4112
1154
491
1555
2171
166
1761
1411
5675
2532
892
1397
6759
1726
731
2878
1160
820
2992
3124
2701
1170
967
3347
752
807
2416
1400
774
1961
559
1062
1259
3249
819
651
729
1851
633
3322
1078
372
2397
2004
2362
666
775
2757
3773
1032
460
767
1761
519
1055
3566
1560
2372
1334
2227
1084
440
2878
925
1885
4406
1613
544
725
438
343
1328
379
1083
589
477
2365
1316
2496
3565
932
2286
255
1431
907
3917
671
1160
1222
704
927
592
1545
1034
1296
984
1242
1473
2193
1084
4127
1844
2058
780
1752
1161
3699
1107
738
381
6100
1081
2308
4536
1461
1617
1283
3129
385
3508
834
2324
1859
233
802
1449
842
649
391
1729
1481
1549
3577
1036
1932
2296
689
999
6026
998
1704
4994
2823
1961
1832
1541
2660
776
1664
1217
1502
736
1406
3065
960
3655
1722
455
2212
1487
819
688
1126
2557
806
1729
2830
679
1352
2155
895
1121
554
716
1223
1127
750
1113
1285
1201
1976
614
1087
702
2267
942
525
1390
631
2304
1074
1908
2263
1186
2253
1141
2426
2464
1780
689
1932
524
2529
2394
2124
2457
962
1551
3882
3617
2173
2944
2219
1370
5155
1289
1128
562
231
2706
2967
681
905
470
2009
1574
1064
920
1975
1028
2810
491
996
1892
887
2769
758
1993
450
1252
744
1176
3365
634
1051
793
1188
1320
1227
907
922
588
619
961
550
1699
2750
998
648
1926
3436
880
1329
2538
562
785
1011
1245
1765
1322
1357
3801
1208
7023
1635
639
544
699
1183
1961
635
271
385
4829
685
918
1191
690
3800
3892
1537
803
2330
250
1674
3268
905
3855
755
3409
340
1188
1631
757
3213
3020
427
4120
1331
1239
1696
615
1774
3094
2569
3100
871
1148
1235
1126
1016
1420
1649
856
2054
1216
2402
1549
1958
1781
1657
627
3324
538
1554
1968
972
634
2218
2004
1907
1081
336
565
583
720
812
817
476
1579
1234
953
308
2526
984
1451
831
2801
2989
1586
2504
186
2302
1786
1144
1483
2577
428
1356
460
2009
844
1007
2353
2365
2368
1020
854
858
1368
1351
2274
3391
2045
765
769
1842
1251
1231
899
965
1099
3523
1599
883
801
1670
1323
2003
3293
1987
2196
1718
1782
375
1388
2837
5116
1471
2044
2515
3034
1771
1030
816
697
978
709
1529
4133
1250
624
1346
1784
2877
454
1240
3389
397
910
2516
417
1142
681
941
1491
1457
586
752
5551
649
1166
614
715
1107
1115
1466
1138
586
637
2364
589
770
2206
733
2466
3777
704
636
558
1145
226
4637
1504
290
2083
4523
3973
360
468
2411
676
1868
2392
1262
531
2007
543
2499
1112
1752
2308
1941
273
1570
598
2490
4448
2947
638
3653
1573
498
1054
1735
911
1635
1287
1442
442
627
1575
705
1838
930
4010
1341
1026
2798
674
880
2535
225
1040
6396
1329
2421
661
2228
534
955
2522
441
1513
678
595
1211
1244
1053
2593
3075
1044
536
2486
1265
1129
3121
1855
736
820
1877
481
363
211
1756
2325
481
1813
1737
247
1961
1953
2283
2806
2105
498
417
945
1417
2165
2239
3392
1455
1152
5296
1983
271
1988
972
980
2209
600
2311
2224
482
771
624
751
1571
1263
7843
564
886
1069
1139
1112
1614
1978
603
3716
1272
1798
1155
575
2529
1490
959
557
1542
932
1546
921
1171
2516
1461
3887
1784
1232
4712
3609
5096
2391
336
1014
1551
3362
787
578
1117
284
1209
1618
636
913
940
881
1340
693
891
2616
2329
1195
2861
2560
303
369
2912
3474
1421
1769
479
349
2476
1126
3654
359
1957
1278
2327
915
1582
1749
443
593
1332
536
2124
2593
1832
392
2572
658
1565
957
915
2735
2480
985
4352
1440
2175
2254
3466
480
2806
1218
4273
4316
882
578
2119
647
1498
1572
573
1873
206
3725
659
1053
1362
971
310
4252
1358
1090
1457
3258
2106
999
1443
1363
2718
1436
1217
2590
1685
424
976
508
636
1043
674
4484
351
3068
1281
581
1011
725
5933
1750
4181
1742
1285
865
3591
1117
1248
2239
1173
1765
1065
4139
448
398
978
1796
838
1386
2969
2088
3495
1087
378
1305
1983
1377
1787
998
2479
795
2250
2295
306
2328
694
2756
2032
3281
3810
343
1715
1559
5541
3222
697
951
1957
1727
609
1828
3495
1155
1446
3866
461
2213
607
1667
6312
497
446
3375
2688
1030
1633
447
1796
1629
3349
5773
765
5689
2372
3764
5283
2106
2048
3332
945
1903
1626
1963
1546
394
1818
2681
497
1026
1343
572
6337
600
606
1759
1818
5113
240
1117
1497
2114
3456
366
521
2183
371
849
1192
991
1307
1264
495
1292
1362
677
958
482
2283
1323
1412
1296
2242
1932
5732
1388
884
3564
1797
1173
1901
2079
2080
1422
646
650
760
3570
1772
3689
1678
5813
1823
1387
305
959
192
1035
859
349
674
911
764
761
426
802
430
442
4801
685
392
2417
824
1590
282
5775
2338
433
666
969
362
506
1174
3624
4504
2987
1095
480
954
3091
898
2742
1373
1209
1396
512
520
485
1472
1049
1214
180
981
1821
995
1598
5170
783
949
557
2763
646
4197
538
1040
4945
736
592
760
1237
662
2654
2466
1693
282
1894
858
593
2053
2969
2541
2167
5533
1188
698
1421
530
2390
962
450
1649
663
5232
6613
615
1397
3248
1278
1724
868
869
1259
1944
6785
625
549
798
1917
1258
520
1683
978
2210
526
408
1190
7311
2676
722
273
6062
1795
597
1275
2623
1112
513
327
594
662
808
256
1753
914
470
1824
2286
640
879
6508
2069
617
2988
1832
291
256
261
1136
1855
3365
2811
2450
2369
1008
823
562
1251
666
1470
356
1968
977
1267
1443
274
441
6294
1304
399
456
3166
1229
2363
1375
915
1090
1015
4760
1261
658
1561
926
2261
1653
1953
684
409
621
1174
1732
1775
581
1605
1010
1871
3582
1802
1208
3675
293
1268
1072
893
1771
1351
412
1328
1631
372
2462
1693
1786
728
581
1358
1480
1364
2012
500
3179
1337
488
479
1648
1215
1907
535
6512
1351
1792
802
168
758
2436
748
1009
943
706
798
1387
746
3135
606
288
2820
1232
702
1591
1098
1512
2667
1336
912
2368
1417
1961
1009
268
852
2848
878
801
973
813
1473
2162
696
3780
907
550
878
1877
1292
1039
1939
1765
775
2026
4624
901
3359
1872
1370
738
1718
1052
5075
1426
4604
2028
715
1482
888
1231
1324
1225
3862
2494
415
1177
999
2008
2575
1663
438
1468
1698
2475
1240
2282
2383
959
682
401
2254
1545
1383
2782
3267
2717
617
2442
644
1099
642
1868
5617
2926
1700
697
2325
4870
612
1110
7778
1855
1626
2941
1742
830
1026
654
1165
2640
758
992
2210
2626
693
1649
392
2140
1341
1201
4363
903
2558
1063
417
1303
854
410
976
415
689
1193
1840
2335
2540
719
3164
1582
2333
998
627
5150
4535
5010
791
1302
1035
791
1554
1938
2806
1777
498
2552
2695
1047
2049
194
1829
1746
3412
1168
672
4556
707
5493
1877
2121
772
533
742
640
971
1424
829
1125
2361
1209
2292
1943
1679
1738
1061
2073
902
1056
1320
4748
704
2950
3864
3836
3128
1911
3208
984
1424
860
2498
2655
699
4806
250
723
1324
1272
2777
347
591
1047
800
1191
1339
3631
1021
2462
2727
3834
2248
609
1567
599
1268
2096
697
1716
221
2501
1339
1880
568
1601
686
3349
3633
4026
367
1052
916
1429
1116
601
3491
992
1539
1563
1624
603
2267
982
1227
1803
2299
949
488
1015
1738
1903
802
900
1296
480
1310
1822
718
3213
3736
970
1637
824
856
819
852
1147
1416
642
2320
1682
385
1353
2707
1437
788
1508
5878
1415
270
1000
1308
3530
673
1596
1131
539
465
1207
1320
1508
2470
3136
1738
1433
1262
687
1716
472
3155
870
1807
1345
1365
2300
1185
297
807
3018
1030
810
399
1503
1377
476
1875
1252
894
3115
686
3167
1945
715
1631
1972
1087
1835
592
600
3779
1955
974
835
2386
524
1615
1108
1815
2675
965
1218
2120
1609
1503
411
924
730
2381
1200
2018
1565
2923
733
169
1543
1561
880
1457
3790
765
427
601
994
598
5278
386
965
409
729
1488
1695
528
635
754
714
1378
4685
933
869
3870
1975
333
404
816
3231
1557
241
422
3046
527
1735
912
971
1234
2808
962
792
556
1075
1022
3490
1617
770
1444
5388
1787
3233
534
849
1274
8314
488
1309
2434
517
667
1495
860
2289
1184
1494
1806
2468
1320
1303
781
1960
424
1300
639
565
2831
821
2007
1543
1168
781
1035
1840
680
881
2059
2008
5119
404
1046
1391
4155
2256
5192
582
767
3479
622
399
298
591
629
3401
416
416
2738
1369
631
4458
1964
989
4699
597
1896
4292
586
5627
5928
579
2124
3907
251
426
1301
1868
620
2355
620
623
1064
4528
783
2100
1492
856
230
2627
4806
511
1501
1704
749
708
1042
2434
610
1046
470
1614
4494
2354
692
3155
728
673
1420
1171
1970
2259
1734
549
2308
3389
1989
796
1038
2449
2215
1426
1277
2484
1897
1046
905
1298
1375
2971
1950
1192
1143
1958
2398
1800
2367
1744
1669
1773
1746
256
722
1220
970
1517
332
1039
2628
5337
1092
534
3400
940
2226
438
3438
1078
789
2117
731
6073
1076
6003
437
159
3939
1153
464
1704
1146
582
2741
1442
1108
1098
1974
253
2253
309
1495
1023
1188
4813
2280
351
374
2581
1843
2162
1571
1408
1626
919
1057
2045
328
4171
3772
332
3790
2537
415
302
1140
976
4363
7052
800
1675
1958
925
491
1360
3339
360
4910
443
2207
1262
6596
1070
605
2405
482
2972
3519
2148
3128
1120
2612
579
2430
1302
1525
331
1025
2751
801
1704
1898
2156
4477
946
1413
2326
1585
1631
1594
2950
1154
945
1069
1614
1325
2430
629
2109
1302
611
2131
1232
1873
906
1837
2106
2129
2310
3740
2528
947
1552
2567
1758
1010
292
555
1346
2006
918
2496
4102
5743
273
1144
1355
3998
278
1070
2547
1926
1746
4711
1374
1276
3490
709
692
1540
2613
1311
779
953
2149
1886
498
1201
1348
3169
4528
870
1812
3656
986
353
937
892
1362
373
1372
3453
1703
769
2464
1490
545
492
1685
1030
1587
2893
2220
1426
679
2355
1276
2942
3060
2130
578
412
2003
570
4764
1364
563
1921
338
1075
2304
4668
1942
1449
2989
1434
3739
1037
582
715
665
1661
2926
1016
1157
913
444
869
266
2454
2412
530
986
2221
3243
2435
1031
394
597
1372
2629
256
2408
1360
1224
646
1522
1938
2209
2773
3378
2048
1071
1307
2441
1189
1285
2605
2319
1724
486
622
376
1894
1012
776
1290
2102
1560
2286
2219
368
172
1104
257
813
739
3005
1072
1461
2920
1743
1799
550
2110
993
341
2098
1005
2514
1886
1205
1019
532
626
933
1745
782
1448
814
1382
410
1524
1159
1091
609
1114
2046
1331
1975
2387
211
407
2153
1489
1003
2446
2203
1947
1032
3839
1826
544
416
2461
590
2035
3507
631
953
3219
656
1643
437
1002
755
845
665
781
1822
1401
249
930
1310
4871
773
314
455
2269
1087
626
3807
1475
2478
2717
673
2673
4390
1366
3697
1638
1893
2036
2593
774
640
1615
1860
6414
1002
6155
913
498
2300
3190
2392
593
1202
1448
2172
782
1384
1861
1339
2150
1553
1603
1335
820
513
1601
1754
1996
990
1083
1194
457
769
564
2377
338
1445
1362
222
3712
918
827
1317
869
1493
2811
2523
749
937
960
1017
433
815
515
6748
943
1007
1280
1882
1417
3047
369
2641
1840
729
1532
1894
1187
2231
1473
2772
1929
2624
1956
1993
506
480
5365
410
1736
1785
800
1244
1349
1155
1914
1962
2767
2029
787
1236
1246
2424
1249
603
2660
573
1091
1656
375
1663
803
1021
2787
3278
3400
6373
2160
641
499
1574
406
1461
3062
1358
1529
1954
1408
1508
1606
2644
2997
1262
3241
969
1104
1703
2321
1142
1391
1696
396
1738
1254
1098
3784
997
3030
877
4284
930
442
1382
1424
921
3111
1543
705
819
1574
1409
4498
910
2264
1257
1061
670
1055
594
3056
6415
1972
875
649
1199
763
2879
299
1294
2896
190
1630
3280
1236
270
258
2076
1802
621
3173
4887
1768
1864
1096
474
1496
1646
1539
1707
1761
468
498
2735
3992
4557
1522
2364
844
1470
679
1502
1280
1694
290
1198
817
818
1243
1116
1796
3759
1427
1516
958
773
1994
1667
1745
1221
3090
1877
4885
1262
1026
626
430
2032
642
1218
1893
3180
1776
1759
1162
1838
509
1857
635
1677
1496
1470
202
1026
656
1649
1706
2171
1158
1760
1202
1280
510
784
585
2704
1116
1005
370
1636
1805
1876
2147
1665
2049
4599
2327
680
532
2250
1010
798
277
760
1759
799
339
682
1201
795
3074
275
387
488
590
1084
1260
1254
1024
965
1339
650
1026
2488
1001
572
1226
1700
758
1848
831
1629
3624
2236
1668
3102
584
2436
1773
1785
952
1660
5095
1332
1714
1248
2484
2432
920
3530
516
1302
1867
3800
2615
1519
389
2324
2938
221
2299
1702
864
962
2447
726
1429
2152
2179
1909
1242
1991
4183
608
440
3060
455
1815
973
3936
1550
2183
665
640
839
782
2276
1739
2618
2748
235
2184
538
2213
2984
1839
2370
2290
868
1247
1111
854
1376
2577
2323
1818
839
3326
4626
1554
1825
890
1732
2450
1166
771
1151
977
4558
704
1898
1068
2885
3129
812
1736
1290
576
2540
240
4060
2519
3074
1109
5486
374
2564
1582
789
918
3311
1449
1487
2787
1193
2210
284
3079
347
3286
2372
611
1067
631
1510
1407
1498
1705
5876
990
1875
250
1756
7034
1054
1504
854
680
782
528
4325
619
1133
1561
1487
561
1412
1915
1375
1701
571
3023
765
486
3347
849
1343
1811
6084
4490
1773
466
701
975
1322
1331
969
805
1573
2333
533
2209
1386
3546
1096
578
2931
522
765
537
1009
1070
1366
494
1464
1288
2970
316
875
1478
2008
1713
385
731
1656
238
1912
1823
1389
1852
915
1924
2607
919
3316
736
2130
1783
899
229
961
977
1734
750
1380
1631
435
4073
420
3250
289
778
709
610
1921
806
1999
823
610
506
473
3189
1546
863
4013
641
860
974
1922
2354
2385
3679
1294
2704
757
2166
2049
1391
713
1624
2331
1050
2099
1193
1449
1973
938
502
5653
2114
2454
1236
804
1089
1403
1078
524
1674
2018
2684
1608
2768
4341
3010
2422
843
1105
2494
1695
904
487
1058
2483
282
699
1231
1762
1085
1709
2959
1523
1314
2143
1220
541
1926
1463
1749
1674
3208
801
1312
1838
858
1335
471
2582
1508
1616
1819
1334
339
716
1024
2128
1086
1229
5165
1399
818
495
1349
1832
4688
339
1908
717
364
1760
2467
981
871
4984
1110
4298
367
735
3354
397
717
1218
2230
825
1040
1720
3118
240
1585
3201
2738
882
1739
499
2490
411
1253
882
4238
469
1128
1971
1094
1241
1062
1787
559
1392
2169
2184
638
877
877
330
818
1470
817
826
4025
1884
1025
1620
857
435
2003
487
481
1143
1584
1342
1383
4036
513
2092
1468
1034
3708
868
487
1509
487
5883
1151
1277
838
994
2992
738
1660
3712
1843
2055
480
266
4150
273
2992
490
1977
577
1835
1370
1020
1247
801
2086
1578
574
1031
1808
740
1249
460
1747
1378
1940
438
860
1347
874
1877
1832
889
1508
1056
1539
2387
2087
828
240
1007
2450
1249
2925
1555
3018
2330
1086
1458
1278
1759
3722
2701
723
3100
3337
1409
1180
3960
895
701
1818
745
351
731
2882
820
1855
3873
890
1004
700
2831
3065
2888
1393
496
285
2300
697
2859
1593
3839
966
1150
7159
506
2814
2463
2625
2049
1964
935
2563
1703
649
913
589
1600
4109
828
3705
1402
4431
1356
1367
3133
2558
5310
4131
1037
2967
674
2928
1058
558
1246
3640
2063
768
599
2494
1171
1296
792
2728
1009
2201
2002
807
1574
2317
459
302
1652
2678
3484
426
1309
1651
655
684
4198
724
1566
662
1102
403
4554
8882
2350
973
789
1833
1460
1411
505
3045
2607
3333
277
1155
2022
808
4396
803
1245
2418
2212
1550
1294
1379
395
474
1389
732
917
781
872
1991
434
912
879
1842
3065
719
2807
460
1289
1946
2648
650
1128
668
2249
1315
2076
1158
1041
386
1728
851
2222
2682
638
1000
1018
693
917
1096
1568
1134
4481
1212
455
3087
2046
2161
952
1343
3601
2655
1059
524
1568
915
656
1091
2573
1986
2082
1031
1440
5460
890
3356
1636
549
1593
1128
732
964
922
1032
1750
1174
1865
1787
809
6509
4327
5036
806
1614
594
1735
2776
1359
3334
937
4587
1081
597
1240
392
1685
462
1468
2847
3780
2543
1316
865
1336
460
2214
1739
2453
1031
3901
1966
1162
6075
1844
2207
3301
1219
3716
1256
3974
2037
1143
2247
2207
363
1829
2645
2772
955
734
5962
1814
1617
1309
705
6647
1793
1003
6795
2278
1460
1868
554
504
1062
2218
1296
1737
3136
398
4174
943
2054
249
1369
1814
3682
2148
1868
1515
467
2105
842
1779
290
2817
610
1017
524
1562
2216
905
1828
