582
306
530
588
481
533
721
490
472
116
645
786
565
1118
663
1084
705
188
1246
1242
410
1058
547
172
1435
811
673
2407
2093
317
260
1020
212
231
153
553
324
249
840
565
300
379
884
945
193
880
408
1127
1037
813
1311
471
413
298
391
303
498
157
355
1193
138
1526
311
667
423
169
894
569
294
1089
465
338
271
378
360
370
435
505
725
597
230
180
309
599
1070
458
490
552
437
446
2403
183
259
790
1470
882
483
670
389
1121
326
414
573
254
240
442
551
452
418
160
520
635
1586
231
486
580
499
286
428
373
317
1205
386
544
513
818
567
953
618
436
592
753
852
677
165
256
267
278
511
2834
433
271
731
1310
1050
652
364
352
640
1627
617
1739
818
427
211
523
277
247
1064
414
400
515
355
391
494
153
247
1614
2036
1080
846
296
476
948
267
301
477
412
772
686
1808
1013
219
327
418
418
529
951
454
1037
534
393
435
585
1056
1526
486
215
285
190
433
296
606
512
458
624
982
223
1369
278
305
614
443
405
298
805
471
305
960
168
486
336
229
462
322
278
370
481
236
198
358
456
747
647
1144
440
489
351
756
254
838
279
561
921
319
614
447
1336
262
275
545
247
604
512
227
161
403
779
536
287
292
149
450
549
756
483
665
374
383
291
559
490
2360
1007
631
552
158
427
347
889
146
319
686
549
264
606
269
402
355
178
287
524
726
272
327
725
837
924
240
1023
210
326
172
242
790
985
320
657
631
563
851
157
389
387
466
275
697
493
186
498
275
370
379
554
310
215
302
1152
530
778
232
1079
164
441
807
627
381
760
1280
430
312
235
777
432
371
530
537
1096
610
826
608
277
281
323
983
768
1180
1093
598
502
405
1009
732
464
554
203
493
464
460
516
661
463
400
494
249
1309
1808
302
262
1667
190
2543
478
1220
2131
347
542
397
320
747
608
619
566
528
659
203
450
1078
517
473
172
316
601
433
332
390
235
915
459
843
596
229
1276
521
475
274
311
1309
585
740
579
802
1083
699
342
536
747
167
486
827
1318
402
499
582
996
312
307
492
265
491
1117
765
450
423
357
394
385
2887
748
1224
420
370
681
517
570
681
275
310
345
414
373
399
400
767
748
979
415
185
264
277
653
335
360
451
404
382
784
185
812
185
273
387
398
165
782
318
158
370
622
378
365
448
590
473
315
669
712
240
340
1184
517
1373
313
553
1003
881
266
230
455
520
703
357
767
386
1818
498
318
359
500
236
477
2461
437
200
1365
263
873
1278
291
438
681
435
345
586
769
884
647
721
311
1468
732
483
390
1303
600
863
668
449
1204
209
605
329
235
274
508
556
223
986
251
532
418
828
391
226
717
399
606
796
736
376
686
799
240
2059
730
413
541
714
396
642
1306
761
239
665
600
654
693
368
1086
307
193
203
172
293
357
1316
339
281
431
168
1042
576
824
188
301
1569
346
406
682
239
301
336
290
593
627
621
488
606
384
210
621
436
334
404
619
342
257
364
302
1482
175
241
229
637
599
170
495
324
494
834
233
514
444
193
675
623
373
365
723
1046
469
548
338
671
427
628
1188
505
460
341
544
503
457
286
267
893
286
282
594
185
1714
486
1602
320
2782
341
446
295
584
713
636
342
1646
485
468
504
578
688
303
260
380
357
321
394
428
503
364
1236
343
342
156
236
570
3341
340
297
677
870
1255
214
680
1164
701
583
378
489
184
482
1628
1014
367
247
442
441
261
355
647
391
683
232
493
358
927
314
955
172
397
215
227
398
238
594
488
277
282
573
403
809
1242
1462
519
672
776
1199
635
404
1141
300
265
342
1251
433
454
224
515
238
1206
698
367
470
534
612
377
832
211
636
661
887
339
1062
1597
802
696
514
1245
475
230
375
256
667
391
492
510
416
311
1039
312
371
314
333
650
435
291
644
470
393
531
293
234
323
325
730
1145
1470
559
766
553
1349
252
643
837
474
331
389
329
257
414
372
229
424
698
424
528
820
616
344
268
931
371
1177
706
467
506
288
441
230
820
180
225
369
277
447
1460
567
250
427
292
394
341
1088
547
242
439
2827
250
367
306
564
402
694
2100
741
744
687
529
412
1476
964
345
414
1304
788
267
456
301
438
1163
162
289
457
806
475
702
839
1945
253
429
180
262
197
254
839
425
203
411
460
698
823
348
472
258
310
463
235
176
425
1263
480
240
569
511
611
345
1553
373
510
351
251
327
266
1886
379
371
545
2292
754
538
289
801
544
215
1075
252
707
1221
206
564
788
620
651
294
505
933
591
425
666
127
472
1336
282
519
1836
584
551
229
194
326
233
929
325
338
1097
472
179
465
443
390
393
609
298
715
443
402
398
422
606
396
307
880
345
190
180
500
278
475
271
317
281
565
1013
306
436
194
265
574
539
496
396
663
479
1126
1941
163
233
429
458
1360
931
1221
353
1065
375
281
604
561
684
134
127
465
1630
1323
461
706
559
356
420
387
514
390
573
530
338
1296
1623
352
210
264
571
511
578
448
468
559
603
477
328
796
683
898
344
330
1367
489
753
1266
368
233
524
244
336
628
233
378
1268
954
316
2175
368
684
308
459
187
163
150
202
644
482
298
298
439
668
788
385
319
908
192
407
436
444
396
1589
431
516
714
368
1205
296
251
307
324
312
253
296
1086
680
252
340
460
302
692
276
153
609
626
148
348
170
233
542
722
221
1219
913
1044
328
644
656
525
502
319
382
558
488
632
2166
326
759
1119
249
694
543
842
329
704
946
730
554
415
327
247
379
249
257
901
360
284
376
752
349
414
393
1278
205
1101
210
205
221
178
352
284
447
248
207
258
442
357
265
128
703
475
930
518
357
166
596
1041
602
512
218
652
636
277
668
1213
358
299
438
1321
509
304
221
214
818
161
479
501
649
387
329
639
1865
457
590
788
1685
530
433
400
886
752
781
321
954
1065
292
629
1933
689
564
366
345
424
395
285
307
448
851
796
235
1495
1077
1304
288
764
456
326
270
1021
576
980
265
503
546
284
365
1262
762
1101
237
609
293
241
624
301
427
552
442
208
245
422
396
1207
1413
373
674
428
628
533
309
386
338
242
2744
488
1507
342
534
576
394
361
1350
587
482
574
518
386
622
441
262
456
454
497
291
828
3189
348
488
513
375
439
548
501
795
867
249
262
258
625
754
519
1446
635
340
952
766
553
344
370
669
794
985
294
624
211
1098
538
674
293
146
631
362
689
268
304
387
275
488
223
609
1407
370
681
280
499
349
317
920
833
191
522
1767
534
621
753
530
1133
372
939
715
670
211
346
1043
689
654
148
229
259
356
685
936
283
925
325
1194
260
271
367
320
844
551
323
1249
908
664
201
893
278
729
314
358
1546
201
409
963
616
459
423
224
310
317
1108
1040
377
552
352
1215
382
861
330
955
512
2405
269
436
820
396
1761
5977
560
430
1309
531
579
565
707
792
773
265
602
1029
642
294
390
657
376
258
333
412
948
197
143
336
506
421
289
418
493
828
457
467
207
588
1171
585
387
657
975
395
229
378
309
184
529
666
451
286
243
267
200
427
517
372
255
524
928
428
664
1291
804
293
303
232
522
349
475
532
251
919
217
728
557
419
770
367
327
627
917
1102
330
445
588
978
210
785
1948
248
420
774
768
326
1692
297
517
4164
265
754
1111
492
329
267
435
237
296
1650
800
244
319
859
644
523
656
205
258
766
232
1518
512
265
320
219
211
969
867
559
173
235
244
373
391
220
340
244
2285
1898
388
357
356
434
588
735
455
514
520
451
238
877
259
230
797
705
689
556
499
835
719
603
605
646
1281
308
548
465
527
822
472
512
614
1011
549
483
258
248
516
1072
288
385
1486
264
825
422
642
223
267
558
1472
469
1681
352
443
259
806
343
149
492
532
472
930
214
375
384
254
541
523
312
2037
719
726
261
1372
216
875
474
936
301
434
266
253
179
1202
439
378
262
199
1200
262
611
1250
1033
602
490
1204
958
218
630
177
368
618
758
2325
860
893
392
1007
460
354
396
589
401
883
389
403
167
1155
233
412
329
215
168
555
503
853
306
463
480
386
583
495
201
560
931
568
240
800
1563
471
277
574
837
499
510
666
723
479
436
236
425
1544
390
598
212
476
704
340
344
662
303
244
375
376
246
358
632
304
412
630
408
1116
430
245
480
235
1201
404
275
503
621
278
689
471
359
343
1074
449
1345
260
653
348
398
901
318
765
886
141
184
1055
606
694
483
508
328
622
454
519
255
677
198
222
748
452
427
375
192
382
707
880
314
735
925
899
271
266
249
272
587
608
421
667
354
314
455
607
201
986
928
1461
874
696
471
390
437
455
807
1289
1971
294
2968
419
539
619
645
254
629
616
388
1314
967
564
461
758
693
467
297
1157
787
536
466
199
256
664
408
715
291
411
382
422
627
442
486
495
512
303
627
610
397
317
401
753
181
382
714
314
331
690
515
252
612
923
245
508
1417
515
431
255
1406
383
468
1128
308
296
517
463
1186
197
583
289
481
1217
413
207
1128
272
492
711
520
332
630
819
428
604
1197
468
308
362
235
443
644
248
232
652
645
1286
1047
651
530
447
523
334
583
618
529
247
403
375
363
127
374
221
233
1199
237
449
560
697
575
379
804
703
208
268
367
964
1127
292
491
1064
693
442
972
796
296
426
667
493
1040
529
924
451
160
661
143
814
289
325
694
242
998
316
648
408
1048
351
709
1857
336
407
1379
176
295
362
301
1463
269
496
392
340
594
566
765
381
488
623
561
386
363
236
312
553
292
606
307
610
403
132
818
242
172
916
942
274
675
294
424
577
336
1032
465
523
536
494
439
150
255
1102
744
658
712
307
302
1703
438
457
472
672
796
564
566
678
473
2197
500
471
400
594
306
387
354
340
1208
274
349
393
1081
429
547
196
220
469
411
305
560
1062
307
673
596
616
208
399
943
1637
576
953
209
209
335
214
669
444
347
207
319
212
188
263
758
454
464
548
1827
450
1691
640
414
451
276
296
1102
432
1207
723
444
612
690
285
241
437
861
293
225
298
253
802
563
240
362
2829
464
996
342
324
2877
196
386
526
216
688
251
492
578
559
333
440
340
399
410
300
185
255
642
206
133
387
1579
523
786
627
374
342
851
513
362
217
485
1207
349
214
289
461
396
1587
518
150
1260
427
608
449
347
298
240
619
365
207
571
320
412
850
1679
451
341
496
1282
674
413
315
1112
450
391
218
589
438
508
486
452
729
274
343
240
280
2134
318
710
379
496
604
694
422
432
426
263
883
755
243
353
1474
332
683
527
314
1349
354
610
634
830
446
455
401
585
438
441
1042
533
367
239
566
611
249
765
564
462
802
1005
214
378
221
1254
609
332
367
337
886
897
1207
465
628
416
184
390
381
432
241
200
961
503
218
312
234
1335
250
602
187
369
417
214
377
248
716
494
432
1117
260
238
304
858
559
1321
388
568
469
551
307
299
290
381
607
703
256
1502
198
291
827
525
606
609
298
828
771
971
928
1042
330
869
726
459
1134
1637
861
254
513
531
236
305
598
573
630
185
1033
1044
895
585
791
485
437
406
748
628
589
504
1155
818
680
596
769
796
298
587
812
509
542
597
213
926
444
170
608
453
385
348
562
572
661
714
486
555
501
121
1206
191
487
304
377
303
1126
550
255
217
945
725
351
167
456
1871
1020
889
588
608
244
407
1366
181
644
177
416
361
294
242
335
607
201
401
237
381
1136
278
393
383
829
514
396
469
167
228
218
276
1192
3218
281
795
523
986
325
415
209
389
164
354
249
241
467
460
1585
319
1109
426
834
442
628
706
421
607
285
403
270
298
633
227
719
534
455
420
383
427
533
414
321
361
750
377
400
1262
224
1300
286
635
519
458
398
394
433
1523
282
664
852
1239
283
219
1589
534
457
182
401
293
894
365
665
444
611
226
380
216
502
563
859
378
541
346
364
384
239
1444
477
694
265
1254
529
486
350
169
2181
1147
662
779
3925
256
186
1099
292
1818
738
571
457
575
346
335
527
874
223
663
445
225
715
320
892
502
384
538
471
672
304
596
386
539
722
244
425
726
275
412
1852
490
452
420
308
505
426
518
357
1098
863
336
387
2875
2046
417
496
341
969
512
666
508
699
1141
387
431
461
472
381
211
482
524
765
674
308
255
761
244
1512
320
663
468
698
302
283
456
292
694
230
829
551
622
427
612
650
1532
145
542
631
513
659
235
388
605
681
428
382
276
115
400
790
261
528
435
301
740
618
540
181
955
435
824
871
597
480
304
453
903
1200
299
611
547
235
385
339
648
839
1809
988
307
663
238
288
491
946
200
446
938
176
1017
246
630
3146
559
1067
1040
502
401
1385
283
1349
392
1747
173
262
330
654
509
484
327
1485
518
340
378
648
522
192
296
185
157
366
219
183
545
1026
323
720
274
1264
517
339
463
226
202
628
341
359
655
398
320
289
211
169
360
832
185
471
371
1987
462
332
541
548
685
340
152
857
296
327
337
573
1021
965
216
344
681
999
689
257
448
307
331
677
753
263
404
391
490
218
528
367
2253
1952
638
820
244
426
1010
296
243
482
928
1296
249
340
175
218
547
191
305
316
331
1520
1293
384
277
845
325
437
232
318
645
2386
332
492
683
827
730
221
252
283
434
323
239
494
289
447
543
239
141
493
473
521
381
584
219
388
171
714
282
489
1938
290
209
1190
197
887
405
197
270
590
351
330
921
207
333
641
839
241
346
499
446
222
202
497
184
432
196
339
711
1105
559
347
264
4024
448
258
173
680
361
322
325
378
557
555
543
601
850
1723
445
550
364
326
590
385
747
699
366
236
425
717
764
336
894
325
910
615
219
347
1056
484
436
798
1188
338
280
771
241
1052
164
716
329
358
307
233
209
244
1333
512
172
2415
824
381
334
510
485
872
1207
747
685
746
717
217
397
419
781
772
783
207
461
500
299
227
420
722
615
198
647
332
366
431
376
202
564
465
1538
343
360
1259
276
410
371
476
444
383
621
634
931
886
773
748
661
238
266
288
377
568
307
522
656
597
459
492
928
1825
505
268
237
1187
455
472
730
511
332
847
363
355
382
1111
217
600
223
370
483
293
558
578
1457
348
341
368
320
870
625
498
2605
245
378
408
610
246
361
421
423
466
460
422
495
304
503
365
343
419
753
367
438
382
270
320
725
530
2336
409
911
474
347
512
471
410
576
424
1988
480
1778
402
588
523
419
396
1116
140
457
280
400
226
186
422
350
430
419
2748
891
480
2141
455
490
395
826
533
673
630
224
286
1149
655
565
930
211
808
310
235
227
676
1149
1646
154
555
848
1632
1129
365
420
343
496
526
408
340
219
631
477
598
535
386
681
1378
284
1411
952
691
897
470
336
447
265
222
639
311
601
547
1287
1140
697
427
1147
682
332
193
257
610
359
527
563
925
590
1052
273
300
724
687
306
237
421
445
614
241
275
678
1051
423
334
289
798
421
1043
302
413
135
1935
1125
1247
753
377
1493
883
375
173
1301
2024
422
232
408
300
528
1217
293
330
410
313
175
522
372
277
882
306
1300
934
962
469
157
500
313
648
1893
788
360
905
259
369
702
833
2306
252
231
250
349
171
433
402
938
286
634
585
286
261
736
330
622
427
103
469
346
254
718
568
395
384
300
381
357
600
838
577
454
320
199
551
828
385
422
558
557
300
704
249
470
1128
387
447
656
351
364
1146
989
1651
714
267
235
570
315
1463
2172
368
171
444
759
949
720
465
433
549
307
675
499
309
567
678
465
1662
2638
655
499
447
225
483
270
469
498
840
2000
560
343
358
166
851
771
365
424
430
1080
815
454
639
356
774
328
424
342
403
277
848
443
412
531
563
612
706
2104
575
693
365
681
203
367
256
2559
449
1342
1287
1420
193
374
244
188
172
655
329
750
278
1059
499
207
669
308
339
699
268
711
228
220
1047
1131
401
383
521
267
256
395
1312
714
801
445
546
484
895
249
252
266
549
444
437
1013
640
661
838
285
1624
275
226
902
677
1460
478
395
352
757
606
681
966
274
512
493
334
645
498
998
201
673
1589
308
322
394
279
1044
405
554
404
839
370
3101
318
470
234
687
175
847
532
633
828
722
1137
304
277
301
482
890
357
450
298
517
944
1677
444
441
543
431
724
421
1081
257
311
464
209
518
299
568
549
349
279
517
553
428
636
492
405
625
1003
266
447
192
506
723
801
282
271
296
437
320
789
300
407
532
613
626
255
227
433
519
840
1184
498
675
856
267
494
285
687
634
538
567
1405
357
183
523
748
789
744
266
375
420
413
458
311
197
305
202
526
1448
511
521
870
489
1356
396
430
1129
657
533
928
367
379
363
2183
313
536
289
492
652
1103
618
599
524
280
359
786
164
215
864
500
1299
421
464
271
403
510
408
370
599
617
490
827
872
924
698
268
910
502
377
882
426
227
373
336
2561
1188
329
194
302
456
465
452
446
388
941
738
481
355
496
423
512
449
412
311
134
695
724
545
272
205
1754
275
702
847
594
385
185
344
378
377
528
575
490
225
882
421
265
211
313
461
552
361
270
258
310
407
311
895
268
373
1441
171
971
364
302
268
3536
384
317
597
481
719
391
388
829
435
626
578
173
1560
625
654
595
244
495
663
325
767
420
587
248
281
368
512
1338
571
336
427
1481
540
530
364
1470
328
463
361
1413
255
599
872
167
760
726
362
369
401
273
186
588
306
513
235
265
532
450
1578
520
727
362
324
533
607
331
754
490
383
423
335
313
939
337
355
924
616
387
768
477
694
395
260
1038
481
469
736
355
988
2028
527
1401
1230
677
326
185
361
526
303
2074
346
1134
794
799
1756
605
656
384
520
620
415
158
433
318
766
531
1631
543
2453
903
750
368
1109
851
529
625
395
429
528
259
298
394
454
920
262
617
722
837
336
958
277
669
177
906
561
565
375
824
939
344
519
265
737
1255
144
852
669
903
807
449
349
276
514
263
487
759
439
769
215
543
1012
361
990
613
194
588
224
410
168
273
528
327
596
327
540
719
236
278
530
451
518
356
484
342
466
676
873
327
1331
1018
237
479
905
1534
640
184
275
452
376
211
442
466
448
577
482
548
703
803
304
1405
280
321
254
547
1128
309
351
130
653
254
407
324
612
263
384
487
206
549
359
489
769
720
545
543
210
514
330
553
199
929
468
220
1312
325
361
826
272
449
614
1198
693
476
444
887
273
608
1124
2468
951
364
299
297
740
388
296
177
1197
189
335
556
557
962
454
717
513
349
303
556
206
434
246
376
422
438
408
306
220
518
287
316
995
926
749
848
554
249
1350
241
1118
358
657
283
515
264
672
549
414
393
462
1024
691
744
564
402
252
920
693
443
229
529
1911
269
782
463
724
401
1256
263
1394
449
413
139
275
451
665
290
284
1805
674
380
1439
681
890
254
768
242
663
695
832
350
1047
621
350
537
1864
977
285
304
324
589
800
684
392
626
407
532
221
855
334
302
404
220
759
306
571
550
551
584
538
1004
1043
355
421
778
435
1063
514
217
684
634
902
424
327
643
328
1108
1246
1047
880
467
609
346
1530
237
395
433
316
482
737
560
448
372
618
671
327
1352
1658
614
580
295
240
570
533
264
649
517
982
432
248
792
812
124
426
1423
397
326
465
353
889
546
777
411
587
1055
531
143
511
541
213
1286
540
669
1244
845
190
249
485
553
401
491
366
392
1716
294
694
307
1261
451
441
220
602
332
224
691
404
747
1309
610
556
704
793
399
1395
498
689
218
3787
461
375
2157
244
246
711
692
1750
376
1057
327
386
384
852
938
460
187
181
279
282
689
688
289
232
432
356
453
295
482
605
526
386
242
240
391
343
211
560
348
1023
708
536
681
255
656
365
227
396
1643
307
448
166
169
349
1069
1422
625
488
260
382
302
226
543
1758
739
304
1476
282
1052
509
542
505
1434
194
759
317
399
135
465
809
306
556
928
621
556
512
320
150
260
759
1544
162
181
221
427
633
266
454
891
1413
507
870
1127
657
185
296
559
749
507
455
987
567
268
1014
681
257
2466
822
165
404
504
228
461
206
421
581
473
626
445
621
205
2527
390
1379
318
921
960
537
558
580
431
1408
982
707
653
160
384
284
1672
436
511
190
945
760
262
375
214
507
399
325
254
308
789
721
371
317
475
906
394
588
419
892
510
1054
318
388
800
271
449
557
269
506
1079
1000
263
590
311
904
1180
745
419
365
715
647
1164
1942
294
499
343
123
305
167
294
469
463
393
2604
348
654
426
232
439
369
322
446
623
1029
636
514
459
404
406
2007
469
479
1732
314
347
854
848
1321
229
256
888
904
1314
276
1105
718
364
382
911
1171
990
544
425
1022
728
354
148
882
684
276
270
380
797
353
204
690
619
356
1458
218
439
497
569
559
238
390
440
494
368
349
1191
161
168
416
449
269
478
670
383
386
200
885
388
679
819
261
294
703
166
741
512
339
724
312
1065
313
570
203
730
278
481
801
469
238
864
914
167
369
244
306
817
141
369
457
774
2408
201
396
370
624
254
485
688
1520
893
649
486
403
377
459
850
429
890
1127
855
541
745
300
1153
219
1868
983
480
265
348
539
259
382
1277
638
324
622
572
1651
947
737
861
461
561
529
348
210
226
458
921
1374
313
447
708
234
185
400
1269
773
447
1606
351
234
271
518
280
1033
639
1638
230
378
371
289
565
543
503
422
407
248
338
1456
399
343
303
537
2715
242
202
254
257
1047
686
1134
330
928
394
407
929
360
670
298
580
355
1681
857
429
180
1340
700
230
248
196
649
907
196
369
463
258
592
376
331
532
647
435
571
2228
395
364
615
326
587
346
376
495
623
638
802
267
631
608
981
442
278
525
762
398
283
423
557
809
501
288
956
606
271
286
354
230
781
257
264
175
198
1077
334
384
728
816
332
514
243
545
276
522
250
1376
807
507
334
621
525
350
209
468
318
951
276
564
2119
353
770
437
588
610
312
329
202
164
249
729
388
619
1536
565
505
1809
220
1299
1645
544
284
492
615
451
869
755
397
265
873
342
456
539
431
227
499
257
810
398
320
566
619
717
734
662
391
256
273
671
349
676
350
238
567
734
366
166
274
98
278
224
456
409
283
754
252
458
1635
524
551
440
242
362
795
441
369
289
280
1451
229
793
743
191
495
674
940
536
547
457
912
844
581
496
614
307
705
405
741
906
697
335
746
185
638
363
657
641
905
957
849
433
559
867
229
569
343
246
555
860
452
1267
2630
608
1626
292
223
2309
1170
378
993
483
451
642
240
450
701
975
280
527
651
753
457
547
282
979
833
343
794
317
378
1087
538
761
516
460
310
186
438
248
217
294
608
924
396
278
779
346
289
528
818
825
256
2628
541
982
146
1165
1569
450
705
323
745
345
264
317
273
829
320
279
576
318
573
203
233
574
628
603
352
485
318
671
578
439
483
304
311
565
667
500
840
679
868
213
1045
423
453
1047
817
643
657
280
440
369
359
173
757
202
637
823
327
935
1252
226
402
331
3150
481
2692
1253
661
664
444
824
617
395
297
417
408
602
529
894
247
256
283
644
957
299
578
398
658
517
591
520
229
422
2607
603
921
842
157
456
448
396
222
182
1232
338
419
673
375
455
873
339
513
559
339
633
2953
610
361
2042
570
642
221
484
271
382
647
140
768
587
292
1979
2266
1075
715
207
550
701
337
301
184
284
352
638
514
407
997
1378
1277
1261
485
412
629
710
663
787
300
880
491
638
155
1454
265
346
327
291
228
1014
749
418
730
1123
272
478
296
450
527
364
784
376
455
846
925
897
790
454
668
485
602
629
379
547
570
235
513
279
222
1228
432
268
170
317
466
327
279
709
698
904
409
348
1314
1650
842
505
684
210
413
657
2468
240
276
345
467
349
399
492
917
749
897
785
386
1726
207
621
220
342
485
1362
590
662
705
237
882
450
493
485
904
648
557
375
542
429
403
185
282
635
265
388
492
588
189
210
225
531
503
737
505
523
248
618
498
301
238
758
677
816
334
1231
530
342
172
202
295
771
602
232
859
841
552
808
239
305
482
445
333
520
388
440
614
518
265
254
282
262
290
518
324
482
887
569
538
246
497
1848
901
757
327
398
280
214
289
181
508
767
272
787
466
935
341
675
617
274
260
425
524
481
153
375
410
836
355
1920
630
362
2434
305
695
598
425
386
696
411
386
321
250
273
450
330
563
427
337
338
336
724
272
601
242
810
1319
352
397
308
205
414
239
482
307
698
299
1879
1124
748
989
471
1279
471
741
144
366
1467
1423
177
611
322
579
346
321
421
331
322
375
605
355
343
450
729
1413
238
637
453
414
512
443
433
913
181
189
963
340
371
1390
470
260
1031
722
839
554
426
394
266
252
283
1185
630
799
490
275
604
1290
173
594
473
363
922
193
939
379
795
932
212
241
254
2638
529
1768
278
440
648
713
953
337
227
259
932
990
1167
560
2586
208
1001
424
1067
400
276
527
380
655
616
644
806
294
307
309
281
538
472
197
661
211
477
285
467
213
538
849
573
353
264
813
466
208
460
1011
266
426
1204
508
559
711
457
398
462
196
444
449
474
459
199
964
912
258
419
408
309
1301
847
302
737
237
473
378
281
511
553
325
594
197
355
854
874
484
402
486
314
1353
1089
194
844
409
1633
356
1188
197
445
374
247
716
529
261
303
1011
296
853
491
290
388
1604
160
364
1943
841
652
526
393
184
530
1189
875
1074
204
281
620
473
334
157
472
211
333
376
1916
453
646
486
527
750
757
528
935
248
650
521
217
353
454
878
314
1153
206
1425
606
716
707
564
128
847
912
1129
483
1978
288
456
796
1399
462
684
829
294
494
1232
426
589
273
268
303
1013
204
164
770
104
197
1231
305
356
258
379
786
195
707
562
1283
278
1183
1390
956
405
267
719
572
707
672
577
456
451
3058
484
484
480
275
946
414
1244
188
551
245
342
566
701
1364
451
2726
654
282
2106
486
437
917
303
754
660
819
374
897
1201
1081
984
231
1111
490
592
349
740
1796
229
151
164
365
268
216
788
411
267
477
606
1112
549
370
350
328
524
426
443
1525
173
734
370
712
475
715
681
956
399
428
1935
311
510
484
755
257
1022
200
327
1600
431
630
253
236
705
421
414
559
714
469
579
352
225
177
309
218
468
337
581
324
269
634
142
175
693
344
381
240
256
414
1088
510
1065
250
921
641
478
381
310
428
573
712
916
552
416
470
314
814
376
262
352
475
309
436
521
448
923
495
2340
435
259
329
1084
215
583
401
308
359
440
1122
367
2466
635
1054
2150
461
395
228
573
269
594
409
1221
445
333
376
648
874
543
580
460
786
1218
944
441
563
441
403
318
643
1200
563
426
421
482
197
395
475
351
593
695
375
611
610
513
275
152
495
930
420
590
243
641
641
466
262
675
1398
342
358
405
489
788
835
385
649
349
1200
470
288
230
207
686
596
1043
264
183
393
181
105
213
504
1198
599
391
358
1191
411
327
488
545
300
220
720
286
215
362
1209
778
197
805
396
470
155
188
459
448
566
956
485
520
546
638
801
390
98
293
892
222
304
186
1273
502
441
296
1533
262
530
145
574
1193
710
1585
419
377
506
570
489
678
503
745
1279
276
1216
1908
485
482
339
809
557
489
839
927
673
271
537
232
509
422
724
439
480
717
1342
189
485
258
448
662
424
293
561
647
2752
179
337
336
571
717
1779
630
649
1562
156
554
514
371
650
2935
638
504
409
2215
842
660
157
456
594
843
459
353
403
474
1408
251
185
292
413
1072
1246
342
284
803
418
217
2465
545
273
402
401
643
283
1295
830
422
955
238
626
664
443
390
292
202
1171
434
261
406
797
2030
297
512
259
962
261
887
1021
299
379
630
367
333
240
610
450
389
365
766
634
993
258
847
566
565
1469
1254
253
391
209
623
314
586
418
391
435
660
1446
451
376
637
220
260
346
1107
497
543
206
195
1028
292
346
632
362
502
1741
990
465
784
963
165
388
697
2812
519
367
508
273
393
455
289
1675
432
621
345
629
193
278
553
453
1684
529
531
341
580
2019
549
564
1164
376
293
519
446
364
684
390
166
511
341
234
223
447
1084
657
310
623
805
489
383
205
338
554
229
678
1470
1679
1336
915
285
294
506
521
291
429
229
577
175
179
1265
1096
332
1016
878
253
691
963
1985
402
365
947
443
374
287
255
460
2241
514
351
261
389
235
575
362
374
797
847
509
542
874
247
459
1254
692
430
728
143
629
229
541
395
465
224
542
293
341
363
207
453
356
435
316
222
869
268
458
316
873
694
612
671
204
222
347
233
278
339
1041
1181
196
334
662
1010
535
174
387
342
320
295
491
1745
545
280
412
356
437
2274
633
802
203
214
787
1542
488
1230
260
379
386
1692
407
379
249
391
577
242
1944
1085
253
345
728
212
598
309
272
548
2054
292
742
664
227
503
405
383
935
306
424
815
246
299
197
574
364
1082
329
300
3946
520
1865
161
365
472
192
418
244
232
248
323
244
295
249
2430
354
1011
1092
179
418
797
3020
1193
492
518
1423
391
610
242
525
522
256
470
274
566
533
227
295
699
381
304
1351
1032
390
361
265
564
558
194
568
477
396
1926
718
151
278
479
664
529
211
702
223
591
324
242
402
935
327
436
377
539
365
420
294
422
318
411
508
446
380
306
302
230
422
764
691
210
408
568
2295
471
261
618
474
533
340
294
269
490
813
297
297
706
404
1753
313
1504
478
1022
582
806
722
820
965
345
391
325
252
471
503
229
428
625
789
235
276
1789
280
755
397
196
566
181
462
844
1078
334
382
603
358
1509
729
436
1327
450
177
682
495
568
860
921
941
611
2458
771
366
330
608
500
407
387
439
1949
289
433
505
384
749
1072
186
1807
304
516
195
494
1022
244
394
2631
637
538
440
632
337
259
169
497
255
178
395
358
171
718
899
1633
297
224
355
427
207
512
351
1022
207
1245
1262
547
475
685
1250
319
354
439
263
701
327
400
308
481
491
547
452
568
862
286
462
595
258
469
331
180
607
464
671
538
485
228
872
1508
526
213
579
635
954
397
253
1257
588
366
342
409
336
335
150
631
770
195
1116
314
569
765
741
399
2035
1066
390
656
317
546
1242
385
502
387
268
922
384
921
409
323
1117
506
517
462
455
383
523
2004
2350
1153
724
390
480
315
859
489
1235
1007
353
211
245
1482
549
605
519
2044
330
255
282
314
602
225
540
306
247
813
390
528
223
1036
997
278
280
552
238
247
409
541
414
817
366
679
2486
1024
407
600
1822
472
593
304
317
1324
944
442
516
1338
810
398
590
1478
228
458
163
145
251
408
335
1075
453
620
228
565
858
649
539
448
293
393
1549
562
424
1309
707
299
643
1132
263
419
1202
161
1322
304
782
493
1330
582
393
1160
344
1886
803
457
267
885
404
144
306
210
225
283
279
299
655
740
492
722
424
628
377
365
1911
129
279
831
286
691
230
328
201
322
663
225
366
254
371
732
275
501
249
191
539
262
356
947
468
1407
874
641
382
370
866
1867
1539
367
309
191
1837
1141
408
317
779
342
512
742
893
720
673
344
256
1050
1090
525
718
212
389
748
238
1712
462
539
1040
583
211
400
642
967
1120
540
720
164
334
587
521
671
323
393
322
703
1124
708
644
604
503
178
404
944
383
715
3107
650
697
461
147
283
497
691
1708
184
691
498
880
283
694
575
368
474
632
435
1398
582
540
338
484
1125
238
393
407
465
506
415
305
777
1579
274
382
547
457
285
675
316
616
383
845
305
923
246
255
1659
488
601
415
322
333
554
284
972
381
575
777
386
546
571
676
336
260
350
1235
621
655
902
723
485
172
385
293
276
361
402
513
492
409
650
302
487
544
1920
1145
1013
257
371
307
675
497
469
1224
783
313
398
318
701
443
537
523
674
315
290
501
271
236
539
174
271
652
330
523
311
318
191
1351
439
835
594
275
410
236
571
285
296
1227
739
356
916
588
669
493
457
524
870
333
255
193
437
738
746
709
138
185
712
616
994
478
608
278
369
485
260
1128
392
903
605
761
255
272
528
843
309
259
340
176
575
980
1243
282
265
285
526
437
315
1612
462
271
625
736
675
440
1359
645
613
819
208
530
296
469
454
432
712
701
483
480
469
174
474
630
257
1359
1060
1036
546
390
709
497
446
485
588
335
918
471
194
939
331
430
333
414
1555
594
1228
363
556
516
698
275
469
567
946
451
1991
506
516
331
429
160
695
539
365
386
453
135
878
386
316
539
547
500
306
354
180
586
477
355
1308
529
826
404
716
453
223
436
484
817
336
445
557
245
584
117
425
245
619
1003
527
509
438
369
1383
238
1998
779
1215
196
422
314
602
435
574
635
336
988
391
1267
392
642
583
356
492
303
216
362
161
313
871
639
572
285
530
192
696
254
604
268
322
503
466
533
289
1712
346
418
519
632
735
256
457
489
269
286
324
930
279
603
577
869
382
526
509
304
1757
250
574
252
395
474
241
636
1333
1003
396
379
521
502
284
2784
475
227
371
207
903
581
1400
310
672
446
183
267
491
1014
203
184
203
2272
545
999
438
432
321
709
433
749
743
784
354
573
476
594
427
746
387
691
175
306
754
570
1465
690
331
235
385
577
432
238
183
403
582
223
454
437
757
352
1467
849
569
386
224
421
278
958
433
394
397
963
536
1206
700
1178
791
658
340
346
990
331
1083
415
368
165
310
2261
319
1179
468
272
397
626
361
459
753
1466
257
408
502
374
378
2624
435
390
225
277
596
262
585
366
307
224
424
275
638
284
1409
322
1413
263
414
547
150
457
382
256
287
542
424
563
124
436
915
164
463
622
193
438
579
763
321
456
152
337
329
669
300
227
1132
2198
510
273
471
1959
363
562
644
1053
441
410
340
311
322
1234
494
634
517
169
687
2011
460
1180
1080
946
587
190
568
262
360
313
253
663
355
2631
787
654
538
605
463
1375
252
574
238
1459
578
714
458
489
1898
863
517
971
1064
766
890
801
607
468
1934
1638
452
1551
710
244
609
630
527
230
406
725
163
998
203
523
441
1080
450
418
1701
588
451
377
1097
667
381
538
1671
257
547
386
436
197
303
1046
462
1747
178
267
315
317
607
801
197
439
367
168
836
500
742
868
529
499
491
414
507
323
297
401
759
608
593
184
348
319
1428
283
529
936
535
226
656
628
809
231
334
922
555
555
576
757
446
484
501
1319
493
575
318
335
1150
590
765
262
3140
739
1064
223
295
454
567
359
235
221
353
199
742
831
967
1284
955
152
680
658
709
2102
946
618
508
371
476
385
351
249
214
292
1599
493
932
375
498
362
726
362
577
695
321
167
305
411
392
559
1325
430
563
166
360
641
522
383
466
1215
1020
677
596
386
195
1631
346
1380
448
419
282
1113
2435
656
237
166
192
432
1861
265
1184
974
587
519
868
465
1010
1152
352
331
195
622
577
248
561
247
961
696
347
309
190
214
667
884
324
1052
483
1425
219
919
261
512
945
730
619
162
284
252
742
315
773
252
577
690
465
325
1060
657
209
198
578
510
626
1411
1364
574
384
374
697
438
637
432
737
255
1129
310
1309
780
177
158
492
741
402
1220
268
643
565
463
368
295
277
550
478
306
491
321
481
624
672
1239
398
765
353
1238
436
1094
351
884
359
394
392
295
1395
249
774
517
734
1180
896
366
536
321
1690
926
651
619
262
583
443
501
564
312
669
403
258
505
1870
191
516
392
178
385
645
412
1075
606
631
812
1081
468
389
256
471
616
202
501
287
212
3577
497
244
962
311
558
606
446
234
391
738
515
376
377
361
2161
1299
2328
295
492
760
218
501
597
790
616
362
217
929
365
208
623
336
1393
481
460
274
343
439
909
786
1097
915
1304
384
880
458
608
440
675
316
259
410
461
327
597
933
450
775
218
1136
1613
425
691
418
843
819
398
346
237
485
717
269
1140
368
1272
568
288
315
532
406
268
158
883
246
459
456
355
430
530
467
648
285
722
770
1721
657
260
1208
207
493
2355
438
371
468
531
220
772
437
269
846
234
554
634
871
135
121
425
354
367
1186
775
706
579
789
170
473
472
350
456
489
2492
1214
372
573
508
954
777
1381
1265
985
639
389
1986
227
248
700
542
391
554
1082
703
600
259
228
366
790
572
913
262
433
404
2020
446
463
212
295
675
335
821
1814
443
673
631
523
584
778
364
1058
1867
400
485
204
256
252
585
300
2274
779
590
223
1130
449
399
723
423
389
412
242
678
277
462
728
527
494
808
801
252
673
528
585
340
270
455
370
188
256
372
246
464
628
405
3729
341
387
1374
853
889
2188
501
556
1962
244
461
421
514
735
757
473
259
473
740
193
313
389
949
913
210
532
829
402
600
489
258
476
291
981
147
183
590
736
2075
852
911
716
869
248
1266
3796
257
937
236
175
723
579
523
314
489
286
382
715
161
239
377
1264
549
972
239
611
395
487
1303
384
1112
290
305
258
738
837
526
283
371
552
520
220
419
703
238
948
1261
450
743
782
199
321
439
235
254
326
638
527
336
288
632
271
436
668
327
775
481
243
277
475
311
341
623
438
2331
300
199
349
972
584
276
2534
229
579
420
450
396
368
239
1060
276
360
641
292
410
199
282
1933
720
3890
472
752
170
808
5092
2333
475
808
166
547
599
1224
325
231
330
448
201
848
1365
279
369
394
377
385
717
334
298
624
178
441
372
352
434
527
179
494
466
405
119
264
532
261
807
367
481
1422
278
260
530
564
402
863
440
218
172
393
354
1199
244
772
864
335
352
384
239
1832
617
718
404
468
1710
586
187
251
541
224
210
689
1638
505
1153
349
332
430
179
179
190
1008
436
284
698
513
959
199
476
340
913
174
835
1202
398
1373
350
475
464
199
834
298
432
309
1199
289
849
558
368
290
289
1922
350
373
657
256
634
779
438
1328
358
656
1274
576
210
307
274
1022
661
371
1001
849
359
718
430
396
672
402
330
425
486
174
336
545
250
1016
690
810
184
589
1342
301
213
406
642
338
1482
1149
432
280
359
821
1102
770
675
1094
237
670
287
552
851
375
1135
184
1385
215
1005
1181
835
939
471
991
272
989
345
344
358
635
329
297
200
388
2712
414
948
132
427
305
124
427
397
433
415
107
1917
383
491
1220
443
608
3165
582
1540
400
605
574
904
273
464
491
477
471
177
178
515
301
391
401
411
361
845
217
482
287
940
222
572
156
785
208
410
1244
342
1239
536
793
383
833
1091
1125
362
221
414
511
561
205
527
308
777
1546
281
248
789
461
459
235
477
673
228
451
387
299
300
523
192
739
411
485
661
586
857
886
588
248
342
527
1914
209
822
217
568
459
198
594
365
355
507
303
1018
754
1329
399
547
456
2161
485
316
386
314
652
646
1813
310
298
476
126
2272
1020
650
184
853
414
648
1082
215
294
1414
543
690
246
797
361
296
344
546
317
209
353
659
707
379
1895
314
440
246
419
284
572
558
431
566
569
1217
354
187
496
1398
595
418
895
1997
352
865
1319
617
316
232
281
382
158
1157
408
461
187
372
353
518
717
619
743
659
728
1222
304
719
1062
459
667
1060
329
670
701
664
536
292
357
612
898
541
407
520
302
388
455
791
476
535
2217
607
190
1133
362
203
248
828
2096
447
316
430
374
599
556
715
224
760
708
859
803
410
2913
416
413
237
441
239
389
368
529
559
1046
329
377
423
443
333
272
643
366
246
451
325
535
235
216
576
219
496
342
305
299
1004
282
257
319
586
536
381
276
317
602
764
175
342
529
286
414
341
352
183
240
314
648
1087
1559
205
1136
328
309
258
809
376
468
460
668
287
853
622
238
707
520
201
482
1602
390
301
741
1158
480
865
528
790
494
609
870
611
367
362
483
456
363
414
910
506
743
386
358
420
608
547
935
486
807
290
315
320
277
605
584
497
593
782
868
487
494
408
732
482
198
434
239
952
371
491
281
263
264
503
331
791
376
313
515
819
693
284
599
448
408
656
246
368
1934
713
277
468
186
388
536
321
269
498
488
1963
583
275
413
1173
286
730
244
317
557
477
1318
262
470
587
427
265
945
1194
221
441
655
253
410
1179
452
290
745
458
262
547
363
624
224
290
379
586
565
1040
461
505
921
543
1160
433
454
278
301
235
976
927
507
1036
185
910
294
588
361
776
1344
308
250
198
293
216
265
369
186
207
675
383
262
725
381
380
404
447
435
397
995
373
747
882
489
754
1853
466
349
908
118
391
705
2911
553
1006
652
533
259
288
822
461
574
544
271
374
534
1089
1440
591
344
568
473
310
293
560
410
304
594
282
453
243
418
499
372
713
923
258
340
256
802
606
654
353
299
271
224
468
626
425
364
674
318
1272
650
240
222
571
268
211
354
858
1083
397
648
520
491
477
484
384
291
583
744
482
226
4996
718
262
890
1199
268
1106
757
678
367
1092
669
392
516
271
739
208
610
175
715
619
2485
475
363
278
902
346
1209
461
645
273
350
433
392
643
342
258
784
330
338
618
378
3076
2592
433
496
574
276
321
1273
1099
1195
159
471
939
648
642
234
165
516
227
336
520
566
321
837
258
501
556
955
448
832
378
1014
691
884
2101
759
410
678
543
185
890
583
429
207
424
283
439
1389
397
1009
1410
668
256
202
190
549
616
543
533
1301
1027
334
864
333
174
477
614
378
477
351
440
571
1211
299
336
1164
589
189
1094
886
1265
865
432
571
342
444
245
263
488
154
329
387
923
732
523
635
528
936
638
779
994
252
259
454
345
435
424
1799
254
240
437
285
1317
768
441
760
1026
797
329
439
249
535
639
415
210
348
307
237
757
545
592
714
325
389
709
684
178
457
902
369
176
1363
159
1775
548
485
758
440
1696
781
959
354
382
315
1325
190
695
659
443
435
619
690
268
453
443
670
929
220
688
225
1588
562
200
546
216
276
439
463
455
632
386
306
262
934
198
1825
929
443
1054
142
776
482
633
166
522
258
376
609
785
386
1394
636
1134
158
675
1051
270
849
352
271
694
1706
292
612
711
436
193
412
916
576
589
1188
397
380
476
206
274
543
637
299
535
1377
333
1639
1003
394
790
183
496
785
307
880
507
795
282
738
570
477
364
271
285
375
304
710
779
262
279
603
763
417
441
377
425
297
416
217
177
365
386
479
1015
517
265
440
757
205
561
577
433
529
549
202
533
439
559
255
637
681
323
467
1555
400
439
687
424
583
1269
417
348
1564
151
404
280
1424
339
243
787
294
166
800
752
496
528
823
502
1244
557
464
547
639
423
243
260
646
480
423
665
765
270
1573
221
980
842
1006
342
829
681
770
379
665
481
884
685
779
660
538
1649
609
518
664
1923
310
514
579
1147
404
419
186
565
560
473
636
409
598
230
1329
331
574
476
471
809
218
185
623
322
735
1179
1471
459
1372
619
1049
511
512
1962
141
294
481
983
414
673
457
223
357
304
219
580
472
173
578
767
663
912
790
1271
427
1473
435
490
462
427
722
901
508
591
486
352
181
295
569
208
260
496
575
902
780
225
285
942
172
776
903
302
718
788
683
300
544
767
436
781
1229
512
410
268
275
247
463
1352
1376
451
2105
278
1410
3262
595
2458
1353
1409
990
307
180
489
652
843
650
928
1555
541
417
368
656
232
274
247
738
1023
943
302
1245
347
397
526
259
329
333
579
998
432
466
361
417
616
372
399
369
672
671
191
708
561
450
425
323
377
490
1231
1657
483
776
236
2768
334
689
295
1940
240
368
1350
141
235
397
369
709
119
451
610
240
740
369
428
176
268
591
712
193
430
591
307
391
262
372
536
225
563
458
502
505
324
571
880
1660
445
891
580
221
601
197
430
474
258
244
230
269
564
293
579
1565
175
354
418
812
567
511
1784
266
697
1828
894
352
283
227
358
475
262
352
685
226
718
973
542
738
489
691
423
581
519
350
419
208
526
232
840
1025
489
229
1239
378
616
270
1743
209
141
2790
513
544
456
424
810
325
228
456
425
434
173
1286
474
734
762
324
454
1387
991
344
261
400
253
734
691
316
531
962
400
1070
2072
2028
328
577
487
339
605
1305
816
447
585
315
372
583
268
1253
750
361
472
351
281
1151
584
503
2036
287
1273
178
299
257
244
277
412
313
534
761
2207
491
435
322
426
552
397
841
838
1558
221
754
167
669
256
279
230
2482
1075
215
390
229
707
665
355
271
923
581
394
233
287
287
279
461
229
200
328
1335
733
949
531
345
253
662
490
283
253
259
501
243
209
1249
210
734
1507
425
289
1398
829
1497
230
910
206
485
236
350
215
457
414
2951
141
394
395
778
387
1012
369
571
653
609
177
359
2874
186
341
429
312
426
220
983
240
215
382
354
535
1588
550
418
661
687
560
365
508
737
148
646
409
247
687
338
900
170
463
301
287
253
439
690
1235
622
1023
240
870
653
432
353
502
606
639
490
181
109
1036
471
191
1534
768
457
731
489
215
901
797
666
218
738
627
304
746
388
825
734
508
1809
360
475
757
293
1594
3305
1088
219
239
430
373
383
1241
358
251
421
1090
1781
503
1460
327
468
613
261
568
426
424
1082
588
646
367
382
283
559
990
628
125
239
1489
337
358
367
676
463
499
250
1603
954
265
352
993
703
408
1079
608
441
1081
302
322
248
259
435
1497
438
1058
715
1443
626
630
582
435
454
200
344
753
612
584
348
161
286
361
269
291
192
808
619
1918
319
624
303
487
331
288
692
420
900
538
572
360
204
424
751
889
787
420
284
710
297
265
536
228
470
647
359
552
814
1001
360
461
367
325
1475
367
2247
238
546
959
362
423
484
471
527
347
1572
318
272
269
790
296
1456
582
448
268
799
573
1819
516
790
277
1624
598
426
2603
291
1909
837
600
710
189
1177
482
710
2225
1119
240
239
543
877
316
620
316
470
1133
248
497
428
810
282
322
250
1047
913
337
291
373
388
746
287
532
457
253
427
576
1069
184
476
544
414
767
294
611
407
301
407
163
252
929
329
543
840
414
432
583
335
231
315
965
728
784
1225
1308
1653
308
560
221
1743
303
710
464
519
340
774
313
489
945
360
391
254
452
302
363
968
449
493
197
281
434
499
467
1175
725
422
1378
192
537
495
255
178
600
794
511
369
361
198
3605
668
811
666
1257
557
758
549
950
367
540
684
228
381
795
268
444
302
426
573
1522
2796
448
310
438
266
248
491
556
282
966
572
223
507
1055
1167
234
261
881
525
341
259
1464
409
487
244
297
816
2346
266
192
1041
189
444
176
309
210
405
677
364
389
205
716
426
2283
407
328
759
768
361
362
606
623
390
896
718
283
174
298
491
491
491
481
685
1015
664
353
288
1375
1020
194
580
572
428
1552
294
263
454
3310
413
499
755
1671
451
353
477
209
434
913
172
476
342
239
489
470
250
569
304
297
363
260
583
300
382
1017
186
280
373
316
380
375
291
199
571
685
375
545
315
1753
435
408
228
1141
589
2584
188
428
1461
335
240
748
420
307
1622
198
539
332
829
240
584
395
887
470
489
282
2864
873
419
214
307
550
560
167
359
420
241
632
506
1070
1282
489
535
388
1135
283
342
393
707
176
347
801
235
315
270
885
518
277
557
1012
660
301
2024
2719
1015
804
652
403
473
468
279
2787
254
521
530
294
570
447
316
431
1046
507
266
511
544
244
315
422
153
656
422
668
581
319
241
549
859
520
376
668
662
1467
122
1184
742
1866
947
441
