973
2207
2505
367
315
333
266
1132
550
363
1910
615
737
272
611
372
407
756
1167
269
394
297
277
371
518
367
999
297
531
284
396
1039
901
313
2140
706
1390
1203
290
2863
430
593
284
430
144
700
273
769
266
456
400
355
645
417
431
263
680
871
334
811
558
694
787
767
392
534
565
282
604
334
504
528
428
215
903
227
252
1083
474
386
2628
634
527
212
379
446
881
497
480
678
813
220
365
849
508
1058
380
179
707
908
1340
1215
2074
318
271
582
215
271
240
651
456
249
562
624
293
520
971
562
286
376
360
3189
1043
471
732
356
393
287
595
398
356
157
355
691
138
598
327
327
518
169
723
664
289
383
710
338
271
493
452
521
395
505
804
598
230
247
361
598
346
442
1415
727
442
539
930
186
360
816
423
496
210
324
294
874
401
440
578
327
278
558
794
904
418
203
479
828
551
243
446
528
1076
330
338
511
673
917
366
979
373
366
567
593
509
440
632
729
409
501
197
247
229
317
318
925
465
403
366
986
410
258
396
388
1265
615
1090
369
620
312
252
577
299
492
405
776
400
475
434
397
689
211
247
1662
880
436
604
395
593
1982
270
301
958
416
552
774
833
952
219
327
1132
418
923
735
912
899
400
488
1717
506
1190
2158
327
248
536
190
458
374
718
512
319
1158
904
307
479
413
455
757
435
650
363
536
274
284
939
254
406
474
229
414
346
527
412
400
236
198
412
256
872
823
1235
440
564
378
674
717
963
457
672
682
633
1368
447
1074
427
275
317
265
604
395
266
202
1120
545
623
300
314
168
923
549
694
626
868
538
596
344
410
458
634
569
739
417
156
1419
354
674
385
334
315
286
1264
606
524
615
481
198
439
701
739
464
441
667
1000
969
262
1023
238
255
201
293
694
583
496
937
2698
860
514
157
443
390
466
579
614
316
215
218
275
458
934
1108
473
373
326
594
210
697
239
895
164
501
755
603
1552
785
887
932
319
341
528
432
371
399
851
1070
569
410
642
401
266
354
651
653
1182
1111
882
507
521
544
704
246
589
267
332
591
362
261
483
579
299
466
254
811
1833
829
314
841
196
624
299
969
1041
312
446
463
232
459
509
1015
349
633
1032
248
436
925
474
468
468
316
421
368
408
276
262
769
482
1030
683
430
600
327
430
239
415
536
952
740
748
846
812
558
278
558
709
169
443
1090
1453
506
467
626
570
569
252
669
265
430
745
792
881
244
305
394
456
948
748
985
503
343
608
545
848
1941
404
322
543
430
334
399
435
685
2521
892
555
195
257
262
655
279
731
451
222
501
939
185
540
224
299
1091
451
165
831
330
182
404
703
248
317
401
435
516
315
1031
443
240
323
770
525
1014
395
432
1770
409
274
335
538
512
470
302
333
386
368
591
318
447
2303
314
541
921
437
268
749
285
431
357
455
656
418
429
617
421
769
608
344
540
312
552
940
509
318
586
357
777
1705
472
1321
299
528
411
235
338
380
804
223
978
351
1171
776
1499
348
226
452
452
1356
362
1083
384
724
560
274
504
672
390
553
458
351
704
542
1137
289
589
569
1168
339
813
662
307
292
288
259
293
454
660
519
345
310
184
772
343
847
270
262
1569
551
819
814
383
599
195
281
655
677
540
289
508
384
285
432
547
601
265
950
858
257
374
415
601
175
794
261
344
447
349
572
324
536
849
233
546
514
208
425
623
478
822
723
695
695
315
270
990
292
457
688
386
460
346
494
340
499
286
462
581
286
282
1105
207
885
568
1487
308
711
235
458
542
622
452
829
375
865
278
468
300
1365
1993
322
284
349
508
474
456
369
659
364
700
343
1698
250
253
906
564
698
285
905
587
611
212
420
1006
432
419
589
489
216
561
991
637
484
281
708
376
324
313
399
391
323
254
598
225
372
325
486
175
397
217
227
398
321
562
513
295
283
206
294
734
1897
1287
536
505
559
538
761
568
1487
197
359
342
404
433
446
226
547
266
1027
796
346
353
558
631
820
594
308
759
1076
644
357
787
1787
982
385
489
1159
428
254
354
431
301
310
496
336
370
390
403
306
294
324
374
605
812
173
947
940
393
531
479
234
215
488
730
691
1225
666
816
563
1184
252
966
837
993
349
458
311
247
440
441
229
425
550
740
872
814
736
356
215
659
290
1095
298
581
454
288
438
290
776
200
242
402
350
802
938
946
337
386
610
476
328
787
580
204
402
1005
250
424
1010
397
358
835
820
689
954
1435
1266
748
502
533
391
554
752
1428
327
545
359
527
1220
254
289
457
1104
951
475
730
680
273
1445
187
346
270
210
340
660
184
373
311
561
2401
405
413
258
353
623
279
179
267
657
677
191
365
610
526
623
620
526
455
858
259
358
266
861
401
242
596
353
583
557
327
611
517
215
849
252
374
733
187
314
535
743
715
346
534
852
744
543
1072
137
350
1741
284
519
828
836
432
211
194
483
233
627
291
355
604
555
180
409
594
270
412
789
254
818
372
415
760
478
434
614
228
968
572
190
234
412
278
1160
323
385
248
623
672
306
542
337
265
409
393
1076
389
669
431
1123
1087
223
441
438
370
767
2606
1125
500
392
450
328
585
474
870
166
151
481
518
1310
461
1376
359
400
542
431
312
568
308
388
518
1520
417
362
331
368
434
601
239
385
488
450
837
262
933
1006
966
957
259
446
878
960
647
325
368
234
463
244
345
586
300
378
1465
1186
326
735
418
715
308
737
212
257
150
223
500
324
298
422
491
673
245
455
569
1045
285
622
444
511
366
786
467
427
1369
394
323
395
230
371
373
390
332
355
636
531
281
701
471
302
711
381
153
342
959
185
600
177
207
431
722
221
824
417
1097
420
785
578
535
563
362
395
434
297
632
701
381
335
602
243
637
489
805
349
506
858
730
678
415
328
278
212
250
257
845
453
312
410
629
250
311
364
2401
294
819
408
245
221
281
685
331
224
254
242
258
318
378
416
134
918
618
1511
738
491
166
746
908
637
486
171
430
796
310
519
1916
432
366
667
732
545
355
385
245
632
253
607
555
341
457
341
876
760
457
640
732
558
448
360
1502
1074
1471
329
321
603
704
307
417
640
689
449
290
383
256
446
394
400
596
560
835
391
918
1137
500
666
1700
299
221
270
922
469
501
265
567
534
377
449
858
616
1723
237
525
319
241
609
181
445
564
578
299
440
282
448
1303
1402
339
461
428
1016
307
326
397
346
323
703
855
743
450
397
657
272
420
525
603
739
574
564
698
431
441
262
352
804
406
296
497
689
459
398
513
362
409
548
528
664
637
253
454
433
605
916
375
805
821
392
494
742
553
344
416
1902
864
734
398
538
230
1298
494
561
395
193
355
505
1083
633
391
422
299
429
301
320
397
382
567
280
576
336
377
1233
1486
249
692
872
622
556
602
411
767
402
725
509
1066
229
603
1043
914
757
250
308
755
362
690
751
314
419
325
956
299
370
389
315
558
643
395
661
654
772
254
927
286
635
564
415
960
283
338
556
673
472
463
414
357
428
606
1223
1849
552
644
1601
382
551
297
451
422
1132
234
528
610
502
551
585
823
414
1115
486
325
630
458
812
1080
272
518
1382
897
294
393
595
439
264
335
416
415
221
218
766
448
421
212
609
527
407
1018
792
339
524
748
592
338
498
1209
382
289
327
327
410
595
359
453
369
243
364
291
434
472
281
255
221
514
628
559
1438
1053
400
196
232
638
306
733
540
251
766
295
2468
444
419
705
994
536
513
768
762
429
936
607
1122
280
432
787
363
476
661
626
300
793
297
415
993
186
546
1043
398
544
445
631
408
296
1019
721
315
319
859
810
523
988
1010
257
557
304
608
1243
265
309
349
426
632
567
480
463
483
244
416
443
220
290
244
1521
889
547
469
281
602
588
713
788
1142
269
496
238
1042
353
234
1015
679
873
486
382
535
511
545
662
940
1231
254
497
313
527
963
509
304
1083
1162
535
483
275
406
514
681
316
420
1192
314
825
422
677
265
277
656
522
470
934
498
690
316
830
365
152
530
368
389
497
214
375
769
254
452
502
323
506
408
502
278
910
369
444
406
960
363
442
348
268
252
954
570
379
250
318
1200
513
617
1158
565
777
840
798
401
218
1264
315
511
594
1199
1974
940
736
604
1043
296
452
568
680
400
299
290
443
198
1089
463
676
484
215
273
950
455
870
315
381
839
386
559
485
295
588
807
549
246
435
570
624
277
574
665
508
753
386
1231
489
436
245
422
439
561
800
272
507
858
313
431
602
331
234
380
376
452
366
435
331
412
638
952
1004
533
507
468
311
615
639
265
601
883
296
1000
348
505
318
656
391
916
260
629
297
474
496
346
1640
970
141
463
776
549
783
418
508
328
579
499
460
255
411
268
370
615
382
438
425
192
392
707
617
419
1067
689
1111
578
266
315
279
491
444
302
1140
355
315
510
1470
201
1145
577
1315
664
566
377
277
375
455
847
845
530
312
1064
326
401
798
802
254
535
524
461
539
1099
611
556
645
557
467
373
406
606
826
561
244
272
319
412
1215
256
307
235
220
652
563
555
795
571
322
701
582
403
470
433
664
183
339
482
383
531
470
515
246
646
798
257
897
502
826
273
327
921
226
560
495
539
265
448
279
1090
219
520
183
493
737
522
193
2059
281
771
968
693
386
464
891
428
373
613
359
457
399
573
621
1872
214
219
1355
679
538
675
427
361
352
1304
334
678
522
529
289
381
158
321
148
509
221
178
290
187
452
1968
539
746
299
391
1883
210
508
825
874
510
265
372
579
661
401
534
585
249
806
737
442
540
908
704
644
283
1061
148
944
355
605
1168
290
333
313
419
317
751
354
672
635
515
358
1199
333
295
504
299
1337
777
204
392
376
450
259
587
323
847
507
605
395
527
395
319
512
292
825
323
886
460
273
652
514
215
861
992
278
370
328
728
500
570
2905
383
2721
658
527
313
203
344
956
684
583
970
307
333
907
470
457
963
536
796
1008
588
1063
380
508
1147
726
1387
594
379
826
440
291
884
201
354
449
1752
339
404
207
233
359
874
359
583
573
217
673
726
1264
306
339
1086
1400
2204
748
213
295
320
215
805
367
347
298
646
769
300
328
705
454
464
445
1673
421
761
488
443
1179
476
296
467
375
1954
491
539
659
687
249
243
470
861
293
442
477
305
600
449
240
397
573
657
1574
342
283
475
279
353
412
229
483
251
793
391
508
333
879
500
327
418
325
349
247
659
206
141
509
808
735
336
492
245
419
341
386
369
238
581
756
365
214
293
591
532
1098
668
147
741
506
847
500
370
366
235
877
782
288
571
600
290
710
1203
469
498
391
447
483
526
315
926
251
277
242
277
393
680
363
600
881
425
308
262
324
743
437
724
631
496
717
351
450
728
525
400
1079
649
455
611
482
362
587
519
506
430
773
625
880
576
526
307
486
749
438
1398
561
455
680
220
546
259
439
749
381
469
511
1140
228
415
401
741
456
260
340
992
734
542
595
593
625
555
124
431
325
510
241
200
1772
588
221
389
241
1199
250
512
322
306
417
214
693
252
369
523
432
1091
260
238
278
1053
692
812
300
592
494
606
504
299
416
394
430
599
268
946
235
444
455
437
1013
609
484
837
751
1145
465
1042
330
771
476
307
571
747
745
254
465
303
435
446
425
1730
667
185
1077
961
691
420
2066
484
704
573
748
339
420
878
713
690
1851
381
1144
597
246
741
1496
476
621
755
213
640
468
195
593
781
319
1437
562
345
701
792
426
621
914
257
637
191
1053
308
379
244
417
514
251
313
732
507
465
167
615
589
639
744
298
654
271
338
857
216
604
271
505
413
320
243
283
628
271
404
199
318
595
278
929
280
1141
502
398
419
167
257
233
1200
494
1344
362
795
398
1494
325
436
415
412
222
427
308
343
532
729
587
325
969
350
632
272
499
739
474
471
249
717
448
529
728
272
719
750
455
295
480
436
376
635
330
382
798
225
256
922
319
517
286
610
1014
880
398
406
434
915
275
463
1123
569
264
281
1501
473
463
182
338
330
308
336
652
336
1458
539
367
315
502
691
1086
229
542
564
459
513
239
845
385
658
311
730
457
610
350
224
594
1315
860
558
360
318
257
1009
211
1027
740
212
505
484
755
329
2096
1039
651
809
446
229
560
557
569
788
447
1014
454
563
544
637
534
539
635
316
393
426
452
413
411
546
392
423
308
506
853
546
324
1423
443
326
522
427
637
604
643
739
603
502
657
515
513
514
875
739
608
674
628
531
438
745
659
541
524
324
779
525
948
320
1059
439
760
302
373
354
485
700
230
1021
485
622
904
1456
790
1104
145
737
522
482
621
358
317
605
308
1111
586
284
183
432
557
286
712
333
347
393
778
356
423
1543
435
547
636
1022
563
452
708
592
969
432
555
709
235
261
310
464
671
442
807
370
732
238
288
268
1045
201
446
321
188
1277
246
630
492
306
633
565
406
582
716
318
1354
439
1287
202
563
761
823
730
456
395
335
491
212
363
677
506
239
350
151
157
868
317
369
375
549
339
720
274
588
534
352
308
226
239
902
526
359
410
491
396
384
245
172
353
647
459
397
935
1285
734
332
560
668
533
1542
191
324
298
203
343
497
270
554
455
953
918
1040
820
463
447
349
468
494
718
207
345
389
490
235
435
259
629
974
521
1123
429
351
475
400
308
904
1175
644
372
340
226
465
648
219
332
332
211
453
1697
491
277
686
367
482
232
359
740
596
332
1189
1481
1279
934
294
225
297
337
306
293
407
181
498
554
295
217
656
473
749
543
584
231
222
229
1248
557
544
544
299
227
917
274
648
358
335
303
1187
774
340
906
209
444
611
704
314
460
381
900
230
202
356
217
412
196
210
480
640
559
347
380
543
389
258
209
381
236
585
443
393
666
466
618
483
564
861
345
981
364
257
828
308
381
667
454
278
303
779
635
283
1152
336
311
523
219
352
742
709
335
1086
607
470
282
936
322
821
287
658
312
387
519
217
220
362
1575
372
270
690
827
381
577
510
1363
846
1207
378
685
656
2074
230
536
343
412
998
628
207
1760
1340
383
335
600
416
544
352
755
496
366
466
401
275
802
335
1565
341
463
1132
377
278
299
316
478
551
588
329
547
630
595
988
704
239
298
298
505
339
342
651
681
600
351
613
487
571
296
508
267
1220
530
261
479
790
332
966
458
343
382
1285
323
437
234
286
278
192
699
1674
530
208
322
426
426
1335
580
858
539
404
560
408
831
526
874
422
478
1106
480
329
495
613
651
331
388
400
522
367
438
297
291
320
868
293
567
261
450
474
347
537
510
1177
1105
571
2040
726
405
403
366
715
917
400
712
192
264
280
414
275
175
341
474
437
355
560
827
699
859
1006
293
472
1335
670
1339
920
376
401
1125
606
422
709
336
961
261
236
228
489
563
614
226
464
673
680
1257
338
306
369
502
796
364
815
219
387
487
443
785
815
949
1060
244
1796
651
689
640
306
353
711
647
232
601
311
1169
976
903
839
804
480
1047
778
363
194
269
666
364
800
673
531
529
1242
211
358
955
669
357
292
342
414
696
241
230
609
708
622
334
390
802
637
895
303
559
161
1381
1125
1145
587
410
1861
346
326
173
549
587
422
235
408
300
354
546
292
330
689
357
168
537
374
248
927
397
486
885
677
489
178
500
399
553
1042
838
360
476
333
368
721
532
1050
288
346
321
321
273
367
657
568
522
642
780
294
284
1324
338
622
473
105
480
318
358
2005
514
623
384
328
433
376
486
634
607
299
460
218
341
410
608
530
594
458
340
1000
251
521
657
687
346
455
251
305
907
349
1328
553
267
280
637
280
2236
939
228
191
365
740
681
742
465
393
549
243
679
315
354
667
562
465
1028
1098
720
732
274
285
702
607
767
342
1418
554
572
460
540
172
707
575
375
424
437
517
432
2085
532
324
1681
275
270
409
366
332
873
583
833
493
597
383
911
2415
752
523
316
1089
322
445
300
1478
531
410
2206
1495
193
281
291
285
195
620
448
895
268
590
499
286
463
387
363
607
318
731
406
208
1127
601
368
747
845
262
340
320
1563
786
497
412
469
657
576
282
297
298
999
296
231
1042
543
638
501
285
749
376
321
949
672
1749
478
395
717
403
902
928
750
338
633
629
318
690
698
670
201
673
719
515
700
526
314
375
329
578
482
463
370
1768
318
544
270
757
175
725
377
583
676
800
1381
287
474
328
465
702
454
334
367
531
1179
894
341
405
616
380
724
491
571
777
564
200
306
361
299
959
549
451
341
556
599
622
532
624
418
738
1032
499
855
193
532
670
744
297
271
296
469
416
642
487
389
381
446
961
255
227
519
528
389
927
498
801
520
286
242
363
354
1102
2204
387
677
332
192
573
461
713
625
212
237
371
440
537
414
197
472
328
375
1116
583
498
870
377
371
395
273
1014
433
490
416
426
357
1295
366
315
567
309
492
1373
1145
577
422
553
411
359
1556
315
255
774
272
816
656
464
279
778
510
308
521
994
766
293
497
772
411
1440
268
777
500
609
1367
280
297
306
336
1225
1139
203
194
320
360
477
1116
423
388
1159
387
510
218
301
485
264
478
491
338
137
292
514
659
305
205
1225
284
712
670
443
387
180
299
380
387
1110
556
723
225
3590
478
311
278
277
608
552
1255
529
308
1605
419
418
1345
277
370
458
166
1619
525
408
257
332
451
341
982
644
1997
254
382
732
438
513
713
198
754
759
577
462
215
495
677
400
1387
492
992
255
282
507
620
457
682
335
289
525
356
497
448
1903
809
1666
396
441
497
599
479
251
1483
342
368
590
481
273
249
506
719
513
173
268
467
500
976
642
658
232
282
2034
889
357
671
490
473
191
428
282
476
434
450
1102
509
863
382
592
330
504
330
1045
320
325
647
657
862
955
419
925
834
402
1451
185
366
633
303
765
381
679
682
526
480
891
560
384
691
548
401
158
318
318
884
306
788
451
644
1035
726
429
1766
740
565
666
650
680
730
238
203
322
403
638
262
652
996
1098
336
456
307
932
177
783
647
1061
542
411
955
359
327
255
1666
749
181
1112
613
800
568
625
445
387
514
263
439
503
439
1002
225
604
569
422
975
616
294
404
424
466
262
301
551
725
425
572
601
788
249
278
450
503
366
376
558
313
341
1802
1239
456
505
646
278
554
826
805
678
257
380
652
503
208
425
604
420
384
447
447
417
429
304
558
279
286
1731
338
798
282
412
161
727
254
269
238
647
290
368
392
392
2008
479
398
852
493
451
545
237
558
321
569
221
656
451
222
1439
332
562
1401
1094
701
1433
591
464
476
472
756
293
608
1023
281
458
329
346
468
520
401
247
215
1721
363
298
556
728
2826
526
1470
687
349
347
370
202
402
194
982
359
599
999
306
211
973
956
251
428
915
535
579
555
281
458
238
819
326
657
370
333
167
717
713
414
354
1313
402
511
656
389
638
266
400
940
492
289
392
446
281
294
266
691
385
820
337
1399
633
442
178
318
597
781
542
284
729
1094
597
979
628
597
254
434
231
683
642
772
717
1390
548
342
535
464
1492
251
943
402
591
807
570
323
477
414
492
225
821
246
302
738
345
589
382
614
357
551
440
629
680
740
600
421
571
352
569
473
217
436
467
790
683
270
643
645
1620
778
568
449
331
382
418
1291
204
615
1096
444
575
331
1021
694
304
811
1695
801
563
1001
1007
562
612
248
760
299
401
568
390
900
317
260
883
614
126
426
693
347
403
473
408
1131
540
774
579
401
502
531
331
502
952
273
1068
406
402
1244
811
190
342
852
561
358
491
409
489
1719
306
750
362
1220
1067
299
247
400
309
225
691
493
632
1235
628
307
369
1641
639
2319
386
800
496
582
579
1049
1762
307
248
619
405
1159
376
1460
503
700
356
578
1351
585
312
249
281
525
500
726
289
295
365
340
507
191
482
405
572
383
678
243
383
482
314
459
443
465
1228
316
800
336
378
404
227
235
609
523
791
191
244
305
903
575
633
524
435
445
302
267
890
888
739
224
771
266
1091
509
542
614
1255
194
594
288
267
227
580
763
334
506
690
513
702
854
352
310
280
793
1490
162
224
254
427
566
579
549
1034
593
673
750
548
697
264
411
334
683
300
505
2346
567
383
804
1013
511
1838
260
202
2644
478
348
891
206
626
344
879
626
239
617
307
1841
392
531
344
1279
898
504
444
302
431
1247
906
707
578
160
387
459
1469
310
542
315
956
760
358
642
219
507
298
289
254
321
1259
666
248
438
696
1339
382
588
315
613
513
632
351
520
606
312
455
500
441
470
420
650
437
884
229
569
832
759
419
379
424
958
565
867
364
499
470
204
440
173
294
1099
572
566
1290
348
473
426
254
485
381
482
465
487
535
636
485
614
357
374
869
389
375
1005
397
414
515
851
626
359
346
411
568
823
441
3354
1183
534
328
529
1178
831
459
490
835
385
334
190
1015
593
465
270
518
803
322
302
487
713
365
437
167
465
683
822
499
250
332
466
337
424
312
713
199
291
326
356
269
610
341
409
350
211
349
350
641
725
304
327
417
166
458
671
286
506
566
725
351
570
203
730
833
655
834
475
288
395
580
196
402
244
306
600
189
311
699
514
785
246
349
377
449
240
325
2563
621
1293
540
904
355
515
346
845
377
881
921
776
443
745
300
890
219
965
1576
618
283
256
445
295
378
896
409
350
1440
645
1784
664
427
253
362
428
371
325
214
226
432
859
656
532
349
1165
217
185
659
675
650
490
713
438
240
417
694
352
530
565
1879
272
378
421
289
375
575
391
427
392
217
581
1042
414
310
284
528
1695
251
832
254
358
987
807
925
332
662
617
679
1643
296
762
308
394
502
833
416
418
206
720
1575
260
427
298
341
341
254
1024
285
258
1059
231
344
676
447
754
464
1005
342
430
610
351
437
571
477
471
749
512
473
281
1982
893
1013
757
255
617
881
535
409
401
1755
703
1064
289
943
1002
304
365
392
232
539
277
560
214
242
1185
434
384
1697
623
379
481
298
873
377
555
322
516
922
755
249
460
683
324
328
792
318
685
212
605
860
359
700
504
811
634
312
378
351
190
395
1118
340
486
459
697
744
715
367
956
1731
373
284
609
615
578
585
801
320
209
778
271
306
539
445
227
441
256
1650
854
320
680
476
601
375
667
375
418
259
609
369
673
433
238
567
498
366
220
312
98
235
292
668
546
283
714
279
711
704
479
478
428
242
375
813
441
356
551
280
419
313
1047
971
280
408
538
1117
600
951
440
521
435
974
562
598
307
1196
572
568
911
831
322
539
309
1232
530
469
644
887
990
425
405
458
646
292
456
747
259
350
876
487
1233
1118
677
1044
902
297
369
613
188
321
727
472
884
265
610
1793
1553
718
505
781
1073
420
333
250
1016
491
445
1669
320
227
1434
543
675
244
445
605
316
615
321
254
340
459
924
291
349
862
336
537
528
704
581
265
1309
425
559
209
658
462
550
664
383
507
438
315
390
276
450
320
279
470
439
576
228
342
574
1068
484
495
725
353
345
942
446
365
405
437
565
657
508
449
585
1284
230
469
762
578
864
399
507
697
494
289
376
323
249
709
342
731
670
327
911
1248
226
231
558
883
566
2279
1767
570
661
444
604
603
411
620
268
380
1939
276
607
208
276
214
1036
962
456
1115
308
986
821
1448
426
282
323
705
758
374
581
222
431
322
298
223
182
731
396
538
643
297
686
524
893
305
457
342
571
597
639
402
743
977
1353
295
533
300
577
476
258
396
615
353
730
2204
761
333
243
363
1958
379
452
489
271
369
732
467
369
510
878
1153
788
877
296
776
412
701
777
580
624
505
797
370
640
346
299
276
418
315
405
1161
548
587
1300
272
480
236
548
562
391
751
398
311
306
1086
503
685
854
444
383
602
1133
392
239
657
204
449
360
402
1033
1651
268
174
429
491
353
283
740
682
857
736
438
1598
512
581
940
617
335
2603
667
1793
215
328
345
573
539
1024
1268
1014
1349
1182
607
386
225
304
571
300
308
2015
664
383
432
455
345
884
671
528
398
713
540
638
490
346
436
383
334
282
585
265
415
489
464
189
277
254
548
438
514
480
1332
225
364
387
323
268
1052
596
1731
366
451
630
342
172
325
295
703
375
459
776
530
441
319
453
367
480
464
691
520
452
688
1474
644
265
293
249
352
364
405
329
474
1780
1018
538
340
980
2186
801
572
318
409
424
215
289
218
428
549
322
449
281
529
550
462
871
396
263
218
713
481
173
867
732
1383
373
928
2165
942
649
342
613
538
364
679
828
761
394
296
250
327
450
337
647
511
571
334
447
683
485
300
370
472
389
353
965
459
370
491
300
839
365
698
372
296
638
883
657
261
608
882
781
338
307
443
948
167
262
322
983
379
321
421
369
667
262
587
516
343
450
1480
729
238
645
370
477
948
450
397
913
346
189
652
449
224
530
451
341
533
1138
639
735
912
523
281
275
283
615
741
805
575
275
604
1344
184
400
637
784
548
160
1560
270
481
1024
213
254
254
525
282
739
244
443
468
454
668
328
228
251
772
1107
305
472
1504
500
1079
530
372
401
611
355
636
387
592
395
659
224
307
405
298
1166
318
201
450
544
406
325
446
214
334
1067
484
215
429
408
466
216
654
804
274
591
1676
798
774
524
620
151
734
400
540
547
478
1724
219
968
494
322
667
288
299
854
767
305
491
295
500
591
650
716
402
363
594
201
367
639
679
486
375
587
458
686
493
194
425
278
479
380
316
197
319
330
247
725
563
240
265
554
360
592
299
258
577
1653
160
575
698
473
658
374
486
273
568
569
568
564
226
723
466
311
518
157
1141
221
521
320
806
453
305
1007
655
1595
1079
565
1353
248
580
547
224
707
598
348
496
1055
261
1141
447
542
405
511
110
834
769
428
483
600
386
432
745
683
370
684
283
294
543
725
478
557
278
719
1444
519
204
164
465
104
158
757
223
356
286
891
622
182
594
345
1472
324
534
518
998
205
494
840
641
465
365
311
374
489
593
308
352
321
273
446
400
466
227
921
342
303
600
745
784
624
460
641
382
601
411
371
300
453
876
573
759
608
447
1069
2342
989
231
523
491
595
286
573
361
245
174
164
365
330
193
1145
356
392
297
836
1093
442
416
280
365
370
1154
784
2045
180
423
301
571
630
380
791
1142
406
412
1070
361
540
499
1130
286
921
295
374
874
514
630
346
224
561
498
844
1109
760
804
537
249
225
260
454
218
660
376
581
663
291
949
235
203
491
818
407
252
240
811
641
520
659
330
682
816
520
496
339
392
737
858
567
872
414
470
242
669
449
311
374
280
334
453
590
359
1971
471
567
406
1124
329
399
284
395
366
325
559
963
938
403
960
439
1488
603
379
319
238
1151
269
398
409
738
932
469
838
552
487
583
418
428
895
859
1925
1274
654
332
382
509
930
975
1188
489
442
498
254
602
524
413
358
393
574
688
615
709
297
141
538
538
326
590
292
570
418
362
683
658
580
454
349
299
671
1318
564
848
698
371
583
1027
207
460
384
750
355
297
264
183
577
222
243
324
703
820
599
391
590
455
457
327
669
616
552
221
1754
305
215
475
811
422
248
805
316
287
231
182
1031
342
848
1105
570
655
365
648
619
409
98
531
1127
283
603
217
1005
334
686
486
843
212
530
195
437
459
820
923
625
310
1173
545
909
790
385
316
1331
303
466
609
273
479
267
735
387
491
894
553
673
229
479
310
403
496
510
557
352
851
890
255
294
244
612
420
470
300
372
562
503
242
405
407
1117
601
1418
598
818
1452
177
467
277
442
995
1287
621
507
448
1100
689
660
191
384
1641
685
745
1559
535
694
1106
251
225
474
432
836
983
658
419
525
942
219
1387
644
422
1067
292
609
283
1088
749
482
478
258
471
608
824
702
292
398
534
449
261
571
830
2317
529
418
296
365
339
883
529
299
192
459
524
323
362
2138
287
447
269
1313
1138
789
482
644
852
683
496
830
340
426
251
806
342
559
418
420
730
501
588
602
376
347
395
309
520
1446
291
212
206
249
1734
299
437
638
778
555
823
513
513
816
813
253
372
678
494
495
317
636
252
298
389
232
663
699
890
408
692
208
297
519
399
318
323
891
341
393
661
311
662
346
400
562
576
446
340
749
441
187
663
438
278
280
447
1520
495
267
569
805
489
456
316
542
482
379
578
615
565
1336
383
464
272
430
491
297
430
335
605
290
179
886
835
332
548
603
226
500
518
430
402
325
674
294
289
265
266
299
880
395
323
251
1230
261
393
362
430
1318
504
360
1089
647
415
242
666
491
734
453
266
434
229
538
456
986
224
375
337
423
363
224
265
327
476
415
222
450
268
504
316
1587
694
696
980
281
313
438
276
278
287
618
534
201
334
297
738
593
149
1002
940
371
310
1147
460
412
280
412
460
441
1111
407
800
169
244
487
1016
458
725
207
301
279
406
296
323
392
933
314
225
698
549
256
391
1284
267
298
363
428
614
696
303
673
687
402
917
492
337
595
471
849
1156
646
287
197
574
380
508
355
349
798
885
1015
325
450
543
192
515
244
232
407
332
244
295
352
1416
358
678
1112
216
422
307
429
370
1452
518
486
319
688
270
874
575
256
394
274
360
2510
352
422
1932
479
805
961
1529
282
275
273
413
1417
195
660
477
810
1926
1140
169
389
379
534
486
187
335
272
298
309
571
488
580
356
457
318
539
338
484
294
404
646
233
474
518
522
306
302
244
427
1127
687
252
1087
1328
1046
471
262
618
1162
818
365
687
269
490
569
297
304
942
390
1753
201
1528
478
588
619
843
524
418
780
345
398
493
417
1033
405
808
1342
543
1010
321
232
2060
401
630
387
209
943
184
268
750
1037
462
450
560
284
406
932
283
1097
901
174
546
502
1174
860
360
428
616
1394
473
366
290
479
776
407
421
295
321
268
434
288
397
433
833
155
1214
254
253
215
683
1209
721
522
529
550
442
997
619
273
259
169
497
255
178
431
428
288
587
579
507
237
264
353
561
487
332
311
655
214
1290
762
463
507
460
274
350
361
397
1786
462
546
329
321
578
1489
586
629
351
443
286
1300
649
291
442
387
165
401
739
516
865
760
218
1074
529
596
335
494
432
779
334
268
913
557
311
342
409
894
335
157
1202
781
195
574
376
373
633
538
399
414
575
285
278
342
353
1011
397
338
455
339
510
343
460
409
344
878
492
427
759
455
913
1260
520
2718
1301
1123
437
560
343
287
544
940
331
353
157
255
803
489
230
360
454
675
321
260
314
653
231
906
324
247
623
337
609
277
554
847
357
371
577
238
247
289
537
1349
686
402
898
1109
992
599
637
620
521
359
401
442
908
749
763
268
987
721
824
278
979
194
854
163
253
294
293
426
1380
453
516
228
759
499
527
498
274
404
699
412
345
472
535
561
299
920
1325
390
339
1518
164
723
310
476
383
322
631
402
1160
365
668
766
356
323
759
404
184
618
210
234
358
277
299
837
815
442
837
345
526
408
378
741
129
328
831
329
962
230
239
236
335
457
406
946
270
346
638
398
496
516
375
645
350
356
394
390
835
603
327
640
339
690
683
924
560
318
256
1153
959
382
944
1159
296
576
1140
764
449
834
801
256
898
289
477
523
212
389
877
242
430
683
656
489
1524
285
400
645
543
732
540
653
202
334
511
433
671
341
535
324
708
1374
451
644
1766
503
188
413
799
631
855
815
512
697
782
157
358
684
588
1560
168
542
371
802
289
430
575
369
440
401
502
1378
645
392
282
444
568
238
524
407
549
329
415
326
572
1233
183
399
313
476
347
762
344
469
375
1310
305
668
226
257
544
490
1419
732
322
378
556
284
365
529
437
647
595
490
1029
856
478
403
405
755
336
462
1457
1390
485
209
270
293
276
382
415
823
523
409
617
479
497
474
1577
653
1304
342
420
317
543
984
646
422
549
314
411
360
399
349
597
940
1258
301
449
556
380
352
381
188
283
667
328
511
363
247
206
397
785
913
638
275
453
236
1070
535
823
721
420
274
676
941
672
494
407
464
862
337
343
223
410
738
752
1843
138
196
712
477
564
613
675
278
329
491
263
360
558
709
826
652
303
272
552
337
267
360
1210
176
627
765
567
362
265
285
442
380
340
747
486
322
750
859
678
424
578
706
1159
476
208
470
308
691
1656
605
738
949
333
430
366
215
469
428
328
1827
782
673
537
237
532
701
449
344
1058
335
1072
414
173
590
370
391
315
603
2117
433
469
385
1312
550
789
275
405
356
775
630
686
342
1553
389
325
139
816
550
261
414
475
196
679
386
278
500
437
505
294
368
180
1124
346
298
683
430
983
319
408
399
175
950
897
715
231
487
343
250
579
119
286
306
619
579
301
469
880
369
1041
238
970
597
475
168
310
300
501
410
447
769
336
556
316
777
531
434
1190
366
402
370
189
932
142
339
993
639
1923
286
346
194
1045
407
1244
268
245
506
545
262
289
1566
450
418
519
854
614
324
339
573
464
286
368
741
279
693
689
858
382
404
331
412
826
264
343
258
733
530
457
564
802
939
396
353
598
329
284
467
487
281
317
369
595
1079
708
235
1076
466
295
540
491
1280
203
179
327
1087
410
617
657
496
289
612
459
762
561
1103
354
630
479
452
427
607
538
936
287
306
1173
570
687
412
293
235
496
578
432
262
183
481
822
223
777
437
685
290
648
363
335
386
246
339
299
1090
433
559
560
657
908
1074
711
691
688
964
457
279
1837
339
751
413
345
165
286
494
362
1028
513
395
575
1061
361
367
2589
482
257
470
633
374
652
1339
435
432
233
469
534
296
1097
380
452
241
648
315
600
284
524
458
992
633
274
555
143
405
522
286
193
407
338
385
124
920
472
240
463
471
459
475
579
777
510
458
159
327
230
330
300
236
1206
923
330
292
481
1164
323
472
437
611
561
307
441
431
508
852
316
594
521
382
593
943
542
640
687
608
588
261
368
234
704
431
253
960
874
1201
653
614
501
605
295
450
225
1060
311
1459
623
574
476
475
1486
539
331
894
1324
2306
636
521
602
917
915
954
452
613
716
248
504
565
460
252
519
507
163
803
241
523
802
919
458
437
495
384
455
397
612
401
381
463
658
295
738
461
415
303
530
696
307
1002
346
397
295
376
607
1370
213
435
451
233
1263
542
1089
768
734
638
467
938
668
514
445
1007
942
742
618
242
775
319
610
390
624
790
553
413
656
584
735
268
349
922
386
316
244
246
446
317
715
1358
363
552
507
1226
698
560
654
191
623
447
506
223
422
500
873
523
229
254
300
199
543
1126
1187
517
2056
364
627
915
530
774
686
661
508
440
447
718
306
387
214
727
685
592
594
490
551
527
1104
323
522
431
321
228
337
1005
382
512
1557
446
1435
455
487
1013
242
468
263
2520
913
807
759
288
233
1179
439
971
405
431
317
980
996
573
349
210
192
530
505
249
371
763
348
606
476
666
1003
2030
352
326
299
315
1167
277
1365
247
689
459
410
277
190
247
426
863
302
1532
404
532
219
391
404
476
695
539
604
158
484
328
402
330
822
211
384
729
892
305
528
624
209
238
625
455
2153
734
1395
574
301
386
258
453
1562
444
594
324
561
286
1039
926
215
169
528
356
1082
1051
268
880
506
731
390
346
296
1195
1948
366
606
423
854
655
541
712
357
1062
353
509
751
768
1107
1207
359
430
517
342
523
249
837
436
734
1198
691
405
536
326
1294
853
722
366
262
622
334
728
799
421
767
426
261
479
498
193
606
1180
196
383
535
314
700
709
448
1244
882
468
322
245
758
311
292
322
293
339
1921
764
331
517
298
447
481
264
367
324
1683
515
375
351
362
360
1730
408
604
391
470
205
919
597
1496
547
655
663
929
369
210
529
329
1648
436
463
283
206
655
564
468
748
965
456
396
521
269
669
481
846
359
1387
232
504
483
360
598
436
775
286
1042
625
452
1466
905
1086
443
503
423
424
485
547
269
1096
348
403
467
288
377
532
449
217
174
630
571
1327
443
782
354
643
358
670
1158
562
974
1278
721
446
676
475
693
601
338
371
605
699
227
1023
360
269
571
182
295
445
936
135
121
311
338
442
687
744
728
413
927
258
530
594
343
787
514
3398
904
372
576
542
2895
746
673
724
1331
726
326
672
227
290
302
473
513
773
497
703
409
276
250
286
593
550
716
457
316
492
640
519
456
253
329
698
471
749
577
443
462
631
546
1008
634
315
1216
942
916
1738
204
280
252
1465
300
359
408
547
223
753
489
340
737
392
324
448
210
662
436
693
616
548
494
712
1605
316
603
528
648
340
283
337
585
205
256
276
250
613
648
285
538
362
387
1061
388
472
805
501
556
1213
244
490
428
554
879
677
424
306
276
740
204
346
356
800
1363
210
455
631
362
565
443
264
486
365
1176
270
183
908
426
451
806
911
1113
567
324
1165
676
257
360
416
374
495
618
523
314
551
344
411
441
343
228
377
628
549
334
239
702
309
653
1235
384
493
302
503
332
1475
898
667
380
379
529
583
222
296
567
266
1365
674
492
387
1511
293
304
392
243
494
315
501
561
344
389
637
322
558
669
419
803
564
193
384
612
359
341
544
908
1099
519
199
349
448
940
276
829
265
834
497
502
275
568
242
943
325
328
588
226
672
210
329
602
1595
525
417
905
195
612
519
402
475
763
166
339
343
583
325
299
246
506
236
648
848
284
706
576
363
334
834
366
296
649
178
358
194
352
320
437
307
331
464
328
200
264
456
299
927
465
616
2989
268
371
582
382
276
463
566
236
165
318
454
543
244
646
998
317
296
310
239
483
878
718
1197
323
625
648
187
312
555
348
264
641
1261
505
413
554
276
434
211
179
190
679
309
392
717
920
592
199
476
340
309
176
1025
485
384
621
519
475
332
256
417
259
419
401
687
293
554
683
368
387
319
649
350
373
1285
223
564
687
430
1333
392
453
1261
505
210
307
252
384
577
2091
1013
816
293
730
307
406
415
408
500
316
486
207
502
569
266
876
422
518
197
828
919
247
213
542
248
588
826
880
697
276
259
1291
909
824
680
785
222
563
562
674
545
340
806
180
494
451
1492
1181
519
596
471
1168
272
574
495
487
358
540
346
243
280
258
1770
408
1388
132
462
363
135
416
370
427
583
107
875
457
211
610
583
394
717
382
1130
635
380
1103
790
183
318
640
477
471
177
237
515
336
325
373
412
382
563
264
353
278
510
231
1301
156
533
214
530
864
501
327
586
894
386
656
808
716
380
296
617
883
507
481
590
230
777
1411
560
239
642
461
643
286
477
553
274
1473
429
455
291
293
156
421
398
449
710
604
679
886
656
230
1415
504
1747
236
779
321
568
494
181
527
377
291
533
471
812
533
758
457
903
348
1454
544
297
689
388
539
861
2106
250
418
477
381
743
900
408
210
771
414
560
1144
288
294
1072
495
294
426
672
361
399
297
414
253
252
315
537
1025
506
899
319
408
246
275
614
1438
434
390
391
995
522
464
223
401
954
285
437
597
878
219
958
467
876
316
232
304
765
260
747
394
467
187
441
392
696
723
441
672
477
929
624
427
1348
1068
737
432
369
531
866
790
778
536
278
379
650
579
529
290
610
328
839
641
384
361
311
1137
515
190
690
362
203
258
813
1113
523
277
602
387
599
1072
642
224
325
461
383
962
410
1203
416
310
237
441
390
1607
368
529
335
653
291
294
489
394
418
463
687
561
293
479
396
672
235
253
540
552
496
374
881
453
540
478
257
361
538
381
381
364
368
518
830
251
258
780
242
392
265
346
278
240
295
367
865
649
220
394
329
311
432
445
482
468
343
668
287
402
487
301
513
520
215
399
987
310
322
513
379
521
985
355
866
1109
615
787
828
367
285
525
487
478
647
427
611
1040
297
399
816
463
608
692
448
515
299
195
320
382
347
1262
428
443
669
770
487
2021
418
455
482
219
459
340
463
280
504
264
207
489
398
360
554
560
390
515
999
693
284
691
302
496
1018
443
338
735
822
224
385
219
330
475
329
316
910
642
860
290
673
413
507
510
742
370
382
435
398
699
310
362
343
814
499
340
595
318
439
551
361
1532
1107
635
329
550
321
476
457
622
385
407
349
476
814
565
1679
681
505
2144
763
586
230
507
278
252
324
441
611
1433
724
189
619
232
223
317
867
963
312
334
209
398
216
256
361
196
303
675
521
318
691
753
455
595
447
559
414
1489
429
600
884
395
366
396
466
246
570
164
459
555
689
1301
942
662
1046
386
460
375
855
322
562
298
374
516
503
560
1059
348
568
253
346
376
616
255
199
636
383
467
317
488
500
473
713
780
268
467
256
966
905
699
591
335
272
243
545
590
479
364
820
318
543
598
348
222
474
271
434
354
838
745
411
869
1795
342
305
299
401
291
1698
1891
522
290
416
687
262
812
910
283
419
757
689
318
549
670
250
532
271
719
262
730
179
951
631
1669
531
440
278
1113
229
896
370
648
176
361
649
507
423
637
338
643
362
301
613
553
427
1392
267
496
432
284
329
1380
566
346
199
468
513
656
642
252
167
427
227
424
609
484
294
936
288
539
671
854
291
588
390
536
853
786
926
544
418
588
336
212
1024
607
429
207
424
283
380
930
351
408
653
741
326
208
190
477
1075
647
430
391
1314
375
864
332
311
436
526
417
332
301
439
1198
818
284
296
1007
433
202
647
1320
546
655
432
756
360
444
251
183
430
161
327
384
516
480
647
570
466
520
667
725
920
415
370
454
345
389
538
1629
202
240
374
299
393
744
494
792
646
923
329
322
312
356
639
456
224
375
268
270
486
479
592
700
680
395
723
687
193
457
599
358
198
689
204
465
492
344
698
500
494
522
1285
394
434
600
775
204
2255
916
482
438
552
695
423
667
456
722
785
229
379
271
538
546
330
557
310
358
340
465
567
934
647
238
263
536
199
1860
740
355
597
122
911
505
376
166
547
253
516
596
1278
386
797
343
1060
272
552
936
235
558
364
278
1277
787
336
1133
512
472
429
537
1071
645
530
632
397
380
676
213
274
543
455
253
410
1009
325
763
854
394
623
183
769
1685
314
873
310
643
242
516
393
295
280
476
503
335
304
517
746
303
279
540
1044
305
516
506
425
235
439
255
162
365
483
964
828
457
270
600
707
272
561
677
904
291
401
238
261
272
723
255
261
983
355
2491
2467
1051
351
688
768
657
1020
1504
348
1387
196
383
327
485
226
279
581
434
218
983
551
392
461
871
604
726
453
354
268
1606
309
277
270
444
286
423
322
426
270
942
290
744
972
839
354
375
751
1335
266
803
391
1695
685
892
404
374
513
678
479
949
1055
408
353
702
499
404
408
175
993
595
636
341
469
450
509
1461
433
786
476
579
506
367
174
749
312
442
748
490
545
894
450
1001
373
928
835
143
448
481
870
498
501
455
231
357
441
229
918
588
173
440
663
938
380
831
1549
327
680
863
325
307
486
726
833
277
475
486
352
264
354
1295
474
260
2678
444
360
531
298
388
660
172
923
1047
374
1393
286
367
411
481
703
597
1994
535
525
442
266
341
213
736
917
476
316
651
290
574
2425
618
975
605
634
810
191
213
672
1326
825
857
1026
947
444
333
317
1133
294
324
296
585
554
938
354
633
396
397
235
242
215
390
503
1010
664
535
329
630
415
537
590
413
718
713
271
684
370
581
470
299
377
1121
469
341
483
598
236
585
259
573
253
804
492
394
632
141
235
397
507
690
222
297
610
294
816
496
523
176
274
520
1013
256
258
1592
307
474
334
392
361
358
849
1115
421
706
324
622
1159
655
606
783
431
265
601
197
430
369
295
442
369
297
902
366
583
1182
325
354
448
603
444
453
705
310
898
661
475
468
291
237
457
285
232
473
558
226
795
511
585
803
410
324
606
295
390
823
435
316
646
348
614
600
399
235
618
378
770
263
727
209
241
354
602
457
456
424
498
273
228
459
431
572
192
584
367
525
696
395
395
676
963
558
287
458
253
1302
420
324
497
629
382
663
2543
599
358
394
389
568
471
773
292
420
1044
437
233
523
818
505
815
323
572
2344
973
1119
619
411
654
343
758
205
299
638
151
290
364
344
443
748
375
573
435
949
695
554
559
425
509
881
386
924
175
1421
261
249
233
676
715
329
538
229
1059
489
355
345
923
514
366
488
518
286
261
859
304
250
358
1176
1234
619
636
219
253
289
1388
258
954
259
352
243
287
867
348
440
876
395
249
1399
407
473
369
518
206
547
319
328
291
756
744
760
164
410
709
665
364
658
415
653
508
710
297
359
451
490
175
311
490
292
220
585
217
396
506
902
375
544
576
792
705
687
331
373
509
933
276
979
409
201
645
330
674
172
318
515
480
313
439
657
977
490
809
356
292
665
391
471
642
330
636
1249
225
127
531
624
287
601
882
409
668
997
234
241
642
748
282
725
384
304
807
409
915
1643
471
1231
303
524
682
347
701
796
760
241
289
556
354
425
624
418
254
421
539
1326
555
868
327
499
581
261
453
513
532
419
589
792
498
497
535
510
1197
1155
171
401
712
344
359
367
476
357
752
232
1790
421
224
359
579
1023
408
1096
533
719
430
368
322
451
304
567
784
459
979
419
1149
455
429
304
782
737
195
287
533
723
1137
294
161
286
355
220
395
214
448
935
818
273
372
322
663
398
288
885
685
1228
521
1752
396
310
463
822
582
643
766
373
621
458
354
552
238
461
640
538
710
821
948
381
835
611
504
1210
557
890
198
463
1150
476
514
491
873
277
481
771
326
503
338
1167
331
1810
517
412
380
828
376
725
1402
1221
295
1209
598
549
595
291
577
1356
456
561
257
423
397
712
970
1204
236
239
796
1012
326
514
288
810
556
248
607
495
830
275
322
395
959
711
458
291
321
416
746
298
698
513
319
648
584
743
184
481
760
498
716
301
591
677
301
605
184
409
796
514
524
1261
686
467
862
335
677
337
987
596
741
747
1209
542
322
560
317
635
280
1222
759
440
369
890
214
280
565
401
297
267
462
297
717
423
979
532
197
334
441
186
409
695
259
537
1076
192
537
524
295
207
398
675
950
271
361
311
798
426
1154
753
475
761
805
698
658
386
460
1057
317
475
334
516
319
307
480
573
678
981
529
301
438
589
333
491
671
453
1000
572
174
283
647
1167
366
236
372
477
636
507
555
335
487
246
453
512
1971
254
210
406
202
471
198
320
212
465
947
622
389
205
336
460
707
345
355
753
629
361
317
583
1330
1426
476
368
285
312
516
556
1028
401
338
923
403
315
447
332
848
1360
194
915
673
428
359
364
312
320
862
413
615
1113
1062
1036
374
624
283
499
1508
172
539
394
302
528
963
284
233
792
309
363
272
591
266
421
661
227
435
373
716
613
793
439
189
373
827
555
546
315
864
436
374
357
803
743
1047
224
427
1803
344
295
452
411
529
1189
137
396
478
486
273
275
463
888
354
681
434
579
873
436
233
249
539
559
280
