384
2212
288
389
195
284
549
396
567
527
2687
410
352
400
1401
1753
262
210
441
201
209
924
2653
198
404
896
354
374
637
230
1088
445
155
662
1324
673
334
312
1531
602
905
280
2881
468
134
233
1020
1450
573
683
912
461
2389
500
323
215
192
2085
567
664
978
264
358
616
745
349
3844
245
303
441
2280
382
580
541
2806
89
307
313
697
514
774
468
680
543
388
800
377
537
520
5400
867
569
1050
445
288
1546
306
1774
2078
1102
555
502
2162
784
391
478
1623
587
730
591
513
700
723
675
1509
476
722
458
493
727
439
512
1220
183
939
479
671
675
1991
414
612
445
318
1025
632
362
622
2274
348
573
510
1196
515
3366
198
329
201
203
239
207
4695
604
773
646
96
2009
327
453
1145
718
792
1836
785
1341
709
527
359
236
2839
1312
421
583
1961
749
340
1587
329
1176
243
362
372
379
534
1649
3515
329
513
360
461
592
1687
397
395
564
1430
644
362
553
683
876
254
393
1337
471
3791
411
699
634
826
326
230
229
474
972
194
487
374
637
687
1953
221
765
451
430
1181
336
467
293
482
372
578
651
343
1094
2653
783
288
193
470
766
194
484
467
287
768
230
2271
396
341
274
333
613
224
377
275
598
226
832
1482
496
1864
459
199
524
2069
612
193
438
305
786
1220
358
1905
799
468
480
356
510
4011
671
308
380
1437
766
453
359
508
716
728
967
543
2635
471
450
403
241
296
596
543
227
4672
137
2034
279
597
460
361
3512
474
2559
730
434
626
1893
338
350
1161
2297
663
763
1122
265
604
2028
814
162
812
359
652
743
407
472
644
253
167
815
242
756
300
298
469
1093
204
834
662
505
401
501
1918
1150
306
354
296
595
385
396
485
741
468
591
786
698
224
227
220
953
799
866
4854
375
774
266
793
191
1055
142
599
541
183
1505
212
3248
1761
268
470
1072
280
890
366
429
798
420
372
656
380
455
221
1671
3109
651
681
2923
809
819
395
657
543
306
660
759
416
1648
276
2634
615
667
780
512
262
638
540
686
138
500
325
1275
464
888
688
867
949
301
815
615
357
377
722
1979
2090
343
1899
538
288
258
228
701
789
660
535
650
4166
856
327
264
896
1095
176
446
705
848
537
661
467
454
159
274
561
1684
244
159
660
396
443
2151
370
353
672
945
172
797
247
508
332
187
669
554
470
348
515
583
621
625
1163
3887
988
2504
672
333
535
1032
120
683
383
1003
573
397
342
561
469
601
232
502
835
1395
471
365
577
428
529
584
662
385
676
1408
2266
786
310
460
952
411
446
137
847
470
1602
898
558
636
1107
220
591
311
1223
769
555
344
1772
606
485
288
499
430
245
609
478
599
649
438
533
233
709
229
562
829
513
379
767
913
623
2014
460
431
287
282
556
697
717
618
2025
989
501
330
427
855
677
534
3252
585
355
502
1194
541
573
231
2106
550
682
449
728
620
349
247
336
237
230
641
607
558
892
527
494
531
594
329
1152
641
638
459
576
498
1096
484
206
213
3869
533
579
481
206
347
271
257
620
1835
668
4432
1511
1055
293
331
526
3281
574
720
551
1699
608
413
501
580
1875
336
756
152
360
372
420
316
328
768
578
300
831
3037
705
495
514
338
360
359
239
315
220
1469
291
343
444
479
410
550
484
647
544
376
597
738
4465
1179
624
640
286
1119
556
227
622
3830
1358
586
6316
99
300
529
377
415
519
1148
425
346
173
987
414
502
2366
544
810
2123
136
409
347
615
373
1020
388
597
1063
492
495
6057
175
573
2768
826
455
137
225
942
675
1031
904
467
4268
503
644
615
361
178
455
337
674
437
397
363
131
465
467
3299
336
1062
1350
434
789
436
1040
365
273
441
1220
247
608
179
278
540
266
700
594
3747
1121
199
277
259
5802
424
807
879
2500
3043
466
3041
295
350
673
269
3954
1349
428
891
4388
641
505
423
1485
477
460
214
640
488
850
635
475
266
612
327
297
539
581
349
1637
1666
394
1400
818
680
206
766
224
586
260
397
580
3452
285
565
181
4561
2741
1122
830
1224
377
234
1030
2334
4291
1067
604
850
343
406
586
512
369
333
243
298
251
355
2588
4463
363
559
1828
1049
1443
2345
311
737
688
164
814
123
303
545
489
183
975
621
1329
693
672
387
919
379
209
442
585
502
917
684
320
711
1197
353
2308
2139
1985
685
732
583
1642
635
404
388
294
365
349
317
502
330
255
3049
313
489
676
1234
687
426
2456
190
266
321
191
555
290
289
1894
430
253
533
677
231
140
613
576
531
638
3723
143
694
3507
418
536
292
548
548
213
553
2103
527
370
461
839
718
384
217
131
912
213
302
791
631
461
541
608
384
553
305
5633
465
290
312
302
595
1391
937
585
677
386
465
746
698
340
1427
225
537
435
799
285
2077
339
458
832
740
523
1807
2191
452
1753
545
693
866
400
1532
882
187
1124
884
227
550
1137
430
1279
317
342
344
308
547
403
716
1031
313
289
3513
692
285
876
590
163
480
126
378
1387
288
896
514
240
587
306
828
141
550
637
479
835
1424
524
568
561
375
741
937
415
365
1070
580
262
199
695
524
355
433
657
3708
374
375
833
628
283
497
905
608
462
819
313
558
403
377
952
637
774
582
2132
478
432
644
641
3627
217
1220
686
1127
478
314
744
465
393
250
834
473
1390
620
180
1266
681
535
1047
386
688
633
256
1432
1881
218
446
375
548
659
731
3450
528
508
1242
452
843
417
336
1550
1093
703
3764
420
420
201
607
1436
2134
445
264
1268
228
150
641
716
613
507
347
1437
2082
267
267
510
369
1401
368
163
1798
311
468
1264
620
575
177
322
305
602
857
1724
702
349
1779
4055
1585
400
332
835
581
2671
442
246
468
1068
305
1075
457
820
4026
667
409
446
680
162
517
2616
500
3272
877
248
358
1170
419
484
1249
478
1029
142
387
1006
422
243
421
765
451
2507
1752
500
209
2700
1533
554
215
218
225
5435
228
414
327
337
792
451
688
568
232
289
164
982
250
285
349
375
571
762
1745
865
307
305
269
691
201
324
1127
685
703
1347
207
501
774
1590
466
570
662
773
4742
2166
379
2204
942
964
228
538
1023
1233
490
900
1479
609
552
382
510
1530
454
2035
3087
460
544
455
345
611
719
1020
3472
311
246
824
574
747
810
518
319
934
429
966
706
322
499
349
586
3634
663
578
190
431
219
1328
766
559
292
414
693
532
3860
2515
613
161
388
557
1130
279
2671
662
233
536
557
223
1334
3393
833
1481
331
295
448
494
482
458
758
341
902
839
1665
674
602
681
488
409
632
326
338
786
543
691
297
597
479
251
2502
749
458
458
535
758
616
427
777
689
223
716
544
312
127
2275
1962
286
2321
738
421
602
303
533
1336
256
741
623
398
197
2076
913
565
288
2193
237
417
170
343
390
242
301
457
234
187
348
530
611
903
319
534
566
386
2981
477
421
157
560
947
553
684
671
765
268
414
672
220
399
494
690
4622
422
291
713
898
940
758
397
187
168
581
1032
1359
137
631
215
605
759
202
197
764
1557
243
218
692
514
325
696
538
983
444
1122
471
1022
568
615
266
457
1046
885
488
516
532
462
181
390
1001
344
348
442
137
328
382
447
234
615
943
163
1927
728
173
460
374
593
556
453
284
773
491
1261
698
2079
272
1676
1003
683
308
995
651
472
159
181
1046
1043
163
478
640
645
435
362
677
1806
1128
548
330
425
672
248
759
679
381
486
590
213
924
504
1696
170
1877
955
783
261
370
297
527
4177
526
635
570
578
150
381
669
207
754
1045
500
516
546
494
425
518
894
461
1976
2721
281
198
415
920
1135
362
474
1776
1530
437
620
634
421
572
5988
554
558
353
314
927
936
742
223
498
624
275
531
492
223
536
518
565
2402
390
1375
665
210
574
712
537
366
194
1771
395
242
481
366
535
317
515
341
641
2704
165
429
1183
2919
449
377
949
360
3083
1095
831
330
809
293
519
370
579
992
656
989
698
759
355
229
646
602
430
391
686
500
313
1090
297
544
385
447
736
468
633
234
330
605
946
691
1374
391
449
468
926
439
541
393
575
247
709
294
2075
168
455
221
334
1097
453
307
4225
369
689
600
3777
558
233
239
841
749
553
460
4521
314
1499
411
350
583
505
234
332
223
5005
378
497
754
314
3295
161
314
2572
914
1368
273
1341
4452
412
226
447
502
1114
422
530
744
668
251
424
359
547
2876
463
1088
677
542
796
771
1448
529
847
929
2698
318
315
505
1864
274
1836
1196
272
1057
954
132
551
887
258
332
861
333
393
257
450
718
822
372
711
1115
1588
420
963
316
2002
827
597
1138
442
266
276
1114
466
528
687
327
332
534
1269
690
935
493
2275
522
730
608
400
4288
305
610
603
267
664
498
522
476
501
513
397
1938
589
1845
936
552
540
566
314
511
593
725
351
429
1057
730
208
133
335
293
543
278
220
575
676
767
191
461
666
483
322
1756
1503
473
851
537
476
620
2924
215
1056
325
785
461
419
464
697
616
313
765
3517
694
156
679
218
1669
483
300
403
1091
527
2572
248
210
1855
355
456
411
531
393
250
543
322
1164
1471
210
747
383
584
237
251
300
642
393
182
387
562
1306
178
2446
848
834
580
550
485
346
682
637
239
619
858
525
440
391
309
166
631
480
537
985
475
300
825
447
588
207
1358
201
4198
1559
658
843
1358
590
728
905
453
196
2364
494
382
239
613
369
285
592
468
478
499
346
492
193
667
441
2246
469
484
420
722
617
702
806
317
461
481
186
268
863
567
1505
488
610
279
607
4459
701
754
768
329
1601
649
455
333
171
2520
327
560
715
596
470
151
707
371
551
358
189
559
379
1272
1444
934
351
290
1900
687
469
289
1856
2525
154
918
715
895
226
210
1543
185
352
175
685
1697
293
497
225
337
503
208
371
581
186
668
535
497
251
468
1288
631
439
537
380
537
1100
401
879
402
374
169
441
479
439
374
162
2034
370
539
1718
601
286
3607
695
789
623
767
224
415
937
1156
1305
714
560
313
363
627
516
521
942
2612
1641
526
642
2098
984
2261
391
743
1098
607
693
508
650
1444
756
2045
312
489
231
222
440
5050
723
835
1509
2111
201
3312
420
315
546
425
610
370
5865
181
1484
618
558
720
278
266
889
525
301
375
616
309
6185
4903
377
338
365
513
453
213
1924
1525
643
846
329
547
371
386
399
279
214
254
302
312
347
1355
793
671
327
1393
4198
620
828
241
655
395
568
937
300
285
263
1832
134
260
825
1669
399
447
817
726
696
1567
278
544
286
843
425
139
1901
513
456
505
578
1437
438
616
2647
843
872
1343
212
165
198
312
820
424
934
474
646
879
767
1052
803
6370
137
390
1387
383
453
508
835
592
194
709
383
740
535
455
870
659
642
302
485
316
411
348
626
843
480
251
849
775
432
234
821
517
577
325
425
132
1359
801
369
479
542
284
439
498
365
982
593
687
304
650
384
866
348
243
875
1950
379
728
799
494
521
630
481
588
213
2211
208
457
317
794
660
639
212
803
857
386
3962
836
468
956
598
2218
656
578
586
672
361
213
550
168
521
278
189
317
3421
510
1091
506
329
335
1809
493
336
752
623
1700
402
992
749
534
939
257
581
302
301
351
679
169
735
369
3447
765
1386
154
625
1614
511
650
1363
272
809
735
845
329
643
428
1160
288
633
218
277
426
315
522
1310
577
1147
2759
548
831
411
1044
888
754
507
687
244
605
458
465
632
228
124
181
864
436
431
495
484
1568
1979
820
219
2219
412
805
599
489
987
305
389
514
582
680
2481
541
196
587
233
1161
1002
467
404
1239
4031
558
372
313
658
177
559
1387
168
744
659
485
395
659
819
1285
793
520
624
217
2908
426
807
465
524
1382
646
1366
556
273
613
281
521
640
2078
2501
354
203
844
115
502
460
161
220
702
593
656
422
988
269
2150
544
624
208
618
251
1092
1723
1751
782
476
294
534
691
534
262
427
555
3945
462
489
378
338
296
425
241
773
799
301
489
429
577
353
723
695
635
571
765
293
368
328
1629
350
313
142
236
164
599
219
288
419
966
2808
892
720
329
479
576
553
1171
475
568
465
507
1002
283
227
886
191
307
171
1442
496
774
445
398
1603
379
649
592
507
3560
801
534
656
281
640
3450
387
1017
345
831
552
289
890
1049
616
669
280
249
351
485
445
466
616
379
397
462
574
180
514
1896
2407
677
2163
437
5084
791
203
1812
603
618
463
575
263
470
3319
951
192
407
521
278
1372
850
711
253
3427
327
193
681
1730
668
344
437
664
739
440
155
616
345
304
322
377
198
1635
507
262
570
1142
1460
812
194
627
361
348
841
775
583
278
3083
254
1616
775
2159
518
599
433
317
444
362
1010
528
320
710
271
489
532
280
1900
341
504
413
944
544
159
357
3862
3316
324
198
719
407
306
380
1338
216
689
442
823
309
1108
1365
555
357
365
530
746
662
247
354
484
1010
234
549
584
306
149
320
639
412
686
879
275
653
277
429
394
655
3686
388
1212
301
417
1971
307
409
451
414
569
789
447
708
521
1097
376
523
860
204
832
1001
533
224
354
379
371
201
410
237
190
317
279
316
558
253
511
424
1780
377
786
286
310
177
1815
680
607
665
575
587
460
163
169
467
976
3045
596
632
433
2017
365
607
255
556
887
486
337
534
468
2688
318
611
217
499
1610
544
197
652
318
614
406
1739
342
540
421
1481
661
1237
278
471
2639
444
674
554
548
462
681
565
554
538
2570
2752
173
691
302
773
275
620
990
374
522
575
818
4732
645
1278
360
292
861
288
1186
510
375
277
301
376
449
302
739
399
535
329
395
1168
1819
569
320
100
2673
247
680
677
182
221
2201
531
1545
534
410
148
614
3569
5148
847
221
485
1299
228
424
294
324
407
1253
310
810
198
405
4545
133
1887
397
528
330
729
2465
2466
761
584
190
341
2214
228
504
1271
485
446
718
526
276
325
615
449
396
762
466
590
270
294
655
738
972
307
682
607
864
576
548
624
290
3471
1256
1711
417
420
678
500
1072
165
1432
468
3112
372
358
1417
858
789
337
228
985
829
541
822
1243
277
1680
511
534
1359
755
1103
192
1127
223
1845
1394
531
414
468
326
934
436
700
521
417
280
180
286
296
362
846
1748
1731
1025
810
548
677
1687
643
650
580
97
813
456
311
447
1293
426
2729
423
238
204
565
410
692
552
300
207
1650
336
499
5415
918
972
517
1034
246
479
821
263
463
512
325
398
351
488
321
2528
596
356
1409
206
1313
332
609
239
255
1626
820
703
287
365
484
1094
614
359
277
346
736
203
3615
1015
625
3625
1518
249
5155
377
1396
699
499
418
507
552
699
275
510
531
837
679
1166
1323
740
2399
1014
208
1261
370
1047
499
638
1707
358
396
626
712
887
977
632
2364
723
4742
283
545
767
231
149
1263
915
581
687
538
418
405
212
240
423
954
490
493
1270
2568
533
178
900
1931
310
479
349
759
243
180
1075
1202
492
747
423
293
369
244
616
1960
366
3440
2104
1129
477
649
258
273
634
1111
1600
2141
208
1008
516
249
598
449
342
777
714
3307
644
251
309
723
1415
693
1460
399
751
3419
313
445
185
692
203
3458
356
353
462
605
398
687
812
1108
459
1195
522
1717
409
1642
1702
377
136
2496
579
659
477
640
454
221
523
194
1561
882
598
1479
3067
3188
1231
496
3202
401
551
2666
750
162
1455
521
457
2844
140
944
731
426
680
449
462
787
163
414
465
329
1182
1082
636
535
385
168
528
569
1477
239
269
313
660
2475
326
443
717
2643
1949
537
851
186
919
281
388
750
569
643
526
1060
608
413
1558
386
2186
584
2634
3341
173
132
471
262
419
247
527
420
155
783
2253
374
534
355
496
729
892
296
584
465
531
746
452
245
298
1231
777
463
318
564
537
407
282
429
281
1712
472
484
516
3037
154
238
797
132
230
478
1886
1018
2702
903
642
304
383
536
151
527
327
884
1598
950
815
706
239
682
502
827
2740
426
604
258
327
293
1957
277
245
299
689
342
1846
221
615
909
759
569
1185
381
966
644
575
538
609
175
670
483
3397
1504
233
359
324
789
775
1985
522
309
1352
1919
838
541
693
828
1617
920
1196
279
209
674
2860
921
1066
278
357
1567
430
554
1004
337
649
611
580
3624
666
247
371
343
571
358
534
730
603
377
251
426
405
1171
1015
188
1452
490
827
352
402
940
967
618
691
1105
534
270
483
2176
557
574
593
527
427
459
676
1179
708
186
634
726
385
1548
395
713
1019
205
689
599
151
510
587
409
268
246
252
505
316
435
417
842
612
362
627
506
522
655
869
300
812
1376
320
2076
466
432
364
1270
184
478
338
526
398
1626
1691
235
332
673
328
444
738
372
252
975
527
533
2130
750
611
218
258
455
270
718
399
638
2508
643
1157
567
694
428
568
1508
641
120
162
573
937
590
1051
617
391
719
340
1307
521
719
1687
1247
482
1004
596
536
666
2252
351
740
150
512
1058
439
573
1423
371
1688
420
415
472
1357
377
1733
1025
289
609
233
787
675
208
693
5255
743
572
411
232
510
289
489
383
2200
3102
507
92
503
666
504
311
705
449
714
393
580
328
462
1144
307
2643
988
470
350
339
451
917
222
2141
446
1550
2246
369
685
788
504
764
398
480
334
612
962
355
146
1750
4055
5671
286
278
629
504
711
659
412
355
2071
307
436
2088
664
528
502
991
2612
6821
261
896
342
506
1668
560
411
3132
482
361
607
177
754
942
226
969
466
3092
1262
2596
509
261
565
704
484
1073
415
545
297
1024
384
342
702
288
198
4882
855
358
784
398
209
546
377
547
567
4125
893
411
409
1086
2081
334
679
557
428
1853
1453
426
311
768
1276
328
480
5276
126
272
731
1066
376
333
331
429
844
2230
385
743
343
827
230
588
328
387
337
1054
376
337
325
890
728
376
278
764
523
1666
766
1458
659
211
497
774
474
516
596
628
663
912
183
316
887
439
256
2881
269
1003
175
463
430
2542
938
452
547
2897
709
276
2271
392
330
1410
434
1979
223
2159
2564
1130
635
437
524
453
1809
195
173
275
317
924
864
435
761
1338
1809
227
759
329
334
534
492
703
271
1010
867
569
818
5259
484
1196
544
588
488
434
1229
477
961
930
1177
2570
489
544
1800
438
663
1254
1796
966
437
4713
462
249
134
423
550
729
667
879
598
492
378
4459
1143
2089
743
1192
600
943
347
124
785
1059
237
646
293
912
1537
868
1326
3411
137
374
1013
833
665
253
355
567
4703
461
961
475
508
545
145
431
725
537
5025
314
1113
315
503
338
273
799
294
663
719
633
304
1325
341
2012
432
1392
823
1021
186
719
232
748
1000
513
604
483
678
7080
2053
847
737
2393
668
409
745
322
1556
1427
981
291
584
573
404
1877
222
2422
202
346
623
1304
505
1635
426
150
101
326
453
993
479
239
309
470
397
288
437
1482
3881
373
738
281
808
211
150
449
513
411
362
3763
1040
315
3070
643
185
323
1426
235
1227
376
261
3458
2262
1389
1809
399
362
309
429
991
578
1970
595
106
671
531
406
646
614
1181
1169
529
1157
1824
385
166
1406
325
560
148
461
2039
531
880
1742
187
403
2005
776
135
421
214
584
305
1996
2311
605
592
708
965
314
2973
120
353
1893
585
639
746
994
635
172
410
1040
167
599
599
152
743
511
339
817
420
305
1009
5796
543
1262
1011
298
2797
292
350
444
1202
573
1969
528
1672
383
196
877
741
587
105
188
238
640
775
617
429
668
1779
281
232
136
461
338
1008
275
649
1970
238
710
400
317
641
464
268
468
990
2107
193
242
585
356
488
1301
280
503
267
2206
425
505
821
309
452
723
895
922
721
647
297
5111
2317
595
565
1147
212
264
306
251
861
1042
721
1733
128
454
438
177
265
892
249
543
485
574
1113
769
459
1647
583
602
620
379
1370
293
822
683
1273
368
791
318
1984
498
2631
420
1101
2243
295
738
549
2271
270
729
1229
1686
289
698
300
725
1237
473
1033
695
269
233
276
653
2840
758
4379
2039
537
2188
505
386
189
906
554
377
350
359
517
2112
503
1430
281
330
689
643
550
881
329
563
430
785
737
249
291
372
510
910
586
2765
680
772
511
410
568
684
1163
190
1138
403
224
266
1930
728
153
716
528
152
3677
180
303
451
2878
578
386
552
298
738
218
263
2932
2142
696
726
444
431
1223
546
1176
566
610
295
859
275
693
540
596
341
2288
1336
216
328
455
804
206
527
464
737
548
456
524
2282
386
837
523
551
667
125
668
299
229
493
1532
616
1047
775
490
316
165
1996
1442
2969
475
622
308
265
361
571
603
373
1159
1849
147
360
320
367
252
716
1374
284
583
273
2819
575
329
1226
514
438
2598
325
274
1209
784
1547
453
509
493
315
1073
536
544
2523
253
492
612
697
642
419
270
362
664
2528
471
166
215
2436
1509
487
783
293
474
694
782
375
1274
309
466
2412
616
471
924
489
315
2461
1393
433
494
342
677
588
424
1589
1139
1136
557
388
2218
570
268
602
352
862
3496
1749
189
1207
1751
218
699
324
272
1002
165
355
221
123
254
453
467
667
1869
503
2694
202
328
659
974
303
1079
608
910
419
5572
788
813
209
385
306
926
395
357
365
251
1172
637
586
768
341
784
238
261
249
1402
756
622
306
575
600
1586
420
619
732
668
790
439
577
450
636
533
332
481
599
553
392
310
378
428
549
416
490
561
943
1994
189
857
1686
850
1646
169
207
813
379
782
354
712
420
2184
445
107
506
72
348
157
487
751
308
1342
414
490
780
192
542
565
810
395
822
1153
415
650
402
745
371
361
916
438
758
625
1289
806
349
1675
2306
199
956
722
1336
325
1248
352
786
497
499
549
464
272
290
718
584
531
693
411
1005
413
491
688
520
1823
324
485
408
1062
502
521
651
898
2158
596
621
489
647
1142
2079
560
435
328
901
272
454
268
2637
594
627
808
698
347
819
365
384
380
694
351
384
1601
539
491
376
440
614
325
2607
301
522
388
274
658
1823
391
776
624
365
296
1319
932
131
474
3992
740
100
447
435
437
619
370
989
664
334
706
368
814
981
311
516
839
791
364
422
576
628
358
662
461
2446
324
740
507
539
199
400
2823
2837
998
1002
358
709
226
2962
772
345
697
371
626
1385
1527
1603
2790
352
175
2145
191
879
1076
2369
1083
781
158
204
483
1041
609
2039
1825
316
381
343
1007
1119
3400
156
633
887
358
473
539
185
630
712
867
803
1800
687
391
1588
548
341
279
231
351
857
397
1213
437
371
478
776
320
146
154
2142
387
817
1861
541
1820
2129
449
581
498
3826
568
464
1143
2602
2707
533
584
1487
1693
347
260
688
127
560
538
582
1013
800
1280
420
900
413
445
613
399
672
723
414
541
194
674
457
1203
633
548
509
441
672
490
283
911
364
980
514
796
118
393
367
630
272
313
394
418
1942
675
1437
484
466
508
400
433
371
525
462
303
169
293
537
1828
2210
1163
1019
668
798
632
597
808
850
204
414
296
636
290
470
380
164
591
792
458
336
392
371
466
569
257
634
563
502
610
4274
609
538
587
584
934
196
456
2189
251
735
530
670
1861
489
371
334
1395
389
545
236
832
593
2957
453
2589
713
255
1271
703
728
293
938
2278
2635
5882
1081
2996
894
150
408
607
901
985
359
173
137
214
239
887
479
283
462
441
220
766
529
273
484
217
523
537
681
812
1309
479
551
230
341
630
765
163
719
422
552
456
454
585
362
445
148
226
433
487
510
902
215
243
416
317
2952
578
2877
607
978
588
1127
739
5905
885
772
2260
316
292
328
453
247
349
253
762
574
573
3817
695
396
1251
516
578
3661
197
558
543
259
1684
751
274
598
987
316
1989
808
545
475
1206
357
1370
528
285
279
498
261
520
591
993
878
3149
653
680
513
2022
658
780
411
572
441
1786
775
687
2226
645
261
554
2236
597
708
4954
404
439
896
600
613
1227
817
215
3489
823
979
172
1098
270
4325
404
296
420
269
472
663
1397
554
233
436
795
378
360
394
207
1815
339
385
1002
777
491
150
910
1328
223
910
248
288
554
831
310
547
225
1996
283
255
184
624
2707
2258
935
376
462
731
620
677
370
585
483
171
2019
1716
919
693
350
695
166
661
330
938
171
1746
873
5276
3490
1175
378
327
1451
483
492
608
244
238
240
525
1007
151
304
607
401
515
1892
880
2667
541
502
734
929
436
238
194
594
901
1885
288
781
259
416
826
542
734
331
214
3589
454
714
655
356
468
431
584
729
437
1694
239
2226
361
814
608
1378
894
168
197
2338
989
567
448
337
1564
471
445
964
204
314
213
536
769
310
332
363
231
329
1771
1986
3367
319
770
373
1226
834
173
759
343
5926
416
1009
430
570
229
239
1359
1294
254
209
932
286
2233
836
573
211
1434
202
1476
813
1904
818
625
574
233
3145
642
173
999
139
657
1952
463
195
219
2801
389
547
802
307
1199
772
3087
331
3027
3812
556
970
271
534
791
288
652
269
855
587
741
609
6261
1898
859
548
329
148
1325
2496
1366
335
2983
666
633
327
901
1159
527
306
282
479
745
955
847
1130
169
284
1721
182
383
368
335
239
1450
5292
259
485
564
543
416
187
599
2007
727
695
6170
552
642
436
249
303
493
1664
682
559
831
887
1152
867
568
812
1320
454
528
359
532
248
638
1835
199
211
301
223
2263
228
4140
283
582
846
3185
2372
980
546
1140
2411
611
907
626
248
1795
442
378
345
1003
797
216
287
333
594
222
267
1100
1260
492
279
1712
647
646
222
571
557
1436
279
485
909
238
2153
588
640
559
1639
1019
377
531
1420
362
429
510
763
587
287
753
452
176
1259
3369
542
354
329
801
420
218
920
313
253
777
343
233
290
368
518
325
503
247
283
3582
558
188
220
533
1013
326
292
373
1373
640
1151
2228
379
4208
726
633
245
626
484
415
3137
393
328
697
349
289
422
500
128
1264
287
401
439
542
640
357
1180
266
405
199
394
703
218
1193
599
387
423
696
3352
257
292
432
820
714
774
739
148
535
302
1039
526
665
1538
333
1090
546
485
190
463
437
1832
470
3483
325
741
568
368
124
454
1871
357
369
408
402
134
675
870
1044
445
647
446
652
1779
509
283
138
371
1134
664
759
228
510
492
1586
634
611
410
342
246
462
1016
285
642
296
400
371
744
575
277
379
140
2833
734
2190
372
211
238
407
76
230
1480
1151
972
862
682
1241
589
587
721
2428
298
330
819
621
596
331
440
424
168
2370
490
672
232
193
726
477
988
1573
460
994
410
256
2075
487
155
719
609
182
889
337
338
406
641
794
897
438
497
118
375
1165
2165
527
3046
458
508
917
4398
349
440
1658
425
210
1562
512
651
2179
628
546
797
229
484
889
609
509
495
276
3881
850
541
363
420
437
2111
269
482
375
2735
602
464
379
1082
336
535
250
920
538
538
1857
1517
609
545
1363
168
185
543
529
493
1741
582
1879
1274
1137
554
735
331
4293
3390
450
446
715
405
822
2653
321
642
217
506
1030
604
334
151
1171
399
520
2716
382
112
284
483
733
466
4841
3566
4102
1510
250
5684
610
887
228
231
564
464
544
176
901
244
302
400
1106
376
482
373
668
538
224
464
485
328
476
576
621
1693
649
268
649
2093
897
717
1057
2988
392
2346
381
256
347
609
893
434
649
742
1020
983
741
3233
760
353
611
475
598
323
1000
362
761
224
141
858
490
370
2704
578
1661
788
2746
532
706
1162
297
291
354
1456
592
609
976
434
539
467
548
2852
631
658
589
2082
361
175
1105
303
880
870
4881
207
2226
600
454
476
567
756
504
487
738
452
774
309
130
555
623
412
161
842
1369
431
308
675
508
4515
396
158
1499
590
323
601
960
669
692
493
284
320
296
263
495
678
479
318
209
250
391
3377
289
1217
1606
465
537
529
471
188
738
948
2503
474
304
1012
753
472
409
790
330
2136
1407
520
491
379
601
489
953
428
4123
290
671
2224
1997
262
694
321
261
297
538
618
397
472
494
478
808
519
474
792
1182
712
919
394
1281
262
260
426
691
471
534
332
123
313
434
375
587
273
1492
7382
297
607
1841
516
1895
189
569
2603
217
377
1564
429
332
203
613
1218
455
3715
275
1728
480
184
480
549
509
953
316
535
3605
274
1161
483
340
787
201
289
6849
567
270
165
650
340
1617
165
352
1011
611
766
461
400
339
700
291
404
1021
278
412
286
438
358
232
196
306
622
483
409
542
333
546
219
300
413
407
495
1984
206
281
898
383
523
368
1799
661
3206
2700
307
2229
283
605
2666
563
943
283
856
474
624
752
985
532
1084
620
838
2874
510
256
803
232
599
459
717
727
683
487
752
683
203
1207
430
745
1643
1491
251
300
540
1111
367
205
935
1061
714
297
826
869
655
261
1374
458
312
262
667
305
604
308
2849
599
252
546
230
1522
1873
284
1279
368
254
220
1488
756
550
4500
2838
705
756
182
1908
294
1160
2487
386
471
418
825
666
225
632
2011
588
942
759
639
318
494
925
2067
657
519
601
374
378
513
1656
611
202
212
2011
1782
1354
288
517
369
381
926
552
1990
513
932
492
4073
745
870
550
2909
297
329
737
555
590
801
2217
397
1608
2480
563
437
405
364
1676
479
2094
457
1208
1072
233
1229
1051
708
705
248
1875
427
469
217
921
632
190
4074
380
637
362
213
438
1740
353
383
595
210
122
774
161
127
1004
1181
568
292
289
204
1559
603
988
1641
767
273
1365
553
500
752
731
726
569
496
1767
353
390
245
627
639
437
991
585
605
543
1132
336
415
801
769
413
169
386
5035
694
1653
593
587
1178
1027
470
431
328
609
541
456
160
358
940
546
420
407
773
311
219
173
207
644
193
967
404
746
1442
1289
267
437
1091
531
819
590
409
3286
567
529
930
408
937
528
672
388
617
698
793
969
921
3014
206
999
604
569
424
508
2704
476
294
473
1158
2197
307
1173
255
455
986
238
392
489
2106
448
1170
796
126
696
245
597
343
568
1459
350
407
695
370
612
419
407
1688
195
358
610
247
699
1036
266
564
1483
511
397
5052
392
547
780
174
994
4738
803
517
161
564
2008
1709
2705
445
532
820
300
333
158
430
465
2296
808
1218
192
3295
1386
448
392
2323
329
847
414
2029
865
760
684
216
677
732
102
665
499
179
435
206
1520
561
843
221
232
1783
376
1851
2643
1421
198
612
507
150
127
288
191
236
553
206
469
804
564
837
540
637
563
501
345
177
392
279
405
647
436
502
3517
288
598
1383
646
246
454
676
244
1026
1044
187
1219
248
4272
291
6363
904
2253
672
973
319
795
2136
4972
218
424
280
516
526
2381
290
923
223
396
606
1530
740
610
846
224
628
360
713
630
158
912
488
323
484
588
580
445
2646
620
717
5513
2760
978
928
585
297
622
1264
413
391
615
790
514
1705
435
1949
302
925
519
215
297
333
208
2869
3073
775
546
537
418
215
411
2706
634
171
654
643
549
215
1910
402
266
267
640
299
406
615
1127
1669
744
608
318
7825
327
1312
627
508
276
632
648
429
245
358
387
258
1695
487
262
192
801
492
543
782
270
583
287
477
565
1503
411
450
275
1720
686
681
646
349
402
869
631
305
1410
953
678
741
608
449
4264
6085
2578
213
567
577
556
3372
751
1738
334
891
4310
456
2127
1565
551
371
314
519
172
436
322
217
653
491
249
501
371
496
790
383
405
479
381
330
212
412
384
426
316
409
420
372
4223
867
199
434
805
337
924
1494
389
1027
301
564
225
1246
1071
440
304
689
685
575
577
356
345
697
171
239
302
556
616
752
420
262
227
430
835
382
562
529
277
541
485
252
1601
466
467
546
821
202
543
606
472
373
593
429
447
613
460
704
319
453
252
748
592
175
378
509
314
447
2782
1424
454
2137
2155
819
699
520
829
476
908
1754
374
730
1966
2650
477
576
341
533
656
685
872
905
166
780
207
1323
2134
583
256
454
585
2022
389
420
2070
414
475
1181
382
586
3430
458
214
2139
2795
3853
1873
681
1235
1217
1251
1803
348
1169
444
263
157
2152
562
1413
256
382
220
835
344
343
652
1150
747
403
684
1504
658
240
498
1316
449
705
461
1358
394
751
941
1331
381
764
602
415
171
375
123
3239
346
436
3040
967
679
311
185
2173
147
504
470
402
126
591
375
523
1165
871
515
418
280
355
731
749
609
743
492
557
169
628
2434
144
273
626
2330
823
358
475
129
736
498
282
411
528
449
255
391
580
1777
405
2554
364
361
815
662
2550
536
166
390
269
971
334
762
710
778
317
408
612
897
365
308
2531
223
519
636
3989
496
706
1370
1096
150
797
1712
480
694
1123
1040
305
237
534
552
3513
237
564
292
240
443
529
1928
478
311
326
1138
751
1255
405
867
378
667
1853
755
868
603
430
1853
699
2672
2026
401
253
506
221
262
880
427
935
615
388
227
464
1154
721
323
151
353
572
309
1491
1384
632
833
548
472
545
293
152
387
441
1400
259
607
987
815
771
4200
1973
391
632
439
458
438
531
366
399
3084
503
296
451
473
451
677
1300
3195
612
371
479
623
1016
924
236
550
849
333
353
254
586
422
333
487
1096
125
606
1341
370
280
653
598
534
247
586
387
260
263
436
654
521
311
1157
225
412
547
396
1368
124
315
277
222
1295
842
232
361
660
3020
323
132
109
241
862
720
2310
469
391
881
395
322
614
782
263
241
2515
654
379
627
637
326
2161
639
606
486
1119
726
536
441
637
640
432
509
626
267
658
627
657
1977
509
406
1342
232
944
239
2403
378
432
624
563
304
175
854
772
2053
816
646
841
335
694
406
588
354
474
569
431
3885
620
605
750
710
470
234
606
728
1949
246
263
394
93
441
363
416
1737
1799
2364
380
1737
686
720
615
1205
292
324
629
662
673
5133
3860
2985
904
522
820
627
4296
489
303
556
312
297
745
197
1777
493
337
2729
642
1255
2511
2448
323
251
1884
327
302
258
876
831
627
750
645
555
191
589
900
463
887
376
306
470
657
219
532
436
561
461
513
1609
1547
593
1866
566
2866
395
515
395
435
621
729
4821
165
805
361
558
207
341
530
360
486
166
354
375
203
766
2343
339
727
1751
376
453
520
1862
630
318
1547
950
527
279
702
673
232
148
504
936
734
685
2198
939
755
594
2069
2331
461
228
142
307
423
217
695
730
510
349
463
558
726
216
187
533
567
188
641
300
405
237
2808
390
1325
428
465
184
1792
767
3976
220
388
222
808
3101
206
1937
377
1123
598
823
1532
616
1108
513
1128
276
356
1388
248
165
557
476
450
804
871
256
351
2579
380
446
3299
458
574
435
1116
228
653
2343
1430
1681
318
516
161
1204
486
750
945
231
889
427
229
758
1194
275
253
639
883
874
530
337
463
1016
1298
497
413
532
2826
547
5932
514
575
1736
1122
190
181
424
765
510
663
1330
1557
921
1199
349
388
203
330
248
383
496
645
245
654
276
1838
279
382
1010
1612
1552
678
314
693
523
301
507
629
614
259
708
410
375
553
972
425
224
267
2262
594
704
241
915
347
913
293
1018
344
582
356
647
1013
523
257
2089
1499
266
504
728
416
355
527
2534
877
487
396
296
395
287
344
356
780
276
156
604
444
340
2652
1366
324
488
739
880
326
6238
744
249
429
344
1930
944
1441
267
1825
363
847
2629
3730
426
607
213
217
758
349
319
685
657
1486
517
356
450
516
407
345
334
423
1464
2775
355
2766
371
614
593
920
405
228
459
281
3383
355
866
470
579
330
570
641
4467
669
916
778
854
1021
573
269
453
1061
188
6577
574
3028
454
277
448
475
319
244
151
605
275
629
1788
530
288
422
788
881
154
649
673
318
743
222
1581
128
243
614
594
1189
1465
478
188
879
343
1148
406
115
611
732
1165
191
110
490
221
724
493
673
2283
572
1031
311
642
543
320
583
2401
695
337
348
427
501
2128
453
461
346
368
350
315
267
201
343
484
485
470
401
2326
625
508
122
146
676
422
246
991
264
350
306
2516
570
526
446
3617
450
377
544
2062
388
3807
3768
1654
1046
735
735
574
588
337
301
274
446
751
405
475
556
380
610
772
540
1302
889
741
628
308
820
356
465
601
459
303
1095
3050
381
629
414
651
843
510
304
317
2878
491
186
506
388
250
288
536
2189
667
658
665
327
2787
193
595
467
935
1944
452
1233
1971
513
2153
660
3398
1849
577
772
162
556
419
488
666
225
1336
628
279
396
1020
770
162
168
517
128
410
3051
401
2381
1704
1165
645
768
425
1468
243
2580
1811
392
628
782
1550
290
466
433
608
482
400
226
375
401
674
269
964
274
394
3048
4311
1251
402
1671
478
418
199
535
261
961
2903
283
424
893
183
423
886
319
467
2140
2305
779
865
711
323
224
192
685
370
693
365
294
1061
647
241
322
2529
739
362
334
200
501
540
634
1012
2770
342
1065
381
186
2267
774
3611
258
1280
170
538
763
2939
192
278
177
682
378
816
369
751
817
475
316
692
310
675
167
265
225
376
1256
496
466
523
471
5096
2953
2116
438
517
371
2168
182
461
433
163
638
577
928
185
3972
372
702
462
530
418
358
307
352
633
191
1652
395
798
337
292
342
214
664
327
481
2069
415
2278
546
582
618
299
469
192
165
480
456
3318
730
716
511
169
322
448
248
365
621
789
579
857
446
2405
212
219
388
324
488
436
622
258
3184
254
462
587
883
193
479
508
507
294
503
411
2221
190
1352
1510
534
346
491
511
532
798
517
646
479
143
512
1625
218
672
288
208
498
422
512
487
658
1247
523
201
666
336
1728
2207
628
1092
287
671
1030
655
946
5790
267
1664
2497
276
648
1853
287
475
218
428
849
517
440
755
1949
296
457
709
183
3306
3759
575
207
4939
623
562
234
1172
1630
422
279
1347
601
393
234
757
763
1696
3303
600
344
1148
382
502
3804
245
668
261
804
682
833
1349
3457
527
439
510
222
422
392
311
1407
2110
225
196
385
2025
1149
1072
545
184
649
453
300
177
162
1473
524
81
415
321
941
1106
718
238
998
1892
625
2426
632
849
172
451
450
1893
259
279
368
543
231
454
795
436
2518
808
548
323
615
530
232
1306
841
950
440
344
685
704
455
1158
841
839
339
2015
842
389
814
885
247
2205
5381
161
1021
425
728
892
206
190
662
2871
633
226
530
1960
228
745
423
482
607
1054
479
877
643
1184
2492
312
874
992
1736
386
208
1044
551
521
758
329
492
467
441
673
322
1717
723
297
763
1038
416
778
497
753
648
790
260
323
853
365
505
359
492
491
699
663
748
481
494
138
1962
808
672
2947
252
966
798
1241
741
736
1064
454
549
439
1289
2132
177
255
1102
669
390
478
934
641
435
375
605
345
2444
1145
664
688
652
334
157
402
596
932
832
478
4023
462
308
674
615
623
199
655
481
134
1366
697
1217
507
3086
197
402
1285
534
491
581
587
494
267
544
754
720
759
505
426
1624
686
1617
249
442
1274
677
254
473
598
284
167
290
636
4071
1378
623
3696
811
138
846
933
384
1046
1344
1986
595
554
286
372
925
513
1137
2029
339
939
719
3127
418
2126
403
1055
187
916
364
810
679
5905
598
942
329
1403
591
923
314
499
469
407
965
729
1462
2959
588
363
872
544
901
675
502
534
438
447
730
647
540
505
241
175
650
552
783
196
871
2019
315
1793
483
215
137
97
392
590
557
409
724
2471
585
273
239
1343
345
510
529
504
746
1289
1797
328
430
427
345
326
929
937
210
533
808
1752
479
2942
760
853
2120
582
467
119
692
554
415
1062
557
388
410
582
948
2097
992
261
502
1193
438
1216
369
378
472
449
542
762
349
489
533
530
1281
559
258
830
748
572
558
1955
357
729
288
161
426
270
1469
131
283
644
611
617
3514
867
286
660
832
1189
584
496
315
1460
1970
185
799
604
285
421
239
339
804
1220
2057
714
1072
1150
1167
437
693
457
220
2755
290
619
289
2324
712
3846
138
453
743
617
292
465
251
555
565
545
220
504
579
142
498
507
240
190
851
456
2231
733
1587
3670
496
483
336
1504
2182
538
617
521
255
230
232
1064
748
280
600
218
593
778
5964
640
187
242
290
675
267
263
434
195
132
956
374
354
756
713
2601
524
516
1869
2317
1219
689
252
654
527
739
642
937
307
235
87
533
5408
947
574
1321
1161
526
642
241
688
290
368
973
324
1741
366
732
746
756
404
594
520
286
481
534
633
235
1634
284
458
186
622
313
299
845
478
925
340
1070
335
2658
747
332
245
465
230
462
624
281
197
675
735
569
939
391
243
720
256
884
522
388
188
2909
800
347
1908
475
319
354
205
512
290
300
373
1466
389
401
1618
272
136
690
770
3536
3073
981
2879
693
532
509
1173
260
265
198
2190
352
2202
468
198
541
548
300
516
560
716
403
348
672
802
591
846
191
2226
368
1230
368
352
3261
207
865
410
596
313
256
2857
4070
552
143
638
604
656
579
313
175
780
721
225
2014
331
444
362
630
539
1674
524
429
721
590
548
279
541
310
483
708
523
871
399
291
407
533
347
410
388
525
661
233
468
1455
935
137
119
339
266
929
1683
586
387
276
346
2119
645
129
549
809
446
691
655
490
706
754
557
709
3178
1294
151
375
615
329
386
1361
448
220
1010
235
2174
821
340
417
366
525
1937
646
465
736
1089
411
524
844
7244
263
976
1112
560
761
514
215
426
2609
389
1629
1121
383
1976
210
727
387
390
217
666
296
701
291
342
2863
354
508
1836
1732
369
161
347
398
264
196
780
504
910
174
627
312
686
683
1071
5225
722
2190
1244
826
472
431
3853
472
220
908
912
770
363
1400
563
356
638
500
360
2060
273
292
578
703
601
462
333
236
696
786
492
455
3083
661
550
437
846
204
2035
554
727
341
136
572
213
288
258
396
399
495
1157
484
367
706
561
460
272
777
935
962
385
360
658
731
692
756
475
896
518
179
813
805
551
1397
3939
504
315
1448
171
239
3007
622
2312
378
650
413
3104
941
559
3569
395
726
753
1004
761
646
1333
509
925
369
528
464
631
579
608
448
654
2158
210
856
3795
1855
546
945
598
325
203
1037
258
219
311
532
446
591
770
463
2269
608
640
540
2422
552
731
561
265
156
443
884
1426
6509
525
499
570
763
1706
508
559
294
641
313
364
508
1974
237
774
328
1033
609
225
650
440
218
772
674
1537
421
1456
647
611
655
533
500
1197
539
272
319
1688
351
3413
186
842
213
609
248
246
387
1121
199
751
468
1442
290
482
191
1002
288
1722
2967
429
731
1320
2570
1223
4366
424
511
312
537
602
433
240
738
517
237
3644
623
580
1264
491
614
1857
486
543
4840
730
298
502
447
626
632
438
421
488
757
603
181
428
2396
310
327
357
1077
478
745
891
554
723
453
434
705
460
433
817
748
989
418
3495
3534
365
1002
226
437
622
149
658
4516
158
433
431
2147
1466
236
3080
120
532
284
558
350
2566
324
439
714
356
1093
446
1108
2876
748
344
500
629
1940
390
2652
7021
534
741
248
775
290
482
3552
525
435
505
602
675
1669
437
854
766
2037
485
309
237
643
293
624
3147
377
759
271
7428
401
1983
513
407
363
505
497
881
936
3457
219
1121
655
3858
301
489
330
533
736
1654
217
628
1675
1482
1343
352
515
1102
206
5594
360
573
374
445
419
177
1493
685
3693
1800
304
791
396
784
374
527
196
421
580
122
332
493
473
387
229
562
978
317
2583
415
847
741
857
674
2149
268
396
1234
877
638
679
621
780
829
767
1516
335
513
566
254
1267
1607
375
306
472
2347
973
286
991
443
343
348
302
704
378
274
459
731
215
479
408
538
829
2256
329
403
756
1842
330
419
322
241
539
1584
389
401
365
1199
2127
569
477
1677
1771
485
194
613
586
1769
711
596
377
163
401
2071
748
203
1215
607
785
355
391
264
243
582
650
558
765
436
563
674
400
735
661
448
201
1286
825
444
807
353
486
676
1009
799
613
259
301
223
547
2800
643
709
166
363
1141
517
1553
591
729
518
300
696
2084
280
1144
731
332
858
179
490
377
184
1673
710
2744
1333
570
1645
1499
396
4395
270
256
488
389
163
942
489
870
744
1960
1318
473
2149
654
272
205
251
766
1029
1348
688
140
2244
648
368
320
1707
1023
227
613
229
864
1348
964
502
810
485
413
313
369
675
299
524
407
390
300
3026
385
844
320
479
146
510
296
339
189
750
869
226
185
1369
3010
1929
1006
735
259
955
906
1850
2167
3930
188
948
154
350
157
294
276
3599
176
601
718
714
427
296
570
601
314
574
425
696
669
647
955
823
654
720
247
570
553
317
375
305
579
1528
434
458
333
431
2175
239
491
618
128
1735
1743
159
741
147
2562
168
1158
228
420
860
1043
1426
636
408
962
523
651
594
869
608
451
899
179
884
663
435
723
479
270
629
886
661
625
278
775
530
769
1007
473
654
599
281
542
335
938
1906
738
550
638
418
462
374
2781
3852
439
343
239
363
304
567
384
459
188
457
2226
860
1102
493
473
318
640
520
764
4531
372
2023
734
262
601
810
755
1955
4360
334
184
219
319
561
1248
264
304
230
907
441
619
1208
611
643
755
467
404
397
469
420
507
365
363
470
219
806
913
505
463
546
803
970
2498
932
723
461
770
493
930
371
1051
374
179
322
375
2485
1581
189
716
456
1623
580
508
359
436
253
246
1043
3661
1600
629
999
343
213
1036
454
679
2475
2389
494
2439
1629
500
1051
167
395
769
241
939
701
1624
212
413
768
187
737
571
802
363
474
371
724
663
465
605
296
542
674
733
493
298
1502
782
1605
421
548
674
501
981
1711
825
499
1626
1168
1634
282
847
251
830
1115
492
584
152
2001
555
497
4414
1748
757
130
673
637
679
391
203
1140
601
207
245
410
2123
260
459
710
481
714
1373
1120
489
1332
555
438
444
424
3243
533
318
557
206
208
644
1369
599
270
341
318
270
747
388
260
687
248
1463
795
455
1163
313
444
295
2790
968
1323
775
693
666
1198
381
1307
419
2148
375
1190
523
557
2081
2087
289
328
386
952
951
784
419
821
324
277
916
440
830
1789
354
246
532
386
760
254
354
250
847
3423
893
224
887
1223
902
293
158
320
2358
3232
967
545
716
2893
547
1490
2521
328
3243
712
360
460
1705
323
581
776
914
707
1855
676
550
198
550
499
387
321
986
386
351
1319
234
240
614
4235
427
398
996
261
3613
2219
2510
460
170
176
662
790
2346
314
150
332
590
546
169
142
195
277
3828
249
551
338
1015
233
287
564
1146
864
407
177
403
1712
694
379
677
513
818
668
1294
549
1083
472
585
991
454
345
302
443
2311
3615
287
431
1071
328
664
329
783
720
6129
198
1907
476
1977
1305
515
3771
248
619
534
147
412
1966
169
587
523
610
919
426
283
2487
406
373
449
597
833
277
451
1478
435
579
237
268
347
158
256
184
482
434
1628
285
1753
504
507
491
1819
319
1050
678
285
242
1118
1642
460
688
269
849
443
653
377
2333
380
334
991
658
368
1481
649
339
315
528
648
405
410
1324
390
528
294
399
1236
2283
1040
427
731
430
221
249
417
437
511
517
820
143
291
223
348
1176
454
331
792
549
237
2403
432
794
718
648
408
332
415
261
463
1969
568
1555
706
1790
1157
186
307
2388
368
747
478
687
328
447
597
136
1437
261
1504
444
297
1148
501
335
1434
1844
1206
755
729
185
253
937
586
645
859
534
609
1285
867
1176
4536
591
760
2067
288
781
588
256
446
792
303
185
412
508
964
458
378
1372
726
1383
742
289
755
352
2427
988
346
3575
478
1048
3800
416
2176
960
486
905
687
739
369
301
330
771
353
264
929
341
122
736
400
816
822
202
561
2202
230
566
310
454
784
520
267
189
740
2764
592
481
171
310
534
424
2217
2324
441
650
582
293
502
468
440
773
173
716
768
328
418
540
791
2969
1779
126
304
1139
1921
438
839
530
481
314
763
583
605
500
2380
1800
629
548
3091
830
329
381
178
340
252
532
382
551
1181
626
169
490
248
369
443
389
554
834
589
546
533
191
439
1888
1744
340
968
438
625
2077
895
733
684
167
795
2608
215
456
2686
463
246
454
639
329
238
1460
168
224
635
1558
215
1655
496
462
421
192
164
266
513
274
4931
432
1681
821
853
469
563
615
535
1046
539
342
516
739
453
489
2853
528
1095
538
2675
4091
439
448
518
579
399
763
1079
1324
651
366
289
1963
610
661
332
359
600
394
742
540
340
2553
546
706
794
2343
383
313
540
313
388
242
629
224
796
352
438
418
297
377
538
171
198
780
442
657
1364
639
408
487
592
638
476
543
239
425
2850
635
359
2585
741
327
