423
706
631
1511
605
3046
573
779
1626
1305
939
366
5588
577
1892
595
227
690
1149
1116
829
800
1229
675
1014
2974
329
651
691
180
715
479
1726
194
464
576
745
1818
304
1440
3824
703
321
2065
251
729
1516
2448
539
5264
143
328
342
195
207
339
3476
523
773
286
131
4809
207
568
1089
534
1612
582
549
8552
993
451
494
766
3814
3011
421
536
2553
768
3128
461
313
1379
861
549
468
530
657
560
601
192
672
372
352
527
3820
1322
395
3034
2149
431
516
1405
2535
724
637
369
283
962
848
665
444
1057
1596
335
144
525
958
693
440
1222
563
1298
715
667
635
582
591
524
573
498
381
267
560
353
527
320
345
1043
738
1862
266
374
755
793
132
667
1084
2950
447
328
813
334
801
490
333
883
319
637
359
1531
226
1228
1691
547
4094
1220
342
635
4750
1231
197
327
242
529
940
336
2292
737
544
927
421
918
1106
1233
367
462
3214
573
724
1061
501
606
3539
333
456
3982
490
507
478
253
204
901
610
740
920
742
1596
527
4720
372
340
2887
449
630
728
292
911
2570
262
438
2605
1584
621
2509
250
880
588
822
829
301
744
290
802
691
336
403
485
229
559
1826
322
2090
419
329
423
1137
197
834
561
458
455
650
2628
3065
5453
327
461
595
514
248
485
468
1131
557
755
305
317
276
226
1129
1038
938
2041
839
888
221
698
276
697
180
514
586
228
1018
427
3170
1740
467
562
2047
216
1020
417
429
628
768
403
1576
622
621
422
889
2595
648
910
880
309
3429
346
483
2547
461
608
309
935
879
211
1800
598
681
669
603
844
638
518
667
449
1341
558
645
464
755
566
475
949
395
738
459
4215
1892
436
344
624
309
630
448
444
258
390
1088
439
1712
687
636
1356
2197
284
656
682
1047
109
203
450
2211
468
418
799
380
195
462
763
415
7566
357
327
336
567
678
416
342
1270
2016
447
904
347
545
331
270
869
505
468
348
886
444
297
461
3757
1073
1284
856
2922
333
1360
2079
108
602
668
722
4918
1089
244
480
231
4868
276
811
821
1474
1084
370
489
207
1157
647
681
377
1126
4088
1875
1514
422
404
1467
311
1252
150
645
481
2332
2305
485
934
520
444
466
262
713
1998
471
457
1287
594
598
464
611
715
825
266
453
556
649
603
686
100
874
444
684
879
3002
654
305
421
607
7915
469
1352
265
389
444
940
588
352
611
1170
1686
986
421
823
1265
747
3143
707
437
5040
1163
459
285
526
659
526
412
534
709
1137
338
265
328
237
114
663
2484
550
898
349
450
479
575
447
495
1393
976
508
412
595
1012
591
242
400
1182
738
568
298
580
2293
393
315
3462
1549
2716
819
2556
771
443
331
360
561
813
2401
1236
571
183
963
437
1487
1595
172
3284
290
3259
673
728
134
829
567
733
360
3990
505
6226
549
626
550
2600
236
330
315
194
708
480
782
519
731
399
459
569
896
1486
331
471
6043
1595
958
684
614
594
873
839
274
2502
664
663
502
1405
100
648
2896
223
878
1010
1476
557
346
142
599
1084
659
2146
358
561
300
136
423
280
401
353
1305
1092
563
1938
421
618
923
251
435
771
519
441
130
409
788
3159
701
861
413
1927
2209
619
788
639
228
322
144
5419
370
605
381
158
796
3650
518
360
530
360
369
436
616
603
314
514
409
704
364
4752
578
263
470
661
773
461
479
547
266
541
349
535
789
674
551
1265
484
702
612
292
312
1950
262
3900
1608
788
805
506
445
492
502
629
604
706
836
640
627
1065
725
1256
464
460
317
173
395
367
260
677
722
543
906
489
615
338
4444
341
651
309
132
4194
450
379
544
3260
885
1248
3876
1422
351
422
187
475
1003
364
1428
612
981
687
1410
548
794
399
316
365
502
934
1465
666
676
301
385
783
1856
2114
954
447
739
506
122
1372
123
241
611
657
209
944
780
1558
728
731
459
4121
3280
1522
413
2050
658
1851
2057
800
630
669
216
1663
3152
1153
472
570
548
532
2115
273
1392
405
161
511
636
1816
314
203
972
276
639
788
4049
4691
604
1623
221
432
427
364
676
461
303
543
244
280
797
927
563
104
2648
390
494
728
5359
114
1396
4941
743
461
796
403
2791
175
706
897
603
544
1675
414
442
2035
155
102
363
382
503
782
2325
401
328
594
425
482
1981
406
452
1785
382
637
472
2085
329
396
532
427
249
643
967
299
993
258
1499
650
685
287
2775
457
510
691
244
868
2225
1630
1801
1689
678
471
1064
398
5622
619
263
1589
1348
170
1206
1179
757
284
354
342
310
194
7458
726
911
668
409
279
2217
1339
299
410
288
143
625
138
595
595
379
896
360
306
302
319
608
168
550
899
767
893
3190
1047
1267
562
518
1714
3876
441
397
342
447
262
199
592
932
355
1705
5014
1541
2621
494
7101
1043
558
3675
1249
410
450
1407
374
567
559
586
3791
708
232
739
925
241
688
1399
1446
617
181
1085
712
659
412
293
4533
1004
727
511
1909
622
6758
3964
151
337
602
819
1442
271
685
776
293
1402
1264
222
548
466
513
648
930
1935
710
695
874
2747
764
450
338
2393
560
717
508
1260
809
304
943
577
711
316
264
463
335
231
931
666
629
1904
281
1173
2674
517
480
1044
304
845
475
220
832
274
1049
1445
1761
685
182
924
415
729
670
2520
807
202
3297
866
2014
588
422
691
1748
2770
408
1111
465
564
300
525
560
831
884
666
305
957
791
276
559
5585
574
675
785
239
382
880
534
260
2528
990
531
105
501
841
393
349
322
453
1567
2111
1566
673
209
1012
3690
531
892
180
331
359
224
359
322
302
769
624
464
690
294
1254
199
1974
250
319
452
553
1801
526
397
810
283
415
464
699
485
567
1891
1201
4370
434
214
548
287
359
622
8873
342
614
1891
953
4462
640
632
2906
3677
2946
826
2540
1346
774
362
663
469
639
546
490
557
654
850
598
329
466
270
700
533
575
1695
328
253
702
1053
428
2112
737
227
412
427
1203
1311
204
1351
229
756
9674
344
912
216
431
239
1935
2723
675
503
423
887
468
2522
2546
352
267
3277
4977
2851
332
1585
5375
295
652
397
450
190
715
2299
1756
446
1849
546
568
335
2101
702
495
766
3522
2386
1327
1314
3544
244
313
661
496
425
6439
540
2496
304
478
291
247
818
609
957
425
617
2765
618
430
421
917
286
674
1445
644
97
1134
1151
402
2347
489
378
2346
303
1290
564
310
570
748
4225
236
1297
1988
2294
689
3668
303
408
199
238
541
258
466
232
510
141
382
604
1648
749
410
350
948
740
4628
224
521
211
4798
799
499
2762
503
1264
579
1002
814
143
370
677
2768
1246
1105
677
494
327
532
1496
441
242
168
3547
2672
741
137
299
338
1343
783
320
295
3173
3964
376
255
488
958
2905
734
2104
553
455
4489
5256
468
630
3170
475
350
1246
824
1964
693
471
3958
142
390
914
627
359
592
193
2608
177
589
240
487
1985
265
421
761
191
354
372
2749
551
678
464
826
468
374
1726
714
337
1855
712
396
452
565
463
634
296
226
475
751
147
361
364
1051
664
684
624
209
2479
2066
334
697
753
412
602
666
533
1522
649
482
2862
375
541
163
782
553
435
214
3403
270
466
4295
1134
656
252
605
212
417
842
818
826
1003
568
939
776
563
373
518
358
409
724
513
270
271
388
1882
3057
213
502
629
3369
493
1416
694
425
771
931
965
2695
526
314
3981
588
1123
375
598
2936
424
1161
503
539
735
699
561
1329
656
433
468
184
614
1128
667
456
344
2324
848
282
376
427
2941
420
568
265
4246
1369
241
194
536
334
1181
869
1799
350
7333
4290
488
512
696
268
844
347
2026
2487
962
593
626
644
523
329
559
473
1770
260
1031
682
385
869
883
399
445
752
836
468
1696
308
402
648
728
1107
338
431
224
444
604
430
1562
243
591
203
395
576
1990
323
489
316
414
2089
392
449
981
1009
694
672
821
413
425
134
5524
668
373
335
1540
267
705
1092
415
590
213
122
442
191
1702
722
645
606
338
768
166
711
483
2154
755
157
3553
4612
348
360
383
502
582
4382
472
407
388
229
445
422
553
710
455
922
3829
927
1160
2027
486
146
271
952
2825
250
565
446
1929
274
1769
1189
270
5064
521
139
603
446
571
2921
1403
475
550
272
426
1568
301
508
502
619
1929
777
464
259
752
294
248
2991
1004
266
372
369
640
484
500
219
354
554
913
467
1357
360
2976
339
692
739
190
977
342
237
745
537
598
711
1585
238
572
1252
835
764
499
3704
444
655
412
161
1034
660
313
4324
678
357
641
923
377
201
2960
423
464
233
197
478
674
687
386
393
356
411
212
727
1956
531
769
1797
624
577
1221
248
1030
263
411
409
158
508
618
494
143
554
1157
3028
246
324
211
1576
508
316
410
1938
367
1640
294
364
1234
236
402
411
554
417
236
1286
432
675
2230
642
415
562
1969
237
259
400
213
230
213
860
806
1775
162
820
389
612
544
516
484
1872
465
456
240
817
912
422
814
775
309
206
766
651
472
807
435
197
510
485
701
374
935
462
745
1304
463
741
1424
331
561
1085
1009
196
1003
592
673
1857
435
223
571
2528
239
572
700
822
211
229
561
250
850
504
933
389
856
537
302
1682
519
585
2288
156
319
817
408
669
400
1874
2140
648
1228
726
1046
657
654
2616
931
412
220
360
320
553
391
3291
561
771
185
940
842
838
462
172
386
562
1616
343
705
542
401
2075
385
262
257
2154
801
428
888
1334
945
196
370
782
187
431
482
503
364
602
728
228
562
471
368
500
808
289
517
535
511
387
325
1360
1037
194
821
667
301
731
353
2001
277
252
322
1029
535
272
941
344
720
325
459
826
262
215
1203
1194
333
291
531
233
666
937
650
6274
698
523
501
634
3128
383
638
178
3935
1906
526
584
3342
914
734
334
1666
1098
575
463
567
549
358
615
1034
766
314
186
807
335
603
535
626
2156
962
204
3501
432
324
3732
525
639
360
4161
206
1286
498
2907
664
583
266
2955
663
424
351
215
299
574
3519
376
493
3568
593
451
410
438
2729
593
5064
358
1029
418
270
595
332
270
272
301
593
482
479
504
706
375
801
688
690
888
269
478
437
421
3204
462
190
263
459
382
438
970
1699
3005
1196
614
467
820
1003
195
515
195
721
610
178
1978
5821
534
711
1097
812
634
646
696
486
2300
3037
200
411
360
446
348
277
386
436
932
702
849
617
931
9945
167
511
1088
366
489
363
752
502
198
6462
626
378
526
861
1730
429
2107
297
665
289
641
267
450
1002
525
390
2675
1960
801
274
681
577
701
293
637
283
1461
595
441
248
541
292
1819
520
336
6927
560
2136
350
309
469
565
652
289
369
428
301
564
1134
402
334
648
573
1051
238
482
298
395
576
650
698
793
763
419
740
440
2060
4252
464
598
532
1663
749
581
2397
1827
300
151
533
152
531
291
256
312
497
806
555
659
530
652
920
479
596
787
2155
4283
402
544
481
580
687
721
398
2161
299
213
592
4442
2061
432
717
416
543
131
2029
1899
447
383
1739
330
423
433
775
539
1054
442
630
95
549
261
3837
523
424
551
652
421
1065
4209
621
514
734
1047
754
483
2849
915
306
1329
505
934
879
401
85
369
513
576
724
425
654
648
2688
317
186
1619
667
842
201
489
591
218
362
672
622
272
2020
534
213
715
264
1067
717
457
665
2485
842
1916
840
199
4239
166
296
1992
171
653
425
2040
453
643
311
2059
759
379
691
320
870
655
751
599
748
1391
705
647
556
322
419
256
562
640
2485
812
465
169
840
166
1590
584
162
230
1600
454
1001
758
3017
430
2345
502
2784
288
477
316
2830
555
3394
415
2624
281
374
545
1631
322
681
1016
5701
504
1046
766
437
448
338
168
1670
404
207
354
673
639
1187
559
381
803
2675
854
393
1439
575
484
427
443
218
311
2399
593
198
200
505
1969
1563
867
517
540
864
349
476
2571
505
566
493
1899
1047
299
227
589
258
345
171
309
673
746
586
416
629
2705
536
628
301
481
653
602
1618
367
502
474
302
749
427
823
611
289
424
1008
1055
853
603
262
473
504
393
1017
1341
366
478
368
2758
256
407
2826
4436
665
733
474
921
524
189
696
763
758
791
579
332
484
2491
564
281
529
289
739
5219
987
813
126
1326
598
198
5803
904
2442
1297
128
1173
1587
834
311
588
464
162
309
557
367
811
1406
693
1534
2245
1364
836
174
690
643
649
3744
2586
797
206
663
263
2194
1065
1362
668
523
302
411
415
564
436
567
436
559
167
615
434
278
304
290
429
589
537
231
107
312
600
746
353
187
617
375
229
397
696
411
864
675
624
278
782
3645
386
357
491
542
1365
1774
235
701
2144
705
214
415
1563
306
114
456
1112
412
562
638
375
1170
212
1410
681
1521
649
493
3266
338
507
1700
325
629
550
472
1532
966
2403
2210
405
498
539
780
430
223
899
800
577
327
854
601
211
330
406
174
681
317
189
532
648
634
1075
316
569
377
2477
286
344
386
2373
1045
3003
1625
666
1863
608
510
143
416
4151
637
1367
3112
518
1313
524
3878
424
466
530
723
223
2961
540
634
1343
1031
286
984
1556
512
149
522
2774
563
420
324
330
305
421
867
437
651
347
367
512
362
2500
613
1284
1068
2217
423
546
505
567
1208
189
650
727
6174
288
863
2060
1667
679
1830
694
2130
2327
9526
746
292
572
624
554
545
521
410
553
429
1023
299
3236
1024
696
601
530
1104
444
653
1501
144
1022
299
680
457
145
440
2025
507
609
690
612
360
1036
641
5084
1082
174
567
325
404
410
369
444
634
4751
699
860
372
2773
532
173
503
552
344
446
712
1527
2608
625
499
162
345
1529
437
692
796
724
578
718
1324
279
440
914
454
313
996
426
289
317
303
982
677
2187
204
619
1731
5881
700
617
559
414
1969
640
332
300
407
2610
744
569
342
1081
426
1631
243
297
970
871
630
362
328
2123
501
524
1962
1909
847
2672
1635
605
1965
402
1993
256
702
193
1920
805
539
714
498
326
667
778
300
2709
3318
307
691
261
288
392
1281
561
708
973
2506
1290
413
1697
585
522
936
79
10588
354
523
577
623
208
515
383
344
204
271
434
632
512
295
207
1447
407
1732
538
1405
2507
453
915
199
324
464
422
1133
622
371
473
325
437
350
576
651
207
999
252
953
255
721
522
347
583
773
611
737
396
517
581
1370
422
266
436
1060
250
2139
909
620
4942
661
217
1211
1182
1528
275
458
504
2315
424
2752
246
861
1004
504
370
1832
1656
713
3992
799
186
964
967
1687
1484
749
815
614
392
437
769
2015
666
625
1291
534
607
356
705
655
1008
236
2459
673
479
4350
725
528
426
201
438
400
5476
615
945
555
436
359
243
517
787
618
445
3012
815
296
189
374
1731
384
362
255
190
359
173
2263
310
1257
1629
2248
1245
446
759
274
360
634
509
622
3096
264
886
574
362
882
335
623
458
597
813
3584
2915
447
5773
2372
1407
2087
476
4716
436
223
379
147
682
201
1772
684
625
3006
443
461
887
1237
594
584
1449
1715
2060
240
1515
5852
375
122
489
858
834
745
321
279
527
560
163
2609
674
749
723
587
651
459
577
2527
654
551
1949
361
212
540
541
463
910
188
835
843
337
1429
237
462
717
193
348
532
308
1118
452
4072
527
282
151
631
586
1101
294
201
427
710
1211
418
240
663
1086
2096
316
644
233
2145
271
216
937
741
463
490
646
429
413
579
3794
2424
1730
640
3258
127
143
2699
476
351
262
1419
529
159
1491
501
326
612
343
571
663
435
320
562
625
4437
714
445
472
250
313
1492
487
336
1781
810
625
367
415
165
1500
242
471
883
3441
185
1036
641
113
163
416
953
496
282
909
542
545
358
573
197
731
538
460
1085
1221
673
1560
265
570
344
1407
726
663
647
361
506
293
917
438
147
2672
1659
456
2610
236
814
471
633
573
642
388
2533
3283
441
735
640
193
461
494
842
1409
267
673
513
1450
499
534
839
453
636
3136
1530
278
749
2404
4240
882
1893
547
175
526
566
2084
859
388
348
349
461
647
373
309
779
329
575
5076
504
285
684
335
723
394
850
3770
944
300
201
396
633
1131
1084
181
2506
288
756
510
603
346
1094
1091
711
1612
5307
321
400
897
306
692
1073
529
462
401
660
1507
1744
510
477
2442
623
3567
351
881
2193
262
561
964
177
461
1241
286
239
246
442
434
371
448
1205
488
3165
2653
739
401
275
930
544
357
1796
656
700
1459
3183
731
664
3866
400
4115
634
535
507
1632
2283
389
1992
555
5012
1974
957
1079
403
1462
583
746
717
378
457
478
258
450
404
920
989
846
2050
572
997
708
428
487
4913
399
559
188
360
827
530
430
1020
717
334
506
225
514
743
532
5032
1828
1143
747
706
484
442
398
688
655
163
1352
1440
439
1879
2937
496
1737
388
415
517
232
316
1081
905
169
3719
279
333
478
123
592
2381
754
572
412
312
682
386
405
605
2888
3568
503
96
666
401
2613
2687
1669
489
246
280
1402
345
582
898
226
2328
6520
623
752
252
449
691
146
1619
967
1276
1156
241
1292
3540
530
481
711
769
256
3528
687
355
278
464
6058
2697
357
356
701
439
619
545
479
426
803
564
1534
392
750
1217
836
624
1228
3229
261
725
671
733
459
707
2962
568
695
1526
1326
281
669
529
399
1814
425
777
2015
391
693
196
518
960
236
1005
493
501
309
877
643
505
5339
2049
231
1422
736
492
679
506
327
948
518
1013
305
679
1538
293
422
5339
897
188
1775
848
588
1446
1005
713
323
659
788
751
325
916
239
303
793
327
603
1370
426
454
1819
1023
391
234
281
909
322
948
356
1982
627
2929
663
977
362
3195
1277
483
564
764
457
1133
3408
625
747
425
1161
525
770
742
624
504
479
424
306
275
847
778
366
2987
319
1409
254
476
444
3431
502
484
764
926
533
255
426
287
556
1261
426
683
245
429
623
491
583
594
364
975
605
395
450
460
419
847
1527
383
824
918
505
247
3562
965
3427
779
351
631
166
829
382
1016
626
699
567
5147
573
1019
560
559
669
654
774
1991
884
1458
666
467
5966
581
895
349
1028
1241
811
553
484
309
137
1415
456
525
703
2889
758
2788
420
328
276
1086
821
3464
342
972
364
280
641
461
187
683
238
543
852
390
575
3134
137
716
743
2002
647
433
397
703
1551
465
894
448
533
978
176
475
549
506
1225
377
451
294
499
599
304
644
798
1541
1428
578
317
756
457
4046
345
671
860
971
175
331
477
1372
679
450
285
598
364
1533
1051
1453
787
1441
553
522
818
319
314
4645
981
228
290
1179
428
825
408
2472
273
340
388
822
676
513
512
249
123
269
1283
604
954
252
198
539
453
305
422
551
3865
247
779
359
832
196
149
502
340
315
287
563
448
524
542
1213
286
595
715
253
2058
298
261
742
814
574
5259
696
359
285
429
656
926
1586
390
124
950
578
406
3183
358
665
350
306
503
1626
994
229
1577
351
845
141
621
2199
654
2260
3573
223
201
808
658
280
421
959
1005
338
1018
1999
495
872
506
717
319
2605
251
324
850
1040
433
341
1569
607
156
610
1130
153
780
814
169
727
437
245
909
502
1009
490
723
293
367
1772
283
2770
421
3907
457
827
266
2264
399
875
234
389
530
999
437
121
344
270
1908
829
657
3843
688
2525
221
162
284
455
302
434
420
583
859
289
1556
395
302
426
356
369
921
436
1366
776
441
528
426
2545
1421
303
1576
147
605
995
304
453
309
630
726
3819
1809
1048
6496
173
636
407
480
576
1281
241
190
275
240
494
2324
569
587
140
247
571
215
230
491
273
1356
320
463
600
341
642
737
372
523
2067
463
1419
590
783
710
330
251
1593
1509
815
2707
369
352
503
951
312
306
2898
2889
3529
1539
968
511
675
1153
387
507
1901
568
1675
3831
549
264
302
2597
866
791
1168
956
580
734
783
3189
192
3192
1539
395
202
443
539
583
619
1050
459
970
738
486
1589
5471
733
731
247
588
366
1203
251
195
680
2558
599
940
1679
3020
531
483
313
461
603
3385
463
343
200
231
585
415
643
748
2876
323
1718
308
176
995
4488
529
358
639
376
2315
502
387
680
1125
304
739
405
404
633
1316
3801
514
409
350
679
361
770
478
604
215
262
1420
559
490
1071
814
245
299
559
260
616
531
684
2384
386
1511
628
1168
895
298
744
384
370
242
967
372
1285
761
1014
316
168
2010
1290
1375
387
622
417
781
624
648
457
266
753
381
147
453
317
415
403
3448
1132
383
653
539
548
543
419
842
1173
665
2614
624
206
865
745
660
2469
793
727
749
427
391
638
1661
1040
702
700
559
713
599
547
411
427
5717
654
246
395
1196
1991
556
479
474
314
251
572
348
589
754
283
3428
613
568
3332
579
417
592
654
518
438
894
911
1043
546
386
944
2619
579
470
4464
418
324
2858
239
963
1187
725
171
421
392
224
496
444
252
6150
132
396
263
289
1021
327
837
1857
550
763
1527
243
521
741
738
265
1568
605
998
434
540
506
1484
507
463
313
657
738
586
365
248
661
933
355
749
541
346
385
292
253
613
804
718
677
1080
4447
902
271
485
558
725
790
647
788
265
1651
584
880
518
523
441
570
374
215
522
720
188
293
355
493
2337
2338
535
564
961
3303
831
285
1197
441
1040
317
3502
377
876
1128
141
1646
98
245
499
1985
442
167
2379
286
708
674
149
592
334
905
374
859
972
749
1496
278
843
687
566
760
400
295
476
2164
701
200
485
785
418
513
1017
941
894
420
212
814
821
415
391
1149
321
332
2238
529
658
2234
630
518
406
398
827
562
457
356
655
491
391
1507
374
660
427
1828
988
580
567
612
4666
1513
1012
1730
440
637
287
1011
373
718
944
1607
314
845
311
3402
633
440
370
1143
945
517
368
533
520
234
622
385
139
1600
439
446
136
592
3557
4967
634
845
339
527
436
656
1559
143
474
320
339
101
693
740
414
864
440
509
1995
288
443
329
1762
742
233
2102
377
792
327
335
1068
3433
204
2205
422
2433
324
535
551
363
288
377
1141
1326
300
697
211
615
226
1534
383
690
714
533
616
776
540
567
593
356
221
1036
267
1859
3733
609
531
579
181
194
286
893
951
1423
1079
461
626
253
827
6625
817
338
931
794
1661
1255
1709
300
517
385
643
553
580
1370
551
5065
382
689
233
199
423
1930
358
619
454
441
393
512
386
317
154
702
529
2443
5124
339
788
589
525
574
2318
2840
493
738
3212
313
554
499
486
534
676
341
463
537
127
646
2429
923
750
1578
918
467
280
322
927
2879
950
923
972
714
417
282
556
478
5140
670
973
772
254
1153
491
1641
1305
219
1797
545
656
135
4356
798
630
332
628
285
359
1561
829
660
525
499
508
243
477
382
7765
500
884
507
1573
614
2140
2206
774
536
816
866
514
623
573
1850
208
550
204
798
202
433
286
193
302
2325
510
359
370
505
462
427
267
628
622
580
676
681
677
586
441
650
5385
189
579
3005
249
727
441
473
832
634
376
236
4807
311
832
765
564
530
1122
444
1034
2919
347
638
4043
703
286
743
1526
5054
645
2474
714
448
380
358
669
383
4207
487
133
127
214
571
490
495
298
421
640
1022
662
708
1247
407
217
885
419
1258
2653
858
841
698
300
316
795
550
516
569
1039
566
796
396
588
239
353
148
346
400
737
1066
721
287
463
4011
421
527
607
462
648
890
448
543
1884
774
612
1061
560
2795
675
616
505
520
400
157
1250
855
2586
647
1152
287
1308
674
442
468
341
542
655
197
934
757
3918
2138
720
1914
1908
612
3568
299
2077
475
1339
1142
486
750
754
268
617
2444
1799
609
787
734
458
289
3289
626
500
416
372
914
2213
968
595
262
669
349
708
1231
1177
1016
3350
297
389
659
834
1535
894
732
313
727
850
1015
116
788
270
932
404
1326
286
421
434
509
632
525
157
476
449
359
343
637
143
3173
628
627
764
2356
306
204
1030
766
432
864
316
418
663
501
333
557
324
1419
231
208
171
369
738
494
726
454
439
398
557
571
186
1058
496
211
2369
765
1065
375
564
558
204
321
360
985
203
485
433
545
509
3231
281
207
2346
552
279
475
2595
423
298
3896
2596
194
286
797
393
668
1536
1492
1703
390
382
643
889
2283
397
160
3695
9608
2557
254
611
311
228
672
452
690
363
594
7548
469
535
2758
283
612
571
320
463
498
2574
1470
509
485
6771
565
507
809
324
441
512
2479
438
797
464
955
418
526
968
316
157
395
530
1998
408
135
367
489
431
1397
2057
858
375
674
373
640
1002
231
3230
613
405
623
510
249
1342
414
419
2042
643
254
140
4848
267
1500
3392
340
303
1502
318
2440
1030
3067
547
369
1395
203
1934
368
180
2243
204
2461
862
562
165
150
770
1354
1214
1447
493
706
255
1164
292
1713
4485
554
501
134
303
2129
305
652
240
3066
1106
868
512
1999
585
1106
498
436
143
2386
1577
3388
543
3216
304
252
251
840
2660
1478
1096
254
582
818
951
981
376
374
243
1682
120
176
276
265
302
1068
676
384
383
356
464
209
307
2058
610
594
3902
431
478
714
473
371
785
561
3099
525
700
3190
2087
1100
617
813
617
608
498
3101
690
1657
238
1018
357
448
348
353
265
844
281
1282
283
567
831
737
705
650
530
1081
1701
1108
445
1256
517
3142
537
526
394
1905
914
238
196
399
444
268
1358
636
1239
472
258
1599
645
472
111
370
655
1639
369
640
3900
372
837
1398
832
342
3284
4414
335
480
459
2552
475
326
4327
1125
318
1338
357
293
380
1648
867
322
288
3769
553
356
707
250
381
560
656
498
383
373
650
335
490
251
360
135
590
79
179
533
1272
300
292
472
1265
2186
595
897
409
4271
985
621
203
2847
4154
642
1108
364
429
689
439
343
628
500
162
781
318
1015
420
651
447
264
987
339
364
513
589
712
244
988
553
775
808
683
1477
320
571
408
1730
1003
611
739
167
903
374
845
538
667
2505
453
1621
399
690
574
482
594
2353
324
1518
333
2179
1336
378
236
559
349
603
391
582
578
174
534
633
2687
567
647
407
666
1758
507
245
135
502
1184
1029
754
288
851
1905
811
693
692
467
387
269
292
1294
1126
938
303
1264
377
558
2208
187
368
153
1475
5731
1351
739
224
398
536
76
407
619
1336
789
1414
1107
4021
698
572
531
2059
506
677
5086
787
339
209
491
532
170
634
1742
589
210
257
607
403
1063
1680
460
5892
530
233
1934
1251
168
424
287
375
4207
344
791
1142
430
616
840
781
558
145
212
756
546
647
769
429
437
1139
1276
193
487
523
367
235
1343
307
1812
909
707
758
1449
355
2569
1853
482
541
1461
473
1510
656
1609
357
791
594
667
307
696
360
1814
1774
639
6041
1126
305
1346
247
908
500
573
4204
5075
609
548
535
134
177
672
639
469
1804
710
3443
3271
960
287
566
289
510
1900
519
427
1712
356
660
760
651
350
163
387
912
3259
358
240
1131
495
361
514
556
200
239
301
1059
139
1785
2388
1817
2604
209
407
535
540
328
244
348
334
544
278
1231
217
249
368
892
1296
397
594
1959
641
260
499
412
391
503
1133
2500
772
579
2061
754
419
733
477
973
610
424
1325
251
1359
2966
569
563
423
440
858
760
742
609
2081
757
1054
1010
2866
581
470
698
273
393
221
175
5080
329
437
996
416
590
1844
2322
606
485
958
537
344
372
769
316
615
1522
739
335
448
595
1554
712
479
632
397
337
182
1384
228
231
4964
1079
243
712
867
579
675
1320
604
931
635
670
1060
795
764
109
259
358
418
176
519
1383
952
476
685
535
4290
373
158
674
2993
980
921
1367
650
654
1559
572
427
3480
245
462
510
396
688
131
209
852
285
502
1853
1970
700
489
470
727
175
4589
638
2797
259
346
2862
3507
732
582
839
387
546
760
282
391
475
595
489
981
459
424
282
925
701
1830
240
661
419
290
397
498
644
591
3207
553
1186
732
1557
686
857
2447
691
679
428
1512
256
166
510
895
780
552
496
116
309
573
425
581
251
715
2521
471
714
681
537
804
189
435
1346
448
808
689
472
349
141
217
2138
428
2677
354
1023
659
176
474
374
506
607
260
738
1687
345
739
582
246
562
317
331
1968
405
534
234
3080
761
1555
406
351
1327
1006
583
3431
536
567
332
239
412
641
321
498
868
438
607
418
445
271
958
456
599
522
339
574
222
1961
455
578
778
1733
219
241
1082
477
262
366
4648
401
494
905
399
404
2027
591
554
561
4947
303
2279
417
637
1140
1869
468
461
419
313
917
439
447
690
274
366
1171
521
1416
583
434
656
639
262
5065
305
1491
613
806
251
347
580
958
2311
185
1162
871
875
214
1878
408
573
198
698
257
443
409
851
509
663
323
3233
530
624
916
214
939
3564
427
817
690
332
238
2346
1405
839
769
734
339
644
182
835
4320
397
1958
321
3048
376
848
773
222
744
420
588
600
591
853
397
637
1601
629
278
542
598
283
226
680
614
533
243
738
3345
270
748
405
318
606
690
1206
482
793
495
1311
5948
566
778
624
550
662
371
400
653
577
2484
867
2589
421
603
801
932
128
410
393
1462
384
543
748
593
778
411
678
515
948
624
486
4616
1034
469
234
1269
777
370
4433
3983
428
455
213
1078
2667
510
448
595
178
122
415
194
114
835
371
504
422
351
264
685
352
1138
853
471
273
2523
893
432
681
466
6562
644
651
909
385
394
245
369
621
408
361
839
848
545
551
393
663
599
732
587
168
489
8189
1690
767
392
242
1821
808
1205
452
448
1085
1330
791
160
364
2786
446
824
613
961
792
240
170
254
618
209
322
337
776
1962
1524
641
431
793
434
422
576
296
758
397
276
379
472
1170
544
787
2348
535
2570
1130
1145
689
949
5454
404
2240
483
647
4474
451
382
300
687
809
1425
307
469
180
560
1018
151
522
401
706
815
579
374
189
711
256
4978
323
1203
669
681
8579
306
703
336
478
114
453
180
357
1736
423
597
701
1453
671
882
402
358
1769
392
600
309
378
766
1529
6223
1463
126
2499
997
568
726
567
533
406
212
562
235
441
331
3174
1571
2455
503
904
571
878
702
1641
383
379
394
2344
1123
666
683
225
1229
565
176
459
517
374
623
206
720
351
771
162
298
1687
310
1289
525
2516
262
4679
721
159
115
594
496
224
608
220
4310
569
744
1653
590
4775
267
724
642
177
377
295
235
1035
489
775
1593
321
653
561
1382
259
362
411
244
2765
408
177
1108
149
554
797
691
689
704
780
1260
239
394
1267
489
201
219
218
541
648
464
263
2281
303
826
693
1711
270
703
583
450
480
444
821
982
158
796
541
216
352
436
1468
594
952
589
1010
672
3845
735
1005
582
204
749
1312
1229
618
1313
974
527
1616
435
374
414
691
562
299
449
225
208
1464
725
765
356
9348
163
199
518
627
557
191
492
807
522
482
2053
658
465
222
400
419
305
2324
2497
282
487
524
291
1541
362
638
443
2682
301
2748
972
411
424
470
397
2219
1469
273
239
5419
484
632
478
5555
307
1767
430
3088
3178
1935
395
385
302
2328
1939
367
1020
397
587
2255
1534
1799
1345
308
6581
1601
424
3043
5032
585
612
296
416
524
556
3128
2802
1764
342
1137
1570
665
1994
641
662
539
1863
450
172
334
341
245
417
491
293
586
343
533
825
501
680
764
589
709
212
480
370
474
313
596
1669
464
561
337
236
214
652
473
3124
1283
401
1239
267
1240
353
2744
2083
1647
320
420
585
575
535
402
474
2130
265
262
230
416
1741
731
480
339
379
309
851
423
2965
526
277
667
379
193
784
438
1452
2959
402
202
532
379
676
312
2014
403
303
648
765
1222
359
229
252
1239
618
143
225
379
352
452
1268
2483
568
2135
917
1933
1088
552
744
188
1712
1164
365
823
398
2816
550
330
415
477
481
2843
800
704
374
458
447
803
443
436
468
635
585
2248
552
258
1014
397
475
3366
307
1135
1363
1668
208
783
901
5052
385
1470
2817
3722
452
356
253
591
374
778
136
2869
475
1169
401
326
201
455
205
299
2842
490
610
335
2583
1108
539
378
1900
906
640
3715
243
514
669
825
647
563
435
709
609
492
446
951
123
774
321
463
878
660
642
285
161
2363
339
385
482
695
126
3620
331
306
1457
377
564
412
469
413
1317
587
1298
494
2845
667
1066
639
4528
245
228
360
6126
537
240
535
134
534
1805
2426
704
401
1988
331
337
466
1140
444
2604
957
285
4143
719
1680
486
149
608
201
536
315
743
1168
398
290
503
666
1623
253
335
2271
324
449
218
647
362
727
665
1572
146
475
1289
255
600
770
2423
253
970
543
533
729
257
503
345
174
923
640
682
536
310
607
851
1652
2081
482
2339
835
634
2314
398
1671
306
714
369
486
380
1011
1224
601
902
254
421
1458
4578
1158
588
305
351
450
1977
368
489
141
350
538
235
1600
1437
686
1323
357
320
355
265
218
342
442
3773
446
3923
3159
1974
349
1153
416
237
929
324
452
2698
403
619
398
2179
415
359
719
340
1553
518
2485
1507
565
314
479
1691
1133
2047
345
656
475
192
394
546
772
680
241
588
500
155
718
618
244
280
337
398
950
502
938
373
671
207
482
581
288
294
593
276
580
252
216
2710
104
325
963
322
2435
587
229
1063
501
867
361
93
82
1276
483
294
626
456
462
488
665
160
3982
441
561
612
2068
634
368
489
566
328
437
2598
659
606
519
693
1610
251
579
581
330
381
479
349
772
398
305
3912
999
278
3651
442
2610
275
1900
1201
398
476
256
344
175
1221
692
974
915
770
3318
480
372
316
1112
429
462
593
374
1469
660
1730
437
425
2404
463
432
977
2102
325
265
531
141
679
346
716
902
978
678
380
911
610
395
840
876
532
396
875
594
939
597
577
3229
904
395
1145
436
500
368
302
553
209
228
729
317
493
375
335
1123
642
1309
456
3032
320
196
1750
142
746
670
500
1848
690
819
934
885
299
1751
706
282
1054
356
413
621
1066
171
532
1163
1126
485
4420
886
1968
1892
906
596
604
553
890
487
511
364
599
859
170
734
769
680
289
820
687
319
569
209
131
435
487
921
3635
280
673
3707
376
696
596
1472
713
321
1410
843
464
278
2121
1807
275
273
402
1202
456
2047
2765
591
1124
298
3409
847
460
227
480
310
845
240
749
508
2836
466
512
717
2875
292
336
280
685
215
692
381
267
353
945
557
872
461
423
415
774
3267
708
274
388
373
947
783
206
3454
971
1496
531
568
995
463
2299
510
2180
312
239
1103
850
115
556
613
330
521
717
374
1024
2456
244
231
960
688
6276
715
942
228
1113
3776
404
3975
318
568
161
908
758
368
625
225
640
1275
229
890
891
275
271
552
3949
971
389
499
3396
566
1117
572
1462
505
2948
854
727
942
658
3670
2940
256
350
450
762
1321
835
707
605
593
503
434
322
582
293
675
528
5990
464
1665
416
356
1189
377
503
1605
766
663
984
476
708
740
746
1224
2685
703
702
455
1036
1575
683
608
612
193
258
519
209
568
640
3826
347
708
320
1034
382
1571
627
597
1064
523
257
5352
889
296
556
345
388
498
1564
449
477
1202
603
475
472
531
669
497
1485
515
170
506
541
193
248
746
326
550
1974
897
982
1407
1260
401
205
245
1587
591
2568
423
552
1217
210
1726
683
1081
1937
362
306
862
147
385
675
909
3095
761
647
348
465
267
557
1849
3282
1607
934
308
3515
493
649
4912
505
357
294
948
281
671
543
3442
360
557
433
581
452
722
540
1136
387
396
1710
447
266
513
1350
241
743
434
601
275
361
535
534
466
212
168
583
318
1281
297
535
302
408
820
2813
291
3952
672
382
4090
410
941
111
253
242
546
420
497
939
155
2528
230
2782
654
128
557
397
524
215
114
637
306
896
527
880
743
634
806
349
1380
813
341
883
448
1508
288
309
562
1149
1647
391
200
454
2273
534
276
242
116
383
587
525
567
3335
2170
592
544
255
131
658
1243
2831
596
705
338
397
484
513
4970
553
631
544
173
2245
1777
563
660
1924
1654
574
961
917
757
482
337
234
177
1610
447
556
1091
521
544
5834
1127
1099
3505
469
695
208
339
639
192
3391
372
421
475
1677
5001
686
652
524
646
702
717
279
325
7096
446
136
2230
263
441
490
917
590
765
692
601
294
928
478
461
475
410
759
358
744
348
411
2806
534
1056
841
599
656
217
551
421
317
572
111
564
596
444
371
821
1804
230
341
488
152
301
3674
543
2311
1703
556
1091
802
481
1382
485
1852
1389
375
430
1076
571
125
318
379
379
304
390
587
374
499
585
422
881
394
435
1894
799
590
336
1978
340
369
226
348
198
468
708
288
444
1737
210
438
566
386
681
1193
1772
872
1785
400
282
470
155
514
399
336
512
326
1597
622
267
702
822
1796
376
334
196
575
534
474
582
2315
342
1999
571
268
563
2389
617
349
833
624
555
1952
1034
361
423
342
1367
511
773
450
477
1362
797
385
582
253
4742
301
371
225
361
2628
582
1396
654
322
555
2999
2175
406
468
306
640
167
373
769
160
1142
478
505
362
2509
1030
322
458
605
519
448
260
352
686
259
2397
401
1372
277
357
398
214
1096
387
544
2896
653
3482
544
184
3273
323
711
310
165
364
521
2378
447
263
746
154
461
597
365
729
1510
742
682
605
575
1553
172
234
388
213
406
452
367
270
514
254
508
440
598
282
351
526
1196
263
452
532
1558
165
1103
1433
449
266
767
3287
809
262
260
989
369
343
666
566
202
830
207
208
498
640
398
1396
1308
1459
364
309
958
223
702
269
1156
480
279
2377
2103
1318
1274
514
256
647
594
689
756
996
301
297
231
336
493
203
384
903
428
826
1295
419
295
815
470
575
169
467
1840
562
328
2582
3125
575
469
549
484
500
235
621
3370
609
2407
634
791
575
386
555
1671
311
1876
268
774
425
1390
513
1023
3419
1432
1528
328
401
561
525
663
1519
329
166
298
1298
733
831
530
287
461
1029
205
322
444
1376
535
60
273
680
4890
3680
374
464
1232
563
305
3160
862
1477
326
309
346
948
344
175
750
710
231
421
927
461
959
2731
1047
530
514
1261
489
3474
871
363
474
3353
452
635
479
408
193
2248
473
815
805
375
2394
583
259
2554
435
149
811
340
2163
362
191
247
597
955
835
292
686
1393
504
510
435
326
592
473
515
355
2077
1593
3202
306
1493
456
1588
386
211
1856
1007
453
452
312
492
433
425
552
281
943
1120
615
1009
4383
682
207
359
2291
1699
405
492
394
1262
469
413
964
301
827
717
512
637
1344
937
204
542
2535
498
1979
252
969
675
815
741
893
1251
446
525
1887
575
740
243
432
809
593
533
1307
401
516
1141
353
535
351
3452
845
454
457
538
218
278
637
1946
963
782
441
6351
251
233
1332
753
1230
237
675
258
146
847
360
593
398
3426
172
333
626
430
504
505
589
695
243
905
1537
358
1385
545
410
2441
309
635
389
353
657
869
537
1475
315
384
416
513
629
3589
1057
556
518
314
276
1085
692
622
337
397
1699
520
403
860
378
683
1393
660
393
375
497
719
574
522
1599
323
2454
841
1434
258
519
541
1970
335
843
279
629
564
406
396
413
841
5511
1051
1570
1181
511
566
526
1279
363
996
1370
605
962
590
474
751
650
374
590
312
516
4664
377
437
243
1564
600
413
567
220
291
496
95
859
644
497
459
213
723
294
298
418
529
1251
525
830
565
636
988
2255
231
286
472
345
564
625
524
238
8971
1158
3335
398
1331
2651
3408
2370
1358
884
236
729
633
447
562
211
387
315
466
863
925
7529
352
1730
3085
1295
1343
364
1610
413
1307
3406
609
377
3174
543
462
645
760
258
594
381
347
520
1391
315
2155
481
280
697
186
4774
180
407
4488
354
423
587
2068
291
280
1163
1383
810
1959
351
1023
2697
219
1180
2145
326
336
440
308
559
613
672
581
1055
1630
1887
6491
545
837
412
639
282
2078
614
346
639
489
266
1883
1681
428
1530
2479
292
1178
1239
581
1571
446
1650
82
448
468
188
189
5757
2742
2257
707
769
1346
759
555
903
720
841
495
362
456
271
287
426
721
1519
260
844
258
730
719
5276
592
167
237
543
2916
230
507
833
109
128
754
1040
245
580
936
439
404
622
1624
558
620
804
252
438
281
2301
436
1162
219
2063
127
552
588
5066
253
2606
427
523
632
236
370
316
368
899
353
1436
521
820
3005
512
1117
349
544
303
489
475
481
535
1890
237
3007
373
626
419
230
1211
374
903
466
822
831
506
737
499
241
433
131
326
3005
165
206
454
586
1299
492
584
182
718
446
576
542
476
273
4317
1663
559
787
465
282
435
299
7727
673
300
2074
1213
492
1557
3605
413
187
903
1007
862
407
456
3943
793
487
646
692
229
344
395
1943
480
638
543
241
682
436
418
336
2192
920
207
693
479
4066
609
697
205
744
492
947
483
378
514
203
272
614
6420
414
658
360
669
548
469
837
788
541
523
244
504
339
1228
224
598
199
575
334
513
836
1645
581
492
445
1263
548
546
585
631
404
3258
819
3392
172
221
512
252
402
505
468
429
376
224
448
302
886
233
121
629
226
1065
600
1215
316
401
376
719
767
185
912
4036
443
504
556
2883
804
1326
316
1684
570
1150
105
352
711
503
380
634
585
310
906
363
641
595
431
417
379
361
1178
671
251
491
3300
641
615
739
433
227
1097
826
561
1383
726
357
716
1782
389
2214
2080
444
6690
234
1736
961
484
194
791
215
2088
313
336
768
445
651
3453
549
637
189
249
395
244
199
378
693
755
292
426
357
1040
405
1654
692
307
3065
485
513
8225
428
1127
2720
554
1517
647
581
267
614
630
329
844
1329
299
2248
451
301
3308
525
586
696
274
228
640
917
516
333
568
1685
536
716
1688
377
1001
1033
513
432
153
620
488
526
270
355
2028
471
823
507
350
699
2138
2252
382
458
554
1486
378
424
882
858
802
795
584
2971
510
198
353
577
527
631
5427
359
229
2224
285
314
1690
635
586
2065
705
416
3166
963
747
3666
472
879
1858
1667
323
836
847
518
516
370
497
320
252
1013
750
622
814
2953
170
740
548
585
409
3737
682
402
145
451
257
312
194
1033
1551
591
2808
1076
573
530
509
561
645
691
546
677
417
399
730
933
404
380
2045
1028
647
1186
923
2420
367
367
536
487
385
781
955
288
699
885
761
609
303
855
420
321
3376
752
595
565
1150
265
287
506
775
411
689
360
269
355
470
478
545
192
558
506
1914
364
319
416
496
235
634
467
1238
518
391
219
989
4117
2028
1143
539
808
1700
2415
936
2060
288
617
310
424
531
846
218
560
891
488
3175
557
506
662
566
1505
2160
484
511
2336
358
456
517
338
1747
461
438
1312
556
589
2663
340
635
1139
314
348
1606
1138
531
569
1665
832
740
273
693
513
588
5579
513
765
679
483
504
537
583
2399
146
612
547
227
348
415
190
437
790
364
571
273
816
297
456
350
384
1444
2418
531
378
718
348
2116
600
595
727
1203
762
543
467
429
469
6307
1172
607
1029
2802
629
274
511
542
552
560
473
602
594
1250
545
576
462
941
406
322
393
1036
314
510
973
497
578
525
1189
431
1866
453
407
619
505
442
827
1080
7398
337
751
2680
1466
1117
4738
872
1105
473
658
197
556
306
470
2019
2089
628
819
165
976
368
601
397
237
335
222
940
808
4002
2704
274
647
365
1476
372
679
190
512
480
121
321
1207
1975
404
227
2134
497
349
1467
450
614
489
1407
570
2312
425
214
3617
817
691
592
580
721
478
745
1593
588
513
342
333
787
6101
655
156
433
1200
731
287
842
560
383
345
358
353
648
401
561
490
314
287
270
402
670
2954
473
248
476
3013
198
393
318
241
869
934
515
476
1032
405
828
773
324
1208
850
5505
200
636
621
780
564
483
821
222
432
1571
529
191
574
630
835
284
681
344
310
1003
754
299
704
362
572
480
397
441
719
652
325
455
725
406
444
676
699
1616
1105
699
559
530
434
349
3151
2128
614
1155
231
684
2712
683
1018
427
765
713
417
882
671
257
742
343
449
455
258
814
221
197
794
749
656
2636
622
570
410
1283
528
347
193
947
493
259
631
218
815
821
3345
3283
620
359
845
136
172
514
585
1175
1432
1035
327
428
6207
443
396
1899
571
227
377
215
978
1329
677
2775
1492
468
516
392
330
615
468
657
528
453
531
745
456
913
383
527
174
317
331
333
246
487
579
178
294
2950
980
594
3666
1329
248
477
258
1581
989
1323
96
490
249
1023
157
837
318
4409
236
407
857
4486
490
413
644
445
345
396
332
2030
3345
389
948
261
204
725
232
618
854
796
344
352
1113
1490
694
901
752
507
848
233
536
624
140
652
5651
354
2116
352
530
180
543
215
2129
756
390
1347
457
338
1051
544
632
521
864
717
451
531
175
675
452
227
723
426
437
466
796
747
687
304
3049
1894
1076
604
253
744
4494
702
4260
1593
619
979
846
557
655
418
1448
376
1319
1539
454
529
268
295
807
595
322
711
205
154
949
682
891
477
583
474
601
459
1580
2244
422
401
634
1305
353
1433
535
417
1390
602
225
249
559
541
2551
376
1790
142
404
526
1022
546
3849
461
155
412
806
314
666
417
478
318
371
470
425
760
1446
209
401
1219
800
769
1026
1002
804
424
2091
430
618
785
442
347
182
629
627
758
579
418
667
563
537
586
397
177
915
297
280
2516
268
666
499
791
395
187
959
1138
529
1101
577
597
772
1191
1126
426
116
787
1354
294
396
1796
8048
240
480
1155
182
385
472
455
956
677
176
724
604
491
1536
454
783
753
1341
778
333
759
2515
1820
585
986
256
500
1325
1603
306
403
556
641
396
297
823
231
1536
1297
688
723
134
991
634
514
1657
1056
555
124
390
744
683
536
250
1457
348
207
1119
403
4040
360
559
722
519
617
697
1012
710
680
485
418
3411
424
6547
379
350
351
206
357
640
468
591
395
502
340
211
647
682
623
1506
306
1753
744
347
310
341
362
868
403
959
2240
4318
465
1427
2983
835
867
414
1465
463
761
558
816
757
889
398
552
303
695
669
927
343
350
972
2359
1533
448
693
572
493
208
335
511
1851
472
2055
255
912
2813
466
224
687
1653
1354
478
191
587
992
663
4646
1097
823
841
1399
950
1404
357
2583
811
542
435
1135
566
578
837
1301
485
274
699
499
732
467
520
489
186
886
328
390
2527
253
523
2143
924
357
260
875
140
3063
2019
615
242
210
217
576
471
3811
329
175
656
548
624
346
379
215
268
1320
357
275
337
1458
352
496
839
980
579
396
177
739
893
852
604
564
232
533
531
618
743
613
520
380
542
1215
328
245
655
764
1107
494
498
548
212
598
329
765
949
2459
176
867
290
1941
1185
413
849
147
508
610
226
609
2029
300
788
357
1735
619
582
250
2650
821
178
871
441
636
419
349
3237
358
561
351
340
343
180
468
241
423
414
2696
1129
591
3119
526
451
489
410
2824
1206
285
460
2185
6087
720
1088
314
692
634
1596
477
2302
551
1640
832
942
283
249
593
199
547
513
1362
491
3008
2308
567
1676
452
444
1336
991
1202
535
4398
259
221
293
974
418
423
489
543
143
250
481
247
311
748
1895
780
925
285
842
410
2420
718
937
901
729
428
561
436
1660
814
541
1248
674
800
287
238
958
549
466
913
705
250
525
4523
323
2411
261
829
514
515
629
1911
172
1471
1004
1283
989
676
234
1198
1457
581
736
3593
600
599
864
506
532
888
891
770
841
934
371
546
347
2043
686
235
282
392
2726
576
281
358
702
795
707
903
240
360
352
3600
730
431
1584
511
989
1643
416
2110
1053
903
197
650
412
716
293
587
1460
304
582
626
214
113
918
414
701
3402
792
1151
691
451
368
312
310
3302
534
309
258
697
548
458
762
303
266
1396
492
632
693
766
827
415
431
1513
573
278
591
150
467
501
610
403
615
481
794
906
637
408
1655
1628
513
3478
532
371
1228
2188
758
522
500
559
744
760
756
601
4537
807
345
139
354
213
563
384
532
2370
429
316
671
182
311
422
442
515
634
420
639
484
767
596
3384
665
382
1805
438
556
4117
563
8475
418
462
724
2637
603
714
297
869
200
626
318
360
353
773
168
622
858
622
704
970
461
396
483
192
228
236
1196
714
545
487
513
4254
714
586
1142
598
400
1334
555
432
523
633
492
488
420
2271
1059
560
952
783
383
473
644
514
385
386
668
1467
515
543
543
681
1900
808
1000
448
428
356
367
1036
722
1642
255
2330
686
1080
570
425
452
562
4753
266
2555
363
770
1200
717
556
326
349
674
138
517
947
696
498
3613
1038
4114
2304
651
391
320
630
173
293
3113
812
793
363
892
341
586
1582
1275
792
202
341
433
1031
315
222
1310
689
514
703
970
1411
696
587
668
582
1116
359
216
941
672
265
343
768
199
347
863
494
1086
1175
2032
255
295
209
569
758
419
587
2584
857
176
1131
485
969
256
361
726
1187
2065
459
958
2474
740
500
410
677
10001
263
2145
493
418
258
356
4479
1891
307
356
535
761
874
313
3564
394
590
644
423
351
404
301
457
1747
3971
887
2603
195
353
2587
327
1429
569
