431
284
871
632
191
571
195
382
1140
487
659
421
1140
994
2819
1579
339
862
2167
374
2956
385
1644
748
709
488
237
445
744
3722
2375
540
2403
4002
1416
787
223
1453
462
475
257
1381
938
544
462
415
597
256
679
2518
300
240
495
740
539
2025
870
805
330
459
799
2190
4426
260
632
380
2105
1175
398
1590
590
3914
242
475
629
1079
369
877
270
2964
521
170
1163
447
2069
556
1521
1382
407
634
689
430
446
825
492
2743
461
327
610
558
467
775
515
736
1202
464
1923
3971
714
431
811
377
828
722
6317
359
658
1178
934
577
732
672
1464
424
264
544
759
830
1021
480
138
567
676
129
440
395
525
809
878
1456
1362
2221
522
851
649
809
589
803
797
549
1620
589
1013
203
749
646
555
682
2990
478
719
768
621
631
1918
497
360
5959
563
2947
545
626
602
573
2123
458
238
548
748
1416
1490
750
1158
1078
3787
426
354
530
764
1980
674
1731
3547
707
371
392
734
587
233
964
1103
536
447
1369
581
418
1380
321
2439
774
698
531
527
151
2230
851
408
5746
729
406
3415
278
756
1160
578
610
651
803
725
810
719
1139
460
647
240
477
1077
515
773
466
316
338
544
1710
849
230
1682
1521
793
463
802
468
252
736
508
314
358
586
644
1449
499
431
3770
222
251
859
147
1350
775
572
3730
1067
826
830
1403
768
298
324
295
4669
845
1027
1249
575
492
794
395
597
860
621
569
6508
429
161
520
4875
315
2113
2739
3186
719
840
238
2723
1462
518
700
380
4783
511
851
705
176
127
3045
1276
550
2740
1089
1027
1390
3931
195
312
876
516
144
450
264
2551
380
1043
4103
881
765
424
1924
1066
651
525
679
552
309
514
2873
1837
1009
627
603
891
688
272
560
138
312
2860
587
1459
1936
749
462
199
815
916
807
1793
739
644
621
1063
801
420
444
444
455
799
405
914
694
627
630
529
1419
571
7729
545
1225
647
459
710
515
394
339
912
3971
10565
556
339
551
1191
627
437
5019
465
2583
412
598
1952
281
261
2092
596
7535
857
576
488
1352
2730
352
3772
981
188
1814
356
520
4705
717
545
358
2247
604
557
382
407
347
924
462
1214
966
1025
14712
242
411
342
268
253
731
542
1064
3400
532
583
499
573
783
680
2793
585
391
1217
434
125
880
459
908
523
764
151
880
1558
261
714
2187
3083
985
985
341
1077
1224
365
2726
582
275
748
4886
291
461
444
591
278
467
271
740
5354
200
7406
3638
387
347
1197
256
916
201
320
793
365
546
1002
2605
983
2070
745
246
263
396
912
2749
2861
656
530
3452
748
846
543
235
422
459
459
680
1042
208
732
1246
548
4978
664
1115
715
321
498
720
252
524
442
9117
1052
1000
214
443
224
121
362
689
694
808
378
533
532
1765
1641
684
596
290
664
641
1429
319
688
608
232
4286
435
526
875
183
2629
314
1126
2763
4551
616
1094
286
396
1581
502
957
1775
594
664
1084
283
3051
798
398
2177
1209
385
549
2642
520
988
1374
555
229
2520
1499
351
240
1127
541
2992
614
10185
1277
1374
296
247
4610
3622
376
1880
273
337
2310
534
959
350
610
1014
464
409
491
943
1184
575
637
4687
494
1026
240
887
319
356
1753
547
1667
1201
550
241
536
263
1342
876
1163
522
559
766
8134
488
460
5741
855
3625
1072
1180
629
3702
1649
757
532
500
536
578
647
523
409
562
2453
1931
335
1067
455
1492
518
265
7079
3906
5148
2698
1168
565
944
732
176
2474
812
993
3222
177
892
858
682
746
782
621
507
766
3503
1019
742
383
656
611
1369
1784
543
817
528
1783
617
1918
5195
399
939
475
1847
324
768
425
371
2005
6428
365
614
435
2182
8683
1726
573
632
226
1303
784
401
911
829
258
992
1188
795
853
530
2110
734
485
767
1633
752
381
871
585
2320
4085
602
3527
200
620
2284
231
511
654
239
3012
381
251
450
353
631
631
356
717
567
261
452
736
853
330
5293
1340
704
2006
475
265
770
558
626
389
398
621
628
639
222
5363
795
591
557
366
390
2575
964
934
380
322
672
345
151
936
488
320
896
2731
1610
430
567
439
440
1107
547
1324
817
710
314
1903
316
1672
352
719
678
1014
689
374
375
317
2330
691
184
739
413
780
546
758
490
2510
984
2042
694
8867
781
355
737
2454
599
5946
780
655
376
1577
744
461
896
770
572
530
1239
611
2532
578
504
1041
611
1607
1196
497
573
1899
3861
914
4770
482
626
3265
520
1339
1580
449
924
1647
967
5439
811
463
497
322
261
1572
475
492
503
3568
370
631
2902
585
311
501
1698
1164
3746
721
479
7169
882
670
978
574
238
2705
592
222
348
512
1319
399
1464
486
675
443
1482
619
498
891
612
1843
210
374
2384
399
411
885
3344
940
228
552
783
561
823
591
2196
919
415
577
1198
568
314
4285
304
708
589
2103
336
4081
552
425
7308
611
582
2941
207
1207
562
3224
1249
527
531
267
467
494
636
1372
691
1861
546
510
447
898
582
486
197
654
522
733
571
1348
624
1310
464
305
623
710
339
3244
897
1663
1036
544
2502
302
929
183
414
662
331
357
561
2713
2815
552
4894
613
518
403
973
747
573
286
1185
420
531
213
943
786
678
830
351
478
2154
4339
537
338
495
885
678
7776
1493
519
3657
459
417
4148
6193
968
315
633
1206
399
918
4239
2122
757
563
207
2336
481
289
505
284
630
493
559
982
2244
698
573
274
506
212
3916
921
2198
1243
878
460
4436
313
13731
551
5349
844
1200
456
2287
600
873
747
2134
803
1025
402
396
568
2804
1270
655
7200
527
907
292
1529
887
481
653
967
190
535
770
602
1297
456
350
707
1863
578
498
537
1441
1310
112
6058
515
4571
2574
478
2084
291
424
334
644
763
493
427
742
1306
652
446
3839
646
464
1161
621
2202
585
404
470
340
894
624
290
506
645
915
410
1002
5111
1482
1148
750
1551
1139
565
2560
1056
513
1275
395
778
1080
514
451
644
289
625
295
5029
3631
729
207
3052
390
4061
6105
705
570
393
3630
303
1195
4750
617
658
430
403
657
762
940
433
477
587
359
664
646
992
714
522
1176
428
2109
520
395
501
658
1321
3006
1508
807
2527
571
277
210
535
526
2289
316
231
815
3768
666
568
574
1844
2915
576
421
2315
1006
442
1366
460
678
521
1885
524
662
548
1784
1014
4998
752
458
596
468
454
136
2458
594
651
661
630
1176
720
2968
2545
735
677
646
734
493
4469
6808
2679
1743
603
680
821
962
757
608
336
367
665
542
2104
809
603
786
421
1794
823
819
700
462
459
254
1809
3389
596
2829
900
640
615
3504
383
379
383
166
2489
378
749
2215
526
669
554
313
500
677
1050
429
920
2231
383
916
653
154
490
452
1171
1216
4576
1016
538
415
904
307
460
786
11014
532
2840
462
712
598
986
271
602
644
1742
2212
430
531
365
867
460
1121
1169
296
2006
568
487
490
476
235
281
886
3138
511
350
462
1158
2788
1060
434
533
440
346
896
1461
860
2447
806
3902
1155
687
3035
576
638
2402
849
433
1110
299
398
463
570
779
1730
1324
2128
373
1839
542
561
745
7605
635
605
425
540
800
656
293
761
761
5709
466
3131
3680
629
822
3505
2049
7566
768
505
2570
1327
545
2573
566
504
3434
347
135
5745
1665
2251
455
589
176
656
582
381
961
515
367
8145
323
770
1129
352
325
444
267
944
518
1343
784
496
1670
417
256
296
995
232
405
273
461
323
181
291
445
1773
178
351
532
434
582
204
1096
711
3538
735
119
778
540
745
677
1259
227
288
522
451
893
8325
7959
5896
405
492
1172
704
477
498
562
807
596
1811
732
291
381
5116
3468
498
1156
553
543
866
461
946
547
486
744
600
683
5284
289
326
252
643
1518
1642
353
407
716
1132
511
560
171
760
2786
264
1619
1104
671
2295
379
292
729
242
613
659
333
584
556
275
651
750
410
553
310
318
299
5384
4147
363
390
727
596
949
390
214
813
626
545
569
802
9765
337
2777
527
365
392
3113
378
661
755
548
718
188
504
309
231
577
721
402
465
350
2615
178
727
381
1252
510
296
214
446
838
653
519
637
505
358
439
951
543
299
938
706
1159
750
3779
506
2159
6798
600
3018
1126
439
2497
532
686
282
1033
566
452
380
547
389
973
741
565
689
1934
560
524
5040
465
2515
507
5007
401
8667
738
405
462
1002
433
787
960
5156
690
648
634
4135
734
638
808
1198
831
498
536
1308
922
640
2932
223
685
636
223
1134
651
564
3338
1074
3187
622
404
276
865
910
646
866
1008
510
548
607
698
632
423
413
462
1829
224
6470
2194
230
392
526
265
290
544
248
1659
811
846
625
790
463
403
743
193
664
643
650
232
898
348
963
5363
263
6532
927
2336
581
382
658
4115
430
541
314
602
612
763
811
318
3192
438
729
6630
1741
219
749
554
408
655
164
573
450
758
408
784
734
1478
268
811
759
459
696
692
784
489
1047
226
619
609
8696
660
242
967
3570
2063
646
170
720
2109
327
1137
464
862
416
542
548
642
350
485
623
1048
664
1127
503
313
495
318
429
521
542
1459
123
821
508
760
419
1755
2552
317
618
1036
451
1214
674
440
202
167
555
682
1236
3714
708
611
1032
333
611
1011
1144
398
646
605
935
441
619
988
574
191
1882
772
1200
330
750
273
874
902
391
408
4965
4837
865
1792
728
518
2922
498
3709
894
1850
632
637
682
2130
537
471
723
312
1154
269
268
662
515
717
569
321
1015
193
719
2124
713
518
951
4264
299
4217
7080
764
903
818
432
980
151
195
453
2595
1052
391
1039
211
305
190
7080
1571
704
580
2225
828
753
318
1737
1141
604
697
1576
264
613
317
961
1113
1986
666
734
3510
365
384
552
406
326
621
2902
566
408
711
2164
1367
5064
843
587
406
113
395
947
334
732
785
1225
401
1246
722
500
745
359
681
381
934
1683
402
1306
516
594
505
744
479
270
759
635
1724
2380
1058
189
645
1726
456
472
314
384
1078
648
815
198
695
1045
424
383
325
584
629
771
729
526
627
707
728
536
266
617
1631
1263
337
477
609
206
643
545
442
5159
495
432
382
1982
185
647
4242
323
756
547
519
527
406
288
2736
574
1909
552
412
526
965
2796
1996
568
649
677
191
686
315
8094
552
748
463
540
313
436
534
579
931
247
428
5374
540
376
608
2318
362
1808
682
346
655
682
306
300
1095
916
437
898
598
298
430
502
506
374
1393
631
2538
4530
1723
394
1323
3060
961
6347
322
239
643
1579
533
1292
204
359
452
524
354
338
2976
866
625
1175
2179
3674
385
2194
812
2758
368
3910
533
1979
641
93
835
1107
1733
2286
364
698
4253
606
243
1279
4225
1649
402
679
1822
292
610
3518
326
265
389
3887
344
520
1027
760
960
412
1160
788
832
354
761
435
1315
135
799
472
437
774
453
204
532
345
1008
1795
433
249
176
472
284
728
510
1981
627
2195
381
605
647
3312
92
614
2809
654
217
664
971
1842
3169
187
467
598
1707
681
1031
566
391
2394
434
2211
3551
220
612
243
1355
593
593
333
1113
565
549
438
600
512
6340
242
576
138
935
502
437
3149
455
7668
1606
625
379
159
2640
723
1090
2412
471
1909
3129
365
797
8151
604
947
774
3465
216
707
4237
394
908
1173
189
691
5893
726
553
398
1168
380
2937
6418
521
134
5132
2163
664
901
663
1007
264
580
488
715
1481
4095
602
4314
259
716
744
318
810
730
289
331
4431
723
744
2703
730
1085
762
4794
448
941
781
609
329
2471
685
180
411
315
2024
726
1191
278
709
674
603
2084
796
858
584
978
965
344
488
558
532
7488
846
2386
1102
393
286
427
795
758
583
4541
2016
562
624
326
469
420
382
256
2865
306
794
1787
369
721
2249
230
838
1314
460
177
341
907
777
439
661
427
759
610
2229
871
642
1125
684
2349
1435
878
418
1085
627
951
487
1638
2887
370
1216
127
878
3171
1291
297
652
690
311
1289
591
2601
4170
3561
1885
936
259
606
1964
226
2022
525
186
518
435
3983
250
4154
321
438
628
527
1556
2124
364
502
364
519
401
683
399
417
445
2005
1962
607
777
957
273
870
806
422
524
438
1075
826
1968
978
243
2627
892
1010
4855
2872
246
1010
4441
244
1412
458
593
774
658
721
645
1065
2200
202
687
5549
282
620
913
3039
751
5122
177
200
614
2768
1124
643
693
917
876
583
409
610
914
1905
1152
472
594
310
350
5549
1016
693
7039
839
3472
212
193
774
756
535
265
668
5910
357
590
562
6514
4061
551
579
470
890
4285
957
442
554
540
1230
5698
501
913
355
627
226
734
455
2594
472
682
3053
1040
381
1855
1285
363
4407
994
216
480
641
184
756
1136
682
881
808
550
952
701
642
754
1273
698
236
2131
857
3054
576
707
522
631
894
310
169
877
624
1590
592
197
254
1188
415
3345
548
697
887
502
486
782
535
708
850
2971
342
849
794
414
866
401
241
274
390
3439
222
1299
304
5047
623
565
515
444
671
287
162
3027
637
776
1562
441
3395
4567
170
7084
4335
499
716
707
138
326
913
1642
476
509
754
611
3302
669
177
531
737
559
713
442
578
4752
464
621
153
631
1696
2286
509
1503
256
286
512
2399
521
2325
556
609
1246
1988
2495
274
761
6145
597
253
288
543
1904
570
11144
3984
449
171
335
3935
441
1057
556
308
572
445
283
4771
418
603
735
815
1011
205
659
304
567
447
365
361
417
357
547
548
492
865
623
457
1640
549
1274
165
3819
1566
329
587
1736
296
321
205
250
292
670
766
566
1158
3133
659
2366
723
500
733
358
1737
577
851
516
2888
404
467
5935
329
6872
763
579
1514
493
554
1050
658
468
443
598
1108
734
300
726
4670
429
156
491
703
1543
850
564
221
789
404
406
3039
1792
615
1464
949
4233
271
384
2464
824
664
2485
727
155
691
714
5072
556
484
797
912
450
216
144
722
354
561
653
362
402
621
1113
765
1014
3627
168
486
1016
1007
208
305
2414
556
2703
1049
513
616
785
687
399
645
432
1396
763
405
613
502
444
402
5807
559
351
364
3660
2218
902
771
4002
885
574
788
583
499
3433
1662
686
367
1220
1471
743
750
395
2390
894
1213
376
805
599
1042
2400
213
569
147
659
649
326
3484
609
297
756
787
781
508
2755
1218
462
487
951
548
4336
562
95
430
408
636
530
821
831
653
470
1034
724
418
866
772
385
2351
585
3023
1019
506
351
540
399
3702
305
247
363
447
337
674
1059
304
1047
743
657
720
117
1161
919
402
495
614
3401
998
629
703
1676
631
175
665
657
994
2120
612
245
2026
1764
588
837
845
305
10590
1091
609
417
683
4299
693
451
521
664
513
960
4567
5556
1154
511
7399
503
625
1520
476
209
5916
817
863
1025
3143
349
845
468
622
378
426
7251
288
482
766
331
431
575
993
526
3047
364
357
6124
3169
609
620
1112
725
693
2860
654
424
2933
565
1639
2945
598
636
640
4360
4677
722
254
2013
850
927
535
407
827
939
349
749
1215
130
542
2070
5526
535
766
201
238
184
596
359
523
759
3409
845
298
346
737
638
627
3904
666
499
929
2684
489
2038
949
394
238
587
557
631
814
1040
1380
385
3217
1575
364
592
1105
222
645
6656
790
868
379
1026
382
4162
3268
874
2136
1411
344
1454
644
840
1121
2351
421
671
2004
371
723
251
561
1534
800
4507
1455
989
845
2537
535
598
2036
1637
3067
913
779
724
1052
764
371
559
3067
259
360
668
271
1880
477
4352
1581
664
2242
600
529
390
2171
687
595
804
318
7583
742
287
559
4432
5140
2068
521
427
484
563
197
254
2246
709
602
118
955
559
500
602
6244
375
730
461
771
534
664
1786
302
3072
1089
633
363
399
580
1971
855
1795
939
814
666
323
473
960
2809
624
2137
663
522
2741
781
626
342
583
577
1063
263
488
445
481
575
463
436
597
764
2163
812
645
802
1946
2135
2160
652
969
402
1132
2314
3033
244
5089
2898
1927
1839
263
978
494
884
1446
482
790
381
4388
464
463
455
222
253
539
1850
1996
409
635
514
607
602
1188
773
610
932
2859
1119
338
608
614
157
731
302
739
553
4923
466
277
235
569
1700
328
394
463
2001
712
3693
3462
1980
1108
969
716
349
694
160
652
432
1119
781
490
212
593
7856
612
388
432
742
460
421
2186
747
1167
474
1258
8025
491
426
2038
793
697
192
735
591
513
9326
548
708
2042
632
414
508
2480
945
329
560
5589
484
578
548
315
264
6909
466
1113
218
222
597
805
2297
772
806
305
917
717
1356
5179
490
1060
259
509
634
773
2796
705
567
767
381
1106
854
1161
895
831
528
218
609
465
559
1994
2592
430
627
758
781
867
466
1163
435
821
1555
932
419
3516
910
674
475
449
884
541
658
536
1220
2792
715
1835
500
458
1253
760
13136
719
629
551
537
555
567
1132
253
698
1212
778
813
349
736
580
2689
949
741
1680
504
2891
687
532
1273
181
711
816
430
2940
440
3863
452
682
383
2684
500
691
1860
294
566
942
282
661
750
375
965
737
761
663
361
406
2120
613
513
214
397
785
2254
9528
498
632
312
5254
2581
689
628
572
128
3206
928
4835
351
435
622
638
2700
755
1764
312
245
2050
297
1107
504
4113
869
752
6707
367
3530
878
539
332
3507
696
1066
567
433
1125
1141
738
460
696
377
730
838
623
656
236
257
647
392
919
432
364
288
992
5337
390
328
536
531
757
650
3341
2513
462
113
677
277
642
650
734
1445
261
483
587
617
567
4675
500
761
264
176
621
617
968
711
937
723
307
354
300
549
859
2931
457
786
695
330
2617
468
1971
4089
703
2412
392
748
5257
2671
734
809
342
570
5866
609
317
815
704
361
2069
7718
377
3762
229
716
344
1048
535
483
4286
534
657
204
823
439
628
648
290
243
714
1540
1999
109
367
2129
173
1894
317
228
561
372
757
409
429
376
787
4266
5294
546
2602
189
3592
320
4575
252
735
5454
820
740
400
155
402
5354
3399
722
295
276
508
605
969
527
490
642
666
281
136
429
698
778
3998
498
706
503
1166
589
8344
415
670
585
344
5085
4056
2848
948
625
3576
922
871
2270
331
228
803
350
645
337
510
683
995
2957
760
2603
866
2059
483
545
2910
827
1951
2055
460
235
717
370
850
582
570
316
211
337
969
276
716
556
530
722
640
541
493
296
484
396
889
599
869
1185
771
376
605
603
522
274
728
483
2476
5683
611
1381
296
573
1386
410
739
436
286
924
2165
3720
639
662
634
356
2470
684
512
880
546
880
434
3220
900
1047
747
571
1025
545
654
517
561
3773
391
1007
201
542
4664
621
4370
1009
6503
400
955
1083
665
2531
415
1053
386
881
467
2786
678
435
2298
3495
512
519
816
1488
348
479
827
815
720
189
2653
214
385
762
3713
2758
1036
542
628
518
1164
811
829
982
922
4177
4532
557
940
835
1020
552
1616
207
539
954
366
733
679
2242
11208
687
418
388
614
527
1091
580
2786
232
1124
696
3905
985
906
1065
253
530
771
1081
1109
796
2754
453
457
673
447
1007
3214
458
2698
343
1479
1419
1844
662
3625
639
670
759
220
315
512
321
424
201
771
1531
3919
2904
1873
394
347
3533
121
548
317
349
2292
1311
1814
200
885
299
1465
636
622
1009
2921
1045
719
2554
673
6845
1034
731
706
681
412
499
1049
409
2442
545
647
533
543
383
342
507
2927
406
613
319
966
279
367
2813
3171
831
3352
1465
360
718
3482
423
1802
885
2038
485
876
426
4191
444
697
2650
597
285
722
914
2873
795
2598
868
3208
648
436
296
823
543
312
708
545
756
719
434
807
625
497
397
2322
320
346
769
666
379
476
519
675
215
712
3231
725
1017
1549
249
534
547
4727
707
1269
632
795
467
447
587
464
2107
695
528
1004
697
755
365
626
654
455
687
1726
473
301
215
629
299
282
516
381
988
575
526
1318
3632
454
2871
360
3094
1022
2784
115
356
1209
481
448
700
367
266
570
702
3427
721
358
474
509
976
771
265
4818
1740
841
312
6227
488
1077
419
779
333
2865
527
866
3945
255
858
194
726
721
670
2795
172
5323
192
2145
3579
2068
3259
669
352
3438
950
234
425
461
399
296
920
570
865
629
569
454
598
471
447
535
1187
1137
1099
561
2525
798
1080
580
391
3699
705
296
1119
458
657
1343
1340
1830
759
595
683
912
949
11451
353
449
918
705
173
364
877
375
835
537
7546
840
1134
465
384
348
776
668
3402
319
516
229
650
377
675
1269
2986
261
5069
963
521
438
537
794
717
530
414
1114
456
437
450
827
584
749
942
594
489
560
1090
4960
2539
3949
613
10404
429
3297
517
1753
167
2515
622
627
99
601
576
2733
2648
1189
418
323
351
765
612
1855
483
465
1701
951
442
488
2216
355
998
143
727
411
1632
544
573
712
673
483
557
271
411
315
1250
756
190
236
693
687
2283
4392
465
496
760
710
681
830
365
379
1396
569
1091
3671
582
1628
368
418
328
6093
616
833
612
669
388
633
300
593
719
420
365
883
7960
688
602
858
4316
724
756
717
244
589
954
506
974
10179
528
1945
216
1687
496
455
1098
798
363
287
306
329
6067
171
2365
755
2034
480
782
628
492
1533
759
4125
986
631
1825
716
623
784
233
1033
585
641
420
400
1821
102
3774
4383
414
657
2791
2128
411
910
489
264
722
791
1573
1859
226
828
423
2810
931
173
693
1640
839
619
986
1500
528
661
270
7336
515
2635
510
1446
9093
344
600
800
383
363
529
1083
412
8503
2860
354
441
472
535
579
556
1485
288
756
577
4877
386
2181
4866
731
381
3249
2699
1269
609
230
320
210
380
596
493
1065
304
1530
830
2887
625
487
219
808
622
333
6081
719
1895
562
724
622
4448
9141
1855
4235
175
624
4882
445
815
668
1583
490
756
1121
524
1484
3562
1170
2591
668
337
1177
4507
1927
598
246
912
366
5854
880
1051
618
494
483
5303
893
1054
273
378
505
979
948
217
187
130
351
983
686
257
270
568
904
4116
477
4203
3729
809
696
636
552
659
2664
612
2028
529
778
673
4149
668
313
922
519
899
605
472
1638
559
2567
378
444
156
536
1984
357
185
1108
1099
450
619
257
1357
732
1190
434
229
10609
466
1492
733
484
2694
589
464
302
611
747
226
1436
577
877
496
2953
450
646
485
548
557
892
2007
304
374
547
437
911
427
4516
744
658
438
365
443
5627
2868
973
5257
351
404
1912
393
665
4500
627
529
685
1077
451
224
1181
1712
443
126
362
733
626
5462
707
365
3500
522
913
1071
1566
728
3182
739
578
3541
404
662
813
735
940
718
1335
2526
318
1843
490
445
410
582
728
202
463
6344
974
610
1013
3363
500
2474
469
619
259
2651
4232
536
802
670
3120
252
294
531
1950
836
273
184
5754
1664
587
7192
205
490
4258
147
305
2249
302
6455
768
610
619
518
535
502
354
694
572
415
1503
3142
2063
603
559
5063
546
492
1561
576
382
917
239
655
689
3041
603
207
1702
761
867
1355
346
583
406
567
6885
894
346
1413
367
633
531
6760
1862
1017
299
584
646
582
157
2478
1860
614
958
384
402
285
272
1904
768
786
356
563
3820
317
710
680
3003
734
315
263
461
410
517
552
718
620
6095
1423
3833
750
144
388
764
406
803
572
5148
1969
285
465
2305
909
650
360
359
4625
464
362
929
147
257
5502
879
1504
493
1045
3071
1819
690
551
608
800
239
813
2806
272
526
613
324
2639
1843
2270
182
459
878
808
506
535
682
2108
309
549
451
717
476
4012
455
572
989
784
157
3733
191
263
834
1144
114
576
3413
573
1987
837
414
1892
249
460
933
928
2776
230
447
367
2455
3013
386
306
383
901
328
962
435
1763
665
640
1144
640
193
1661
285
1686
643
1089
793
224
505
406
4436
889
785
310
677
3348
209
421
366
511
583
2778
880
245
389
542
493
1796
998
3074
238
998
653
388
207
247
307
541
584
1427
323
666
4568
592
3125
1033
456
713
477
5265
289
414
2406
946
1042
1013
276
245
613
521
545
2696
1423
809
349
476
200
9515
2470
1241
678
5961
437
420
739
674
554
993
3977
557
786
1573
1322
4563
1129
432
437
274
2072
337
173
2036
293
348
2322
530
886
637
477
746
6309
832
271
348
2055
631
378
1412
4032
643
673
621
2920
1008
6698
770
2628
565
628
525
828
212
657
336
432
591
500
379
1113
648
762
429
510
13849
455
941
742
346
895
866
591
733
603
659
920
492
4732
222
399
224
395
118
320
578
4326
644
436
335
619
640
1822
2739
2395
843
165
580
397
444
657
958
496
727
397
1043
624
373
728
924
265
609
238
2598
201
482
631
2651
949
341
584
3570
229
3558
359
9543
957
1572
3449
733
911
326
328
1590
1762
694
672
634
149
1984
1811
706
694
1524
360
1952
2813
421
3571
1551
536
699
1646
537
5361
2889
2109
703
358
291
2183
716
568
302
3034
1030
293
682
664
616
584
647
532
1577
754
370
359
222
703
896
358
3029
535
707
1617
362
635
1092
356
532
349
292
4108
616
502
379
2870
207
1488
659
363
3074
278
2587
4946
696
2181
753
339
256
239
196
455
435
1287
1947
716
419
2557
405
658
742
1648
541
710
360
543
379
447
614
406
1119
5714
4009
164
333
2241
660
4723
1644
333
1169
545
2154
700
652
256
430
562
381
1386
361
1717
427
570
430
511
533
1914
235
397
766
1340
577
4419
543
855
1339
5081
494
362
908
3857
395
527
3543
1803
743
3567
709
750
206
419
7412
815
1107
5864
622
2090
1186
1800
276
962
711
793
371
662
280
1937
791
1382
10170
7891
1098
219
311
619
1282
678
494
555
2634
7877
3735
206
250
360
541
792
1629
394
1877
786
645
373
898
320
586
2025
3827
478
599
467
348
6063
1146
3726
244
894
2640
1047
1001
315
847
284
1769
301
622
254
492
813
818
476
1797
485
951
658
217
651
903
2529
459
367
2688
645
518
829
1014
220
218
1628
693
524
458
385
771
3183
254
743
1753
2391
2338
536
8396
604
648
605
1919
3757
2015
764
214
665
732
1005
365
1154
968
1837
535
272
709
422
758
4876
3556
599
576
893
1228
446
1461
416
671
348
944
852
400
5175
615
755
404
718
1883
707
4491
4182
659
762
749
378
861
9522
348
4375
2480
541
1066
277
431
551
748
326
5217
686
1727
741
396
378
468
961
562
1103
769
863
656
917
1000
1625
991
833
566
808
573
877
298
331
518
364
760
917
2174
6556
716
2508
578
422
1223
226
421
3080
546
901
1561
666
2157
5823
4364
289
1568
827
682
675
384
2430
276
233
358
573
348
2531
1344
5080
768
829
5769
751
236
540
933
141
753
923
804
551
334
893
214
5419
1509
219
493
427
733
988
639
611
802
148
406
1271
1574
441
409
338
1207
573
409
5151
641
284
1001
2420
401
1168
551
437
3681
773
2160
728
278
317
808
962
2283
978
466
393
438
548
592
424
741
344
576
457
987
675
4944
492
1246
2185
442
2215
2036
1881
792
852
1656
153
379
2839
471
783
777
811
2083
249
530
2994
321
550
728
771
1937
442
774
3667
331
390
858
647
825
787
665
482
3239
871
6230
605
524
2454
907
580
633
1074
999
899
539
505
391
315
3197
227
1049
672
410
497
349
748
406
517
1002
963
4362
427
6122
436
210
3764
562
13432
214
689
730
725
5798
623
539
1105
1382
9399
766
227
656
749
506
959
467
357
642
8249
596
566
770
463
1345
854
620
400
669
919
209
7712
591
366
1035
3205
290
863
478
413
4267
248
1935
586
2190
195
1780
6377
437
2442
14956
1771
1195
916
224
807
595
1130
412
1672
272
4050
1790
1215
1361
5580
393
500
978
4136
3516
487
4511
3352
831
1244
379
153
583
647
4694
665
462
627
580
1026
863
984
475
590
910
3261
710
472
294
957
317
2690
1879
588
881
1149
1277
459
560
792
515
613
675
677
572
632
748
923
2639
1141
483
2365
844
1520
594
456
811
3281
812
669
2674
643
1038
2245
582
2317
1118
262
454
416
238
422
3585
933
783
797
368
2696
917
6308
279
578
817
2202
441
1117
455
166
2602
411
589
2720
613
2375
2144
987
616
684
271
464
3690
571
747
315
592
1271
617
569
1870
402
383
548
260
144
581
109
335
391
428
657
407
16182
106
735
321
975
1023
608
335
2661
1204
657
405
1573
313
1249
14237
943
465
684
515
605
11544
623
574
518
435
1211
756
281
1040
665
1169
603
149
490
425
830
910
536
808
495
780
597
2025
460
488
2518
881
226
357
3625
512
866
1058
626
2794
252
182
430
851
579
678
459
807
2781
422
1713
1257
911
748
549
998
323
796
1809
2065
971
359
1182
562
339
1473
455
1964
513
618
325
1197
531
1140
910
351
6643
9101
317
523
761
1154
406
447
372
1018
430
696
598
381
501
601
805
729
612
419
137
501
584
781
631
1378
739
653
563
754
564
2324
1268
149
2750
240
462
3374
572
1428
675
421
402
942
340
520
719
818
575
1288
581
712
1203
1744
423
168
4258
534
4553
338
711
489
763
202
674
320
708
510
710
781
635
843
2851
248
569
930
1742
271
562
483
707
622
1322
1962
909
315
335
244
532
259
2207
708
246
396
447
424
1974
405
908
2876
531
1327
1062
1269
2133
193
216
510
394
560
417
510
191
430
1796
748
1197
1039
548
677
1070
687
306
371
357
529
4780
2061
2557
1470
506
734
2127
1108
206
495
326
314
3451
894
261
2851
345
455
1926
536
754
804
1108
683
656
956
571
197
224
386
544
1073
404
2054
398
764
839
862
341
1834
176
1023
2826
226
1303
499
510
1326
154
708
580
309
710
1309
1435
1322
642
357
563
434
3425
998
267
5604
519
663
957
2799
1160
1265
560
2024
1244
915
572
687
554
401
366
484
949
190
698
294
340
684
1691
392
428
638
517
259
552
579
376
3477
351
6566
727
143
173
756
286
534
4717
4177
504
640
675
581
6297
5366
1221
701
3131
452
424
609
677
3779
581
3814
755
800
634
227
409
2907
406
476
3900
790
552
2504
548
542
786
369
513
5217
3092
474
882
583
356
597
5296
302
3997
487
599
361
3397
950
3124
502
923
274
251
295
4104
470
628
870
3861
2828
6564
1082
635
2213
551
741
390
491
702
204
217
485
619
1649
2789
1202
3957
308
3242
777
495
687
629
1417
463
218
778
1753
277
502
1026
268
357
549
780
236
290
726
460
2620
134
845
9636
398
773
413
2101
4910
2556
694
924
659
482
1582
274
330
767
340
2827
548
454
562
901
522
213
1132
4318
399
422
562
660
1413
411
733
465
1507
676
2244
386
676
207
7571
741
801
151
563
464
623
1844
338
10093
239
2128
411
860
689
542
174
396
394
276
3223
991
382
824
502
10687
3273
479
442
457
1761
539
305
1421
1740
643
983
309
449
3516
874
1025
988
529
274
1038
690
2631
401
5490
286
398
287
3590
980
466
961
467
563
1714
288
2600
1590
4587
617
604
9574
2387
845
375
1522
1925
1440
522
329
412
224
633
94
2210
1622
683
431
2865
366
395
1460
1660
2552
4227
801
386
436
627
352
5361
372
685
868
430
491
622
668
624
430
4566
10127
1381
682
763
3503
2472
145
2070
280
781
1206
913
1043
326
774
574
3398
570
325
442
457
2135
716
311
1586
418
746
731
196
398
2626
1109
741
506
700
3473
594
1165
668
561
182
349
657
618
1268
9472
242
675
1290
4048
983
191
4316
809
755
636
928
698
1084
958
3117
519
488
756
450
177
3971
371
6569
246
835
2260
814
548
2140
887
832
305
314
626
329
358
1859
505
692
569
731
2053
269
309
1357
682
749
722
446
409
482
2058
711
3844
416
1583
380
347
903
758
132
735
262
949
1569
765
994
364
2435
286
851
978
525
430
226
629
231
886
1566
935
475
621
672
381
2243
737
3004
1664
2281
1368
319
772
485
2209
2380
194
541
400
442
2470
780
3588
795
916
974
528
760
538
235
696
404
446
605
3447
2689
762
559
2835
337
677
779
6272
546
670
511
2365
555
958
313
807
303
913
910
2420
851
399
493
340
2093
1457
2143
669
273
693
216
2880
286
783
469
2138
416
713
279
8821
969
2917
3052
690
333
1172
976
6579
603
909
732
297
858
2086
906
410
186
5392
266
515
2470
192
1027
622
349
909
5396
141
521
552
914
414
360
232
404
874
213
264
817
763
375
1875
526
941
390
999
638
2243
506
2029
443
563
444
759
2668
980
783
423
384
444
796
1177
832
438
400
2170
346
643
507
520
8385
731
693
576
2613
744
522
959
876
886
615
491
851
441
2744
753
865
504
5305
2050
551
1068
511
308
657
370
644
591
1097
720
2245
265
659
702
750
1719
576
9376
271
626
471
98
737
431
374
7529
1436
386
197
703
580
813
840
511
2382
927
934
319
851
769
725
1324
507
617
690
808
2104
2224
294
793
417
959
757
530
339
283
267
736
5581
499
680
612
357
181
782
308
446
335
974
1858
422
505
793
448
484
1072
753
734
1384
204
445
861
632
2592
622
651
945
1454
2936
599
525
3949
3473
340
584
396
1595
452
821
354
974
1446
655
334
1133
331
344
2226
1874
255
3187
415
462
282
303
226
352
4034
1121
892
585
736
292
351
915
987
3004
446
888
473
1046
3422
5484
641
235
896
497
699
462
3528
1767
630
467
462
805
143
267
408
515
435
1006
673
633
541
375
2203
710
532
752
523
651
596
909
610
737
245
940
436
247
748
977
684
2711
3325
792
501
525
291
549
758
297
1888
384
3454
7668
749
341
2613
2332
311
7515
197
4203
2803
535
243
1212
710
1744
609
744
263
4524
297
366
1286
1730
235
556
1609
623
193
2883
886
309
1808
872
3628
397
826
2658
1544
230
3295
878
796
179
759
1103
361
578
488
3487
5807
511
438
278
6708
794
856
517
445
2105
837
1920
502
1355
572
5626
319
700
393
430
352
469
1256
3837
763
588
773
402
625
306
767
593
5119
388
603
1263
538
388
540
548
596
897
1897
1099
1268
3059
980
904
1335
630
3620
352
1053
683
3996
1135
1231
1134
478
182
375
857
374
311
8188
244
857
1219
311
732
780
659
296
828
642
205
1330
2254
460
435
577
417
2680
2941
410
443
569
1020
1120
1030
278
1823
8602
337
883
285
2455
607
5435
1190
839
501
381
327
590
845
1983
799
370
414
227
650
977
808
384
402
1499
369
774
4188
1676
3874
460
364
1553
902
750
658
579
475
496
636
698
247
419
499
516
787
5752
656
493
667
801
3059
1728
649
1787
348
315
630
1399
566
973
476
381
1557
1575
654
746
773
501
3298
4803
514
1169
238
1989
741
309
340
494
1209
743
618
485
291
891
671
296
713
576
658
395
814
647
1052
587
692
330
1168
381
488
1521
230
618
418
653
2959
251
1674
5198
692
270
1285
734
771
346
159
370
3012
735
4773
254
790
295
1821
1189
323
857
2325
587
533
3095
2768
4396
391
904
1809
388
1660
400
1860
2708
4918
839
345
251
253
2662
2047
336
764
655
2656
1188
3603
789
944
900
708
160
949
265
591
622
740
711
476
926
328
603
2469
556
454
347
357
968
737
356
2196
616
1119
706
1974
385
682
687
502
184
336
1011
583
349
6867
1040
774
634
988
553
378
2828
3995
127
7100
366
1567
556
284
525
414
2576
468
756
551
4173
472
713
551
318
6430
696
336
1060
661
608
619
424
3159
605
1082
3069
631
678
244
691
1031
470
2761
2404
645
267
360
437
2689
3449
144
1049
836
190
4183
165
452
1807
217
5271
415
431
670
899
1111
186
957
657
652
529
730
6929
2569
252
643
752
1190
546
1227
369
3170
1302
563
513
290
3076
212
523
1210
293
635
539
367
341
836
3285
831
2452
296
337
500
617
777
461
1581
599
919
252
173
488
1198
2434
295
678
864
365
224
482
974
1027
957
625
260
417
509
1975
1566
323
432
516
2542
518
1606
1105
1031
334
1274
1301
815
923
449
3440
2422
708
714
1981
1449
1043
476
817
451
492
350
683
597
775
483
783
2375
654
320
334
371
3116
650
583
413
622
504
395
859
789
160
699
143
622
432
433
514
741
1945
431
2577
452
789
439
388
458
574
1446
442
374
743
396
1315
746
1096
157
2188
294
550
352
563
1050
1798
255
434
539
269
1525
281
1492
879
360
592
993
745
685
1614
5172
3562
2282
2021
555
622
339
301
460
168
411
645
909
757
523
428
259
424
877
193
828
7529
1345
696
813
2172
5324
174
346
716
848
588
2689
381
4066
795
809
1045
1057
760
371
708
790
756
610
2761
622
506
204
3504
324
761
192
1817
571
846
91
357
648
718
594
772
3064
308
1077
553
296
431
3129
2621
739
633
516
5025
378
1404
1102
529
469
717
718
524
480
637
702
5992
210
1117
684
5840
278
727
300
442
553
2220
323
3279
639
528
598
391
339
526
1524
359
490
1335
3284
383
432
983
1500
265
809
2029
372
686
643
540
1839
311
1552
912
479
503
682
560
443
572
1079
10835
366
628
846
535
725
1604
1949
2006
750
738
206
390
522
646
720
323
2448
489
346
481
622
704
993
3001
168
557
650
227
466
493
726
475
209
358
1091
576
12445
570
253
2295
592
744
468
978
428
7067
328
792
3071
486
275
610
997
421
490
449
399
1076
460
876
2950
421
699
846
2169
646
416
628
462
635
3567
604
411
1727
630
946
2699
754
1045
3922
580
247
920
4154
288
411
191
2827
698
259
355
674
551
262
285
540
614
230
755
528
900
368
391
1279
624
667
751
2266
440
2816
1143
1002
273
2771
7843
435
145
543
683
2815
483
163
590
393
665
2999
477
4255
647
775
571
191
5016
2188
905
1648
849
1148
1132
588
963
648
459
1932
537
671
4005
1812
265
783
847
863
1849
564
814
723
701
717
1070
461
717
219
4302
934
729
2217
588
716
404
703
838
935
1388
5815
639
934
389
883
822
586
1084
516
3131
191
326
3322
633
432
429
3482
441
480
800
715
687
924
2593
884
143
1652
297
5554
2770
529
233
707
541
416
510
978
545
396
171
317
1518
5898
596
518
579
1769
914
848
2233
703
316
707
358
561
784
415
241
337
755
543
869
527
578
832
340
3532
755
285
3331
716
3293
296
294
663
183
693
5104
1222
296
479
592
679
522
665
1356
698
4379
1073
516
748
2505
2164
703
505
3848
432
657
683
697
477
492
553
4050
701
1505
2008
2483
640
525
4991
366
506
367
378
1719
496
342
398
751
472
4296
602
875
579
9234
508
288
950
979
3620
730
1676
347
364
427
708
733
681
4386
1158
2460
575
293
10234
7652
532
180
1009
206
2893
1169
247
758
3270
534
667
786
544
506
388
3555
885
692
706
2058
647
1075
5731
309
1860
158
881
609
291
906
393
991
552
476
403
550
1182
146
1039
837
586
3602
477
3946
730
1017
589
730
517
413
890
845
1292
3384
832
3178
689
123
883
1828
546
874
752
949
591
709
2612
274
1095
2237
310
547
516
573
1168
466
528
711
917
352
254
457
805
523
2805
2169
982
543
458
1246
3424
1121
878
635
848
1046
1204
945
1481
643
628
572
722
618
2318
640
841
939
505
594
741
449
621
326
291
760
1052
1178
835
735
1520
228
897
2664
219
777
905
1572
867
781
724
2713
4949
959
1119
618
1802
664
515
510
322
241
256
778
2373
342
1330
286
797
259
923
981
198
408
532
2280
238
9402
323
592
571
974
2134
822
3171
484
2008
554
575
3801
656
336
520
682
309
354
522
737
2867
246
391
281
472
318
678
133
3729
1228
509
444
897
506
511
426
1195
364
2120
360
956
868
451
533
526
464
699
441
10849
879
316
955
2846
346
1041
1040
516
489
345
698
2536
197
1300
2631
978
731
569
307
515
287
278
2183
356
194
658
352
704
782
517
568
626
619
764
1688
497
459
2027
3667
284
800
530
218
847
324
479
925
2132
589
1304
439
406
675
710
246
623
439
3401
516
1107
610
5573
1641
1053
525
215
396
375
3532
634
404
1427
737
628
376
705
461
778
1109
2685
362
668
1330
4221
470
3472
696
889
1101
1066
410
685
470
4682
4404
595
836
691
1156
4298
330
215
965
651
6335
2141
327
516
381
485
506
718
585
701
296
8849
497
2211
394
1695
638
2709
460
727
290
668
438
3035
3564
2329
335
138
958
329
423
680
1233
307
4582
152
582
5361
611
271
315
742
3562
709
5218
307
698
8039
638
1073
606
199
628
1619
305
831
417
3032
692
858
322
3740
1585
465
433
410
818
478
336
534
2754
221
1171
3162
4353
753
385
581
478
509
628
1038
601
2445
891
641
494
689
7431
324
1798
1274
459
397
2128
333
4894
2886
727
4929
917
578
2236
395
564
1851
543
528
1035
285
3286
378
424
921
353
4552
587
556
707
221
693
444
979
269
1036
640
601
368
529
367
895
6046
1810
642
3117
1046
441
1881
619
1486
980
2008
262
839
202
1134
486
1439
946
517
5203
8969
1089
6856
705
666
616
1035
550
4923
454
525
756
399
726
379
775
1128
467
615
394
1643
597
535
991
517
317
483
511
358
373
221
742
1335
850
413
705
383
652
3943
1172
551
332
857
462
901
753
700
2069
2257
1992
466
3749
584
968
2651
179
9372
1147
217
487
550
467
591
338
816
726
701
664
560
2173
2440
493
329
269
699
862
5328
1626
383
932
248
1641
473
480
5119
551
391
411
263
4918
855
235
387
4539
786
291
289
3463
338
201
3045
263
582
426
327
1968
799
543
854
719
1244
407
390
5357
643
2030
233
509
377
822
561
261
1563
474
5340
603
5095
3754
757
390
421
3882
717
821
830
885
3649
267
2326
2876
3232
460
661
274
509
944
476
785
373
1118
1262
845
5889
607
3758
471
1020
1367
282
730
643
3646
234
831
296
569
406
2086
401
673
121
800
652
979
2065
1005
146
917
535
370
1183
432
297
1643
1143
3351
3441
496
767
374
353
826
836
333
595
1097
2564
205
526
348
355
547
313
1058
951
602
627
665
1535
488
166
709
1028
751
355
540
1017
223
1108
470
6338
559
716
438
3035
4772
575
1444
860
670
180
1255
1509
425
1907
696
538
491
533
643
544
703
607
348
1070
3581
227
744
1083
501
998
2347
3092
434
675
424
355
623
3189
373
495
2405
324
1038
772
573
754
4399
948
970
763
1396
1099
201
278
321
446
2706
754
670
635
2822
647
462
3337
424
550
4794
310
860
1861
1153
844
569
1354
983
377
739
9063
295
2273
606
1024
466
498
864
539
412
685
250
474
2395
442
1756
553
620
245
835
2593
423
559
439
563
495
763
886
326
310
226
1023
667
4876
659
3251
289
1107
4135
561
618
1183
598
275
939
1107
1159
603
711
2370
450
500
759
834
141
564
2930
455
161
1139
3647
394
170
383
489
1382
786
798
881
1988
456
996
696
504
253
432
260
806
2357
957
2800
1109
609
381
2785
1726
1807
1015
1129
543
402
707
356
967
712
231
3956
642
409
379
6103
884
426
464
4804
714
540
804
602
285
571
583
179
535
878
1844
646
548
759
398
353
709
1024
598
849
1057
850
572
775
3101
1026
428
287
604
803
351
639
618
1818
293
2721
908
726
496
436
760
3332
567
392
328
424
809
725
409
227
319
815
1239
361
266
415
499
304
771
765
550
10602
567
765
891
2152
440
855
1300
305
555
465
382
610
1622
1990
1676
336
818
2298
441
718
4829
329
452
469
1082
627
532
952
252
600
4591
662
284
1816
422
518
1053
583
604
631
571
2027
353
396
5196
514
477
660
236
642
561
6158
881
1708
569
453
258
257
363
4942
1314
737
624
315
603
728
463
505
1257
372
248
752
876
1324
5881
595
1821
1228
610
478
528
669
460
799
267
1191
177
1036
912
2130
1075
657
1913
228
3187
173
415
547
411
895
270
320
901
1855
596
377
680
187
888
769
4718
639
5588
104
368
469
450
297
724
251
4028
185
929
647
654
1142
298
694
359
445
1117
404
7508
285
587
5228
1305
404
549
728
647
714
1322
711
565
590
8086
602
505
816
541
5327
541
834
788
351
489
488
500
1093
164
590
481
7415
744
1066
872
394
4568
691
202
1431
566
2315
1096
744
943
708
684
202
587
415
212
475
805
444
384
307
673
560
867
1160
828
622
4591
165
854
496
629
3586
2345
479
1328
1176
1819
642
727
859
488
841
1002
242
2407
180
432
665
953
279
4165
419
507
824
371
1056
914
576
490
1460
402
1448
3023
205
1283
3059
490
526
2888
368
437
713
435
341
231
672
5385
856
458
553
430
2040
707
807
404
3341
423
290
413
811
1560
387
422
666
721
570
643
295
860
769
396
696
1701
755
371
769
695
364
649
1052
3252
293
406
210
302
150
554
821
768
682
310
456
386
2305
1154
709
293
479
695
429
8423
302
1053
1808
449
759
248
2771
2723
866
826
355
2152
602
557
593
675
87
750
3957
474
845
924
1605
776
565
5827
297
3290
281
462
563
6191
2584
883
753
684
3368
564
406
646
523
433
445
783
925
1976
603
440
168
1192
5696
1465
650
356
654
1658
359
241
1239
498
487
1107
477
563
137
2031
1116
784
702
589
1547
157
712
1552
542
1109
284
705
950
373
2118
2023
1807
395
1082
359
628
632
8289
383
331
749
1462
846
1319
619
611
310
252
383
521
406
2662
662
550
2999
459
537
273
508
208
248
2222
2319
2724
1439
639
625
875
519
585
1025
1675
1669
747
511
844
793
247
537
772
1529
741
686
2567
242
858
1093
2674
432
667
1085
545
626
989
583
590
549
9283
418
2233
3987
666
500
628
589
329
1766
1545
228
485
2424
326
507
785
922
1657
373
652
718
551
698
750
753
862
4984
985
1035
2269
233
2596
292
733
1640
814
9215
625
366
803
2569
5947
459
474
2198
5906
1007
2520
164
2313
509
1942
1673
255
553
8387
883
526
1391
1170
255
519
2147
666
489
400
1388
2726
632
974
378
268
576
438
688
854
2259
444
614
7132
242
4963
568
2543
485
644
4983
1471
539
639
401
610
773
1598
1988
1115
2410
740
1094
494
2334
575
587
5548
470
1163
589
795
274
848
641
257
737
2146
562
412
778
1798
1635
831
269
1030
358
578
1280
548
5240
181
516
957
220
4468
585
520
5638
438
1754
910
376
305
1613
281
648
554
496
399
349
1179
407
439
1140
371
609
7917
298
3879
321
1615
232
702
2821
551
651
1223
618
725
639
670
915
438
352
839
1149
232
632
632
471
929
4249
599
3775
2180
2935
478
738
1741
972
2765
272
736
345
656
1031
504
3093
464
621
1200
1449
734
2537
3002
446
995
150
576
255
1134
5586
757
813
1365
164
535
157
436
404
1286
1167
799
467
333
683
392
7993
738
1016
539
194
360
537
559
878
699
9602
504
637
1211
641
774
2200
1342
668
1020
466
852
653
714
488
3042
423
360
350
480
669
1634
367
2200
534
994
2213
923
728
527
2390
844
694
2883
669
325
481
2461
693
731
1013
704
428
943
341
423
805
515
647
742
988
895
1711
883
199
884
752
704
1347
968
275
895
247
3829
953
711
2909
763
2128
331
592
4411
438
746
316
693
562
5057
743
614
3011
324
1094
460
280
307
3298
1980
622
579
754
836
619
478
519
321
317
3641
661
6004
318
1094
675
422
398
651
252
849
627
845
490
684
772
251
488
597
677
679
1843
444
3563
3511
823
626
465
2603
535
654
936
2052
705
504
647
487
364
425
2287
522
280
269
520
853
714
5651
331
737
474
7616
671
279
3880
3033
1027
769
4060
6896
1058
8289
1556
393
4269
578
654
808
679
518
616
752
431
308
415
3777
297
462
820
1226
614
5399
4959
3681
363
1954
582
1747
8034
994
3577
351
384
612
318
388
590
3354
4492
920
159
525
3038
424
1997
380
236
1364
219
373
587
1067
316
1529
642
484
1704
563
570
167
457
2274
832
652
586
556
283
1424
2303
866
372
730
1409
3600
4555
963
496
451
398
1179
571
843
977
718
3822
641
2590
1954
494
846
616
1470
578
898
666
222
2344
748
8486
493
462
801
164
1094
1198
610
2794
1072
767
704
421
333
316
832
129
632
563
364
452
358
588
6000
1041
420
8372
3427
988
406
1355
4918
3010
2244
246
856
104
2375
581
2742
4406
808
577
683
807
364
274
1638
661
348
643
672
1822
502
1105
992
620
3848
2468
387
1602
1492
794
231
549
4090
387
500
397
548
723
751
474
475
243
411
4348
577
475
771
728
240
702
745
589
142
470
508
1063
445
671
952
795
594
578
575
742
388
309
431
1367
947
1598
613
599
3737
265
3952
933
1058
550
792
552
457
3441
1355
184
246
198
343
7025
10380
4380
7841
781
249
821
1503
396
673
666
550
185
3432
659
736
1029
1198
2851
508
2310
223
426
616
602
753
551
1356
3193
454
776
988
290
588
472
680
984
260
921
543
641
801
889
1154
759
613
289
484
452
556
726
4209
1807
801
5687
2697
754
243
694
698
114
1080
618
2478
1787
526
1769
639
2265
459
324
7058
493
142
1386
406
2719
4910
2105
923
247
764
1021
404
911
841
377
818
301
580
866
2293
283
785
1686
3525
6171
822
4289
908
390
331
325
546
2876
553
8067
647
602
538
997
717
510
395
585
1166
784
405
296
802
480
4157
437
1933
6456
1387
2603
787
594
475
658
707
985
1422
272
3382
606
633
309
370
1015
717
580
301
299
674
553
1133
600
1062
613
982
524
1448
295
667
1519
673
688
679
1954
4832
185
1472
856
413
810
586
795
1068
422
1011
1361
607
467
512
184
944
784
932
1798
826
636
264
233
585
179
1358
681
660
565
633
541
1685
801
603
1004
460
1007
879
4055
561
476
311
367
553
4258
343
1474
2250
383
638
702
10463
1313
590
339
778
678
597
470
2494
575
393
580
430
451
3297
824
1206
643
721
7222
385
3298
3482
360
983
535
211
749
2828
420
832
487
1645
783
540
1937
825
1211
964
257
604
404
452
834
5970
927
581
541
614
610
534
845
1033
512
2387
720
904
318
385
3698
301
3994
529
491
3749
262
166
1339
656
522
656
2876
480
345
890
402
501
1123
1262
560
585
537
339
887
795
3629
516
428
791
1253
743
887
3464
247
2407
524
1117
748
8480
243
505
478
844
435
217
471
2469
4139
738
1167
