494
708
1278
819
526
604
631
1409
410
801
688
1537
1184
866
637
161
914
779
425
650
365
438
1224
879
462
570
440
572
672
4549
423
371
535
1109
391
799
1063
402
317
1149
954
257
911
521
403
1394
798
782
6598
1717
1546
436
701
1109
4004
876
3022
1201
606
753
2072
268
446
951
661
630
835
8607
467
312
510
373
727
525
1013
947
3049
2257
3392
354
870
285
2216
229
692
682
704
6848
382
536
4391
908
400
558
501
867
1672
677
942
865
706
362
978
3139
648
1814
242
853
1138
706
631
617
332
1049
803
637
7284
695
575
215
368
3528
1193
9659
522
478
375
621
3228
777
183
2344
379
1941
398
1928
1380
536
851
485
407
406
572
4556
2457
1012
431
576
449
241
1397
186
2103
505
309
3677
547
687
1704
905
527
642
545
536
654
6193
646
2473
664
264
567
1196
501
727
7354
622
3329
285
268
676
512
758
8311
632
5274
1134
1343
253
765
1853
1970
5873
352
777
4427
2096
492
205
499
823
1037
656
852
563
3476
1708
1100
371
613
9787
3677
204
352
225
801
5028
770
580
4659
618
397
12898
5023
863
522
655
1514
320
1947
799
894
581
2814
3730
892
2909
1393
322
547
443
2268
953
572
716
473
811
517
815
344
11901
3369
695
729
750
3841
830
717
347
492
315
569
1209
729
4033
929
735
469
398
405
1001
1365
738
650
435
818
457
846
492
2330
863
1402
724
1288
329
796
502
600
5419
678
9505
484
1372
3985
440
519
1608
363
547
328
770
816
968
336
2706
1277
474
571
5369
480
765
2170
949
629
605
2505
591
548
177
460
676
628
543
1759
4853
4683
5046
291
513
538
410
732
280
564
1162
6068
544
880
650
848
556
1166
840
637
286
2288
715
134
431
521
729
484
544
323
2951
3710
722
830
1165
1363
1779
1974
2068
1324
2595
1764
438
779
275
657
1491
441
592
341
671
189
794
562
1864
1272
396
890
1821
539
347
1124
634
477
120
1559
375
10073
522
574
1444
293
517
861
665
350
529
948
3121
538
739
1264
2268
550
1713
731
318
417
469
1102
1175
2799
152
801
504
408
5257
600
246
555
558
368
1131
1325
2518
514
2173
707
4850
481
983
365
158
400
590
541
1420
363
487
604
998
525
628
1517
483
489
1149
844
176
236
342
303
1486
1270
621
1095
371
627
463
5531
809
306
1771
3084
790
431
6035
255
879
926
662
683
544
914
476
718
371
778
6779
287
535
2713
257
342
8430
463
152
953
3952
443
1321
384
7848
848
442
8069
764
889
336
226
2901
633
233
596
495
473
422
662
6444
917
774
3511
615
581
312
4015
935
5585
1406
4693
366
1006
584
513
710
379
3074
4898
573
674
266
225
6112
970
789
4539
845
404
908
1307
675
5812
519
387
903
855
2413
1760
651
464
474
439
1173
579
449
2421
661
314
735
641
1148
599
513
2964
2867
1089
5190
332
1033
498
1708
372
911
2637
533
1262
1177
5377
817
10255
2838
286
381
1817
614
900
981
580
928
669
658
4980
589
663
3123
1062
2064
547
720
817
1560
1734
3830
903
826
516
342
208
554
436
753
327
318
1255
3941
441
389
1746
2479
774
616
1113
2713
4143
334
3884
3379
462
817
296
1141
682
522
849
2604
475
281
527
746
2254
884
432
637
355
7835
1550
1857
2644
308
1062
1914
373
1009
8763
388
451
419
711
491
237
1105
669
469
839
1428
452
681
1010
567
866
5656
508
4168
730
472
286
2370
380
242
515
372
898
1090
773
218
2763
284
884
617
4381
485
907
592
916
351
605
572
341
314
979
735
445
546
1039
3470
806
402
533
492
1607
995
763
718
413
432
755
531
1331
458
1459
453
950
498
414
3829
298
508
1029
214
812
793
806
240
508
412
560
879
6775
789
579
6863
372
1957
689
531
755
628
629
406
590
8636
1083
3125
355
855
391
593
339
2672
633
284
463
1453
760
851
407
421
651
550
3194
634
1255
4818
509
430
987
2606
442
726
3732
1467
375
441
912
178
1776
296
3811
953
853
696
6274
2750
2469
813
461
475
321
3136
1178
484
1092
623
2940
291
3578
2958
669
216
899
487
445
3101
426
648
501
946
647
514
648
668
593
489
1232
2076
660
579
577
607
729
460
3949
607
957
660
3383
600
450
711
908
1954
566
625
883
1176
568
486
2318
1515
1730
986
934
154
1001
402
332
1047
648
1708
3213
295
990
1650
2184
676
372
1255
239
859
338
968
4730
761
1983
312
796
349
1020
3041
654
229
417
270
293
320
620
700
520
326
608
641
718
365
887
673
482
908
486
5971
372
1261
215
499
1468
859
365
678
2844
693
880
1713
609
477
2147
2646
3219
1320
417
3236
590
417
139
489
1158
5212
691
6825
502
4085
3842
961
511
766
413
532
484
396
894
345
1642
558
3893
664
735
346
447
744
454
610
3011
2895
768
1796
207
3666
9047
370
509
353
635
675
4083
929
312
624
3993
2474
1081
288
903
1534
590
604
1976
624
1030
833
1033
620
831
1461
715
519
3529
776
1608
6288
1010
1095
743
1070
920
793
6664
398
940
3164
285
507
312
5226
845
825
1010
1438
522
1215
9900
3509
725
489
475
920
3234
3020
574
924
1922
985
151
2057
444
697
1420
409
430
647
492
357
1128
500
620
484
1758
1671
554
1178
4756
932
522
552
277
574
7132
766
329
6284
546
561
362
695
4839
2515
456
1421
695
934
3246
491
840
1999
511
635
711
546
844
339
410
1938
898
2969
555
137
1508
657
1727
866
742
440
558
473
3244
3550
543
993
607
5827
553
717
203
741
771
485
826
715
1719
845
643
702
788
3332
714
519
661
1301
697
3825
475
745
611
340
833
1628
2661
279
844
950
906
701
464
280
419
442
6256
175
270
632
1582
493
297
690
853
1877
753
487
1368
734
325
692
404
609
971
1943
404
639
796
2392
3279
3561
2233
585
743
400
824
221
415
615
3450
837
943
597
6355
2779
874
730
2569
4790
634
473
695
696
719
1020
3045
869
5536
500
3693
735
336
540
1183
758
2377
705
829
461
1515
2310
2088
3012
436
663
351
266
611
529
658
1014
625
520
5470
5516
429
255
165
249
1613
3142
722
467
738
600
706
422
2067
5974
4257
508
3074
1196
791
764
576
435
4491
607
655
536
665
2954
2744
364
685
225
490
3696
2184
505
500
591
651
573
1829
272
2136
723
2230
7645
607
332
237
1353
549
1096
1053
623
3114
305
2169
5763
2612
415
690
923
376
6384
1307
666
802
794
1351
3249
676
18456
517
851
439
312
200
1094
755
581
4820
1326
525
3049
648
1094
783
354
526
372
688
880
693
3423
893
574
198
354
579
661
679
3101
496
484
518
579
667
374
298
272
2001
694
747
1012
788
1119
763
836
2704
787
898
449
5587
1496
831
875
927
624
869
395
266
2756
790
1755
938
695
209
804
913
428
5922
608
2222
1414
974
558
249
3820
219
877
319
830
724
707
421
570
965
286
3775
467
1011
175
1153
223
576
575
225
479
443
568
297
354
4418
656
651
523
423
672
6088
1017
135
9583
374
1005
2396
820
341
703
1420
560
658
2842
631
577
1848
1152
789
781
731
570
688
711
765
763
1697
664
360
1323
4394
594
1219
817
628
787
540
372
645
861
374
648
2188
2615
379
179
398
6791
565
8869
393
2393
776
3174
640
424
271
1117
3928
375
619
767
4155
1214
319
341
442
934
779
726
613
579
516
307
735
635
489
523
495
1541
769
2656
5595
191
1146
773
162
821
493
224
5153
8952
2020
588
643
700
395
679
790
705
429
2669
862
434
629
787
1170
340
7632
376
347
239
1675
278
643
467
761
153
267
251
597
3524
299
267
684
6403
575
2227
440
272
342
749
918
1043
438
545
949
1081
4525
639
645
703
1026
625
388
576
878
404
505
925
210
425
1501
470
2377
9349
577
3084
858
1030
843
194
1043
760
391
492
796
1668
2754
708
947
654
676
917
1261
416
535
824
540
648
460
489
1099
659
1023
812
2147
4854
559
451
1044
491
370
843
260
440
3328
231
3939
642
146
6983
625
1049
585
476
498
630
509
360
748
495
681
477
921
407
278
661
422
693
1619
373
7363
545
626
652
885
460
290
657
524
1193
1040
546
822
663
557
397
543
302
811
2268
1282
483
711
855
897
563
765
2010
592
3419
780
695
788
682
695
482
587
1057
629
2083
3501
4084
1784
472
538
6324
1294
476
709
712
801
808
401
5371
189
4675
4039
370
424
395
395
513
814
633
873
629
229
711
826
373
477
861
5274
730
823
956
952
702
4302
345
678
3686
2891
3717
252
570
648
418
550
572
916
479
764
558
374
608
458
352
4662
686
386
4434
950
809
337
333
649
1195
169
5744
1647
395
13220
2647
501
604
825
343
259
365
561
648
907
620
804
248
486
307
455
634
2164
730
800
1008
6172
340
688
1171
621
428
1713
362
2324
692
4730
257
666
10093
957
419
797
2293
822
866
387
705
1879
519
6115
3088
1102
714
596
595
1581
300
1324
1355
1374
700
288
352
822
4551
4823
1302
300
646
280
608
3380
627
4194
1079
585
520
3701
1129
3632
211
3456
460
387
415
137
725
1974
1277
482
280
1171
769
829
1083
762
998
438
830
555
508
303
651
811
267
492
1542
172
888
651
1903
2007
995
3727
1234
1068
705
280
690
646
283
745
748
520
277
864
880
953
6563
934
9107
244
172
467
1725
458
724
1053
1581
1186
1723
496
785
1293
571
5681
303
3919
5647
955
1284
334
433
6353
2169
469
1864
357
532
1473
534
2931
176
1737
698
839
2195
173
378
7175
636
890
296
7217
969
490
3662
461
318
809
1156
1030
281
578
3191
934
2641
425
3234
4962
3597
840
651
712
402
467
438
3403
7942
516
574
352
615
420
417
1013
722
307
521
724
714
808
288
1396
584
606
417
321
675
3553
510
3329
4660
3184
615
167
686
881
654
401
4162
614
651
342
442
593
520
519
382
582
2059
325
1552
380
972
710
2180
761
387
822
805
352
2387
500
3350
568
544
1723
252
276
461
1146
631
2207
398
6140
3336
1384
435
1993
893
514
5137
484
890
2717
4883
348
636
256
583
2195
575
268
155
2046
949
781
1265
891
422
371
1016
691
351
1041
1922
590
417
502
271
616
751
3462
1082
1120
549
499
392
189
820
420
330
749
485
705
321
434
898
189
240
630
10203
393
601
1586
7958
3669
441
1271
928
1267
334
2768
478
2827
231
338
269
867
1189
900
195
1013
3251
958
670
301
406
155
1386
287
786
794
9418
431
4706
915
701
414
2822
274
837
1130
351
513
759
620
692
389
162
577
949
702
428
500
300
639
342
1164
1118
2990
158
5779
180
1323
756
716
843
927
631
535
286
5813
344
750
324
479
246
1039
940
429
2329
505
2963
579
859
314
157
495
629
713
791
526
2437
498
171
2139
425
1453
613
4149
529
319
796
3527
279
2685
772
274
679
3810
1997
487
3785
830
357
774
4361
481
539
2125
4860
1156
2512
684
460
435
617
459
1334
629
624
654
1119
359
296
657
201
2932
389
305
187
4398
8666
557
527
297
3091
990
1177
293
4167
343
688
270
571
1001
464
426
847
1275
2344
3673
560
675
484
2830
722
662
3587
416
1371
707
530
296
1030
4500
653
4565
2360
802
384
370
373
601
1131
648
2293
885
1663
613
330
387
148
852
359
765
276
922
1136
842
596
598
371
2200
399
463
150
732
1565
2837
645
667
366
742
615
1000
1016
1958
5128
641
4369
717
680
309
1534
374
2006
3093
784
3383
1035
435
647
808
1183
537
303
1265
719
614
689
663
960
3212
3244
856
1245
360
685
2874
429
647
495
312
312
557
535
360
490
1061
2208
2817
878
426
517
464
2949
980
536
542
393
619
669
855
3376
617
829
3945
554
255
560
705
454
547
506
3469
771
739
800
305
5398
902
1057
515
3260
225
1550
4182
426
1039
859
236
674
3544
936
566
1018
408
318
423
6682
206
1009
718
982
2894
523
530
925
1076
3346
1033
585
764
604
777
582
355
367
718
2696
1724
1049
502
590
689
766
4240
5511
3637
664
714
315
325
2287
521
463
488
1243
775
784
468
600
939
1053
575
478
675
2736
3670
1071
2975
3472
696
802
704
429
675
380
1129
349
1014
1948
2916
606
1153
485
424
594
857
728
256
2232
3495
330
378
1089
226
4224
1314
1202
1012
382
822
2891
910
441
1311
5329
393
220
5950
715
849
1109
3088
398
576
1072
183
800
280
521
1043
491
900
238
2727
395
1237
524
841
3375
1047
789
425
4258
484
773
509
506
430
757
4106
317
367
273
472
414
1572
311
877
522
4236
2579
455
302
10675
623
778
361
4334
910
687
532
702
13517
952
300
936
771
598
356
667
594
280
817
1580
2381
193
323
1251
3141
724
278
1229
2608
4945
1118
806
2242
1691
1354
653
213
904
1233
647
846
521
976
333
1080
3624
652
580
2129
849
7084
6483
726
458
683
5056
370
234
259
493
2091
745
1730
961
2188
185
755
3545
1035
5062
642
662
507
1047
2645
1236
1295
383
766
3668
3487
374
523
1410
818
314
4849
579
541
386
768
2932
1069
1825
1289
435
2037
1135
1458
576
614
154
292
778
3853
497
312
204
250
490
291
671
433
2137
4961
4095
457
887
730
4665
583
887
317
1378
344
475
884
917
5933
375
989
637
585
1370
924
664
2715
3339
766
3148
628
5613
772
443
688
3007
943
181
954
489
551
10607
677
615
279
675
183
766
2183
3193
2527
836
1461
701
855
629
1184
786
838
1408
235
5699
910
571
3434
568
578
1011
539
1431
177
655
374
253
893
579
466
337
391
2543
800
2048
470
411
732
1108
337
279
738
545
1012
1865
308
474
1045
896
536
600
530
664
1001
1285
874
2911
668
666
811
411
3516
723
547
1606
752
1093
2428
3311
517
480
609
531
980
803
1051
367
1351
1243
990
346
266
502
620
400
442
2455
828
465
3170
236
597
141
2516
1008
637
655
850
320
673
986
1460
538
7693
2491
462
736
370
5356
545
674
160
673
663
1031
463
366
964
1596
441
1389
2342
456
3262
572
385
641
509
2365
2420
419
1629
767
244
2092
681
463
651
550
1070
259
1190
370
2375
943
328
586
191
741
451
1091
1035
435
6849
550
460
4332
2908
913
195
842
800
587
3407
1007
423
769
312
431
864
4236
918
1721
632
2472
485
4976
4485
3659
1882
500
889
1318
1035
1268
957
3991
244
801
575
754
2758
1483
346
1089
754
1639
582
3914
212
490
4775
1024
330
2500
502
428
436
1556
781
376
456
1508
508
609
396
449
2322
10103
2947
435
1133
1822
778
3284
2703
6439
2854
865
715
727
828
1039
812
720
767
923
332
942
368
578
456
9069
2223
753
317
600
374
280
827
779
560
561
4899
260
188
356
1301
500
760
706
455
757
415
470
1487
563
2933
1129
659
514
1851
2630
4032
574
671
187
416
958
449
718
791
721
1296
642
1345
574
193
3030
568
407
1742
2368
5481
943
529
4798
469
3021
2125
647
805
384
539
632
8066
453
2823
1131
334
1760
908
2278
3537
259
549
1641
3614
1749
671
681
1173
1364
842
491
2518
594
760
728
2783
2654
572
1081
168
521
752
333
312
1060
250
1841
1317
303
4097
712
642
652
559
372
5855
557
821
1604
1080
984
677
291
846
623
2659
187
329
515
4692
3395
628
278
1473
705
703
153
1079
498
1417
370
754
826
201
637
578
221
806
712
568
503
1098
945
562
257
493
8699
406
5931
1863
709
1650
296
3560
2952
3271
489
608
490
408
1531
782
3249
478
2476
645
483
202
628
674
433
191
492
784
353
1086
975
1792
545
697
440
928
925
6244
2873
452
490
587
594
454
5161
474
957
850
255
714
367
4986
1081
322
1350
447
3698
773
228
2072
314
287
543
8415
2837
1420
5502
279
7585
6323
170
671
716
428
2166
368
467
1473
2609
172
1889
242
571
488
581
460
278
380
772
812
434
917
843
959
389
2591
594
712
671
540
863
555
546
421
253
791
1055
1950
850
267
5761
650
645
471
334
979
538
1421
502
985
989
925
895
812
2765
998
672
523
857
155
1077
371
282
1509
585
634
4823
3118
872
549
1870
811
483
705
6411
340
4229
305
327
2193
2544
673
3475
256
301
744
4101
7848
529
2599
739
1514
4437
289
5848
1032
925
403
615
804
1982
854
5980
3254
539
248
1091
412
1161
614
385
792
982
544
270
2697
1185
4765
443
707
703
858
745
350
5676
544
312
821
932
674
626
633
809
2570
584
686
278
8155
535
5421
757
565
2610
375
431
4996
700
772
696
391
638
383
516
641
888
266
457
815
5674
618
2387
1061
328
890
839
776
333
320
1042
1435
2086
659
322
6425
566
553
835
456
6524
572
859
4217
1084
487
814
750
449
626
1037
521
716
945
626
1169
474
3653
859
139
698
5220
8496
532
909
440
3885
814
955
897
1005
533
498
1259
2024
860
718
237
2217
450
571
354
482
461
710
2364
440
3138
665
222
603
269
571
641
1640
595
698
1518
290
2993
1641
341
525
488
554
487
1401
634
737
878
790
769
711
518
2606
515
1522
863
221
347
770
530
712
440
226
284
1121
624
810
581
763
645
896
281
1618
832
249
247
713
219
512
294
8467
1180
191
362
785
712
870
413
759
576
454
167
615
822
751
618
595
390
485
355
278
1928
1634
827
397
766
917
1277
1110
660
758
742
623
1781
628
888
1317
2363
490
861
2893
1830
2681
638
889
4291
924
552
954
2241
474
588
4477
1653
900
4494
685
514
847
2853
926
289
1015
468
274
5458
301
448
255
1301
2555
179
285
763
229
688
885
241
845
1186
449
801
502
7709
1224
572
791
902
1991
322
3654
1055
446
354
8136
452
4826
3934
400
166
194
2895
7554
3408
164
340
193
4373
763
7574
507
679
571
282
425
413
608
388
3949
4348
631
541
2493
818
577
306
668
354
337
770
1758
553
7744
429
2239
4253
1962
7667
333
267
1577
487
667
862
675
696
2478
883
11925
2824
731
6495
661
1113
7906
627
1352
661
504
263
700
1121
459
890
606
512
753
180
318
588
609
1209
318
765
426
756
388
287
566
410
534
672
232
712
6076
362
301
596
859
410
646
1043
813
649
2960
2362
365
773
4306
218
611
425
602
2952
936
740
4218
1216
2881
894
901
2451
453
3986
298
1572
595
602
916
2142
830
633
672
366
711
741
1368
2878
803
592
392
584
719
554
774
586
6716
901
598
2356
9863
894
239
1424
229
631
3793
1442
303
546
5780
1122
629
361
969
535
227
464
372
8057
625
599
1281
208
373
2202
1897
1356
900
421
999
434
984
1149
597
3700
775
1620
6794
508
698
4737
1462
613
2055
399
768
1075
361
364
3314
3599
712
507
873
216
223
465
1420
782
1275
498
691
982
1201
1666
4133
767
319
1443
447
847
684
508
541
2124
542
352
1309
1325
442
801
868
333
544
950
994
909
749
789
706
658
323
191
3335
792
403
392
1305
732
414
3094
529
5233
1013
3809
140
1130
379
436
957
882
5551
390
993
191
10405
1848
685
8654
664
1822
676
407
706
2792
665
3692
402
767
824
754
2406
387
477
643
438
990
942
1623
317
372
3020
213
353
265
474
196
319
3685
371
1289
928
814
372
451
654
462
761
5070
3856
831
724
732
2657
4939
1547
366
489
842
689
1622
1163
821
1808
767
1704
893
5184
166
425
955
462
1347
958
1002
370
705
242
9084
478
970
515
509
247
428
365
704
873
344
742
356
749
791
2184
535
807
8015
326
3394
6883
2105
936
599
361
881
185
555
1698
610
884
556
299
921
363
179
3880
1524
888
714
3465
817
527
184
1002
493
336
353
926
234
697
842
504
632
1036
1214
236
1879
659
5581
120
700
1326
927
599
4401
421
471
756
1388
2161
844
296
504
598
844
468
427
1935
841
638
232
422
1900
1100
750
1406
392
5481
521
707
2217
407
406
176
689
5634
2348
556
177
631
458
522
1469
1018
1341
557
2677
550
981
631
3566
537
364
610
391
3160
474
418
5857
575
565
772
895
764
2099
210
987
589
434
849
946
603
256
515
3262
606
949
559
644
640
895
2748
461
674
1116
669
1240
3055
574
1169
422
649
313
614
659
308
1409
412
3840
491
2495
2065
798
1987
1283
452
4798
7443
304
341
841
250
2564
682
1596
685
533
498
534
685
1376
872
553
444
458
316
1406
508
618
802
2772
572
2888
430
521
388
569
2660
7464
2485
517
975
668
2494
2933
3053
579
421
607
1653
94
414
468
4474
747
1175
693
437
502
476
490
2050
1142
387
893
1070
2081
814
4407
407
764
143
797
421
1257
350
588
747
747
410
436
262
410
608
2139
763
209
387
4198
925
476
750
364
432
902
333
469
478
3724
243
1050
580
1144
1373
761
746
1964
724
339
691
490
707
844
472
337
766
558
349
2152
952
536
1891
5898
260
919
729
160
3497
559
837
1023
642
1377
600
1992
17850
499
732
270
2471
581
2034
622
5447
295
198
416
1835
836
139
579
7223
880
505
253
933
522
978
754
711
8704
692
6013
720
4853
2070
337
1155
761
10374
603
222
7640
110
1726
3627
2438
592
1640
649
554
404
483
330
405
901
1280
551
221
1096
1926
1728
916
534
856
1389
660
433
1023
1658
416
1300
517
1034
991
546
296
2023
872
226
822
918
383
1273
464
925
860
616
3682
2915
3618
462
449
2333
5620
905
216
1122
630
2835
336
940
1421
1124
252
4814
5156
652
3599
267
173
209
657
782
225
341
201
756
649
410
445
693
911
841
720
305
3881
943
4096
4137
6634
781
4391
541
1357
364
287
611
943
416
814
2513
2061
1207
617
471
446
935
736
538
1085
944
1100
2783
4430
481
545
365
528
148
696
659
893
2150
885
531
2601
667
761
285
555
594
1312
678
180
243
149
599
248
968
675
1627
308
554
4663
1656
2855
3267
718
911
2513
552
750
1514
582
453
703
656
490
1322
1008
514
737
456
8415
310
473
787
419
3278
474
389
128
1612
582
308
196
681
1997
300
812
1609
927
553
966
240
408
823
699
788
350
429
472
778
1576
567
484
569
268
5917
492
443
465
500
736
896
1075
468
385
823
971
406
327
4013
956
2827
3779
971
351
2199
1077
847
339
636
3066
1411
4128
428
2296
680
616
400
1042
417
368
1398
11630
494
409
881
2476
708
169
515
585
325
387
1227
503
839
502
649
1105
1689
435
1132
766
598
1086
681
587
3244
2226
435
734
791
3742
129
1085
298
272
879
739
1724
779
847
3708
4252
567
386
5404
561
2388
975
566
230
668
328
730
1603
7389
2452
392
299
767
424
770
326
315
2637
661
601
5061
415
649
749
257
355
1259
436
714
1573
514
421
444
10205
704
1754
2983
2189
485
1878
764
2138
1852
1043
983
461
288
926
182
459
2209
366
390
436
1044
1100
221
965
1469
1413
3728
2054
515
312
818
567
804
162
1013
328
5314
535
3906
2347
769
453
1528
547
3407
469
332
526
506
1015
291
408
468
336
3071
763
4190
2058
613
775
1174
422
739
4669
760
1213
288
656
883
340
429
551
1121
3283
485
1770
984
110
946
804
636
1417
5679
785
447
782
607
774
314
158
368
313
925
401
448
515
528
281
556
670
1143
581
2243
1035
4002
771
557
941
745
688
732
1058
240
553
801
460
1166
389
306
273
605
1078
3876
445
585
280
2247
141
714
335
4690
1757
424
1190
398
428
1346
383
404
208
347
1801
489
183
966
1192
396
1396
1529
866
1747
308
429
384
693
903
236
1118
380
481
2838
157
1732
800
2051
366
505
332
2455
705
734
1065
696
111
2050
427
3333
402
794
670
855
854
780
983
558
921
209
1934
2099
373
624
710
337
564
790
311
379
443
546
225
4057
5088
960
238
1277
564
282
390
365
384
854
3799
1125
478
602
3490
532
584
700
887
537
614
1402
596
739
802
544
882
2139
612
326
3446
402
257
4960
334
440
338
700
334
3208
3659
1009
521
790
926
456
734
1902
679
840
6009
531
350
613
381
1610
312
681
483
469
1516
1147
1315
385
4149
524
1948
697
1395
1128
514
525
1190
581
745
660
2756
379
370
769
673
705
3801
685
4685
738
696
977
1181
911
617
614
565
465
666
4427
627
2897
223
279
1132
570
3026
561
643
1812
620
2873
1924
419
604
952
1511
671
1551
792
4750
593
801
363
561
283
671
322
720
4441
474
6756
273
411
563
585
586
5551
661
867
294
471
7274
527
844
432
385
761
415
925
949
930
8450
343
273
631
953
1077
193
291
559
3053
618
433
824
3405
625
757
1255
830
732
2044
3473
1504
1340
569
338
8571
308
772
588
4407
276
1013
6533
617
842
1127
437
1601
4743
4336
368
787
1188
581
726
783
754
2013
1979
531
3207
362
1959
981
5217
253
633
5789
224
520
970
943
390
818
360
841
881
6624
548
222
913
1155
4054
963
921
466
570
5434
3021
1206
404
507
214
967
902
1268
423
447
684
233
392
9285
833
839
632
816
1346
648
1726
722
271
525
153
442
332
508
697
625
1247
1008
398
856
2383
358
1201
1431
535
292
285
576
276
555
684
696
825
2011
222
312
678
833
615
3738
510
845
447
333
526
1200
220
634
421
287
459
226
684
532
548
719
2006
854
1089
396
465
2987
1583
4473
745
565
609
4348
2006
444
459
1989
915
344
514
2319
2144
463
1147
334
970
495
733
945
9092
881
1531
909
3662
1034
4940
486
802
5007
1119
376
533
1714
384
992
1213
351
691
1015
631
820
1629
3746
642
3086
547
3090
1680
1119
312
450
292
4735
888
494
221
954
3455
2720
167
1035
437
513
1767
507
610
769
612
960
3967
6524
227
475
1162
1110
2949
498
369
1825
368
634
754
1054
232
665
3736
710
252
977
515
559
544
453
513
3143
673
1663
283
2475
645
1940
394
3206
240
155
763
1083
336
855
950
5186
703
390
5560
877
2510
624
549
3763
684
859
947
949
1530
514
683
238
1984
581
741
216
805
2845
663
817
229
670
771
739
946
840
1781
627
960
589
1239
741
751
1092
341
731
1965
207
913
3883
397
1007
1004
1080
1030
1166
854
736
494
440
491
4229
335
3135
3628
1053
514
515
263
588
348
766
588
922
2025
5148
659
396
310
708
1806
164
1577
1201
992
475
4472
1102
1048
395
833
791
1338
1056
743
151
280
254
506
865
803
1456
3585
1925
7484
840
9219
473
478
520
881
658
2074
986
544
542
3299
2383
300
1836
761
988
757
230
726
721
230
218
220
2575
2752
1167
495
267
1178
3911
850
7658
812
2993
230
3391
716
1042
1613
276
1037
408
744
718
521
5149
637
461
532
876
485
882
360
444
882
5157
367
3481
294
462
2181
319
3823
8751
389
2592
2657
662
4463
461
932
197
600
865
901
212
499
3957
752
1028
1379
1057
560
233
457
809
2470
259
387
4514
4976
761
1259
656
2160
1692
534
676
3309
1424
1965
878
501
463
314
347
974
538
5004
1394
863
880
877
4162
1233
360
1398
603
424
1177
883
1007
1196
395
406
688
1982
1383
513
403
261
424
589
1684
581
522
5430
688
2335
4169
943
4620
912
585
657
267
340
1250
2548
1312
748
424
489
5790
1125
4552
479
625
656
1025
593
615
1108
572
231
762
5390
305
9809
381
1132
736
927
2223
323
578
6323
364
182
1829
902
1324
3189
1166
774
456
475
7486
651
421
327
143
990
3267
5132
492
547
241
7201
982
229
656
844
265
729
594
695
561
609
2477
829
1779
195
5154
5976
403
1946
2364
580
847
441
523
422
421
522
445
1661
333
651
3212
1980
1309
1598
279
2593
1036
3953
597
362
654
2539
1456
654
184
469
378
787
696
1655
352
634
662
770
343
552
511
730
2010
2529
1090
456
459
815
609
1509
2998
758
482
1011
6927
1809
751
1237
1239
584
726
782
892
1472
829
860
833
837
369
4140
523
762
1328
428
1573
616
537
689
5382
1015
4001
2315
716
520
7083
227
934
1012
2496
588
1045
914
206
3071
607
610
1332
3586
392
1418
3604
5811
241
576
682
270
9938
651
897
2500
375
682
3080
2002
1171
876
288
627
3382
301
744
431
626
458
299
3407
1304
5997
5926
5069
321
637
779
90
486
5914
197
698
349
911
371
647
396
293
588
5911
281
518
674
735
545
2824
481
387
2259
583
502
395
625
866
722
650
1527
656
538
419
696
223
2214
2369
3847
2395
401
1107
1323
1170
731
869
5620
713
925
1238
5061
492
709
479
718
196
725
1081
1422
773
973
718
644
165
143
474
1007
1169
660
1277
4034
287
4707
825
328
294
894
899
885
202
1678
729
632
934
495
691
801
350
1788
572
999
528
1362
602
1425
863
739
4198
370
808
2928
316
816
860
473
425
605
599
5432
333
653
346
306
495
2196
10701
795
478
246
209
1011
383
763
669
1296
1352
1827
1038
289
1261
1036
619
574
718
475
452
5944
340
4531
529
412
236
447
446
753
623
595
2256
2219
668
323
875
9693
585
160
752
629
511
593
803
975
649
792
743
292
391
250
662
765
3041
739
1197
294
1936
1660
813
760
313
661
1921
959
12498
803
2163
590
520
441
555
351
235
610
700
662
599
4912
3817
939
1566
5458
708
542
9331
6417
1467
2549
200
661
669
343
656
1404
394
328
569
790
1793
5781
511
586
629
1698
203
873
653
529
544
2040
885
886
486
983
1062
616
698
276
584
504
800
1100
301
3608
556
473
742
924
315
596
743
590
491
831
729
230
148
929
340
1200
710
1200
385
641
502
6969
354
883
270
553
1618
486
2108
398
371
532
176
425
546
241
519
813
1569
710
726
1086
492
2597
3342
650
1021
1357
393
861
920
3729
1211
757
372
1933
3624
671
400
813
770
666
458
357
600
181
2842
1651
231
910
638
384
384
607
397
227
745
845
185
475
186
502
631
239
617
872
387
615
3312
680
496
708
1204
329
653
545
1000
1002
3203
1031
845
768
649
727
599
790
892
867
5489
197
334
599
649
680
2885
2199
516
499
797
856
818
920
551
6456
657
622
724
598
355
648
840
418
389
496
638
334
695
1069
2373
307
2645
634
346
463
818
748
1096
1060
4557
369
2068
982
635
3212
658
694
407
1066
445
294
681
207
396
525
1114
405
701
589
1014
1252
566
775
517
986
939
233
3531
697
397
590
386
604
386
641
500
360
459
767
543
585
474
660
1043
398
777
398
2108
773
2330
501
1576
4319
620
3689
506
755
1023
243
1051
1291
426
4548
633
1800
251
542
1158
3293
334
539
874
471
485
1028
3762
1196
2245
623
776
2084
468
2103
2702
567
350
1445
445
4801
828
974
982
304
759
451
790
452
876
224
425
344
497
6353
682
391
8222
421
518
1633
992
560
396
1208
5042
490
871
1704
3959
591
360
510
917
375
1436
634
669
6442
444
610
1865
293
705
529
409
276
713
3068
676
814
794
470
2310
551
491
2409
526
1039
797
1201
1067
852
235
1411
741
3729
700
279
616
289
1481
570
5392
720
636
487
4401
514
2795
878
1929
3939
831
3998
539
768
3254
305
682
385
735
459
2851
642
3711
566
527
2543
5471
879
684
655
6113
693
311
201
1547
302
573
341
335
262
369
2497
354
625
2000
620
453
246
1053
1135
560
2082
455
335
8895
188
755
2149
1493
4550
633
1771
2451
767
2925
504
685
151
282
925
903
802
840
226
215
3457
865
647
183
480
1019
764
1877
1126
443
3032
4659
1726
566
567
585
780
228
484
397
620
389
1622
1104
477
1772
493
863
825
833
354
470
1947
468
819
252
863
590
1557
387
524
604
1040
1580
1078
6051
374
335
462
932
652
1663
498
1488
816
292
484
1741
310
422
4519
459
5621
227
1077
460
1592
541
582
791
494
456
228
410
573
550
825
1006
7795
1499
609
381
1283
569
1071
451
2447
1452
494
1653
2059
6610
2474
215
396
731
365
6837
986
2284
725
1989
919
662
751
372
282
647
853
634
834
4783
6382
553
442
648
778
734
581
481
996
602
561
1185
2024
1028
366
395
178
1177
8501
872
3074
1087
422
677
634
674
972
820
255
994
1174
674
455
611
316
538
612
3775
547
1164
5826
5485
1017
9718
3975
10424
900
711
2202
1031
668
307
311
404
608
718
202
2074
183
2002
3120
115
409
957
449
2905
985
311
617
3344
2636
778
449
267
563
835
421
377
997
4135
430
5804
335
1238
318
806
559
987
1413
2208
549
948
550
877
1523
776
1102
2821
646
686
2182
543
538
1568
328
2489
480
456
508
783
978
5275
928
540
1382
661
533
901
2914
2307
1094
816
942
504
1319
915
6632
714
659
507
429
621
189
545
1392
353
4748
259
927
1413
3963
654
2283
1521
651
3101
548
2807
685
615
882
103
430
431
340
2921
7801
425
395
956
688
2151
810
944
647
980
431
501
623
786
995
2020
985
602
5114
361
512
359
293
4141
197
3031
628
424
338
810
420
573
202
530
735
1454
282
505
592
306
296
385
938
650
429
333
985
445
733
1208
689
1054
726
579
503
4236
390
602
551
5116
1187
1068
1451
743
691
588
457
1072
1034
901
3914
1061
676
408
1188
833
234
1187
3136
439
317
316
1494
549
473
379
573
254
444
199
6144
1384
826
322
488
460
12803
612
679
754
2360
1123
1145
209
4065
779
383
197
620
830
2103
560
552
947
942
7994
1373
7792
498
149
255
445
551
492
651
3904
559
648
628
4557
780
1356
539
615
651
623
5701
3319
402
348
1617
631
223
800
768
521
2521
917
505
477
1105
150
1719
727
353
2021
465
9082
916
536
291
531
3041
345
424
290
1028
816
351
534
1760
408
696
1266
481
151
352
278
516
1374
922
348
572
312
5527
195
5425
313
169
1132
387
1020
711
878
505
1194
362
613
754
774
239
642
2721
415
626
3135
791
671
743
348
1271
600
563
3559
496
837
662
1533
2245
1614
210
829
1920
302
487
2073
532
295
354
2596
317
717
616
915
300
589
306
511
662
1022
272
456
2988
904
774
1117
398
476
2675
4209
3027
521
3088
3408
2106
430
847
439
558
1069
509
3912
953
10559
595
264
729
678
485
721
184
1308
566
704
2049
571
656
579
5370
882
2218
540
345
1606
765
420
470
635
356
1080
579
426
1202
546
2928
1283
847
366
772
1845
432
848
230
729
781
3430
1076
5413
1734
601
4253
729
306
3369
7180
376
436
507
908
978
10943
191
288
391
677
813
705
873
6596
272
364
945
567
635
409
726
7146
511
1008
2335
380
659
684
535
786
737
600
405
4467
488
1110
533
395
973
885
898
232
534
596
1810
484
473
808
4548
238
558
691
551
4444
1984
1198
678
543
374
458
182
2101
647
1573
860
411
9476
264
1131
397
665
679
417
628
400
378
803
525
789
2391
830
737
451
454
1049
616
13100
241
694
5498
320
647
845
548
327
1558
1103
368
346
152
4050
202
693
703
252
4994
590
919
708
468
809
6945
609
427
704
3041
313
409
673
623
234
11067
398
1023
3441
597
849
597
219
602
6497
801
245
657
5227
681
1217
1910
811
777
492
219
261
677
461
4637
672
866
841
877
2453
347
545
3459
690
605
239
311
5898
1021
8361
568
1554
655
607
421
575
2120
461
662
803
977
427
595
1477
665
941
931
4671
893
2596
570
1144
424
198
969
366
2757
165
421
653
648
484
675
2940
905
1998
555
796
998
637
543
630
315
921
627
373
700
466
2569
991
576
2653
905
770
567
466
2625
995
5342
836
684
490
488
288
3778
4549
202
345
669
332
464
502
264
3363
290
423
189
487
455
1615
2414
241
373
222
292
652
506
651
901
419
3916
1652
1934
1129
719
215
7126
952
4990
703
112
1309
226
546
864
601
2871
906
418
371
559
420
1235
985
512
209
519
454
768
1332
822
524
571
751
235
532
1497
477
581
3860
989
285
219
677
681
1090
1360
741
402
601
711
2573
1043
351
1085
1339
2986
519
512
1385
1169
280
653
1346
1919
1189
1162
377
451
819
550
1635
580
809
448
691
434
7009
584
625
1221
8259
524
784
8672
514
474
576
371
2948
356
698
866
1636
445
2807
654
5121
577
1470
210
1103
798
803
837
1550
1179
419
1048
2194
526
671
318
458
2408
996
605
1929
623
215
1075
775
4257
272
538
366
282
193
681
436
1505
441
376
714
236
13729
771
2085
715
409
722
5690
1225
486
395
4057
1321
1001
995
1495
595
467
293
933
181
435
412
5626
417
672
662
528
1536
797
359
1011
5438
953
1028
472
560
1052
137
341
1073
645
439
685
4917
13147
2085
713
551
1008
518
411
891
925
1081
433
595
3038
622
173
3375
7365
680
387
3594
633
1408
335
813
683
353
583
560
569
297
3722
163
304
2997
8759
528
1809
1871
844
650
406
557
573
357
489
556
465
466
609
3459
5176
2789
258
2956
4330
772
374
532
728
580
750
2454
906
588
236
275
740
5794
379
570
254
435
2026
665
837
294
836
558
538
264
480
4209
520
444
725
2917
731
286
1115
821
576
847
644
4893
647
957
1367
435
361
678
613
896
4373
1832
1764
607
3090
523
304
1383
695
361
313
324
1855
375
679
671
793
730
1332
1443
132
4306
11533
225
246
756
951
1138
196
476
943
525
8808
11055
681
1183
929
867
490
482
800
1119
623
1138
2700
186
138
698
983
355
1658
347
552
4491
522
907
733
537
508
4543
539
597
198
650
305
4446
621
1266
2540
454
4234
390
602
1491
13019
423
1691
558
751
820
520
3049
350
2565
1376
207
337
648
964
524
690
533
1919
194
2650
356
842
881
765
3289
805
4685
831
376
445
5229
587
1126
251
3018
4157
526
192
2847
781
444
667
858
503
863
2130
2245
576
9050
380
737
804
228
812
1451
792
335
886
582
864
3545
470
700
546
3644
2581
676
1124
1209
320
305
599
620
3743
661
387
447
572
1018
1418
341
330
631
866
681
3104
1436
1201
357
554
2017
863
396
754
1074
856
823
398
3102
842
422
3000
794
594
363
541
855
1631
1044
458
711
511
502
503
391
949
470
1554
1655
207
1366
324
892
1614
456
381
3933
1374
569
564
564
1239
784
196
689
761
612
4711
479
377
667
2992
1223
439
523
649
597
353
809
788
437
388
209
2813
588
489
679
1325
327
235
4387
584
377
852
696
4509
288
439
3296
370
334
1990
637
269
285
700
662
476
362
684
504
1045
962
846
319
398
859
636
975
954
649
716
783
1099
793
703
579
13870
744
748
2139
2769
842
937
7843
344
386
436
474
843
387
289
517
283
456
826
336
3177
707
1982
543
351
444
5928
738
705
536
505
408
351
805
593
3339
2916
1074
448
614
293
470
4225
1023
192
1258
276
870
764
254
1591
542
582
518
460
937
1048
493
1014
602
768
1086
1444
508
639
6096
227
879
244
505
934
611
780
250
946
835
490
355
503
935
375
2597
403
572
914
1069
3912
647
655
1057
1591
504
842
2369
501
937
400
726
1675
666
263
629
932
716
506
611
3935
6571
903
4209
327
1181
1297
413
589
714
2366
586
290
619
861
1182
658
751
411
1120
1815
718
571
489
304
335
816
477
1744
1159
713
705
704
619
409
1049
861
244
3126
2388
857
846
753
741
2360
321
4543
804
472
333
531
369
2001
3933
636
659
900
605
313
931
3635
170
464
996
1548
758
488
548
520
1061
941
703
614
572
760
217
533
707
225
336
750
3500
498
859
216
582
335
1958
571
310
669
517
665
398
818
566
1032
562
478
5687
763
485
484
541
381
4782
807
5712
416
489
659
386
499
633
366
600
1962
646
347
876
2201
6685
188
639
2838
388
1331
787
556
596
959
1887
316
2547
354
748
6366
614
778
500
493
1711
667
930
783
336
6102
529
759
472
9182
925
600
351
222
782
260
7259
740
1045
1132
572
236
774
610
386
2285
338
345
1771
401
2050
1856
162
285
697
753
361
1046
585
953
3930
2760
1554
1041
2325
223
816
544
691
1365
302
610
1071
332
258
447
385
302
169
1023
3955
527
752
696
634
962
1428
778
1184
492
416
2217
415
415
2245
274
797
477
465
232
744
3051
486
905
1285
621
3127
721
808
734
382
8647
4616
664
504
1341
3251
985
665
1814
835
695
402
807
315
641
271
965
3036
277
623
670
1413
717
635
287
818
364
626
828
3129
317
804
677
10265
475
903
225
566
632
730
439
811
396
135
2321
2394
1752
912
1282
412
430
278
406
277
6869
286
265
830
3360
671
681
566
783
8121
542
615
1429
135
644
4466
250
985
685
5542
440
910
2780
538
2099
448
3759
239
469
571
439
411
5096
193
622
702
7607
3232
6822
410
930
634
227
1764
636
5672
4116
339
13709
1416
759
228
935
1823
351
898
561
467
1637
869
760
521
795
390
428
635
443
2263
371
649
440
133
1190
482
731
713
371
7207
596
625
369
300
947
771
1213
404
668
3306
1464
396
538
321
588
1311
3028
1417
862
776
7988
801
424
6100
9539
450
411
1035
341
6518
300
695
774
327
4437
7147
444
2286
599
624
130
538
134
408
597
394
636
916
499
711
3564
824
423
794
434
4274
922
563
817
561
191
713
529
780
382
124
3895
1986
342
621
1954
682
553
854
710
783
253
7395
900
2530
875
680
2793
1088
869
611
929
407
1943
713
711
1693
752
217
232
1199
1037
784
341
604
3221
941
692
872
773
1517
1055
422
287
933
943
1142
7284
10967
1404
410
867
674
304
684
4858
606
532
700
1036
1499
549
547
1819
375
445
921
5077
366
210
475
346
1337
857
1535
768
661
644
506
1201
574
382
326
2714
887
3559
622
837
434
8789
638
852
677
1763
7664
766
605
581
433
860
290
1367
388
478
657
2240
519
576
4275
1102
2641
428
1650
670
316
845
1046
1398
553
1007
830
304
668
645
1987
302
2749
5237
196
1383
575
959
220
937
448
1234
420
487
424
595
193
894
1149
7459
1897
939
205
510
368
3946
1178
895
407
867
653
1302
973
550
802
623
2839
1347
394
481
4396
563
3980
435
906
507
1058
645
2436
615
1052
1409
4568
621
525
411
5364
380
1263
7344
662
849
917
376
1063
780
643
596
3000
153
11869
1085
598
905
617
1481
224
879
1059
542
960
467
744
510
367
733
3383
1554
876
242
830
956
278
6008
479
348
1747
667
6112
939
782
719
694
305
2056
654
1834
8738
586
714
1101
3474
3143
1090
686
843
710
725
2408
257
133
407
1276
645
463
2542
703
1086
304
551
2019
239
805
2360
281
545
2259
311
2063
435
1304
482
400
469
1437
424
773
1147
1141
1423
520
1019
537
3240
890
574
485
1636
476
1681
622
1305
509
727
2350
632
842
468
311
381
1036
2100
549
555
326
831
7930
671
4063
1156
607
2498
444
481
503
760
683
533
875
1680
375
497
767
2006
4394
790
635
2269
266
389
863
373
182
1459
1034
172
488
224
694
1473
3687
919
401
542
386
439
556
885
163
1457
430
1047
405
6094
1060
1450
746
167
486
621
862
567
2715
592
2513
5545
1579
929
843
220
2264
626
502
379
1650
472
356
875
700
532
611
488
548
289
351
731
638
692
886
4873
387
307
546
375
543
744
863
469
1219
1925
637
8732
1421
940
776
521
255
1784
5720
266
585
1220
1322
460
4320
3044
712
4864
7225
908
614
202
165
526
276
1027
590
736
717
308
863
488
401
435
1942
847
314
950
788
604
5826
5531
649
1025
2486
972
445
1878
874
465
693
685
3970
4691
285
3741
846
3088
12516
358
648
4294
587
326
717
717
491
696
3397
444
1025
4133
372
180
734
408
591
705
2172
488
693
606
1987
211
404
494
170
735
5669
393
535
3431
3744
458
1339
973
3482
255
441
655
2074
1114
296
572
1369
514
2089
315
555
475
391
325
4452
628
1249
4050
662
3759
1446
351
302
307
1072
3270
648
5849
4037
453
488
770
1706
1434
693
1626
346
759
554
414
2574
942
2725
628
530
609
1932
660
2102
669
392
640
456
408
795
580
337
624
270
572
357
689
294
4424
379
746
647
4466
362
448
333
884
1957
3165
676
549
2316
315
6040
292
287
602
2467
2957
2022
644
827
955
994
1550
1047
2878
744
384
811
897
1316
731
208
544
967
627
3880
344
310
4635
3497
540
838
588
2539
3507
701
3058
659
211
5698
615
282
644
312
4335
272
518
269
241
846
694
315
494
3161
770
6198
1709
4134
408
6510
1005
165
555
1144
2363
1963
5124
648
533
631
773
548
2158
769
373
15769
1117
556
626
380
1548
394
1267
5942
1487
1768
2312
945
909
1282
271
308
641
1049
383
2725
1946
243
466
2872
324
1939
716
393
834
628
690
719
151
3555
1515
490
2232
795
767
993
634
915
530
5866
873
310
550
625
1305
327
624
602
678
579
536
401
3467
524
623
553
958
1783
415
299
4663
2735
707
689
2521
529
346
225
168
232
1348
1276
609
627
228
609
406
1841
2004
254
219
436
529
337
1561
337
1406
1154
363
2288
221
1319
773
729
633
764
755
845
2485
520
449
73
660
959
368
763
807
929
797
562
455
313
358
323
738
4789
1238
699
2035
2569
1046
654
504
409
477
565
434
645
820
841
1526
1162
538
329
1041
1010
554
231
473
966
1247
773
638
2656
503
2954
495
440
8356
282
2099
650
530
946
1200
1576
267
335
2527
1109
1746
333
1066
391
447
335
544
2884
522
804
983
1543
1308
545
422
367
492
868
631
411
444
806
399
795
498
529
695
1705
470
627
3769
307
685
756
486
657
221
2057
2293
807
985
419
787
499
1010
762
3396
676
785
978
400
795
4193
248
794
931
5561
366
405
991
397
1731
552
963
5923
356
6202
675
980
6142
748
762
1585
3935
423
1127
2095
2623
487
565
666
339
2704
1679
296
483
6596
208
673
505
850
2047
818
409
1220
3563
553
12870
1761
3781
3047
703
1209
2508
5672
4008
357
687
769
556
892
824
843
960
748
1073
456
702
5644
687
678
985
189
819
1516
780
3530
327
675
7169
581
888
596
873
1456
513
505
3676
3821
643
663
1075
3797
635
173
273
4366
469
1355
964
1299
336
648
372
519
546
761
987
483
452
4159
963
753
1104
440
293
2017
749
1278
982
3286
555
1340
920
5045
707
344
754
3197
761
847
615
226
925
588
702
744
1601
621
3140
636
703
936
4530
688
4119
613
2619
2263
774
4743
192
321
2449
330
5725
2921
1127
720
804
2275
911
401
360
670
377
441
452
559
672
322
1899
537
167
1540
357
927
865
365
455
515
1244
260
287
488
454
1959
4541
598
784
502
1227
5820
698
417
810
1571
219
266
677
547
463
4421
781
1914
713
7701
527
1598
486
600
2199
618
750
327
865
1918
628
3290
331
317
967
673
733
3042
7512
686
2345
250
410
264
5652
936
769
830
919
156
310
199
210
465
827
730
3205
562
424
683
885
443
632
2213
449
367
469
856
2187
670
559
1673
11443
876
2516
315
231
4977
744
688
524
5490
995
1113
5106
700
2322
500
729
2857
359
1472
411
475
767
1402
3438
7321
925
991
619
1259
472
804
2295
508
461
551
1124
650
877
788
1836
575
10296
341
492
485
533
1268
699
1080
608
374
536
369
954
744
673
5061
7266
146
1166
468
6030
1308
1952
3304
445
2777
344
732
2931
3481
1745
320
2062
802
1718
3239
1240
1623
476
982
2510
425
300
552
688
548
487
773
1153
418
369
711
429
924
1004
509
491
542
1100
1350
1203
713
2320
804
475
597
1178
5705
748
494
399
302
1024
1388
459
1514
1642
9691
662
273
710
477
1576
8632
490
3838
773
6348
3263
658
453
1754
481
3004
7126
204
751
333
675
1936
3605
403
601
346
2074
1050
170
416
5623
1934
660
745
742
3078
2604
587
335
900
601
756
6816
841
1766
679
580
221
209
152
661
291
445
1143
851
447
8025
4346
560
363
7569
482
597
6217
487
700
238
693
1158
490
418
1128
703
451
1703
224
536
1072
419
4425
732
545
577
205
750
740
2628
789
1411
534
699
729
622
582
272
3207
681
532
242
608
3618
587
808
783
889
479
2548
9923
6763
1877
416
356
1223
409
1612
666
320
629
1034
1823
404
5250
907
600
1021
532
713
738
1023
1033
118
473
992
6118
693
328
437
466
780
509
238
820
655
7941
4341
350
191
694
704
167
844
508
5821
545
595
727
1501
725
619
8676
4995
936
483
6042
3716
703
640
442
5401
149
781
581
838
700
620
585
639
820
264
258
1249
740
484
4874
1051
2045
425
1527
1792
768
614
5427
461
980
2123
1090
267
199
397
403
440
3210
1367
463
1121
474
315
254
1736
452
1017
868
1614
1043
159
789
667
5569
224
278
978
2372
640
1956
722
580
958
685
5030
1251
401
662
692
1070
3815
3623
1400
654
6760
225
1969
845
831
392
806
587
228
610
690
214
2303
243
244
754
919
4240
2249
2343
1005
269
8245
383
603
834
503
220
3180
596
880
1250
2004
7635
346
4983
424
257
813
624
611
2267
2727
437
543
783
5343
585
1192
554
1017
695
200
1089
3846
848
2724
517
1065
456
247
324
549
279
346
861
1196
314
654
1609
6632
955
205
521
1641
253
1361
3079
2668
1052
1875
6757
614
1228
629
500
3872
373
364
837
518
790
2964
1219
2728
210
1723
410
1020
1893
875
706
4177
923
494
7132
2410
144
719
660
694
3314
1661
584
2152
648
435
511
1428
5518
2064
361
606
278
469
1680
1084
462
728
666
2007
369
4647
757
3149
954
1101
595
1097
1729
1088
402
5130
552
525
560
563
850
402
591
3447
1558
587
656
2513
1215
416
443
463
800
618
3380
711
590
851
1685
369
391
1664
296
695
2328
558
677
626
1055
689
314
5080
841
880
567
894
611
953
235
696
2800
607
344
334
731
2006
2085
646
818
574
575
558
291
4706
179
2257
676
1692
878
741
703
607
943
583
1374
1060
630
7563
966
11130
557
435
548
472
1130
268
6950
529
590
1721
675
649
1070
680
325
719
2876
669
566
859
1162
134
466
464
925
2540
627
1129
759
562
692
426
812
7117
863
4517
380
597
370
3108
1095
2584
507
936
3974
1055
687
798
1405
2163
630
782
793
1280
1569
665
3762
856
1973
1155
998
847
1179
824
564
3176
2938
3524
250
597
310
497
599
383
140
3764
295
411
5123
774
751
601
2847
532
445
2670
728
516
773
1611
7091
1644
3197
378
706
2661
1864
696
840
3959
4792
1000
5544
2087
103
1996
521
3031
431
719
426
1002
795
450
728
242
1891
2174
7695
649
1631
6468
300
221
673
822
184
508
298
705
1255
8983
413
919
836
514
400
446
1960
1075
284
787
3879
688
526
677
1054
872
727
228
724
740
2685
2937
411
1041
748
807
931
537
10685
472
4709
5476
188
798
711
961
1646
722
944
483
433
1775
592
713
997
488
666
336
254
349
754
1533
362
919
1009
800
603
830
289
2075
609
1086
717
313
907
1113
1046
669
542
1657
2625
910
515
975
666
886
2019
7287
3816
481
2874
645
924
463
1015
319
7798
804
390
538
279
543
1159
166
642
250
222
228
501
454
256
426
527
1072
