377
869
1018
913
804
2014
393
484
668
632
579
402
516
345
2550
715
760
483
553
959
752
443
387
309
1103
2780
1211
615
1029
601
309
395
136
686
1391
6349
1303
897
978
3036
272
4650
837
244
1274
577
287
1286
461
333
446
960
3673
501
455
3883
619
3004
684
257
5401
2351
1109
831
766
2167
1853
1445
322
3609
287
954
1942
711
939
510
368
398
250
420
706
923
680
629
613
841
1913
6615
497
630
4619
823
404
319
343
897
637
4775
732
6922
669
501
2428
2053
1621
629
628
2206
442
469
687
449
908
1375
820
760
992
570
322
179
752
3687
1389
345
497
475
825
212
1620
568
738
4518
3965
606
763
2253
600
356
343
4159
924
816
1213
344
781
631
416
469
770
1143
2910
839
933
600
387
5052
1454
1073
318
2032
905
4679
4737
463
176
953
462
531
5064
732
2875
502
2202
3404
359
530
2243
7263
475
464
751
2778
624
2641
613
726
312
559
406
662
1831
2571
336
2278
619
7362
424
685
340
415
857
445
564
1106
2427
7267
659
362
837
259
1780
215
662
320
5787
1257
2648
631
684
8672
328
4682
1080
1205
263
481
365
242
2901
843
729
379
585
3941
5830
1014
1038
837
3271
739
1637
8654
1660
694
3264
4086
296
842
334
950
764
1121
705
263
949
301
4805
843
5003
2910
312
2711
1670
375
277
634
801
583
423
1269
658
486
2076
2545
1165
254
824
2667
513
580
810
1053
707
539
1050
603
2397
1126
1003
3046
434
352
512
644
448
847
114
790
837
452
1454
1133
219
1450
661
417
1560
432
937
589
948
319
682
438
2313
193
170
930
3247
1568
1050
207
388
597
2966
5456
660
447
612
562
584
718
283
213
2645
467
7272
703
5751
1141
324
7580
404
823
877
319
1007
415
6663
431
882
310
2587
1081
1532
527
518
604
1144
676
979
468
845
180
795
591
375
850
1040
556
495
813
639
587
1816
618
1078
1174
2281
1518
6648
2913
1314
543
8239
359
390
418
2732
302
1352
245
1297
2993
638
629
3060
1837
665
615
656
626
303
2048
1259
878
573
1712
1016
562
738
1086
695
545
427
253
3396
432
786
449
1018
708
528
628
951
643
5012
355
563
1037
4618
5495
718
502
665
504
552
249
604
615
1860
3913
617
558
1084
5316
876
2627
667
5386
971
288
741
670
445
889
1485
850
379
1241
709
2214
1074
5761
665
137
1291
614
536
444
818
263
1350
977
643
408
931
419
512
478
2416
1160
809
314
357
4628
889
6906
589
323
815
628
1144
408
978
758
369
684
2883
643
736
1923
1380
911
625
839
711
1043
611
1008
868
1699
862
292
746
1170
825
1139
320
450
816
562
790
708
965
445
350
862
1675
414
900
797
198
3919
821
454
3725
729
466
1291
1402
3820
912
371
441
629
392
846
506
415
2283
775
4132
952
1356
660
4802
839
747
201
526
733
268
983
302
2920
649
1127
336
3879
334
426
240
3681
516
600
714
613
414
1999
5855
523
410
877
1436
476
765
808
3425
3360
744
868
648
532
488
1204
653
330
563
5439
480
1205
683
704
3401
969
783
418
996
452
2276
1473
236
7042
807
917
943
1360
409
1171
847
875
3635
4234
951
540
958
783
550
827
1077
596
2178
724
926
830
1208
545
836
2836
865
424
1267
393
352
927
425
1291
1283
481
474
811
759
752
793
369
851
576
585
3995
5042
379
546
736
394
257
1957
961
614
714
359
1087
2179
573
627
932
1730
1252
830
430
646
731
1865
714
635
681
1266
923
341
919
655
253
464
980
1277
1199
1087
249
9246
504
986
648
1104
486
353
5416
858
1464
944
250
604
694
380
695
311
1490
1373
904
6040
2354
773
1755
472
495
854
1110
785
3558
732
2656
602
2763
611
7994
754
590
255
2500
291
852
8316
659
813
706
283
1429
4649
734
732
757
2961
156
670
682
1009
2261
408
6997
1611
1813
1331
7721
448
1030
214
4300
207
734
564
552
5057
701
318
1104
623
451
153
420
3980
3131
587
986
2249
234
480
390
4599
2418
1575
368
446
651
614
1067
2504
679
927
846
2387
1232
742
654
963
654
851
265
310
5471
611
543
869
414
11526
5990
525
693
635
610
924
613
817
715
4295
519
724
808
526
838
287
616
2091
1627
346
299
651
2148
604
144
7289
1397
382
586
695
435
378
1433
433
559
1762
743
875
780
241
808
517
3505
1713
1278
2314
935
597
927
5631
1125
2660
513
718
624
302
421
808
557
775
316
847
1071
813
2702
5942
758
1910
3370
594
268
481
11055
1239
1614
735
289
803
716
1028
762
752
431
887
1268
800
300
882
450
447
371
4720
346
1465
567
4190
656
450
344
1024
535
442
539
953
4379
965
1034
720
1027
715
581
866
380
682
705
177
742
141
544
429
403
3645
878
853
462
2250
609
669
713
563
1063
1127
514
685
2740
2946
3311
373
1643
3260
699
670
520
302
3089
568
4531
909
838
456
757
455
529
922
361
2913
603
1599
316
2659
446
1024
528
560
802
4194
769
862
428
729
1709
6718
1067
866
4510
586
697
652
2501
547
1310
495
912
1027
2574
805
538
1683
430
1217
276
909
336
593
1334
167
506
702
10054
1348
900
791
458
1721
992
414
1370
1185
436
786
545
736
784
4643
221
739
896
1525
1345
811
5956
1059
1616
623
1077
405
1824
7591
973
480
669
2482
273
569
3610
597
913
951
6270
373
6113
750
776
578
3015
628
998
7318
695
1319
256
581
1170
2669
1526
769
666
1152
905
2122
486
471
623
1488
797
386
1518
973
745
6165
511
945
466
992
655
201
400
176
1097
3054
621
641
593
2587
1490
312
674
872
1082
838
390
317
450
616
459
281
2093
1057
589
1145
439
1201
588
1801
1272
543
544
6278
795
801
185
420
527
860
579
350
3333
370
5547
2666
3731
253
314
7625
985
873
743
565
516
345
1322
831
805
576
982
5550
1478
737
1288
364
997
8860
637
2758
520
7278
473
1855
951
2840
290
728
538
532
6002
1074
574
696
3297
771
1272
735
570
577
7238
827
4434
3322
2047
578
978
334
668
794
808
2385
784
498
425
497
776
571
264
243
4183
3286
319
1091
752
3319
627
925
4481
1584
811
936
789
437
703
2997
566
3504
1611
392
732
594
349
637
724
881
578
453
622
499
801
1517
892
5021
1029
360
632
431
520
673
310
429
785
1057
701
689
811
482
4223
710
1671
181
405
472
765
350
298
369
319
1265
497
450
447
931
391
546
500
707
888
1941
517
544
720
455
342
604
481
644
487
800
568
4241
913
428
790
1929
1006
664
737
268
730
832
765
1543
876
508
776
974
1233
1058
773
1006
6031
844
313
471
550
899
3744
333
2234
1523
307
203
371
434
2434
3353
1312
8763
4425
1082
3235
849
629
878
727
375
6942
1097
879
928
217
285
412
578
658
908
711
731
606
891
622
665
508
360
526
612
3057
621
1679
232
811
3736
359
503
1073
290
1028
862
5386
314
261
384
4172
1087
4757
214
318
1175
7136
422
2155
1143
1658
371
873
380
423
640
723
608
4311
558
917
277
220
688
518
717
333
460
570
862
5069
739
874
630
295
1176
357
630
7768
663
538
1772
697
704
528
838
652
624
445
3141
727
268
981
1724
179
252
888
762
676
425
1405
1020
7174
716
469
190
1952
336
491
600
526
1636
3146
921
869
5126
209
968
1227
3676
908
14106
426
2283
602
431
546
615
821
1206
2549
1233
375
191
4159
689
359
5932
495
508
1014
189
3675
349
98
7946
2953
659
281
1062
647
772
403
483
4021
753
286
587
411
591
504
697
539
4537
2170
919
2850
458
2588
1045
427
602
857
3152
608
1355
1814
1851
758
1121
521
288
390
183
492
6545
272
2256
549
443
577
314
904
8957
2169
5752
4091
479
1085
1957
2253
450
1124
824
725
1256
739
691
1752
852
2913
653
898
458
2066
1073
711
655
280
486
769
627
716
408
4353
1329
557
4057
748
335
5895
311
348
475
961
575
429
788
5669
916
642
1934
6967
660
3693
210
236
3567
11440
1323
389
284
2412
256
671
637
971
712
2235
612
514
2707
9092
799
2808
905
389
1893
574
1086
448
577
3665
848
354
1470
440
963
5331
1777
358
712
774
3748
555
827
340
590
628
451
4624
5104
936
488
863
969
610
803
629
10011
1193
394
725
533
561
283
3404
573
4449
332
459
364
625
843
914
681
819
1048
1970
370
845
845
3380
980
1291
1014
3561
539
788
6569
669
291
929
379
513
3246
389
360
1266
618
4899
437
213
5861
626
689
1476
647
9102
774
1452
846
1560
2953
1380
937
745
713
233
418
271
657
774
13178
365
291
377
1266
599
626
922
707
681
1047
607
799
128
1405
777
363
270
457
514
4351
595
561
639
2084
4637
414
677
582
316
701
515
248
1006
1506
910
406
460
1779
1688
4106
484
11135
378
251
782
3655
762
372
830
6494
6457
1763
541
636
442
538
3673
260
532
659
3710
437
593
1395
3753
2900
512
762
506
777
1449
916
779
378
1674
778
836
768
206
662
952
577
6180
394
669
605
682
3616
556
793
620
700
2410
522
811
1050
3842
1248
840
720
5482
2024
639
462
654
245
615
599
1218
469
944
1000
336
651
149
440
4102
596
141
695
268
1074
750
196
1293
623
514
861
328
391
849
320
3217
764
7597
1199
267
221
859
1084
396
381
364
1311
458
366
333
4233
269
498
547
1646
406
574
262
789
846
3520
1428
425
927
688
306
6297
562
758
929
6269
1031
489
455
577
1361
595
269
870
3410
1017
2684
478
1221
678
693
3043
1179
700
411
662
275
3344
504
671
530
606
397
145
7481
2071
1271
966
1645
4386
371
555
2986
268
526
822
304
296
985
308
799
1698
7158
648
3331
967
484
453
243
8046
621
431
1189
662
912
397
758
840
432
130
526
663
335
3728
951
1882
1551
685
700
952
3819
256
4264
854
6110
432
936
277
714
709
604
308
5401
376
965
771
649
255
172
899
270
555
4485
813
388
4305
147
574
493
3173
198
721
722
628
202
603
277
2606
2489
143
5294
844
8659
876
6092
496
4818
1018
1210
1005
3089
192
694
224
791
608
1018
5937
3249
691
930
382
1278
689
797
334
406
497
983
6539
624
1301
813
839
2058
881
464
137
9990
463
138
939
379
1477
821
207
1608
695
417
786
1561
2211
454
611
7854
415
683
706
208
257
817
2587
549
3966
538
228
1174
704
497
152
602
2742
759
1015
813
973
408
262
630
1213
713
2537
837
965
536
679
1240
285
1929
949
590
273
868
574
3276
640
400
5121
755
462
216
2565
636
637
719
468
750
195
485
794
558
1237
814
543
952
352
597
770
506
762
811
657
906
479
343
1477
374
1209
5615
4613
681
789
512
327
640
696
788
4416
2616
587
2784
433
402
528
1199
362
610
453
636
1905
602
506
806
1087
1525
1655
430
214
5134
1913
944
323
657
602
6329
365
1727
4378
6083
692
429
2735
1022
1086
698
566
2949
450
1692
687
909
257
7553
169
1038
2261
596
581
1674
4839
780
928
3679
1217
1853
762
478
625
821
2314
749
340
3508
1431
280
518
778
542
195
641
8808
1725
470
1506
407
705
553
510
369
655
502
203
2012
1270
4332
692
272
761
3793
592
296
292
4263
384
394
785
676
653
8118
484
376
372
733
575
498
637
320
10787
984
252
652
757
325
617
3671
1161
693
939
273
922
874
6663
378
914
887
1606
722
828
604
380
900
2188
513
1421
350
5665
1076
700
651
380
1292
2509
1056
780
506
605
259
938
1994
462
2432
568
1604
321
389
3199
646
933
463
640
4244
1201
976
4192
769
884
364
320
653
2196
3834
748
1178
910
585
2488
4738
718
3220
386
868
380
369
823
716
420
1159
132
509
489
760
923
334
338
5961
254
454
1050
844
2671
1194
345
709
793
818
2039
380
713
885
839
577
368
4416
2516
6321
790
1418
467
489
5870
189
369
383
845
749
566
793
244
3544
372
723
569
994
712
1686
389
619
1031
496
987
7697
246
848
529
371
194
484
768
1226
611
5515
304
806
517
686
1751
359
502
1062
634
252
679
1229
533
668
579
288
928
462
772
1206
890
948
612
693
376
328
718
1472
2415
775
408
1514
935
557
435
286
698
778
460
4664
878
579
1131
1420
215
1124
2542
617
1062
714
1108
4017
461
2791
419
1251
416
452
6589
10486
513
653
1086
951
414
175
291
566
342
891
2010
932
3874
184
275
1197
889
698
668
605
3630
539
550
437
843
279
1902
1317
3357
398
538
839
709
597
6346
611
726
1968
373
2691
3498
827
834
4082
995
6426
693
348
699
326
416
1029
3282
934
366
421
194
421
537
4585
529
2807
813
2278
1777
3363
863
727
423
801
1731
1007
497
795
1258
399
1025
289
2933
770
2377
509
603
526
520
2518
660
578
775
1212
1969
322
1932
2079
743
331
453
851
7156
1109
904
1220
557
271
517
1374
3148
4236
918
850
996
552
4639
1993
1786
3926
1324
1823
202
584
6498
483
605
6605
1355
631
392
10014
205
255
591
792
521
395
894
412
533
8277
979
862
498
2353
1243
709
472
430
4149
555
7977
1807
522
691
5477
944
587
379
621
865
4977
264
958
6966
699
574
849
6924
8426
472
790
897
5831
3112
738
3817
580
5415
1193
629
1510
5114
1821
2842
1397
373
3303
419
385
534
702
736
418
3560
450
788
3489
137
1857
172
1708
725
567
3148
721
322
490
1048
798
429
6527
544
971
3122
3021
547
2077
515
114
638
965
526
914
469
370
898
273
708
5516
608
2056
621
291
1996
873
1309
662
442
333
609
269
6210
407
166
419
524
696
373
1254
692
2087
919
291
562
441
471
539
433
1395
924
6810
2322
1009
818
2722
5709
426
641
2734
914
489
847
430
2094
1658
1093
1101
1242
4496
1671
3342
649
413
1002
501
1735
568
629
554
2285
2221
790
2633
3101
496
856
524
998
1058
1804
148
1180
487
3018
811
1080
396
640
2098
713
598
878
3376
3219
634
916
878
201
865
3349
427
753
385
396
2251
657
714
429
1963
1257
957
358
3089
791
308
1171
1454
946
787
370
643
544
2644
1017
332
1348
1846
978
377
593
3769
877
251
830
365
393
625
1000
1219
170
3741
171
166
435
6286
448
226
493
782
658
519
320
675
875
965
680
322
729
8940
2379
978
386
801
222
509
446
694
438
1039
2037
397
379
821
838
173
3889
734
514
3603
1267
6096
2602
729
496
295
2252
970
8521
999
647
915
3148
1179
612
695
3857
622
7239
986
440
637
230
1003
1189
1928
1343
1596
681
403
1183
532
473
893
334
6841
323
4346
539
691
2328
488
604
1235
223
123
471
363
1901
1001
720
754
645
464
1032
247
833
2191
614
717
1008
1422
658
716
726
6673
664
2525
908
980
386
3557
555
436
454
840
513
1251
161
5317
243
358
6222
1029
971
500
348
797
709
273
3604
817
493
1059
755
299
382
374
1996
911
2583
809
932
812
293
725
1130
5974
650
8924
656
325
678
594
663
1320
477
684
579
263
628
3818
532
575
520
2529
848
3611
643
1389
885
589
2551
2541
1459
3194
4343
602
640
693
632
532
569
1576
916
2180
285
563
585
601
1016
416
1551
1534
3796
690
521
399
454
446
755
6666
813
1018
1320
421
419
2598
243
842
626
392
3242
312
557
4558
1480
189
1258
280
484
604
1859
544
372
407
542
1499
366
1184
1091
938
4590
3130
1646
303
1220
2350
5454
865
809
230
1057
605
1161
904
2006
189
636
848
2646
946
458
678
543
1409
572
783
1353
222
1351
420
450
1581
388
1284
608
255
712
1311
1177
950
930
464
4744
5053
4243
440
7025
953
658
709
3629
743
819
374
338
828
4476
746
3081
514
387
767
3172
1295
495
838
594
3759
1416
792
1514
4704
293
491
1610
5272
497
977
1912
587
455
845
668
391
2538
571
850
2611
719
779
365
818
2239
2307
277
3117
2132
510
622
155
563
561
291
751
932
784
579
1951
2432
762
675
830
364
729
323
739
1555
700
746
369
389
3651
519
3526
557
719
648
670
3804
401
1126
439
204
653
638
705
1373
548
561
634
693
1392
376
320
891
984
5642
956
325
638
4798
1718
1587
324
2207
1074
669
598
795
199
1292
603
702
3012
2962
493
3067
698
549
5802
737
1980
5648
508
609
1984
2009
1308
3065
700
650
1239
879
1090
745
544
558
809
435
651
1066
257
880
683
669
121
613
756
844
2075
827
3856
399
519
908
266
488
731
863
742
730
4285
375
1331
432
443
912
6035
563
705
1577
356
990
950
965
718
652
403
653
7070
2120
288
216
354
549
14470
878
456
728
312
904
562
1101
237
6279
484
921
359
10390
3694
212
201
7602
300
1967
366
3133
1817
432
429
226
867
419
381
519
724
493
318
1808
11024
342
816
3153
523
342
221
1227
6460
2953
849
403
3703
552
2360
373
607
707
1183
962
836
582
1091
953
8819
935
3057
2338
660
2287
820
4398
703
180
1789
10062
1036
521
695
1267
1109
614
630
755
610
5054
436
584
245
785
479
370
822
880
1521
358
11579
593
201
597
2201
227
422
535
271
580
598
625
673
475
616
997
1797
2742
6239
12097
433
1095
570
359
362
855
292
691
972
576
261
413
594
931
727
168
286
4111
588
3906
780
403
447
1462
457
306
618
1610
680
2396
781
990
607
1388
589
497
437
425
503
430
4408
1049
665
954
606
3239
3669
740
1040
519
287
1545
243
4824
295
412
741
734
6303
1074
3399
594
2094
267
435
4502
1189
3296
833
1040
789
721
3053
441
657
1499
531
395
554
296
348
1770
1080
599
581
426
4308
717
1086
585
399
532
880
437
670
327
445
461
575
6256
449
529
1069
1060
2953
899
826
341
648
562
485
685
824
708
928
1141
1877
610
348
475
280
6031
1055
453
965
7066
647
417
593
893
1454
991
1480
658
334
643
3549
792
2544
1504
542
349
423
1097
645
686
491
562
780
700
929
6439
578
256
1849
212
621
1085
2888
1037
924
8511
648
13970
354
854
362
311
4907
752
563
910
468
2602
204
363
286
889
3237
1119
542
1484
431
550
962
676
2526
2834
9977
1001
598
696
782
544
716
644
553
1248
5779
626
358
769
3363
7493
707
622
327
319
369
587
1004
999
438
352
4136
3411
831
1092
475
399
600
485
926
922
531
651
526
947
4749
2049
1065
410
3080
801
584
334
576
4565
700
679
595
655
639
635
158
567
661
456
235
731
1409
913
4640
653
264
669
1118
180
516
536
694
732
458
831
514
1768
186
641
1543
488
1379
607
6608
707
504
822
1461
664
538
1232
1368
497
811
733
611
1263
3718
935
660
4703
2357
317
252
781
399
865
656
1049
253
448
2849
613
822
754
2804
619
360
425
292
723
960
998
842
517
682
16679
639
872
1109
557
1129
442
660
449
1655
835
5166
8635
811
586
273
393
627
237
322
612
3261
801
449
1372
2536
462
604
631
1212
297
637
292
858
10291
242
458
468
834
813
1575
398
606
952
528
3141
5262
622
893
1450
551
619
155
164
637
796
761
715
379
808
420
325
390
1080
962
1529
5064
617
273
731
608
623
352
638
926
2057
451
1019
365
276
409
1685
474
630
739
463
246
866
1024
388
1388
745
1980
512
747
4091
2977
766
301
471
905
784
2229
369
2635
2596
1099
331
2577
738
887
588
1178
322
3282
584
648
474
230
560
269
382
3152
3729
8952
379
3093
195
1000
1887
871
771
438
898
753
435
908
818
499
1073
296
189
3196
613
544
1010
361
399
872
762
4447
457
610
666
740
449
817
454
2511
828
1820
892
1400
854
447
811
702
488
669
439
743
704
1655
558
4813
294
841
280
806
239
2836
2466
1982
1155
322
2559
4324
3527
606
684
2418
553
1350
3221
3306
340
762
1166
306
5677
965
1092
743
467
644
361
775
1659
2286
416
573
4518
218
427
519
759
852
703
524
1589
476
2454
861
3574
966
1433
232
823
851
672
785
5110
554
332
4903
576
292
82
596
963
4253
451
452
412
507
794
362
326
396
382
526
575
3240
3423
647
2186
562
1223
194
545
785
3934
867
814
3004
677
311
220
179
245
573
4814
681
314
701
980
570
696
861
784
1008
1098
716
695
831
1472
414
563
731
479
586
864
507
574
375
212
692
557
466
3216
478
1308
1756
467
362
2206
3615
378
716
4444
497
676
354
474
962
4326
1508
800
934
791
652
857
2971
2976
1371
247
342
461
8959
502
652
2159
471
935
888
582
121
420
1539
4520
519
776
587
576
1066
10990
888
2183
707
547
649
2546
1390
446
1036
937
549
208
173
1269
218
1414
549
7545
613
3871
5277
867
572
292
469
898
1545
475
856
523
578
2456
795
455
579
706
2474
894
367
1186
3197
1261
762
319
2097
2113
1286
330
344
5708
2893
4573
279
482
257
531
1013
702
2471
1782
3389
2711
379
576
1888
3789
733
255
1938
868
2479
430
726
7726
384
210
216
511
1364
8226
434
518
582
2848
1548
614
384
388
571
1233
292
243
1244
1012
752
689
386
1385
1040
2352
780
3091
396
704
5048
841
576
474
550
12067
517
2036
466
1167
1315
471
582
773
820
1196
509
706
863
1220
3512
1424
3588
1266
469
969
256
667
510
790
1613
4204
914
4542
929
881
443
1237
663
772
720
309
225
98
772
237
1094
598
3494
177
4922
581
1025
1426
2743
936
998
8462
731
441
1964
1919
1462
923
3097
485
802
681
654
2842
587
347
407
630
4188
787
483
2253
908
195
5366
837
809
213
3281
4348
394
1684
505
2166
382
980
559
3731
1427
725
899
585
415
2375
383
721
339
1108
754
363
879
515
534
399
695
511
1881
636
434
688
416
871
429
403
3651
722
742
796
1406
592
895
554
1117
421
1678
1920
650
3861
780
711
422
435
693
1992
703
448
1582
4316
274
369
613
201
476
331
458
975
456
1019
2876
839
1822
845
3405
2534
749
511
1576
1035
490
873
563
417
2952
749
484
675
1834
4408
172
625
508
1773
273
682
916
208
1122
1062
2609
11152
253
994
807
2898
881
371
342
670
472
4016
715
1740
2277
322
727
657
582
281
270
1067
9235
2458
556
1220
733
1012
540
322
317
2812
566
2950
3183
415
345
433
1650
963
504
507
799
724
3800
939
2840
554
209
575
2414
508
4113
156
464
5105
433
773
596
11280
718
386
623
3436
899
3867
2185
305
686
2368
924
3266
219
1985
290
581
846
5709
909
863
1256
952
559
1992
336
558
361
1057
1571
214
1157
560
374
653
813
784
725
2452
791
814
640
454
708
474
1385
282
960
835
926
665
1082
1211
1259
882
1060
982
107
476
312
523
908
656
899
679
847
631
3547
265
3363
353
204
2129
520
640
620
620
785
4334
5241
557
789
953
617
7157
539
766
285
506
330
524
1019
361
324
2103
444
591
505
805
471
877
5481
853
1207
2194
284
687
162
408
769
468
441
703
4698
289
586
1181
441
1369
214
1289
1644
532
390
3921
1692
956
3566
486
1894
1399
409
578
511
656
824
210
531
963
509
1113
157
550
468
6922
1357
4647
889
713
672
3070
754
500
147
4157
458
3720
4318
566
678
454
488
5879
3954
1379
4554
358
3458
625
294
3998
996
821
888
827
1163
466
532
1802
292
699
6498
1403
232
586
276
327
448
469
591
1125
916
728
595
5331
665
704
3123
589
700
608
931
955
546
957
1315
617
1011
3461
798
328
992
716
181
1527
423
460
349
550
406
761
852
726
806
2598
3314
2802
928
649
438
6453
727
473
661
760
593
680
2838
1077
341
374
2680
1179
868
753
398
685
665
4499
2861
1400
542
442
3517
549
193
695
2781
343
605
452
296
1308
781
1182
1869
1571
993
2426
586
704
654
379
807
774
2029
941
527
3504
959
754
1547
912
546
2955
394
1996
915
745
331
493
381
1034
703
541
7294
293
845
498
559
428
1047
298
291
176
413
4824
791
6649
1157
263
2485
517
859
2566
573
907
265
2626
846
321
2317
3342
2115
904
6014
1063
1628
870
692
584
406
4540
324
7072
489
737
783
742
156
433
7936
1367
13926
1158
1496
598
859
4929
5386
2576
808
657
325
614
567
930
373
782
229
722
695
539
4492
310
479
933
724
968
794
641
614
1082
797
1770
325
1781
2320
2807
593
439
1155
409
581
1714
1176
2444
402
525
638
498
507
757
967
964
590
1789
444
524
1399
559
824
1327
986
239
780
2712
6637
867
174
614
1539
352
5122
1350
481
517
794
217
649
221
371
946
534
1335
3244
648
300
773
509
1323
236
1803
905
440
671
7834
3441
605
734
4624
3558
526
1011
2117
530
983
223
615
976
341
731
1478
520
660
228
333
695
3522
1934
672
625
762
935
439
359
1200
205
611
437
636
533
157
568
349
745
826
807
428
1668
547
462
7701
1015
715
6394
1346
822
1629
597
347
470
516
457
344
2132
6753
1469
13118
661
720
530
676
708
4514
736
452
600
2069
783
783
1486
883
3334
622
3375
888
2192
625
310
3705
846
549
580
565
666
2250
1018
3685
770
617
523
715
3045
675
313
771
293
2018
1682
706
231
1535
793
547
463
686
244
388
1670
7494
458
471
409
716
1646
951
1301
755
3260
5307
3423
2289
573
6951
528
749
380
982
631
472
772
1003
197
1584
531
1267
732
475
1039
7850
843
688
341
3234
470
651
392
7429
328
345
946
442
327
659
3718
500
653
285
1404
1389
747
1970
255
2135
1621
835
855
1117
1868
1099
3048
203
2024
190
886
347
1272
552
555
2637
257
535
6342
797
2623
1090
4669
1251
699
809
246
670
713
902
234
3457
925
439
1181
1044
946
764
1430
8261
3049
5617
2508
473
7744
755
526
2809
540
269
720
813
552
1041
343
479
413
485
6361
1092
9818
4650
367
2503
354
253
1809
274
342
6986
1050
709
2885
677
1132
1201
636
1069
3645
835
1127
638
572
460
334
925
3407
486
7960
284
2735
2007
1567
577
582
1482
2737
844
641
767
2490
615
6502
2507
272
2949
305
2255
559
512
518
409
375
523
610
1697
557
533
744
681
984
7114
964
1912
773
3981
323
1923
2451
662
1080
545
1092
384
806
660
652
1976
960
674
556
982
468
3064
293
172
2844
1431
326
840
317
2321
4825
643
812
289
260
1079
824
854
651
397
5252
598
518
1617
2022
370
728
808
967
3354
2889
1053
1633
437
476
608
636
784
6299
4049
642
1134
1618
741
3283
7308
580
1423
3422
1958
2586
730
3318
588
449
392
863
452
1116
810
809
7698
412
497
379
350
4894
778
2881
2475
620
6435
674
415
528
452
3624
910
385
618
576
400
492
9785
578
947
778
1391
813
753
1072
993
1019
944
811
236
327
521
2221
1884
578
357
480
716
2797
13411
323
1244
575
791
584
819
495
2956
414
1000
587
311
486
859
1055
2918
4003
849
404
895
963
447
320
724
1196
2098
3148
2989
701
606
533
913
502
301
384
536
4613
575
2950
457
247
352
2471
442
272
578
2121
458
851
486
464
611
261
2694
6946
6692
301
621
815
471
487
586
1054
9021
852
185
2135
253
8484
489
2717
5050
332
6251
1045
555
530
236
502
4519
929
457
301
3574
777
8274
960
328
470
345
909
1488
801
4825
400
1456
2489
368
635
531
478
518
485
2063
388
503
747
365
882
3200
389
740
476
2758
2149
714
2431
774
584
5682
982
1680
865
635
829
713
1149
1350
1365
355
1495
484
335
1054
821
13537
720
2887
872
514
865
2816
995
1935
527
280
531
1029
524
903
796
457
2017
507
6217
357
4623
510
1063
630
3977
272
730
778
366
2471
848
336
1056
459
6979
757
4820
690
596
324
581
3134
439
665
330
642
2031
1075
777
544
4174
5484
1058
189
686
606
224
487
584
408
1031
505
1328
333
677
378
7051
573
5429
282
1724
546
1912
632
2321
978
2211
786
2444
900
726
387
1987
632
4087
2211
295
1641
585
1094
225
1085
4117
4167
8319
231
350
434
711
1113
1355
902
1757
12649
747
2984
416
583
1179
9824
344
427
3024
4433
955
706
806
2621
171
200
511
2418
6188
1175
361
477
287
382
7151
716
462
740
4743
656
502
1838
754
872
348
481
754
306
609
2542
1970
916
395
7237
2022
989
316
514
739
370
4119
1228
387
576
2578
796
584
1555
366
2387
453
765
285
725
963
702
2126
359
897
284
361
6298
577
546
714
1083
949
2000
897
491
845
714
568
388
829
634
451
2650
225
1144
362
656
765
689
293
1561
912
536
2737
822
650
889
523
2243
772
136
2464
1364
401
314
789
869
1910
385
6887
392
609
382
10609
2287
986
4106
2790
643
709
14179
733
294
242
177
4876
769
662
1209
6787
5888
5416
176
633
1015
7665
750
430
846
891
735
1535
356
1873
859
637
477
6651
817
864
1763
218
702
638
360
443
3443
774
429
4204
772
752
1245
16284
464
496
911
267
472
621
863
538
1325
5110
2387
321
1102
1383
4358
539
271
397
318
1312
855
353
7627
553
496
618
1500
560
506
986
2023
915
1786
557
392
245
4109
307
2314
649
887
508
2806
1102
346
440
467
267
663
1499
754
472
437
527
640
117
532
763
259
3461
1208
2140
525
697
848
796
1964
3926
642
3459
689
222
1066
1052
833
626
2252
763
1397
1699
555
358
3408
928
1280
292
329
628
182
652
1927
455
889
507
384
461
670
596
669
1123
940
196
641
376
1100
3614
317
306
3668
320
2579
445
433
510
784
2607
330
2941
512
2024
1613
4519
478
743
875
883
1553
939
347
4857
632
423
233
8334
450
952
443
554
1978
544
8016
403
1915
604
2928
603
621
1211
595
642
2781
554
634
1016
283
757
430
2617
334
290
782
782
287
787
548
696
737
887
525
457
3682
601
1058
725
387
904
622
863
1058
636
724
879
413
406
517
758
963
924
715
723
7710
735
1200
529
470
785
619
350
397
5338
444
830
202
404
483
330
3822
474
561
363
549
954
1114
614
4047
1675
554
682
676
8423
858
2507
1747
480
360
616
7208
1783
400
6733
494
844
978
6675
1235
621
904
289
248
635
2946
335
710
1539
529
525
3688
942
480
6735
978
1506
797
599
961
1009
1731
417
604
526
7587
4803
1164
970
216
175
158
991
4607
808
241
756
430
396
1723
5300
512
2101
745
539
775
638
3118
1876
1055
840
437
848
555
762
758
1042
615
778
677
595
558
613
445
11407
840
837
292
2580
329
1588
586
6893
2797
545
873
403
702
2594
476
994
653
1356
380
2079
674
395
866
246
405
1611
2938
606
654
1419
253
385
377
6820
686
1595
655
1666
462
517
474
1323
9918
369
3083
433
767
2821
265
1244
345
614
608
371
656
7999
694
719
511
543
611
552
775
879
1142
470
195
705
312
2858
835
2561
671
495
566
1038
1142
722
5834
2467
275
952
690
1072
2022
1594
354
9147
217
487
1145
1962
796
498
1016
517
488
2601
818
429
457
341
5060
855
598
4680
121
572
3991
1536
606
148
625
684
357
299
1888
433
1146
553
750
622
982
441
1004
210
449
327
945
345
911
3313
881
2342
336
4528
784
799
2021
1550
1204
572
961
287
3153
1359
764
442
380
287
7928
1585
881
404
406
253
553
1283
520
1450
706
1027
984
264
3954
4119
3352
507
5758
1653
4871
6176
661
323
677
1995
746
796
5443
290
874
347
681
1088
655
473
1481
674
589
496
503
3013
1234
1042
609
5235
594
788
1333
941
895
203
609
674
618
609
1520
578
703
692
1133
1573
731
314
635
628
593
281
1074
5495
1003
585
1015
509
785
884
581
575
1019
786
1240
1505
780
774
246
677
544
1278
5081
1205
907
518
275
732
896
511
8301
660
153
1395
887
808
6755
670
194
815
468
715
495
2943
1205
741
3159
357
814
4843
8037
2265
789
1086
460
617
814
390
640
606
214
5420
314
5533
7336
140
380
588
498
595
702
570
2075
4033
4741
560
213
295
419
451
248
451
1002
817
464
729
424
348
620
948
5579
1652
418
3814
1457
570
259
683
4914
767
1875
1209
2469
1685
1911
610
688
5536
146
776
2009
947
627
392
3769
7667
789
515
349
3578
232
1033
910
3594
6920
638
772
458
491
3896
779
617
249
1195
662
679
568
449
1368
609
599
423
1097
951
8783
628
558
2494
3207
1333
453
613
544
808
4574
330
565
642
687
1274
561
605
847
591
796
553
1879
836
622
6317
874
846
342
376
2460
5939
715
309
5383
579
6630
732
411
526
516
528
773
956
333
568
4279
602
210
433
741
1762
487
764
583
225
347
3761
896
1051
543
268
956
911
897
1101
757
2752
487
575
593
1147
331
1031
1140
2416
749
440
7180
502
442
548
1155
523
975
1278
7958
861
687
361
827
688
518
2658
5208
1109
319
503
1102
3016
871
457
756
508
434
221
572
862
786
394
404
12824
1267
657
1486
906
4539
530
1074
266
4192
851
244
289
576
1451
516
847
649
1708
860
628
430
1391
982
142
482
1046
981
1027
2670
1122
425
765
682
396
790
686
3224
957
1025
434
881
1195
664
689
528
842
346
2869
930
324
780
625
785
625
728
428
666
760
397
1538
330
1659
8379
530
293
3519
919
393
845
376
421
1148
897
4759
4446
423
476
476
881
481
795
397
236
4141
6860
661
1171
635
15453
230
1535
1060
244
3330
670
619
231
772
567
778
566
730
820
4994
376
4809
2571
500
527
682
935
1063
881
5998
2730
3497
684
1063
696
599
447
1077
2507
602
336
5523
610
179
599
414
1450
274
892
443
219
673
511
1003
593
591
629
680
459
1240
469
466
2541
1012
1078
1349
813
560
4515
3307
582
773
589
580
2090
491
769
606
740
761
577
2450
1009
537
6597
499
506
632
4001
590
407
2809
566
849
1785
274
806
2667
3081
678
1023
639
224
2836
2103
422
1015
465
453
336
1122
271
439
4090
3245
3744
961
453
992
625
465
738
338
422
624
3029
834
1379
9844
10620
383
523
710
910
689
412
1031
813
663
889
4436
422
503
297
535
482
1431
726
4219
717
531
2342
1574
501
303
960
514
885
2149
1412
379
428
2953
688
1082
7716
652
1020
1039
6257
854
1327
573
877
382
926
277
501
424
1079
739
544
773
1162
517
967
1087
2949
1345
1728
2496
748
1108
3529
546
165
640
342
6701
304
427
567
773
773
371
611
676
709
631
568
156
328
965
719
3265
708
568
1019
526
1093
274
1493
534
929
2752
334
1224
459
543
345
4279
699
381
1182
141
548
449
1034
758
219
948
445
719
842
506
305
3840
436
798
406
1119
347
386
296
395
485
710
220
536
7104
1486
893
378
279
7509
802
782
524
822
930
859
681
4357
854
1476
517
179
361
573
750
309
1004
802
512
1223
563
472
477
757
453
216
343
749
1022
1451
417
254
677
887
1557
1075
485
975
980
505
615
555
502
5798
286
715
6823
2347
787
999
2177
444
779
346
141
732
543
3972
434
655
592
3293
945
539
568
4521
905
2687
579
1105
456
1341
1185
289
1642
672
370
2238
297
2753
2145
974
3686
593
623
460
3981
3744
2360
439
1372
529
604
735
470
4272
10302
939
301
655
348
848
405
231
629
307
6020
380
418
766
709
774
307
314
244
125
861
512
5147
6153
5307
1025
1094
691
525
2774
400
841
789
508
491
536
1529
246
519
3758
381
4702
561
659
435
962
964
884
715
424
351
577
586
1214
1187
639
565
702
614
2055
4506
5600
918
427
552
11220
387
214
379
1577
476
786
613
544
786
780
3910
1145
552
585
4164
7134
648
2256
472
1842
356
529
2946
5503
708
2649
489
562
626
805
1390
633
922
515
517
453
911
556
498
1010
604
473
616
4931
775
1717
520
347
9657
849
472
834
689
809
6393
4281
6893
354
808
594
822
543
2849
1217
1896
494
477
1069
4302
734
310
237
489
610
721
626
545
963
503
939
1509
3840
559
743
372
212
220
376
375
4625
209
400
1114
241
511
1112
740
328
337
285
563
1190
367
4387
758
2440
475
2337
1084
658
1162
430
3145
245
253
577
3830
387
988
541
419
388
1761
253
1588
1756
1327
5080
382
4243
757
230
1326
747
1253
511
1442
8743
1140
4727
375
1128
626
441
548
778
1326
692
622
4422
612
545
322
2488
4182
1414
617
871
614
633
268
459
525
576
530
883
733
384
645
267
280
4088
5864
938
727
423
892
1390
392
3663
603
266
543
941
640
410
2197
993
1165
7200
503
1334
749
856
6896
846
901
645
931
429
449
836
316
310
1657
4401
357
798
725
360
1090
937
811
333
366
355
4409
259
620
2280
561
281
431
1046
844
401
1105
910
737
664
571
3521
2810
806
796
597
440
702
613
746
4643
8753
1804
4615
554
1915
524
507
764
442
579
716
1747
340
363
3384
654
1504
533
5835
140
888
588
350
414
343
461
987
130
7102
1242
4001
798
3691
470
3220
3761
357
523
5073
689
878
2137
337
1104
184
135
321
624
482
1601
596
741
1244
496
1553
938
1802
442
1030
565
553
258
654
315
1180
313
493
1027
514
1109
503
602
2521
2856
729
686
539
389
794
491
1395
627
457
604
184
787
1268
1917
388
1174
588
1181
692
796
3052
11157
846
464
6811
420
14855
590
831
480
555
894
868
715
3637
1341
761
756
889
515
2110
680
3545
491
10099
888
464
366
9359
1146
578
3136
211
1340
1837
1990
524
1850
587
2024
628
496
1212
392
278
4559
2377
436
1745
287
4436
894
360
794
583
2444
940
959
3208
807
671
348
4496
764
1364
265
718
1215
636
475
685
205
666
1764
1148
680
705
953
3342
1490
236
2203
987
508
285
664
1811
687
828
518
1325
722
295
502
812
874
1635
1521
790
302
1132
345
2434
912
478
687
702
3197
584
585
858
8024
707
288
601
7419
4481
412
1160
655
388
649
8208
920
591
409
510
812
499
2230
351
195
245
2452
790
387
408
2539
5619
632
952
6361
428
680
543
2004
287
632
460
854
583
625
1514
271
621
585
1580
886
463
619
3384
663
893
773
410
535
1103
708
551
5554
387
4958
546
558
2798
972
635
783
2178
873
3345
830
506
10014
773
444
390
4484
3285
822
463
750
620
252
4142
1385
400
617
619
1866
910
809
1128
798
647
3803
1364
328
450
405
621
593
344
690
1403
469
845
232
355
2508
839
430
626
302
1024
431
331
15398
361
391
686
669
2157
398
406
1097
2762
673
1799
2920
399
836
2425
399
2061
226
431
914
803
992
179
2155
1107
601
532
745
3613
8806
705
630
596
936
686
575
599
5514
2480
1197
936
647
704
1331
1425
454
2095
3351
779
543
596
1455
553
2643
1554
1724
844
1787
813
465
964
2091
330
4265
1203
3805
529
314
953
770
961
247
644
455
1036
1551
886
2987
929
512
379
6882
601
5470
1098
11845
607
321
752
903
1229
1639
277
634
551
1455
1756
1250
923
444
709
1643
463
413
408
540
702
438
3904
633
291
1101
533
213
3439
913
403
511
621
853
694
822
901
1417
1229
560
475
463
290
2701
754
545
266
294
270
463
470
549
553
258
418
650
2771
734
426
592
360
757
450
922
715
780
637
661
6954
1138
499
587
284
1532
2795
1452
552
719
271
2125
524
2692
757
1005
287
1196
291
613
787
650
820
361
3950
2476
1042
327
1085
666
843
4892
1200
329
5606
317
557
662
919
2564
688
870
767
1690
844
790
375
679
455
661
706
7629
2317
400
460
541
1268
440
3494
380
8808
7556
2450
236
1062
377
643
795
594
281
7643
2300
4935
846
363
268
879
414
644
2836
519
1377
1486
973
970
5706
9187
356
6355
718
511
1124
359
501
694
1912
1993
533
485
394
610
830
4170
650
2365
590
1629
5373
1661
567
449
610
652
3111
1829
812
2587
285
402
681
470
416
974
3167
5092
379
1093
821
665
856
681
610
786
2461
322
443
761
1898
1088
554
498
2125
4247
2781
815
535
167
3249
201
979
3249
333
409
262
3584
612
379
669
645
584
552
764
1194
379
479
569
976
1307
690
854
865
491
822
611
1254
612
140
3079
662
994
296
948
460
325
708
540
271
3055
380
177
10808
4408
890
608
1351
4294
434
603
768
1939
145
416
826
451
644
501
2648
522
3911
314
1290
495
914
1856
596
3364
1848
404
606
2711
251
2188
894
3636
2202
490
3019
1015
586
530
603
733
1039
554
1029
734
409
1942
532
6157
653
520
378
1670
461
1330
575
778
1847
1067
664
6868
676
2142
800
371
783
182
367
8892
1584
353
992
322
6859
479
4969
558
227
902
947
816
656
339
2191
628
616
628
886
486
1861
848
384
821
2896
2580
1534
3173
762
3468
2906
188
1955
466
11304
385
2431
630
3614
568
5231
6954
520
8297
439
623
520
159
11842
5442
461
631
579
833
455
922
561
1947
436
493
618
919
921
888
4913
569
220
548
445
199
177
5718
739
680
304
2210
721
1056
481
678
827
1108
391
3210
3720
808
535
1586
929
999
6645
461
504
949
850
378
1809
4848
248
233
391
8091
379
508
1097
941
876
400
578
484
776
959
736
187
872
710
4584
2169
596
1491
367
5673
3739
464
1249
1288
608
358
628
894
802
254
263
613
1122
300
2788
1558
338
256
511
271
803
337
441
808
3059
396
4648
844
637
584
215
358
776
1020
498
15401
540
1582
567
3787
510
571
720
6861
779
3210
352
995
1962
883
1271
780
657
7347
564
521
895
685
2171
875
918
424
509
872
367
8059
1200
2928
13241
522
687
2264
1112
596
698
3405
320
6296
450
709
235
451
620
1109
463
385
445
606
652
605
728
940
7519
570
211
2737
446
1494
1840
1433
534
1220
688
3111
711
4365
508
453
738
6606
458
648
832
493
341
253
819
569
471
517
625
1511
1070
1249
2441
4652
574
293
420
1173
782
464
666
2701
993
425
751
1047
1279
545
4627
812
740
631
750
565
1559
420
276
1261
7898
831
1286
760
920
4152
389
1094
713
896
924
289
678
2241
148
6476
2116
414
3556
631
1830
683
410
771
535
533
2941
257
1561
2819
1893
667
545
495
575
929
404
916
3681
607
2668
358
175
473
1160
4081
633
550
706
841
278
579
679
471
772
929
553
290
785
607
646
435
2675
1332
576
856
572
862
522
7134
1509
534
2572
624
438
355
4137
605
477
768
484
689
468
791
1104
575
800
1449
997
946
324
431
1381
604
385
489
406
1030
4767
550
711
2645
223
538
464
581
483
613
3392
324
586
394
451
794
1673
2430
775
736
578
1148
249
583
3265
229
169
832
1122
504
647
626
2491
576
581
527
446
721
288
420
627
613
212
400
244
1628
1065
712
1054
942
911
238
470
610
1602
666
460
457
652
957
561
1230
7476
356
807
936
738
393
488
746
508
1295
905
734
902
597
470
1339
206
1145
729
639
1899
662
866
307
3399
473
845
730
942
1234
701
4655
1611
945
997
1053
1229
566
568
558
2163
3677
4519
818
7658
688
1038
2419
616
1003
415
625
6037
297
238
2703
362
908
1332
1086
1163
314
2016
376
458
483
3638
453
570
5157
928
566
640
673
2621
2339
2850
703
4568
2826
571
690
1573
681
961
700
516
821
772
5872
1793
469
582
724
637
471
763
603
687
617
5081
352
511
577
359
273
3506
446
351
715
506
763
767
873
742
209
380
1449
657
1688
966
249
481
845
9007
703
1619
837
1033
251
580
843
468
817
895
537
2289
427
1710
335
454
750
504
600
2132
792
16946
948
542
453
4766
938
296
788
745
1108
534
3834
1823
434
4279
876
7349
669
741
1427
424
841
1095
429
688
5876
1461
495
480
609
2891
4061
709
765
294
1231
1003
328
363
2060
300
740
270
790
1797
729
693
2723
244
1381
3329
3136
753
3091
420
679
552
443
616
591
1955
691
1640
342
426
749
8016
3687
804
716
3718
2372
1003
512
318
618
937
548
346
861
787
3938
252
716
782
530
714
277
515
808
1469
458
732
535
5053
6352
2949
701
744
483
7904
1835
364
1829
334
286
162
607
532
193
477
520
226
786
4251
627
1290
1551
751
628
1461
1183
163
646
666
776
855
1581
284
328
615
539
6383
675
787
9387
2240
933
676
1095
1242
1065
396
907
591
596
521
798
3501
733
934
550
383
512
1765
4339
3701
490
276
1192
2812
474
1048
1832
825
1047
2481
596
699
995
4085
370
599
3763
1425
580
2617
1920
672
327
522
1232
291
755
1008
1686
273
720
801
599
1398
1906
423
872
537
351
809
882
923
360
459
895
973
969
4466
768
491
717
380
374
258
666
705
843
444
616
3194
639
887
1075
540
241
581
419
1105
2334
288
494
773
393
688
367
490
873
601
474
1592
1140
464
736
631
309
135
2889
3943
472
1274
2020
1980
550
728
425
392
469
640
498
656
5847
1889
726
2554
3429
359
725
410
461
482
207
636
2096
3274
1150
943
3495
291
1152
584
531
1060
1030
310
2773
841
490
1805
988
771
719
947
3070
590
3000
147
862
864
1055
259
525
595
262
699
4277
336
934
5835
456
460
429
1985
584
817
801
605
2542
1350
547
355
892
1815
794
691
8634
1426
334
615
726
919
2101
385
809
656
3365
550
748
554
467
348
301
2680
623
2994
528
6632
2898
616
818
730
604
1228
1868
2113
886
2241
622
823
421
4690
8446
436
536
1234
546
786
597
945
813
1958
943
615
1696
851
2613
6311
792
3721
402
1188
754
1667
595
692
1200
259
900
5035
300
959
626
455
638
848
313
480
417
545
721
800
1086
1037
514
2110
2975
531
590
3323
381
9109
843
3480
960
419
624
3316
1001
1070
1017
663
466
280
4998
1167
2836
589
249
928
694
5286
601
504
922
532
792
5837
350
448
666
1334
784
854
1796
398
339
1398
2464
682
715
356
569
426
4589
408
757
431
736
1781
230
869
1042
1184
557
388
1901
336
420
1094
228
570
810
875
1016
518
1575
714
2938
814
588
965
266
445
576
664
773
567
266
799
994
6022
1761
2957
445
996
1767
556
748
2413
635
586
5421
1931
3384
1170
740
143
390
1945
130
695
2013
743
898
452
1103
8965
396
381
1984
782
270
545
611
760
234
1420
2331
265
1044
509
1467
2721
499
731
449
1404
190
4734
640
345
1707
854
719
1297
590
1160
722
487
443
670
1335
388
236
859
737
380
2886
4835
807
3564
1119
562
794
375
646
3388
406
438
252
656
777
372
958
797
654
842
879
566
4473
1804
6742
809
400
382
105
397
648
1835
556
1033
309
415
246
516
199
607
730
601
633
430
949
291
395
507
552
668
315
7444
1000
578
378
566
2135
3062
849
1350
404
218
2287
708
619
1101
665
480
1760
11686
427
7633
539
592
3604
307
4756
2372
460
582
598
562
832
1280
720
728
5543
309
474
1647
709
880
639
437
978
1166
486
729
485
1470
298
602
444
747
597
5562
636
2551
633
3974
751
713
505
309
1134
1066
233
958
289
670
658
1099
4390
308
5376
486
605
2683
276
1692
197
6156
581
320
8748
1010
1087
662
673
460
512
305
712
909
3554
814
819
844
6675
2536
1887
343
386
1213
3342
1024
366
858
1417
442
392
1728
378
495
516
613
527
392
2592
272
278
643
4412
542
1996
1281
895
771
507
1994
367
1354
1406
2031
510
3103
853
549
435
322
264
1827
886
1073
263
8405
937
1225
1484
460
8755
295
493
740
2217
405
685
5089
1324
658
688
960
805
1243
516
527
1127
162
322
10551
294
455
1122
756
667
231
713
1186
399
908
7500
6588
567
704
1949
575
450
14867
801
925
468
7244
941
297
626
1267
439
690
1812
703
418
711
201
1959
666
940
545
1238
741
649
378
644
1281
1557
961
520
318
603
571
2840
910
321
798
1040
978
439
231
598
8878
1073
2872
958
584
11643
1112
749
7196
558
282
623
453
2125
732
1831
3525
587
1127
582
939
499
326
2291
902
3642
483
759
891
444
600
595
1946
620
599
685
517
698
403
226
648
4345
504
836
432
287
897
872
340
565
485
3457
380
512
879
1791
1371
592
3103
744
904
551
2696
1395
8545
638
335
917
355
450
297
491
530
955
767
1044
830
646
437
910
856
859
1125
2260
1722
620
578
833
808
832
586
338
2897
2639
1159
482
608
398
205
2125
4519
323
612
1318
628
702
266
5644
327
1432
1015
711
1099
165
374
587
3498
196
354
777
656
589
572
704
2481
1261
803
831
1150
319
340
309
895
1343
552
920
1359
9489
347
1069
399
626
696
4700
759
669
933
551
236
2772
514
441
748
869
3780
712
785
528
324
5252
146
576
2650
561
513
6208
570
663
3117
2971
2577
589
1161
513
453
501
795
987
978
3960
460
436
684
467
785
3732
528
2787
3417
401
665
4415
1567
490
696
783
553
477
416
354
321
497
5826
5806
391
6737
736
1437
4062
580
560
963
412
922
756
1423
4786
984
616
803
580
749
688
7386
428
370
1019
448
903
586
1722
2187
233
698
582
683
608
5858
1008
1595
583
435
1443
724
189
5916
3177
690
670
879
581
857
787
823
441
904
2767
879
350
384
605
647
3153
401
326
862
593
964
1398
698
513
4071
510
508
469
3070
1327
482
789
727
3548
831
430
676
492
1070
616
1108
432
1174
707
2817
724
418
372
529
1049
2230
1068
669
590
1407
4870
746
477
1144
355
943
614
550
1382
1023
868
475
503
959
427
5212
714
874
1545
1101
295
5199
1311
878
7313
408
461
5288
5827
615
655
748
596
445
225
2752
266
1725
809
480
1060
594
332
250
926
844
282
421
802
1869
811
504
680
296
552
629
755
310
760
451
815
1590
836
856
2705
929
812
2254
847
481
468
1999
249
775
580
422
895
968
1366
901
584
1625
429
1384
3057
4199
690
6300
204
765
858
581
5750
1156
859
1261
2117
577
1123
4896
1211
2086
562
460
1955
418
731
1893
9723
703
2026
925
871
2093
700
1130
590
2068
496
605
660
1272
391
885
674
1012
118
862
338
225
755
778
1085
677
10274
2778
500
3285
542
1772
441
4009
2760
1064
4509
540
735
2548
630
603
868
1038
10214
426
611
708
80
545
532
2049
1048
780
646
808
561
667
464
173
1521
713
818
735
1498
1094
219
434
680
5833
305
940
534
716
1368
1453
436
665
839
540
761
648
1597
841
427
2768
1088
1771
473
516
292
1314
1460
150
863
2063
1947
931
518
2484
712
1126
3244
439
1441
788
754
3268
226
853
559
1107
2227
710
824
604
282
1228
621
2240
678
3741
572
526
603
655
1272
3896
392
496
5372
655
570
414
501
1028
2277
1139
682
337
2377
847
1019
5762
1122
1260
593
562
562
566
6788
847
581
6256
855
916
740
480
1411
463
841
289
795
437
566
566
896
407
559
182
304
208
456
712
499
511
3442
3445
456
855
674
662
850
1215
4164
199
314
781
629
4429
962
13957
2405
1098
499
446
951
301
1180
465
1417
475
5031
207
426
3737
378
1183
490
1641
283
664
937
485
450
1052
354
382
444
728
1059
358
652
397
597
631
515
3114
945
804
1027
7258
437
5932
672
368
872
475
621
992
511
2536
924
1197
1349
481
402
818
767
5609
445
2881
638
574
530
536
1091
476
776
154
588
656
1008
527
636
346
585
528
970
1125
1055
1236
461
550
986
779
301
786
239
1009
681
1126
229
485
709
546
189
3965
416
611
738
643
376
563
861
239
1113
7949
2955
