1105
1138
938
480
872
1669
1502
349
569
790
602
1721
486
556
305
825
208
761
1516
589
1178
2899
742
849
1111
777
540
1031
570
1527
664
507
2274
5214
1066
248
264
1845
1375
409
818
389
535
2489
761
2624
472
695
744
724
591
1396
675
1814
667
3973
773
803
660
1047
4782
1489
583
265
778
903
850
676
1179
1419
418
1550
2642
6702
667
803
857
2552
404
2473
550
368
1058
608
526
3798
650
553
808
666
376
1105
816
921
569
1046
802
2069
597
5252
439
595
378
811
832
421
1086
1159
712
852
893
4806
2936
2797
673
513
1303
349
695
448
2660
539
473
675
3127
1121
704
726
515
1013
747
498
495
780
305
852
1459
727
782
563
468
523
2684
569
500
885
1893
656
13379
680
775
1869
764
855
1647
1935
594
529
3176
862
2931
785
899
708
259
647
278
547
2409
2100
298
592
514
1339
917
1357
522
764
630
918
2556
666
790
390
842
350
911
580
697
201
512
2916
635
853
302
510
1251
623
652
367
390
2916
1029
638
4231
525
1208
909
3628
1191
1279
614
689
371
779
775
10360
857
754
548
747
5754
813
844
400
421
1018
454
949
618
860
1131
1387
385
389
473
788
1274
3846
543
344
654
4959
905
3800
600
1046
616
4880
627
8190
7357
857
1036
1180
1649
395
516
958
890
881
864
901
3964
2485
463
240
327
4813
2026
372
358
825
308
419
5361
8092
688
504
2387
1290
2713
2546
1124
351
3997
373
2188
1107
396
614
511
511
795
426
395
1563
478
1361
1022
325
999
1383
669
3101
1669
8129
883
6336
525
864
363
1111
1444
909
833
511
825
545
539
508
909
4283
1354
1127
862
2581
525
458
935
539
254
248
731
416
7994
2620
8649
3073
1983
6203
652
761
470
553
3898
668
756
923
660
4414
7935
7111
689
2622
427
4181
1395
4916
853
910
9983
664
1221
1851
7019
1089
593
747
684
589
1586
724
11678
5300
803
788
257
895
652
1051
1102
916
939
4297
225
815
726
686
933
806
875
650
295
765
644
594
674
446
389
615
392
5053
1993
245
1014
1054
303
837
504
2434
397
1201
642
710
3104
1493
5940
926
1288
1342
1320
809
1207
1136
1309
174
632
558
1085
1642
3929
1079
886
268
3512
749
16370
1495
1298
702
407
388
8893
888
3597
7508
1716
869
322
380
1176
1058
532
690
406
3035
519
1528
2084
1438
1108
822
747
6540
447
1241
1111
317
406
851
1107
787
741
3267
610
1101
850
737
401
1200
657
655
956
7603
2973
2334
897
537
351
644
271
1487
784
435
920
508
504
1442
958
937
366
883
1954
218
690
608
768
1165
3620
1382
887
912
1215
3577
843
519
3183
758
1005
566
1233
311
863
1438
1156
1578
515
816
591
1035
7848
817
475
377
487
672
340
1016
1760
753
699
444
1610
832
1024
281
5065
3941
797
5659
605
1947
372
334
5512
791
875
938
6786
792
315
1958
509
799
833
716
689
584
4864
321
619
452
943
578
566
627
185
776
4228
4300
1278
877
551
614
4644
692
772
1988
1132
2314
551
850
3940
2605
1604
2084
248
4489
309
840
907
2328
696
458
985
525
979
4281
374
831
843
1588
5231
469
226
2309
522
1443
922
2210
552
675
892
222
292
481
909
481
829
802
678
816
1613
523
261
832
758
1918
1637
2217
9412
1149
177
354
676
5401
1734
1396
3828
1290
900
5964
824
969
870
4254
612
10536
816
794
1207
1348
537
518
7834
922
637
1270
519
629
962
1057
230
2728
2653
867
7087
412
753
622
534
731
1312
163
378
1152
688
2498
649
2841
2883
2115
6935
7637
1490
674
1365
427
319
1013
500
957
770
619
7327
817
1712
258
401
873
303
781
6791
520
888
616
2529
2529
963
754
1159
841
723
894
1088
305
2299
405
533
555
916
1655
4431
702
11326
1218
1045
955
1323
1435
1889
4171
1103
3804
720
1345
868
606
473
703
574
1963
800
1232
171
283
4431
1931
665
629
466
1221
1191
1953
633
1659
848
584
1152
395
499
1938
893
949
519
938
333
1471
867
467
921
695
947
853
5174
819
766
4949
380
733
3241
1001
1096
1752
664
372
1463
6465
620
936
380
258
1729
466
844
601
745
11595
678
671
1018
505
504
783
666
704
1076
1839
829
352
621
933
985
871
1353
5575
968
558
828
861
319
477
1612
972
5924
813
3942
1052
356
3172
1167
992
1244
355
381
3196
514
2525
932
11039
6466
3635
489
444
503
802
973
365
762
410
770
743
4520
1140
591
3228
647
1604
421
548
1584
445
415
300
686
547
3238
287
781
4444
832
2734
430
433
1155
708
1195
761
1325
344
915
922
3128
677
485
987
329
871
496
4599
5188
1116
2535
3063
2100
1551
468
1098
2253
487
1011
737
266
516
758
3423
579
4462
3452
612
1207
813
253
1136
1239
779
1101
1834
376
303
1071
2305
475
481
436
630
4008
375
3603
1208
939
2462
1023
8886
679
498
963
712
1095
498
643
310
482
256
702
737
360
640
3583
841
6832
300
244
515
636
2409
1722
4736
111
566
1341
380
1611
372
120
2775
790
367
2798
6395
499
889
786
756
1749
343
765
7991
906
498
767
904
468
446
634
806
489
883
380
6759
7170
979
715
524
763
412
1145
349
732
8423
774
1225
815
840
900
883
725
573
1202
5792
2563
1947
1073
4010
2961
813
2082
3039
653
2858
1530
684
645
596
692
293
13163
572
290
1826
330
986
1125
874
513
1465
3795
911
736
584
326
940
6187
978
10242
290
9058
1043
5730
1169
1021
739
910
433
10050
2612
673
3689
2551
751
704
1065
644
567
515
1201
5900
534
1895
451
2266
693
223
1160
975
393
794
1544
1363
230
718
348
3460
2073
3067
970
758
159
566
469
509
158
1072
458
9983
1927
1091
622
1571
581
4673
925
3771
1626
475
1305
1039
864
1102
684
713
519
764
1429
392
697
460
204
475
543
583
2908
550
584
849
5667
1122
4838
383
746
1065
930
402
12989
11825
179
967
736
518
6978
642
423
1429
873
3156
1244
3088
581
3360
4266
5375
393
976
1585
1469
773
853
153
2497
600
1853
757
582
1290
443
2426
11559
720
951
6619
1892
287
2816
656
1475
4855
730
959
5212
1178
627
789
361
662
1086
794
5912
1517
983
616
5624
1209
5896
1012
745
2323
673
335
2439
2231
962
301
313
530
1123
326
1026
986
335
1132
446
8201
2428
563
534
1131
310
478
820
517
384
775
2240
3797
906
617
304
9833
727
506
839
345
845
5891
1063
4528
358
729
833
8679
477
1862
717
837
883
865
1916
972
746
911
625
1746
799
1069
2920
693
723
4468
1059
2171
3792
2694
399
857
476
648
569
889
352
772
607
2643
4472
266
1090
646
1260
741
727
744
871
1078
744
8742
876
817
1056
383
485
1066
224
196
2199
3419
1238
421
480
439
431
1154
899
815
542
895
392
6937
342
623
2619
4106
4192
560
1049
182
814
616
7816
1757
2469
565
794
651
851
493
682
858
355
510
763
552
388
2960
484
391
470
921
2353
815
630
336
1141
749
351
1636
4466
773
721
408
679
961
5672
4377
8989
321
986
965
1193
4059
1249
1132
1201
634
1387
506
1023
652
632
5426
435
298
1063
992
3688
715
504
458
1218
7203
446
877
903
1027
502
6605
724
912
760
1143
854
1728
2174
2924
463
695
265
1683
1195
886
4161
841
220
330
335
591
821
557
447
3218
2324
707
1533
2022
1880
416
6074
1158
735
1096
279
496
431
658
3587
411
670
2664
457
3629
1386
1062
1072
616
641
775
894
856
788
721
505
705
1284
377
754
246
158
670
872
828
1193
489
1148
1290
1780
4299
182
947
1086
1422
5327
2089
879
678
417
2675
1447
418
2469
1210
1384
572
566
883
884
1902
1545
737
1027
313
7813
3052
1405
262
544
355
1778
330
8836
631
500
4221
886
2632
1295
618
6137
2130
820
657
4810
526
482
712
647
562
929
532
483
827
440
1064
901
3800
4149
463
6169
229
664
504
580
499
523
7589
185
1494
3306
916
198
1037
1163
3110
554
1432
1309
2841
773
917
845
13253
3114
3077
697
900
1476
411
881
253
462
1012
344
264
397
1131
640
878
236
583
1158
463
2215
5894
873
412
849
931
985
995
2941
258
488
613
9814
336
978
598
3097
754
676
3788
682
2123
818
8329
9257
508
465
640
710
572
369
8372
3272
978
937
387
3030
2767
705
4697
1547
1795
268
1514
531
2160
878
903
563
2101
9373
429
1031
1559
1372
1063
1058
1696
461
171
964
217
6915
1166
218
710
410
2972
297
1010
537
831
867
686
336
3357
881
513
917
1068
893
487
794
689
351
8848
486
729
357
606
1072
637
704
336
1173
265
2992
810
2993
2503
1314
1059
3790
1641
666
748
230
882
1147
259
518
6208
430
1549
555
6206
5245
1151
2483
581
2558
744
1273
675
1183
916
4683
331
419
646
966
1567
602
596
2300
551
5386
803
7401
707
833
979
2389
720
613
279
1003
1074
942
566
904
191
828
883
4370
4114
2805
917
891
1086
679
437
356
1508
796
724
695
451
864
347
953
781
517
964
529
950
489
486
1403
8222
314
188
639
839
781
3025
495
643
1250
5938
734
822
577
924
724
629
636
666
1306
1046
543
1632
676
780
1023
466
130
603
457
1138
1285
939
1425
612
886
1863
669
548
650
272
1927
4386
1067
744
841
7820
962
557
755
529
3647
497
10038
5689
896
414
863
531
929
2070
237
583
604
881
959
1667
1038
607
552
167
706
554
374
284
2341
2776
1001
1204
639
1194
373
584
614
712
3905
419
760
1022
328
824
9702
764
905
652
756
651
886
548
867
1075
4236
655
2570
1038
797
749
982
898
828
488
1098
996
6309
623
6341
1104
940
846
775
723
978
2491
608
803
11014
223
2398
904
877
7259
1009
817
607
696
3462
859
2933
312
339
860
838
6940
846
13300
3536
300
2971
5167
601
978
911
4922
152
683
687
852
1202
1915
835
2427
267
1047
1116
1605
828
7763
272
664
1879
1510
647
263
257
6611
342
632
980
1138
6180
522
1058
303
1373
794
747
673
922
1543
4615
179
281
1181
735
876
10023
1388
386
348
4387
710
1115
5418
545
352
702
1305
205
777
408
519
1419
1274
702
959
667
1055
5797
468
1008
921
1408
504
647
5707
762
630
413
599
3255
466
320
538
3508
490
7099
1017
701
678
839
281
4316
1381
695
955
409
3004
903
279
536
3731
4301
403
6348
1053
762
576
4186
833
1003
969
526
675
700
3971
294
433
221
989
3481
669
938
454
7538
569
248
700
8840
1847
4387
3047
614
714
6619
581
616
4485
478
2910
3875
352
378
5639
2790
579
661
337
1293
2119
786
2051
684
922
723
370
282
1853
1628
518
583
933
833
932
1044
1248
714
5553
356
2440
522
791
543
971
4954
1270
1264
2987
738
354
666
447
752
1388
1672
734
1150
5258
1285
797
1302
975
292
1247
5376
552
225
252
3882
884
7951
6682
517
1557
611
528
734
5325
879
2093
309
1006
882
2704
773
838
3489
728
583
594
725
1199
4653
3662
502
1217
708
900
1000
1280
896
1392
2093
479
679
784
652
292
772
1114
302
2032
939
1054
725
445
679
5601
755
791
820
857
1155
429
1034
803
1274
4364
5222
2164
233
629
461
442
701
571
8099
691
270
681
358
605
7944
644
555
609
414
1005
4512
2278
2351
1277
603
2228
393
5770
675
696
826
329
2098
1030
371
400
810
2863
1431
446
811
641
1064
442
404
1096
718
1056
1952
657
1048
551
5539
545
394
1051
881
3962
519
595
858
577
844
1361
984
867
5922
982
997
1286
401
652
823
967
534
655
2580
3388
8162
585
1911
183
1354
385
644
1455
827
514
658
953
1157
4177
328
6404
1794
1510
526
1341
3319
976
202
428
940
573
680
4806
771
514
234
322
7714
1065
4387
587
800
1104
577
2338
662
494
688
711
1054
842
1311
375
710
345
422
2989
6850
421
1117
3226
343
550
175
2707
1078
748
2278
2837
637
658
10726
556
1597
916
502
923
1786
541
449
604
851
1303
1173
1628
562
810
444
8190
826
784
955
1023
265
3561
1172
323
849
2868
937
3770
2131
1310
1095
1063
9062
868
665
2299
918
772
381
837
1418
628
1535
851
2186
535
730
486
4586
560
3024
845
4504
1047
2262
20149
359
1699
4664
948
344
785
596
873
1069
605
601
586
2016
519
1497
5443
2116
311
1382
12735
586
643
1172
3217
374
1293
4714
577
1036
2702
724
497
9241
1186
589
249
192
249
935
710
1038
499
161
783
5911
390
476
707
2098
10621
747
1298
8550
572
496
420
3329
977
633
5802
1178
1523
4982
709
253
1153
10601
830
921
1073
2807
978
3626
453
443
337
2997
526
608
402
2691
2962
684
1561
7056
294
3564
320
4507
1149
974
3827
1144
742
854
3370
714
2764
869
2530
843
524
742
2753
675
955
529
1094
530
1245
4439
1982
2368
438
1771
526
692
993
1203
660
237
816
1519
374
394
663
315
712
7882
1312
958
520
753
923
531
545
424
773
837
397
3695
337
368
278
5587
2543
708
578
749
2759
390
388
787
960
522
581
1278
167
1020
1127
2470
589
1587
5481
986
849
480
2659
1065
1853
698
449
1301
945
623
353
579
1934
263
1351
2758
5295
9455
4318
814
1475
782
908
768
1389
350
1314
734
1762
381
1005
191
653
259
4403
606
806
724
785
3625
622
881
880
2293
1314
933
625
1342
809
212
425
631
762
2861
1039
339
6164
612
5594
465
577
763
366
1372
1054
657
3447
489
416
4396
298
2363
1085
469
2717
821
2008
2207
1065
189
876
6272
888
1039
1340
1989
722
308
371
1911
1013
527
491
648
885
5302
526
761
1333
1938
703
646
3721
699
978
639
616
392
521
745
1082
940
7420
584
5308
280
3107
920
1069
655
2835
974
3867
7509
762
605
620
951
405
537
1162
1246
489
440
5731
1802
859
537
3253
2778
635
138
1271
470
917
1107
828
2566
4685
2684
802
904
695
649
1077
424
1187
334
495
397
1367
4120
872
311
3025
2505
296
879
2829
830
854
376
967
282
728
790
4960
2559
1474
869
294
4311
597
345
705
603
1706
1326
1231
344
2662
3496
715
1459
1138
437
431
1089
2610
2518
1034
954
816
844
11772
139
1225
743
716
819
731
1009
915
910
818
3099
1380
1044
208
665
4721
4328
2432
380
700
947
732
7831
2635
2241
1016
967
1108
267
526
358
1690
297
626
376
561
287
654
793
872
979
3144
439
786
384
403
756
917
3178
378
661
885
668
740
995
4417
767
676
5808
698
583
2354
765
641
500
690
566
327
485
1554
1534
947
1650
2375
397
558
392
2859
1983
1089
593
2916
798
1346
293
412
1677
935
679
973
903
3062
821
833
613
1208
964
430
373
695
572
762
1222
655
903
534
1791
10924
4627
1337
941
3032
822
681
935
948
427
591
399
373
541
3910
3666
4281
3822
491
666
1178
715
834
4280
1015
783
220
1020
782
2426
1048
1885
964
623
506
943
1757
476
678
248
2290
1698
512
783
2372
193
338
301
1254
771
1240
791
715
9160
645
238
2133
643
279
548
458
271
415
690
664
795
725
989
412
274
395
3198
6247
436
299
11395
956
4541
316
842
881
1587
424
1680
691
1835
3292
1542
753
3944
694
1046
727
3404
2946
7211
547
1538
2215
2017
691
1018
951
963
703
837
515
934
900
607
584
666
709
445
669
834
1882
937
4777
534
706
142
371
1398
153
362
678
447
11033
1999
673
570
549
4650
1622
716
634
2565
520
633
5324
3343
4395
634
819
787
6912
3685
531
1189
490
10765
5099
876
351
651
3215
768
733
920
810
324
640
614
808
464
948
1727
2643
780
723
829
3626
1458
511
4160
2431
592
818
4035
894
841
3036
484
985
448
3805
819
4448
597
847
2994
773
3310
689
933
1398
7246
5280
11431
599
504
1007
1886
750
875
4049
5507
584
392
761
1230
452
3721
685
671
327
346
182
797
681
1324
3559
5964
3551
810
5819
975
7334
4699
223
854
526
896
481
230
589
4446
585
511
12632
1047
488
832
692
235
500
385
2926
530
995
1040
322
1933
710
693
764
1186
2115
407
967
279
582
2492
627
8424
840
327
10342
1448
843
3804
928
704
613
1083
741
1996
993
763
1058
508
794
889
761
558
888
2290
2357
3090
1496
345
3206
1340
458
861
6778
913
268
3980
3055
628
854
377
1194
611
805
555
1078
813
962
8273
3995
7161
3256
660
895
1041
1531
917
20877
816
843
968
832
739
1033
245
518
517
3170
667
709
830
1136
800
4288
706
691
543
1794
624
694
882
670
417
1452
210
11803
5117
867
288
453
1203
3551
361
907
868
853
2249
4836
1642
611
669
9135
355
418
482
2254
449
1082
1348
831
497
475
307
408
1322
2268
971
865
701
550
318
2107
914
1896
766
3875
342
989
4173
3773
447
503
404
514
517
1483
353
357
379
1839
2542
844
420
706
1012
889
1481
416
387
3359
688
1753
573
587
810
645
9945
871
999
1574
710
558
1686
603
1126
927
656
486
407
2515
558
667
605
946
472
1700
3492
1453
1136
743
1652
765
1109
1441
330
4794
659
277
501
616
1068
797
2326
666
2337
4812
2387
4536
608
719
816
583
1263
501
1229
2906
854
593
10723
415
413
365
327
989
432
319
1060
489
517
332
3825
153
2363
413
1288
588
847
3278
572
345
1001
394
1535
695
498
1138
1243
2254
1194
964
7605
2166
7788
226
356
1080
775
484
405
643
473
2415
422
11873
3802
808
916
1195
5918
746
732
1061
6522
602
723
728
618
518
893
4097
666
831
2886
549
497
2073
547
666
244
3432
930
1120
947
594
204
359
189
1356
2829
485
784
656
2075
837
367
5242
1240
3024
583
929
2547
962
562
1029
440
4551
4150
1908
769
542
380
144
582
1025
1674
5762
472
4798
1089
1303
1153
1170
636
361
816
371
645
1883
1792
1093
922
644
972
1335
842
621
1018
1210
425
638
229
748
1071
413
2028
1544
1105
488
3256
2752
794
830
749
1300
928
6154
1256
681
1248
2271
477
2719
1089
1169
800
563
2407
986
784
2765
2244
722
1191
546
803
3270
7307
14887
612
918
723
482
613
1866
672
5685
484
200
683
1078
7553
1045
1291
521
5820
593
687
3875
3524
302
784
652
442
1362
581
671
2672
840
913
334
4471
1514
1062
2224
731
1060
888
933
2827
908
455
2523
421
908
290
922
308
633
183
630
940
749
1252
2121
636
335
3870
722
813
898
2667
615
823
2158
2318
674
4014
1290
1007
749
487
317
1111
600
443
529
1877
1640
247
1181
438
759
3037
997
486
459
924
445
627
830
3171
662
2958
652
968
1128
794
285
567
1326
594
1076
3315
783
3132
626
334
615
510
814
872
291
461
3855
555
543
2303
756
434
615
424
227
858
766
170
867
1129
6291
712
5236
961
1971
779
2478
598
2404
393
748
360
620
391
783
660
458
1045
300
575
230
6335
885
2602
1218
1006
732
418
854
1029
436
1133
6685
785
906
1453
5305
255
594
1469
3496
397
606
796
10893
2174
691
616
923
544
2150
633
787
329
547
1094
14384
2309
670
5917
1761
875
2072
1385
599
461
766
467
6120
1209
915
860
927
899
1063
6752
606
1071
833
905
574
3510
477
491
692
604
1360
437
2535
1411
232
9410
460
779
331
1353
589
297
896
935
863
228
1846
4787
705
459
404
1160
1427
1181
960
874
317
958
1418
1195
824
829
3623
550
1282
213
4153
2110
2767
8309
437
409
684
4470
1113
576
859
2117
924
1119
774
5548
1909
730
1352
763
2264
928
3268
836
587
1255
2045
564
830
4063
4028
5545
1061
515
804
302
390
1859
269
796
1694
752
10417
963
689
496
4862
780
313
6959
1115
1477
694
227
709
196
574
477
2829
630
832
417
3692
289
634
970
614
3585
464
1266
749
707
2757
586
633
1155
3841
633
1288
10035
3550
5746
770
383
787
347
8957
1057
1418
333
1151
341
5243
903
293
309
748
1058
555
5063
1034
3031
272
1027
6115
899
859
921
2586
3586
1901
3931
1094
1248
516
727
1995
406
854
938
423
584
14203
3997
3159
396
663
396
2169
689
6099
410
1373
664
529
730
675
6790
1986
1282
943
666
998
848
593
933
1036
2825
597
1062
331
619
236
14790
644
2774
584
497
781
1044
573
676
2786
10406
1633
963
965
608
964
856
713
573
1030
496
5789
925
3314
594
457
346
5408
1342
666
590
4862
676
2668
1311
411
908
893
1273
648
328
4442
682
682
1129
415
6296
587
544
5334
1077
460
1180
871
2083
1050
547
768
471
231
6359
654
1057
863
342
1750
816
1162
1022
495
3201
1130
385
751
500
771
358
1757
775
220
456
5395
4586
432
787
1134
5717
3346
4959
939
1439
242
1168
482
353
932
407
414
781
307
352
696
1070
917
861
2163
1193
753
3170
754
689
706
9400
749
385
1603
668
342
674
585
5748
595
6729
721
1019
1956
385
269
1215
1159
590
626
396
1062
817
358
1683
842
14122
959
6638
483
676
714
7033
3937
621
2286
577
716
448
548
1177
640
669
853
607
2205
691
129
834
5622
606
733
593
942
738
977
305
481
435
1121
204
1039
2530
536
758
2585
986
758
1080
604
511
858
352
1931
457
639
1946
881
2430
280
1391
913
718
618
3628
610
308
606
606
685
615
800
558
853
4571
297
605
174
549
1036
1094
1405
1083
558
1042
3205
629
446
455
406
15724
313
531
484
907
343
4459
1093
422
1041
884
426
340
920
763
531
534
614
1074
926
560
355
790
977
1384
1068
3309
6693
829
890
3055
2463
1612
169
753
1230
264
7227
1026
614
599
478
5849
11084
3636
437
1359
1522
648
727
3105
560
463
1048
797
480
296
203
664
609
1487
417
541
293
958
371
452
194
280
995
715
489
3343
3302
2374
4242
1218
712
730
521
1568
1291
3199
2481
2423
1000
500
3338
3689
895
460
878
874
509
624
912
5556
493
1015
428
846
425
856
1646
884
1276
939
654
5763
623
1049
5222
480
285
683
3610
5737
1515
728
465
1337
300
1139
259
744
1151
553
5003
876
5781
1096
762
783
4401
3821
670
330
330
580
479
991
349
695
511
648
594
3656
437
2370
579
705
680
3905
1102
818
3090
1068
762
640
642
662
937
1483
1764
269
515
449
438
770
577
344
3481
1076
3457
447
1192
768
740
535
881
511
1123
439
219
1300
942
661
630
647
6433
133
3441
359
6439
5128
651
496
852
3477
1336
235
771
3548
13663
354
1177
3737
2149
1104
411
698
232
171
475
956
370
425
7936
7497
2676
274
569
8096
462
950
311
1004
668
765
5468
771
674
449
526
302
1057
752
747
1225
236
771
420
619
540
793
630
264
625
679
224
917
2624
2589
688
1200
1201
2162
989
3560
839
711
10336
511
889
1134
649
1491
214
344
2824
603
305
1330
1014
1052
5537
356
1609
6795
548
2749
333
416
788
291
600
901
1125
1321
911
284
675
3379
681
6734
2877
314
1199
1349
3281
977
402
1033
1083
12599
4871
4742
397
778
383
2027
363
320
794
487
875
1993
669
857
1125
1085
3539
456
548
691
997
1186
305
612
1010
395
358
802
554
886
484
215
582
763
960
4338
703
494
752
1054
445
813
1488
263
824
301
568
502
2360
1016
893
1411
977
293
1187
1398
375
716
1058
528
768
1479
600
1179
956
1078
1512
243
896
255
758
649
3643
1124
690
829
7537
262
278
8868
618
549
5083
350
974
534
463
868
7957
963
979
1061
688
1117
855
592
950
7575
653
777
918
1159
688
2074
762
1559
1101
2857
11177
691
2045
527
697
2017
1938
3483
709
8594
1904
979
797
866
576
660
3479
475
401
2521
5726
1124
912
771
754
185
1447
3247
4140
4796
542
573
1040
1165
487
342
1489
967
656
1370
522
3997
7466
2904
5937
506
1187
885
780
10047
4245
1910
1431
669
599
918
330
1023
928
2311
472
424
805
2363
564
236
449
993
1050
11056
8974
985
1119
287
723
2028
760
769
797
362
478
938
2853
1380
790
702
548
708
598
573
1132
763
851
7266
1299
2108
300
1314
198
794
782
6937
316
775
774
662
596
748
7255
1203
7963
1828
528
1638
3460
1712
548
675
622
301
401
2869
1701
518
588
17605
655
988
637
1775
612
2095
919
800
831
2269
356
685
1144
409
608
2582
997
990
4871
5323
383
860
273
5925
897
697
1352
186
3811
508
872
5694
729
536
940
905
3181
712
2093
2502
809
506
514
1015
941
1046
764
849
623
1633
348
603
603
339
601
3756
2895
271
6475
1023
1875
2068
839
726
1818
496
8547
1712
3047
663
1279
6883
651
1446
1050
4506
733
546
1162
798
11666
1155
726
2752
909
879
1067
1153
758
844
317
454
448
1539
496
957
368
657
1184
585
2059
936
333
2962
6254
683
821
849
594
824
593
3090
549
2600
1410
3744
562
1405
710
823
618
623
7153
552
753
991
359
567
871
916
5073
1027
926
292
768
529
548
721
459
795
854
685
774
597
1050
493
1932
882
1092
2143
264
4040
1110
190
447
580
1570
8587
8662
1312
228
1556
960
1769
744
1269
663
3631
4598
908
1626
911
5158
460
667
1131
1403
349
1120
4868
3346
596
1211
635
1042
665
2080
3469
597
809
252
742
575
1053
1557
2819
881
560
2069
12774
712
1215
7442
578
4083
576
1333
608
294
2074
1119
270
209
4122
352
1564
1003
430
7964
4582
773
2391
726
794
293
809
471
543
447
753
1159
1039
961
982
4901
548
1235
5248
1213
883
862
497
682
478
606
882
529
1178
3839
1359
1182
530
831
697
861
843
1157
1786
480
377
6123
545
1223
819
486
1318
498
1012
1253
1184
1080
319
537
845
3794
554
356
814
1034
1076
1507
559
634
628
677
1251
4795
568
732
3507
1142
599
2946
588
713
2631
551
3743
436
3273
5272
856
895
1219
993
2667
798
514
1233
693
5688
476
911
2013
895
910
433
693
2326
1484
1225
5853
6140
332
988
840
139
1973
1133
717
3482
7010
872
1329
1002
458
423
1091
336
612
2414
3387
837
954
1144
654
659
886
8962
1492
4641
456
1102
860
896
537
598
4511
663
4294
666
447
330
750
454
8091
4022
740
837
509
1143
8418
720
3453
306
4658
1405
509
967
3581
586
294
752
434
402
876
715
736
1231
401
1267
1193
1015
158
1135
464
3858
718
495
3758
695
1094
1028
980
788
859
1151
3888
814
4306
382
553
3788
8550
2819
923
1008
989
2408
1011
425
8771
665
5263
641
607
288
790
2573
1101
6849
863
626
1007
933
1060
619
703
950
828
277
402
857
634
727
990
1917
312
317
664
235
3151
424
777
969
6822
363
1031
960
869
752
535
484
5030
875
874
702
673
769
434
6461
407
1206
666
5790
765
1163
563
693
726
449
721
3966
317
1359
340
2585
1311
3211
802
498
2558
3493
581
197
10040
506
982
564
6120
265
10117
1102
603
386
750
520
5259
1063
1421
1393
500
3736
503
1026
3139
3314
510
1777
995
4843
986
1424
662
423
329
350
8331
1756
321
545
2588
726
2676
650
317
1444
6609
4337
292
1302
3511
794
924
5820
411
872
270
1593
609
881
1225
484
4249
1115
7067
1456
435
820
958
701
529
11187
300
660
506
1115
8500
6418
769
1490
693
385
855
819
418
311
1018
856
711
675
162
699
12758
1567
1112
5172
380
639
752
301
976
976
337
373
1074
611
678
1016
1365
977
1124
13586
662
668
890
512
683
506
253
908
15112
980
1318
249
557
981
1062
1076
2614
185
699
1166
5717
481
2039
810
1021
3569
6502
447
365
2670
712
610
847
624
348
695
515
505
747
658
878
814
3709
773
759
890
593
241
372
510
266
545
790
1276
480
224
4164
1153
383
733
846
639
2504
791
664
1479
2916
6448
4865
1090
1823
552
640
692
876
323
232
2036
5095
1030
297
900
780
882
957
811
642
3752
274
5046
2558
1202
1802
537
626
248
1615
532
331
1093
505
315
1345
443
350
1933
369
2252
858
4058
3920
453
779
274
944
306
1129
1094
427
1033
2996
1479
3446
317
1110
599
2600
12434
284
536
2399
852
310
300
937
6385
914
2575
667
766
6513
366
1825
997
355
642
1251
1022
824
1851
2300
680
994
2146
159
1121
682
923
837
618
1529
1811
419
1584
714
616
2644
3323
806
587
714
669
780
533
538
333
1225
4164
719
392
841
885
266
992
632
1574
695
1085
811
558
840
326
1058
557
985
849
2118
965
805
2334
578
1060
547
1339
9643
1020
441
471
418
464
660
595
527
717
638
1452
676
1336
1187
7094
624
943
1674
807
568
528
4973
1246
404
1512
322
800
808
628
894
558
1020
364
3789
3892
1380
7358
837
790
5679
353
736
2284
397
814
641
2164
10262
719
756
846
1143
173
610
473
912
706
844
4136
380
1503
3619
850
1065
833
1182
954
418
887
959
751
526
481
929
598
536
752
13106
1106
7208
4981
573
2151
1472
566
951
1100
491
600
349
813
663
704
672
1215
486
2862
277
1081
527
862
375
762
577
1089
1490
473
1117
559
426
788
903
1076
992
777
1138
1530
470
640
3079
508
1021
2959
372
677
421
1187
302
3078
1154
398
6403
1405
504
5554
753
2079
1071
699
209
3433
875
2629
603
2327
341
3366
754
5658
678
707
3471
1765
591
1498
601
567
847
6228
4091
894
1129
1492
247
577
2296
474
1287
357
349
292
504
622
2473
649
727
600
1324
1040
2742
479
659
1139
256
787
603
767
6565
2513
587
551
715
808
739
431
235
172
970
10266
741
1057
335
748
592
2668
4353
148
627
1988
228
214
770
688
932
5900
9221
1175
1271
498
279
449
975
394
1203
205
879
875
1139
389
659
3997
5621
3171
8781
1688
1003
827
1268
326
934
582
2582
521
533
549
13458
701
749
1350
410
237
1090
3065
2840
3958
709
898
961
658
316
571
930
808
11443
749
2321
1384
1618
925
1294
3299
2313
473
784
281
497
867
383
485
1749
612
898
833
296
930
4981
3285
3504
641
9693
895
1368
1295
747
623
7955
259
948
751
600
2138
4120
470
515
5999
3409
613
342
356
724
501
970
205
1087
1404
984
619
989
934
847
507
1952
7181
895
1111
1126
2442
961
677
786
409
2052
6926
827
1167
882
746
411
550
1658
451
371
282
434
4535
474
1358
625
774
1092
3030
4302
715
1129
988
682
1016
622
696
694
394
838
1569
630
1071
1019
740
645
767
6741
3166
374
5714
686
898
891
127
698
569
407
787
11115
7399
653
1022
1279
509
356
364
404
2442
114
1009
391
818
1048
617
666
1135
2768
1596
1468
612
977
1060
1439
5981
505
1784
850
332
519
3207
4271
1238
4314
366
561
4889
334
807
851
877
713
979
1118
1134
1030
736
530
639
708
4322
883
2965
710
225
581
369
810
3300
4278
754
776
943
367
715
182
456
552
8534
1375
446
1177
648
622
4925
736
567
832
1049
477
1392
619
260
970
209
402
6975
7846
521
565
924
326
1243
790
6307
1120
826
275
9704
4591
4074
398
431
8293
4107
1103
1058
749
4552
4132
1008
2696
680
605
3035
774
468
769
8756
1283
616
313
352
791
5163
445
736
1048
911
264
447
976
459
733
742
633
377
649
734
680
555
1947
361
662
1514
5108
737
545
2135
326
1191
374
5007
473
1023
883
359
819
369
288
3121
1353
485
756
5551
393
1318
660
623
454
2688
1708
995
710
704
264
177
1315
947
3568
410
1005
11225
649
615
1048
1514
580
6862
1064
1158
1408
1593
3999
2390
329
681
759
5901
792
1025
770
23871
896
1196
652
926
328
482
995
2096
6073
750
3171
4475
1251
252
929
802
7915
854
780
1187
519
234
643
2315
1091
701
1528
609
350
1365
862
297
834
2232
483
337
8745
288
525
1089
257
6301
465
687
823
298
4900
3274
453
658
693
224
2542
4878
295
4993
2930
3174
328
330
1013
228
712
796
608
1273
656
601
959
988
4010
402
4643
428
589
500
674
495
791
2066
6374
951
807
1093
957
982
312
762
1823
7296
564
841
2779
857
2171
891
1329
948
1188
4033
843
1676
536
957
800
8611
236
951
779
451
668
386
7487
745
542
838
474
6971
980
412
712
1431
522
1248
940
5742
913
1811
1804
1341
711
1139
756
296
1377
13588
646
921
1032
248
1161
633
1201
536
2237
687
190
1778
808
2052
3147
287
1903
367
521
1130
713
1095
1007
270
665
358
1033
2058
779
6346
3706
707
4057
926
2928
1035
1553
2723
366
5797
8070
436
6481
952
723
3345
1204
819
9441
7202
657
2452
235
611
765
696
970
669
556
1832
2164
1014
461
6252
836
535
504
664
663
807
1146
526
598
378
976
770
2339
2390
1792
7855
355
355
1412
3757
437
5332
852
5294
795
1197
6521
762
733
365
962
760
678
5229
686
6541
1182
489
14849
1146
1230
427
189
1222
284
3285
221
944
1087
724
688
815
1005
951
3578
653
391
657
1016
834
845
1056
2952
9307
1855
466
376
680
1581
421
812
1023
5875
1693
630
1918
713
1141
986
589
638
606
935
342
531
13324
1106
1858
322
922
522
342
987
1289
373
996
1617
368
2971
612
236
821
462
1216
1260
224
2817
456
3685
777
758
1462
432
6268
527
501
376
533
804
426
3115
903
791
461
1608
11108
478
4607
2040
306
435
325
834
969
1083
686
679
1004
893
1878
7450
7710
349
443
1766
953
900
697
1045
2532
4131
3261
349
772
6537
467
343
523
844
845
504
4323
413
778
615
832
836
1713
2825
902
1272
735
1029
1690
856
535
710
2527
887
1053
658
1319
1115
387
876
344
1000
755
843
260
532
1177
750
10413
400
700
1851
722
1400
8027
3255
581
1779
1655
511
714
2847
537
925
472
497
895
389
2380
1993
745
491
860
1240
1336
634
10664
566
2040
1672
488
6949
888
667
2903
400
336
561
427
1944
717
512
2857
647
808
12645
282
725
847
278
2350
911
932
1263
460
6866
643
2212
1374
517
685
7709
518
9290
317
1782
583
169
6120
400
349
5093
1778
773
2065
953
770
1190
828
857
3529
507
3900
476
2571
683
5638
2138
1074
1126
559
453
1477
520
1152
1332
405
753
1800
2184
562
232
1828
948
344
805
7110
7465
1973
1437
394
847
489
721
869
2168
1353
299
814
1093
439
2335
5718
529
639
2040
2315
1132
473
781
510
830
550
753
792
1154
3951
1012
768
563
2886
620
583
12949
852
673
3645
7246
652
2131
1006
1311
488
407
649
768
999
754
531
682
12966
1044
671
871
1836
428
767
2247
408
360
894
377
933
770
1065
573
578
1448
1649
5171
1345
12232
564
481
318
461
1199
558
3892
1509
3349
219
700
938
703
705
290
643
3054
677
479
882
13105
719
302
9231
1249
1596
7703
913
1122
528
488
491
1247
412
748
407
318
1630
1179
870
786
969
671
4530
4466
239
1047
725
2624
4378
899
356
1227
658
6498
11921
479
2544
835
574
925
997
1628
931
8380
869
521
286
418
1015
401
1859
708
949
574
8497
289
567
304
944
569
939
675
1287
462
1206
524
3994
199
1383
2604
358
2054
1199
5664
771
2057
309
654
535
1335
1589
5062
994
634
3120
3411
616
896
4865
621
3212
1105
440
603
629
357
734
898
423
6161
222
360
648
1003
149
498
527
1466
796
1056
869
951
330
707
796
617
470
736
1859
802
285
6965
11423
5271
404
3823
1016
803
863
4026
483
2941
4651
8546
914
2395
1395
876
792
483
386
999
2603
714
1045
570
1173
539
1288
917
2456
718
7643
772
1555
315
428
2364
322
606
414
4459
520
277
1998
6311
2160
432
4938
1268
578
522
403
4511
768
738
2851
846
665
874
196
128
2170
395
329
772
391
504
1429
888
1866
876
3534
604
547
438
1947
455
1162
431
809
403
778
646
896
3711
433
580
1527
948
702
3307
887
1347
813
655
492
291
318
629
334
787
571
429
676
253
1170
1053
620
3182
11242
2857
8706
500
1068
1749
924
5148
455
412
519
619
787
322
1533
666
4656
995
1771
707
839
737
722
2093
447
1974
727
180
541
3874
852
2907
710
674
476
631
241
1116
817
873
1694
486
1684
356
1085
742
542
333
2324
415
786
1089
766
2291
366
1147
991
1164
717
683
425
5606
1329
3441
1381
478
944
1206
2069
333
972
459
7827
3826
1614
622
431
282
1278
389
355
864
743
578
157
6530
793
1237
2604
886
866
742
858
593
305
645
771
1177
767
496
7600
417
1005
3546
106
2934
504
1260
379
872
4132
1101
390
611
3880
674
1068
476
2459
1823
4645
792
2467
605
5490
708
5974
1212
1698
3499
948
1026
847
933
573
737
311
838
7979
1002
345
2374
1506
544
923
2588
985
2233
879
201
821
9237
1456
1633
4945
477
610
2797
466
1879
4422
623
1490
258
2177
495
629
474
509
727
592
8279
635
492
765
716
2102
316
1417
719
736
3040
784
7697
358
1646
691
600
2133
662
4702
622
338
1021
537
1213
1599
1268
567
2258
559
803
519
5313
2104
1705
1593
638
681
366
5554
1143
1129
1051
654
2277
2285
486
925
6658
16436
558
2920
3094
1396
731
605
10330
382
516
501
831
625
313
3706
1386
1053
309
503
6020
867
1083
7505
366
980
2451
2587
554
1296
417
650
5182
291
411
201
854
1617
987
639
732
1003
5914
6763
3194
800
898
1146
4669
1846
638
659
410
1077
1114
1330
409
467
102
886
608
467
943
1191
1506
1142
595
664
804
2833
3756
481
679
1661
430
721
1146
476
6609
684
287
253
2398
1911
1041
796
816
3628
748
473
2036
3301
1613
749
2556
608
546
761
1135
680
1701
426
336
612
503
905
1071
870
277
1039
2631
3731
484
1183
1332
585
1061
1110
895
303
1004
720
268
4393
760
371
1010
10296
677
322
859
2965
1334
583
1232
614
719
4466
3641
1134
886
551
226
594
1106
570
303
2964
284
1723
1049
583
1286
388
322
709
607
576
6931
2071
1459
4547
907
696
997
329
752
464
606
2290
566
523
620
369
1835
1172
3810
557
1244
1173
3199
358
4928
914
640
544
612
1038
2073
399
1437
1646
2388
854
2705
938
263
456
1027
461
4366
1116
729
3872
699
349
590
756
1079
985
486
794
715
661
8809
1186
659
1845
1037
11051
644
4129
767
562
898
1138
492
990
1444
524
3955
2668
364
4870
944
703
722
599
2259
1099
929
1184
1519
611
696
6896
754
2142
1506
4982
394
691
1036
469
1273
401
599
459
729
2828
424
1103
2630
283
501
1630
843
5722
924
951
4204
642
496
476
1549
734
3146
3143
2251
1032
599
645
865
4697
612
1640
900
629
755
940
1001
1308
805
759
837
1188
1401
2091
504
820
1122
3318
904
1234
4493
478
3737
932
2732
164
549
510
1083
965
501
206
537
493
630
748
759
848
1105
2400
640
3900
576
1147
1002
2507
1080
788
459
1256
2233
2649
707
1160
1504
237
846
1607
341
410
2247
4088
272
575
4638
569
2342
775
1007
540
2353
678
2073
960
548
560
1354
5048
12117
136
14779
2541
1078
2886
1274
989
584
10096
1763
979
697
372
803
1915
627
442
667
2094
4550
371
1435
1036
1053
2026
528
387
693
952
218
1989
830
7473
1175
859
789
925
2766
768
653
7112
338
698
788
537
3905
534
696
1215
898
517
383
3614
2392
2124
5193
370
920
367
632
585
233
721
765
1286
1069
4001
6011
640
1423
1380
491
1233
1613
963
622
1108
1866
713
2284
838
799
1527
713
1257
2214
681
632
733
1477
1431
1427
885
432
466
1116
3503
909
735
687
1083
755
628
1013
323
9487
7953
721
1231
897
1592
1686
1189
5779
266
756
796
1222
2847
466
3380
522
989
682
728
387
932
1014
2710
560
261
292
1161
1608
966
1325
618
337
966
596
485
1007
1039
445
2241
880
583
388
825
865
509
716
796
773
13356
304
674
2586
844
410
2012
433
175
427
1762
2669
888
606
2077
3452
3698
744
3440
183
1821
1178
3046
1353
1894
4955
718
2194
521
1088
888
797
513
1108
633
625
797
331
378
12319
663
319
9065
942
309
488
767
388
821
3503
653
973
8794
546
1261
784
617
1112
596
879
1044
847
726
706
439
6149
4764
306
1098
488
1046
683
1348
421
361
9846
1006
6660
674
310
434
335
589
231
3921
310
4873
277
520
219
697
805
449
3996
724
5534
1199
412
4518
789
969
1299
860
994
468
2131
805
1041
287
247
540
4130
648
616
890
890
523
493
544
6287
1284
421
420
2538
406
1012
1273
606
358
619
3846
614
974
701
1328
820
950
957
700
762
2260
369
482
285
929
940
626
830
238
993
840
893
713
699
597
382
5468
1137
1181
661
589
1030
1460
246
8761
5164
1302
1344
2149
1014
776
594
534
253
654
995
480
3351
1017
630
2826
688
941
1180
1005
2725
1164
1371
867
371
805
859
525
842
1104
2209
1122
749
437
443
3591
6195
1308
533
6155
528
700
830
1004
4626
840
1176
808
500
731
1110
802
664
878
256
1350
858
687
541
2974
2569
616
646
360
4110
1576
573
5175
746
279
352
828
3557
3273
997
1061
425
787
1262
3038
195
1924
577
601
1019
474
766
1034
6384
5082
883
287
5149
1181
1035
710
853
1404
518
3693
790
3398
929
757
513
8746
3114
687
814
732
1232
1751
261
671
559
378
771
1556
298
1265
2891
807
852
903
4621
520
555
2525
489
644
654
720
671
973
2242
895
361
343
637
3127
1001
273
608
2020
768
839
4628
895
6390
658
12975
3204
959
106
697
300
1011
2332
781
1131
4891
1277
110
1287
777
414
1264
784
242
764
1120
835
722
604
844
868
1015
2456
901
433
425
7337
4191
1130
590
717
927
942
544
244
623
3120
1264
1340
750
609
793
859
394
418
934
899
969
500
981
1030
800
3383
651
1531
921
595
810
854
638
990
767
561
1214
1200
816
1173
1800
492
849
3350
550
324
353
177
302
1061
7561
1855
559
1236
1124
1050
2711
1166
674
917
679
1529
4867
915
11698
397
693
6260
489
2842
305
556
305
1153
1034
869
339
910
6020
6491
1985
900
429
723
723
865
918
933
637
5597
1039
2481
348
1316
507
665
525
717
628
407
1985
5375
671
1098
1983
965
286
720
1153
728
732
1140
248
472
7250
504
844
2675
1523
6352
314
719
879
724
1029
694
529
1366
381
3209
399
743
1055
527
553
872
722
553
332
565
1228
5373
220
370
4191
795
17266
366
1043
1244
329
975
1427
1064
1149
835
674
327
3753
797
630
538
615
450
558
217
767
474
1346
719
491
306
599
2749
3620
1907
3838
3570
663
1730
788
2487
723
1209
941
315
1894
2317
5319
1903
814
691
8214
884
2315
1056
609
2451
524
3057
948
882
693
1089
2610
593
815
3518
5779
590
692
629
8056
1098
977
926
4407
585
760
387
638
1000
563
1164
439
327
1835
4044
481
1700
498
729
6058
1392
429
1226
492
1013
4004
678
1662
695
1039
264
584
634
555
1350
1161
729
620
1547
760
2490
395
650
3290
2089
4129
193
1603
650
598
1451
1111
217
1010
679
2879
780
2826
5219
830
1226
233
707
783
269
704
344
793
1138
410
5314
722
664
683
2246
932
386
796
1446
714
505
2431
12497
1376
6858
215
516
852
1097
681
2333
874
1794
566
9609
818
160
1183
1418
476
1208
1411
730
719
12735
446
1067
379
6322
567
541
823
959
1514
629
6866
1102
642
702
956
757
1047
675
373
400
3459
804
576
1605
573
3911
4951
549
650
309
693
1015
3456
775
270
979
1129
717
653
259
1102
678
559
580
2780
278
9156
2520
623
422
237
947
858
574
931
4020
744
850
5837
995
432
177
638
2223
330
4563
724
908
935
376
1652
873
9429
1233
898
964
7482
1036
1010
671
353
326
492
419
4508
766
1377
937
1128
489
5436
6805
1075
300
974
4559
711
353
576
800
1127
1279
483
865
846
2565
437
663
1268
577
672
318
1937
8445
981
5779
4408
971
502
401
909
467
954
945
692
531
652
923
956
777
427
319
4432
2692
808
890
574
622
1252
639
608
711
465
3279
838
1423
748
2086
602
329
2067
468
442
945
476
1099
561
928
838
820
1043
9800
5240
4767
2821
1165
373
924
1099
1441
3520
897
674
858
625
938
633
402
811
787
4385
1251
447
909
591
1125
724
958
980
311
591
932
773
11081
911
644
793
1646
242
4571
4861
358
811
806
413
815
671
599
738
3930
281
574
2780
575
1562
793
5743
1230
1549
1079
537
1095
579
926
282
515
488
1047
5210
455
4608
677
393
576
676
803
1305
768
627
1090
1445
508
637
2068
628
2164
5455
846
1142
621
587
1049
449
3461
671
842
632
969
929
537
980
617
7543
1236
1235
1049
1266
4209
833
836
403
823
1894
553
791
825
1195
591
1680
432
5136
451
736
806
1044
204
4575
544
789
663
652
1755
891
10224
888
710
1091
964
758
2609
420
675
607
472
812
961
2171
1712
3739
786
8279
577
1117
3101
226
791
982
5466
963
577
868
137
600
864
502
993
843
652
1307
1550
1114
817
9874
883
778
376
241
1702
384
534
181
2836
375
707
743
702
1553
859
530
680
477
1171
256
526
2061
566
721
1000
698
1465
527
1389
605
969
6164
3457
1302
361
780
831
737
589
823
997
809
703
1431
365
553
832
182
1085
973
589
365
1280
592
1495
1714
658
619
581
493
560
1252
1080
349
739
474
376
231
616
1466
2581
893
967
286
354
787
575
740
354
3716
666
488
574
648
666
703
292
296
631
1000
795
4704
843
4809
2658
629
853
317
619
641
803
391
696
3746
556
13681
616
692
989
588
1126
4668
1016
2219
595
1405
603
6304
1228
452
675
512
560
4596
867
1258
426
1019
657
691
248
510
12801
7074
981
947
449
385
3543
2530
1417
421
494
836
1571
734
3861
466
458
384
879
952
683
989
504
218
1118
464
2758
1779
4286
1229
415
1258
701
257
587
663
828
620
559
861
1047
328
1248
1900
2959
858
5045
717
636
3221
1143
1250
6266
713
375
2690
1035
667
608
4467
601
1053
3461
191
2343
2381
421
1465
615
898
590
403
763
615
4809
4169
2732
226
717
1183
722
1190
1482
867
937
1270
1322
1917
520
1221
2096
399
1051
2941
1152
581
728
277
617
869
1666
766
597
317
1344
597
707
1209
512
394
845
4597
592
1370
5263
557
827
2929
4809
1263
841
729
2062
944
917
994
797
813
546
586
4116
3535
734
470
599
463
6659
695
834
648
874
1285
1010
1273
1095
2921
4321
1451
967
881
292
879
996
315
560
1223
822
669
328
245
4219
274
455
4335
1122
1606
746
171
2638
735
640
3362
2749
247
9884
604
423
764
641
4187
861
359
440
394
779
8401
896
1174
741
555
401
2191
467
918
991
462
452
1031
651
2317
457
2027
1097
1400
890
1143
484
371
2666
665
1090
1162
613
1232
680
1216
1455
571
2780
2188
532
587
2331
804
234
1745
781
814
745
276
547
626
627
758
909
5827
3305
1046
962
821
5851
1101
754
10033
479
520
603
944
864
566
1100
322
521
364
597
502
858
1376
799
784
684
996
632
535
2041
1246
299
7886
784
4504
9511
7273
3510
735
1118
644
1472
907
3604
3787
486
770
749
523
1021
502
536
651
5596
579
841
309
1235
1016
5929
839
685
613
507
700
3063
491
274
298
973
862
3630
661
566
3387
1044
1117
6883
4711
270
265
1427
819
3853
1393
997
7571
4062
411
1138
4024
799
839
3473
4212
942
1175
827
570
6882
1127
591
1120
3381
3026
809
953
671
607
7444
145
2241
4595
826
479
281
726
685
1175
2419
380
997
416
559
969
346
1406
955
976
2871
3497
736
871
8527
532
735
859
997
769
279
788
706
1035
4814
390
832
3696
587
721
288
991
4413
1542
634
614
1140
832
3887
3019
569
458
1110
399
3065
3728
1633
499
1837
520
1509
11387
420
741
924
1043
256
778
276
2029
1000
622
657
1991
799
900
1046
1103
872
847
953
4339
173
835
2875
500
302
11353
1010
621
1032
4561
986
999
950
1090
5240
4913
296
2454
260
1030
538
578
1054
702
620
597
488
929
2940
434
1075
1282
479
1265
626
883
926
698
4107
568
365
3567
512
897
3410
338
3036
611
8312
390
858
1248
2591
668
689
1495
1915
9841
681
773
1153
734
1062
1199
1766
547
439
1726
609
1146
617
722
515
614
5989
965
3083
1307
933
5572
831
857
4086
897
2904
1118
1242
297
857
558
4814
517
912
844
1181
617
1096
368
7648
888
1023
1390
3212
341
1099
856
1181
471
617
966
2518
958
792
2346
495
227
270
1138
219
1025
2705
1402
352
838
590
741
2963
1095
5445
6396
4327
6757
2256
545
1008
2934
408
704
413
989
996
723
943
624
523
5534
572
422
1247
1365
471
2817
505
258
491
783
795
273
1086
938
801
731
1536
670
3543
1065
2343
483
1315
6754
637
1025
3018
1263
627
935
485
1245
761
846
942
564
508
507
645
943
1088
543
796
309
407
938
3969
2331
1188
2369
941
583
1074
386
1493
963
1876
552
1658
685
1077
2088
999
837
1318
611
742
536
577
515
1171
240
3199
966
547
1208
1291
507
867
517
3260
5173
329
760
1605
842
1718
361
992
250
493
753
7584
426
449
897
1912
978
1181
363
1270
934
1015
687
4486
1089
329
316
2998
641
321
891
4988
619
468
846
399
542
797
997
1640
2821
931
344
839
660
785
404
796
1018
6992
258
1955
784
1591
498
285
1000
658
729
699
407
820
801
1425
4105
3094
420
744
1247
1794
316
352
1184
445
714
1407
794
3262
793
1660
824
1087
932
1204
1791
925
2637
4252
804
637
189
389
1891
1385
17396
9763
794
2818
463
1464
5909
4358
293
440
540
1355
427
291
396
534
264
158
424
416
640
4731
508
854
385
1077
565
880
12253
401
867
1630
744
763
360
3031
1206
355
12663
614
1862
1079
535
655
2088
4460
496
548
1990
1002
897
224
1792
10384
2530
853
391
598
9132
402
4301
1975
624
966
371
319
1203
370
956
930
1035
487
267
1061
1343
742
2852
1780
5674
3343
708
2767
533
1956
250
595
2103
2467
438
455
1956
1638
372
1113
746
4123
724
2756
1168
890
645
704
744
5965
7538
1705
725
1153
1793
3548
1012
886
894
466
9781
407
260
870
828
2797
658
2376
319
688
549
971
468
2162
666
478
410
9679
1760
198
440
1165
284
2662
1321
1122
1103
3010
1232
696
888
694
1268
153
561
1716
530
1215
645
852
740
1243
663
591
3720
1521
824
734
989
740
713
3445
486
3157
1086
885
1595
564
1355
514
687
1168
810
421
336
696
890
951
844
8501
721
1309
4646
889
1140
427
5929
585
766
779
5807
827
2052
690
4121
280
693
607
944
628
619
1120
1071
735
357
1079
920
2007
2188
677
671
1076
317
536
4071
6084
1970
571
1210
847
4770
868
756
881
630
683
464
786
1122
311
901
1176
1776
852
1015
843
938
1013
1873
1228
963
899
1064
588
669
4222
599
918
181
1267
1095
918
394
557
972
452
914
9950
868
966
793
434
275
818
620
4525
490
971
511
745
175
288
620
746
1037
505
325
1147
668
701
787
1359
713
3186
344
359
971
424
482
677
500
1220
7512
5030
683
466
2109
1181
914
615
269
1387
1193
379
472
8735
1074
751
1890
698
739
336
1358
1522
4284
581
626
352
945
3171
1286
4502
3676
1682
3084
1166
2934
961
426
756
585
1466
4472
867
564
1471
216
310
452
269
2627
6573
874
453
5731
665
1007
894
1089
8958
350
863
553
162
850
6440
8535
351
2760
618
397
556
873
2928
707
694
638
4323
719
529
283
593
537
543
563
1337
1792
569
5368
3637
844
2899
1328
7314
715
306
1309
3570
574
1050
656
595
650
549
2743
2513
600
955
947
784
992
901
392
3406
686
302
3108
1042
1070
253
734
522
962
351
778
884
6832
334
390
3125
1238
645
344
474
1037
709
5041
4731
1247
2818
890
2663
720
485
1505
574
2056
1240
772
635
1494
426
1071
1045
888
3658
3249
2538
340
827
15984
2542
636
557
225
265
583
551
650
1799
1207
1071
4020
4006
5047
441
1894
876
1445
15954
905
671
369
843
815
7558
1165
4961
727
315
688
767
432
752
384
1007
471
1160
1136
530
5498
684
497
3965
1352
159
1020
825
781
12381
788
258
772
700
804
716
721
985
1218
922
933
360
4151
9145
2638
674
1116
525
319
3050
540
941
