797
233
604
4033
921
5656
2396
1067
871
2725
738
3747
538
1464
1041
582
675
971
5379
1051
602
780
826
3801
810
698
478
868
660
453
351
624
7679
1001
323
540
518
3210
826
6278
1061
994
4849
2600
217
1256
1009
413
2785
954
969
587
527
282
769
1101
1907
2274
378
778
755
573
465
2729
876
914
813
422
460
2511
693
2035
997
888
588
622
2144
405
715
6412
3759
458
1007
1167
1292
1635
779
6593
961
697
605
505
3374
2005
656
968
1085
248
776
656
736
1041
3031
344
5603
580
2304
6187
3974
841
4350
734
1484
340
460
554
1245
1123
5955
5163
868
913
494
932
965
919
748
4063
1023
414
344
1176
898
1756
826
445
742
331
1067
1045
755
3272
359
1230
902
1352
828
914
488
11079
5249
395
1279
377
1380
482
595
1047
962
688
1147
585
3353
1147
808
637
520
1520
443
603
1518
5063
1221
332
2625
528
2312
10062
768
687
1078
1515
427
319
409
4064
1223
1245
467
948
647
390
857
477
750
526
300
1242
349
805
621
3540
883
1119
889
513
815
517
4621
4587
4131
16540
1059
785
3463
802
781
831
899
1960
4181
1105
2952
739
810
6385
1441
1157
2642
768
2380
875
6095
4395
458
1141
2654
678
2284
1079
4127
535
1184
856
718
753
644
1448
740
460
913
913
965
871
2159
867
707
315
1008
806
465
158
666
2366
1014
402
1597
1138
443
687
1271
863
1038
703
1198
425
933
248
3863
1644
6145
2107
453
1970
749
1190
3507
1067
1056
491
787
895
925
3112
1168
932
862
1146
456
754
979
3246
317
1139
912
820
712
868
846
5519
561
4361
956
515
618
917
1381
512
981
1143
1318
684
1550
1495
2149
2628
962
539
884
824
551
750
694
1754
1553
779
8067
658
1266
542
5022
3441
706
280
973
3044
752
930
715
1273
6493
3429
1431
528
1526
1166
5392
452
295
7513
1336
4528
1701
2719
743
269
3788
698
1102
604
516
884
646
1058
1072
686
974
685
4261
902
725
7719
2301
1081
550
984
4571
925
5407
8351
2659
473
6855
4821
940
3146
794
750
436
1164
1393
303
4240
5908
628
501
487
757
929
1165
974
1966
968
3058
1469
751
764
1228
294
2749
757
3931
860
921
1395
1625
306
3224
3705
237
474
601
4463
622
4167
721
1031
906
679
427
342
748
869
984
3153
645
1275
1303
949
952
1412
1405
1406
7180
1019
825
927
941
613
904
931
338
1049
4017
1134
182
1147
5301
832
607
3586
3040
723
531
1258
1075
9130
4616
634
301
699
671
486
372
1728
2210
349
2267
109
442
764
509
477
446
8635
448
1095
889
950
910
415
511
1113
666
1262
1064
1102
783
354
6848
2444
3773
4860
2753
377
11515
1115
1587
1047
722
3791
675
795
201
1303
1158
1121
1321
1437
5976
679
287
1533
694
898
1034
850
281
1191
429
1415
453
530
1403
1151
849
1051
1369
225
843
1217
609
1692
279
457
1442
752
3792
842
1728
1247
1425
598
506
773
402
650
997
564
891
1320
464
380
750
810
471
492
1050
536
5275
745
1478
4296
821
582
835
2092
482
6296
492
281
1313
494
283
3224
821
1372
1190
885
11709
1756
655
1997
9058
1849
413
902
915
1025
414
1094
4389
859
939
748
313
10497
1447
665
170
481
762
1070
713
592
661
782
805
1517
1069
1048
1748
782
957
375
7325
1759
625
703
874
1032
1921
1290
474
482
4470
782
5860
880
907
3011
544
1070
540
1032
1792
762
734
1395
1090
982
6706
2487
765
289
535
425
1312
322
1215
1102
729
703
675
583
820
542
246
729
475
2784
851
23966
3072
542
1038
4391
834
7168
425
3670
3162
941
4065
462
1019
2003
4420
645
623
598
944
342
492
1706
1685
857
814
578
888
649
758
5341
7970
1061
674
403
900
568
339
398
1100
235
682
329
471
872
773
702
344
1256
795
1011
458
394
1805
349
931
620
1271
1157
2035
339
1463
502
574
6073
411
807
333
954
4219
580
7554
526
818
530
1003
1145
635
701
386
2430
643
309
1262
873
652
742
4260
343
1012
1325
5770
1329
962
840
363
4578
965
2108
3817
924
1541
377
2343
523
394
6624
953
485
931
6025
524
287
995
1063
981
909
417
611
1362
3688
662
1679
5257
834
429
429
10547
1114
807
758
363
508
4627
278
844
440
693
813
563
371
1159
1016
11804
322
178
538
1148
1058
5537
853
382
480
3287
2442
876
833
155
877
934
320
1185
1494
14864
1362
4877
1027
1325
3726
3280
943
685
832
1185
1091
645
903
878
618
717
4740
328
1247
485
1283
197
556
927
1292
1063
855
2640
685
864
927
534
866
2148
1596
668
911
869
399
3840
961
218
848
1823
756
2052
514
1405
867
4934
1466
507
820
758
223
3128
484
272
2227
722
1178
2547
514
4123
4825
618
463
908
446
4761
764
3043
1509
12459
1553
1788
801
1303
1193
589
4098
1758
579
9634
926
706
2438
788
798
852
700
1110
1131
323
666
5940
2793
825
3103
379
726
211
692
655
135
7366
1775
617
389
827
398
5431
694
6009
941
477
220
378
884
791
312
757
792
881
7009
3369
886
936
759
3806
274
1010
7556
1653
433
776
405
4175
502
742
463
424
689
139
1654
2912
750
1072
2490
1128
1231
694
868
3845
825
933
624
656
408
968
869
488
667
768
405
1946
1223
2564
17986
1041
943
1019
795
687
693
3368
4260
1044
326
770
418
918
815
967
5284
518
643
663
759
430
2836
926
567
5083
1020
885
668
776
1047
993
183
652
3615
1963
902
414
3799
1045
1511
2847
716
785
644
3864
490
1147
3070
974
2178
1457
1317
892
701
693
1306
740
332
4659
914
296
322
282
629
970
415
9126
1062
423
582
837
927
1095
4689
1154
6369
336
206
351
689
458
1674
901
1250
726
689
629
4127
10274
1513
1244
341
771
1623
1083
735
263
897
567
3052
1220
1292
327
800
743
906
1298
3126
2471
408
1095
6171
1721
2586
5365
639
201
671
6298
1000
1186
1502
209
648
5527
260
1466
9674
195
732
643
7409
1019
389
611
1178
670
341
687
1001
783
611
276
3745
611
3174
323
451
802
3794
392
239
997
3616
477
452
481
811
363
498
1028
1545
3202
975
534
3075
1448
2488
1296
844
495
3815
730
183
1080
481
1954
965
2318
629
526
1291
658
213
3733
877
308
742
509
2781
317
10084
859
592
417
714
372
738
337
2022
984
3930
478
3121
483
743
8130
385
5884
666
646
546
1186
519
393
1703
937
1206
790
499
7504
4058
303
482
3044
508
8741
1405
345
610
6419
766
691
407
2224
337
861
864
954
638
887
571
768
703
4695
1237
794
3861
1943
3381
1058
2589
486
824
1130
1009
3760
1010
876
3579
210
568
341
2207
865
488
672
1225
887
471
334
2067
7779
1909
1545
327
722
268
302
742
5656
710
530
992
434
690
1211
535
721
938
1647
4562
2605
497
891
399
728
2934
992
1668
1227
895
1376
709
209
540
729
1306
727
558
1044
892
6425
4867
526
829
6316
673
9947
4099
2896
331
902
643
925
839
2521
773
527
538
566
1224
920
3425
1075
4128
585
438
708
454
223
781
551
449
3012
2342
3257
761
1062
4815
471
392
6722
4266
350
1561
2552
1048
540
352
604
492
724
1228
718
301
502
4831
384
968
1299
4044
778
1060
2733
985
664
919
893
1064
688
907
789
981
761
555
441
528
1179
748
800
1340
997
3841
595
1000
895
900
2294
674
726
13581
729
673
502
701
804
935
359
529
510
1039
636
548
980
568
1468
674
1313
2625
840
675
2901
967
494
1069
2931
207
978
1953
378
306
1107
1248
3248
687
577
1097
918
900
1121
6586
1008
1330
247
767
7563
890
324
3096
479
1282
587
542
972
1270
1825
930
3372
956
7116
1137
875
1148
1237
2339
4841
578
6245
394
1892
971
863
1296
1276
5068
814
1138
1479
327
608
323
239
672
821
1202
406
735
395
755
522
1083
925
827
898
533
678
1740
1840
1258
583
628
569
1262
402
810
6631
4140
717
605
792
336
1426
572
571
6375
3263
1888
3259
397
443
535
1120
611
684
967
4737
882
829
699
1879
1081
493
416
547
1275
7583
209
924
4213
4457
575
1030
988
942
410
407
1262
1051
1089
208
774
1470
238
3443
1419
976
1005
18209
4821
867
1782
861
1138
651
809
1417
1186
2079
158
424
1334
4145
541
881
3448
580
4669
1583
380
642
1105
730
448
578
8712
1033
726
713
1425
1409
964
806
2527
593
785
1871
2707
398
437
548
1160
770
4874
524
2342
956
1314
257
964
416
1049
1394
2863
420
383
752
885
847
1102
900
976
7211
745
183
1926
302
746
731
1987
547
1035
1039
927
572
361
791
511
1519
1259
3365
1318
8700
1458
896
428
2452
1180
1341
746
577
2584
513
517
11341
1071
657
469
298
974
514
1959
359
2681
3854
1172
570
494
4128
1093
1094
399
736
603
1552
989
481
928
389
874
770
403
427
776
410
640
271
490
995
1259
4345
6704
2678
5317
721
1723
505
615
471
325
1028
1477
1177
6432
799
264
1036
680
4239
1184
657
695
988
563
434
555
684
1150
950
714
720
472
574
393
417
1151
1309
3458
501
1071
411
641
1105
1308
2788
161
217
5841
788
5803
932
3435
885
285
1645
890
999
738
945
566
492
583
577
3787
3900
8858
9695
3415
7089
1244
13288
2665
1190
793
270
485
585
1355
826
614
250
5258
318
514
886
1766
3012
2634
675
811
2711
998
820
2328
519
953
928
5968
203
988
406
1055
329
1032
4901
473
901
559
750
619
2403
2300
698
669
939
1366
449
522
586
1061
914
8635
486
822
972
4409
462
2748
779
620
4534
5070
402
225
427
404
1205
1630
1162
800
1157
8400
1718
1061
1038
11057
634
301
1169
1789
449
817
1086
263
763
465
401
791
830
774
299
1239
545
439
614
799
3348
1979
1289
911
8781
470
575
550
2845
9961
642
2248
9518
637
6588
267
310
445
897
1625
839
944
515
1049
1041
660
762
2143
490
1316
4483
873
557
4503
697
1219
439
490
1032
648
7662
963
629
959
4321
336
626
1740
2178
875
600
826
600
453
550
4036
408
4973
813
1138
576
4003
1813
1251
476
1146
1101
2395
652
221
468
2822
5420
2984
850
636
9579
1354
9068
1586
1035
947
630
1587
1979
500
457
337
704
851
237
4261
667
1406
1116
650
8030
1288
3778
5945
871
4251
1841
2253
789
1111
996
523
802
436
6336
335
917
783
564
3379
953
2195
1457
1199
3822
561
927
510
327
3913
399
336
1686
504
248
634
483
783
525
6984
1453
3648
1476
920
250
1946
729
210
12070
901
508
5426
2096
1019
344
1282
2444
1444
793
305
3297
808
382
449
619
776
6388
603
1903
2380
1188
12365
2002
875
7389
2906
3332
872
340
497
383
584
955
400
500
1059
644
1444
7611
819
979
984
771
638
805
472
851
963
281
407
889
553
1803
444
1094
627
6470
2736
614
872
691
767
681
796
679
639
684
539
472
1496
1035
3777
325
790
820
1308
1990
7381
3637
801
725
509
951
168
2266
390
678
5527
759
606
1863
5843
1505
874
684
4338
3323
679
1071
1179
6472
668
174
459
583
5656
484
870
3884
1011
229
1178
4046
619
1410
164
712
1182
674
3076
939
1416
896
2677
3150
6552
409
465
328
370
698
4658
3896
589
573
6519
568
10494
201
899
2646
1592
6111
1008
1855
453
6414
1213
671
1085
314
345
1112
1054
1071
2688
5736
807
4245
2357
671
3750
817
745
2193
843
691
2141
750
6661
679
258
908
503
937
7599
1318
1250
853
950
1126
1302
901
981
1516
403
497
688
909
616
832
442
2627
359
1009
669
1231
367
1031
649
2239
302
542
1051
347
1053
1114
796
317
13121
1124
673
940
1112
772
2900
640
764
1420
486
871
426
4745
1544
1100
2305
836
516
186
1178
553
983
652
3265
6020
5971
1789
1342
675
461
899
847
3154
342
565
510
146
1689
2237
338
545
3336
1850
2173
3739
6634
1089
3761
12367
2182
7454
3137
4295
5039
1074
963
1295
572
469
673
929
538
1276
418
741
1387
783
570
238
379
4214
700
573
621
804
1144
837
873
565
3341
5578
1659
3249
571
843
4419
6087
461
719
6434
995
3662
2231
573
1839
6550
1339
2635
872
2085
2019
676
551
759
631
1226
762
615
893
1182
779
797
497
1075
288
449
1226
772
382
2045
1136
986
8091
287
3320
713
866
623
248
765
1110
925
1058
1150
1359
540
1129
693
2687
1015
690
1004
629
593
1221
450
508
998
539
1352
565
260
714
1050
3121
731
4400
4894
1315
199
7019
595
1405
845
850
277
710
912
351
9973
817
2820
932
2208
947
722
9973
984
619
995
1214
549
630
827
1642
808
631
7046
826
3113
207
810
392
1049
1035
7589
1840
362
1076
481
3718
1052
943
682
620
630
596
682
336
1217
614
749
3660
2519
566
563
871
372
1138
592
944
852
9040
1595
350
1297
3035
1196
676
623
582
908
1071
943
474
3254
632
866
454
889
2263
907
780
463
559
627
479
396
684
2433
5499
672
300
425
615
1126
407
2921
884
438
1198
4888
1335
1023
678
1836
1260
535
463
781
810
4479
422
527
432
592
725
528
734
6346
556
425
1162
920
1066
573
2171
1459
440
8330
1482
5350
157
4043
6799
6686
783
1257
1162
3199
141
2147
650
3413
449
605
630
1386
5570
537
3277
774
630
434
862
6705
454
444
4615
3247
766
5785
700
1119
1102
384
970
836
671
960
1241
8218
431
1005
729
1410
620
520
1101
494
4394
2093
2546
4872
266
3831
1355
4411
776
3744
1769
3557
487
814
269
271
536
2440
1279
713
3279
659
8008
1035
175
1296
823
537
6381
658
407
1194
763
1032
4306
9286
779
472
582
909
1155
969
400
1165
716
766
2421
363
662
672
3794
10385
751
897
4317
698
992
516
3786
787
484
2844
868
974
8165
1112
656
958
405
354
723
1128
15098
256
2205
752
4636
735
591
2733
1534
685
984
2695
944
966
779
1120
714
879
877
439
8068
1236
718
630
399
671
301
628
1871
836
930
1062
461
913
750
2418
231
496
686
1553
1177
815
5620
775
775
871
493
3454
569
3494
5372
1345
897
2019
1769
618
425
302
924
1055
505
4278
8770
519
408
588
953
915
320
679
932
941
618
705
734
1827
1285
423
787
2846
902
886
7389
724
264
249
6614
680
804
2961
2471
3707
576
2489
559
1007
1480
597
877
1113
958
834
3093
396
605
420
345
949
294
918
700
1564
10985
1592
741
1120
582
487
696
1946
233
5218
1214
683
4491
705
1693
178
528
512
4286
4566
781
1215
737
2835
5394
821
480
784
504
516
591
1419
515
1045
1611
686
3880
786
3188
734
969
855
1196
503
907
796
608
822
658
2111
1520
923
630
733
791
2555
360
663
306
1067
455
564
1060
1405
999
3669
3659
5007
250
1152
817
399
974
692
762
1076
805
2343
621
604
6573
3256
716
1005
766
912
615
7133
9640
1618
829
1983
2166
847
1346
423
2310
899
591
1062
471
335
518
256
1106
769
942
645
804
1012
920
573
360
939
3464
3668
7355
4467
616
855
350
1061
762
1780
456
937
2802
894
989
418
697
1163
543
5247
1032
344
126
810
928
629
1046
1138
2633
554
581
886
676
764
1909
891
585
6364
668
1968
1383
2632
544
348
9129
253
6433
1666
2706
431
476
235
492
5839
1684
7992
2757
1082
766
4038
718
2357
289
529
662
452
1013
861
350
1164
652
408
427
657
3119
958
951
814
4166
250
1740
789
676
581
2208
855
598
541
2152
758
679
3483
1006
732
3847
776
599
3452
534
9266
531
8973
7552
997
8462
1218
909
472
824
591
585
1363
684
985
4833
921
501
856
517
911
1157
636
1018
852
390
1077
7539
519
606
958
912
340
871
628
4425
3723
317
3189
558
446
1858
614
801
394
727
9691
213
1002
639
1406
1884
3692
486
708
1677
1033
775
7371
554
890
670
267
706
9889
5325
1587
291
1059
6891
2445
1569
1061
220
1049
728
900
385
2454
902
3909
208
804
468
1081
650
4662
730
4163
312
660
433
625
1724
698
1121
797
1128
625
7409
492
2531
654
549
949
743
436
696
517
922
337
1692
3206
3235
926
419
1998
336
802
614
443
721
774
423
723
688
603
378
713
1799
528
1068
1858
498
1437
412
3046
295
887
592
1296
18638
1258
2890
542
417
4086
1077
571
1377
938
689
3712
425
5673
866
1252
576
3128
787
16373
4544
537
413
5014
775
3505
774
844
2282
609
770
1112
402
836
1490
523
1107
3459
1084
889
220
3175
1155
707
308
1833
5342
1650
2599
330
1524
904
660
597
843
535
1029
694
1460
4619
1253
2312
3903
6632
1019
235
4827
443
985
803
865
844
860
15754
767
866
1426
420
873
588
863
469
284
673
1255
1729
856
792
1725
206
578
1083
573
1001
501
2885
5657
428
672
454
2555
2599
3989
556
464
299
738
1099
374
6271
472
1031
1447
818
650
4957
3392
920
620
288
524
3073
693
428
556
883
975
2155
3847
11092
955
4424
563
299
240
885
881
1057
514
437
407
9139
2444
1956
756
587
474
1454
2180
572
650
6286
772
1865
687
784
744
730
1813
3545
1694
566
923
1141
203
852
622
200
945
2883
2469
5853
173
958
6687
2438
506
4963
594
1889
1666
728
637
1918
732
7645
541
542
9719
11132
1160
610
943
361
803
467
1123
961
297
1365
3157
703
658
7997
1420
2967
454
1067
852
582
1146
5379
689
979
4015
802
438
3803
1038
1187
1972
6088
860
983
805
2621
687
792
1062
611
684
932
3557
440
911
745
467
3476
3373
741
3572
416
308
461
4305
1837
486
392
4203
311
2113
1361
802
1645
878
666
614
1554
948
582
772
829
1804
736
1025
579
675
4853
996
978
1863
499
1543
1183
628
693
1687
11111
2255
1062
296
305
572
5253
402
475
773
805
1484
6639
400
525
1187
632
421
911
2254
814
732
370
690
3542
5203
454
686
514
1160
307
1382
416
394
893
4402
623
281
658
703
7971
854
2120
754
687
1008
1239
952
2631
811
1015
3219
666
849
962
944
512
503
716
785
691
979
1044
1713
671
564
705
403
695
2241
404
521
2081
492
777
9025
1272
628
1290
245
504
2730
3326
475
789
889
658
1199
1100
330
559
3166
4360
963
2569
546
942
350
1019
821
863
4514
562
1086
238
644
228
2293
1046
793
884
518
1205
2619
630
4919
787
4590
4075
3953
1318
1189
1182
504
864
1839
3468
277
5549
1017
1057
7552
7093
321
4812
518
1164
3089
534
725
176
2579
605
528
325
964
2965
806
18023
8021
1511
579
1582
1084
816
623
666
5372
6404
778
771
684
725
785
765
1129
1117
3455
1007
481
333
678
1328
606
830
6746
534
3239
862
434
447
4811
753
365
654
4429
842
332
336
1146
622
757
1010
1250
915
1251
681
422
721
954
2248
614
1171
247
7176
1184
3881
239
974
838
758
539
237
681
8318
6746
610
1210
645
1571
22604
759
833
907
1156
4712
1565
441
1220
963
2528
413
1011
8824
1250
6442
725
6417
1768
1377
1164
772
581
583
467
638
1066
855
4316
825
443
5346
577
425
925
2546
305
963
772
455
4038
338
12151
314
382
676
5359
381
1528
260
973
426
616
923
1187
632
585
8359
640
1243
799
822
512
942
3634
3525
480
868
1370
955
2684
606
1556
723
3644
1455
572
352
685
762
1152
353
17790
209
1161
1355
1573
2041
5409
3336
401
772
803
3192
4169
460
623
1132
390
1044
4598
996
767
908
1031
617
2348
547
779
495
1993
2610
560
474
438
461
535
682
1615
661
1445
444
1142
3159
807
2918
1063
6525
664
482
634
8559
648
806
980
470
1144
989
1586
1346
330
3994
592
1115
806
644
1269
1090
548
252
4183
1159
2951
833
2944
677
1229
547
677
550
3002
448
1061
627
839
410
518
456
359
890
457
563
1106
1142
6751
2997
592
1935
748
1889
4821
449
1003
453
1063
2089
18515
2092
6955
196
1934
290
7915
751
379
549
663
690
1255
620
2565
708
1165
337
495
4744
556
607
3846
15932
1090
661
1571
496
713
467
920
409
1038
917
196
512
2603
796
922
1091
524
2290
3641
3040
1790
527
563
340
346
822
1774
987
916
798
763
637
993
3484
939
753
586
6390
520
368
940
512
1496
3221
1779
519
739
678
355
871
952
383
990
985
781
1034
544
475
1195
2183
387
761
780
335
627
1490
910
844
351
2346
1022
640
2250
474
1432
2287
893
584
990
688
682
796
615
1271
564
1026
3748
783
3116
1165
193
543
2831
4651
3786
911
641
633
1899
412
721
3406
2867
458
748
1041
566
526
1219
728
763
1163
1268
456
533
660
3677
470
944
1074
283
691
217
1289
756
1874
581
761
538
3743
2209
5299
459
1537
903
545
603
1305
774
7641
481
2709
530
1241
1766
4140
5835
599
1212
2764
3296
787
602
676
1730
453
231
2417
783
1353
785
723
986
950
357
4770
702
857
1319
235
597
564
1109
532
644
844
977
543
1512
1622
279
5364
340
689
1096
1108
733
420
804
278
919
5561
556
352
861
471
760
5189
738
1267
5105
1062
424
717
1874
956
507
3992
636
338
428
9957
369
1069
509
722
293
660
1075
1419
366
542
685
505
489
1234
822
1616
1103
1156
561
1089
2114
1122
1023
720
1625
817
1774
5404
966
841
339
9043
2304
547
679
922
2492
757
346
814
1168
585
619
753
1002
386
1062
23836
579
848
557
2462
643
729
725
5097
695
3606
705
1189
719
925
594
1532
403
566
651
1136
3509
1029
706
561
637
768
1770
1115
425
562
853
4306
421
3398
3603
1136
443
359
7372
11203
416
750
371
392
1096
1669
1107
5297
778
1148
1709
1161
789
650
2838
875
983
326
187
603
2582
2535
1496
236
1649
643
5230
814
1315
852
1010
658
1300
413
711
274
779
761
1189
878
1295
8834
702
565
762
534
1246
5728
664
527
2694
1098
445
382
990
1043
750
1025
1133
7400
9361
6783
867
6996
426
847
289
730
2610
539
1020
4524
994
1137
5127
354
341
10912
1528
861
1278
345
846
332
1377
1479
558
439
859
416
756
503
548
1377
456
1035
443
376
638
532
772
804
252
1030
3049
949
4620
3783
487
3034
1885
1453
3146
367
1359
432
1131
497
1190
5854
102
895
719
800
5397
1163
629
850
9423
364
4065
1248
584
1085
708
3053
1025
868
424
970
3209
363
856
334
572
2655
778
1465
560
831
688
713
1316
602
549
842
1021
1196
807
3676
456
860
2520
4491
320
569
537
1347
4513
1113
1120
1108
1324
636
1368
685
613
7408
842
801
1037
3268
964
1001
872
1237
2822
1105
477
517
1013
1272
1283
1018
829
3422
433
743
787
442
539
547
1159
574
537
394
3868
703
2409
1983
985
725
887
7215
706
1554
616
5062
868
13165
885
994
518
767
676
323
1148
760
502
816
972
7251
835
522
1554
669
674
1744
1048
407
1734
770
489
853
747
499
1794
881
707
878
1098
768
580
1328
1898
231
815
4452
519
1374
574
2798
1193
3758
622
594
819
1017
765
875
2930
959
355
903
724
765
1361
702
323
1223
644
528
2839
853
785
836
988
1098
728
1126
1755
435
2831
7154
2792
613
273
816
642
973
615
284
7635
14179
6940
1691
654
939
2677
3655
3565
635
1745
3106
3144
809
899
572
849
439
616
434
230
3036
784
1832
490
399
936
3251
703
814
671
610
1257
6781
783
666
706
382
2711
766
1270
1536
2042
439
567
1082
2861
3990
826
3558
1124
1045
462
2977
1037
535
796
618
595
5030
386
462
155
463
4188
2709
361
820
1343
744
506
2247
575
905
1823
5939
619
10153
1036
699
712
892
712
481
697
1028
396
797
344
1139
860
595
556
838
1253
1073
10347
5930
4627
7822
334
1232
4452
389
407
2123
1717
557
13563
558
790
508
513
4383
914
685
1193
751
1044
3560
537
962
498
699
920
545
781
1540
1187
1046
2592
557
369
458
1023
1135
681
3538
910
8527
520
432
1006
780
486
1195
851
288
819
6342
890
854
3233
2426
1628
7579
491
1109
387
1870
828
596
1288
704
1404
4235
1950
1292
1416
632
2858
895
433
3961
555
986
677
549
581
2480
275
467
3167
570
1354
3183
796
8674
880
448
312
1435
654
1176
5337
356
1049
611
806
542
976
17500
661
1420
4331
9814
894
1110
719
696
682
1018
2076
858
6145
2663
612
903
1558
5871
1576
1111
733
754
817
635
3325
1956
226
631
1080
2456
1089
339
1125
526
3537
719
5975
180
460
686
1093
497
633
965
776
552
1416
1530
372
1955
799
954
1038
3989
837
563
1308
723
1004
5326
1577
412
276
664
955
4239
2426
713
1918
421
1120
653
2890
638
282
1511
807
707
403
7652
1649
1089
419
1091
2250
1605
2527
1385
889
744
2137
1171
448
326
1181
273
964
3443
7390
960
534
15666
752
406
387
829
1978
878
529
2258
1127
799
3080
317
980
390
626
887
6112
999
853
949
568
473
4364
537
4533
1804
847
529
1293
840
904
4521
561
5036
2872
565
2436
621
1155
617
1033
925
3411
1048
562
389
953
2769
854
1570
2444
8841
2285
364
1599
1133
3687
122
1163
2145
680
1594
479
1168
4831
1080
1023
341
488
962
639
1378
3921
548
665
801
2667
347
673
788
262
1001
5379
701
326
612
2391
931
1822
482
4721
1112
774
492
914
1811
810
639
5165
2989
1107
1079
656
4220
666
5385
943
4731
1621
4145
8428
950
272
7249
963
7264
621
3711
1082
469
649
674
1947
1398
799
353
3880
919
653
1563
1276
2556
1255
1024
945
1847
2100
445
895
579
1301
593
613
977
379
1105
5812
755
7378
260
537
1404
5657
1097
647
1479
754
7525
816
1132
850
487
8103
346
708
5156
246
424
622
481
213
3220
460
1034
649
180
707
823
1804
343
535
668
1741
621
2870
749
459
1177
622
808
478
1380
3624
692
8783
670
479
526
990
672
1194
610
522
782
1548
768
724
595
2949
1188
1116
4476
665
917
754
936
3235
1905
754
1082
1705
724
251
1880
1152
862
443
459
631
921
780
1226
3440
6790
365
431
524
4821
464
6016
5604
585
1050
6934
505
985
1240
2776
922
558
467
503
1197
946
572
767
4730
306
1020
882
3102
1001
641
698
924
619
599
4485
4887
839
5383
490
3222
1000
1020
895
4097
714
993
662
307
660
796
359
1934
750
308
1290
6203
3555
985
940
422
2916
2644
1670
5542
657
832
882
2943
362
836
398
675
494
878
883
1180
924
964
841
774
933
765
648
588
4339
791
2353
1153
1035
773
1014
3097
835
639
727
494
650
697
1114
3738
411
2009
744
3434
449
663
2660
522
1865
4566
548
631
1009
2573
368
9468
688
1542
1131
3332
7953
561
1166
636
670
525
1020
857
660
328
1542
1819
612
259
332
223
1047
947
2925
7238
651
1315
1826
793
931
454
439
760
649
7582
1251
3463
7615
919
1323
3886
645
1391
943
592
317
484
778
505
674
621
566
380
744
5837
927
702
814
379
785
1170
2790
935
3857
13005
513
770
544
619
258
5788
866
356
453
8419
248
626
628
679
669
1285
606
2836
7260
2013
1913
957
2038
539
420
473
442
1008
811
1125
976
316
434
816
1008
1785
1071
655
4942
1034
3401
7613
940
1167
2487
584
1136
715
664
698
1143
278
9702
706
970
3173
742
475
1613
2688
1034
1343
583
8043
288
1083
2730
883
1541
1726
697
327
838
951
215
573
803
206
1372
207
337
5334
282
971
1896
1006
1356
6088
1092
179
733
360
864
748
655
710
807
714
599
10104
958
3547
438
2158
180
381
8425
285
263
162
3842
856
926
632
558
608
1017
890
3616
889
1005
890
2879
505
798
753
993
821
3319
6363
608
5682
493
4491
334
235
1780
1459
382
806
1162
4672
1286
1171
418
614
930
1112
823
1977
3620
907
719
4394
3439
3739
1429
909
202
992
472
805
640
4837
3731
258
1186
1218
2372
802
1030
450
973
3801
658
672
587
356
587
2179
5980
736
2523
488
456
673
1679
412
1328
5194
11795
703
186
1454
1171
1149
4269
3796
4557
1351
428
979
3610
863
283
734
325
6102
2395
10474
736
722
954
719
678
972
4693
867
269
2121
873
455
935
4033
884
8772
1308
868
797
558
2357
1924
584
293
329
1339
1011
1879
1530
705
1085
845
2071
1109
1337
1298
374
1716
453
1827
1243
962
712
1466
533
452
1349
6112
822
556
512
788
462
10356
650
327
1425
1076
471
1418
836
1311
869
818
650
5891
7764
569
728
576
508
617
936
3246
1395
324
710
637
1066
2815
818
2964
3171
458
1189
712
373
6353
417
195
988
551
949
408
838
6322
604
577
881
1061
1903
234
838
878
483
17448
442
751
1547
1142
3165
1061
1351
962
296
881
408
380
511
7907
889
592
8920
1562
8969
5468
4135
4962
6646
538
429
656
379
792
346
12450
3165
723
1656
2050
242
4402
534
333
290
942
350
1139
9303
1281
10604
961
345
758
199
6849
640
600
6557
2690
1119
4152
940
4165
1002
503
282
360
465
617
728
1305
495
1799
2377
1730
1253
152
740
9926
364
520
4146
550
740
919
1997
1329
3128
733
663
402
1254
244
4434
223
3296
1225
510
278
499
668
7048
2527
4695
217
811
596
1311
447
993
349
2628
976
340
3843
3867
1156
603
1589
653
410
460
648
625
555
513
1212
1121
422
4308
753
855
642
2785
770
531
559
3088
1061
485
2623
1074
826
3145
7090
8845
1089
485
1299
567
10724
1734
3210
2404
646
681
707
2661
959
892
989
366
1220
818
1103
4601
472
1303
1383
2601
946
5511
398
309
842
3309
685
3155
473
2660
638
313
309
984
2759
2306
978
666
2657
1620
559
507
3336
785
1156
1003
2148
2031
759
749
504
690
5939
693
1079
1085
451
331
446
1165
660
924
371
350
778
358
1281
3570
802
746
2696
3237
855
869
933
413
7495
575
575
553
447
660
2937
1360
713
862
310
1150
340
500
6660
997
2288
562
423
2508
212
236
1006
429
1237
1179
674
1169
860
1049
443
261
347
272
568
173
809
1121
718
1652
554
653
490
1938
818
374
506
695
693
1231
991
263
540
2189
458
1570
1003
586
889
1564
436
916
3845
299
407
533
1147
300
3849
783
634
893
4646
447
991
385
1198
1362
7507
1521
262
377
992
5848
547
3137
538
8189
951
697
878
335
614
1205
3713
873
147
524
2154
409
791
754
558
608
6090
1067
12810
805
493
669
119
377
1268
10812
2178
2000
406
503
369
2145
837
1041
3240
439
670
1300
8270
680
1025
469
1193
1053
862
3023
10956
728
787
704
585
427
585
1939
970
738
1731
1032
989
324
528
864
894
828
1267
896
456
702
1155
629
6106
609
582
658
460
699
1536
11276
430
4823
638
6803
1292
682
1054
2261
874
630
891
480
786
150
889
1938
845
1312
428
550
1083
2204
388
831
1595
1115
727
955
1382
1059
2688
1072
5173
6614
733
229
626
811
733
563
4258
3603
605
870
2560
1484
641
659
3748
840
4706
1122
674
1402
3408
260
631
497
2009
1314
614
3602
904
889
600
505
1316
456
439
891
637
2224
690
1478
1105
1037
377
821
559
980
731
4862
1109
779
645
8402
839
1056
688
7672
703
551
1088
969
322
774
1130
1243
296
446
458
584
673
243
508
509
898
1316
727
711
8708
550
6063
559
300
711
2204
278
1283
3451
2917
8328
942
776
374
871
5833
7138
1009
775
1850
734
854
1522
299
1118
3027
453
727
705
609
607
930
556
9578
3114
8816
3610
991
546
1137
1987
1308
427
1901
5653
1791
1514
428
801
634
602
884
645
596
723
868
2591
1466
924
9007
514
410
4111
520
1062
1015
398
991
1710
1911
750
2331
878
574
421
1170
571
4593
899
10209
3295
1445
892
662
987
4292
12207
883
10171
753
3111
990
1044
2369
1143
347
2054
411
321
875
386
2256
7031
294
1150
5377
490
1056
738
5374
6430
272
1108
738
872
1016
1088
1031
587
8917
855
1097
1958
1069
941
702
677
5416
6675
928
586
551
323
3138
610
549
2485
3774
739
714
308
7704
1672
2108
1783
6389
2009
6676
1113
1825
461
2727
769
923
819
320
665
1189
1613
515
779
723
7797
1684
1710
690
884
899
862
652
465
2733
567
1957
564
8313
834
2670
1011
7308
497
6836
1657
366
2949
1507
798
5529
1063
764
1681
1100
962
403
410
1001
688
3385
307
4415
1064
2845
997
390
952
4681
1178
1131
1214
1043
2149
671
1244
430
4098
621
981
908
1044
1423
4144
798
921
1145
5701
736
2031
1024
486
1232
829
750
475
505
1202
698
660
13877
1176
2318
490
776
473
676
1048
2155
334
1855
689
336
531
7238
427
650
1651
767
859
300
1058
514
451
3158
650
648
616
576
971
1132
857
1053
398
737
1266
857
1959
1040
1923
1412
436
1129
1310
723
697
766
557
699
1092
635
434
760
608
1451
621
1016
341
252
3909
392
2923
1203
637
1036
530
2761
2398
567
1190
4409
347
366
790
374
1356
8604
723
330
6581
1523
1243
658
7071
1072
4299
3071
1191
553
1626
2287
795
8198
744
479
579
752
3563
1278
440
637
3671
829
999
711
538
1042
622
3692
1110
987
1144
473
1772
678
1262
869
1993
978
452
778
634
1267
621
2514
837
13275
378
816
850
11384
465
425
721
5387
1076
601
1693
1807
1028
1040
2429
1046
487
1210
325
940
10159
3241
450
614
845
7392
6016
372
1380
399
9574
348
271
1447
2287
1810
8167
862
1081
641
746
1231
517
750
773
756
850
648
4329
1176
283
983
363
419
793
695
3105
421
9200
606
12131
449
743
525
280
460
298
898
4298
4925
9645
747
4167
315
765
2444
956
10615
836
475
1594
638
840
683
458
837
6916
621
932
8206
4008
3473
775
950
1011
493
1114
293
1596
1405
816
249
686
555
3810
1508
962
527
507
879
19110
3744
1576
4383
331
8654
544
779
4233
5177
5036
902
706
4791
4023
815
727
1178
592
7151
10003
6625
4100
3758
684
468
562
719
384
6693
503
651
420
996
9304
4851
6395
957
603
812
5250
720
211
515
469
1864
876
559
301
5490
1789
4254
1527
1317
871
788
425
721
606
3471
1352
853
1676
2027
208
849
1156
2605
379
593
5521
6131
1403
664
881
3836
897
615
1173
1884
844
1221
669
1133
755
795
508
408
682
2887
3520
1031
8276
1585
668
986
1041
258
1347
3663
192
768
603
868
9815
671
375
804
795
463
3217
497
4213
4639
740
2769
652
3496
1023
947
3563
1237
649
224
3750
749
985
489
569
492
696
301
561
1175
771
421
1199
2356
1016
680
1295
881
514
730
1136
2206
276
1123
523
5668
834
1366
2332
971
1166
1402
1303
1059
1049
625
1538
1004
762
1563
928
284
3590
2360
339
1040
1061
494
593
766
371
7093
418
458
883
914
976
602
1107
4924
1372
834
772
11388
173
225
483
942
512
4550
7316
681
752
1006
3626
1237
463
629
6053
951
520
1956
838
275
897
584
887
384
552
594
718
2523
907
1787
1122
6049
683
834
5515
840
675
5042
2444
594
888
742
2703
155
474
2789
313
1426
829
2243
1882
302
3109
3109
1004
383
2802
1543
517
882
935
965
2795
4009
12756
938
748
13304
482
230
8955
720
682
573
563
737
908
685
513
2035
12184
1123
15173
678
2944
783
2484
322
1278
1866
939
885
647
1165
3066
612
3482
1821
1189
1222
418
578
949
353
2177
3362
392
1237
334
4091
783
994
745
335
697
1421
1519
779
7362
1377
5328
382
1395
790
686
7964
374
242
791
849
1341
617
1513
972
1510
676
619
1122
1255
2581
431
6334
944
2763
1080
429
631
4249
778
1844
526
794
508
1038
214
905
873
3717
664
577
3105
838
729
546
1364
1277
2326
354
2484
11449
2940
849
367
1045
1057
1184
827
8829
381
268
880
1571
962
842
912
8579
1478
561
768
963
860
3102
2953
614
769
310
2642
1679
467
907
3523
662
161
874
1001
3270
951
789
7040
1769
222
904
527
378
1036
1151
2038
280
839
1104
796
4722
415
319
865
714
395
728
852
2601
265
810
1702
527
611
840
1172
1396
907
357
6672
1058
1112
365
1386
2901
8616
707
2115
4788
1584
855
744
481
803
3288
928
1459
5975
2631
839
1019
755
10710
1805
693
1160
524
1322
935
3107
442
322
612
637
2676
1635
2848
477
1155
650
3288
817
371
669
750
583
867
475
642
793
5338
1774
501
4472
521
3342
980
654
4217
861
736
298
4364
410
1125
736
442
793
778
494
820
736
762
822
859
1120
1938
1751
1816
445
900
2053
1067
6347
1217
379
308
542
2109
4499
5691
670
658
3117
531
879
2164
4670
928
745
891
4094
705
541
852
360
607
567
1591
814
408
2072
7643
798
883
1166
3045
5498
845
8124
3508
9183
420
866
639
1153
2790
1447
9326
411
415
516
376
875
623
1542
3389
670
2190
1077
13567
1019
351
674
4096
1150
1377
572
974
4040
575
1386
895
197
278
449
730
432
734
924
934
3989
2656
2686
341
1444
1336
666
873
3297
716
306
464
769
883
492
383
814
641
1004
610
687
902
1888
1185
619
788
1246
780
968
1119
4325
562
3026
1771
576
1578
752
352
929
763
959
7181
10592
240
1533
875
533
1135
832
3432
1172
627
1055
1696
578
2601
1490
359
780
795
358
4562
362
861
578
4714
744
1009
736
1056
789
1962
854
408
1250
2011
934
612
269
3174
1042
352
998
575
1011
480
642
744
396
647
248
536
2457
981
641
764
823
956
848
2464
888
727
912
837
3917
881
469
363
683
2188
2802
4100
893
1213
604
777
232
557
608
2005
401
179
1197
6616
322
4647
707
905
1223
1905
487
418
457
6996
911
1379
545
1192
2625
7405
635
730
799
919
462
987
404
712
769
5199
1846
537
1222
832
1552
499
7395
366
869
7076
967
1081
5951
3334
368
4010
491
458
11028
931
1919
633
402
654
907
5577
2826
2190
559
985
7194
1062
3778
3926
1004
1417
1052
2707
925
626
1501
1279
433
593
2102
811
4556
631
304
1205
1277
3485
3968
2053
3760
1183
940
592
464
1031
1150
1666
2039
884
1481
645
1019
605
1415
678
2266
1251
755
809
2065
2344
1310
493
462
577
1576
1084
839
562
624
936
950
1291
5634
751
402
1157
353
539
293
858
456
830
650
812
402
537
736
1442
886
846
757
1288
830
909
1187
4381
1190
1683
604
932
411
1609
591
563
1764
626
1685
948
258
4285
979
379
540
7374
2913
1257
978
487
567
1161
725
486
624
812
984
983
2182
639
728
2410
1381
1005
187
1845
1476
678
3001
651
797
707
4812
796
9784
691
6397
1037
5489
1052
410
882
3287
1835
630
2851
681
9521
3345
492
223
1087
973
611
4009
8478
1445
9197
373
793
683
1234
1713
8348
3924
521
514
581
492
652
6207
1032
1137
855
918
1031
4759
3744
995
2223
565
3621
619
494
591
593
386
1069
1771
1047
1135
2207
1366
953
3750
2258
734
960
712
545
628
1058
4343
1058
1011
638
4018
254
929
11634
990
862
1630
1169
1623
5335
1406
602
912
1813
2994
752
1276
1189
2867
1650
605
288
487
860
1344
857
824
688
677
1905
918
1023
604
1039
466
761
676
735
2399
397
960
990
672
324
858
3367
819
212
229
1822
4501
936
808
1077
5882
999
784
607
325
989
870
679
1945
4438
5049
958
2438
718
791
659
838
364
840
759
1011
864
400
812
1044
1303
352
543
824
1188
3991
928
500
1110
3192
919
916
268
503
836
1143
702
7528
7483
388
1184
574
824
980
997
935
823
876
398
1161
466
291
3115
706
502
838
1307
613
324
446
494
1277
522
1669
661
2432
367
727
1102
778
1379
359
2463
669
1517
1216
1327
4940
935
1162
536
934
906
2546
931
4420
705
628
1179
399
2258
709
553
600
9377
533
476
462
1245
14172
361
912
516
563
805
3496
1021
887
1524
900
419
622
702
3216
1429
1067
1048
478
819
427
998
1427
570
469
1237
1099
256
1000
826
463
369
1023
990
1473
846
627
757
422
925
573
1797
268
7748
1926
533
911
393
5253
819
997
9092
742
642
1911
878
266
303
835
2921
2087
567
932
641
298
8655
751
769
716
589
589
3089
660
1178
1394
730
580
218
3325
1767
1028
827
1503
376
1167
3654
969
269
2508
921
959
1001
1299
991
3637
925
1611
687
807
1057
16439
694
358
754
4471
1335
1303
672
2883
667
851
1685
6679
574
2135
1637
807
822
526
369
2852
1245
451
1343
554
342
9218
363
687
439
1984
345
12099
3560
7015
959
878
1157
1062
2329
5257
807
841
668
733
986
3926
858
384
321
985
1745
434
2200
690
902
208
1248
2306
430
907
2850
587
957
1176
638
924
549
3070
3453
188
9135
399
2041
787
1475
867
1720
3276
679
9053
820
884
383
4868
831
650
654
1216
934
1444
430
4854
550
397
719
6464
555
831
2288
673
548
681
1275
2270
996
1476
609
649
1024
271
739
909
708
4233
387
680
898
2388
1378
643
605
462
461
508
730
3430
8209
3051
5165
1509
920
208
3411
465
8094
1213
1221
465
878
1373
561
976
996
667
4299
6420
810
2019
4922
2935
775
295
250
933
1000
3294
5042
635
755
1145
4069
847
618
2265
817
652
825
297
1270
342
771
1012
1774
865
3462
529
519
6532
1198
1518
840
997
2905
4509
717
932
924
2138
3569
334
798
401
2320
5045
6458
1038
963
10314
1255
3584
483
4219
931
719
1066
402
471
312
1068
1484
930
468
453
6875
7382
602
1380
5305
565
682
900
914
1244
1313
662
418
460
657
470
1271
200
1065
284
430
3259
474
332
1363
3270
652
2503
348
708
2735
5454
471
239
767
381
816
608
3618
469
552
997
1133
1594
1054
1358
309
988
6965
689
10320
755
1627
537
682
962
491
1077
1945
305
432
1029
681
647
3079
460
916
347
175
609
872
494
578
4117
770
387
750
2387
666
2665
2527
584
667
979
740
727
598
890
1603
456
486
662
745
5174
526
1350
13646
690
2747
624
1559
4645
416
1884
451
6238
768
786
4149
4430
602
1248
929
1346
938
1515
827
5094
314
829
841
3437
1017
1288
805
458
246
5268
396
1809
7780
2280
257
2086
936
817
756
829
1182
837
1279
680
673
321
620
613
2423
206
1283
626
6784
3421
318
445
1007
639
1183
873
6262
1255
351
1524
1176
1093
804
978
350
399
1433
533
1704
318
832
970
1337
427
3948
378
374
731
699
301
11361
2956
855
814
276
537
369
846
507
554
746
337
834
753
3514
1996
2072
4400
3714
823
1681
1523
722
600
583
3502
578
920
1724
1026
6453
1145
1427
979
6484
5664
736
1108
6779
375
772
9158
741
794
591
1992
825
525
468
2968
750
1443
667
2036
446
374
2826
444
3167
12204
356
710
666
723
312
596
552
3360
1124
1300
1393
901
1437
3178
594
678
673
386
873
1045
1340
1209
377
4255
3897
956
12059
807
246
1038
976
2416
4931
2176
642
1481
688
6097
875
2473
870
201
429
497
4529
542
1682
1191
2802
880
1035
484
165
539
722
587
751
650
1478
889
568
793
484
546
1198
1212
884
3401
539
6939
515
1129
6993
310
955
391
400
605
1089
1720
613
439
1036
1182
368
4134
4126
606
1347
803
415
814
610
708
6329
558
1699
624
683
1107
1084
530
466
616
699
461
616
4240
1476
1047
333
5678
606
5202
1034
493
590
4905
6369
2869
327
1767
728
886
771
457
1548
723
836
391
713
950
562
809
375
953
1027
1125
628
9757
4120
865
676
1029
315
3659
8012
698
917
1525
2378
3548
6378
511
235
1905
2616
598
745
897
257
9388
790
630
3579
741
731
264
488
3134
4497
1545
2105
6866
912
859
11568
624
917
666
7221
2034
841
737
710
939
4480
11947
838
560
1026
6676
1332
1440
1293
1433
580
945
1034
280
10893
556
841
7450
1036
404
689
648
688
803
955
1204
484
520
8284
4735
594
2910
937
1226
2887
621
631
2227
449
711
2243
304
607
633
245
4249
876
372
756
429
5421
657
3050
861
648
787
1459
774
2347
2992
979
282
585
637
7257
9954
217
7044
1219
824
415
654
2076
884
5893
893
1014
1074
2522
447
724
4112
1834
10750
659
7375
947
433
726
866
922
916
843
4980
1167
658
806
2213
807
1333
1049
2367
1171
718
1288
1137
6561
3490
819
715
3266
791
1127
498
734
1068
1176
555
981
1220
1033
1365
919
978
632
1133
827
1286
4544
12144
1394
947
827
733
1344
1093
906
536
596
201
641
603
718
1401
2005
686
468
966
702
2735
1087
3631
449
2254
3390
743
3586
600
519
4064
542
575
864
946
1111
432
2579
681
766
2403
724
933
862
618
3161
3351
4780
271
3512
860
635
710
737
5427
10028
2353
1439
1050
2447
188
471
1328
586
1033
1209
2051
1779
1160
1275
615
1300
1331
791
463
743
738
1220
895
4066
1217
574
905
3630
1076
729
1024
3442
270
1410
1056
837
706
945
10703
843
7177
982
788
751
505
563
790
592
236
698
2891
708
492
432
1426
1177
318
1871
485
1011
1465
935
565
752
769
393
744
531
1169
461
506
2140
990
2411
1031
561
5851
459
3316
850
1012
1085
3328
7782
1348
1075
610
668
976
647
2524
919
4290
963
750
1114
8359
633
1757
534
3713
2163
398
5190
317
763
379
725
503
969
4720
397
1078
884
837
245
13575
745
6444
880
649
332
473
4172
601
833
463
625
1182
1020
975
6675
339
613
3236
4889
1130
1282
1227
2251
484
2732
1055
1154
2069
890
995
529
703
1883
556
356
548
1213
560
514
1092
845
4373
819
824
829
643
702
1580
1241
723
984
740
6264
1248
920
888
1437
982
227
877
6765
1347
2012
365
673
463
874
1084
775
414
620
697
734
641
313
620
881
196
1203
557
896
3116
958
1782
943
1057
3502
1143
964
1391
2439
452
475
5306
5021
919
1017
439
323
1004
11455
487
669
6546
925
622
962
848
6972
4942
2004
7696
333
952
592
955
486
1303
666
1070
926
213
996
2427
710
969
2393
4496
407
5988
8759
683
594
770
1234
338
1066
351
691
4428
1422
370
969
2297
1079
611
2609
822
556
704
512
790
2144
563
744
13775
645
890
473
293
1303
205
2043
6549
1224
2254
723
254
1027
869
8112
496
2672
292
1071
509
478
16223
863
810
993
1036
1125
1264
587
1485
926
837
1031
349
1024
646
561
1975
935
566
680
6591
656
652
581
448
652
2642
793
715
278
824
7325
242
1637
1204
704
618
957
1034
1500
439
4404
573
712
639
930
709
605
3032
3707
879
5559
1180
869
987
6754
821
3022
1660
595
402
757
926
739
909
987
1454
1229
1510
648
1001
969
1008
1352
419
681
493
595
710
302
1478
228
1131
5924
1730
635
585
838
2187
221
1542
3273
845
625
2315
3078
704
3301
1790
3223
2741
3664
6513
919
934
807
232
3486
895
1998
305
897
235
11325
249
3197
810
2114
354
1256
796
747
613
699
1132
405
1591
1020
892
1119
696
388
835
1087
1481
915
612
285
369
1551
3877
1187
1073
699
6667
3423
429
609
671
1101
3380
4304
2946
596
5054
2113
230
857
941
576
584
1564
3052
12037
412
1123
2402
2203
290
1010
981
827
476
732
1268
4173
1123
4338
593
11760
973
336
1233
253
2657
1851
4070
866
485
1286
1087
1147
866
745
764
1217
461
595
4536
2656
6767
1249
953
1156
3275
703
1034
1005
5820
662
642
2682
2201
4467
445
1090
1667
714
580
304
775
450
834
3959
4236
6244
342
2381
822
3509
1078
763
757
395
853
509
1049
3580
687
1166
958
808
12253
216
4727
6012
571
1233
1206
160
985
4678
1029
1154
693
2218
3895
3493
1194
785
1275
1151
3272
1262
1122
735
4763
213
12598
896
907
1317
870
1895
818
344
3229
541
951
3275
1292
709
459
1133
877
675
710
743
877
633
1344
884
10446
1695
823
2646
1024
917
1761
1867
3051
1040
812
535
1370
745
573
1037
631
641
705
5444
921
1157
814
3485
1841
620
772
565
1828
3206
1024
519
671
528
14652
1496
1823
3652
550
4189
752
877
6640
2679
890
2499
703
1104
871
1202
569
714
695
12564
1786
5951
4611
1015
2201
869
344
767
3222
810
891
1201
1193
2700
1334
5612
925
228
216
571
1403
1134
1102
597
547
335
1110
463
1283
541
730
4156
5788
1236
2077
2368
512
737
4604
634
818
479
638
1508
382
1251
670
467
231
943
547
358
7270
264
1012
439
978
540
517
763
1940
404
5420
3217
433
749
7474
321
4497
781
1035
1544
1830
1449
341
1066
2134
727
1285
1123
545
3355
657
828
746
767
898
816
2829
459
306
996
309
520
849
1386
682
1613
528
3580
634
704
644
835
497
830
1335
3130
4966
772
474
1846
2210
1876
11980
566
9044
12157
5298
2491
348
610
514
1282
922
761
848
1324
1088
933
677
482
1043
2662
908
860
443
3474
344
567
1070
371
548
787
665
592
1030
1577
386
1104
724
4244
10040
13361
990
507
182
1000
2260
555
1238
792
808
603
476
416
496
826
1093
6441
4595
2633
317
7889
621
662
3969
1561
413
5921
404
1652
966
2564
499
694
663
413
858
5661
862
823
491
1041
945
6372
284
1209
1722
1153
675
456
670
616
611
294
981
1788
645
270
649
2934
1987
485
529
753
2072
562
931
286
544
528
1778
1001
5303
1207
1102
1808
901
2859
4337
8221
735
394
1082
406
1498
982
602
8152
264
261
720
407
498
879
1209
1668
595
940
463
805
3675
920
508
2631
2548
1174
2039
1091
956
1388
1265
2493
673
793
280
689
784
1045
787
699
905
615
1468
230
690
956
887
1206
653
427
1179
2171
1521
791
3327
1356
1652
494
604
289
957
2091
576
721
224
438
1053
1213
1597
1227
3597
523
633
4008
539
7275
432
824
6081
769
559
1261
588
4124
729
796
993
486
565
15032
668
2862
851
552
19077
1746
650
782
1004
674
4206
6282
1402
1016
560
713
1200
618
289
2857
1339
909
464
2562
2222
3099
367
3255
357
1386
2962
635
715
629
5522
351
230
600
160
4271
740
674
246
912
5698
1314
1040
720
1075
298
326
1478
777
1063
738
1039
816
760
472
467
5469
506
1794
259
542
794
380
245
9700
3020
864
973
1622
739
641
9055
962
887
1223
520
635
841
7990
332
1217
826
816
3059
4430
754
639
4264
931
539
2098
499
10197
1721
2023
207
762
383
1036
655
1412
553
833
1398
1114
2647
2315
2048
1279
1048
1603
800
648
667
530
3837
463
298
1446
523
952
527
873
649
1228
897
533
1133
866
877
547
692
623
782
962
626
828
1224
1058
764
3887
544
3111
698
794
349
1206
335
6390
841
469
695
544
4962
8649
695
910
620
689
1292
867
1855
4891
577
389
678
684
4432
559
676
387
729
10675
377
1107
1111
446
781
563
1205
694
3581
1362
731
340
6627
4405
2880
1319
1503
1032
1856
828
785
8369
3529
669
2029
331
3943
892
624
808
13577
481
3364
547
2779
880
6784
722
295
785
393
355
2001
663
279
2759
569
784
1273
4603
1511
1097
547
4909
3674
795
1098
750
2045
925
1653
3828
948
487
792
571
645
486
436
917
1016
541
578
3778
1122
573
599
782
1123
1338
9221
2442
395
712
818
1599
410
569
761
583
544
1028
989
650
1117
407
766
5548
786
637
9335
868
4812
687
804
847
827
3726
9725
746
10583
1073
1152
430
1816
897
2150
1077
1120
794
298
384
936
3434
5536
598
846
1013
761
6111
569
502
1443
4879
236
492
1090
2327
634
5689
926
426
387
878
1799
590
358
702
3207
1879
753
343
796
4850
898
4914
558
1173
629
378
3436
826
458
641
737
648
1040
202
432
822
358
939
6054
891
1514
7489
1149
921
621
851
1046
1079
2064
337
316
417
621
493
9165
1383
3819
1212
7077
2081
710
1343
374
1123
800
2120
1031
648
884
4451
686
1849
3628
465
829
629
802
512
1124
1059
6169
1171
1263
1658
570
717
1030
241
944
5388
328
672
3928
1134
465
387
292
732
406
817
723
588
226
480
825
1193
761
2131
8340
1490
1245
466
462
5221
672
988
1123
787
2507
1562
3396
1192
8517
602
400
777
725
662
937
1319
1518
819
802
697
355
742
1164
872
905
5921
1464
4364
552
1085
726
402
1772
1038
835
1527
836
1050
1275
391
2193
361
382
1719
963
292
461
1128
657
1435
1121
597
1017
8075
470
839
784
646
749
1382
7053
2360
564
3856
553
352
1495
1270
776
388
2418
1351
1153
622
1960
8419
713
3682
750
1014
10452
352
477
449
643
2109
645
964
1383
485
170
1240
711
2262
1215
973
981
663
774
5757
989
396
808
2167
4097
631
1866
660
467
3273
2155
895
9015
6060
1391
661
927
772
1765
4298
1447
839
994
8624
1066
6455
201
502
1398
2238
251
461
1795
777
819
1114
315
497
878
