481
746
387
531
662
1395
946
1372
766
1655
724
640
982
674
708
849
761
1430
767
739
1119
4407
1003
526
2474
833
3297
1205
7213
609
1789
1092
508
942
1182
608
6947
2101
1267
695
1080
366
914
833
9463
529
1853
902
846
2094
486
283
371
6652
1327
555
379
790
6790
1051
687
618
562
967
506
813
1043
4601
840
3496
785
6851
729
423
657
437
6878
1926
802
10249
780
777
776
8064
4432
5510
825
479
1449
1120
864
282
1367
6482
786
1305
3542
426
1073
1241
3144
1063
793
1301
1679
729
560
1078
4261
739
1093
489
423
3447
832
937
6214
471
1091
3508
4614
1103
997
938
388
793
803
480
681
182
1098
995
900
545
886
785
2134
516
3749
620
903
1076
436
703
618
720
1212
5211
1418
1474
537
994
1163
1275
1632
713
2300
1034
15000
240
1134
1083
623
381
1513
743
565
794
568
6754
714
1153
470
1356
748
4576
521
8882
441
325
735
1475
761
673
921
1292
555
1033
9322
4878
942
1003
1563
996
12613
801
560
1971
768
4922
534
570
495
1051
228
740
1875
308
1141
4178
670
478
4422
1282
680
2231
1202
493
1360
671
1185
1222
1397
917
1305
384
990
1417
14975
1017
958
1202
306
305
1235
2850
336
1243
940
1653
1695
865
674
735
8196
619
1224
1887
579
1651
679
8816
736
3942
2430
714
1267
968
7043
1026
1902
608
1058
831
986
346
902
1145
1058
4997
1414
3750
395
755
1021
1459
918
2399
308
1675
766
1337
926
1045
2595
6432
2364
868
326
673
981
8210
766
730
1391
4653
4530
376
1078
4428
1093
4616
805
863
2358
629
853
4994
5136
500
372
706
6079
972
1525
3154
903
1326
862
850
4660
384
4782
1055
962
7480
4354
914
4123
578
3253
5147
4293
501
638
1622
1016
507
282
1027
8721
1690
754
693
15508
1463
763
1250
6048
466
1308
1651
1296
872
473
1154
516
187
857
9308
371
475
532
841
6541
657
506
2057
1119
879
2494
938
2575
1421
14306
348
501
1624
7881
9115
354
740
614
1843
5908
557
6332
1025
1252
376
1294
319
1451
627
9575
579
8644
1886
368
710
1127
1408
445
554
4509
185
1247
866
3563
684
1348
784
7411
2426
2457
931
312
330
720
920
3156
728
921
2041
388
11731
3341
792
864
1561
403
642
4569
475
5232
2348
1093
669
308
625
1025
829
624
437
2257
599
356
1069
504
3983
13289
285
1117
8208
813
1091
1595
1159
613
1205
467
4120
403
680
1893
984
12233
4702
516
735
541
5924
1385
752
1326
1122
221
1198
684
993
730
4889
3797
511
2977
6423
732
353
1159
803
808
956
997
877
2425
7865
2381
1175
1633
1140
699
1242
500
868
1411
819
737
1096
527
2273
3507
788
443
2540
2164
6516
1526
2367
838
579
812
336
1073
1100
688
1221
449
1043
991
895
794
748
652
1107
420
1379
931
1248
2749
4958
2617
602
1256
1842
1718
494
3357
393
1533
487
2116
712
297
863
3702
2436
2353
557
303
447
1022
2787
1162
418
1573
4049
620
1041
365
491
740
1124
1706
1437
5604
833
257
877
452
454
2845
4654
594
517
905
7225
666
706
458
1135
406
682
414
618
3722
1606
1082
386
1103
554
368
2071
600
3035
390
373
300
10192
6796
2267
540
1975
801
1142
710
429
1024
1068
7393
726
450
694
717
908
970
704
11861
4629
1021
935
835
715
459
386
902
565
1294
1765
673
321
9673
598
387
919
2219
297
1388
1071
1159
787
654
1661
355
14985
431
759
1134
1157
1017
529
675
327
623
493
837
5515
1213
761
2035
989
1086
946
2700
992
543
11502
572
14136
970
3246
1933
1005
920
873
1311
1905
776
6609
748
805
623
1156
4492
8641
810
5938
778
2092
1229
770
645
377
1587
3042
5816
680
472
170
713
474
675
1221
3241
992
408
1389
1046
1973
971
8923
433
316
1698
6014
1491
1691
1549
3941
3535
6140
4963
786
3343
984
1120
777
14111
1356
3693
9759
565
2235
634
608
446
612
1185
884
3235
1020
1452
513
747
521
831
743
997
3125
848
869
1198
2133
615
2609
613
224
730
4905
510
2971
655
256
2458
1987
608
884
2180
644
721
782
737
349
836
2181
3676
821
333
1468
880
1354
901
679
895
804
558
994
1536
1069
1315
677
1346
17272
988
1027
948
1217
3382
323
317
1180
622
7698
2058
7433
4824
385
748
676
215
821
8494
810
1132
1427
11410
1215
1004
906
575
508
425
6702
776
625
556
957
1083
399
915
2572
1678
1082
12557
1025
805
4637
3162
1070
1089
2191
751
987
3494
1724
476
921
1128
264
1016
1111
1114
4725
2771
4472
874
6380
870
1196
12806
6032
838
792
2513
6974
1484
383
483
1360
232
7205
1132
584
738
689
1018
703
950
633
586
4957
778
817
717
791
340
3517
2538
2856
447
1055
250
833
564
486
1948
2215
1765
1206
931
8667
1564
571
848
1148
189
318
1697
3352
430
512
1041
1559
1093
467
1025
771
21998
976
1156
948
728
2899
1435
1616
596
1452
1201
3723
740
1033
630
1070
2678
1194
598
878
1032
991
768
1095
6732
486
1042
12138
1910
1669
1937
558
3633
370
238
935
456
214
4563
4477
839
288
1254
692
526
573
8624
1003
748
1210
830
2020
3285
406
1549
1385
1017
843
1194
6078
878
3658
2434
553
870
1085
1721
397
3088
4402
814
1223
743
996
5843
948
638
927
5463
250
960
434
301
1129
1034
493
1224
484
814
2280
558
445
1097
863
273
791
655
239
966
4615
2864
8186
7317
329
562
554
8558
425
411
1349
925
7524
556
315
8793
743
1431
1161
1392
6749
501
731
6847
3925
1946
1140
2822
4001
1234
1412
714
1125
937
1197
736
1994
552
922
1109
905
920
1347
6763
1004
709
6065
953
546
484
518
578
3711
3336
684
932
277
1486
1219
2938
332
3901
1968
431
900
813
276
1346
811
8006
4450
1077
2147
4291
733
755
1202
1040
1085
620
1020
725
710
467
636
1524
712
1655
418
1648
858
1978
1267
887
7563
534
588
849
988
816
2635
1014
444
619
1033
632
2023
1158
4881
1315
679
715
1142
1550
2053
688
8039
6790
464
564
347
564
685
1416
592
1011
6053
815
576
976
847
4478
725
370
1026
1291
372
7155
679
562
557
3752
369
2068
461
873
641
643
640
4863
9281
4660
896
2294
633
762
2431
679
737
913
1533
1378
343
650
752
6732
653
589
1040
1191
11497
899
488
1095
909
258
863
794
795
844
1203
499
11773
1174
1030
469
1051
1315
755
1298
895
900
697
1429
2103
847
3616
317
658
3058
1955
317
17909
727
8220
563
3560
1021
301
534
5558
760
399
1109
951
943
417
941
486
871
7540
926
8659
530
1370
1383
526
1448
1040
2211
1100
643
1302
370
1843
244
851
4598
1010
695
1013
10403
3974
1048
1055
608
667
4163
1279
737
825
1395
543
1507
937
5902
916
1033
3620
5132
807
3946
415
309
1125
3743
274
720
327
661
891
2438
355
6138
3196
746
2529
1726
1823
514
1345
6366
252
467
854
237
3960
849
741
196
1198
2906
1115
2607
1062
1581
7372
5853
1325
531
13635
11854
566
606
3974
541
315
726
440
6259
496
559
870
1007
540
3644
1058
1614
2732
5877
932
4866
839
8906
8582
428
7172
606
781
2540
438
384
907
3634
1030
949
1041
668
891
415
300
1975
928
1113
434
3092
802
824
688
1464
802
2416
990
637
444
663
2898
650
1133
718
348
3663
422
793
837
608
596
7248
795
610
956
845
381
5570
1298
1371
2308
2900
1076
486
982
1199
910
1284
2408
906
325
6213
352
3683
750
736
610
9603
931
491
1038
276
904
358
2524
1125
996
413
671
6920
667
809
935
1143
6582
797
1021
1735
1464
705
867
1939
958
3874
702
1078
743
997
650
697
605
382
379
890
643
10934
815
1492
728
589
4693
488
571
389
973
1127
831
743
479
818
711
855
463
574
508
871
632
611
792
1159
724
742
528
754
5928
886
1071
2075
1164
774
536
1324
1332
1220
882
993
506
644
730
957
836
1251
3927
1017
758
613
343
1216
663
1084
961
1457
610
540
510
754
1044
554
975
375
652
1272
434
910
647
963
5034
414
3589
2201
718
680
622
9003
1606
350
1087
669
3015
1243
457
4901
1243
1407
672
6412
6867
1555
806
550
1094
650
801
1032
512
1043
1899
6286
404
916
1204
803
1517
793
867
620
1701
584
896
427
884
1230
1383
1465
978
8339
1269
1434
1574
946
1048
924
1167
1192
4615
1015
2518
484
3757
680
3863
3269
2253
925
563
808
1285
423
619
1091
1463
1385
489
598
744
379
943
918
1223
4596
699
453
5305
236
6651
818
1399
511
584
714
940
6322
4759
8499
7831
268
1328
602
698
8064
714
2886
388
389
879
2100
740
2481
1203
7952
320
389
1325
965
1516
1123
374
940
1831
6056
980
210
402
4715
253
4546
769
845
1407
2970
1010
1495
1172
975
1116
463
569
850
1645
4846
337
345
1238
3417
348
1031
908
620
628
682
867
858
1362
777
4423
1403
589
1084
457
424
1285
755
955
888
885
12134
4533
804
865
741
3897
685
1047
1488
336
395
742
720
5589
363
507
421
921
1095
3305
498
1092
2124
5367
722
667
1141
903
1694
2026
1020
498
560
291
1457
1199
4483
715
1297
626
168
567
4831
1332
789
1182
1450
1224
881
306
342
12168
948
5807
746
570
1176
1356
742
266
384
1541
991
1409
1161
3732
1075
3644
1666
2956
3195
609
1356
919
852
1012
2514
512
807
497
5155
944
2267
1023
1793
818
588
1809
503
616
426
346
1803
636
1388
619
3499
644
748
2268
8814
1098
439
822
482
2828
1287
1039
4760
1738
1480
663
228
170
1307
1992
644
3075
770
1131
233
5333
1647
558
1089
558
1258
935
6436
421
498
581
2137
425
811
874
1059
688
1532
1063
1344
1423
448
9697
749
4186
1816
408
1737
3010
917
507
912
997
1165
1210
767
454
8116
616
2656
1323
1006
5371
718
4737
439
1059
971
750
734
632
439
504
310
1395
844
488
887
620
870
2270
693
3165
996
963
1113
1053
346
6923
2356
2552
806
1066
1207
1229
1548
5553
1190
581
995
4638
2972
741
726
5743
597
692
3751
842
845
1595
741
1009
617
1340
3108
4114
12537
249
353
1679
353
913
745
699
970
1029
4708
2319
653
2126
806
3125
2928
1738
1330
512
602
994
1062
4238
1638
2097
5240
1994
1133
814
2761
1567
2084
1365
357
7387
737
1032
352
670
497
441
3928
266
1496
2314
966
1331
1300
1388
913
1046
539
16405
239
1397
649
483
2315
1338
265
981
449
1189
778
451
3862
1441
3975
858
3365
886
829
322
1388
806
610
327
857
494
1162
233
720
581
986
3603
432
2143
8036
929
7396
1053
512
2904
939
1106
453
945
417
2134
948
3175
531
586
1143
855
849
619
768
271
679
2610
756
1402
3132
7306
1079
7316
608
1196
1845
443
1481
1118
4283
996
823
1217
1904
921
821
1350
3091
963
17436
1265
2461
1807
3746
8378
967
475
567
889
1001
640
1066
5410
1490
533
833
2891
637
3309
987
1161
1090
620
9874
1085
2772
2784
908
370
599
4605
522
1463
508
1155
1262
923
1135
1137
8511
630
913
395
1509
1081
1198
1859
791
2128
1046
513
2923
702
1298
11915
930
710
3319
1027
1422
682
410
507
672
916
999
1553
731
409
383
1163
931
5377
2980
270
629
642
1296
1073
352
879
1065
353
688
5277
600
797
1452
4610
1433
823
10150
1109
272
7968
933
1232
1393
981
11467
1356
2676
1554
251
1259
4588
1116
625
4213
561
7332
838
864
599
922
1364
5950
1191
754
614
874
4518
9271
253
654
5887
2589
1137
2657
848
1287
5473
1178
829
574
1056
1118
1483
861
835
3666
605
1321
1507
927
5132
1657
1450
2365
1971
2991
722
6785
921
1934
850
1228
911
815
685
489
618
943
388
1355
747
2435
680
1393
565
868
900
1063
2906
223
436
862
1607
782
1258
890
417
802
2280
12375
916
3538
5279
1360
1159
6258
1130
4315
581
760
1401
718
481
3221
982
6417
1207
3375
908
3925
257
832
2165
5360
700
701
438
1346
651
872
1973
1001
900
513
3110
978
880
2256
3782
1861
831
956
852
1277
857
2671
418
629
3516
6156
505
601
1147
882
5226
2405
5203
3378
250
1415
264
717
1315
1105
390
3579
357
1759
838
367
584
4923
571
924
708
1146
538
631
560
715
1058
400
888
6570
3402
497
679
986
1009
919
198
2230
357
800
3910
770
950
1334
1013
322
5687
6526
794
452
1423
663
447
2264
703
998
822
581
1287
549
707
864
700
1160
2934
885
544
5270
5378
951
1713
1674
522
748
1401
1271
1637
885
1460
800
557
613
843
945
537
1205
1025
562
636
728
432
3880
503
6582
831
1025
1175
1040
681
710
1214
583
1110
558
2786
1224
493
183
546
683
1036
504
12194
565
7135
763
776
1362
1065
536
587
1220
1269
609
332
5335
642
488
4916
1269
1096
865
750
6352
9343
1095
9505
423
448
405
651
857
4660
4654
1010
9220
1312
991
1105
3933
670
1420
5361
1518
919
1705
6598
1084
1469
706
916
1022
314
325
1221
3069
578
668
426
899
8755
461
2058
2640
1066
1130
552
260
868
13603
2275
473
549
534
835
1061
627
772
1020
636
1018
1117
1167
4301
948
899
802
1490
4066
674
920
1324
312
854
958
959
806
5556
952
1020
444
950
1374
405
1410
1903
407
2515
1166
928
225
569
756
3584
2007
1313
3599
1649
834
2495
595
4024
900
5510
791
900
3007
678
990
1591
11849
3492
419
335
811
729
2033
453
3244
1399
1169
538
817
1105
3726
823
570
1815
3746
496
6064
1372
1025
602
3542
1050
1489
1292
5533
4382
1001
12342
972
611
299
203
684
1154
754
273
1852
1031
846
605
4170
1001
1127
451
937
671
692
605
501
1042
837
922
447
1000
454
1377
726
803
1133
288
1308
4361
621
810
888
474
9395
706
919
1282
3035
866
1114
1070
3030
933
714
1279
836
159
460
446
924
318
609
933
5114
1071
897
578
698
8441
689
782
5731
1198
3213
5221
2736
1530
423
1198
332
505
562
392
1061
831
1377
6969
848
4684
7576
701
447
2432
1294
423
513
648
14182
2556
457
440
1257
958
363
444
535
896
358
623
1193
963
1188
5231
1014
1608
2452
5104
4172
9029
695
335
671
727
619
1183
1181
2792
924
617
1011
994
1789
167
7174
950
366
813
595
1055
2641
5128
668
771
4886
1062
798
385
567
1004
4897
590
1397
386
622
1556
861
2447
1536
883
362
730
673
549
1030
542
1261
566
249
1189
855
961
1398
1050
818
5997
455
464
941
492
820
1289
1121
6752
1064
639
855
938
1564
513
483
545
1223
1024
644
771
1026
1109
2452
999
393
409
2269
567
1120
2237
722
1365
498
1516
1024
780
613
1086
303
584
9929
2185
8387
866
1148
589
422
1159
718
1058
1611
913
775
278
648
550
499
961
1994
1003
1814
1196
4987
640
926
1042
807
15125
584
1280
2295
843
1482
954
2755
1310
957
561
1652
1680
1327
10848
597
719
3030
651
1236
331
1612
603
507
2109
1003
1005
1242
1021
718
1305
495
1161
1106
1055
7340
692
3080
1128
1005
6293
2268
7292
1290
1046
2931
2623
295
1045
1063
1018
1103
978
543
898
905
4421
1590
7391
5100
492
910
2940
950
7131
874
769
678
546
2053
2955
657
548
783
792
870
1535
1047
1048
508
2658
888
690
961
545
7978
1448
768
906
810
2252
1000
5911
5814
2257
625
1214
6059
1024
744
4216
999
686
2282
1135
1282
1340
1407
370
1141
610
1025
628
303
1969
430
270
375
1001
850
667
1370
2715
308
1133
595
4037
465
2315
727
800
1452
1884
535
1655
797
1451
2401
2003
2219
996
538
795
412
1080
604
1257
1932
1669
1625
6590
1203
751
2861
2684
365
694
2177
801
435
477
967
955
2134
564
1257
779
3285
408
1387
514
1585
477
1211
682
692
3715
699
809
1270
697
1601
1030
436
870
1172
2062
947
1116
628
843
2491
599
717
1036
3397
1060
462
355
5753
612
696
544
790
1401
726
958
4121
2391
1110
1284
278
3303
2853
2019
2378
1987
5293
1233
711
761
676
626
3505
1331
1305
1660
786
1731
423
1071
3152
8204
688
1351
1238
1839
884
664
856
3477
342
1257
556
1098
1322
1053
1254
377
5262
371
457
529
259
9506
1071
542
850
274
216
845
6434
2457
2116
872
633
509
2083
726
1465
1117
1118
6506
1789
803
388
519
967
4376
1102
553
471
481
483
381
1290
993
5451
1169
1137
801
1042
862
990
508
366
1169
15665
1148
933
431
809
619
732
21630
19153
1089
535
4077
206
1429
2896
822
1084
607
460
184
814
2599
1509
1341
512
4503
5279
1162
782
2612
1066
676
1121
414
5350
637
1244
1140
2524
2003
5111
5435
616
1136
331
484
891
849
753
15127
1505
848
1118
894
1078
801
5364
772
694
337
6936
2128
1295
1549
1621
633
3890
984
851
709
754
546
543
963
215
8567
4304
1363
1108
1440
896
1080
691
587
569
535
796
5453
1220
679
1555
1124
8861
6094
1780
1202
665
6412
1514
3227
440
909
1709
1431
749
10775
849
723
235
606
1421
6706
995
1663
9220
1097
3436
5133
570
740
4738
855
600
694
629
912
636
6483
733
1718
735
495
1042
2936
2452
566
873
460
563
999
1119
524
788
609
679
1114
886
2055
965
1512
342
9659
496
822
881
708
829
895
7337
572
163
540
1437
615
1334
1208
8379
5406
1619
606
781
1704
439
885
819
1322
1178
1802
1035
705
425
2401
415
1485
610
756
1138
2633
1917
804
1143
927
343
342
851
1177
1165
443
588
803
1400
797
788
419
1124
3751
1047
922
727
320
1160
6451
690
4463
613
1206
732
1578
320
8582
414
11286
2759
434
392
1015
1625
339
589
835
1379
785
909
360
5172
1751
921
1069
1291
1126
1074
1464
1413
1531
802
639
635
1570
3370
1086
1042
987
423
834
774
827
2568
1327
520
502
1036
1992
374
1543
1221
945
696
3118
614
1644
943
625
947
607
430
1026
6015
5358
1715
650
315
1154
861
212
704
2810
362
628
2537
748
1237
672
5002
612
1287
556
305
863
1348
928
729
752
2459
8284
6359
1175
3475
1058
2700
801
432
653
2472
1015
10737
426
1314
995
654
624
960
3823
2357
670
997
591
668
555
1121
417
3248
830
589
1080
727
2811
1908
8948
308
625
887
529
927
2972
806
1028
1937
1164
3039
791
637
2325
1106
827
1385
1190
1217
4097
552
890
2900
768
659
175
6831
5067
9385
4261
835
5291
613
1025
833
1407
13881
870
3051
2428
7263
1729
3526
3468
596
557
986
705
1999
796
397
1144
2828
1112
2503
713
8083
902
1002
1357
1274
3597
4833
681
1497
1363
1586
1806
9973
1469
8964
552
588
954
2303
983
728
510
921
558
464
370
685
443
1010
733
881
315
784
921
583
852
2766
672
1290
9790
1173
656
5244
671
603
765
931
568
981
1156
269
625
253
327
1164
748
16614
755
1616
680
972
295
1036
426
4074
233
2515
1129
865
960
695
2348
426
1063
517
909
660
589
391
922
350
779
2142
1197
3836
1119
795
954
3553
2017
1046
1193
653
961
815
1513
808
557
4854
970
773
578
1932
2753
1033
654
1561
1299
755
949
16096
837
494
930
764
507
798
7561
4432
1361
761
1016
933
480
619
713
934
588
582
760
722
536
2585
448
810
528
1026
580
7538
399
908
876
468
800
873
1079
675
774
280
3105
236
614
483
478
3794
746
959
1776
435
1277
802
1052
2578
701
5124
601
2205
3146
743
780
824
477
4437
375
1180
926
2706
543
1549
1019
949
452
765
802
1289
2536
956
655
666
2951
575
658
782
2735
4642
432
795
2804
633
555
1033
6949
467
1207
936
946
550
7279
656
944
944
810
4757
703
3995
7734
1093
224
451
6472
975
601
769
1705
1121
3403
545
581
5630
16169
529
536
6602
7370
223
7085
1338
441
710
1183
4095
3825
1135
2120
1047
10116
10515
857
7366
4376
952
761
903
791
918
1017
709
1394
487
2392
442
3402
5530
637
901
12458
866
858
3488
1022
2856
1805
1945
4666
7612
542
954
2928
1574
2212
912
1277
505
371
2714
1074
955
939
539
999
2107
360
337
4393
4418
454
1467
3806
2669
486
1580
1668
1112
719
1239
1919
960
310
9250
1393
5366
1019
950
601
522
5794
559
890
647
714
2318
1642
477
503
1513
5031
7511
827
718
1637
1387
1196
813
935
892
502
586
1253
1167
443
1034
809
464
749
4296
1012
1012
290
396
740
761
691
950
985
986
7331
307
844
678
998
677
316
857
1071
789
945
1599
662
576
3944
668
459
195
6678
618
2053
546
634
287
1259
710
425
598
2053
804
228
9084
598
2901
1091
230
905
5739
1099
514
933
1227
708
1615
10973
1214
887
249
1959
689
611
896
8781
574
1771
1730
4833
427
879
3404
440
1065
727
1130
3961
683
771
1336
404
3274
860
916
4540
813
1150
1440
721
643
716
8065
710
721
564
911
847
6890
1059
459
610
935
1809
703
564
630
6987
849
868
995
1313
847
1088
915
236
475
1626
1407
4876
755
3608
1190
611
387
7580
3490
1492
733
910
738
3076
1433
1461
695
914
1090
1247
8277
1334
428
618
385
845
579
1119
260
649
807
819
1377
1086
1176
399
12293
1555
4935
602
957
653
8541
1571
3948
924
984
6943
2015
215
291
1060
1013
516
820
3388
733
1033
830
5278
8037
3768
5229
826
832
738
1570
280
1249
477
7281
5366
1094
2896
567
285
4973
8486
5587
416
1120
1037
2074
3850
475
840
3304
1026
1360
1100
637
530
4904
848
613
486
1013
4951
1168
8664
496
900
2876
902
517
897
1716
788
650
586
509
861
790
10956
2648
664
3614
904
725
518
5238
204
2867
1101
477
1171
782
900
2337
747
346
205
3370
3417
437
989
1055
2669
4423
572
1116
2316
748
681
1044
360
968
723
1128
536
1110
904
952
1143
2167
2069
414
485
542
717
703
702
800
790
619
1111
1456
888
914
1242
299
3744
388
754
1299
631
394
703
551
3939
1322
1040
1014
1145
2831
2144
1186
713
556
1158
1268
467
2610
1452
401
1290
425
836
713
630
770
3049
1145
555
1029
962
1171
239
691
4041
748
878
372
6217
647
4568
477
1068
1054
633
816
598
1055
1465
1041
844
629
1359
412
1420
4472
350
801
1060
1120
406
925
257
474
4633
360
706
6897
492
1810
2722
714
1352
1017
4902
502
904
861
1529
730
886
418
230
388
527
798
1133
1549
631
2202
1036
1417
681
398
3795
619
464
1428
935
1305
213
465
3309
1032
4045
354
1537
797
1107
358
6257
720
1241
745
1126
932
1269
680
1699
1032
8615
3556
6765
3332
744
1100
444
269
3425
629
1038
912
627
2507
1590
1144
695
601
573
754
950
782
869
841
1065
6137
1545
1029
747
1594
666
485
1020
294
5811
1236
1069
825
600
794
5593
1361
2418
439
1005
4242
3462
1051
532
1411
620
1252
788
1888
869
1417
631
302
7437
385
1433
2975
3118
650
4100
12545
1126
1017
508
943
11360
1372
863
1165
402
478
788
3404
2232
371
685
3377
322
607
1045
1899
1383
602
489
8983
626
576
917
1299
1269
1647
519
1459
1181
606
1322
510
264
3515
709
2283
3988
2347
1366
1690
953
4694
2780
1330
7292
1124
968
840
1004
6879
1081
1437
1097
1352
980
1012
1211
496
1180
1130
589
421
922
1864
607
539
1242
499
566
535
866
1147
303
640
7253
2633
1176
5142
1234
576
1250
267
937
856
3645
1056
626
1134
1062
3966
858
4097
419
1386
837
374
1285
765
1007
2196
656
398
763
7142
636
1222
12655
355
743
1319
1468
913
756
680
4993
818
521
708
6863
567
683
7751
1505
16091
1233
1650
12970
758
2183
2480
2063
2647
630
1237
13944
2343
778
9313
9445
4439
3782
3931
725
972
5263
798
13555
402
5552
474
572
924
1094
1189
958
685
2563
6661
660
488
1579
1593
616
2266
638
896
4199
886
1773
3618
4313
536
8374
904
1211
932
4392
163
596
1344
1045
2415
1269
3906
3601
4733
3616
810
355
4883
8980
1231
436
860
1304
1218
2365
424
512
629
865
1471
824
819
715
1829
3404
1201
748
694
8577
601
641
5286
529
1328
2166
1399
942
624
1342
501
902
930
4885
8233
3109
594
696
849
952
2477
500
849
242
6518
871
875
527
460
1042
1168
539
4275
7761
989
1535
297
11983
339
2471
478
897
665
979
3461
664
891
806
2583
698
1455
426
6384
1255
527
310
778
3078
4840
483
1211
1098
1353
1070
535
385
898
1164
989
685
809
1566
692
1371
935
403
362
626
542
1028
984
5478
3719
539
641
841
474
487
1087
470
1509
2671
601
1182
628
1208
1745
1797
3874
659
1134
882
8178
7003
823
501
517
588
761
8536
1014
824
899
3711
1069
4871
4519
1398
2019
342
709
2654
854
887
1136
455
1291
662
6115
573
667
1297
1565
614
1355
752
3186
942
461
481
1298
726
700
1171
324
669
332
490
1123
666
1135
562
2485
4432
735
541
1185
675
699
814
1471
11998
1194
1343
681
1509
2893
570
340
2689
2373
1156
765
1109
630
1028
845
1056
342
591
734
2985
788
4759
322
694
2872
1104
1045
1190
1237
947
1315
1334
2812
3334
1546
790
6521
754
846
778
3704
660
4993
1101
421
1036
1001
5031
2487
433
2859
807
9515
858
1887
755
814
10176
1168
1700
561
887
1477
468
404
15973
1080
733
1541
670
328
689
953
3132
1098
603
849
2629
1168
4072
1127
1177
1031
917
829
949
1545
473
1469
1970
5173
430
5177
3700
751
1346
674
791
8308
6794
605
2435
10057
728
3358
1016
556
888
2401
841
1249
938
311
5837
1239
1249
1008
1253
6515
1065
825
1087
748
2995
489
695
374
567
903
854
5755
1601
1017
2825
820
667
533
837
415
719
6403
688
762
950
594
5060
1126
2779
401
7091
1230
956
923
657
715
15104
3459
440
13398
658
820
692
373
1003
335
1224
391
507
1166
483
366
896
13009
3826
341
946
4225
9600
777
6061
753
666
467
621
1107
805
924
763
1660
1409
489
15500
1100
913
1025
3731
3806
299
1726
1019
649
778
1535
716
2572
1184
459
1693
805
5875
998
713
461
999
723
1305
1152
1840
3746
1176
944
8574
938
829
1441
7753
612
826
1026
1417
779
5312
1428
398
2944
4314
667
2488
1411
735
786
1909
626
922
5783
461
4704
454
1386
1303
1469
840
4001
1255
1271
662
892
8377
619
1172
1299
867
282
17093
637
1274
288
1707
333
1163
943
3032
641
980
1256
937
582
510
429
349
1154
682
1108
985
1527
817
784
7764
2448
15906
2313
692
1189
1000
842
2953
1008
854
838
17139
661
749
5020
688
1771
426
483
950
2890
1311
432
454
786
520
3275
1830
661
446
6512
5211
4928
1264
17484
610
645
355
737
1292
1114
1179
686
1144
517
7846
453
6821
2186
470
5738
311
2214
6827
4440
1017
289
1309
2971
1035
1200
4070
1015
2967
683
610
1491
904
857
1878
6541
752
684
1168
1235
540
371
943
1103
1144
1074
1569
5870
1009
1101
3599
858
547
2614
320
615
686
779
1845
559
603
305
4672
1032
287
3060
6235
382
5140
206
558
551
423
5444
1124
539
8103
643
2041
795
2386
1597
602
1019
1610
904
1827
843
560
872
1055
3982
1538
1779
3075
288
600
424
562
238
539
5500
790
774
2463
711
4038
6797
832
1221
831
1097
1226
2941
971
1186
1277
1112
1092
1359
968
6360
1090
951
675
933
748
460
786
564
467
1051
456
1697
727
1013
7819
2354
1342
438
802
4449
1116
704
363
4855
722
882
480
1294
381
709
5576
3599
3515
557
973
547
975
1397
890
502
3672
9189
3217
2500
692
656
884
990
997
990
7657
5635
1122
1081
467
500
937
923
1070
904
493
759
1201
924
3741
576
528
1282
670
619
330
838
342
1016
547
8079
475
1515
3692
15570
1304
401
719
269
1196
844
567
640
742
558
1213
353
466
900
324
1595
5306
544
784
1163
820
663
417
884
890
1624
929
1739
1846
1010
801
1587
4235
2771
607
1125
224
1549
1227
1068
695
12821
368
757
3297
942
517
602
966
1114
514
1312
730
581
7869
4012
393
2207
1377
1136
1202
956
908
570
581
3323
1169
423
809
702
550
644
4053
322
1316
1143
1184
4829
714
1028
12396
863
862
6037
226
2294
648
3232
8477
1539
11977
487
945
725
2242
1802
934
3939
1333
566
1258
5337
1006
5461
1469
1622
1881
1495
463
2786
9941
1585
4009
4772
476
1492
2654
1048
1403
965
898
1686
1077
384
1048
904
2938
3823
1615
418
336
1850
754
4597
758
1245
723
1330
805
1092
2620
270
770
1207
868
1092
804
953
1513
896
8916
8374
285
1085
1311
9303
1990
3020
2570
3273
579
8148
2415
1526
364
680
8027
3031
1518
1090
694
986
773
2230
666
168
2903
443
850
1467
1424
434
1293
4488
1086
962
1303
1296
1454
358
2227
1278
5174
667
1152
1040
787
549
1000
414
7946
1530
2361
807
1946
373
607
324
659
794
2666
340
976
4690
1413
3302
901
1101
315
544
376
1042
9951
550
784
983
1216
757
1621
1112
3349
8872
583
446
874
1045
1244
10684
838
466
681
750
1199
454
6696
6798
831
3021
537
862
1029
865
14690
577
565
267
2639
7336
1072
893
2448
670
650
908
1070
3809
763
730
1609
1451
473
892
381
1335
987
404
1483
396
919
973
303
1581
1401
4527
924
1891
1113
1106
600
2378
10072
1366
2120
1442
1307
5160
5805
542
1235
892
885
971
645
2221
735
3337
1603
605
742
8183
474
332
198
647
1082
4595
816
1259
502
783
426
694
648
1507
724
3786
3175
917
757
568
1162
774
974
3279
1159
1431
1159
643
669
927
974
2969
312
975
1096
392
867
1590
447
783
790
7191
567
654
1087
456
438
932
442
3105
222
683
610
1176
5096
2047
502
1502
692
8368
5433
363
3047
749
2749
913
6467
807
905
655
656
1008
674
2791
1007
255
586
707
328
873
787
8156
727
1398
1225
2332
1057
1744
6989
1692
587
1421
914
6549
575
481
1915
7286
3461
4439
4497
817
1187
1320
1307
889
912
587
919
776
856
754
770
548
573
5221
2371
4033
1674
2955
1221
755
1088
4660
1242
166
451
526
568
5233
2684
334
5261
4893
3966
700
1106
12206
615
536
698
3491
747
2584
2581
1350
7923
939
3009
2318
821
2117
331
3250
1426
1087
523
844
2872
1117
695
2788
1400
362
900
1364
1507
840
1387
895
555
995
1093
1331
5700
1877
410
1410
1050
634
616
8067
3881
693
1624
1845
1088
893
1131
1064
723
5388
350
881
252
717
2814
3966
768
832
543
1216
291
311
2043
654
1349
771
677
588
345
1860
1057
601
1008
1672
704
274
2648
1388
5313
3794
699
1078
1945
973
941
830
794
2234
1029
985
3479
476
1174
674
315
327
799
1342
2555
927
3716
1052
1194
4281
185
645
1066
328
2075
6948
1409
1295
920
987
491
975
1360
2398
3568
689
646
468
923
544
726
6747
1351
653
670
303
4218
7910
967
764
1356
1645
916
486
4955
668
822
682
799
470
438
1061
7884
1462
6404
1029
856
901
421
879
847
2737
390
3930
2148
6140
3451
886
2176
301
5472
742
1013
837
1249
1317
1262
3739
4793
322
1091
875
235
911
382
3802
761
644
610
951
3265
1482
1253
756
2114
2571
2330
1624
621
4791
617
1493
1218
2238
1939
759
542
4495
3804
1117
1179
1506
451
913
481
10153
3071
1286
5080
645
1140
956
7684
954
1074
1547
4686
2144
703
2431
296
983
410
1255
1308
709
4362
5057
9575
711
1112
10539
1487
1080
373
1027
1123
2345
2269
619
742
3423
2282
649
1443
4851
3759
882
1117
384
6760
863
1876
1503
872
2039
10830
686
1090
807
519
575
652
1076
3305
771
1085
551
1299
2096
2084
1477
896
6972
904
1299
424
1007
534
1014
3721
796
1117
347
2191
928
2565
3882
1021
1204
4954
1058
442
826
3908
1348
19113
908
2220
1028
5766
771
2982
1195
2196
249
791
610
4798
6711
1622
1286
1244
391
1276
1386
1689
2944
2253
1179
512
783
612
467
390
857
1216
950
478
939
4425
2213
1260
810
3294
1532
881
969
1149
330
2391
955
2416
793
476
6009
982
4104
1936
562
1005
619
6364
603
5775
1122
231
797
1970
1182
2955
690
687
413
3525
810
3013
990
901
4248
5534
1672
2226
936
1000
913
1328
3017
1220
574
1343
1056
1081
6660
352
3221
890
864
713
1032
1602
1085
739
1109
7991
220
1005
3652
553
855
1310
1175
890
351
1247
399
669
646
2126
799
862
742
1034
828
770
1138
1085
2853
1423
1222
2302
414
850
998
1115
6594
5389
321
384
374
1157
619
1264
11805
681
928
932
778
6175
1300
518
255
1099
489
1147
2075
553
836
1067
1051
1489
511
1917
681
254
521
920
309
2812
1991
574
434
2587
828
2280
752
298
990
480
597
357
675
1103
585
3080
925
1124
830
1428
1116
1545
777
672
722
1079
682
1239
987
420
956
859
562
757
982
1009
1224
2826
641
1316
280
1960
1032
890
988
363
696
784
595
9121
2461
733
4157
1163
414
1188
465
1052
1422
286
464
1087
786
1021
708
615
2442
434
17712
379
401
3565
389
3699
599
519
6769
1224
1113
1363
728
4566
659
1238
1022
821
816
6522
819
4217
432
722
3275
2028
2678
300
275
1063
1410
713
818
433
815
490
8115
4784
1145
534
568
510
1208
1194
3397
1111
2478
386
1907
1201
1193
1697
788
877
907
2760
809
600
1293
786
2736
746
1037
658
1015
784
908
531
972
2061
3342
4139
1550
992
823
534
921
640
1671
875
536
1633
565
473
212
1188
2228
1145
1022
4678
1256
682
913
896
9293
3074
2674
1370
3723
1071
1036
839
867
3426
4821
548
4068
743
5412
1441
1297
3668
1440
1086
722
786
1028
2888
1082
969
1849
6390
779
426
527
589
792
1645
1285
1510
1057
1028
1099
574
1233
215
607
590
958
941
549
603
1965
1276
1022
7755
783
797
342
804
994
452
3324
3680
669
2918
740
262
1005
892
939
924
683
3176
10154
1802
1432
1347
2383
6205
740
900
3167
2396
578
792
1322
7372
8372
3003
474
609
788
695
1070
743
7216
5739
895
627
537
702
3550
482
1204
235
2117
790
713
569
756
359
1658
1086
532
1086
1254
712
1660
462
710
982
643
1148
871
2657
484
448
241
1938
866
1038
1504
9343
106
1513
1350
2326
1184
2959
760
848
1155
791
459
7537
3341
1160
8242
301
3355
434
993
1518
2081
514
4866
298
939
801
2741
9353
598
3274
1204
4609
492
706
347
722
810
703
1202
643
779
1696
2659
16450
1336
627
4079
8306
4099
412
550
1060
638
3679
1605
848
4130
381
750
1155
401
967
796
375
737
1194
799
3108
985
726
1413
7567
1107
1082
3396
2069
569
14136
412
895
1024
516
668
797
11004
886
706
869
439
2267
1198
3816
1415
8043
760
677
692
875
997
602
207
984
991
267
2742
3678
982
453
342
3419
840
4234
665
9243
588
758
3538
13182
1228
782
7104
3342
5932
562
1851
1883
285
429
479
256
1526
1288
529
499
482
5378
897
890
871
4533
10308
815
943
714
1025
3476
689
798
9717
731
785
932
791
1198
2483
939
813
437
673
1323
207
2223
747
543
2020
830
796
2614
578
811
601
1537
816
1439
723
1026
3067
2081
1089
4763
2857
2287
667
3168
280
908
1016
1559
439
1960
2146
926
561
2030
511
1182
1120
443
961
768
1174
535
158
10369
2995
1491
1114
518
5935
1072
7535
356
3759
3319
666
1349
1138
4772
1877
2568
653
933
3583
1251
270
766
1150
868
845
2750
1009
1049
596
612
475
6610
151
1141
1137
1021
1509
505
9827
2214
482
1341
438
830
1114
960
1022
1049
3481
1078
2766
391
696
616
380
302
949
274
6174
1447
2354
1225
4509
458
894
949
794
926
5012
1025
1256
637
1309
1089
2120
350
896
793
856
10644
446
1298
9177
515
332
417
2998
792
649
7917
2889
2467
5886
1230
691
1026
331
4214
1784
568
488
16025
563
338
1133
703
1185
2744
4473
3088
1202
830
1148
2041
16346
1473
1571
574
486
460
531
888
1061
796
570
215
5850
628
1062
567
1034
588
1679
899
565
2292
7138
1321
852
780
1829
681
1001
921
1203
659
2418
821
1289
2072
864
3768
745
830
456
817
1741
1405
4393
1534
410
553
721
799
382
888
1175
1723
761
6283
1156
802
1336
1074
864
517
627
1107
1013
629
571
1826
2394
2684
7936
262
13025
871
1070
517
804
1597
683
3662
486
1108
1853
840
1041
759
2740
768
762
3918
482
9857
3211
1715
294
11755
2487
1091
894
1473
501
4111
526
894
675
5121
579
3314
1006
570
561
1096
385
4615
967
506
2432
738
10942
297
4972
1000
453
487
686
515
6831
793
814
1262
981
4881
1007
574
262
242
722
724
634
1087
1118
2164
1222
682
738
1124
855
2384
767
2689
662
342
1477
736
804
675
691
758
849
1031
594
6542
1331
887
3071
1100
1113
1270
4239
957
958
1221
1965
1198
847
905
1380
1082
3672
397
1239
786
1422
1183
437
593
5895
1013
687
1232
1017
542
874
1318
1189
328
576
928
644
932
683
445
901
1282
1547
3152
715
793
462
1796
1847
606
1362
615
2457
1253
1806
386
690
336
564
970
1046
841
7021
909
911
1262
477
535
6651
464
867
842
708
383
838
1014
864
2983
1856
342
1214
1456
1700
1302
3515
881
520
848
6717
1229
4019
525
745
996
1378
6407
1117
476
4211
918
386
625
1430
694
783
4571
1409
3073
1960
546
432
799
5398
1728
717
3045
495
2207
7790
283
564
454
1003
2787
1028
846
2377
682
9531
900
790
1194
3732
1746
1267
2952
316
397
1106
1170
1211
740
1089
861
12456
645
551
1705
6018
1540
2371
935
1170
932
1092
1096
614
1304
1121
3057
505
701
4702
616
1889
1926
3683
1051
1040
7606
3051
803
699
929
964
1016
490
531
7347
1350
5455
4344
782
582
1701
1926
760
867
2311
1003
9879
665
686
1199
763
564
468
1026
1133
1150
854
853
1129
455
755
8748
1077
904
847
3027
1001
749
668
3311
983
846
3826
401
973
9313
1658
717
5183
152
1860
876
832
632
493
430
1047
912
4260
4951
487
842
843
1110
2589
1162
5820
465
8269
1838
929
244
958
8700
1299
1130
1330
2652
817
471
570
4860
524
386
4000
4319
8179
2114
7468
349
529
1207
614
2487
2301
301
756
8040
781
320
1160
3787
803
727
3068
738
955
6420
3627
789
653
12221
364
1001
2311
1255
833
1508
658
1039
784
1519
1230
10239
569
1192
672
1157
379
679
3848
1780
315
928
6585
1246
3686
563
622
417
10314
761
6731
1238
1651
619
508
546
885
842
627
1144
952
804
558
889
1305
1277
3984
551
1107
424
646
588
4294
627
1035
624
1094
516
7297
4954
15647
618
1158
6752
831
1129
491
637
821
4399
482
1174
1376
560
8578
1116
8777
502
8924
1527
718
862
227
3078
998
885
932
2350
792
1388
2786
747
1438
1175
452
577
565
4169
1203
948
957
829
577
1077
5692
913
1140
484
816
411
1145
5187
1989
1468
1075
376
365
1345
1284
486
1151
655
1126
848
1081
13473
566
968
754
1081
914
370
10181
636
928
1699
1487
714
3465
626
5881
2554
900
235
421
435
1028
2385
711
700
423
759
1028
304
673
933
1091
1167
1490
5464
2455
2600
1923
2240
1062
1728
1166
539
1212
2740
1304
950
3637
4604
907
498
1852
727
679
4806
1658
412
647
728
896
877
337
924
347
467
547
535
217
2738
1118
1315
513
587
1305
983
531
4082
1726
256
1566
975
1266
2721
1451
971
1283
1141
664
4633
883
713
1412
5347
725
1093
7211
898
3515
646
608
1313
1017
851
377
1099
1388
1353
877
1063
428
1364
12155
611
5301
804
879
954
592
1140
1255
666
1074
858
1376
593
1111
1080
302
1211
598
486
816
9395
395
998
380
147
486
779
637
9746
11184
836
3865
651
718
509
16919
334
713
2897
1594
8308
847
3486
752
783
4329
699
1085
1063
865
279
787
638
3029
2727
339
877
841
361
8201
596
2498
963
345
824
722
461
703
765
791
1358
311
2430
2903
979
4500
908
995
792
1271
659
352
2185
1059
1069
7008
564
2181
427
1974
3510
770
1420
1781
943
421
377
398
814
751
893
7935
1174
639
1207
750
12518
490
1650
760
2776
9951
610
6830
931
6741
1765
667
843
385
1155
3800
6334
1068
2098
461
573
900
534
876
5244
2165
1577
1163
1003
549
693
9491
802
423
7965
611
881
234
1159
1180
4730
8707
2925
1521
7876
927
3078
462
1258
752
619
1051
192
815
1710
1093
1091
445
877
1347
565
1447
678
3745
417
671
3906
1602
9297
1239
878
558
1009
893
780
729
926
524
1151
895
6422
863
382
6787
424
458
934
696
636
1185
820
569
1059
2756
12179
437
668
2013
411
848
1030
1007
944
1046
231
589
805
266
1010
476
6355
1061
616
507
1202
2609
9076
712
816
1620
274
769
23562
2993
2102
3851
623
491
1015
588
852
1493
1229
870
1222
724
655
1088
1362
1326
286
404
1026
795
1013
864
948
1011
1019
886
906
4353
666
926
1961
1045
1015
910
749
13446
418
5737
827
1199
781
518
1320
845
1224
1005
6873
1763
1360
1057
809
1149
760
966
288
994
412
1162
15100
3269
563
4565
3646
915
939
653
1064
689
821
959
2040
1558
444
842
777
1099
1105
453
1256
723
1229
262
421
669
516
749
1505
6756
491
926
878
925
3813
3997
839
247
1090
593
527
1339
322
409
590
671
685
3742
683
809
4262
759
944
383
1149
879
4732
625
3998
593
436
8331
1358
1471
591
1135
196
340
1167
735
1552
613
1716
320
4295
862
345
504
5040
191
2561
1302
682
628
4208
710
651
341
465
1065
335
1604
793
213
742
528
1128
869
591
1367
735
1173
943
3571
1034
477
1006
10011
892
1019
228
772
5925
6373
734
2792
14390
394
4611
2200
814
8647
1410
2526
183
2422
1106
950
491
6307
1203
3633
361
1224
4488
1045
1571
956
222
4255
740
979
992
1148
2485
414
495
2443
414
972
835
908
846
11891
2075
1190
747
647
2784
1294
1491
935
1336
573
760
318
1552
778
1888
404
955
3582
497
795
4660
1320
1779
685
488
6555
1304
760
738
569
6104
1798
304
600
4163
1638
3389
364
1558
1449
992
1250
852
307
601
1163
1734
415
888
632
407
823
580
540
772
856
799
354
782
2551
5630
3222
875
773
2685
1282
1135
311
962
2002
4739
3056
373
666
394
1975
1382
1096
947
830
4170
7381
10069
1677
4089
3428
930
397
3192
921
919
896
1233
935
489
903
834
1152
11259
3110
1012
1292
500
1168
1226
1206
840
1158
367
777
2054
6000
289
831
870
3066
1014
903
1319
4020
2195
774
242
1146
9248
485
556
1824
6096
4846
807
689
982
892
9446
970
4124
2922
595
1761
738
1756
1086
860
2649
832
3563
954
914
918
558
853
369
843
907
332
488
754
518
355
363
3162
1270
4176
426
584
867
2025
1028
1218
656
815
1732
5110
7018
4570
351
429
1109
910
755
547
1354
864
284
355
1076
576
6749
1871
5860
5717
316
1738
3558
613
553
1336
3660
485
593
929
1042
1171
4548
355
462
5583
604
1073
701
1190
1612
615
616
4976
813
908
572
1058
3327
1230
594
1170
1489
368
931
517
1242
1042
1121
3881
949
662
4616
685
1604
9139
1241
3228
4674
787
609
964
2418
1104
927
553
796
310
528
5088
1263
867
898
705
762
886
1811
4525
2135
1450
606
886
4782
550
4759
493
1045
696
3336
1082
715
490
994
490
6517
822
1447
927
10318
5784
931
650
372
834
2196
776
796
610
1707
808
909
7534
1243
1086
1405
424
7415
1077
1028
3494
831
1345
1088
882
1238
259
2821
882
787
594
3940
2953
642
364
993
1233
874
4208
5437
3583
740
565
515
1815
9097
1290
5787
707
1661
491
633
1170
12809
807
463
2074
342
2754
1262
724
1411
758
555
1066
7330
384
5353
1492
8420
4576
803
1348
846
447
6141
918
1041
652
182
947
1001
1186
2702
877
1088
1077
685
884
697
1230
858
323
1149
991
813
1218
275
865
2562
1700
1045
576
566
2124
3425
993
6802
7151
1001
5140
1007
3944
1228
1695
366
1118
463
2245
837
471
2358
528
949
1719
2762
1312
1791
646
3554
906
742
869
1464
4813
971
1131
984
903
860
1054
1928
1234
1036
771
1507
1918
646
6000
517
475
392
605
695
693
311
1023
861
5597
696
3307
2122
1679
697
418
455
920
727
356
290
605
832
767
3470
753
1022
1677
314
868
9268
8193
1049
838
2433
2041
812
256
1765
1763
1566
1962
5798
659
1041
8040
700
1496
827
6293
435
380
2714
261
558
1000
380
19379
502
1164
786
732
1320
956
8185
1224
7381
874
221
602
374
509
1595
896
667
1076
1150
1585
4976
1648
5302
528
799
582
2225
357
358
6715
2545
1030
3530
2995
991
369
405
1151
1597
543
1085
1104
490
409
1320
1009
729
800
752
581
4740
2207
1820
294
441
1730
839
731
749
879
718
882
811
910
819
2571
577
408
1192
587
1402
2285
720
688
1950
1091
1106
2448
1763
896
659
2741
1009
1315
11312
778
3397
474
989
1131
560
1232
1762
202
2773
686
1119
2309
881
1068
1138
659
690
1327
923
1312
381
848
462
766
1282
628
1032
597
2543
610
1020
300
463
5311
1616
763
429
877
426
1334
1626
756
923
1425
1026
464
3819
393
1204
542
1455
5558
639
748
1134
826
1108
1081
596
432
752
1554
557
893
1027
1227
5774
1220
761
1170
535
4186
1130
365
1096
1563
4712
514
1247
4096
5235
724
496
1414
948
639
1079
629
464
2304
650
3370
1148
560
1182
729
5259
874
245
298
707
1010
1228
1326
937
870
401
331
1124
2352
719
1180
4796
642
989
2176
553
745
958
491
333
2407
1119
496
685
1077
4844
587
696
1154
679
3206
1182
969
4509
512
1001
754
823
1046
650
1226
7041
1194
668
2192
634
829
3902
1034
933
905
910
1570
543
761
894
286
862
481
2855
1023
3233
2935
493
998
1141
643
534
868
767
4438
958
913
908
610
172
2035
612
1171
547
562
679
7100
621
740
984
555
774
670
1105
1115
1842
759
567
322
1371
1649
6739
1391
501
979
826
7817
406
590
683
653
789
2638
1231
348
596
511
2069
1077
2912
1751
688
904
4189
11315
960
710
471
512
3684
511
277
311
945
1316
7323
3088
1596
899
649
5744
559
987
4894
633
1096
873
1886
503
1097
2561
754
404
1048
1434
743
733
786
454
815
4366
1042
361
476
7942
1635
925
1429
1141
756
943
6665
904
1715
691
16766
381
2386
925
650
608
1134
633
501
776
729
868
3136
371
9798
676
425
2629
565
784
947
1133
740
1041
6569
783
1645
438
3319
1217
523
4924
1192
448
1052
1385
749
886
1632
411
527
637
1226
858
1184
765
1045
1236
1097
11543
850
567
969
428
1309
787
1192
701
846
1630
4090
1608
993
909
815
565
941
1166
937
1319
7373
871
591
486
754
751
581
587
444
1566
370
981
824
382
734
888
1818
1090
1429
5350
847
5221
1635
548
1007
186
1020
1028
845
885
1210
1507
1430
1254
4762
2776
1136
828
160
1614
385
1746
3414
1037
889
1820
6271
547
635
656
2897
453
1019
546
769
1238
1343
1928
572
1218
725
2949
796
1068
605
1644
874
1258
873
996
608
411
1138
549
342
855
470
1255
5691
854
891
1282
690
707
928
951
1129
740
2417
874
413
900
254
1760
5573
1687
1716
2247
382
1060
787
706
645
1040
870
1171
101
2059
716
876
519
3905
1047
1207
771
1030
750
6515
991
2705
905
966
792
7214
728
1293
553
1378
2048
1073
883
913
1660
13628
1172
1680
1237
2580
4051
2042
807
1194
539
652
839
556
853
848
849
1056
2918
9921
1442
1010
2292
1129
990
750
422
787
286
1181
1403
1277
298
1035
570
1082
533
1538
745
482
641
2665
992
683
831
884
814
537
8000
554
1532
5527
1245
1744
524
422
6207
356
539
2638
1515
487
2315
1043
5864
1072
601
4900
3234
512
810
803
3147
1027
874
1241
1197
295
1831
2757
1204
823
891
521
1067
10408
1250
3919
393
377
6665
986
8689
4455
1051
374
686
1137
925
731
1277
830
440
1164
702
1240
521
1134
8485
1132
335
564
515
3266
897
546
4796
943
1058
371
995
505
458
743
398
1192
350
642
324
273
1089
1530
523
1303
9623
1828
4356
1485
691
1014
5525
7853
2267
3390
768
940
467
3847
539
1540
642
292
1301
666
883
1187
3364
988
728
8377
7815
233
877
791
6119
6276
1085
780
1106
9123
834
653
935
5480
3539
931
783
680
9200
1574
3115
603
679
888
2098
6776
632
4183
820
1439
2135
411
4896
726
4054
1124
2299
506
1942
725
1309
1120
850
923
1356
678
627
338
5169
832
7424
824
327
4740
878
614
1142
3024
737
959
740
1421
1322
3354
3454
978
486
165
719
774
3758
1126
550
1097
764
5148
236
712
866
1697
611
875
971
618
1276
792
1390
805
742
353
1105
726
5695
8177
1089
5014
384
511
350
735
1087
1443
559
594
890
1085
926
1443
3358
4026
1492
343
617
754
1528
769
321
606
1016
678
599
868
722
4486
2822
928
1694
4820
703
1534
583
1211
664
864
13660
1895
958
760
1107
1379
579
622
986
380
971
638
1268
1197
491
471
5706
507
172
448
435
508
1174
1155
1241
1383
679
810
371
4074
978
990
1337
2598
352
482
1189
723
727
3069
4223
1057
859
766
1414
688
6934
6060
276
623
737
9893
876
408
13986
1813
739
370
1729
4248
698
3890
872
2365
812
1020
158
4035
931
572
2830
974
745
1018
959
1112
1148
2740
406
4007
588
806
5338
346
896
3599
1065
1396
782
1226
3615
938
763
850
909
1603
3598
1538
1490
1405
805
636
1202
2355
752
464
690
859
416
969
689
4152
2549
868
618
957
448
192
1845
4369
949
1131
518
837
1249
1024
812
483
1394
6198
238
574
1097
847
372
191
762
312
4724
1530
4804
592
861
603
421
5362
2053
11078
311
290
1550
6627
1482
8499
664
1071
7171
313
3093
1255
1012
989
308
3390
833
653
475
528
9700
500
535
961
2762
954
738
1712
715
1332
632
539
457
1039
573
1782
11952
1146
863
4390
6932
821
750
2172
513
3695
4697
717
1093
2256
976
994
7558
1435
3578
472
970
11238
2352
497
811
4104
837
828
579
1904
762
720
883
688
3631
800
221
1025
573
916
388
793
1252
3447
805
566
1161
873
882
852
1495
674
6839
862
531
3280
1844
924
6524
995
1346
518
493
1043
724
997
760
449
405
606
1056
646
564
4489
774
3206
886
6209
4107
1550
1749
720
625
377
692
1091
4645
912
1110
2966
677
2227
953
3092
6891
1038
386
416
1154
4587
4532
1197
1008
1007
1511
1407
1229
1643
1005
598
539
734
732
4101
1212
737
1134
1876
4526
565
881
1374
4321
605
1601
1192
930
1478
3158
2321
1605
3536
683
976
719
759
176
981
2559
1403
1055
1433
1341
3480
872
4149
958
1296
961
687
2217
2429
370
820
1012
4551
628
601
524
558
452
821
9054
2379
515
1007
5065
803
867
1161
1450
2809
6634
665
378
1794
6902
946
456
1070
622
1296
976
732
4152
935
992
444
1185
7029
843
1013
3785
944
944
2376
1377
1257
294
2596
978
2473
849
1004
931
1093
1064
1053
1072
860
2156
355
302
371
830
1027
777
243
599
1227
940
1221
4880
333
4948
1249
587
529
1194
4154
522
8476
480
802
1128
5542
1379
1772
730
2319
772
1315
652
285
711
687
594
739
1218
2075
3740
2061
3941
432
12999
2418
6957
5713
1435
927
536
974
803
2298
2110
1287
2259
505
516
795
997
283
2687
392
563
512
330
617
640
631
978
2679
1326
1356
1475
748
1481
1247
387
4271
1184
990
4301
5378
5304
785
993
1210
1215
528
944
408
821
1069
2838
1158
1695
1463
877
609
770
741
518
366
1233
3152
1113
5925
1210
1638
202
625
417
720
1146
6476
706
1870
554
1347
484
1137
703
344
933
515
2115
583
872
1113
713
592
6733
850
1191
6043
1439
819
892
1378
639
1248
829
1317
4149
529
5346
1218
1470
10208
1481
759
1037
1062
758
702
1460
3559
453
932
7561
9596
2507
889
789
1269
415
3014
1374
1058
990
334
498
1318
807
595
9912
1223
308
4639
612
700
1045
295
4188
276
609
787
1016
11715
1490
982
511
2164
1062
292
514
1038
1232
8647
1769
1131
922
1217
434
7072
761
885
17387
1097
1024
1119
642
418
2671
903
805
3426
996
1185
213
493
2825
10005
683
857
1108
293
978
522
1944
458
1999
503
3485
5318
1276
947
369
3547
714
1186
9629
2349
2745
5113
10038
1258
1054
1494
2059
873
919
738
15673
5045
551
535
1173
262
430
384
985
1122
732
1196
687
901
3016
390
4038
868
915
971
2724
6605
2922
641
7540
607
1144
11871
586
4319
342
2343
360
1434
800
1056
399
4377
1498
1279
936
1400
2437
498
981
1491
561
776
531
1247
1262
2941
508
4767
2077
2498
575
630
1142
842
871
768
760
7196
509
1179
1073
725
509
725
10296
4322
1174
944
879
1286
811
629
453
695
610
374
6661
883
927
449
4064
533
1224
1459
8527
6146
6223
6668
896
434
4270
1228
1106
1646
1240
773
976
4877
1864
723
13677
503
619
9075
693
615
565
1119
507
849
584
738
1150
523
1286
319
1644
5007
1265
870
520
986
1690
1188
2203
3911
812
914
8973
1115
717
3223
685
1103
8021
4060
3899
1485
1423
1142
5460
