1361
15411
2108
933
880
559
1366
11558
9883
1800
2383
1491
4249
7177
523
1545
2143
9546
10405
1198
20046
2470
1433
1124
1145
1311
2657
8188
1483
2425
2551
1309
610
2085
1152
1286
7953
846
9424
1796
899
451
12485
583
2711
722
3194
8622
1151
1446
15227
5022
1398
420
7036
7012
14445
15285
715
5687
1037
3486
5081
778
1221
1543
927
1168
5839
1438
6517
1492
1675
1736
766
710
11364
2684
2033
662
8236
1751
784
1425
1032
1206
269
13116
1383
4542
1111
639
777
2039
9804
5484
1010
271
1360
2133
1274
1801
644
4259
5714
1015
1469
735
10841
4196
4354
1761
675
1265
2325
285
8032
556
1912
7379
1072
461
2373
526
1862
1513
1755
29560
658
1852
3892
1172
1505
1646
879
7277
1148
1661
8276
750
805
2056
5687
644
1514
856
8140
1156
1922
2311
1252
3564
415
13503
3493
658
1070
947
1685
1869
1152
1371
1558
1497
9189
2609
6912
1444
1162
6130
4666
1056
1445
6730
4140
1114
853
2916
977
6748
1693
1414
1651
1601
1880
1070
11495
1645
1287
2241
461
2775
1649
4604
1556
1188
707
1196
762
1192
6655
14580
11055
3258
1012
1514
2084
1469
1990
1434
2073
13971
11800
1217
1150
3819
4909
10371
1675
2219
1558
533
1805
2674
555
1181
837
894
1494
1075
3123
2022
575
9713
1322
1079
1033
1454
2700
853
465
3757
9205
1914
926
1448
8709
1247
1618
3878
1538
725
1097
814
904
1112
5143
1565
1151
12683
2216
5668
1245
7445
939
14476
2931
2939
8967
1162
4215
758
2588
1613
1667
1511
861
1446
2837
1845
867
1657
1610
6691
1213
770
1306
1370
893
508
18017
1749
1737
2212
2373
1695
3887
4881
1717
1186
1656
1446
659
2029
3013
860
1407
1325
1788
1313
1740
2357
2275
1093
1025
2030
1007
2833
1854
2893
2452
1408
22096
1447
1890
3069
5050
1892
682
12517
820
1678
1793
1892
1501
6359
1910
759
1313
1574
1891
2571
11416
1217
1602
1227
1550
1125
4728
2069
1506
1830
831
1440
1903
1282
1457
1236
3168
1641
1008
2054
2803
1005
1983
11968
2536
1664
1906
4184
3354
2210
1506
1217
1507
2210
863
1615
1550
1109
8757
1207
1694
3149
7630
811
2910
1852
3681
2831
1339
1372
3713
1279
3648
4518
1073
1675
1034
1899
5894
735
6660
1074
935
14076
1017
1795
984
1264
1970
2727
604
1008
1000
1850
4807
1616
10259
397
1015
1839
10020
1280
4985
1470
2884
3195
3570
12078
8313
1587
1307
740
907
1717
1922
6215
1520
977
1498
1678
11680
653
2347
1165
2007
4046
896
1735
12226
1416
4053
1092
7621
1598
1272
1590
2034
1447
811
1580
1256
986
1775
8342
2309
1085
5255
535
32192
2123
3976
1239
1387
1459
522
855
9081
1310
817
1525
751
782
4144
3659
1804
2269
1392
1943
1781
1616
926
1904
21876
244
1520
1232
1299
1516
766
2316
1685
1940
1518
1310
1322
1592
1232
1106
1393
10282
845
1578
1447
2943
1514
1374
1944
375
2102
5236
533
3335
2068
1135
573
18840
2361
1178
7736
1429
892
1476
3996
897
1361
1666
1065
1409
2293
1450
645
4020
3945
560
1951
2067
14432
1402
1794
884
4502
1099
707
11164
795
1423
1299
2368
9044
1074
1112
1774
915
1130
493
741
707
1501
2206
8327
3242
9935
995
710
4527
1219
838
1639
817
1104
854
2268
883
2600
953
1089
4851
4448
1360
474
1627
1399
1555
3494
2214
779
763
2962
1922
5659
7618
1814
4179
2121
953
1122
445
1723
12610
768
1898
568
785
1677
1090
8502
390
2229
735
4098
12563
3145
3549
8817
1562
590
9603
9074
2522
729
1810
1294
3735
1409
1334
734
1540
1663
517
1981
1106
632
1703
666
1710
3367
2894
1334
2401
15563
2806
3418
1206
1543
897
1335
947
1550
526
12746
2259
560
854
12070
1086
1745
2406
17050
1176
5913
819
799
1834
9621
5660
2116
1243
1354
9044
1317
1147
684
28264
2863
5029
1792
1018
1015
403
1875
1396
1629
1367
9843
1565
1705
6369
612
1279
1472
2034
1295
10024
1033
1425
5070
1439
4648
2536
17568
400
899
6486
1016
1437
2108
768
1181
1530
1774
10837
3043
1176
3813
1148
25716
554
1122
813
6212
1865
1477
1100
2274
1736
869
1208
7164
1723
342
12008
1957
818
1484
907
2066
10246
3517
767
1510
1129
4885
1022
663
1791
1223
2499
1622
559
1014
7891
950
3640
6506
1484
1604
1926
2211
3282
2204
7904
1588
1625
1182
640
1205
5600
1236
1406
1201
720
1580
1615
1504
4578
1388
1393
13076
1311
1585
1640
6899
1034
7120
1387
1559
2083
1272
1347
1090
2598
17403
2319
1673
1440
1446
1531
1772
4082
1230
9464
1412
1631
1146
2184
2452
561
1658
1904
6350
2055
1149
522
948
7279
5124
2433
1056
790
3889
1676
3749
501
10671
432
1116
1441
11846
2705
1705
829
1551
1092
1126
2265
3144
648
7030
1034
6015
12467
2171
2691
1985
1788
5499
17336
395
5523
7322
1168
1841
1695
1232
1996
3262
15918
3514
7586
1130
1441
2139
1187
1335
1850
6390
1440
963
1391
4482
5727
1611
775
9679
1720
1727
2196
2744
11041
1744
1471
1181
17131
2049
2106
2364
1259
19423
4718
1522
1339
1166
804
1589
2435
1990
1684
2720
4002
1057
1469
1790
1431
1691
4342
1422
4938
1401
1159
877
26336
22862
1120
713
1540
1221
571
1334
2048
1758
6324
858
1081
4541
1556
1607
999
477
1518
2176
641
2245
1458
7397
1945
1795
2468
1415
6201
2318
1716
2168
964
5445
1930
2737
1239
20123
6114
1279
1026
1527
1340
1815
1181
1452
2118
1192
2014
2065
9983
7503
1383
1537
1993
617
2333
5244
965
1078
1654
695
2043
1966
1358
1320
697
2183
1990
2659
1263
1572
1359
1318
1242
1476
5329
1989
1717
8515
700
1559
1503
1259
1257
3203
1093
1378
20652
2405
1173
700
675
1343
820
1423
3001
1715
1944
3602
1247
902
1887
314
2172
4603
1053
2202
2128
1886
1162
642
1434
2807
1971
1201
34212
1567
13129
1191
1653
2149
1833
1907
2047
1535
1887
5484
1565
1351
2331
2476
4367
1768
3521
1728
2346
24076
15145
15368
1369
696
3470
472
811
515
1293
1656
7107
8539
1852
1177
966
1802
1158
1647
2202
1617
1857
1634
2150
1726
2654
1330
422
4324
6250
643
3403
2946
753
1282
1887
5113
1172
5613
2480
2050
1628
551
6628
1051
1610
1721
8233
4494
543
1636
1008
13074
37120
1439
1062
5041
491
385
3443
2071
1486
748
1601
1602
1357
832
1417
472
1302
8829
671
533
1755
2024
1768
1853
4271
7335
1534
1303
1382
1834
6390
1470
2438
2884
503
1894
1487
1383
847
1695
1003
3271
1640
1131
3787
1963
14992
1506
2626
1116
11505
8824
2375
1862
5181
1221
655
705
1262
11301
841
1364
1161
2971
858
1323
18714
1974
896
7037
1318
4286
1193
1649
3167
764
6948
1664
877
1640
1802
8191
1754
1801
1744
1167
1687
7717
963
6007
773
1067
6579
19966
1427
3784
662
911
1442
2627
1561
2172
1582
7580
1341
5269
6790
1356
6115
6015
1718
1294
2207
1157
1785
1191
2095
2177
1950
3158
674
1018
879
3262
1878
1211
1177
760
444
1284
765
12225
3540
4868
1881
1367
1480
1602
1491
2101
1728
12858
1861
2480
17336
1055
1533
2018
3902
1070
634
881
1669
6168
1219
3220
6716
867
8444
1359
1040
1927
1786
725
987
1030
1874
2269
6903
17425
883
1732
1889
518
6002
2136
594
1579
1290
1224
5623
1301
1304
8912
1691
879
2461
4431
4771
2003
1228
763
2219
1617
1569
14307
994
799
10373
1749
2151
695
1657
3224
1134
2325
2356
899
3502
11315
820
1161
1517
965
1637
10408
1182
971
1415
679
1937
664
2382
1513
1298
1333
1263
1697
985
5711
1482
6098
2323
1006
2165
1276
1147
1114
448
1485
39147
1420
4329
732
1368
1062
2345
1148
16062
2291
786
16693
1464
14844
726
1055
6420
738
1593
499
1313
1673
1777
16296
1645
1259
753
7300
5473
1689
469
3708
6186
14220
792
3184
1009
980
2249
3121
6780
1507
1151
11847
1526
5804
1199
4942
893
1234
43292
623
5359
3095
10134
2379
1569
1921
857
4709
2296
1061
605
904
1601
847
854
12356
1123
1407
15352
1083
1806
12036
1052
2070
545
2210
3031
1194
1133
963
14137
1457
2166
19734
3879
1216
12485
1033
1271
14892
3491
8176
1253
2465
1237
4668
1815
1982
1162
1654
942
1846
2444
1381
1065
14603
1631
1213
1365
4594
25721
1543
1532
13911
972
448
366
1444
2305
1245
2059
1385
2017
512
8955
1015
1718
5240
1274
1642
5613
1155
1534
14994
2042
3166
1606
1681
2122
2205
1559
24078
1135
3370
1054
951
1538
1496
1651
2202
1216
1660
2386
1168
3638
1483
4834
1699
2392
1617
8438
729
1628
26645
1270
26344
1505
3984
9220
1212
1112
1601
10469
4284
16761
1192
1465
1728
14135
1488
10630
8691
1204
888
923
1277
5812
3011
2076
14807
2074
1186
2702
12303
1214
1500
1115
1355
9098
10363
1530
1160
1302
1024
2132
3572
4118
1699
9187
3644
19631
5382
1438
1180
1138
1131
798
1268
4932
1015
851
1072
1280
358
17684
1742
1975
1759
686
1605
2311
1134
2385
3072
3751
9070
1804
1347
597
1332
2513
1575
1212
1159
1316
854
1737
6395
12445
1673
1005
1764
745
4857
2018
1496
1705
3788
5909
2236
1341
1147
2196
4561
1819
1817
3398
1671
2067
710
623
1657
1066
2034
1435
1129
4246
1590
1693
16165
2119
1896
4463
563
7626
1071
605
14628
855
11799
3142
2993
791
784
869
1413
5786
1747
554
1225
648
750
2191
823
2044
3593
1311
6304
1474
1281
1554
1139
2184
12271
832
1217
602
721
3500
1624
1195
973
10906
10597
3863
2412
4762
11983
982
18674
13602
1241
1566
890
1115
1342
933
1167
1622
2317
1535
1137
2034
1187
665
2116
1861
26334
8863
8067
2294
746
10661
3632
12473
1327
1160
431
7452
1473
581
890
1141
2265
1562
1580
406
666
1011
13104
11020
1607
1328
4459
1926
2176
23672
17141
2411
1447
2265
1628
14984
6793
5020
1719
466
853
7716
986
2000
3758
1197
2298
1849
1611
1829
2340
721
18158
1624
2081
1022
780
1960
1527
1479
3321
1076
1353
1355
1166
2849
557
1041
747
847
1774
2107
9854
1896
2572
644
339
10313
3730
1720
1563
931
1086
429
1278
1463
986
1052
1186
2784
4730
1345
2751
558
1122
2309
1575
3130
10804
959
1531
5195
9696
2390
1334
10049
1888
568
690
948
962
512
907
441
1367
15127
1500
1704
952
4954
3635
651
3089
1402
6028
1643
579
1619
1583
688
1154
1547
14762
369
1596
1395
2475
779
2144
1929
1628
1221
3242
1697
4305
3953
973
1649
1115
19315
1138
1139
1405
1561
1655
1199
5501
1551
1762
1014
843
3259
1779
1266
7629
1188
1520
1745
1599
1089
1421
1241
941
1350
975
941
2047
1989
10492
2115
1270
19037
1332
357
1027
1093
678
914
1236
8185
1256
717
1257
280
1955
1224
8547
772
1512
1174
2022
1869
1564
454
415
1482
2464
1255
5373
1045
954
7129
1346
722
2030
1668
5662
1727
7288
9277
2304
429
2098
8016
6254
17014
1873
2512
1535
2660
16567
2629
5046
2226
1760
12955
1523
2544
693
7064
3941
6823
4095
1619
14836
625
6560
18783
2028
5590
1043
8071
868
1227
1628
872
1266
1956
2642
1506
23229
521
11452
1352
1164
2539
753
2076
1580
1016
2104
1267
840
13999
1443
792
2158
1728
4866
8163
1087
1412
959
1092
2756
16010
979
2747
10040
1365
1745
1787
2096
1684
820
1745
1117
5136
1340
2094
926
408
844
1631
2006
533
1251
16354
1910
2543
2034
765
1091
658
8204
1532
1049
3031
1343
4064
1555
483
2121
1117
730
9903
1360
1250
2020
2448
395
936
1503
692
1596
2593
3649
1223
1619
465
2476
1157
2334
9484
7224
1139
1721
2300
4084
11874
2738
17349
803
1548
8144
1670
627
689
1504
3283
1434
627
2219
448
4239
1135
6343
2116
815
804
941
560
821
2360
2216
1406
6382
531
1959
1799
1743
1657
1924
921
1136
1699
839
1821
436
2403
1962
1982
4926
1229
880
1382
1025
1988
1490
1844
264
1969
1697
1244
1781
1912
1692
882
1339
1864
2460
11610
663
1479
1869
676
512
1646
505
9384
1224
7310
1429
2156
5621
2495
23597
1155
494
521
2557
1308
959
892
463
9544
1609
670
14620
2731
19216
1236
1144
4607
515
5288
654
2085
1346
1551
2231
10975
2952
2193
1366
1613
1245
7107
2251
4214
1952
1965
2374
14894
2130
1245
2047
3158
1699
2063
1898
3011
1166
5441
1573
765
1012
837
2050
1837
988
1275
1113
1171
1315
2161
15207
910
806
1836
10279
1659
1002
429
4239
1495
464
1012
1161
1002
6298
6987
782
1479
1020
8567
3314
4682
1259
39571
1264
1557
1548
1953
1033
1767
16504
671
723
1511
1283
8014
1680
5669
1482
1126
1616
1215
3229
12438
5328
1517
881
1536
503
1528
1432
2197
1318
10045
8114
2007
8217
1875
1504
11208
901
1503
2377
2133
3562
9133
5772
1209
802
3894
674
1780
2038
5442
6276
5234
684
2028
1379
21916
2406
24511
982
2996
880
1044
1950
3042
3613
4218
992
1508
1210
8641
7757
1113
1296
9225
2468
1386
693
1201
1521
1103
3202
1504
1081
3675
1061
1072
903
15969
1914
1509
1141
917
7017
1299
6257
1307
1728
893
2422
1643
1624
2275
1510
1672
1855
8983
1218
2694
1006
816
668
1487
988
1368
1806
976
6087
2015
5705
1300
7901
3305
12139
1771
9569
811
1513
1621
570
570
1432
858
1798
2110
1152
1005
1796
11890
28161
907
3003
1525
573
853
2017
1803
2073
1204
1604
895
895
1752
4991
1921
927
344
848
590
699
1575
9723
11428
6534
998
1493
1104
1633
1162
598
1175
5280
1791
9982
1633
789
575
2546
1381
6780
1612
1744
1982
4412
10776
1600
1018
1668
416
27119
7383
1592
6256
1847
854
1886
286
8378
880
5691
1860
620
1498
2007
3739
15813
2049
1384
1524
1781
1061
876
753
1272
662
1828
5467
2155
839
4058
1895
1117
817
1538
763
7562
1064
2326
2322
1406
675
964
8011
1591
1478
1000
1281
1410
2607
7661
1485
1925
12073
792
524
1798
802
7698
557
3401
1251
6846
2397
18664
3156
9492
1176
1630
1464
1297
17639
763
3539
5000
1116
5927
2847
2069
1723
1447
1348
5921
1381
25250
1320
1198
444
1164
1224
922
1174
1377
1056
1999
1881
1439
12635
1301
14113
918
3253
3403
2004
9954
7191
1990
1581
1250
1909
1079
451
1949
1435
816
926
1764
1373
2497
4103
2476
9935
864
1585
1646
1256
1484
843
952
14999
1033
2659
898
1871
2222
3105
1653
4916
2187
2714
1741
11191
736
5002
913
3351
1829
15486
2179
6739
1336
2474
1008
2367
5188
883
1433
2642
1184
2019
915
1140
1493
1904
2439
1475
1306
1772
1327
1911
483
1227
1386
1707
1206
1275
4467
1286
817
736
6317
823
741
933
1211
1552
406
8119
22682
5056
1800
16267
27061
1867
621
2300
1071
1158
3850
3673
1559
943
24035
18039
972
1002
1578
3135
718
1598
2137
1131
1529
1532
403
1534
3863
786
1303
3670
1473
456
7101
1130
1668
3917
901
13300
2141
2735
5107
736
1036
1262
1546
1806
996
762
2140
946
13476
20016
2036
3959
1735
1655
570
942
1953
1264
2841
1458
1238
1485
1312
2622
1058
5020
5408
5027
1266
1693
393
1216
2232
7486
1794
1638
324
522
1131
4704
607
2411
7753
1775
2364
672
3560
1227
1688
814
4326
919
809
1080
1116
960
1625
1271
2568
420
715
22181
870
1343
1187
5634
1999
557
1346
1100
803
573
1339
1604
1950
833
1122
2096
1507
473
16965
1364
2439
1694
2127
1269
1759
3777
3507
1681
723
1992
1385
2230
6046
1101
9958
3632
1653
2008
1360
997
2683
1505
1723
767
1069
1107
328
1238
5436
7534
4982
1460
1168
13670
739
1291
25721
842
1315
1700
542
546
18510
1964
1615
723
1170
17106
871
1585
1078
12484
1394
1095
6141
1531
302
1798
1202
8660
2103
2585
1430
1160
13581
1221
558
1100
2651
648
424
1078
1332
7221
1062
11705
1928
2357
1166
1793
1507
8688
1586
1156
1198
1065
285
1880
1579
2016
1972
1410
4783
1599
1929
4684
1892
6755
1659
829
806
1503
905
2997
1234
4768
917
667
1397
4950
6278
1274
2334
1849
720
4297
1578
1921
3562
2082
1443
1754
1868
8706
1438
3319
2490
2646
1393
1895
1025
2012
1293
1560
999
1429
3720
2100
2029
2101
748
1180
1666
1241
5403
1317
694
2201
1675
836
903
1625
2305
1435
4661
1121
2049
632
432
1817
1878
2171
1068
922
12976
4069
1366
3804
47672
1787
21177
7213
1273
744
5849
7445
3155
1220
712
1969
3910
2876
10786
4562
1512
737
453
1519
1726
826
1710
1101
1905
38859
1163
1497
2268
855
1460
1056
4858
1292
14505
5337
12996
2292
1540
3245
2964
6894
1255
1817
1597
1207
2166
839
2457
1775
1414
712
1931
1888
798
391
935
5802
7043
1185
802
876
1947
1760
1873
923
1393
16165
1376
674
14081
1771
1120
3523
1999
636
4053
618
1473
6329
1545
693
502
1817
1616
1179
389
765
3848
996
1965
11967
20340
533
8623
753
908
1245
664
1346
1456
2309
1882
583
1228
7155
706
1440
2853
1720
5182
2121
1848
614
14139
807
1742
1583
1452
889
1804
670
2050
2359
1412
1013
2242
645
1630
1413
1409
10252
618
1610
826
491
2006
1648
1070
5561
1834
1525
5125
3828
3215
1467
2675
7550
983
17362
1330
709
496
935
1444
14228
1435
1982
725
6275
2370
7795
5304
1814
1610
16019
1156
11219
2331
1548
976
1214
7060
5997
2025
878
1536
4234
1593
1192
2432
6389
4875
1608
803
600
6412
3968
1425
1688
1700
1931
814
2157
5794
515
1909
1639
1286
951
1811
646
975
1608
1491
1860
1403
1510
9649
1506
1124
10318
1006
6462
3049
1218
4921
2261
770
2977
1108
1346
1486
1628
1177
6443
725
1561
14119
1320
2088
2606
1368
3723
5467
2167
1312
4725
534
783
2040
1337
820
652
1322
3231
20028
686
1581
1966
1061
842
295
1425
1442
3451
2017
2046
1298
1005
3069
351
14276
2009
2324
3574
1744
1431
2311
1887
1368
1619
6827
2702
1576
2038
2889
10845
777
3028
670
4322
1887
9612
1181
461
1421
1263
895
361
10219
15445
19415
2051
900
1475
630
1626
4920
504
765
6194
14779
524
13244
2080
608
1128
1604
1767
932
2868
1193
1215
6691
2260
540
708
2367
16071
1098
16347
2278
11561
535
4199
2487
2055
1078
818
1974
1480
1358
1001
2851
2787
1225
600
1379
1022
1556
4175
1769
866
1051
39072
1664
14860
1597
25046
7439
1054
5387
1984
1238
2844
4534
874
3364
2322
414
4704
1201
1310
1527
1484
557
5802
792
1505
1792
1440
2130
998
977
870
1654
1637
2011
12396
607
1173
799
1771
22860
1567
1720
355
5541
552
1705
1794
2498
8052
1852
12847
15082
995
1759
1128
1047
1776
846
2018
873
10291
312
1019
1679
1267
779
1108
1462
1277
2141
7271
5470
1707
4432
1513
1769
1573
561
5370
17177
23129
18254
891
14862
17458
1326
1712
607
1042
1202
1559
1836
3290
4449
5043
717
842
4224
1343
941
1814
978
1399
1464
1041
3633
764
2279
1303
1959
1814
1499
1032
1958
709
852
891
4598
2629
2007
13971
953
1437
1272
1809
6844
12589
2359
2127
1852
2677
11786
1732
777
1754
1704
1310
2075
12557
1501
9856
1782
1517
523
1188
2123
1052
1297
1564
1370
1121
1350
2904
1560
2065
14725
1249
587
1587
802
1700
1367
580
9191
1443
1546
779
2088
5249
4505
867
1423
1683
1072
4684
24867
806
2339
1345
1584
5515
4220
7216
988
1982
850
659
1633
10106
21920
492
1177
1184
2060
2178
1063
2071
1399
1887
1680
4238
1752
1646
715
801
270
536
9569
992
2357
1566
1078
953
3100
901
7342
1352
3901
1287
8178
2526
1336
5196
17553
20844
832
5814
8527
1235
1468
1605
1009
1649
3057
4337
1356
1204
890
13929
19653
1668
4759
2308
2085
8494
1472
618
4402
3214
3130
2091
570
2055
6368
11249
942
1715
632
18179
1927
2145
1358
1251
996
2341
1379
12774
1019
2899
19649
1415
960
2856
1731
1922
1388
734
1901
1671
2360
1614
19028
2241
981
1366
9913
1479
1014
1814
13559
6844
5663
1297
827
809
676
3812
1060
6629
1128
1807
972
7961
8681
1428
2272
1019
1327
768
3295
14036
1205
4186
610
1316
4995
11289
1286
1643
1233
11924
915
1522
1780
1106
1124
5477
1478
729
1065
500
1995
1703
551
8314
530
872
1058
2440
1161
2636
8714
3038
1632
3013
2881
2861
10079
1599
1581
1499
13580
2098
1080
1958
5588
1486
1402
12827
1875
1427
1874
628
3460
5111
2022
2338
1698
7955
1310
8433
925
6402
1007
753
1136
919
1730
4186
2129
623
1624
3053
1917
918
1058
1874
1487
648
1587
1513
1656
1098
1502
1675
1719
816
1300
1007
2149
9791
6707
1409
720
4452
1809
1189
648
5361
2070
8861
1940
1637
2458
17161
3161
1959
1144
892
2656
3891
16831
1632
1814
14635
849
1456
18301
1884
1857
1233
1557
1857
1418
13956
1499
1304
1567
1202
1849
3300
18236
1352
1993
1569
13042
851
7104
874
714
3842
3472
2098
812
1171
9834
1869
9380
866
2035
1670
2197
10385
1971
593
1173
2408
867
1413
1338
1123
1988
1772
1363
1173
15313
1297
1072
19921
1374
8665
2705
1450
645
1256
2108
9531
7210
29168
3326
1885
1314
2438
673
655
1582
7567
1813
1694
9415
8830
938
1418
6657
4100
1758
4526
1330
1888
2027
363
26760
2019
2807
1653
1606
2536
4985
1999
1207
1594
1307
1710
1233
1464
990
660
690
24191
5226
432
1674
736
1543
13073
1848
653
11726
7280
1158
2367
1942
5233
4544
2310
1883
710
1697
1708
1681
2664
1423
8303
1222
1405
1803
1396
2299
11085
2198
7216
1795
1516
5095
1278
1715
670
1847
2139
10252
4171
4280
1158
3892
930
1440
1147
1358
3730
2788
982
1644
928
1378
1497
1892
15765
1306
1133
1288
1223
1085
1762
951
1445
2057
4405
1495
1174
1260
4341
579
1209
951
1811
1629
6372
6135
22118
1388
2492
10204
2048
1414
6226
630
1129
957
753
1829
739
1237
4524
810
1167
1680
1258
1450
583
18080
4235
1759
1471
11808
2556
15323
2131
1447
8050
857
1172
5821
870
8713
6142
1484
667
957
1810
4551
1416
2038
896
976
834
1935
6393
1259
2128
1556
653
1893
5073
517
1777
1858
839
1641
473
2156
3276
7141
845
820
1321
1119
7886
2222
2087
3548
1834
3470
7805
1655
2234
1948
1500
1858
850
1548
1164
1325
3661
430
1541
1058
6024
588
2284
2075
1051
945
5041
1094
11584
1628
1709
1297
1349
5448
303
10584
989
533
12903
13520
12374
1641
896
952
5980
2717
1385
809
1592
1751
1523
1886
4235
1459
2203
1414
1341
520
9901
1959
1327
4838
1903
936
1561
5416
1305
1373
8570
3255
1665
711
6480
1836
1164
1234
1896
1318
6794
3355
2951
1628
1686
1792
921
776
7949
929
2896
1684
9283
1150
1190
4262
1300
1669
1741
1127
5489
1940
1481
7990
7390
1409
1388
1010
1209
1797
9259
1462
652
761
826
1664
1223
2351
1621
4666
5172
1507
474
2030
935
1539
1192
836
4921
1945
670
1013
1641
2052
1396
2664
738
2080
1600
358
5490
15914
1732
2156
2778
1792
2547
1668
1619
1542
3041
1571
2130
9907
1603
993
2235
688
1418
1848
967
665
2233
1593
1424
1317
3513
588
686
1761
1113
998
1061
3979
6018
1137
1114
456
1217
2052
388
1187
8183
1587
792
5531
17829
7508
5468
853
1350
705
8344
3322
1527
1810
2071
14432
2303
1691
10480
2433
629
2239
24651
583
8260
447
1226
768
1078
1859
936
3487
1718
1339
2902
1261
8748
2424
1537
2201
1488
26879
848
1783
1633
943
2132
1781
1073
16477
2518
3379
1252
2316
14251
1736
1163
1699
7740
5584
7028
965
2277
1159
1675
1837
1441
1264
2961
4273
3305
1222
1888
9700
1693
2100
18970
975
596
776
13196
1163
2107
3019
1865
5384
2986
360
6459
1053
1213
12134
2301
462
4452
3839
1758
724
10998
515
1923
13706
5987
1600
2028
12911
16640
1524
1317
2699
1940
1171
2919
1533
1555
573
1052
2383
1168
1804
4764
11252
955
1448
757
9396
505
1295
4923
9604
1077
1393
16806
1468
1160
351
1736
1718
1987
1745
392
5778
1778
987
7025
1751
1195
1483
1204
1206
1515
1605
5383
1218
813
878
4752
989
2504
1063
1482
320
12832
6526
1814
1325
1193
2439
1148
509
3222
1137
2559
1269
1971
1127
2497
4720
658
8983
1648
1109
1185
1080
1741
1264
7137
1015
3035
1871
1218
2186
1151
12809
20835
445
8021
7168
994
13719
1649
1313
10622
1578
6801
8833
494
404
13959
10517
3137
2952
2060
1753
1833
1357
6240
1443
10625
1379
1588
1591
1591
1330
377
3776
1573
543
2878
1045
7285
1512
6865
1561
1321
1542
1548
8154
706
3413
16929
2299
3258
5983
1389
5819
1367
841
1488
3274
1489
17372
1801
4195
591
8687
895
1056
5445
787
1671
1311
1444
1163
5682
1365
2212
1184
3546
21694
2357
4507
1249
1873
6322
1192
1684
942
1091
1179
7483
1350
8030
21146
638
5376
3860
2537
1573
993
587
1205
1119
2365
2009
1251
9657
1970
13347
1520
1473
6373
10962
6046
7367
1446
2339
6918
3172
1934
2994
2140
1639
7464
801
6510
1348
1319
22729
1447
1659
2136
883
2080
1262
3845
475
8193
238
7678
1719
1132
1845
4163
989
660
501
969
3088
11428
1864
936
2998
1013
2049
2240
1579
1549
1722
943
1121
1786
1224
2197
988
2039
13448
708
10101
849
582
920
774
2271
1524
1342
11259
1446
2994
1309
1385
1637
1541
2319
774
2420
14578
1039
1949
18579
1012
1684
1019
1290
5458
29047
2571
16046
2725
1940
22136
1033
894
1151
2516
11406
3150
1722
2194
858
1261
1516
1415
2374
2635
949
1322
928
1209
1000
1096
1803
1536
983
873
1368
1386
13122
17121
779
1682
1459
947
1028
8783
1813
1946
1589
2987
1207
1616
1357
1528
26297
2380
1271
694
1640
1502
1642
8389
5517
1685
2394
8621
1822
900
397
1973
1553
1150
710
1534
1321
1523
824
1544
685
847
1715
2016
2925
1886
8003
1222
1334
913
1450
13418
891
5430
2023
3074
1024
11723
1910
1270
1366
2109
3917
2074
2050
1327
26596
1409
844
3552
579
12513
631
18174
1828
24784
2143
3169
1380
1603
22555
1255
1899
759
5565
2369
1699
1515
1381
273
2314
1313
1096
1885
2671
1462
1407
1170
1338
1444
1189
1323
1506
5228
17259
1590
1314
413
979
2385
1800
2739
2106
1408
8730
1353
1196
646
6425
534
891
1602
1511
1079
1135
1409
3855
1586
5138
1277
1349
8903
1437
2237
910
6361
8251
1276
4890
2162
12230
2829
1163
1710
1281
7604
1384
378
941
2353
2883
4064
2563
1275
657
833
1571
1591
667
1724
1906
2480
1241
10268
1330
2415
1537
2110
549
494
1160
733
3636
1405
1139
2205
1304
35139
1618
2660
1510
669
1818
521
13546
13772
7294
1268
4140
1140
1565
2156
1217
2417
1767
1983
1407
1900
1149
1627
6200
4067
1248
592
1151
2966
3412
1856
1824
7499
1744
1275
2114
8604
1141
3842
1052
6283
1305
6933
422
4262
8313
7302
1040
1842
19973
1794
1992
890
1196
2277
3941
1737
318
745
749
1484
13389
1634
1515
1997
1663
2411
1374
1527
4396
4015
1654
1450
4091
2164
1563
1195
1470
2114
1802
3253
1839
1587
1489
2069
1247
987
1269
5221
1013
956
708
18410
631
5790
1216
1270
1380
1080
8416
5103
1027
1189
5606
1281
5408
1672
3945
4072
1572
1152
2649
1014
991
890
3995
1383
1102
2983
816
4636
2767
1547
2345
1163
3255
1522
2626
1090
1614
1120
1785
4844
13436
2267
1322
516
31616
1494
1581
1816
10685
1769
413
1088
4326
889
1738
10744
7741
7802
1188
1819
4729
904
1599
550
1552
2210
1403
15238
1778
1138
9480
1418
8594
794
1583
838
1306
1782
3848
1514
1219
1498
1331
1910
2059
9360
560
952
11396
1014
1471
2624
2626
1979
1160
779
1938
1002
515
863
6928
1846
974
491
1125
1216
2089
1486
1680
2606
1666
1391
3311
1837
7263
2574
1242
14206
2053
3037
37835
9692
2309
20692
595
1106
1024
1579
9437
6017
503
922
1193
1170
1253
1465
961
1043
9033
5539
2075
2472
1184
2556
1787
13599
5035
1251
1703
9559
3485
2646
1329
1099
1737
1943
1196
1645
510
1615
1564
1813
2358
1712
2037
3242
733
1047
2309
1664
1530
10240
1055
1618
1177
23306
1732
15176
758
1491
10320
1798
902
1037
1781
707
1117
2287
4747
2043
3634
411
4364
657
1197
6948
1014
1384
1124
1998
1503
323
628
3364
426
1303
1295
1541
1365
815
1396
1572
4150
14774
1668
1018
466
486
755
1295
11665
1466
692
1018
1922
3725
1300
12308
1174
1283
10275
19509
14907
1006
8536
1173
4899
1534
1201
1405
795
4876
730
693
845
1300
883
1485
547
1493
1419
2113
2087
1680
1124
5610
1257
6901
1701
1330
1343
1359
5179
8366
3308
1855
1117
1621
15405
14424
2866
1785
1527
2310
13231
1700
879
4217
1256
2361
961
11289
879
10598
3945
12825
670
1467
1546
830
9521
588
6737
18673
1294
10125
931
1508
1170
1381
7771
2530
2559
1308
1844
588
1505
6634
3813
886
1368
1099
2830
1622
981
3695
978
8818
1485
1753
6997
835
1147
857
1921
1207
1675
841
764
901
1366
1443
1931
3942
652
641
426
1271
751
3144
14440
3198
12715
1517
1515
1599
2676
1150
2017
1721
12768
5340
1824
1453
437
2297
9159
2411
3296
484
1049
2354
16554
7904
5616
1771
1897
10726
636
10673
6126
1164
1386
2267
1446
2151
512
4174
5736
1118
20199
975
1524
11854
1425
892
613
17827
1141
13637
1471
2322
1817
1967
1405
805
1323
1973
1273
1772
532
1961
11423
1368
8296
719
1245
1100
2918
1570
2267
2671
1400
1706
1064
10926
4715
749
461
494
558
1698
1239
1058
3068
1927
1949
1002
1337
1943
3807
1439
863
881
734
9902
6682
8945
3664
650
2377
7291
1228
7135
2403
732
8935
3255
3114
706
1533
1468
6205
2123
13026
22801
5154
6633
1205
8350
12949
2546
9404
1193
2831
1358
15238
1000
1898
1703
1246
632
951
6524
1948
3489
776
10684
1198
1301
601
1560
1117
11363
701
531
609
2093
3064
11930
1780
1529
908
783
2275
2518
1155
1384
9043
1790
1404
1445
3696
22331
2798
1567
1819
1550
3202
916
5359
2080
606
8789
44585
5970
28654
7938
1630
1065
1201
1393
1136
1895
3576
1518
13194
603
1545
4280
394
1461
4043
2491
2100
1060
6874
6558
2920
1885
1527
491
18571
1670
2115
4259
2024
1365
7940
1525
1639
5886
10590
570
10660
4575
1539
2857
1164
1170
1991
336
1042
8149
4710
10221
1138
4438
11749
1098
1778
2070
2005
1116
10297
1276
8614
6907
835
16028
1212
1680
5640
1360
947
1335
996
4683
1063
2355
536
2321
901
1565
8598
8860
2454
1044
1570
525
2264
1518
1782
497
2027
11516
1625
1853
11181
1327
10459
2431
2094
725
845
1393
4694
373
1301
5552
2113
778
1545
1302
1932
1099
3714
1900
2492
4675
722
1879
1582
932
12652
1063
691
894
5427
1394
1494
1894
1480
18772
1002
859
1159
976
876
2386
3184
812
400
1068
932
12291
2204
1272
1659
592
2140
7300
1472
1180
6279
1735
12395
5743
802
10154
1485
491
4477
2898
6708
1395
9872
1447
877
7170
5557
5394
1628
1718
6790
1012
827
1194
1783
825
2166
1381
2244
1575
1723
994
1486
4003
2654
2623
1374
6341
1040
1296
6719
1263
1287
1036
2692
1717
1640
3370
2014
733
4811
20048
15385
19490
3230
554
1947
719
18765
4069
6451
1768
15847
1335
9138
1674
2027
943
1225
1211
1316
509
1942
1762
3409
8375
6743
1487
2659
994
15219
1968
4034
1322
1924
1922
2558
1335
2109
5505
9507
941
2087
1709
991
7357
1566
945
5089
1180
626
1125
728
405
995
1426
965
2860
20773
1591
7157
1785
7110
1312
1070
18505
650
9410
2281
2712
1992
1971
1992
1433
943
7135
1972
8925
910
476
1078
381
7999
1104
5365
3560
1096
1865
1298
2442
4634
8409
26769
2128
1857
379
1161
1085
1214
2049
593
1801
691
1774
953
1236
2340
1825
1826
1981
1202
2731
1025
2633
1938
8382
1524
1707
991
1269
810
1024
4181
7291
726
2021
1065
554
1352
5454
1733
1827
826
940
1289
2278
2884
835
686
1321
471
2107
1283
12305
1483
1374
7426
792
1345
1242
1127
1002
11059
969
1529
1097
720
788
1570
1178
924
771
599
1046
528
2401
9829
1662
1796
906
3488
18598
615
1959
1705
3717
2008
1750
3061
1393
11681
9326
637
5259
982
1657
7411
610
1971
930
1316
704
9145
1501
16824
15388
2941
1842
2827
1360
1531
1930
13564
538
1241
635
2300
1164
1207
2184
3747
1126
11740
1538
2832
1538
1589
734
1494
1367
1817
1111
10846
1667
2154
1568
1667
2008
924
4430
16113
3019
718
1309
1219
898
2336
2619
904
4094
595
6364
1627
2156
1483
1090
695
890
12790
1529
3235
1934
603
1625
5670
2169
7399
913
1867
9351
2082
6114
841
1624
7118
1695
4930
1223
1576
1393
4487
1180
3024
854
890
2162
1716
869
2621
422
2010
5137
1760
1545
993
14449
1051
1528
2184
1642
21685
2290
449
439
1955
924
10744
859
991
635
1236
826
1343
2194
1083
1049
750
1677
852
1136
13439
1184
2018
2418
520
743
3797
5639
1519
6602
1030
1549
2206
2241
5305
1128
521
1953
1217
979
1111
1671
2791
1123
1810
2138
1460
1665
23843
3174
2387
949
1332
327
1098
951
1090
1498
1415
1115
1954
1045
1609
351
808
7706
1974
837
2046
1182
1576
1202
5681
1136
458
1086
1166
2055
974
1929
1382
987
1227
1326
1576
1439
1382
2419
1163
8388
969
1032
757
1436
4262
851
1471
898
1092
1824
1561
545
2346
1971
3768
423
473
7900
1847
1033
1481
1060
1625
1052
1751
1973
1194
6627
1868
1129
1424
2264
539
22369
273
2280
1605
1591
1177
6304
768
2301
1902
2774
13456
6153
1909
1186
4445
1778
826
4273
837
1650
1543
1511
2511
898
1226
1259
7024
1187
1383
1920
15908
1552
4290
1586
910
642
1966
1312
1540
466
1282
3800
1249
318
1460
1692
1228
1510
1539
962
6184
6710
1039
1553
1928
1173
2455
1452
2382
1858
1212
1290
554
764
1282
911
8711
18009
2719
1239
2662
5347
855
1147
926
537
870
8075
666
5667
1644
1101
1530
15666
1545
2048
1762
2174
872
8497
753
1418
464
883
1974
1037
8779
2345
5644
1677
801
3292
1013
5295
5170
9509
1343
2973
1638
11602
1343
1370
1597
4856
3110
1232
1143
15026
2303
838
8882
11488
10167
6068
9726
1139
1664
438
1080
1888
1202
676
2044
1170
1354
1766
7097
1796
1409
10694
1738
1158
1777
6524
2054
830
1508
907
1614
998
2956
758
2000
1112
9526
9444
752
901
32654
1002
927
1403
1145
1325
351
8319
4021
686
607
1317
1669
1027
954
938
1742
19879
1180
2614
1354
948
6790
1122
1489
3659
1113
1832
16566
6437
8101
1323
2273
1297
24501
1191
938
1263
1697
1043
1596
1427
3385
614
1397
5735
5143
1062
4950
1172
5450
642
1783
950
2186
1494
479
777
19728
1825
1144
1384
1824
1051
728
1048
832
1338
3106
1201
16910
12645
1973
1136
4900
3675
1445
1999
1574
2129
1313
1043
1040
2955
6773
2336
1284
16164
1059
15395
7940
4490
1975
6143
1165
501
1729
3201
2804
3125
2535
353
8966
31522
1769
4131
6518
2185
687
1359
741
5174
1075
4561
2196
18199
1190
1201
1436
2107
691
13760
1363
1611
971
1608
2132
7102
7275
1141
572
1279
1254
542
534
1912
1417
2167
6719
937
5970
1867
6038
838
26605
386
2015
1254
4712
1518
4785
1717
1816
1556
4199
5254
1629
853
1335
1584
1100
1373
1519
1749
1308
1829
2196
2604
2043
1452
8025
3057
5245
842
5347
1978
1019
1426
14361
2594
647
2154
2119
1672
1773
2151
969
1706
7217
1013
1503
7077
1004
1653
1592
902
526
1469
1702
1293
571
3758
834
2791
1377
341
701
1896
6743
7383
19509
1770
3614
2220
563
448
3029
911
1701
1578
792
1357
3649
7697
2243
2354
1758
1644
1346
794
489
1997
17235
1069
722
12328
2502
1176
1547
1403
4099
649
2241
31195
7832
715
2757
14393
1682
1226
2412
1485
1226
1595
1419
1047
7735
9685
657
1987
2296
15472
14887
1784
1491
8331
4400
364
826
1948
921
1225
1290
1795
1723
748
2415
1518
4014
7591
18076
588
1349
3606
6660
6702
1975
1033
9474
1003
1999
578
1441
925
3614
5617
3050
20207
1279
1317
1110
9109
7762
804
1734
1169
2563
2525
5478
7512
1698
844
1865
712
1345
529
6358
1951
5403
590
1920
13559
1361
1781
5965
4528
966
1133
1318
1319
5977
1535
1093
815
1543
1828
1313
2274
1048
1218
1917
6111
902
1621
17933
1593
1505
615
1551
4241
2137
1610
1184
3393
4383
1121
1089
1222
21664
1993
2163
5022
1023
1756
986
996
14114
297
1842
1539
4867
403
1295
1514
2080
987
2138
1514
12025
6250
1320
2172
911
815
27658
1499
1937
1869
1115
1472
1461
39577
846
1016
1628
1947
2147
1239
5467
2515
1369
1605
671
806
1215
1291
5982
5435
1876
1902
1259
1080
3042
15741
599
1142
11407
6589
2150
5776
1769
1292
803
9095
1697
2174
546
1340
3555
1923
1023
359
957
1546
819
715
1027
2176
2663
2754
1399
2151
1358
1595
924
928
1288
1030
546
14477
9074
817
851
887
1251
2925
12231
970
460
1069
1549
2018
1096
1553
1124
729
1093
1394
2226
641
1893
5087
6149
11220
1784
798
2143
1782
1887
2004
346
3374
353
5798
7842
1502
2090
1663
1635
1312
1002
472
1414
1177
499
2215
22357
2419
5724
1448
709
1291
9649
1563
1396
2314
8793
1939
9615
728
621
6786
1723
870
973
1136
1000
2103
1085
1457
1038
3007
3828
2821
1832
1051
2473
579
14613
4799
1002
2507
946
4111
3417
1644
2104
1839
1730
2898
8146
4905
6699
848
1461
1294
7708
1468
1225
6348
9070
4379
1522
1392
872
1431
1075
1519
1273
1322
2053
2165
1277
2070
10249
3258
4964
2993
955
1666
986
1088
2361
1448
744
1429
1521
1485
371
1455
7360
1984
904
1923
4438
2738
1801
8682
15770
1735
5301
2967
1935
3302
726
1061
1825
1075
1503
29248
1573
1149
2126
1937
2246
1287
1138
931
653
682
943
1173
1535
2230
847
2539
2115
3222
599
1831
4258
8736
10801
2979
887
812
6507
1399
8246
1802
1230
27590
1709
1816
1455
1579
4808
11351
597
1011
1534
1490
1700
2491
1193
1804
1700
4364
9251
1123
918
2039
1267
3157
1513
9611
1738
5689
924
555
3607
1802
862
662
458
13299
2022
814
1901
1327
2031
4023
1191
1368
501
2041
697
835
4831
2161
1647
5853
2406
3052
9051
3961
1083
990
1075
950
1352
3493
2025
6257
2045
854
9227
754
551
4631
3393
9589
3331
13257
3632
2091
1887
563
5292
2969
1718
1070
1728
1564
1364
8715
1949
1566
572
10550
11677
5326
948
1814
12289
2221
3439
1966
12033
1387
442
7329
198
1029
318
1322
4776
4129
989
3414
2725
3167
711
1146
1700
908
8971
2488
14622
2841
1425
2411
15771
872
34102
1360
1316
731
1585
6278
4168
1263
4141
14275
2202
4851
2783
1917
6456
6559
716
8318
3111
3743
926
1289
2014
4894
5228
1615
1064
1016
1573
1041
1219
1989
14180
1426
7329
1684
1274
1702
2129
391
3653
1808
1691
1603
11024
2647
3392
643
424
9470
895
1907
5138
7224
1575
1884
2237
473
2399
2024
6668
1621
628
1769
1268
783
1033
5503
2243
1997
3380
1926
24636
1672
451
2340
7251
1169
2363
7154
2065
5457
1976
680
10719
1286
948
3089
375
1174
4148
1177
724
680
713
3627
1453
705
5884
1523
2385
1135
1747
944
1371
1160
945
2397
21487
11329
28835
1968
1781
942
1475
593
497
1367
10741
1903
4480
1015
1645
592
2987
1358
23804
676
8122
1233
889
850
1707
974
3428
2618
1083
721
1055
2671
475
4465
1340
2343
34626
1559
1298
2235
4726
887
9698
6884
3179
1781
1464
4039
3394
1910
1484
621
1106
4870
967
1119
1990
18310
1632
2105
504
466
1252
1152
1064
2026
731
992
1008
1249
7030
390
1622
22657
1054
882
1133
1547
887
1423
2481
624
12301
490
2347
2427
647
1570
1149
7264
1518
1773
1021
4729
1711
3327
1061
4145
1559
1048
1893
1596
2440
1191
791
1474
1271
1372
3212
1753
18488
1260
8491
1020
510
5005
1811
3068
1022
1184
7615
912
1568
7009
1206
1320
2148
635
1109
751
1544
6315
2236
1844
1533
1495
2947
7042
933
775
1204
413
1746
2220
981
1100
1051
6721
1671
373
1538
1194
846
6531
1838
22262
1542
1552
1702
1433
1199
5783
2413
2845
1537
3523
6134
1226
1730
1698
7226
1445
1322
2630
6596
868
889
13661
1722
810
1525
1033
5897
1313
1881
1324
1655
6470
1721
2912
9950
1001
2055
829
1079
11475
562
329
589
1272
816
980
470
353
779
2271
1938
1997
5458
2561
1125
1357
1296
806
861
1099
587
694
1391
2608
5006
729
677
1960
943
647
1281
10523
3183
1042
3582
1492
562
2158
1944
1147
9490
1406
1809
1072
1257
6874
788
477
1726
1959
7832
927
6160
801
1288
1409
1709
1624
1306
2489
1792
789
1167
1505
608
524
1256
675
892
1023
2231
4292
6809
2230
2006
1180
1467
1525
3664
2304
11524
1725
923
391
2439
7405
1069
3100
1343
1628
1166
1434
3060
1471
1283
1033
1230
702
6329
916
2859
1902
1567
642
722
718
8670
1300
1669
899
1631
763
17964
492
1658
1026
5202
2022
1627
634
641
1210
872
741
785
6666
3074
1182
2507
621
1791
2175
5449
8964
5400
1238
854
745
530
1703
1233
1190
7076
7678
744
1136
2899
1442
546
643
5487
2062
1937
5165
7220
2187
563
1551
1328
1727
1792
984
511
6744
7925
1578
1268
5113
1798
1629
1614
2526
1696
1606
1453
1344
6330
1637
1525
5554
1259
4982
6957
1484
536
6614
413
6542
1005
916
2265
1115
708
1303
1551
1663
1028
2368
1800
15737
2549
1664
999
2264
1094
3172
5617
1428
11846
2550
1749
1785
1422
2349
9707
19499
1087
778
584
679
1447
402
498
378
1095
1345
534
9614
1604
538
1140
973
2725
2325
1025
1525
1359
5209
9194
2069
809
1707
8827
800
8954
10588
6961
1912
2470
1659
1510
463
1151
7382
597
7933
1636
2143
500
988
1661
1556
2459
1609
1646
1869
2116
1250
13810
1312
646
1246
1797
1394
1780
835
1108
1217
2213
740
7162
1016
1417
17127
4861
760
1591
4416
1620
5976
1286
1420
10300
2997
1984
1591
11017
1232
1138
15493
723
1771
1205
1867
17018
5421
1167
2657
1525
1733
971
7158
989
10070
412
7448
7662
13009
2165
1029
1122
1290
4770
3038
1334
979
6924
4340
1594
1496
4931
1394
534
1303
837
1878
1503
2600
1935
1382
2148
1393
1116
2161
3982
416
2170
5077
1284
2162
7201
655
679
781
2497
856
803
2926
1599
913
1287
1632
5246
784
1380
3134
675
8564
1436
1698
1975
8267
8847
8260
626
3250
1803
2182
793
2436
7548
1523
16218
16629
834
6070
410
780
1994
1263
2353
2652
6985
1694
1238
6587
5451
667
2399
1468
2964
1749
3275
4626
1102
977
5914
3744
4021
14617
6838
1821
7475
8705
1290
2776
1399
1343
612
1405
819
4711
819
868
1084
1553
1175
8935
8712
650
7910
18405
1944
1971
950
2132
1693
1307
956
11138
991
1737
4615
1259
1494
11476
1537
689
5287
1507
1206
322
3869
1710
15683
2124
768
1919
3364
1156
2139
18404
9612
1871
3850
1779
2318
1149
18989
12065
1159
3245
24360
632
1328
659
4152
1337
1398
739
1423
1935
890
1893
1122
829
5993
3175
20066
1183
1569
972
800
711
410
1272
3595
18061
2051
10317
2105
2456
3072
820
532
740
1724
1176
1027
1033
1968
1912
2754
1580
717
2131
1333
2401
1937
570
10536
1902
17046
1964
1355
14316
1056
608
1589
2757
2016
576
1130
9734
1396
14701
723
1935
12793
20901
1747
7187
618
818
315
30298
757
492
7844
525
2315
626
1045
3027
2125
9927
992
1276
718
1182
5006
1541
2025
2068
1954
1886
1132
1911
1318
503
1736
5331
1485
1360
1353
1350
2915
4472
1567
950
899
6037
2378
6206
932
14629
11447
1414
14164
2051
1039
6745
2695
16379
1007
348
5450
1342
1063
3230
640
19781
14930
15216
523
1470
1631
1848
1630
912
510
692
2049
9969
1100
1516
979
828
1092
1571
3333
1463
14240
6056
4710
7098
3105
610
8017
2241
2239
593
1228
1200
4488
378
7458
3861
1260
2619
1640
580
536
1192
16294
504
1622
926
1882
1588
1560
935
1325
2433
1325
1363
1829
2289
7042
1815
2164
7951
515
914
5338
963
2447
721
1360
1480
1130
6473
756
5341
708
1423
758
889
2268
1015
4479
3916
1455
26038
1291
2190
677
2215
1221
1213
1899
1408
2425
367
1152
1668
695
1044
1371
1115
1872
1201
1155
7771
1717
608
1588
14000
7199
1426
1460
2142
1362
1374
6706
3224
1620
1270
1388
1829
1681
2467
6755
2811
1848
1639
1094
1238
1056
8390
1802
2033
1790
2341
1677
8696
2729
1290
659
898
1975
1169
1871
9489
1889
317
1317
465
1410
1219
10014
2738
1602
4916
578
1185
8378
1601
2248
1561
801
10445
1638
3991
2389
1261
22225
1719
1472
1323
9376
760
431
2442
1230
825
1195
592
2363
576
634
807
4003
879
559
1475
1336
790
1452
1688
1604
1242
10129
1404
1730
13833
4226
1042
1373
1797
1930
430
853
4674
9620
1103
1133
15545
1242
1855
3668
1113
676
1162
1408
1570
7814
1789
421
2376
10565
476
1490
466
3728
2021
612
1405
1344
461
1817
1076
834
1516
805
554
2424
1195
1435
1085
1671
1267
16930
13373
1468
3780
1814
1294
1325
986
714
6337
1304
2988
747
1887
1220
1186
1134
4530
1207
855
730
3802
4852
1821
2437
2208
3413
2043
1196
1925
563
1170
1349
1573
1497
1171
1496
1036
1140
1386
404
584
1444
1327
3475
9582
5155
762
4181
848
10080
9655
1639
418
12168
2094
11369
1395
1261
11097
3422
1116
6737
5245
1939
12639
2213
1644
1984
1695
1357
849
1232
12102
1208
1982
1875
1949
997
1087
2107
7571
4804
1591
2439
791
1143
1397
7648
751
1380
632
1591
1416
3682
812
6796
2628
9837
17412
1634
885
2955
771
947
4125
13349
1106
1870
430
11368
3245
3733
777
1015
1643
14906
584
3755
1573
1433
1481
863
927
2393
1237
2265
2120
906
364
14174
770
1835
656
4726
4296
7092
1756
843
1839
1044
868
866
3786
1605
962
502
3842
2157
1100
1135
3573
2949
818
1387
5824
1291
921
1336
1912
1522
2362
1356
1698
2153
1235
1416
3909
2092
1895
1565
1623
2014
9283
1052
1460
3498
6887
548
4553
1613
1699
1187
2232
1049
1404
1803
847
1909
464
11842
1271
1295
833
4175
7805
8257
1578
1870
10263
851
8749
1463
733
884
1396
1756
1128
917
2211
1660
1606
711
3007
8069
630
1680
3657
890
1587
3402
1267
8887
1593
1765
2220
438
1008
11659
3415
791
1229
1593
1292
2858
303
1456
1503
2044
6485
5064
1602
1628
1301
11367
1467
2258
1124
3115
1683
7013
2329
1823
3796
795
4384
1122
3636
1408
1208
2681
802
7072
705
2759
3621
522
1507
3906
1905
1545
1557
8740
1415
972
1083
1057
1454
1889
1686
1168
3626
825
4718
2126
2262
2010
10896
1561
1863
696
1161
1301
1902
2144
1177
591
1696
801
794
1272
1253
15136
1155
20996
1727
837
11126
1169
996
1133
2106
1117
820
10430
1333
1632
950
1710
1383
1861
1817
1035
1695
2590
1909
3925
1211
951
1151
985
1654
1372
16984
2086
1979
2081
7949
1574
9642
5480
993
1090
547
609
1882
1621
1154
4580
819
1192
19045
2040
4854
983
1465
16935
2454
1591
2313
889
2281
2021
1310
1802
1991
7163
1494
1421
20054
1408
7876
1925
2157
1476
1854
1758
1287
22886
1602
3073
13678
15079
1897
4652
2368
1005
11409
1450
1762
2104
9051
1338
11122
907
4121
274
1843
5846
1667
26976
2460
1183
1477
1451
1492
1093
3983
4433
1174
1725
2029
1429
1103
418
713
1943
1412
5263
1888
2074
1552
2579
508
977
1356
2018
15110
1879
761
14425
1253
1914
1905
423
2084
2182
1903
1266
1231
1013
490
1249
1526
9682
1179
1440
345
2644
416
6039
6708
1763
5438
1486
35226
2208
1073
1587
1252
2945
1568
748
1118
1356
1010
2543
1503
8060
8244
11042
1341
1593
1013
2348
1304
2529
1283
1587
1575
1667
1216
6308
1506
5698
4976
2424
1953
7528
16018
1494
505
8387
1015
1745
8050
1405
1876
11503
1463
1526
1346
6625
2162
1899
10457
5433
6924
7748
1758
2413
1027
1842
1288
1465
956
11719
14080
501
1499
2053
1042
5671
1173
2268
1188
6007
2106
5148
3667
15313
1045
1431
957
1282
1639
4640
8811
1846
1259
4098
1213
1718
11350
586
2702
1124
1731
3259
1531
2001
1343
1755
2557
9169
892
620
742
645
1797
2072
923
2230
1701
5606
822
3182
1247
12231
31670
1005
813
1359
1490
9361
1053
1249
17102
1038
2001
1888
1385
946
1752
10602
1148
1850
1787
10701
4437
10294
7125
4814
1472
6581
2310
1965
1686
705
1081
1923
5584
1224
1800
1668
1365
1587
16412
1668
5722
1606
1514
845
1216
2327
5292
945
1292
1185
4575
1339
643
1211
1291
3493
611
8387
6059
1013
1243
1513
1736
2654
491
11308
7113
1553
912
1203
3997
1480
896
954
1544
1889
6558
4022
3703
6183
959
1834
1637
919
10020
1466
1460
15603
1716
3383
22050
2054
3244
1202
1598
840
926
11641
2789
2049
6548
1318
1414
15503
1068
1031
1599
546
1321
1642
993
12311
1240
253
1893
689
1306
1281
5574
580
2083
1305
1539
661
1550
1645
4696
1957
1691
2395
499
2464
4966
437
1976
7576
441
1580
2381
889
1009
1791
1265
1011
21023
1322
1336
4195
813
2305
1640
4619
898
641
12491
1737
2639
397
11675
2531
549
652
1488
1483
17494
9176
1862
3461
1175
724
2447
1095
1108
4262
2937
636
1342
1115
725
5275
703
2203
1310
7499
669
1220
1945
1083
554
1312
2075
1942
5499
2970
1439
1500
775
777
1189
815
3944
1495
1955
1364
2775
1138
6726
1773
1374
968
18744
4554
379
829
4246
714
1328
8079
1142
1191
597
1440
1117
1133
1843
2361
547
1103
5374
24807
538
1807
919
680
1233
2613
2083
642
1376
1109
1641
1279
2945
1041
977
3524
1719
1330
565
19498
1081
1656
4151
4954
2215
17281
5691
926
442
2002
3756
1795
11185
1310
1246
708
2060
8310
1396
1616
1486
1216
1579
468
804
6315
1343
1571
7842
1754
1700
1439
1599
5061
1219
1158
1479
3162
9322
2253
779
17585
1557
4897
684
1130
1685
1089
6688
25623
1193
1001
1471
2175
6822
9403
593
7441
2480
843
1260
660
978
1849
1939
1845
1298
457
2384
1129
13869
2083
1818
8049
836
1966
848
958
856
6994
2449
737
1902
48146
5309
2603
1411
676
2376
1132
13771
525
1460
2345
1775
1301
380
935
5596
2121
781
1202
1334
983
13471
2422
3948
1249
1525
1855
2034
692
1213
743
1472
1198
444
699
2098
720
13138
10935
918
1157
1748
4305
1296
1056
1303
1089
4308
2638
7262
785
1730
805
2857
1970
1017
5422
2454
1041
1398
1924
11190
1849
1484
979
3541
13498
3920
1307
667
2807
1377
6967
2418
1671
3700
2224
1210
1426
2571
2476
1699
1177
1487
6001
1460
3417
1375
5257
4876
658
654
4460
2150
3966
4503
8567
1345
3901
378
480
2335
6432
1265
464
2191
1808
5055
1206
1666
2257
1081
1107
712
1671
4826
1212
13179
1561
1192
393
2416
1586
6115
2524
686
1919
647
1057
1400
2465
1950
5025
1707
1599
1506
11898
712
11991
1051
1831
1869
973
2184
1613
615
14371
4843
1338
1247
1633
3574
1004
1701
4219
1243
1771
521
1403
1102
2404
2012
1778
1320
1187
1043
2003
1773
8864
5680
9424
1843
872
1831
533
2620
1316
863
783
1687
1108
6117
2411
1732
10148
1042
1542
1512
5936
752
2788
1959
977
17980
1762
1110
2449
1101
566
541
1119
420
1454
908
9892
802
689
1873
6047
1204
1501
5300
2169
13927
1183
1148
1176
10455
9550
1275
2205
3987
486
902
1479
2144
5213
595
841
5370
682
1487
959
673
2350
5096
1925
1083
987
474
1823
1324
1723
1461
2264
759
2013
280
3485
958
1338
1027
5099
1404
12762
1402
733
1180
1207
589
743
1068
333
1687
1321
12063
659
1073
2083
1460
1205
2073
8275
1566
444
1170
2021
4727
667
1087
5076
18368
747
1381
1010
1171
1694
2073
1442
2784
2079
1129
36029
3892
4068
2294
7589
1990
725
627
1285
5856
2343
1998
505
1192
809
1422
1275
1132
704
1152
1689
6681
1530
2596
1763
1291
1201
8373
1607
671
824
554
1065
764
622
906
6966
31195
1420
1344
1313
1575
1511
3987
5481
1621
936
1526
1797
1330
1427
1504
3045
2432
1503
8667
1307
6024
858
10556
981
2751
916
4539
2127
3435
1428
1136
1826
596
1675
5452
2131
8150
968
752
1484
18316
1518
2528
805
1080
1945
2832
1024
2544
1827
1400
1809
1072
3094
7877
3755
1482
1336
1109
2150
1273
1001
5645
1747
818
6108
516
10047
5786
21912
2185
893
2647
5986
1278
1198
1206
650
4679
8099
1148
1586
1134
1165
436
2494
483
1615
4227
8958
47954
1295
1972
1320
1217
1718
571
1434
979
1359
1150
3401
1425
1811
635
2238
599
5474
1426
723
1268
1029
1590
9021
997
583
7244
1111
6450
1059
14388
1036
7817
17647
1135
1524
2188
1187
1101
1559
22700
1339
1471
1613
983
2471
10357
1493
15736
9892
3233
1523
1638
5722
1877
839
1341
8636
1548
795
1446
9591
1196
1208
19248
11310
4284
419
4256
1127
1475
6531
1672
1420
1726
1439
19126
1233
26367
9390
1414
13327
1730
14348
2095
1319
5682
1706
1461
1533
4509
8556
1279
2125
949
697
706
1213
1074
1175
2479
993
854
1371
2012
3855
905
875
843
2639
1644
624
1341
1864
10760
1346
251
1489
1243
2741
4880
10189
1353
2404
13215
1674
1630
1618
1829
1216
1376
1024
1314
11240
1147
3535
1354
756
900
672
1419
2429
1148
957
1168
4036
6315
7601
1237
1805
685
744
1431
965
1751
1592
1822
1080
1478
11107
1035
1338
1925
1052
1370
1053
1715
1593
7465
3614
6288
780
6735
1126
2424
1472
1161
2248
959
6414
1468
4058
1882
5029
7941
1313
1096
3831
4025
593
3405
2158
1073
1593
1605
845
1267
4115
1419
22250
1386
5901
6339
1913
784
1535
1350
1575
2954
12466
712
1523
2246
1986
1186
1656
9507
2204
398
1682
1260
1479
1331
1815
523
2135
1187
1031
5935
1901
1439
6523
668
1308
1005
1813
1169
960
1631
1051
2160
1376
667
1497
442
16105
2009
22151
962
1993
6928
9400
4838
2440
15586
1072
3174
2721
35349
597
1952
783
896
9142
1640
1774
2243
1247
966
918
2431
4737
1760
1648
1104
1265
1526
1756
2237
1145
7300
3476
2191
11695
556
506
2229
1320
1593
1739
14905
478
1626
947
13295
676
727
16571
18534
584
681
6895
607
1620
1868
2148
485
893
5438
594
1167
8378
1663
2389
967
556
2432
2019
1400
556
1767
1765
8428
6336
1505
1692
7156
3434
1226
997
10117
1137
7838
1010
2406
4765
625
1451
414
1116
1704
593
851
1869
1902
1835
1201
4445
523
675
996
14243
6857
3113
1395
14605
18651
790
5025
900
1627
977
928
11647
14736
3011
1886
2606
839
1711
3315
903
1660
907
2407
3536
2667
818
3303
915
1198
850
1301
4742
1968
18569
1864
6094
1189
4292
1030
468
623
1060
1792
606
526
1342
1169
620
795
1122
5710
1239
4553
13323
9315
2532
1691
1050
985
1333
1956
1074
1934
1605
1708
1538
6782
874
15492
925
1736
947
2213
21291
1906
2174
1153
6347
380
825
7997
805
613
1895
1283
1170
3150
1498
5028
1095
768
1547
1324
1800
905
786
1703
838
1515
922
7791
867
1344
11167
4088
7176
1410
1085
1776
4136
2695
902
9315
2985
9877
2597
289
2281
385
14747
1723
8524
3745
1416
1155
1353
1557
1465
700
1507
690
575
2609
1231
1125
1320
1862
1755
461
1453
715
1831
2891
866
1556
1036
1509
897
1593
983
3873
633
38965
1297
6254
895
10080
22251
717
1161
8359
1355
1873
646
1219
2367
930
1628
1587
4563
1243
572
1934
13807
1176
12604
1121
1290
1606
1848
1741
770
933
893
758
1308
4189
677
9688
1319
1646
709
15798
1667
5998
1194
17298
1451
1445
1609
1098
2889
2353
2680
1446
4832
1235
11334
550
5110
4708
10412
1012
6271
1236
1766
2050
1306
833
1630
1361
473
1640
461
1686
970
3250
17261
1589
1484
8540
1236
19650
544
1592
428
1141
793
1809
5976
3843
6446
1404
5160
1130
1865
1642
1697
1321
1457
843
757
625
2631
1234
1199
1361
1594
1155
1226
3975
1147
532
797
2555
1126
756
467
6771
2175
1096
1922
1428
2855
1490
1134
1355
1659
1266
829
5328
1260
1847
645
989
3205
1770
908
1703
1683
13063
1072
2186
6063
1340
1428
620
1943
2013
1154
10979
1941
1311
1623
1169
2542
545
1317
1101
1563
1176
1091
1406
880
903
1536
678
1983
1825
873
3186
458
1262
4799
13011
11705
3468
1289
1772
17933
2436
25081
3528
624
3527
2178
3129
490
8495
5208
1565
1713
6416
2340
726
1802
4369
969
2128
15411
1005
1479
1198
4136
1164
1131
6804
832
6197
9418
1097
1843
11046
4464
1691
3076
21773
7916
4098
1098
1229
2494
